Et√†,Anno,Totale femmine,Totale maschi,Totale
0,2025,246810,260999,507809
1,2025,249223,263865,513088
2,2025,251800,266374,518174
3,2025,253026,268621,521647
4,2025,256435,271475,527910
5,2025,258597,273731,532328
6,2025,261132,276640,537772
7,2025,262291,278178,540469
8,2025,265828,281820,547648
9,2025,268768,285391,554159
10,2025,272667,289329,561996
11,2025,273664,291728,565392
12,2025,277426,293973,571399
13,2025,280360,297513,577873
14,2025,281783,302643,584426
15,2025,282728,307950,590678
16,2025,283653,309621,593274
17,2025,283195,312459,595654
18,2025,303890,319013,622903
19,2025,310624,325200,635824
20,2025,315434,329855,645289
21,2025,324319,333344,657663
22,2025,328302,337213,665515
23,2025,344263,345176,689439
24,2025,347747,350956,698703
25,2025,350753,355878,706631
26,2025,366654,370957,737611
27,2025,373083,376350,749433
28,2025,382640,385184,767824
29,2025,387757,387151,774908
30,2025,391910,392427,784337
31,2025,398800,397063,795863
32,2025,404836,404598,809434
33,2025,411490,406965,818455
34,2025,413409,410060,823469
35,2025,413759,410905,824664
36,2025,417518,414888,832406
37,2025,417799,416374,834173
38,2025,420358,419710,840068
39,2025,430369,424794,855163
40,2025,431828,427589,859417
41,2025,431806,427863,859669
42,2025,431972,427482,859454
43,2025,434881,429582,864463
44,2025,437905,431641,869546
45,2025,439663,432025,871688
46,2025,438797,429836,868633
47,2025,437966,424633,862599
48,2025,429747,419300,849047
49,2025,426067,416346,842413
50,2025,425995,409507,835502
51,2025,415734,397981,813715
52,2025,415905,395461,811366
53,2025,416463,393084,809547
54,2025,416202,391008,807210
55,2025,414288,385727,800015
56,2025,404021,377297,781318
57,2025,395693,370466,766159
58,2025,392358,365520,757878
59,2025,384802,360542,745344
60,2025,375770,353558,729328
61,2025,375258,346710,721968
62,2025,369055,340881,709936
63,2025,367022,336137,703159
64,2025,366022,332694,698716
65,2025,357525,324364,681889
66,2025,352554,320589,673143
67,2025,348767,314578,663345
68,2025,344191,308682,652873
69,2025,339545,300502,640047
70,2025,328770,288350,617120
71,2025,313051,277876,590927
72,2025,306458,270471,576929
73,2025,296186,257701,553887
74,2025,289692,250584,540276
75,2025,287022,240979,528001
76,2025,281396,231286,512682
77,2025,270804,214711,485515
78,2025,266152,203668,469820
79,2025,264652,190383,455035
80,2025,241511,157990,399501
81,2025,234196,145112,379308
82,2025,226482,137703,364185
83,2025,209534,124426,333960
84,2025,193212,103704,296916
85,2025,179378,94044,273422
86,2025,149673,76384,226057
87,2025,145556,68370,213926
88,2025,118298,51862,170160
89,2025,99771,43057,142828
90,2025,87779,34849,122628
91,2025,70578,26473,97051
92,2025,54740,20630,75370
93,2025,45855,15267,61122
94,2025,34866,11178,46044
95,2025,24779,7835,32614
96,2025,18156,5086,23242
97,2025,12743,3059,15802
98,2025,8413,2006,10419
99,2025,5656,1311,6967
100,2025,10840,2160,13000
0,2026,246810,260999,507809
1,2026,249223,263865,513088
2,2026,251800,266374,518174
3,2026,253026,268621,521647
4,2026,256435,271475,527910
5,2026,258597,273731,532328
6,2026,261132,276640,537772
7,2026,262291,278178,540469
8,2026,265828,281820,547648
9,2026,268768,285391,554159
10,2026,272667,289329,561996
11,2026,273664,291728,565392
12,2026,277426,293973,571399
13,2026,280360,297513,577873
14,2026,281783,302643,584426
15,2026,282728,307950,590678
16,2026,283653,309621,593274
17,2026,283195,312459,595654
18,2026,303890,319013,622903
19,2026,310624,325200,635824
20,2026,315434,329855,645289
21,2026,324319,333344,657663
22,2026,328302,337213,665515
23,2026,344263,345176,689439
24,2026,347747,350956,698703
25,2026,350753,355878,706631
26,2026,366654,370957,737611
27,2026,373083,376350,749433
28,2026,382640,385184,767824
29,2026,387757,387151,774908
30,2026,391910,392427,784337
31,2026,398800,397063,795863
32,2026,404836,404598,809434
33,2026,411490,406965,818455
34,2026,413409,410060,823469
35,2026,413759,410905,824664
36,2026,417518,414888,832406
37,2026,417799,416374,834173
38,2026,420358,419710,840068
39,2026,430369,424794,855163
40,2026,431828,427589,859417
41,2026,431806,427863,859669
42,2026,431972,427482,859454
43,2026,434881,429582,864463
44,2026,437905,431641,869546
45,2026,439663,432025,871688
46,2026,438797,429836,868633
47,2026,437966,424633,862599
48,2026,429747,419300,849047
49,2026,426067,416346,842413
50,2026,425995,409507,835502
51,2026,415734,397981,813715
52,2026,415905,395461,811366
53,2026,416463,393084,809547
54,2026,416202,391008,807210
55,2026,414288,385727,800015
56,2026,404021,377297,781318
57,2026,395693,370466,766159
58,2026,392358,365520,757878
59,2026,384802,360542,745344
60,2026,375770,353558,729328
61,2026,375258,346710,721968
62,2026,369055,340881,709936
63,2026,367022,336137,703159
64,2026,366022,332694,698716
65,2026,357525,324364,681889
66,2026,352554,320589,673143
67,2026,348767,314578,663345
68,2026,344191,308682,652873
69,2026,339545,300502,640047
70,2026,328770,288350,617120
71,2026,313051,277876,590927
72,2026,306458,270471,576929
73,2026,296186,257701,553887
74,2026,289692,250584,540276
75,2026,287022,240979,528001
76,2026,281396,231286,512682
77,2026,270804,214711,485515
78,2026,266152,203668,469820
79,2026,264652,190383,455035
80,2026,241511,157990,399501
81,2026,234196,145112,379308
82,2026,226482,137703,364185
83,2026,209534,124426,333960
84,2026,193212,103704,296916
85,2026,179378,94044,273422
86,2026,149673,76384,226057
87,2026,145556,68370,213926
88,2026,118298,51862,170160
89,2026,99771,43057,142828
90,2026,87779,34849,122628
91,2026,70578,26473,97051
92,2026,54740,20630,75370
93,2026,45855,15267,61122
94,2026,34866,11178,46044
95,2026,24779,7835,32614
96,2026,18156,5086,23242
97,2026,12743,3059,15802
98,2026,8413,2006,10419
99,2026,5656,1311,6967
100,2026,10840,2160,13000
0,2027,246810,260999,507809
1,2027,249223,263865,513088
2,2027,251800,266374,518174
3,2027,253026,268621,521647
4,2027,256435,271475,527910
5,2027,258597,273731,532328
6,2027,261132,276640,537772
7,2027,262291,278178,540469
8,2027,265828,281820,547648
9,2027,268768,285391,554159
10,2027,272667,289329,561996
11,2027,273664,291728,565392
12,2027,277426,293973,571399
13,2027,280360,297513,577873
14,2027,281783,302643,584426
15,2027,282728,307950,590678
16,2027,283653,309621,593274
17,2027,283195,312459,595654
18,2027,303890,319013,622903
19,2027,310624,325200,635824
20,2027,315434,329855,645289
21,2027,324319,333344,657663
22,2027,328302,337213,665515
23,2027,344263,345176,689439
24,2027,347747,350956,698703
25,2027,350753,355878,706631
26,2027,366654,370957,737611
27,2027,373083,376350,749433
28,2027,382640,385184,767824
29,2027,387757,387151,774908
30,2027,391910,392427,784337
31,2027,398800,397063,795863
32,2027,404836,404598,809434
33,2027,411490,406965,818455
34,2027,413409,410060,823469
35,2027,413759,410905,824664
36,2027,417518,414888,832406
37,2027,417799,416374,834173
38,2027,420358,419710,840068
39,2027,430369,424794,855163
40,2027,431828,427589,859417
41,2027,431806,427863,859669
42,2027,431972,427482,859454
43,2027,434881,429582,864463
44,2027,437905,431641,869546
45,2027,439663,432025,871688
46,2027,438797,429836,868633
47,2027,437966,424633,862599
48,2027,429747,419300,849047
49,2027,426067,416346,842413
50,2027,425995,409507,835502
51,2027,415734,397981,813715
52,2027,415905,395461,811366
53,2027,416463,393084,809547
54,2027,416202,391008,807210
55,2027,414288,385727,800015
56,2027,404021,377297,781318
57,2027,395693,370466,766159
58,2027,392358,365520,757878
59,2027,384802,360542,745344
60,2027,375770,353558,729328
61,2027,375258,346710,721968
62,2027,369055,340881,709936
63,2027,367022,336137,703159
64,2027,366022,332694,698716
65,2027,357525,324364,681889
66,2027,352554,320589,673143
67,2027,348767,314578,663345
68,2027,344191,308682,652873
69,2027,339545,300502,640047
70,2027,328770,288350,617120
71,2027,313051,277876,590927
72,2027,306458,270471,576929
73,2027,296186,257701,553887
74,2027,289692,250584,540276
75,2027,287022,240979,528001
76,2027,281396,231286,512682
77,2027,270804,214711,485515
78,2027,266152,203668,469820
79,2027,264652,190383,455035
80,2027,241511,157990,399501
81,2027,234196,145112,379308
82,2027,226482,137703,364185
83,2027,209534,124426,333960
84,2027,193212,103704,296916
85,2027,179378,94044,273422
86,2027,149673,76384,226057
87,2027,145556,68370,213926
88,2027,118298,51862,170160
89,2027,99771,43057,142828
90,2027,87779,34849,122628
91,2027,70578,26473,97051
92,2027,54740,20630,75370
93,2027,45855,15267,61122
94,2027,34866,11178,46044
95,2027,24779,7835,32614
96,2027,18156,5086,23242
97,2027,12743,3059,15802
98,2027,8413,2006,10419
99,2027,5656,1311,6967
100,2027,10840,2160,13000
0,2028,246810,260999,507809
1,2028,249223,263865,513088
2,2028,251800,266374,518174
3,2028,253026,268621,521647
4,2028,256435,271475,527910
5,2028,258597,273731,532328
6,2028,261132,276640,537772
7,2028,262291,278178,540469
8,2028,265828,281820,547648
9,2028,268768,285391,554159
10,2028,272667,289329,561996
11,2028,273664,291728,565392
12,2028,277426,293973,571399
13,2028,280360,297513,577873
14,2028,281783,302643,584426
15,2028,282728,307950,590678
16,2028,283653,309621,593274
17,2028,283195,312459,595654
18,2028,303890,319013,622903
19,2028,310624,325200,635824
20,2028,315434,329855,645289
21,2028,324319,333344,657663
22,2028,328302,337213,665515
23,2028,344263,345176,689439
24,2028,347747,350956,698703
25,2028,350753,355878,706631
26,2028,366654,370957,737611
27,2028,373083,376350,749433
28,2028,382640,385184,767824
29,2028,387757,387151,774908
30,2028,391910,392427,784337
31,2028,398800,397063,795863
32,2028,404836,404598,809434
33,2028,411490,406965,818455
34,2028,413409,410060,823469
35,2028,413759,410905,824664
36,2028,417518,414888,832406
37,2028,417799,416374,834173
38,2028,420358,419710,840068
39,2028,430369,424794,855163
40,2028,431828,427589,859417
41,2028,431806,427863,859669
42,2028,431972,427482,859454
43,2028,434881,429582,864463
44,2028,437905,431641,869546
45,2028,439663,432025,871688
46,2028,438797,429836,868633
47,2028,437966,424633,862599
48,2028,429747,419300,849047
49,2028,426067,416346,842413
50,2028,425995,409507,835502
51,2028,415734,397981,813715
52,2028,415905,395461,811366
53,2028,416463,393084,809547
54,2028,416202,391008,807210
55,2028,414288,385727,800015
56,2028,404021,377297,781318
57,2028,395693,370466,766159
58,2028,392358,365520,757878
59,2028,384802,360542,745344
60,2028,375770,353558,729328
61,2028,375258,346710,721968
62,2028,369055,340881,709936
63,2028,367022,336137,703159
64,2028,366022,332694,698716
65,2028,357525,324364,681889
66,2028,352554,320589,673143
67,2028,348767,314578,663345
68,2028,344191,308682,652873
69,2028,339545,300502,640047
70,2028,328770,288350,617120
71,2028,313051,277876,590927
72,2028,306458,270471,576929
73,2028,296186,257701,553887
74,2028,289692,250584,540276
75,2028,287022,240979,528001
76,2028,281396,231286,512682
77,2028,270804,214711,485515
78,2028,266152,203668,469820
79,2028,264652,190383,455035
80,2028,241511,157990,399501
81,2028,234196,145112,379308
82,2028,226482,137703,364185
83,2028,209534,124426,333960
84,2028,193212,103704,296916
85,2028,179378,94044,273422
86,2028,149673,76384,226057
87,2028,145556,68370,213926
88,2028,118298,51862,170160
89,2028,99771,43057,142828
90,2028,87779,34849,122628
91,2028,70578,26473,97051
92,2028,54740,20630,75370
93,2028,45855,15267,61122
94,2028,34866,11178,46044
95,2028,24779,7835,32614
96,2028,18156,5086,23242
97,2028,12743,3059,15802
98,2028,8413,2006,10419
99,2028,5656,1311,6967
100,2028,10840,2160,13000
0,2029,246810,260999,507809
1,2029,249223,263865,513088
2,2029,251800,266374,518174
3,2029,253026,268621,521647
4,2029,256435,271475,527910
5,2029,258597,273731,532328
6,2029,261132,276640,537772
7,2029,262291,278178,540469
8,2029,265828,281820,547648
9,2029,268768,285391,554159
10,2029,272667,289329,561996
11,2029,273664,291728,565392
12,2029,277426,293973,571399
13,2029,280360,297513,577873
14,2029,281783,302643,584426
15,2029,282728,307950,590678
16,2029,283653,309621,593274
17,2029,283195,312459,595654
18,2029,303890,319013,622903
19,2029,310624,325200,635824
20,2029,315434,329855,645289
21,2029,324319,333344,657663
22,2029,328302,337213,665515
23,2029,344263,345176,689439
24,2029,347747,350956,698703
25,2029,350753,355878,706631
26,2029,366654,370957,737611
27,2029,373083,376350,749433
28,2029,382640,385184,767824
29,2029,387757,387151,774908
30,2029,391910,392427,784337
31,2029,398800,397063,795863
32,2029,404836,404598,809434
33,2029,411490,406965,818455
34,2029,413409,410060,823469
35,2029,413759,410905,824664
36,2029,417518,414888,832406
37,2029,417799,416374,834173
38,2029,420358,419710,840068
39,2029,430369,424794,855163
40,2029,431828,427589,859417
41,2029,431806,427863,859669
42,2029,431972,427482,859454
43,2029,434881,429582,864463
44,2029,437905,431641,869546
45,2029,439663,432025,871688
46,2029,438797,429836,868633
47,2029,437966,424633,862599
48,2029,429747,419300,849047
49,2029,426067,416346,842413
50,2029,425995,409507,835502
51,2029,415734,397981,813715
52,2029,415905,395461,811366
53,2029,416463,393084,809547
54,2029,416202,391008,807210
55,2029,414288,385727,800015
56,2029,404021,377297,781318
57,2029,395693,370466,766159
58,2029,392358,365520,757878
59,2029,384802,360542,745344
60,2029,375770,353558,729328
61,2029,375258,346710,721968
62,2029,369055,340881,709936
63,2029,367022,336137,703159
64,2029,366022,332694,698716
65,2029,357525,324364,681889
66,2029,352554,320589,673143
67,2029,348767,314578,663345
68,2029,344191,308682,652873
69,2029,339545,300502,640047
70,2029,328770,288350,617120
71,2029,313051,277876,590927
72,2029,306458,270471,576929
73,2029,296186,257701,553887
74,2029,289692,250584,540276
75,2029,287022,240979,528001
76,2029,281396,231286,512682
77,2029,270804,214711,485515
78,2029,266152,203668,469820
79,2029,264652,190383,455035
80,2029,241511,157990,399501
81,2029,234196,145112,379308
82,2029,226482,137703,364185
83,2029,209534,124426,333960
84,2029,193212,103704,296916
85,2029,179378,94044,273422
86,2029,149673,76384,226057
87,2029,145556,68370,213926
88,2029,118298,51862,170160
89,2029,99771,43057,142828
90,2029,87779,34849,122628
91,2029,70578,26473,97051
92,2029,54740,20630,75370
93,2029,45855,15267,61122
94,2029,34866,11178,46044
95,2029,24779,7835,32614
96,2029,18156,5086,23242
97,2029,12743,3059,15802
98,2029,8413,2006,10419
99,2029,5656,1311,6967
100,2029,10840,2160,13000
0,2030,246810,260999,507809
1,2030,249223,263865,513088
2,2030,251800,266374,518174
3,2030,253026,268621,521647
4,2030,256435,271475,527910
5,2030,258597,273731,532328
6,2030,261132,276640,537772
7,2030,262291,278178,540469
8,2030,265828,281820,547648
9,2030,268768,285391,554159
10,2030,272667,289329,561996
11,2030,273664,291728,565392
12,2030,277426,293973,571399
13,2030,280360,297513,577873
14,2030,281783,302643,584426
15,2030,282728,307950,590678
16,2030,283653,309621,593274
17,2030,283195,312459,595654
18,2030,303890,319013,622903
19,2030,310624,325200,635824
20,2030,315434,329855,645289
21,2030,324319,333344,657663
22,2030,328302,337213,665515
23,2030,344263,345176,689439
24,2030,347747,350956,698703
25,2030,350753,355878,706631
26,2030,366654,370957,737611
27,2030,373083,376350,749433
28,2030,382640,385184,767824
29,2030,387757,387151,774908
30,2030,391910,392427,784337
31,2030,398800,397063,795863
32,2030,404836,404598,809434
33,2030,411490,406965,818455
34,2030,413409,410060,823469
35,2030,413759,410905,824664
36,2030,417518,414888,832406
37,2030,417799,416374,834173
38,2030,420358,419710,840068
39,2030,430369,424794,855163
40,2030,431828,427589,859417
41,2030,431806,427863,859669
42,2030,431972,427482,859454
43,2030,434881,429582,864463
44,2030,437905,431641,869546
45,2030,439663,432025,871688
46,2030,438797,429836,868633
47,2030,437966,424633,862599
48,2030,429747,419300,849047
49,2030,426067,416346,842413
50,2030,425995,409507,835502
51,2030,415734,397981,813715
52,2030,415905,395461,811366
53,2030,416463,393084,809547
54,2030,416202,391008,807210
55,2030,414288,385727,800015
56,2030,404021,377297,781318
57,2030,395693,370466,766159
58,2030,392358,365520,757878
59,2030,384802,360542,745344
60,2030,375770,353558,729328
61,2030,375258,346710,721968
62,2030,369055,340881,709936
63,2030,367022,336137,703159
64,2030,366022,332694,698716
65,2030,357525,324364,681889
66,2030,352554,320589,673143
67,2030,348767,314578,663345
68,2030,344191,308682,652873
69,2030,339545,300502,640047
70,2030,328770,288350,617120
71,2030,313051,277876,590927
72,2030,306458,270471,576929
73,2030,296186,257701,553887
74,2030,289692,250584,540276
75,2030,287022,240979,528001
76,2030,281396,231286,512682
77,2030,270804,214711,485515
78,2030,266152,203668,469820
79,2030,264652,190383,455035
80,2030,241511,157990,399501
81,2030,234196,145112,379308
82,2030,226482,137703,364185
83,2030,209534,124426,333960
84,2030,193212,103704,296916
85,2030,179378,94044,273422
86,2030,149673,76384,226057
87,2030,145556,68370,213926
88,2030,118298,51862,170160
89,2030,99771,43057,142828
90,2030,87779,34849,122628
91,2030,70578,26473,97051
92,2030,54740,20630,75370
93,2030,45855,15267,61122
94,2030,34866,11178,46044
95,2030,24779,7835,32614
96,2030,18156,5086,23242
97,2030,12743,3059,15802
98,2030,8413,2006,10419
99,2030,5656,1311,6967
100,2030,10840,2160,13000
0,2031,246810,260999,507809
1,2031,249223,263865,513088
2,2031,251800,266374,518174
3,2031,253026,268621,521647
4,2031,256435,271475,527910
5,2031,258597,273731,532328
6,2031,261132,276640,537772
7,2031,262291,278178,540469
8,2031,265828,281820,547648
9,2031,268768,285391,554159
10,2031,272667,289329,561996
11,2031,273664,291728,565392
12,2031,277426,293973,571399
13,2031,280360,297513,577873
14,2031,281783,302643,584426
15,2031,282728,307950,590678
16,2031,283653,309621,593274
17,2031,283195,312459,595654
18,2031,303890,319013,622903
19,2031,310624,325200,635824
20,2031,315434,329855,645289
21,2031,324319,333344,657663
22,2031,328302,337213,665515
23,2031,344263,345176,689439
24,2031,347747,350956,698703
25,2031,350753,355878,706631
26,2031,366654,370957,737611
27,2031,373083,376350,749433
28,2031,382640,385184,767824
29,2031,387757,387151,774908
30,2031,391910,392427,784337
31,2031,398800,397063,795863
32,2031,404836,404598,809434
33,2031,411490,406965,818455
34,2031,413409,410060,823469
35,2031,413759,410905,824664
36,2031,417518,414888,832406
37,2031,417799,416374,834173
38,2031,420358,419710,840068
39,2031,430369,424794,855163
40,2031,431828,427589,859417
41,2031,431806,427863,859669
42,2031,431972,427482,859454
43,2031,434881,429582,864463
44,2031,437905,431641,869546
45,2031,439663,432025,871688
46,2031,438797,429836,868633
47,2031,437966,424633,862599
48,2031,429747,419300,849047
49,2031,426067,416346,842413
50,2031,425995,409507,835502
51,2031,415734,397981,813715
52,2031,415905,395461,811366
53,2031,416463,393084,809547
54,2031,416202,391008,807210
55,2031,414288,385727,800015
56,2031,404021,377297,781318
57,2031,395693,370466,766159
58,2031,392358,365520,757878
59,2031,384802,360542,745344
60,2031,375770,353558,729328
61,2031,375258,346710,721968
62,2031,369055,340881,709936
63,2031,367022,336137,703159
64,2031,366022,332694,698716
65,2031,357525,324364,681889
66,2031,352554,320589,673143
67,2031,348767,314578,663345
68,2031,344191,308682,652873
69,2031,339545,300502,640047
70,2031,328770,288350,617120
71,2031,313051,277876,590927
72,2031,306458,270471,576929
73,2031,296186,257701,553887
74,2031,289692,250584,540276
75,2031,287022,240979,528001
76,2031,281396,231286,512682
77,2031,270804,214711,485515
78,2031,266152,203668,469820
79,2031,264652,190383,455035
80,2031,241511,157990,399501
81,2031,234196,145112,379308
82,2031,226482,137703,364185
83,2031,209534,124426,333960
84,2031,193212,103704,296916
85,2031,179378,94044,273422
86,2031,149673,76384,226057
87,2031,145556,68370,213926
88,2031,118298,51862,170160
89,2031,99771,43057,142828
90,2031,87779,34849,122628
91,2031,70578,26473,97051
92,2031,54740,20630,75370
93,2031,45855,15267,61122
94,2031,34866,11178,46044
95,2031,24779,7835,32614
96,2031,18156,5086,23242
97,2031,12743,3059,15802
98,2031,8413,2006,10419
99,2031,5656,1311,6967
100,2031,10840,2160,13000
0,2032,246810,260999,507809
1,2032,249223,263865,513088
2,2032,251800,266374,518174
3,2032,253026,268621,521647
4,2032,256435,271475,527910
5,2032,258597,273731,532328
6,2032,261132,276640,537772
7,2032,262291,278178,540469
8,2032,265828,281820,547648
9,2032,268768,285391,554159
10,2032,272667,289329,561996
11,2032,273664,291728,565392
12,2032,277426,293973,571399
13,2032,280360,297513,577873
14,2032,281783,302643,584426
15,2032,282728,307950,590678
16,2032,283653,309621,593274
17,2032,283195,312459,595654
18,2032,303890,319013,622903
19,2032,310624,325200,635824
20,2032,315434,329855,645289
21,2032,324319,333344,657663
22,2032,328302,337213,665515
23,2032,344263,345176,689439
24,2032,347747,350956,698703
25,2032,350753,355878,706631
26,2032,366654,370957,737611
27,2032,373083,376350,749433
28,2032,382640,385184,767824
29,2032,387757,387151,774908
30,2032,391910,392427,784337
31,2032,398800,397063,795863
32,2032,404836,404598,809434
33,2032,411490,406965,818455
34,2032,413409,410060,823469
35,2032,413759,410905,824664
36,2032,417518,414888,832406
37,2032,417799,416374,834173
38,2032,420358,419710,840068
39,2032,430369,424794,855163
40,2032,431828,427589,859417
41,2032,431806,427863,859669
42,2032,431972,427482,859454
43,2032,434881,429582,864463
44,2032,437905,431641,869546
45,2032,439663,432025,871688
46,2032,438797,429836,868633
47,2032,437966,424633,862599
48,2032,429747,419300,849047
49,2032,426067,416346,842413
50,2032,425995,409507,835502
51,2032,415734,397981,813715
52,2032,415905,395461,811366
53,2032,416463,393084,809547
54,2032,416202,391008,807210
55,2032,414288,385727,800015
56,2032,404021,377297,781318
57,2032,395693,370466,766159
58,2032,392358,365520,757878
59,2032,384802,360542,745344
60,2032,375770,353558,729328
61,2032,375258,346710,721968
62,2032,369055,340881,709936
63,2032,367022,336137,703159
64,2032,366022,332694,698716
65,2032,357525,324364,681889
66,2032,352554,320589,673143
67,2032,348767,314578,663345
68,2032,344191,308682,652873
69,2032,339545,300502,640047
70,2032,328770,288350,617120
71,2032,313051,277876,590927
72,2032,306458,270471,576929
73,2032,296186,257701,553887
74,2032,289692,250584,540276
75,2032,287022,240979,528001
76,2032,281396,231286,512682
77,2032,270804,214711,485515
78,2032,266152,203668,469820
79,2032,264652,190383,455035
80,2032,241511,157990,399501
81,2032,234196,145112,379308
82,2032,226482,137703,364185
83,2032,209534,124426,333960
84,2032,193212,103704,296916
85,2032,179378,94044,273422
86,2032,149673,76384,226057
87,2032,145556,68370,213926
88,2032,118298,51862,170160
89,2032,99771,43057,142828
90,2032,87779,34849,122628
91,2032,70578,26473,97051
92,2032,54740,20630,75370
93,2032,45855,15267,61122
94,2032,34866,11178,46044
95,2032,24779,7835,32614
96,2032,18156,5086,23242
97,2032,12743,3059,15802
98,2032,8413,2006,10419
99,2032,5656,1311,6967
100,2032,10840,2160,13000
0,2033,246810,260999,507809
1,2033,249223,263865,513088
2,2033,251800,266374,518174
3,2033,253026,268621,521647
4,2033,256435,271475,527910
5,2033,258597,273731,532328
6,2033,261132,276640,537772
7,2033,262291,278178,540469
8,2033,265828,281820,547648
9,2033,268768,285391,554159
10,2033,272667,289329,561996
11,2033,273664,291728,565392
12,2033,277426,293973,571399
13,2033,280360,297513,577873
14,2033,281783,302643,584426
15,2033,282728,307950,590678
16,2033,283653,309621,593274
17,2033,283195,312459,595654
18,2033,303890,319013,622903
19,2033,310624,325200,635824
20,2033,315434,329855,645289
21,2033,324319,333344,657663
22,2033,328302,337213,665515
23,2033,344263,345176,689439
24,2033,347747,350956,698703
25,2033,350753,355878,706631
26,2033,366654,370957,737611
27,2033,373083,376350,749433
28,2033,382640,385184,767824
29,2033,387757,387151,774908
30,2033,391910,392427,784337
31,2033,398800,397063,795863
32,2033,404836,404598,809434
33,2033,411490,406965,818455
34,2033,413409,410060,823469
35,2033,413759,410905,824664
36,2033,417518,414888,832406
37,2033,417799,416374,834173
38,2033,420358,419710,840068
39,2033,430369,424794,855163
40,2033,431828,427589,859417
41,2033,431806,427863,859669
42,2033,431972,427482,859454
43,2033,434881,429582,864463
44,2033,437905,431641,869546
45,2033,439663,432025,871688
46,2033,438797,429836,868633
47,2033,437966,424633,862599
48,2033,429747,419300,849047
49,2033,426067,416346,842413
50,2033,425995,409507,835502
51,2033,415734,397981,813715
52,2033,415905,395461,811366
53,2033,416463,393084,809547
54,2033,416202,391008,807210
55,2033,414288,385727,800015
56,2033,404021,377297,781318
57,2033,395693,370466,766159
58,2033,392358,365520,757878
59,2033,384802,360542,745344
60,2033,375770,353558,729328
61,2033,375258,346710,721968
62,2033,369055,340881,709936
63,2033,367022,336137,703159
64,2033,366022,332694,698716
65,2033,357525,324364,681889
66,2033,352554,320589,673143
67,2033,348767,314578,663345
68,2033,344191,308682,652873
69,2033,339545,300502,640047
70,2033,328770,288350,617120
71,2033,313051,277876,590927
72,2033,306458,270471,576929
73,2033,296186,257701,553887
74,2033,289692,250584,540276
75,2033,287022,240979,528001
76,2033,281396,231286,512682
77,2033,270804,214711,485515
78,2033,266152,203668,469820
79,2033,264652,190383,455035
80,2033,241511,157990,399501
81,2033,234196,145112,379308
82,2033,226482,137703,364185
83,2033,209534,124426,333960
84,2033,193212,103704,296916
85,2033,179378,94044,273422
86,2033,149673,76384,226057
87,2033,145556,68370,213926
88,2033,118298,51862,170160
89,2033,99771,43057,142828
90,2033,87779,34849,122628
91,2033,70578,26473,97051
92,2033,54740,20630,75370
93,2033,45855,15267,61122
94,2033,34866,11178,46044
95,2033,24779,7835,32614
96,2033,18156,5086,23242
97,2033,12743,3059,15802
98,2033,8413,2006,10419
99,2033,5656,1311,6967
100,2033,10840,2160,13000
0,2034,246810,260999,507809
1,2034,249223,263865,513088
2,2034,251800,266374,518174
3,2034,253026,268621,521647
4,2034,256435,271475,527910
5,2034,258597,273731,532328
6,2034,261132,276640,537772
7,2034,262291,278178,540469
8,2034,265828,281820,547648
9,2034,268768,285391,554159
10,2034,272667,289329,561996
11,2034,273664,291728,565392
12,2034,277426,293973,571399
13,2034,280360,297513,577873
14,2034,281783,302643,584426
15,2034,282728,307950,590678
16,2034,283653,309621,593274
17,2034,283195,312459,595654
18,2034,303890,319013,622903
19,2034,310624,325200,635824
20,2034,315434,329855,645289
21,2034,324319,333344,657663
22,2034,328302,337213,665515
23,2034,344263,345176,689439
24,2034,347747,350956,698703
25,2034,350753,355878,706631
26,2034,366654,370957,737611
27,2034,373083,376350,749433
28,2034,382640,385184,767824
29,2034,387757,387151,774908
30,2034,391910,392427,784337
31,2034,398800,397063,795863
32,2034,404836,404598,809434
33,2034,411490,406965,818455
34,2034,413409,410060,823469
35,2034,413759,410905,824664
36,2034,417518,414888,832406
37,2034,417799,416374,834173
38,2034,420358,419710,840068
39,2034,430369,424794,855163
40,2034,431828,427589,859417
41,2034,431806,427863,859669
42,2034,431972,427482,859454
43,2034,434881,429582,864463
44,2034,437905,431641,869546
45,2034,439663,432025,871688
46,2034,438797,429836,868633
47,2034,437966,424633,862599
48,2034,429747,419300,849047
49,2034,426067,416346,842413
50,2034,425995,409507,835502
51,2034,415734,397981,813715
52,2034,415905,395461,811366
53,2034,416463,393084,809547
54,2034,416202,391008,807210
55,2034,414288,385727,800015
56,2034,404021,377297,781318
57,2034,395693,370466,766159
58,2034,392358,365520,757878
59,2034,384802,360542,745344
60,2034,375770,353558,729328
61,2034,375258,346710,721968
62,2034,369055,340881,709936
63,2034,367022,336137,703159
64,2034,366022,332694,698716
65,2034,357525,324364,681889
66,2034,352554,320589,673143
67,2034,348767,314578,663345
68,2034,344191,308682,652873
69,2034,339545,300502,640047
70,2034,328770,288350,617120
71,2034,313051,277876,590927
72,2034,306458,270471,576929
73,2034,296186,257701,553887
74,2034,289692,250584,540276
75,2034,287022,240979,528001
76,2034,281396,231286,512682
77,2034,270804,214711,485515
78,2034,266152,203668,469820
79,2034,264652,190383,455035
80,2034,241511,157990,399501
81,2034,234196,145112,379308
82,2034,226482,137703,364185
83,2034,209534,124426,333960
84,2034,193212,103704,296916
85,2034,179378,94044,273422
86,2034,149673,76384,226057
87,2034,145556,68370,213926
88,2034,118298,51862,170160
89,2034,99771,43057,142828
90,2034,87779,34849,122628
91,2034,70578,26473,97051
92,2034,54740,20630,75370
93,2034,45855,15267,61122
94,2034,34866,11178,46044
95,2034,24779,7835,32614
96,2034,18156,5086,23242
97,2034,12743,3059,15802
98,2034,8413,2006,10419
99,2034,5656,1311,6967
100,2034,10840,2160,13000
0,2035,246810,260999,507809
1,2035,249223,263865,513088
2,2035,251800,266374,518174
3,2035,253026,268621,521647
4,2035,256435,271475,527910
5,2035,258597,273731,532328
6,2035,261132,276640,537772
7,2035,262291,278178,540469
8,2035,265828,281820,547648
9,2035,268768,285391,554159
10,2035,272667,289329,561996
11,2035,273664,291728,565392
12,2035,277426,293973,571399
13,2035,280360,297513,577873
14,2035,281783,302643,584426
15,2035,282728,307950,590678
16,2035,283653,309621,593274
17,2035,283195,312459,595654
18,2035,303890,319013,622903
19,2035,310624,325200,635824
20,2035,315434,329855,645289
21,2035,324319,333344,657663
22,2035,328302,337213,665515
23,2035,344263,345176,689439
24,2035,347747,350956,698703
25,2035,350753,355878,706631
26,2035,366654,370957,737611
27,2035,373083,376350,749433
28,2035,382640,385184,767824
29,2035,387757,387151,774908
30,2035,391910,392427,784337
31,2035,398800,397063,795863
32,2035,404836,404598,809434
33,2035,411490,406965,818455
34,2035,413409,410060,823469
35,2035,413759,410905,824664
36,2035,417518,414888,832406
37,2035,417799,416374,834173
38,2035,420358,419710,840068
39,2035,430369,424794,855163
40,2035,431828,427589,859417
41,2035,431806,427863,859669
42,2035,431972,427482,859454
43,2035,434881,429582,864463
44,2035,437905,431641,869546
45,2035,439663,432025,871688
46,2035,438797,429836,868633
47,2035,437966,424633,862599
48,2035,429747,419300,849047
49,2035,426067,416346,842413
50,2035,425995,409507,835502
51,2035,415734,397981,813715
52,2035,415905,395461,811366
53,2035,416463,393084,809547
54,2035,416202,391008,807210
55,2035,414288,385727,800015
56,2035,404021,377297,781318
57,2035,395693,370466,766159
58,2035,392358,365520,757878
59,2035,384802,360542,745344
60,2035,375770,353558,729328
61,2035,375258,346710,721968
62,2035,369055,340881,709936
63,2035,367022,336137,703159
64,2035,366022,332694,698716
65,2035,357525,324364,681889
66,2035,352554,320589,673143
67,2035,348767,314578,663345
68,2035,344191,308682,652873
69,2035,339545,300502,640047
70,2035,328770,288350,617120
71,2035,313051,277876,590927
72,2035,306458,270471,576929
73,2035,296186,257701,553887
74,2035,289692,250584,540276
75,2035,287022,240979,528001
76,2035,281396,231286,512682
77,2035,270804,214711,485515
78,2035,266152,203668,469820
79,2035,264652,190383,455035
80,2035,241511,157990,399501
81,2035,234196,145112,379308
82,2035,226482,137703,364185
83,2035,209534,124426,333960
84,2035,193212,103704,296916
85,2035,179378,94044,273422
86,2035,149673,76384,226057
87,2035,145556,68370,213926
88,2035,118298,51862,170160
89,2035,99771,43057,142828
90,2035,87779,34849,122628
91,2035,70578,26473,97051
92,2035,54740,20630,75370
93,2035,45855,15267,61122
94,2035,34866,11178,46044
95,2035,24779,7835,32614
96,2035,18156,5086,23242
97,2035,12743,3059,15802
98,2035,8413,2006,10419
99,2035,5656,1311,6967
100,2035,10840,2160,13000
0,2036,246810,260999,507809
1,2036,249223,263865,513088
2,2036,251800,266374,518174
3,2036,253026,268621,521647
4,2036,256435,271475,527910
5,2036,258597,273731,532328
6,2036,261132,276640,537772
7,2036,262291,278178,540469
8,2036,265828,281820,547648
9,2036,268768,285391,554159
10,2036,272667,289329,561996
11,2036,273664,291728,565392
12,2036,277426,293973,571399
13,2036,280360,297513,577873
14,2036,281783,302643,584426
15,2036,282728,307950,590678
16,2036,283653,309621,593274
17,2036,283195,312459,595654
18,2036,303890,319013,622903
19,2036,310624,325200,635824
20,2036,315434,329855,645289
21,2036,324319,333344,657663
22,2036,328302,337213,665515
23,2036,344263,345176,689439
24,2036,347747,350956,698703
25,2036,350753,355878,706631
26,2036,366654,370957,737611
27,2036,373083,376350,749433
28,2036,382640,385184,767824
29,2036,387757,387151,774908
30,2036,391910,392427,784337
31,2036,398800,397063,795863
32,2036,404836,404598,809434
33,2036,411490,406965,818455
34,2036,413409,410060,823469
35,2036,413759,410905,824664
36,2036,417518,414888,832406
37,2036,417799,416374,834173
38,2036,420358,419710,840068
39,2036,430369,424794,855163
40,2036,431828,427589,859417
41,2036,431806,427863,859669
42,2036,431972,427482,859454
43,2036,434881,429582,864463
44,2036,437905,431641,869546
45,2036,439663,432025,871688
46,2036,438797,429836,868633
47,2036,437966,424633,862599
48,2036,429747,419300,849047
49,2036,426067,416346,842413
50,2036,425995,409507,835502
51,2036,415734,397981,813715
52,2036,415905,395461,811366
53,2036,416463,393084,809547
54,2036,416202,391008,807210
55,2036,414288,385727,800015
56,2036,404021,377297,781318
57,2036,395693,370466,766159
58,2036,392358,365520,757878
59,2036,384802,360542,745344
60,2036,375770,353558,729328
61,2036,375258,346710,721968
62,2036,369055,340881,709936
63,2036,367022,336137,703159
64,2036,366022,332694,698716
65,2036,357525,324364,681889
66,2036,352554,320589,673143
67,2036,348767,314578,663345
68,2036,344191,308682,652873
69,2036,339545,300502,640047
70,2036,328770,288350,617120
71,2036,313051,277876,590927
72,2036,306458,270471,576929
73,2036,296186,257701,553887
74,2036,289692,250584,540276
75,2036,287022,240979,528001
76,2036,281396,231286,512682
77,2036,270804,214711,485515
78,2036,266152,203668,469820
79,2036,264652,190383,455035
80,2036,241511,157990,399501
81,2036,234196,145112,379308
82,2036,226482,137703,364185
83,2036,209534,124426,333960
84,2036,193212,103704,296916
85,2036,179378,94044,273422
86,2036,149673,76384,226057
87,2036,145556,68370,213926
88,2036,118298,51862,170160
89,2036,99771,43057,142828
90,2036,87779,34849,122628
91,2036,70578,26473,97051
92,2036,54740,20630,75370
93,2036,45855,15267,61122
94,2036,34866,11178,46044
95,2036,24779,7835,32614
96,2036,18156,5086,23242
97,2036,12743,3059,15802
98,2036,8413,2006,10419
99,2036,5656,1311,6967
100,2036,10840,2160,13000
0,2037,246810,260999,507809
1,2037,249223,263865,513088
2,2037,251800,266374,518174
3,2037,253026,268621,521647
4,2037,256435,271475,527910
5,2037,258597,273731,532328
6,2037,261132,276640,537772
7,2037,262291,278178,540469
8,2037,265828,281820,547648
9,2037,268768,285391,554159
10,2037,272667,289329,561996
11,2037,273664,291728,565392
12,2037,277426,293973,571399
13,2037,280360,297513,577873
14,2037,281783,302643,584426
15,2037,282728,307950,590678
16,2037,283653,309621,593274
17,2037,283195,312459,595654
18,2037,303890,319013,622903
19,2037,310624,325200,635824
20,2037,315434,329855,645289
21,2037,324319,333344,657663
22,2037,328302,337213,665515
23,2037,344263,345176,689439
24,2037,347747,350956,698703
25,2037,350753,355878,706631
26,2037,366654,370957,737611
27,2037,373083,376350,749433
28,2037,382640,385184,767824
29,2037,387757,387151,774908
30,2037,391910,392427,784337
31,2037,398800,397063,795863
32,2037,404836,404598,809434
33,2037,411490,406965,818455
34,2037,413409,410060,823469
35,2037,413759,410905,824664
36,2037,417518,414888,832406
37,2037,417799,416374,834173
38,2037,420358,419710,840068
39,2037,430369,424794,855163
40,2037,431828,427589,859417
41,2037,431806,427863,859669
42,2037,431972,427482,859454
43,2037,434881,429582,864463
44,2037,437905,431641,869546
45,2037,439663,432025,871688
46,2037,438797,429836,868633
47,2037,437966,424633,862599
48,2037,429747,419300,849047
49,2037,426067,416346,842413
50,2037,425995,409507,835502
51,2037,415734,397981,813715
52,2037,415905,395461,811366
53,2037,416463,393084,809547
54,2037,416202,391008,807210
55,2037,414288,385727,800015
56,2037,404021,377297,781318
57,2037,395693,370466,766159
58,2037,392358,365520,757878
59,2037,384802,360542,745344
60,2037,375770,353558,729328
61,2037,375258,346710,721968
62,2037,369055,340881,709936
63,2037,367022,336137,703159
64,2037,366022,332694,698716
65,2037,357525,324364,681889
66,2037,352554,320589,673143
67,2037,348767,314578,663345
68,2037,344191,308682,652873
69,2037,339545,300502,640047
70,2037,328770,288350,617120
71,2037,313051,277876,590927
72,2037,306458,270471,576929
73,2037,296186,257701,553887
74,2037,289692,250584,540276
75,2037,287022,240979,528001
76,2037,281396,231286,512682
77,2037,270804,214711,485515
78,2037,266152,203668,469820
79,2037,264652,190383,455035
80,2037,241511,157990,399501
81,2037,234196,145112,379308
82,2037,226482,137703,364185
83,2037,209534,124426,333960
84,2037,193212,103704,296916
85,2037,179378,94044,273422
86,2037,149673,76384,226057
87,2037,145556,68370,213926
88,2037,118298,51862,170160
89,2037,99771,43057,142828
90,2037,87779,34849,122628
91,2037,70578,26473,97051
92,2037,54740,20630,75370
93,2037,45855,15267,61122
94,2037,34866,11178,46044
95,2037,24779,7835,32614
96,2037,18156,5086,23242
97,2037,12743,3059,15802
98,2037,8413,2006,10419
99,2037,5656,1311,6967
100,2037,10840,2160,13000
0,2038,246810,260999,507809
1,2038,249223,263865,513088
2,2038,251800,266374,518174
3,2038,253026,268621,521647
4,2038,256435,271475,527910
5,2038,258597,273731,532328
6,2038,261132,276640,537772
7,2038,262291,278178,540469
8,2038,265828,281820,547648
9,2038,268768,285391,554159
10,2038,272667,289329,561996
11,2038,273664,291728,565392
12,2038,277426,293973,571399
13,2038,280360,297513,577873
14,2038,281783,302643,584426
15,2038,282728,307950,590678
16,2038,283653,309621,593274
17,2038,283195,312459,595654
18,2038,303890,319013,622903
19,2038,310624,325200,635824
20,2038,315434,329855,645289
21,2038,324319,333344,657663
22,2038,328302,337213,665515
23,2038,344263,345176,689439
24,2038,347747,350956,698703
25,2038,350753,355878,706631
26,2038,366654,370957,737611
27,2038,373083,376350,749433
28,2038,382640,385184,767824
29,2038,387757,387151,774908
30,2038,391910,392427,784337
31,2038,398800,397063,795863
32,2038,404836,404598,809434
33,2038,411490,406965,818455
34,2038,413409,410060,823469
35,2038,413759,410905,824664
36,2038,417518,414888,832406
37,2038,417799,416374,834173
38,2038,420358,419710,840068
39,2038,430369,424794,855163
40,2038,431828,427589,859417
41,2038,431806,427863,859669
42,2038,431972,427482,859454
43,2038,434881,429582,864463
44,2038,437905,431641,869546
45,2038,439663,432025,871688
46,2038,438797,429836,868633
47,2038,437966,424633,862599
48,2038,429747,419300,849047
49,2038,426067,416346,842413
50,2038,425995,409507,835502
51,2038,415734,397981,813715
52,2038,415905,395461,811366
53,2038,416463,393084,809547
54,2038,416202,391008,807210
55,2038,414288,385727,800015
56,2038,404021,377297,781318
57,2038,395693,370466,766159
58,2038,392358,365520,757878
59,2038,384802,360542,745344
60,2038,375770,353558,729328
61,2038,375258,346710,721968
62,2038,369055,340881,709936
63,2038,367022,336137,703159
64,2038,366022,332694,698716
65,2038,357525,324364,681889
66,2038,352554,320589,673143
67,2038,348767,314578,663345
68,2038,344191,308682,652873
69,2038,339545,300502,640047
70,2038,328770,288350,617120
71,2038,313051,277876,590927
72,2038,306458,270471,576929
73,2038,296186,257701,553887
74,2038,289692,250584,540276
75,2038,287022,240979,528001
76,2038,281396,231286,512682
77,2038,270804,214711,485515
78,2038,266152,203668,469820
79,2038,264652,190383,455035
80,2038,241511,157990,399501
81,2038,234196,145112,379308
82,2038,226482,137703,364185
83,2038,209534,124426,333960
84,2038,193212,103704,296916
85,2038,179378,94044,273422
86,2038,149673,76384,226057
87,2038,145556,68370,213926
88,2038,118298,51862,170160
89,2038,99771,43057,142828
90,2038,87779,34849,122628
91,2038,70578,26473,97051
92,2038,54740,20630,75370
93,2038,45855,15267,61122
94,2038,34866,11178,46044
95,2038,24779,7835,32614
96,2038,18156,5086,23242
97,2038,12743,3059,15802
98,2038,8413,2006,10419
99,2038,5656,1311,6967
100,2038,10840,2160,13000
0,2039,246810,260999,507809
1,2039,249223,263865,513088
2,2039,251800,266374,518174
3,2039,253026,268621,521647
4,2039,256435,271475,527910
5,2039,258597,273731,532328
6,2039,261132,276640,537772
7,2039,262291,278178,540469
8,2039,265828,281820,547648
9,2039,268768,285391,554159
10,2039,272667,289329,561996
11,2039,273664,291728,565392
12,2039,277426,293973,571399
13,2039,280360,297513,577873
14,2039,281783,302643,584426
15,2039,282728,307950,590678
16,2039,283653,309621,593274
17,2039,283195,312459,595654
18,2039,303890,319013,622903
19,2039,310624,325200,635824
20,2039,315434,329855,645289
21,2039,324319,333344,657663
22,2039,328302,337213,665515
23,2039,344263,345176,689439
24,2039,347747,350956,698703
25,2039,350753,355878,706631
26,2039,366654,370957,737611
27,2039,373083,376350,749433
28,2039,382640,385184,767824
29,2039,387757,387151,774908
30,2039,391910,392427,784337
31,2039,398800,397063,795863
32,2039,404836,404598,809434
33,2039,411490,406965,818455
34,2039,413409,410060,823469
35,2039,413759,410905,824664
36,2039,417518,414888,832406
37,2039,417799,416374,834173
38,2039,420358,419710,840068
39,2039,430369,424794,855163
40,2039,431828,427589,859417
41,2039,431806,427863,859669
42,2039,431972,427482,859454
43,2039,434881,429582,864463
44,2039,437905,431641,869546
45,2039,439663,432025,871688
46,2039,438797,429836,868633
47,2039,437966,424633,862599
48,2039,429747,419300,849047
49,2039,426067,416346,842413
50,2039,425995,409507,835502
51,2039,415734,397981,813715
52,2039,415905,395461,811366
53,2039,416463,393084,809547
54,2039,416202,391008,807210
55,2039,414288,385727,800015
56,2039,404021,377297,781318
57,2039,395693,370466,766159
58,2039,392358,365520,757878
59,2039,384802,360542,745344
60,2039,375770,353558,729328
61,2039,375258,346710,721968
62,2039,369055,340881,709936
63,2039,367022,336137,703159
64,2039,366022,332694,698716
65,2039,357525,324364,681889
66,2039,352554,320589,673143
67,2039,348767,314578,663345
68,2039,344191,308682,652873
69,2039,339545,300502,640047
70,2039,328770,288350,617120
71,2039,313051,277876,590927
72,2039,306458,270471,576929
73,2039,296186,257701,553887
74,2039,289692,250584,540276
75,2039,287022,240979,528001
76,2039,281396,231286,512682
77,2039,270804,214711,485515
78,2039,266152,203668,469820
79,2039,264652,190383,455035
80,2039,241511,157990,399501
81,2039,234196,145112,379308
82,2039,226482,137703,364185
83,2039,209534,124426,333960
84,2039,193212,103704,296916
85,2039,179378,94044,273422
86,2039,149673,76384,226057
87,2039,145556,68370,213926
88,2039,118298,51862,170160
89,2039,99771,43057,142828
90,2039,87779,34849,122628
91,2039,70578,26473,97051
92,2039,54740,20630,75370
93,2039,45855,15267,61122
94,2039,34866,11178,46044
95,2039,24779,7835,32614
96,2039,18156,5086,23242
97,2039,12743,3059,15802
98,2039,8413,2006,10419
99,2039,5656,1311,6967
100,2039,10840,2160,13000
0,2040,246810,260999,507809
1,2040,249223,263865,513088
2,2040,251800,266374,518174
3,2040,253026,268621,521647
4,2040,256435,271475,527910
5,2040,258597,273731,532328
6,2040,261132,276640,537772
7,2040,262291,278178,540469
8,2040,265828,281820,547648
9,2040,268768,285391,554159
10,2040,272667,289329,561996
11,2040,273664,291728,565392
12,2040,277426,293973,571399
13,2040,280360,297513,577873
14,2040,281783,302643,584426
15,2040,282728,307950,590678
16,2040,283653,309621,593274
17,2040,283195,312459,595654
18,2040,303890,319013,622903
19,2040,310624,325200,635824
20,2040,315434,329855,645289
21,2040,324319,333344,657663
22,2040,328302,337213,665515
23,2040,344263,345176,689439
24,2040,347747,350956,698703
25,2040,350753,355878,706631
26,2040,366654,370957,737611
27,2040,373083,376350,749433
28,2040,382640,385184,767824
29,2040,387757,387151,774908
30,2040,391910,392427,784337
31,2040,398800,397063,795863
32,2040,404836,404598,809434
33,2040,411490,406965,818455
34,2040,413409,410060,823469
35,2040,413759,410905,824664
36,2040,417518,414888,832406
37,2040,417799,416374,834173
38,2040,420358,419710,840068
39,2040,430369,424794,855163
40,2040,431828,427589,859417
41,2040,431806,427863,859669
42,2040,431972,427482,859454
43,2040,434881,429582,864463
44,2040,437905,431641,869546
45,2040,439663,432025,871688
46,2040,438797,429836,868633
47,2040,437966,424633,862599
48,2040,429747,419300,849047
49,2040,426067,416346,842413
50,2040,425995,409507,835502
51,2040,415734,397981,813715
52,2040,415905,395461,811366
53,2040,416463,393084,809547
54,2040,416202,391008,807210
55,2040,414288,385727,800015
56,2040,404021,377297,781318
57,2040,395693,370466,766159
58,2040,392358,365520,757878
59,2040,384802,360542,745344
60,2040,375770,353558,729328
61,2040,375258,346710,721968
62,2040,369055,340881,709936
63,2040,367022,336137,703159
64,2040,366022,332694,698716
65,2040,357525,324364,681889
66,2040,352554,320589,673143
67,2040,348767,314578,663345
68,2040,344191,308682,652873
69,2040,339545,300502,640047
70,2040,328770,288350,617120
71,2040,313051,277876,590927
72,2040,306458,270471,576929
73,2040,296186,257701,553887
74,2040,289692,250584,540276
75,2040,287022,240979,528001
76,2040,281396,231286,512682
77,2040,270804,214711,485515
78,2040,266152,203668,469820
79,2040,264652,190383,455035
80,2040,241511,157990,399501
81,2040,234196,145112,379308
82,2040,226482,137703,364185
83,2040,209534,124426,333960
84,2040,193212,103704,296916
85,2040,179378,94044,273422
86,2040,149673,76384,226057
87,2040,145556,68370,213926
88,2040,118298,51862,170160
89,2040,99771,43057,142828
90,2040,87779,34849,122628
91,2040,70578,26473,97051
92,2040,54740,20630,75370
93,2040,45855,15267,61122
94,2040,34866,11178,46044
95,2040,24779,7835,32614
96,2040,18156,5086,23242
97,2040,12743,3059,15802
98,2040,8413,2006,10419
99,2040,5656,1311,6967
100,2040,10840,2160,13000
