Et√†,Anno,Totale maschi,Totale femmine,Totale
0,2025,177384,224404,401788
1,2025,184195,224331,408526
2,2025,188319,225209,413528
3,2025,195751,225830,421581
4,2025,215822,226351,442173
5,2025,226022,228166,454188
6,2025,236080,231505,467585
7,2025,242861,234986,477847
8,2025,250212,238620,488832
9,2025,260044,242616,502660
10,2025,269851,254275,524126
11,2025,279836,263226,543062
12,2025,284267,268632,552899
13,2025,291664,273523,565187
14,2025,297518,277708,575226
15,2025,300814,281988,582802
16,2025,301411,281718,583129
17,2025,304659,282739,587398
18,2025,306566,282104,588670
19,2025,311378,285378,596756
20,2025,307771,282158,589929
21,2025,305963,280794,586757
22,2025,307622,282268,589890
23,2025,317710,288271,605981
24,2025,317607,285200,602807
25,2025,321369,286537,607906
26,2025,317461,289005,606466
27,2025,317469,291730,609199
28,2025,315679,291555,607234
29,2025,317517,296465,613982
30,2025,320569,302403,622972
31,2025,329875,314559,644434
32,2025,329602,315027,644629
33,2025,332153,321395,653548
34,2025,330693,322557,653250
35,2025,334520,332062,666582
36,2025,330978,327404,658382
37,2025,331177,329199,660376
38,2025,339202,340491,679693
39,2025,343390,346337,689727
40,2025,351565,354439,706004
41,2025,364722,371388,736110
42,2025,365455,377405,742860
43,2025,375474,381812,757286
44,2025,383912,391381,775293
45,2025,400497,402504,803001
46,2025,409166,416527,825693
47,2025,439095,437933,877028
48,2025,463800,463557,927357
49,2025,471137,474678,945815
50,2025,471861,477519,949380
51,2025,476906,481793,958699
52,2025,477893,485499,963392
53,2025,477292,487377,964669
54,2025,477935,493384,971319
55,2025,477738,493972,971710
56,2025,477885,494062,971947
57,2025,477924,495140,973064
58,2025,477818,495476,973294
59,2025,483974,497154,981128
60,2025,461431,480368,941799
61,2025,443103,455956,899059
62,2025,419413,450560,869973
63,2025,403885,435563,839448
64,2025,393624,415031,808655
65,2025,377174,402670,779844
66,2025,365995,396209,762204
67,2025,355656,387100,742756
68,2025,346724,378329,725053
69,2025,339659,371876,711535
70,2025,319381,353153,672534
71,2025,308961,345824,654785
72,2025,301798,341960,643758
73,2025,307153,353689,660842
74,2025,304925,349874,654799
75,2025,309208,364100,673308
76,2025,295592,350043,645635
77,2025,287938,345965,633903
78,2025,233480,276516,509996
79,2025,215921,274279,490200
80,2025,200348,261108,461456
81,2025,190874,256624,447498
82,2025,181252,247947,429199
83,2025,184923,264748,449671
84,2025,171091,248913,420004
85,2025,156523,235149,391672
86,2025,132487,210324,342811
87,2025,112430,181336,293766
88,2025,97423,168558,265981
89,2025,79745,146340,226085
90,2025,65117,128958,194075
91,2025,51031,106618,157649
92,2025,40748,91396,132144
93,2025,31597,78891,110488
94,2025,22239,59897,82136
95,2025,15560,44879,60439
96,2025,10818,32480,43298
97,2025,6659,23276,29935
98,2025,4217,16089,20306
99,2025,2830,11923,14753
100,2025,3491,15824,19315
0,2026,170319,228358,398677
1,2026,176049,228358,404407
2,2026,179711,229985,409696
3,2026,186124,230820,416944
4,2026,198227,230617,428844
5,2026,224448,231987,456435
6,2026,229870,233403,463273
7,2026,238124,234820,472944
8,2026,246950,237828,484778
9,2026,257884,238816,496700
10,2026,273140,257175,530315
11,2026,282629,263918,546547
12,2026,286073,270646,556719
13,2026,292431,274025,566456
14,2026,298628,277790,576418
15,2026,302648,282168,584816
16,2026,304237,283296,587533
17,2026,306859,284330,591189
18,2026,307681,284222,591903
19,2026,313660,288786,602446
20,2026,309578,284856,594434
21,2026,308677,283200,591877
22,2026,309220,284708,593928
23,2026,319968,292808,612776
24,2026,320105,289414,609519
25,2026,323679,291760,615439
26,2026,319951,293978,613929
27,2026,320109,296509,616618
28,2026,317754,295759,613513
29,2026,320107,301033,621140
30,2026,322913,304577,627490
31,2026,329733,314680,644413
32,2026,329805,315954,645759
33,2026,331313,322492,653805
34,2026,330491,322991,653482
35,2026,332381,334990,667371
36,2026,330955,330798,661753
37,2026,331037,332095,663132
38,2026,338916,343246,682162
39,2026,343329,349319,692648
40,2026,350151,358461,708612
41,2026,365385,380441,745826
42,2026,367186,382658,749844
43,2026,375878,386742,762620
44,2026,384413,395998,780411
45,2026,396814,401972,798786
46,2026,408138,414925,823063
47,2026,440180,437627,877807
48,2026,466263,466667,932930
49,2026,472882,474572,947454
50,2026,476434,477178,953612
51,2026,478222,484822,963044
52,2026,478794,487749,966543
53,2026,484266,491488,975754
54,2026,484179,494240,978419
55,2026,484025,494982,979007
56,2026,483931,495827,979758
57,2026,483896,496576,980472
58,2026,483919,496929,980848
59,2026,485967,497847,983814
60,2026,477086,494062,971148
61,2026,451841,464557,916398
62,2026,434842,453299,888141
63,2026,415147,438279,853426
64,2026,397839,416816,814655
65,2026,381423,405624,787047
66,2026,372073,398193,770266
67,2026,361973,391259,753232
68,2026,351191,382506,733697
69,2026,345213,374136,719349
70,2026,324870,356345,681215
71,2026,313076,349801,662877
72,2026,305396,344509,649905
73,2026,308799,356889,665688
74,2026,307383,353716,661099
75,2026,311959,368669,680628
76,2026,298937,354042,652979
77,2026,291263,349139,640402
78,2026,248223,284187,532410
79,2026,220172,279719,499891
80,2026,202204,265017,467221
81,2026,191207,258499,449706
82,2026,179746,243818,423564
83,2026,181736,263030,444766
84,2026,168567,243090,411657
85,2026,157075,236367,393442
86,2026,135192,213576,348768
87,2026,117148,191812,308960
88,2026,100637,170025,270662
89,2026,82101,148728,230829
90,2026,67803,130705,198508
91,2026,54216,109721,163937
92,2026,42407,93027,135434
93,2026,32590,79684,112274
94,2026,23857,63452,87309
95,2026,16086,45656,61742
96,2026,11805,34438,46243
97,2026,7016,23875,30891
98,2026,4434,16205,20639
99,2026,2891,12221,15112
100,2026,3186,15183,18369
0,2027,164202,229993,394195
1,2027,170447,230044,400491
2,2027,172131,231795,403926
3,2027,176869,232199,409068
4,2027,187754,233459,421213
5,2027,215448,233754,449202
6,2027,227209,234245,461454
7,2027,231719,235370,467089
8,2027,241212,237327,478539
9,2027,254878,238402,493280
10,2027,275908,258510,534418
11,2027,284076,265653,549729
12,2027,287140,272766,559906
13,2027,293135,274502,567637
14,2027,299463,277935,577398
15,2027,304251,282470,586721
16,2027,306535,285221,591756
17,2027,307831,287906,595737
18,2027,308999,287941,596940
19,2027,317502,293340,610842
20,2027,311447,289111,600558
21,2027,310822,285489,596311
22,2027,311263,288593,599856
23,2027,321945,296704,618649
24,2027,322018,293782,615800
25,2027,325428,296343,621771
26,2027,322318,298753,621071
27,2027,322536,301132,623668
28,2027,320658,301128,621786
29,2027,322436,304131,626567
30,2027,324640,307074,631714
31,2027,329639,314756,644395
32,2027,329937,316085,646022
33,2027,331074,322545,653619
34,2027,330893,323199,654092
35,2027,331490,337948,669438
36,2027,331028,334268,665296
37,2027,330975,335516,666491
38,2027,338969,346226,685195
39,2027,344166,353278,697444
40,2027,350278,360464,710742
41,2027,366519,383201,749720
42,2027,370699,384456,755155
43,2027,376994,391339,768333
44,2027,385062,396829,781891
45,2027,395406,402498,797904
46,2027,407913,413957,821870
47,2027,443319,437355,880674
48,2027,466923,466843,933766
49,2027,472955,473423,946378
50,2027,478027,476720,954747
51,2027,478772,485406,964178
52,2027,485535,489186,974721
53,2027,487234,494634,981868
54,2027,488283,494520,982803
55,2027,488791,496141,984932
56,2027,488781,496908,985689
57,2027,488225,497440,985665
58,2027,488241,497983,986224
59,2027,488931,499452,988383
60,2027,486743,497323,984066
61,2027,474195,485154,959349
62,2027,444103,455395,899498
63,2027,421487,444500,865987
64,2027,401394,426306,827700
65,2027,387438,409863,797301
66,2027,376498,400652,777150
67,2027,366253,394494,760747
68,2027,355798,385439,741237
69,2027,349523,378318,727841
70,2027,333115,359568,692683
71,2027,318334,353872,672206
72,2027,309560,346707,656267
73,2027,310840,359409,670249
74,2027,309299,356968,666267
75,2027,317260,372106,689366
76,2027,301913,357471,659384
77,2027,293971,352902,646873
78,2027,258269,292086,550355
79,2027,228786,284063,512849
80,2027,208548,267997,476545
81,2027,193716,261660,455376
82,2027,179062,241684,420746
83,2027,179438,260784,440222
84,2027,165870,239441,405311
85,2027,156488,237963,394451
86,2027,136759,212817,349576
87,2027,122902,199673,322575
88,2027,102503,172444,274947
89,2027,85326,153357,238683
90,2027,69817,131021,200838
91,2027,55997,111292,167289
92,2027,43070,95974,139044
93,2027,34070,80500,114570
94,2027,25272,65263,90535
95,2027,16763,46738,63501
96,2027,12293,35973,48266
97,2027,7229,24699,31928
98,2027,4693,16942,21635
99,2027,2968,12457,15425
100,2027,3056,14994,18050
0,2028,159355,231519,390874
1,2028,163984,231404,395388
2,2028,165791,231929,397720
3,2028,170765,231901,402666
4,2028,176801,232654,409455
5,2028,198423,234819,433242
6,2028,224787,234970,459757
7,2028,227313,235541,462854
8,2028,232874,237136,470010
9,2028,249534,237417,486951
10,2028,278357,260107,538464
11,2028,285447,267914,553361
12,2028,288393,274568,562961
13,2028,293708,274853,568561
14,2028,299894,277968,577862
15,2028,305200,283619,588819
16,2028,307636,287831,595467
17,2028,309347,291385,600732
18,2028,311088,291577,602665
19,2028,320255,297526,617781
20,2028,314477,293059,607536
21,2028,314384,289121,603505
22,2028,313978,293152,607130
23,2028,323792,300776,624568
24,2028,324439,298277,622716
25,2028,328176,301139,629315
26,2028,325230,303017,628247
27,2028,325313,304133,629446
28,2028,323218,304413,627631
29,2028,324942,307228,632170
30,2028,327357,308118,635475
31,2028,329789,315395,645184
32,2028,330062,316170,646232
33,2028,331038,322623,653661
34,2028,330979,323199,654178
35,2028,331441,340502,671943
36,2028,331087,337490,668577
37,2028,331207,338906,670113
38,2028,340232,349254,689486
39,2028,344759,356283,701042
40,2028,350566,366023,716589
41,2028,369119,386109,755228
42,2028,372030,388146,760176
43,2028,379221,395766,774987
44,2028,386131,397304,783435
45,2028,394903,402910,797813
46,2028,407891,413958,821849
47,2028,445386,437086,882472
48,2028,466961,467233,934194
49,2028,473104,473392,946496
50,2028,478246,476773,955019
51,2028,479564,484935,964499
52,2028,487336,489676,977012
53,2028,489142,494513,983655
54,2028,492083,497020,989103
55,2028,492116,498814,990930
56,2028,492104,499495,991599
57,2028,492065,500249,992314
58,2028,492043,500317,992360
59,2028,491994,500355,992349
60,2028,491960,500327,992287
61,2028,488568,495331,983899
62,2028,451908,464744,916652
63,2028,436202,451099,887301
64,2028,412948,435136,848084
65,2028,391520,412664,804184
66,2028,380724,403432,784156
67,2028,371138,396645,767783
68,2028,361822,389989,751811
69,2028,353537,383267,736804
70,2028,339294,363875,703169
71,2028,323880,357282,681162
72,2028,313020,349458,662478
73,2028,314443,362974,677417
74,2028,311701,359686,671387
75,2028,322756,374173,696929
76,2028,305873,360512,666385
77,2028,296171,355929,652100
78,2028,263297,299919,563216
79,2028,240200,288809,529009
80,2028,214719,271208,485927
81,2028,196664,265177,461841
82,2028,180026,247118,427144
83,2028,176642,260221,436863
84,2028,164823,239174,403997
85,2028,155227,237606,392833
86,2028,136524,211934,348458
87,2028,124816,202205,327021
88,2028,104940,179230,284170
89,2028,89418,157808,247226
90,2028,73126,134171,207297
91,2028,57514,115824,173338
92,2028,45704,97875,143579
93,2028,34793,82916,117709
94,2028,26020,65623,91643
95,2028,18379,50098,68477
96,2028,12672,37125,49797
97,2028,7427,25823,33250
98,2028,4837,17425,22262
99,2028,3051,12589,15640
100,2028,3026,14708,17734
0,2029,153083,231616,384699
1,2029,158061,231661,389722
2,2029,160121,231897,392018
3,2029,164590,231929,396519
4,2029,167703,232055,399758
5,2029,186032,233474,419506
6,2029,220848,235339,456187
7,2029,224671,235592,460263
8,2029,228918,237136,466054
9,2029,246233,237136,483369
10,2029,280835,262650,543485
11,2029,286764,270655,557419
12,2029,289804,274724,564528
13,2029,294228,275239,569467
14,2029,300438,278792,579230
15,2029,305975,284401,590376
16,2029,308488,290354,598842
17,2029,311102,294778,605880
18,2029,313977,294804,608781
19,2029,322485,301520,624005
20,2029,317686,296737,614423
21,2029,317300,293672,610972
22,2029,317541,296932,614473
23,2029,325172,303396,628568
24,2029,326521,303101,629622
25,2029,329409,304453,633862
26,2029,328591,305503,634094
27,2029,328578,307087,635665
28,2029,325726,306722,632448
29,2029,327828,308247,636075
30,2029,329109,308426,637535
31,2029,329822,315878,645700
32,2029,330365,316170,646535
33,2029,331038,322623,653661
34,2029,331001,323199,654200
35,2029,331525,342773,674298
36,2029,331302,340974,672276
37,2029,331123,342018,673141
38,2029,341204,353278,694482
39,2029,345317,359468,704785
40,2029,351654,373398,725052
41,2029,370314,389732,760046
42,2029,372934,391216,764150
43,2029,382795,397006,779801
44,2029,386812,398722,785534
45,2029,394107,403986,798093
46,2029,407855,413958,821813
47,2029,445800,437087,882887
48,2029,467018,467980,934998
49,2029,473088,473095,946183
50,2029,478254,476734,954988
51,2029,481170,484726,965896
52,2029,488268,489707,977975
53,2029,491472,495208,986680
54,2029,492482,496995,989477
55,2029,494388,499965,994353
56,2029,494722,500339,995061
57,2029,494726,500606,995332
58,2029,494726,500864,995590
59,2029,494726,503437,998163
60,2029,494726,503736,998462
61,2029,494091,500403,994494
62,2029,479809,481989,961798
63,2029,444557,454728,899285
64,2029,421043,438752,859795
65,2029,396959,417940,814899
66,2029,387165,407045,794210
67,2029,373934,399519,773453
68,2029,366003,392655,758658
69,2029,358245,386557,744802
70,2029,344052,369714,713766
71,2029,331102,360281,691383
72,2029,318197,353978,672175
73,2029,319776,368110,687886
74,2029,315250,363369,678619
75,2029,328819,375994,704813
76,2029,310203,363364,673567
77,2029,301783,359391,661174
78,2029,268054,307357,575411
79,2029,246733,294678,541411
80,2029,218655,277008,495663
81,2029,200472,267462,467934
82,2029,182003,249471,431474
83,2029,174466,259738,434204
84,2029,164345,239368,403713
85,2029,154526,236681,391207
86,2029,136147,212035,348182
87,2029,124954,202960,327914
88,2029,105975,180646,286621
89,2029,91581,161065,252646
90,2029,75902,138062,213964
91,2029,60122,118798,178920
92,2029,47297,101323,148620
93,2029,35896,84401,120297
94,2029,26740,65863,92603
95,2029,19819,53068,72887
96,2029,13474,39014,52488
97,2029,8325,27481,35806
98,2029,4949,17938,22887
99,2029,3177,12762,15939
100,2029,2984,14600,17584
0,2030,147319,231057,378376
1,2030,150094,231682,381776
2,2030,155522,231716,387238
3,2030,158533,231886,390419
4,2030,160518,231966,392484
5,2030,173341,232087,405428
6,2030,212840,235679,448519
7,2030,221247,236533,457780
8,2030,224972,237136,462108
9,2030,240769,237136,477905
10,2030,283063,263169,546232
11,2030,287879,272460,560339
12,2030,291924,275267,567191
13,2030,295160,275466,570626
14,2030,300781,279419,580200
15,2030,306313,286844,593157
16,2030,309702,292434,602136
17,2030,313828,298937,612765
18,2030,318048,299881,617929
19,2030,324458,303511,627969
20,2030,320551,301486,622037
21,2030,319747,298438,618185
22,2030,320299,301247,621546
23,2030,327172,305565,632737
24,2030,328282,305569,633851
25,2030,329541,306744,636285
26,2030,329501,307555,637056
27,2030,329573,308174,637747
28,2030,328809,308141,636950
29,2030,329512,308711,638223
30,2030,329533,308508,638041
31,2030,329997,316022,646019
32,2030,330774,316170,646944
33,2030,331000,322623,653623
34,2030,330697,323199,653896
35,2030,332091,344591,676682
36,2030,331438,343821,675259
37,2030,331469,345090,676559
38,2030,342714,356005,698719
39,2030,346274,365065,711339
40,2030,353613,377288,730901
41,2030,370905,391952,762857
42,2030,373849,395567,769416
43,2030,384522,398575,783097
44,2030,387254,400602,787856
45,2030,393773,405788,799561
46,2030,407848,414073,821921
47,2030,445832,437086,882918
48,2030,467185,468592,935777
49,2030,473000,472991,945991
50,2030,478254,476734,954988
51,2030,484352,484821,969173
52,2030,488872,489607,978479
53,2030,491936,495484,987420
54,2030,493171,496995,990166
55,2030,495023,500313,995336
56,2030,495175,501240,996415
57,2030,495176,503685,998861
58,2030,495182,504881,1000063
59,2030,495184,505047,1000231
60,2030,495195,505551,1000746
61,2030,495199,505238,1000437
62,2030,492917,498888,991805
63,2030,452672,464986,917658
64,2030,436801,448153,884954
65,2030,410325,427872,838197
66,2030,391505,410120,801625
67,2030,378644,401424,780068
68,2030,370470,395344,765814
69,2030,362925,389494,752419
70,2030,347817,372848,720665
71,2030,337689,363502,701191
72,2030,323547,357185,680732
73,2030,327047,372006,699053
74,2030,321171,367809,688980
75,2030,334764,376289,711053
76,2030,315179,367717,682896
77,2030,307649,362926,670575
78,2030,276868,314237,591105
79,2030,256374,301495,557869
80,2030,223615,281728,505343
81,2030,205803,270774,476577
82,2030,185220,252360,437580
83,2030,173765,259378,433143
84,2030,164141,239328,403469
85,2030,153122,235919,389041
86,2030,136051,212230,348281
87,2030,124852,202915,327767
88,2030,106879,183133,290012
89,2030,93364,165867,259231
90,2030,77616,142654,220270
91,2030,62764,121440,184204
92,2030,49673,105889,155562
93,2030,37776,86334,124110
94,2030,28663,71732,100395
95,2030,20374,54807,75181
96,2030,14554,41384,55938
97,2030,9077,28444,37521
98,2030,4947,18114,23061
99,2030,3395,12895,16290
100,2030,2946,14600,17546
0,2031,142970,228767,371737
1,2031,145481,230693,376174
2,2031,148420,231273,379693
3,2031,150391,231716,382107
4,2031,156377,231842,388219
5,2031,163581,231950,395531
6,2031,194466,235589,430055
7,2031,214953,237043,451996
8,2031,224249,237136,461385
9,2031,232777,237136,469913
10,2031,284375,263917,548292
11,2031,289059,274687,563746
12,2031,293335,275512,568847
13,2031,297408,275769,573177
14,2031,302421,279933,582354
15,2031,306536,288641,595177
16,2031,310633,295646,606279
17,2031,317885,302231,620116
18,2031,320728,302384,623112
19,2031,326437,306556,632993
20,2031,322985,304684,627669
21,2031,322369,303312,625681
22,2031,322571,304413,626984
23,2031,328629,308279,636908
24,2031,329473,307832,637305
25,2031,329605,308154,637759
26,2031,329633,308300,637933
27,2031,329557,308633,638190
28,2031,329620,308817,638437
29,2031,329667,309692,639359
30,2031,329673,309345,639018
31,2031,330184,316135,646319
32,2031,330941,316312,647253
33,2031,331032,322623,653655
34,2031,330534,323199,653733
35,2031,332431,345924,678355
36,2031,332129,346435,678564
37,2031,332288,348159,680447
38,2031,344005,359149,703154
39,2031,347475,374088,721563
40,2031,356005,379667,735672
41,2031,372274,395143,767417
42,2031,376111,396804,772915
43,2031,385820,399101,784921
44,2031,387461,401326,788787
45,2031,393574,407993,801567
46,2031,407952,414220,822172
47,2031,445832,437113,882945
48,2031,467254,468615,935869
49,2031,472982,473273,946255
50,2031,478255,476734,954989
51,2031,486281,485172,971453
52,2031,489274,489530,978804
53,2031,491991,495468,987459
54,2031,494483,496841,991324
55,2031,495167,501155,996322
56,2031,495176,501451,996627
57,2031,495178,505209,1000387
58,2031,495165,505619,1000784
59,2031,495165,505642,1000807
60,2031,495140,505636,1000776
61,2031,495150,505636,1000786
62,2031,495204,505547,1000751
63,2031,484204,483178,967382
64,2031,444730,453249,897979
65,2031,420936,437190,858126
66,2031,396223,415205,811428
67,2031,384236,404786,789022
68,2031,373731,398443,772174
69,2031,366293,392083,758376
70,2031,351484,377041,728525
71,2031,341946,369024,710970
72,2031,329614,360230,689844
73,2031,333651,374392,708043
74,2031,328469,371915,700384
75,2031,340319,376433,716752
76,2031,322588,371627,694215
77,2031,312462,367626,680088
78,2031,281153,322846,603999
79,2031,261419,307655,569074
80,2031,231546,285793,517339
81,2031,211171,275381,486552
82,2031,191093,258496,449589
83,2031,174691,258469,433160
84,2031,164120,239090,403210
85,2031,151487,234972,386459
86,2031,136026,212426,348452
87,2031,124910,203083,327993
88,2031,108221,183170,291391
89,2031,94748,167772,262520
90,2031,78986,145737,224723
91,2031,64192,126856,191048
92,2031,50670,108008,158678
93,2031,40052,90790,130842
94,2031,29987,75378,105365
95,2031,21052,55401,76453
96,2031,15933,44018,59951
97,2031,9810,29510,39320
98,2031,5094,18239,23333
99,2031,3600,13210,16810
100,2031,2953,14600,17553
0,2032,141278,224586,365864
1,2032,142174,228291,370465
2,2032,144125,229300,373425
3,2032,145874,230693,376567
4,2032,148716,231402,380118
5,2032,156836,231797,388633
6,2032,179296,234571,413867
7,2032,198837,237274,436111
8,2032,216682,237136,453818
9,2032,228871,237136,466007
10,2032,285642,265665,551307
11,2032,290815,275677,566492
12,2032,294071,275428,569499
13,2032,299069,276923,575992
14,2032,304041,280597,584638
15,2032,307563,289575,597138
16,2032,313362,299019,612381
17,2032,320878,303645,624523
18,2032,322815,304390,627205
19,2032,327520,307997,635517
20,2032,325346,307000,632346
21,2032,325341,305223,630564
22,2032,325303,306678,631981
23,2032,329323,308426,637749
24,2032,329540,308497,638037
25,2032,329711,308976,638687
26,2032,329557,308976,638533
27,2032,329550,309550,639100
28,2032,329557,309691,639248
29,2032,329630,311446,641076
30,2032,329630,311314,640944
31,2032,330423,316135,646558
32,2032,330971,316604,647575
33,2032,330949,322623,653572
34,2032,330534,323199,653733
35,2032,332923,347955,680878
36,2032,333004,349269,682273
37,2032,333094,350499,683593
38,2032,345245,365102,710347
39,2032,350101,376927,727028
40,2032,359090,381001,740091
41,2032,373524,395880,769404
42,2032,378678,397622,776300
43,2032,386514,399306,785820
44,2032,387331,401547,788878
45,2032,393509,409887,803396
46,2032,408042,414391,822433
47,2032,445809,437132,882941
48,2032,467254,468742,935996
49,2032,472822,473256,946078
50,2032,478255,476734,954989
51,2032,486581,485333,971914
52,2032,489465,490389,979854
53,2032,492184,495454,987638
54,2032,494745,496852,991597
55,2032,495168,501196,996364
56,2032,495176,501508,996684
57,2032,495164,505544,1000708
58,2032,495135,505636,1000771
59,2032,495135,505636,1000771
60,2032,495135,505636,1000771
61,2032,495135,505636,1000771
62,2032,495140,505636,1000776
63,2032,494916,500779,995695
64,2032,453642,464631,918273
65,2032,437307,443886,881193
66,2032,409936,425613,835549
67,2032,388636,408863,797499
68,2032,377517,400945,778462
69,2032,370648,394604,765252
70,2032,355581,382513,738094
71,2032,346649,372455,719104
72,2032,336360,363522,699882
73,2032,340334,376385,716719
74,2032,335535,374399,709934
75,2032,344622,376755,721377
76,2032,332368,374358,706726
77,2032,321410,371587,692997
78,2032,286483,327713,614196
79,2032,265414,312933,578347
80,2032,240070,289916,529986
81,2032,215896,279753,495649
82,2032,196149,262928,459077
83,2032,176435,259067,435502
84,2032,164402,239090,403492
85,2032,150721,232756,383477
86,2032,135901,212426,348327
87,2032,124906,203083,327989
88,2032,110182,183837,294019
89,2032,96317,168954,265271
90,2032,80251,148220,228471
91,2032,66076,130284,196360
92,2032,53157,110222,163379
93,2032,41772,92962,134734
94,2032,31579,77793,109372
95,2032,22835,58795,81630
96,2032,16141,45431,61572
97,2032,10621,31803,42424
98,2032,5422,18767,24189
99,2032,3745,13575,17320
100,2032,2955,14600,17555
0,2033,138747,221619,360366
1,2033,139704,224274,363978
2,2033,141692,226412,368104
3,2033,142603,228661,371264
4,2033,144172,229763,373935
5,2033,148679,231402,380081
6,2033,166218,233088,399306
7,2033,184067,236127,420194
8,2033,200230,237274,437504
9,2033,224930,237136,462066
10,2033,286449,268019,554468
11,2033,291579,276403,567982
12,2033,294448,275524,569972
13,2033,300480,277724,578204
14,2033,305169,280958,586127
15,2033,308327,291225,599552
16,2033,316867,301926,618793
17,2033,322969,305968,628937
18,2033,324648,306950,631598
19,2033,329030,308426,637456
20,2033,328570,308161,636731
21,2033,328587,307389,635976
22,2033,328546,308019,636565
23,2033,329507,308497,638004
24,2033,329625,309187,638812
25,2033,329724,310297,640021
26,2033,329550,310297,639847
27,2033,329613,311445,641058
28,2033,329613,311473,641086
29,2033,329740,313951,643691
30,2033,329740,313951,643691
31,2033,330784,316170,646954
32,2033,330969,317841,648810
33,2033,330909,322623,653532
34,2033,330534,323199,653733
35,2033,333573,349095,682668
36,2033,333674,353235,686909
37,2033,333783,354135,687918
38,2033,346769,374105,720874
39,2033,352962,377658,730620
40,2033,361797,382430,744227
41,2033,374842,396162,771004
42,2033,380790,397909,778699
43,2033,386845,400331,787176
44,2033,387173,402046,789219
45,2033,393441,410880,804321
46,2033,408054,414405,822459
47,2033,445804,437132,882936
48,2033,467289,468828,936117
49,2033,472833,473256,946089
50,2033,478243,476734,954977
51,2033,486581,485333,971914
52,2033,489984,491028,981012
53,2033,492407,495467,987874
54,2033,494744,496924,991668
55,2033,495168,501196,996364
56,2033,495176,501508,996684
57,2033,495154,505568,1000722
58,2033,495135,505636,1000771
59,2033,495135,505636,1000771
60,2033,495135,505636,1000771
61,2033,495135,505636,1000771
62,2033,495135,505636,1000771
63,2033,495184,505592,1000776
64,2033,485927,488048,973975
65,2033,444661,452291,896952
66,2033,421493,436702,858195
67,2033,392822,413130,805952
68,2033,382251,404028,786279
69,2033,373780,397094,770874
70,2033,361660,387346,749006
71,2033,350168,375292,725460
72,2033,341277,368782,710059
73,2033,346171,376759,722930
74,2033,342087,376317,718404
75,2033,348749,378242,726991
76,2033,339568,376547,716115
77,2033,332417,374358,706775
78,2033,297011,332338,629349
79,2033,274472,318611,593083
80,2033,246845,293461,540306
81,2033,219246,283726,502972
82,2033,200727,267529,468256
83,2033,179522,261387,440909
84,2033,164806,239374,404180
85,2033,150007,231765,381772
86,2033,135989,212520,348509
87,2033,125005,202842,327847
88,2033,111706,185143,296849
89,2033,98066,169905,267971
90,2033,81066,150238,231304
91,2033,68660,131003,199663
92,2033,54979,111443,166422
93,2033,42989,95517,138506
94,2033,32869,79775,112644
95,2033,24546,63480,88026
96,2033,16591,45793,62384
97,2033,11769,34236,46005
98,2033,6293,21533,27826
99,2033,3998,14142,18140
100,2033,2963,14585,17548
0,2034,134975,220130,355105
1,2034,137987,220987,358974
2,2034,139500,221869,361369
3,2034,141206,224625,365831
4,2034,141645,226953,368598
5,2034,144098,229763,373861
6,2034,157828,231939,389767
7,2034,170478,235218,405696
8,2034,186711,236515,423226
9,2034,223409,237136,460545
10,2034,287012,270483,557495
11,2034,292107,276709,568816
12,2034,295761,275610,571371
13,2034,301698,278924,580622
14,2034,305766,281483,587249
15,2034,309634,293278,602912
16,2034,319377,302997,622374
17,2034,324441,307015,631456
18,2034,326767,308118,634885
19,2034,329481,308711,638192
20,2034,329540,308817,638357
21,2034,329581,308691,638272
22,2034,329580,308817,638397
23,2034,329633,309187,638820
24,2034,329774,311287,641061
25,2034,329671,313403,643074
26,2034,329651,313403,643054
27,2034,329740,313951,643691
28,2034,329740,314004,643744
29,2034,329896,315092,644988
30,2034,329904,315092,644996
31,2034,330960,317098,648058
32,2034,331021,319842,650863
33,2034,330608,322654,653262
34,2034,330534,323346,653880
35,2034,333873,351645,685518
36,2034,335379,355839,691218
37,2034,335742,357781,693523
38,2034,349212,376879,726091
39,2034,355731,379457,735188
40,2034,365497,386817,752314
41,2034,377263,396324,773587
42,2034,382480,398059,780539
43,2034,387261,401143,788404
44,2034,387195,402318,789513
45,2034,393100,410936,804036
46,2034,408022,414434,822456
47,2034,445876,437270,883146
48,2034,467289,468828,936117
49,2034,472833,473256,946089
50,2034,478243,476734,954977
51,2034,486581,485333,971914
52,2034,491295,491910,983205
53,2034,492493,495467,987960
54,2034,494981,497323,992304
55,2034,495168,501196,996364
56,2034,495176,501508,996684
57,2034,495149,505568,1000717
58,2034,495135,505636,1000771
59,2034,495135,505636,1000771
60,2034,495135,505636,1000771
61,2034,495135,505636,1000771
62,2034,495135,505636,1000771
63,2034,495135,505636,1000771
64,2034,494868,500838,995706
65,2034,453835,464042,917877
66,2034,438226,444899,883125
67,2034,408246,422100,830346
68,2034,388199,407912,796111
69,2034,376889,399773,776662
70,2034,365901,391682,757583
71,2034,354030,379982,734012
72,2034,345131,372350,717481
73,2034,350447,377150,727597
74,2034,347550,376778,724328
75,2034,351294,382356,733650
76,2034,345272,378061,723333
77,2034,340500,377502,718002
78,2034,305395,337256,642651
79,2034,279918,324175,604093
80,2034,256165,298272,554437
81,2034,226124,285777,511901
82,2034,207536,271060,478596
83,2034,183450,264789,448239
84,2034,166507,241748,408255
85,2034,149347,231725,381072
86,2034,135979,212520,348499
87,2034,124959,202842,327801
88,2034,113057,186414,299471
89,2034,99249,171773,271022
90,2034,82574,151880,234454
91,2034,69686,132044,201730
92,2034,56487,112983,169470
93,2034,45266,97403,142669
94,2034,34444,81797,116241
95,2034,25567,65519,91086
96,2034,17423,47202,64625
97,2034,12364,35934,48298
98,2034,6872,24186,31058
99,2034,4488,15429,19917
100,2034,2972,14552,17524
0,2035,133138,214076,347214
1,2035,134565,217829,352394
2,2035,136730,220549,357279
3,2035,139087,221238,360325
4,2035,139254,222608,361862
5,2035,141717,226953,368670
6,2035,148971,231858,380829
7,2035,161604,232901,394505
8,2035,172944,235554,408498
9,2035,214816,237105,451921
10,2035,288486,272284,560770
11,2035,292242,276631,568873
12,2035,297788,275799,573587
13,2035,303250,279696,582946
14,2035,306412,282789,589201
15,2035,310833,295803,606636
16,2035,321937,303889,625826
17,2035,326346,307875,634221
18,2035,328505,308426,636931
19,2035,329540,309634,639174
20,2035,329635,309691,639326
21,2035,329557,309550,639107
22,2035,329557,309691,639248
23,2035,329620,311287,640907
24,2035,329754,313863,643617
25,2035,329796,314575,644371
26,2035,329868,314611,644479
27,2035,329918,315092,645010
28,2035,329937,315140,645077
29,2035,330239,316574,646813
30,2035,330257,316574,646831
31,2035,331005,318718,649723
32,2035,331041,320849,651890
33,2035,330491,322991,653482
34,2035,330864,324164,655028
35,2035,335636,354074,689710
36,2035,337011,358571,695582
37,2035,337898,360197,698095
38,2035,351433,377435,728868
39,2035,359122,380846,739968
40,2035,367690,390500,758190
41,2035,378564,396633,775197
42,2035,384597,398935,783532
43,2035,387130,401514,788644
44,2035,387248,402569,789817
45,2035,392779,410978,803757
46,2035,408022,414434,822456
47,2035,445876,437270,883146
48,2035,467289,468828,936117
49,2035,472833,473256,946089
50,2035,478243,476734,954977
51,2035,486581,485333,971914
52,2035,491548,492116,983664
53,2035,492516,495464,987980
54,2035,495080,498250,993330
55,2035,495168,501200,996368
56,2035,495176,501638,996814
57,2035,495149,505568,1000717
58,2035,495135,505636,1000771
59,2035,495135,505636,1000771
60,2035,495135,505636,1000771
61,2035,495135,505636,1000771
62,2035,495135,505636,1000771
63,2035,495135,505636,1000771
64,2035,495184,505592,1000776
65,2035,485867,487887,973754
66,2035,444975,452517,897492
67,2035,420946,434876,855822
68,2035,392741,411489,804230
69,2035,381526,402320,783846
70,2035,370510,394220,764730
71,2035,359541,385630,745171
72,2035,349404,375125,724529
73,2035,353430,380180,733610
74,2035,350825,377249,728074
75,2035,354474,385357,739831
76,2035,350307,381816,732123
77,2035,346538,380500,727038
78,2035,311587,342245,653832
79,2035,288943,328554,617497
80,2035,261339,304501,565840
81,2035,237417,289646,527063
82,2035,213371,275397,488768
83,2035,191066,266951,458017
84,2035,169453,246754,416207
85,2035,150164,233477,383641
86,2035,135892,212520,348412
87,2035,124958,202842,327800
88,2035,114916,186917,301833
89,2035,100168,172497,272665
90,2035,84095,155950,240045
91,2035,71022,134936,205958
92,2035,56909,115300,172209
93,2035,47003,99753,146756
94,2035,35144,83531,118675
95,2035,26313,65509,91822
96,2035,19245,51589,70834
97,2035,12779,37254,50033
98,2035,7510,25668,33178
99,2035,4908,16734,21642
100,2035,3038,14565,17603
0,2036,131305,209195,340500
1,2036,132689,212255,344944
2,2036,133327,214911,348238
3,2036,135013,219636,354649
4,2036,136632,220474,357106
5,2036,139563,222199,361762
6,2036,144795,230666,375461
7,2036,154736,231894,386630
8,2036,163691,234615,398306
9,2036,195576,236296,431872
10,2036,289650,274734,564384
11,2036,292201,276188,568389
12,2036,299060,276445,575505
13,2036,304095,280382,584477
14,2036,307359,284262,591621
15,2036,313387,298480,611867
16,2036,323938,306108,630046
17,2036,327435,308701,636136
18,2036,329487,308497,637984
19,2036,329575,311446,641021
20,2036,329784,311473,641257
21,2036,329613,311473,641086
22,2036,329613,311497,641110
23,2036,329740,313951,643691
24,2036,329896,315057,644953
25,2036,329950,315709,645659
26,2036,330048,316216,646264
27,2036,330257,316574,646831
28,2036,330301,316637,646938
29,2036,330603,317727,648330
30,2036,330542,317727,648269
31,2036,330991,320787,651778
32,2036,330949,322023,652972
33,2036,330497,323199,653696
34,2036,330940,325982,656922
35,2036,337136,356890,694026
36,2036,338680,360541,699221
37,2036,340569,364848,705417
38,2036,353574,378684,732258
39,2036,361640,382601,744241
40,2036,371182,395148,766330
41,2036,380538,397102,777640
42,2036,385979,399306,785285
43,2036,387156,402077,789233
44,2036,387361,402543,789904
45,2036,392757,410978,803735
46,2036,408022,414434,822456
47,2036,445833,437270,883103
48,2036,467289,468828,936117
49,2036,472833,473256,946089
50,2036,478243,476734,954977
51,2036,486581,485333,971914
52,2036,491549,492098,983647
53,2036,492514,495421,987935
54,2036,495097,498591,993688
55,2036,495168,501245,996413
56,2036,495175,503892,999067
57,2036,495149,505568,1000717
58,2036,495135,505636,1000771
59,2036,495135,505636,1000771
60,2036,495135,505636,1000771
61,2036,495135,505636,1000771
62,2036,495135,505636,1000771
63,2036,495135,505636,1000771
64,2036,495135,505636,1000771
65,2036,494868,500734,995602
66,2036,453883,464645,918528
67,2036,437460,440253,877713
68,2036,407581,421014,828595
69,2036,388068,406284,794352
70,2036,374433,396931,771364
71,2036,364073,390598,754671
72,2036,353062,379537,732599
73,2036,357071,385215,742286
74,2036,353557,381436,734993
75,2036,358280,388788,747068
76,2036,354062,385149,739211
77,2036,350858,383246,734104
78,2036,318761,346910,665671
79,2036,298921,332885,631806
80,2036,265395,311118,576513
81,2036,245884,293335,539219
82,2036,217526,280130,497656
83,2036,199299,269117,468416
84,2036,174051,248931,422982
85,2036,154242,235655,389897
86,2036,135928,212770,348698
87,2036,125012,202842,327854
88,2036,115444,188502,303946
89,2036,100840,174560,275400
90,2036,86068,157714,243782
91,2036,73250,138739,211989
92,2036,57664,118319,175983
93,2036,47657,102091,149748
94,2036,36150,85505,121655
95,2036,27811,68523,96334
96,2036,20192,54632,74824
97,2036,13615,39247,52862
98,2036,8469,27407,35876
99,2036,5146,18014,23160
100,2036,3247,14565,17812
0,2037,127802,206938,334740
1,2037,130115,208747,338862
2,2037,131754,209456,341210
3,2037,133019,212966,345985
4,2037,133325,214466,347791
5,2037,136954,220525,357479
6,2037,141765,228164,369929
7,2037,148016,231257,379273
8,2037,156937,232755,389692
9,2037,179706,235555,415261
10,2037,291219,275979,567198
11,2037,292047,275862,567909
12,2037,300349,277276,577625
13,2037,305200,280958,586158
14,2037,308187,287371,595558
15,2037,316865,301389,618254
16,2037,324694,307128,631822
17,2037,328506,309207,637713
18,2037,329574,308878,638452
19,2037,329841,313863,643704
20,2037,329770,313951,643721
21,2037,329804,314004,643808
22,2037,329804,314004,643808
23,2037,329896,315092,644988
24,2037,330239,316068,646307
25,2037,330273,316556,646829
26,2037,330329,316963,647292
27,2037,330626,317727,648353
28,2037,330655,318170,648825
29,2037,330860,319615,650475
30,2037,330821,319615,650436
31,2037,330954,321845,652799
32,2037,330637,322914,653551
33,2037,330555,323346,653901
34,2037,331091,328487,659578
35,2037,338626,358833,697459
36,2037,340802,365438,706240
37,2037,343256,371086,714342
38,2037,356220,380493,736713
39,2037,365140,384312,749452
40,2037,373267,396222,769489
41,2037,381784,397706,779490
42,2037,386700,399788,786488
43,2037,387167,402318,789485
44,2037,387398,402832,790230
45,2037,392754,410978,803732
46,2037,408022,414434,822456
47,2037,445812,437271,883083
48,2037,467289,468828,936117
49,2037,472833,473256,946089
50,2037,478243,476734,954977
51,2037,486581,485333,971914
52,2037,491549,492098,983647
53,2037,492516,495421,987937
54,2037,495096,498636,993732
55,2037,495168,501245,996413
56,2037,495176,505047,1000223
57,2037,495135,505636,1000771
58,2037,495135,505636,1000771
59,2037,495135,505636,1000771
60,2037,495135,505636,1000771
61,2037,495135,505636,1000771
62,2037,495135,505636,1000771
63,2037,495135,505636,1000771
64,2037,495135,505636,1000771
65,2037,495184,505592,1000776
66,2037,485993,487887,973880
67,2037,446724,449106,895830
68,2037,420300,434083,854383
69,2037,392616,409976,802592
70,2037,380767,400013,780780
71,2037,368025,393842,761867
72,2037,357437,385247,742684
73,2037,361283,389116,750399
74,2037,357369,385406,742775
75,2037,361896,392239,754135
76,2037,358146,388859,747005
77,2037,354628,386150,740778
78,2037,327192,350961,678153
79,2037,305228,337090,642318
80,2037,274450,316698,591148
81,2037,255518,297329,552847
82,2037,220458,283798,504256
83,2037,202848,272491,475339
84,2037,179232,253502,432734
85,2037,158724,238099,396823
86,2037,138692,216663,355355
87,2037,124915,202915,327830
88,2037,115351,189717,305068
89,2037,101357,175650,277007
90,2037,87556,158196,245752
91,2037,74589,140379,214968
92,2037,59933,120808,180741
93,2037,48199,106440,154639
94,2037,37576,89467,127043
95,2037,29090,73124,102214
96,2037,20575,55396,75971
97,2037,15326,42780,58106
98,2037,9116,28456,37572
99,2037,5248,18526,23774
100,2037,3494,14596,18090
0,2038,124456,205689,330145
1,2038,125646,206564,332210
2,2038,127333,207137,334470
3,2038,130775,208596,339371
4,2038,131505,208984,340489
5,2038,133307,214766,348073
6,2038,139777,223802,363579
7,2038,144183,228517,372700
8,2038,148612,231553,380165
9,2038,166375,234377,400752
10,2038,292049,276631,568680
11,2038,292007,275766,567773
12,2038,300780,278053,578833
13,2038,305701,281434,587135
14,2038,309547,289705,599252
15,2038,319421,302835,622256
16,2038,326483,307636,634119
17,2038,329166,310762,639928
18,2038,329633,309955,639588
19,2038,330003,315004,645007
20,2038,329896,315092,644988
21,2038,329954,315140,645094
22,2038,329954,315140,645094
23,2038,330239,316574,646813
24,2038,330559,316963,647522
25,2038,330502,317727,648229
26,2038,330754,318176,648930
27,2038,330844,319842,650686
28,2038,330861,320028,650889
29,2038,330832,320914,651746
30,2038,330826,321282,652108
31,2038,330637,322914,653551
32,2038,330518,323346,653864
33,2038,330864,324840,655704
34,2038,331247,330732,661979
35,2038,340724,360702,701426
36,2038,342648,374838,717486
37,2038,347145,374839,721984
38,2038,359485,381300,740785
39,2038,367448,388267,755715
40,2038,374129,396482,770611
41,2038,384071,398873,782944
42,2038,387060,401025,788085
43,2038,387208,402569,789777
44,2038,387422,403049,790471
45,2038,392754,410979,803733
46,2038,408022,414434,822456
47,2038,445812,437271,883083
48,2038,467289,468828,936117
49,2038,472833,473256,946089
50,2038,478243,476734,954977
51,2038,486581,485333,971914
52,2038,491549,492098,983647
53,2038,492516,495421,987937
54,2038,495096,498612,993708
55,2038,495168,501245,996413
56,2038,495168,505064,1000232
57,2038,495135,505636,1000771
58,2038,495135,505636,1000771
59,2038,495135,505636,1000771
60,2038,495135,505636,1000771
61,2038,495135,505636,1000771
62,2038,495135,505636,1000771
63,2038,495135,505636,1000771
64,2038,495135,505636,1000771
65,2038,495135,505636,1000771
66,2038,494868,500734,995602
67,2038,455688,463074,918762
68,2038,437142,438836,875978
69,2038,407986,418822,826808
70,2038,387565,404223,791788
71,2038,372711,396683,769394
72,2038,363095,389798,752893
73,2038,365758,392525,758283
74,2038,361350,389043,750393
75,2038,366305,396396,762701
76,2038,362061,392061,754122
77,2038,358404,388342,746746
78,2038,334756,355360,690116
79,2038,310940,341929,652869
80,2038,280195,322602,602797
81,2038,261136,302273,563409
82,2038,228232,287016,515248
83,2038,208431,275769,484200
84,2038,183079,258895,441974
85,2038,161945,239599,401544
86,2038,142523,223119,365642
87,2038,124606,202714,327320
88,2038,115679,191610,307289
89,2038,101844,175838,277682
90,2038,87905,158863,246768
91,2038,75333,142805,218138
92,2038,62023,123723,185746
93,2038,49637,107968,157605
94,2038,39263,91058,130321
95,2038,29801,75509,105310
96,2038,21528,57828,79356
97,2038,16043,44669,60712
98,2038,9885,30109,39994
99,2038,5985,19507,25492
100,2038,3586,14778,18364
0,2039,121365,201979,323344
1,2039,122636,203814,326450
2,2039,124005,205358,329363
3,2039,126330,207119,333449
4,2039,127123,207168,334291
5,2039,131792,208777,340569
6,2039,137654,220689,358343
7,2039,141796,224772,366568
8,2039,144342,229651,373993
9,2039,158897,232375,391272
10,2039,292212,276595,568807
11,2039,291942,275659,567601
12,2039,301105,279214,580319
13,2039,305800,282649,588449
14,2039,310265,292376,602641
15,2039,321865,303369,625234
16,2039,327043,308299,635342
17,2039,329414,313049,642463
18,2039,329644,312456,642100
19,2039,330247,316007,646254
20,2039,330239,316068,646307
21,2039,330301,316637,646938
22,2039,330284,316637,646921
23,2039,330603,317727,648330
24,2039,330865,318176,649041
25,2039,330821,319615,650436
26,2039,330909,320028,650937
27,2039,330848,320991,651839
28,2039,330541,321742,652283
29,2039,330546,322347,652893
30,2039,330539,322827,653366
31,2039,330810,323346,654156
32,2039,330887,324196,655083
33,2039,330958,327129,658087
34,2039,331019,333863,664882
35,2039,342373,367535,709908
36,2039,346889,378205,725094
37,2039,350878,376899,727777
38,2039,362182,385554,747736
39,2039,370663,391436,762099
40,2039,377177,397249,774426
41,2039,385767,399407,785174
42,2039,387240,401605,788845
43,2039,387337,402543,789880
44,2039,387577,403613,791190
45,2039,392754,410979,803733
46,2039,408022,414434,822456
47,2039,445812,437271,883083
48,2039,467289,468828,936117
49,2039,472833,473256,946089
50,2039,478243,476734,954977
51,2039,486581,485333,971914
52,2039,491549,492098,983647
53,2039,492516,495421,987937
54,2039,495096,498636,993732
55,2039,495168,501245,996413
56,2039,495168,505064,1000232
57,2039,495135,505636,1000771
58,2039,495135,505636,1000771
59,2039,495135,505636,1000771
60,2039,495135,505636,1000771
61,2039,495135,505636,1000771
62,2039,495135,505636,1000771
63,2039,495135,505636,1000771
64,2039,495135,505636,1000771
65,2039,495135,505636,1000771
66,2039,495184,505592,1000776
67,2039,487218,491664,978882
68,2039,443284,448310,891594
69,2039,420779,429793,850572
70,2039,391717,408800,800517
71,2039,379693,399828,779521
72,2039,367147,392455,759602
73,2039,370267,394663,764930
74,2039,365924,391946,757870
75,2039,371477,397643,769120
76,2039,366515,395533,762048
77,2039,362151,390739,752890
78,2039,341411,359602,701013
79,2039,316826,346288,663114
80,2039,288826,326234,615060
81,2039,264908,306568,571476
82,2039,238094,291293,529387
83,2039,213687,280000,493687
84,2039,190485,262226,452711
85,2039,168157,247258,415415
86,2039,145192,226024,371216
87,2039,126108,209359,335467
88,2039,115968,194201,310169
89,2039,102919,175872,278791
90,2039,88050,159272,247322
91,2039,75902,144720,220622
92,2039,62853,128088,190941
93,2039,50327,108504,158831
94,2039,40143,92766,132909
95,2039,31159,77832,108991
96,2039,22972,61917,84889
97,2039,16230,45334,61564
98,2039,10875,32348,43223
99,2039,6815,21497,28312
100,2039,3911,15118,19029
0,2040,117765,199985,317750
1,2040,119169,200073,319242
2,2040,121031,201620,322651
3,2040,123441,205313,328754
4,2040,123693,205358,329051
5,2040,127207,207087,334294
6,2040,134048,214918,348966
7,2040,139399,221173,360572
8,2040,141667,227078,368745
9,2040,150276,231894,382170
10,2040,292157,276362,568519
11,2040,291921,275648,567569
12,2040,300922,279802,580724
13,2040,306165,283836,590001
14,2040,312563,294691,607254
15,2040,323670,304379,628049
16,2040,327877,308827,636704
17,2040,329668,313902,643570
18,2040,329882,314128,644010
19,2040,330496,316053,646549
20,2040,330603,316797,647400
21,2040,330655,318170,648825
22,2040,330641,318170,648811
23,2040,330860,319615,650475
24,2040,330910,320028,650938
25,2040,330820,320914,651734
26,2040,330609,321742,652351
27,2040,330546,322441,652987
28,2040,330774,322914,653688
29,2040,330910,323139,654049
30,2040,330913,323346,654259
31,2040,331003,324840,655843
32,2040,330958,325982,656940
33,2040,330916,329965,660881
34,2040,331026,336474,667500
35,2040,344929,374863,719792
36,2040,349761,377973,727734
37,2040,353351,377739,731090
38,2040,365661,389198,754859
39,2040,372572,395748,768320
40,2040,379312,397989,777301
41,2040,386504,399496,786000
42,2040,387160,402059,789219
43,2040,387396,402832,790228
44,2040,388634,404249,792883
45,2040,392810,410979,803789
46,2040,408022,414434,822456
47,2040,445812,437271,883083
48,2040,467289,468828,936117
49,2040,472833,473256,946089
50,2040,478243,476734,954977
51,2040,486581,485333,971914
52,2040,491549,492098,983647
53,2040,492516,495421,987937
54,2040,495096,498612,993708
55,2040,495168,501245,996413
56,2040,495168,505064,1000232
57,2040,495135,505636,1000771
58,2040,495135,505636,1000771
59,2040,495135,505636,1000771
60,2040,495135,505636,1000771
61,2040,495135,505636,1000771
62,2040,495135,505636,1000771
63,2040,495135,505636,1000771
64,2040,495135,505636,1000771
65,2040,495135,505636,1000771
66,2040,495135,505636,1000771
67,2040,495075,505061,1000136
68,2040,453189,461719,914908
69,2040,437114,438840,875954
70,2040,401149,417887,819036
71,2040,387258,403751,791009
72,2040,372249,395092,767341
73,2040,373587,396650,770237
74,2040,370239,394399,764638
75,2040,374080,398450,772530
76,2040,371250,397153,768403
77,2040,366413,393627,760040
78,2040,345918,364729,710647
79,2040,325172,350836,676008
80,2040,297706,331008,628714
81,2040,274563,312456,587019
82,2040,246199,294840,541039
83,2040,217601,283575,501176
84,2040,199177,267097,466274
85,2040,173177,249660,422837
86,2040,149316,228699,378015
87,2040,130004,212899,342903
88,2040,116889,196963,313852
89,2040,104471,176581,281052
90,2040,88036,159438,247474
91,2040,76822,145933,222755
92,2040,63193,129977,193170
93,2040,51139,110867,162006
94,2040,41747,94276,136023
95,2040,32250,78896,111146
96,2040,24181,63971,88152
97,2040,16566,45828,62394
98,2040,11917,34778,46695
99,2040,7328,23641,30969
100,2040,4231,15456,19687
