Et√†,Anno,Totale maschi,Totale femmine,Totale
0,2025,292160,275407,567567
1,2025,292160,275407,567567
2,2025,292156,275407,567563
3,2025,292317,275433,567750
4,2025,292459,275435,567894
5,2025,292604,275460,568064
6,2025,292715,275538,568253
7,2025,292699,275529,568228
8,2025,292688,275503,568191
9,2025,292689,275485,568174
10,2025,292704,275551,568255
11,2025,292828,275972,568800
12,2025,293342,276256,569598
13,2025,293719,276375,570094
14,2025,293758,276281,570039
15,2025,293823,276272,570095
16,2025,294123,276355,570478
17,2025,294561,276410,570971
18,2025,295789,276733,572522
19,2025,296731,278188,574919
20,2025,296795,278225,575020
21,2025,296833,278284,575117
22,2025,296862,278532,575394
23,2025,296890,278545,575435
24,2025,296890,278545,575435
25,2025,296890,278545,575435
26,2025,296890,278545,575435
27,2025,296890,278545,575435
28,2025,296890,278545,575435
29,2025,296890,278545,575435
30,2025,296890,278545,575435
31,2025,296890,278545,575435
32,2025,296890,278545,575435
33,2025,296890,278545,575435
34,2025,296890,278545,575435
35,2025,296890,278545,575435
36,2025,296890,278545,575435
37,2025,296890,278545,575435
38,2025,296890,278545,575435
39,2025,296890,278545,575435
40,2025,296890,278545,575435
41,2025,296890,278545,575435
42,2025,296890,278545,575435
43,2025,296890,278545,575435
44,2025,296890,278545,575435
45,2025,296890,278545,575435
46,2025,296881,278545,575426
47,2025,296873,278545,575418
48,2025,296873,278545,575418
49,2025,296873,278545,575418
50,2025,296873,278545,575418
51,2025,296873,278595,575468
52,2025,296873,278595,575468
53,2025,296873,278595,575468
54,2025,296873,278595,575468
55,2025,296873,278595,575468
56,2025,296873,278595,575468
57,2025,296873,278595,575468
58,2025,296873,278595,575468
59,2025,296873,278595,575468
60,2025,296873,278595,575468
61,2025,296873,278595,575468
62,2025,296873,278595,575468
63,2025,296873,278595,575468
64,2025,296825,278595,575420
65,2025,296825,278595,575420
66,2025,296738,278595,575333
67,2025,296738,278595,575333
68,2025,296472,278595,575067
69,2025,296377,278595,574972
70,2025,296237,278595,574832
71,2025,295800,278595,574395
72,2025,295800,278595,574395
73,2025,295461,278595,574056
74,2025,295423,278595,574018
75,2025,295423,278595,574018
76,2025,295423,278595,574018
77,2025,295423,278595,574018
78,2025,295423,279554,574977
79,2025,295423,279363,574786
80,2025,295423,279614,575037
81,2025,295423,279743,575166
82,2025,295423,279743,575166
83,2025,295423,279743,575166
84,2025,295423,279743,575166
85,2025,295423,279743,575166
86,2025,295423,279743,575166
87,2025,295423,279743,575166
88,2025,295423,279743,575166
89,2025,295423,279743,575166
90,2025,295423,279743,575166
91,2025,295423,279743,575166
92,2025,295423,279743,575166
93,2025,295423,279743,575166
94,2025,295423,279743,575166
95,2025,295423,279743,575166
96,2025,295423,279743,575166
97,2025,295423,279743,575166
98,2025,295423,279743,575166
99,2025,295423,279743,575166
100,2025,295423,279743,575166
0,2025,272500,256310,528810
1,2025,271339,256272,527611
2,2025,271683,256855,528538
3,2025,271749,253701,525450
4,2025,271410,253027,524437
5,2025,272293,256153,528446
6,2025,272298,256305,528603
7,2025,272606,256371,528977
8,2025,274658,261606,536264
9,2025,285911,271513,557424
10,2025,292736,275650,568386
11,2025,292193,275003,567196
12,2025,287405,272837,560242
13,2025,293182,276310,569492
14,2025,282153,272802,554955
15,2025,284659,273611,558270
16,2025,296138,281249,577387
17,2025,298017,293058,591075
18,2025,306170,315587,621757
19,2025,315480,330097,645577
20,2025,320243,331121,651364
21,2025,324400,315407,639807
22,2025,332347,318568,650915
23,2025,345636,331489,677125
24,2025,357573,359665,717238
25,2025,390257,377864,768121
26,2025,399639,423056,822695
27,2025,422063,437091,859154
28,2025,424590,437357,861947
29,2025,436254,440630,876884
30,2025,441627,444936,886563
31,2025,440851,444741,885592
32,2025,452019,456439,908458
33,2025,445850,455202,901052
34,2025,446524,459695,906219
35,2025,470233,460294,930527
36,2025,471507,464335,935842
37,2025,473938,468511,942449
38,2025,445420,452039,897459
39,2025,439414,444921,884335
40,2025,424134,439253,863387
41,2025,418332,431946,850278
42,2025,399875,424604,824479
43,2025,391886,401612,793498
44,2025,389172,400028,789200
45,2025,386937,394316,781253
46,2025,381538,379604,761142
47,2025,365895,377257,743152
48,2025,359123,369882,729005
49,2025,358777,372833,731610
50,2025,358686,374430,733116
51,2025,369224,380402,749626
52,2025,379872,380440,760312
53,2025,394282,407045,801327
54,2025,390446,403116,793562
55,2025,391004,404170,795174
56,2025,328537,332030,660567
57,2025,312634,318360,630994
58,2025,317939,323212,641151
59,2025,316886,326628,643514
60,2025,318584,331534,650118
61,2025,344354,371928,716282
62,2025,346553,371672,718225
63,2025,335872,365136,701008
64,2025,311599,329974,641573
65,2025,296795,321157,617952
66,2025,300624,328042,628666
67,2025,288411,321571,609982
68,2025,284322,319046,603368
69,2025,274982,315952,590934
70,2025,273482,316898,590380
71,2025,270326,323168,593494
72,2025,252092,321274,573366
73,2025,239185,317785,556970
74,2025,234259,305077,539336
75,2025,228748,298517,527265
76,2025,224140,287808,511948
77,2025,223363,276892,500255
78,2025,223396,274054,497450
79,2025,222775,257554,480329
80,2025,221813,245886,467699
81,2025,220528,228975,449503
82,2025,214404,178861,393265
83,2025,210483,117755,328238
84,2025,210128,112301,322429
85,2025,210618,122289,332907
86,2025,211278,134075,345353
87,2025,210825,123099,333924
88,2025,209924,112463,322387
89,2025,208889,97101,305990
90,2025,208047,81992,290039
91,2025,207403,66913,274316
92,2025,206641,51137,257778
93,2025,206104,38549,244653
94,2025,205675,28155,233830
95,2025,205318,18208,223526
96,2025,205174,13830,219004
97,2025,205044,9643,214687
98,2025,204945,6475,211420
99,2025,204935,5695,210630
100,2025,204936,6393,211329
0,2025,272764,260778,533542
1,2025,270747,256063,526810
2,2025,271575,256551,528126
3,2025,270826,256789,527615
4,2025,270956,256096,527052
5,2025,270554,256159,526713
6,2025,270463,256035,526498
7,2025,270540,256486,527026
8,2025,271260,256447,527707
9,2025,277817,263240,541057
10,2025,289804,272924,562728
11,2025,290952,274858,565810
12,2025,293286,275687,568973
13,2025,291927,273845,565772
14,2025,293186,276017,569203
15,2025,283187,273211,556398
16,2025,283866,270127,553993
17,2025,295274,281285,576559
18,2025,302944,292261,595205
19,2025,308721,308673,617394
20,2025,317272,319282,636554
21,2025,321672,325572,647244
22,2025,325722,318801,644523
23,2025,334448,324825,659273
24,2025,349690,341147,690837
25,2025,364500,370205,734705
26,2025,392837,401323,794160
27,2025,406830,420759,827589
28,2025,424899,435387,860286
29,2025,426779,437450,864229
30,2025,439995,442987,882982
31,2025,443741,448162,891903
32,2025,441603,444789,886392
33,2025,462512,458830,921342
34,2025,446125,459674,905799
35,2025,456646,461332,917978
36,2025,469007,463666,932673
37,2025,473484,471541,945025
38,2025,468527,469327,937854
39,2025,451920,452819,904739
40,2025,440395,446300,886695
41,2025,425166,441563,866729
42,2025,418932,435291,854223
43,2025,404525,424000,828525
44,2025,395110,404097,799207
45,2025,390851,398342,789193
46,2025,387071,392789,779860
47,2025,382050,378628,760678
48,2025,367147,377846,744993
49,2025,359984,375130,735114
50,2025,359548,375656,735204
51,2025,358683,374361,733044
52,2025,365793,379929,745722
53,2025,378087,381757,759844
54,2025,395831,409424,805255
55,2025,391472,406459,797931
56,2025,386450,398540,784990
57,2025,333921,347569,681490
58,2025,309104,320197,629301
59,2025,312279,325492,637771
60,2025,312450,330806,643256
61,2025,315596,336859,652455
62,2025,340770,369021,709791
63,2025,344307,373974,718281
64,2025,333225,370575,703800
65,2025,313316,350135,663451
66,2025,287503,323427,610930
67,2025,294783,333381,628164
68,2025,282649,324544,607193
69,2025,273848,321303,595151
70,2025,263999,318572,582571
71,2025,262204,317969,580173
72,2025,262038,325531,587569
73,2025,241710,312185,553895
74,2025,231471,305374,536845
75,2025,227345,295613,522958
76,2025,219020,290148,509168
77,2025,217415,278312,495727
78,2025,217525,272387,489912
79,2025,217107,258032,475139
80,2025,215856,249452,465308
81,2025,212798,233212,446010
82,2025,210878,218197,429075
83,2025,205956,166139,372095
84,2025,203098,110813,313911
85,2025,201366,94215,295581
86,2025,201515,105089,306604
87,2025,202115,116526,318641
88,2025,201625,106022,307647
89,2025,200524,97637,298161
90,2025,199815,84799,284614
91,2025,198773,67454,266227
92,2025,198060,54665,252725
93,2025,197292,39949,237241
94,2025,196760,30437,227197
95,2025,196408,22687,219095
96,2025,196160,14385,210545
97,2025,195926,10092,206018
98,2025,195812,6796,202608
99,2025,195772,5041,200813
100,2025,195801,6417,202218
0,2025,280768,271608,552376
1,2025,274176,261218,535394
2,2025,271150,256861,528011
3,2025,272955,260200,533155
4,2025,271239,259897,531136
5,2025,270311,256190,526501
6,2025,271046,255974,527020
7,2025,270497,256511,527008
8,2025,270836,256654,527490
9,2025,272657,258726,531383
10,2025,279136,264157,543293
11,2025,288478,272864,561342
12,2025,292498,275081,567579
13,2025,295040,279679,574719
14,2025,294269,278719,572988
15,2025,293324,275863,569187
16,2025,283106,274212,557318
17,2025,285919,270654,556573
18,2025,296444,280913,577357
19,2025,304317,292092,596409
20,2025,309487,295761,605248
21,2025,318072,311533,629605
22,2025,323507,321552,645059
23,2025,328100,322110,650210
24,2025,341643,334386,676029
25,2025,356671,349856,706527
26,2025,370465,372609,743074
27,2025,390409,383183,773592
28,2025,418115,421764,839879
29,2025,439501,441321,880822
30,2025,441748,442482,884230
31,2025,442829,448649,891478
32,2025,445892,452530,898422
33,2025,444177,451506,895683
34,2025,455905,455499,911404
35,2025,459316,462927,922243
36,2025,466718,467355,934073
37,2025,471407,470164,941571
38,2025,472501,474705,947206
39,2025,463198,470784,933982
40,2025,462687,469277,931964
41,2025,441992,450857,892849
42,2025,437630,445122,882752
43,2025,422588,440519,863107
44,2025,412563,427856,840419
45,2025,399425,414974,814399
46,2025,393723,401365,795088
47,2025,389403,399307,788710
48,2025,385149,392076,777225
49,2025,378106,383110,761216
50,2025,372655,381794,754449
51,2025,359714,376783,736497
52,2025,358277,374375,732652
53,2025,360482,378308,738790
54,2025,375637,381916,757553
55,2025,385521,390482,776003
56,2025,390366,407074,797440
57,2025,385367,398913,784280
58,2025,348496,353293,701789
59,2025,306471,319766,626237
60,2025,309458,323423,632881
61,2025,308776,330939,639715
62,2025,309765,335956,645721
63,2025,337910,375279,713189
64,2025,344226,377800,722026
65,2025,332283,369460,701743
66,2025,309897,346941,656838
67,2025,285361,320650,606011
68,2025,290152,326561,616713
69,2025,274370,319711,594081
70,2025,271555,322368,593923
71,2025,260364,318050,578414
72,2025,254554,316317,570871
73,2025,255244,320566,575810
74,2025,238754,304628,543382
75,2025,227554,295418,522972
76,2025,221071,297126,518197
77,2025,210531,280888,491419
78,2025,208412,274117,482529
79,2025,205173,258154,463327
80,2025,201205,248247,449452
81,2025,195593,239215,434808
82,2025,191482,223942,415424
83,2025,186510,205658,392168
84,2025,177051,151398,328449
85,2025,168805,100855,269660
86,2025,166304,88168,254472
87,2025,166049,89088,255137
88,2025,167812,100985,268797
89,2025,166032,95753,261785
90,2025,164467,83601,248068
91,2025,162509,67804,230313
92,2025,160211,54520,214731
93,2025,159187,45697,204884
94,2025,157375,31979,189354
95,2025,156351,22987,179338
96,2025,155764,14830,170594
97,2025,155223,9894,165117
98,2025,154875,6966,161841
99,2025,154723,4868,159591
100,2025,154836,6703,161539
0,2025,280945,268549,549494
1,2025,282008,271340,553348
2,2025,274982,263070,538052
3,2025,272714,261712,534426
4,2025,278347,262469,540816
5,2025,273625,261985,535610
6,2025,271840,257652,529492
7,2025,271232,256173,527405
8,2025,271168,256326,527494
9,2025,271659,257225,528884
10,2025,274029,260064,534093
11,2025,279370,264419,543789
12,2025,288573,273046,561619
13,2025,294061,276215,570276
14,2025,297916,279373,577289
15,2025,297389,280846,578235
16,2025,295025,278067,573092
17,2025,283322,272365,555687
18,2025,293039,273584,566623
19,2025,296682,287806,584488
20,2025,303665,305666,609331
21,2025,309936,307715,617651
22,2025,319389,314215,633604
23,2025,325698,318692,644390
24,2025,331754,324409,656163
25,2025,344211,337672,681883
26,2025,361214,365214,726428
27,2025,378154,374707,752861
28,2025,394303,389891,784194
29,2025,420490,424401,844891
30,2025,440264,443610,883874
31,2025,442445,449727,892172
32,2025,442745,446931,889676
33,2025,457239,454579,911818
34,2025,447597,455813,903410
35,2025,456685,456334,913019
36,2025,461881,462088,923969
37,2025,471412,469745,941157
38,2025,473370,473798,947168
39,2025,483800,479253,963053
40,2025,481993,478643,960636
41,2025,479798,482465,962263
42,2025,446655,456657,903312
43,2025,440834,448470,889304
44,2025,429402,442565,871967
45,2025,418244,430501,848745
46,2025,402605,418093,820698
47,2025,395097,405448,800545
48,2025,391074,400225,791299
49,2025,385908,395753,781661
50,2025,379483,384673,764156
51,2025,372240,383188,755428
52,2025,359265,376113,735378
53,2025,357792,373421,731213
54,2025,358602,378181,736783
55,2025,374893,384743,759636
56,2025,385151,390357,775508
57,2025,389612,406824,796436
58,2025,384090,398791,782881
59,2025,350367,356681,707048
60,2025,304633,318515,623148
61,2025,305658,322958,628616
62,2025,305704,327465,633169
63,2025,306139,334098,640237
64,2025,328435,362203,690638
65,2025,337571,373967,711538
66,2025,329245,365835,695080
67,2025,305387,343058,648445
68,2025,283433,318540,601973
69,2025,280409,320458,600867
70,2025,271050,318532,589582
71,2025,268215,324473,592688
72,2025,256974,315590,572564
73,2025,246813,313845,560658
74,2025,241886,316213,558099
75,2025,231386,305161,536547
76,2025,213039,297752,510791
77,2025,198027,283364,481391
78,2025,186425,273924,460349
79,2025,175844,261364,437208
80,2025,165110,248828,413938
81,2025,149930,239087,389017
82,2025,135442,226242,361684
83,2025,122679,211198,333877
84,2025,112112,199272,311384
85,2025,88596,144997,233593
86,2025,62424,91463,153887
87,2025,57132,81444,138576
88,2025,56370,81549,137919
89,2025,58801,91532,150333
90,2025,55978,83681,139659
91,2025,50157,70082,120239
92,2025,43943,55670,99613
93,2025,40341,46378,86719
94,2025,36580,38221,74801
95,2025,32413,24258,56671
96,2025,30467,17048,47515
97,2025,28920,12419,41339
98,2025,27902,7845,35747
99,2025,27306,4961,32267
100,2025,27750,7076,34826
0,2025,282336,272028,554364
1,2025,282117,268480,550597
2,2025,282964,273293,556257
3,2025,280455,270362,550817
4,2025,275266,263735,539001
5,2025,279695,269145,548840
6,2025,279031,269478,548509
7,2025,274107,262062,536169
8,2025,273177,257182,530359
9,2025,273484,261655,535139
10,2025,273495,261583,535078
11,2025,278250,267062,545312
12,2025,279876,265952,545828
13,2025,291251,276014,567265
14,2025,298941,281635,580576
15,2025,298772,282522,581294
16,2025,298343,281472,579815
17,2025,297701,282722,580423
18,2025,297256,279105,576361
19,2025,294555,277567,572122
20,2025,297234,289230,586464
21,2025,304572,293383,597955
22,2025,311021,299939,610960
23,2025,320896,315837,636733
24,2025,327164,321419,648583
25,2025,334912,327190,662102
26,2025,344708,340000,684708
27,2025,360127,358600,718727
28,2025,378784,378066,756850
29,2025,398141,396137,794278
30,2025,421656,418543,840199
31,2025,439062,439780,878842
32,2025,442811,447810,890621
33,2025,444168,444224,888392
34,2025,456666,457524,914190
35,2025,460606,464194,924800
36,2025,457272,461211,918483
37,2025,472791,471518,944309
38,2025,472349,471831,944180
39,2025,477464,475192,952656
40,2025,486805,482953,969758
41,2025,487393,484549,971942
42,2025,488862,490027,978889
43,2025,449553,465384,914937
44,2025,443944,452717,896661
45,2025,433874,445161,879035
46,2025,422226,432172,854398
47,2025,411432,420661,832093
48,2025,395573,406123,801696
49,2025,391626,401884,793510
50,2025,386231,396789,783020
51,2025,379892,392283,772175
52,2025,372997,389570,762567
53,2025,359067,370072,729139
54,2025,354941,368857,723798
55,2025,355682,370231,725913
56,2025,368880,385194,754074
57,2025,372206,388150,760356
58,2025,387784,406852,794636
59,2025,380934,398589,779523
60,2025,372201,380859,753060
61,2025,299613,319496,619109
62,2025,304016,322551,626567
63,2025,305026,329581,634607
64,2025,303263,332061,635324
65,2025,318342,354907,673249
66,2025,331325,371785,703110
67,2025,324185,361694,685879
68,2025,304093,340969,645062
69,2025,281327,320064,601391
70,2025,275803,320861,596664
71,2025,274119,322781,596900
72,2025,262552,321600,584152
73,2025,250240,312881,563121
74,2025,238661,302490,541151
75,2025,233366,304867,538233
76,2025,222574,307496,530070
77,2025,201746,284833,486579
78,2025,188292,272815,461107
79,2025,176451,261796,438247
80,2025,160621,253638,414259
81,2025,147508,240570,388078
82,2025,128641,226725,355366
83,2025,113449,213289,326738
84,2025,100352,199097,299449
85,2025,87223,184602,271825
86,2025,66438,148525,214963
87,2025,40691,95776,136467
88,2025,30377,78024,108401
89,2025,27856,75812,103668
90,2025,29883,75527,105410
91,2025,24879,67080,91959
92,2025,19653,55435,75088
93,2025,15930,46691,62621
94,2025,11896,37934,49830
95,2025,8298,28503,36801
96,2025,5064,17511,22575
97,2025,3168,12640,15808
98,2025,1964,8650,10614
99,2025,1095,5167,6262
100,2025,1748,7945,9693
0,2025,284247,271973,556220
1,2025,282810,272476,555286
2,2025,284183,269847,554030
3,2025,283503,273497,557000
4,2025,281532,271753,553285
5,2025,280196,270166,550362
6,2025,281045,270218,551263
7,2025,281802,270836,552638
8,2025,278886,263410,542296
9,2025,275236,262659,537895
10,2025,279084,264371,543455
11,2025,279091,260001,539092
12,2025,281435,269858,551293
13,2025,284294,269024,553318
14,2025,293688,276572,570260
15,2025,299532,282759,582291
16,2025,306328,291613,597941
17,2025,300118,282325,582443
18,2025,302306,291494,593800
19,2025,300859,282919,583778
20,2025,296498,279679,576177
21,2025,299838,291500,591338
22,2025,306659,295510,602169
23,2025,316671,317589,634260
24,2025,323931,318247,642178
25,2025,330555,325649,656204
26,2025,338846,335972,674818
27,2025,349279,348305,697584
28,2025,365003,364227,729230
29,2025,385205,384103,769308
30,2025,405347,403483,808830
31,2025,429308,426244,855552
32,2025,441709,439608,881317
33,2025,443950,449190,893140
34,2025,453469,454391,907860
35,2025,457180,460511,917691
36,2025,468358,470987,939345
37,2025,468410,467404,935814
38,2025,478635,477603,956238
39,2025,476689,475397,952086
40,2025,479877,481175,961052
41,2025,487261,486728,973989
42,2025,487328,489563,976891
43,2025,490741,495150,985891
44,2025,450494,468739,919233
45,2025,444737,455339,900076
46,2025,434657,447043,881700
47,2025,423336,434807,858143
48,2025,410056,415518,825574
49,2025,396076,408988,805064
50,2025,391874,404315,796189
51,2025,386265,398888,785153
52,2025,379125,393782,772907
53,2025,372630,390112,762742
54,2025,357976,370556,728532
55,2025,353693,369300,722993
56,2025,354537,369929,724466
57,2025,367365,385409,752774
58,2025,371311,388266,759577
59,2025,386062,406798,792860
60,2025,379574,398528,778102
61,2025,367543,379476,747019
62,2025,296824,316789,613613
63,2025,301473,323943,625416
64,2025,304815,325451,630266
65,2025,303126,330304,633430
66,2025,314354,350285,664639
67,2025,327695,370294,697989
68,2025,320132,359868,680000
69,2025,298588,339068,637656
70,2025,274793,320074,594867
71,2025,266002,317527,583529
72,2025,266451,322169,588620
73,2025,255745,310933,566678
74,2025,241960,304984,546944
75,2025,230792,298843,529635
76,2025,225735,299408,525143
77,2025,213305,293806,507111
78,2025,192637,275253,467890
79,2025,178918,271883,450801
80,2025,166897,256300,423197
81,2025,149901,242402,392303
82,2025,135956,228950,364906
83,2025,117662,214700,332362
84,2025,103046,200290,303336
85,2025,90110,187100,277210
86,2025,77660,164799,242459
87,2025,57718,134323,192041
88,2025,34930,85953,120883
89,2025,24893,64458,89351
90,2025,22897,59943,82840
91,2025,22970,62934,85904
92,2025,19439,55581,75020
93,2025,16201,47247,63448
94,2025,12217,38489,50706
95,2025,8822,29417,38239
96,2025,5917,21237,27154
97,2025,3554,13607,17161
98,2025,2187,9284,11471
99,2025,1213,5709,6922
100,2025,2006,8693,10699
0,2025,292062,276016,568078
1,2025,288185,272954,561139
2,2025,284146,272863,557009
3,2025,288844,271508,560352
4,2025,283920,273317,557237
5,2025,282632,272312,554944
6,2025,281457,271152,552609
7,2025,282656,269773,552429
8,2025,282896,272426,555322
9,2025,281980,271534,553514
10,2025,281282,271216,552498
11,2025,281623,270944,552567
12,2025,281942,270423,552365
13,2025,281861,271018,552879
14,2025,289132,272319,561451
15,2025,296730,290907,587637
16,2025,303677,292583,596260
17,2025,304479,294242,598721
18,2025,306519,290227,596746
19,2025,306832,298253,605085
20,2025,306702,286410,593112
21,2025,301895,291316,593211
22,2025,306446,293135,599581
23,2025,312900,300858,613758
24,2025,320552,319584,640136
25,2025,327578,320719,648297
26,2025,336264,333882,670146
27,2025,344465,342002,686467
28,2025,357099,356971,714070
29,2025,371910,369927,741837
30,2025,391263,388929,780192
31,2025,410625,408486,819111
32,2025,432258,428194,860452
33,2025,453897,447212,901109
34,2025,459126,463021,922147
35,2025,455281,459726,915007
36,2025,460127,461842,921969
37,2025,471744,472685,944429
38,2025,469777,470713,940490
39,2025,480733,479434,960167
40,2025,479754,480723,960477
41,2025,481175,485692,966867
42,2025,487699,491006,978705
43,2025,487392,493797,981189
44,2025,493200,498160,991360
45,2025,452215,472275,924490
46,2025,446144,458870,905014
47,2025,434263,448702,882965
48,2025,424679,437742,862421
49,2025,411418,419105,830523
50,2025,396292,411582,807874
51,2025,392498,406502,799000
52,2025,385980,400787,786767
53,2025,379523,395921,775444
54,2025,372330,390882,763212
55,2025,357071,372961,730032
56,2025,352291,369568,721859
57,2025,353191,369951,723142
58,2025,366113,384658,750771
59,2025,370023,388340,758363
60,2025,383801,406796,790597
61,2025,377393,398484,775877
62,2025,365674,379989,745663
63,2025,295027,315311,610338
64,2025,303413,322089,625502
65,2025,298418,325288,623706
66,2025,296675,326186,622861
67,2025,310989,347779,658768
68,2025,324027,367904,691931
69,2025,315919,358207,674126
70,2025,290103,337256,627359
71,2025,272197,321941,594138
72,2025,264342,321772,586114
73,2025,260065,319095,579160
74,2025,247986,308098,556084
75,2025,236146,300728,536874
76,2025,222429,295019,517448
77,2025,215678,296174,511852
78,2025,204653,288919,493572
79,2025,181348,273253,454601
80,2025,168784,256717,425501
81,2025,156277,243174,399451
82,2025,139053,229928,368981
83,2025,123089,216799,339888
84,2025,106251,200987,307238
85,2025,94365,188783,283148
86,2025,81641,169976,251617
87,2025,71580,154076,225656
88,2025,50005,116801,166806
89,2025,28488,72085,100573
90,2025,20369,56548,76917
91,2025,18575,51202,69777
92,2025,18678,52915,71593
93,2025,16059,46709,62768
94,2025,12222,38932,51154
95,2025,8987,30162,39149
96,2025,6044,22016,28060
97,2025,3924,14395,18319
98,2025,2419,9810,12229
99,2025,1402,6070,7472
100,2025,2090,9012,11102
0,2025,290367,273251,563618
1,2025,292055,275822,567877
2,2025,290416,274011,564427
3,2025,288540,271013,559553
4,2025,290559,272577,563136
5,2025,285911,274417,560328
6,2025,283359,272627,555986
7,2025,282059,271302,553361
8,2025,288333,271244,559577
9,2025,284768,273284,558052
10,2025,282995,272350,555345
11,2025,282909,271580,554489
12,2025,282305,271780,554085
13,2025,282902,272112,555014
14,2025,284789,270709,555498
15,2025,291131,273950,565081
16,2025,299119,293749,592868
17,2025,306212,295739,601951
18,2025,306331,297103,603434
19,2025,309374,298261,607635
20,2025,310372,295555,605927
21,2025,314346,301081,615427
22,2025,307563,291914,599477
23,2025,312088,298283,610371
24,2025,318626,311496,630122
25,2025,324669,317771,642440
26,2025,333942,328133,662075
27,2025,341567,340645,682212
28,2025,347634,349471,697105
29,2025,359815,360220,720035
30,2025,374428,378640,753068
31,2025,394392,396264,790656
32,2025,411163,409263,820426
33,2025,432363,429756,862119
34,2025,452426,452560,904986
35,2025,459435,463497,922932
36,2025,460238,462257,922495
37,2025,461981,465404,927385
38,2025,474309,476749,951058
39,2025,472754,474095,946849
40,2025,482553,482345,964898
41,2025,480791,485027,965818
42,2025,482227,489229,971456
43,2025,487817,494890,982707
44,2025,487521,496465,983986
45,2025,493635,500962,994597
46,2025,457703,474057,931760
47,2025,446738,461121,907859
48,2025,437118,451152,888270
49,2025,425532,440190,865722
50,2025,412101,428420,840521
51,2025,396333,412808,809141
52,2025,392139,407695,799834
53,2025,385478,401908,787386
54,2025,378801,396740,775541
55,2025,371730,392145,763875
56,2025,355758,373396,729154
57,2025,351828,369697,721525
58,2025,351825,369841,721666
59,2025,364469,384664,749133
60,2025,368458,388207,756665
61,2025,381325,406585,787910
62,2025,375015,398286,773301
63,2025,363507,375897,739404
64,2025,296917,312799,609716
65,2025,298128,321371,619499
66,2025,294241,324453,618694
67,2025,293314,324461,617775
68,2025,305391,340588,645979
69,2025,316449,361449,677898
70,2025,310529,357041,667570
71,2025,284588,337298,621886
72,2025,266779,323207,589986
73,2025,258963,319113,578076
74,2025,252460,309245,561705
75,2025,240804,304086,544890
76,2025,228498,313373,541871
77,2025,213856,300629,514485
78,2025,203277,287230,490507
79,2025,194262,280817,475079
80,2025,170895,257294,428189
81,2025,157953,246988,404941
82,2025,146116,231639,377755
83,2025,125801,220069,345870
84,2025,110516,202540,313056
85,2025,96560,189515,286075
86,2025,83833,172965,256798
87,2025,71152,156306,227458
88,2025,62619,139236,201855
89,2025,42561,106944,149505
90,2025,24384,63797,88181
91,2025,17242,48062,65304
92,2025,15619,45512,61131
93,2025,14713,44344,59057
94,2025,11755,38462,50217
95,2025,8892,30490,39382
96,2025,6313,22740,29053
97,2025,4301,15979,20280
98,2025,2724,10276,13000
99,2025,1573,6607,8180
100,2025,2127,9519,11646
0,2025,285875,268920,554795
1,2025,289968,272947,562915
2,2025,292516,275898,568414
3,2025,291667,274281,565948
4,2025,291297,273597,564894
5,2025,291631,272846,564477
6,2025,287407,274477,561884
7,2025,283844,272102,555946
8,2025,284109,271319,555428
9,2025,290875,274378,565253
10,2025,287440,274269,561709
11,2025,285600,271978,557578
12,2025,284009,272753,556762
13,2025,284908,271558,556466
14,2025,285168,272378,557546
15,2025,290132,271914,562046
16,2025,294704,274888,569592
17,2025,302192,292130,594322
18,2025,308851,298414,607265
19,2025,310054,294122,604176
20,2025,312500,295877,608377
21,2025,312626,300441,613067
22,2025,314241,298809,613050
23,2025,310183,295930,606113
24,2025,315850,306009,621859
25,2025,323715,319680,643395
26,2025,328067,324803,652870
27,2025,336979,334582,671561
28,2025,344931,344401,689332
29,2025,351071,353640,704711
30,2025,362173,363035,725208
31,2025,375690,379803,755493
32,2025,396258,398436,794694
33,2025,411798,411963,823761
34,2025,431698,432307,864005
35,2025,452707,454793,907500
36,2025,465623,468505,934128
37,2025,466027,469460,935487
38,2025,470047,471645,941692
39,2025,475464,478638,954102
40,2025,473105,477220,950325
41,2025,484667,488996,973663
42,2025,481632,488809,970441
43,2025,482761,492860,975621
44,2025,487878,497098,984976
45,2025,487262,498400,985662
46,2025,493852,504806,998658
47,2025,463450,477418,940868
48,2025,446625,462756,909381
49,2025,438154,454171,892325
50,2025,425346,442318,867664
51,2025,411419,431035,842454
52,2025,396898,414236,811134
53,2025,391791,410556,802347
54,2025,384374,403919,788293
55,2025,377530,397582,775112
56,2025,370018,392526,762544
57,2025,354405,373566,727971
58,2025,350192,369422,719614
59,2025,349919,369719,719638
60,2025,361836,384548,746384
61,2025,365776,387826,753602
62,2025,378663,404889,783552
63,2025,372369,397401,769770
64,2025,359761,379444,739205
65,2025,287927,313052,600979
66,2025,294271,320933,615204
67,2025,290942,324693,615635
68,2025,290007,323559,613566
69,2025,297114,336565,633679
70,2025,311883,357229,669112
71,2025,304121,352425,656546
72,2025,275052,336015,611067
73,2025,261564,311981,573545
74,2025,251320,313691,565011
75,2025,244855,305420,550275
76,2025,235076,301902,536978
77,2025,219847,301942,521789
78,2025,203741,281941,485682
79,2025,193583,290159,483742
80,2025,182872,264913,447785
81,2025,160098,247371,407469
82,2025,146357,237455,383812
83,2025,133079,222603,355682
84,2025,114423,206050,320473
85,2025,100055,191290,291345
86,2025,86207,174161,260368
87,2025,73872,158039,231911
88,2025,62927,139113,202040
89,2025,52842,121053,173895
90,2025,35516,87804,123320
91,2025,19195,52525,71720
92,2025,13880,40915,54795
93,2025,12355,37709,50064
94,2025,10877,36879,47756
95,2025,8729,30265,38994
96,2025,6338,23773,30111
97,2025,4406,16480,20886
98,2025,2921,12193,15114
99,2025,1771,8214,9985
100,2025,2229,10387,12616
0,2025,277720,262534,540254
1,2025,285655,268514,554169
2,2025,289779,272903,562682
3,2025,292720,275856,568576
4,2025,292273,274613,566886
5,2025,291817,274389,566206
6,2025,291684,273092,564776
7,2025,291842,275015,566857
8,2025,283773,272769,556542
9,2025,289403,272097,561500
10,2025,291705,274235,565940
11,2025,294206,276316,570522
12,2025,291017,273152,564169
13,2025,290074,273546,563620
14,2025,290930,273737,564667
15,2025,291607,272826,564433
16,2025,291944,273960,565904
17,2025,296596,277103,573699
18,2025,304854,289950,594804
19,2025,311819,295718,607537
20,2025,312577,297157,609734
21,2025,315064,299823,614887
22,2025,315401,303581,618982
23,2025,316392,301244,617636
24,2025,313748,301491,615239
25,2025,320684,316643,637327
26,2025,325929,322057,647986
27,2025,330636,326266,656902
28,2025,341233,339245,680478
29,2025,348246,348970,697216
30,2025,356177,356876,713053
31,2025,363848,364599,728447
32,2025,376825,380098,756923
33,2025,397422,399252,796674
34,2025,412007,414494,826501
35,2025,432994,433400,866394
36,2025,453590,456986,910576
37,2025,467974,471244,939218
38,2025,466324,470191,936515
39,2025,473357,474927,948284
40,2025,476270,481624,957894
41,2025,473492,479919,953411
42,2025,485063,492451,977514
43,2025,481796,491769,973565
44,2025,482847,495025,977872
45,2025,487716,499211,986927
46,2025,487023,499063,986086
47,2025,493806,506906,1000712
48,2025,463798,478211,942009
49,2025,446675,464085,910760
50,2025,437908,454820,892728
51,2025,424530,442859,867389
52,2025,413768,432202,845970
53,2025,397643,414704,812347
54,2025,390725,410732,801457
55,2025,383449,404229,787678
56,2025,376141,397997,774138
57,2025,367542,392854,760396
58,2025,352696,374306,727002
59,2025,347994,369199,717193
60,2025,348191,370087,718278
61,2025,360257,383807,744064
62,2025,363599,387486,751085
63,2025,374891,404175,779066
64,2025,369277,395938,765215
65,2025,348508,380227,728735
66,2025,284547,310206,594753
67,2025,290135,319361,609496
68,2025,289044,322916,611960
69,2025,287069,321072,608141
70,2025,289311,330353,619664
71,2025,306915,353723,660638
72,2025,297122,350721,647843
73,2025,273600,333858,607458
74,2025,254978,306736,561714
75,2025,239948,305864,545812
76,2025,237139,299862,537001
77,2025,225179,303308,528487
78,2025,210726,282018,492744
79,2025,193597,272098,465695
80,2025,181168,270655,451823
81,2025,171552,253978,425530
82,2025,149495,238137,387632
83,2025,134511,225300,359811
84,2025,118390,209653,328043
85,2025,104262,195078,299340
86,2025,89747,176690,266437
87,2025,76087,159517,235604
88,2025,65573,140860,206433
89,2025,52402,122438,174840
90,2025,43939,109403,153342
91,2025,29151,79503,108654
92,2025,15315,44312,59627
93,2025,10941,34352,45293
94,2025,9411,29346,38757
95,2025,8123,29069,37192
96,2025,6340,23364,29704
97,2025,4570,17105,21675
98,2025,3106,12975,16081
99,2025,2126,8997,11123
100,2025,2485,12842,15327
0,2025,274155,259090,533245
1,2025,278269,263405,541674
2,2025,285275,269069,554344
3,2025,290988,274336,565324
4,2025,293190,276808,569998
5,2025,292907,275213,568120
6,2025,292496,274948,567444
7,2025,292214,274160,566374
8,2025,291770,275389,567159
9,2025,286273,273084,559357
10,2025,289727,273230,562957
11,2025,292637,275176,567813
12,2025,295645,276486,572131
13,2025,293297,275031,568328
14,2025,292925,274456,567381
15,2025,293059,274291,567350
16,2025,293720,274161,567881
17,2025,295638,274179,569817
18,2025,300018,282499,582517
19,2025,307777,290938,598715
20,2025,314268,297870,612138
21,2025,314843,298257,613100
22,2025,317221,301030,618251
23,2025,319612,306552,626164
24,2025,321495,305631,627126
25,2025,317559,315384,632943
26,2025,324097,317168,641265
27,2025,327773,323987,651760
28,2025,336014,333352,669366
29,2025,345322,343261,688583
30,2025,351708,352139,703847
31,2025,358324,358559,716883
32,2025,366749,366452,733201
33,2025,379347,381583,760930
34,2025,401891,401277,803168
35,2025,413775,416361,830136
36,2025,435008,435036,870044
37,2025,454488,458111,912599
38,2025,471899,473020,944919
39,2025,469321,472717,942038
40,2025,474168,477072,951240
41,2025,477747,484210,961957
42,2025,474552,481451,956003
43,2025,486083,494626,980709
44,2025,482525,492605,975130
45,2025,483333,496142,979475
46,2025,487713,499870,987583
47,2025,486926,499621,986547
48,2025,493557,507825,1001382
49,2025,463065,479102,942167
50,2025,446075,464578,910653
51,2025,437405,455885,893290
52,2025,423548,443235,866783
53,2025,412978,432641,845619
54,2025,395982,415969,811951
55,2025,388928,411217,800145
56,2025,381609,404393,786002
57,2025,374272,397645,771917
58,2025,364656,392670,757326
59,2025,351557,373305,724862
60,2025,345917,368576,714493
61,2025,345652,369106,714758
62,2025,357345,382689,740034
63,2025,360892,386106,746998
64,2025,371164,401718,772882
65,2025,365649,394342,759991
66,2025,338323,370938,709261
67,2025,284741,309010,593751
68,2025,284728,317491,602219
69,2025,286335,319112,605447
70,2025,283738,319371,603109
71,2025,285371,324492,609863
72,2025,297456,349632,647088
73,2025,285672,344233,629905
74,2025,270583,327266,597849
75,2025,246988,303632,550620
76,2025,233950,302141,536091
77,2025,228073,298972,527045
78,2025,216583,290582,507165
79,2025,201728,273485,475213
80,2025,181795,267689,449484
81,2025,170487,264396,434883
82,2025,159290,245538,404828
83,2025,137606,227121,364727
84,2025,122410,212071,334481
85,2025,107722,197434,305156
86,2025,91703,179241,270944
87,2025,77763,161266,239029
88,2025,67115,143040,210155
89,2025,54463,123463,177926
90,2025,43081,107492,150573
91,2025,36938,93159,130097
92,2025,22865,66486,89351
93,2025,12355,36379,48734
94,2025,8316,27760,36076
95,2025,6767,22335,29102
96,2025,5809,20733,26542
97,2025,4690,17036,21726
98,2025,3206,13203,16409
99,2025,2146,9167,11313
100,2025,2842,13357,16199
0,2025,262933,249207,512140
1,2025,274859,259227,534086
2,2025,278959,264866,543825
3,2025,287612,271407,559019
4,2025,291072,274014,565086
5,2025,293364,277142,570506
6,2025,293038,275887,568925
7,2025,293155,275160,568315
8,2025,291831,273539,565370
9,2025,292742,276059,568801
10,2025,289692,273347,563039
11,2025,290314,273904,564218
12,2025,293920,275876,569796
13,2025,296570,277842,574412
14,2025,293963,275821,569784
15,2025,293939,275128,569067
16,2025,293826,274981,568807
17,2025,295076,274600,569676
18,2025,296957,275692,572649
19,2025,301544,287819,589363
20,2025,309106,293437,602543
21,2025,315760,299734,615494
22,2025,317032,300099,617131
23,2025,320258,304924,625182
24,2025,321125,308671,629796
25,2025,323135,313396,636531
26,2025,322469,325227,647696
27,2025,325955,320012,645967
28,2025,330220,328499,658719
29,2025,339738,335960,675698
30,2025,349759,345381,695140
31,2025,355219,354612,709831
32,2025,359788,360962,720750
33,2025,370006,368288,738294
34,2025,381493,383517,765010
35,2025,403078,403180,806258
36,2025,415981,417807,833788
37,2025,435280,436231,871511
38,2025,455052,458554,913606
39,2025,473264,474791,948055
40,2025,469833,474787,944620
41,2025,474841,479346,954187
42,2025,478360,485825,964185
43,2025,474941,482193,957134
44,2025,486639,496056,982695
45,2025,483107,493079,976186
46,2025,483448,496716,980164
47,2025,487611,500055,987666
48,2025,486813,499617,986430
49,2025,491893,508076,999969
50,2025,462490,479214,941704
51,2025,445485,465319,910804
52,2025,436558,455945,892503
53,2025,422389,443076,865465
54,2025,411886,432618,844504
55,2025,395805,415792,811597
56,2025,387595,411176,798771
57,2025,380377,403939,784316
58,2025,372461,397194,769655
59,2025,361745,391728,753473
60,2025,350224,372193,722417
61,2025,343787,367182,710969
62,2025,343452,368416,711868
63,2025,353430,381250,734680
64,2025,356678,384840,741518
65,2025,367088,399681,766769
66,2025,361704,392027,753731
67,2025,335892,378740,714632
68,2025,281156,306681,587837
69,2025,279120,314061,593181
70,2025,285487,315979,601466
71,2025,276598,316337,592935
72,2025,277391,320414,597805
73,2025,292072,345036,637108
74,2025,280532,335727,616259
75,2025,262908,319765,582673
76,2025,239961,299227,539188
77,2025,227215,293298,520513
78,2025,218852,296807,515659
79,2025,208326,278890,487216
80,2025,190895,262325,453220
81,2025,170315,253982,424297
82,2025,159264,250555,409819
83,2025,146446,234260,380706
84,2025,125011,213217,338228
85,2025,110139,198651,308790
86,2025,95750,182523,278273
87,2025,81770,164110,245880
88,2025,68361,146366,214727
89,2025,55686,126829,182515
90,2025,45772,109021,154793
91,2025,35886,92224,128110
92,2025,29187,77702,106889
93,2025,17985,53862,71847
94,2025,9174,29612,38786
95,2025,5899,20579,26478
96,2025,4723,16234,20957
97,2025,4128,14997,19125
98,2025,3071,12766,15837
99,2025,2153,9410,11563
100,2025,2970,13542,16512
0,2025,258365,243211,501576
1,2025,263223,249309,512532
2,2025,275496,259091,534587
3,2025,278489,264480,542969
4,2025,287751,270328,558079
5,2025,291014,274069,565083
6,2025,293214,277125,570339
7,2025,292904,275665,568569
8,2025,292944,275008,567952
9,2025,291949,273889,565838
10,2025,293398,277113,570511
11,2025,291478,273893,565371
12,2025,290517,273925,564442
13,2025,293873,275673,569546
14,2025,297087,278464,575551
15,2025,294096,276184,570280
16,2025,294194,275249,569443
17,2025,294882,275575,570457
18,2025,296440,275510,571950
19,2025,300290,277549,577839
20,2025,302827,291944,594771
21,2025,310179,294954,605133
22,2025,317801,302493,620294
23,2025,318414,303189,621603
24,2025,322751,307834,630585
25,2025,322387,313378,635765
26,2025,326845,316482,643327
27,2025,325671,318040,643711
28,2025,326304,321194,647498
29,2025,333811,331788,665599
30,2025,340738,338183,678921
31,2025,353305,345649,698954
32,2025,357622,358156,715778
33,2025,360652,361321,721973
34,2025,371079,369267,740346
35,2025,382234,384968,767202
36,2025,403496,403509,807005
37,2025,416385,417898,834283
38,2025,435024,440367,875391
39,2025,455511,459226,914737
40,2025,473300,476044,949344
41,2025,469622,475157,944779
42,2025,474596,479739,954335
43,2025,478137,486501,964638
44,2025,474840,482845,957685
45,2025,486261,496144,982405
46,2025,482787,493728,976515
47,2025,483075,496884,979959
48,2025,487524,499829,987353
49,2025,486597,499438,986035
50,2025,490589,507375,997964
51,2025,461598,479338,940936
52,2025,444406,464526,908932
53,2025,434987,455629,890616
54,2025,420747,442233,862980
55,2025,409935,432250,842185
56,2025,394253,415073,809326
57,2025,385822,410266,796088
58,2025,378136,403097,781233
59,2025,370016,396164,766180
60,2025,360212,390163,750375
61,2025,346855,371567,718422
62,2025,340806,366071,706877
63,2025,340563,365873,706436
64,2025,349972,378589,728561
65,2025,353533,383355,736888
66,2025,363456,397632,761088
67,2025,357191,388254,745445
68,2025,322475,365678,688153
69,2025,279356,311271,590627
70,2025,276271,310654,586925
71,2025,272723,320463,593186
72,2025,271688,313660,585348
73,2025,276610,319276,595886
74,2025,281725,339008,620733
75,2025,267725,330599,598324
76,2025,255360,315037,570397
77,2025,231669,302158,533827
78,2025,216383,295739,512122
79,2025,209345,281486,490831
80,2025,196245,274420,470665
81,2025,178412,255316,433728
82,2025,159669,244440,404109
83,2025,149832,239417,389249
84,2025,134963,223168,358131
85,2025,113257,199885,313142
86,2025,98221,184237,282458
87,2025,85081,167621,252702
88,2025,69930,149770,219700
89,2025,57098,128125,185223
90,2025,47654,112229,159883
91,2025,37416,92965,130381
92,2025,28938,77927,106865
93,2025,22655,67075,89730
94,2025,13991,42005,55996
95,2025,6912,23301,30213
96,2025,4348,15111,19459
97,2025,3553,12504,16057
98,2025,2771,10770,13541
99,2025,2194,9610,11804
100,2025,2983,14457,17440
0,2025,249777,237364,487141
1,2025,257884,243079,500963
2,2025,262988,249099,512087
3,2025,273667,258785,532452
4,2025,277959,262775,540734
5,2025,286914,269636,556550
6,2025,290721,273888,564609
7,2025,293073,276903,569976
8,2025,292785,275664,568449
9,2025,293289,274435,567724
10,2025,291742,273818,565560
11,2025,293397,277120,570517
12,2025,291611,274186,565797
13,2025,290347,273793,564140
14,2025,294198,276300,570498
15,2025,297767,278332,576099
16,2025,294702,276167,570869
17,2025,295443,275588,571031
18,2025,297865,276091,573956
19,2025,298554,277125,575679
20,2025,299938,277960,577898
21,2025,303574,294108,597682
22,2025,311644,295013,606657
23,2025,318474,304719,623193
24,2025,320288,306924,627212
25,2025,324413,311465,635878
26,2025,324842,315952,640794
27,2025,329258,324853,654111
28,2025,326070,322519,648589
29,2025,327171,321569,648740
30,2025,334921,332509,667430
31,2025,341784,338830,680614
32,2025,351671,345619,697290
33,2025,358854,358525,717379
34,2025,361470,361641,723111
35,2025,372018,369351,741369
36,2025,382823,384216,767039
37,2025,403828,403521,807349
38,2025,416192,417845,834037
39,2025,434392,437063,871455
40,2025,457009,459143,916152
41,2025,473171,476514,949685
42,2025,469612,474737,944349
43,2025,476019,479432,955451
44,2025,477957,485890,963847
45,2025,474366,482611,956977
46,2025,485437,495980,981417
47,2025,482372,493660,976032
48,2025,482297,496250,978547
49,2025,487195,499327,986522
50,2025,486114,498940,985054
51,2025,490151,506514,996665
52,2025,460479,478210,938689
53,2025,442850,463367,906217
54,2025,433184,454770,887954
55,2025,418621,441306,859927
56,2025,407519,431158,838677
57,2025,390706,412966,803672
58,2025,383307,409114,792421
59,2025,375714,401797,777511
60,2025,367591,394660,762251
61,2025,356384,387329,743713
62,2025,343498,369853,713351
63,2025,338457,364837,703294
64,2025,338100,364756,702856
65,2025,345309,376267,721576
66,2025,351465,385524,736989
67,2025,358870,394555,753425
68,2025,350367,386360,736727
69,2025,323370,363731,687101
70,2025,269856,313776,583632
71,2025,268354,306975,575329
72,2025,268787,314168,582955
73,2025,270559,315880,586439
74,2025,269027,315132,584159
75,2025,268504,330007,598511
76,2025,262688,327694,590382
77,2025,245223,309982,555205
78,2025,223538,291164,514702
79,2025,206826,283570,490396
80,2025,199498,273587,473085
81,2025,181796,258775,440571
82,2025,167042,242210,409252
83,2025,148181,230108,378289
84,2025,138241,223835,362076
85,2025,121916,207436,329352
86,2025,100998,186104,287102
87,2025,86378,168517,254895
88,2025,72268,152685,224953
89,2025,58753,132288,191041
90,2025,47938,112564,160502
91,2025,38257,98434,136691
92,2025,29936,78636,108572
93,2025,22741,65397,88138
94,2025,17206,54349,71555
95,2025,10187,33765,43952
96,2025,4990,17985,22975
97,2025,2948,10979,13927
98,2025,2363,9467,11830
99,2025,1990,8349,10339
100,2025,3106,15274,18380
0,2025,248263,227928,476191
1,2025,249592,236003,485595
2,2025,257306,243412,500718
3,2025,263331,248454,511785
4,2025,273333,258362,531695
5,2025,277477,261711,539188
6,2025,286475,269286,555761
7,2025,290271,273861,564132
8,2025,292819,276962,569781
9,2025,292658,275546,568204
10,2025,293023,274476,567499
11,2025,291826,273984,565810
12,2025,293744,277128,570872
13,2025,291610,274281,565891
14,2025,290654,273281,563935
15,2025,294113,276250,570363
16,2025,298391,278379,576770
17,2025,295804,276110,571914
18,2025,299406,276109,575515
19,2025,301703,276999,578702
20,2025,302457,278030,580487
21,2025,303338,281004,584342
22,2025,306498,286997,593495
23,2025,313218,297064,610282
24,2025,321486,304443,625929
25,2025,322017,308201,630218
26,2025,326498,317709,644207
27,2025,326846,316355,643201
28,2025,331640,323662,655302
29,2025,327295,321010,648305
30,2025,328439,323057,651496
31,2025,336685,333215,669900
32,2025,342643,339253,681896
33,2025,349678,345778,695456
34,2025,359989,358333,718322
35,2025,362092,361842,723934
36,2025,372601,369544,742145
37,2025,382952,384260,767212
38,2025,403951,403457,807408
39,2025,416174,417633,833807
40,2025,434150,436955,871105
41,2025,455266,460050,915316
42,2025,472898,476246,949144
43,2025,469429,474665,944094
44,2025,476569,479363,955932
45,2025,477342,485104,962446
46,2025,473749,482210,955959
47,2025,485095,495384,980479
48,2025,481508,492736,974244
49,2025,481279,495927,977206
50,2025,486716,498699,985415
51,2025,485391,498228,983619
52,2025,489315,505816,995131
53,2025,459163,477315,936478
54,2025,440964,462300,903264
55,2025,431501,453806,885307
56,2025,417649,439814,857463
57,2025,405644,430453,836097
58,2025,386698,411685,798383
59,2025,380933,408084,789017
60,2025,372785,400340,773125
61,2025,365568,392678,758246
62,2025,354405,386460,740865
63,2025,340887,369197,710084
64,2025,335214,363775,698989
65,2025,334676,361526,696202
66,2025,341706,373468,715174
67,2025,348696,380468,729164
68,2025,352105,390209,742314
69,2025,344257,381101,725358
70,2025,317910,367129,685039
71,2025,268470,310948,579418
72,2025,264827,306826,571653
73,2025,264132,312897,577029
74,2025,263222,305589,568811
75,2025,263616,308745,572361
76,2025,264652,321645,586297
77,2025,253894,321192,575086
78,2025,237407,304564,541971
79,2025,215601,280394,495995
80,2025,198209,268965,467174
81,2025,186469,259240,445709
82,2025,171369,248600,419969
83,2025,154043,230940,384983
84,2025,137989,220220,358209
85,2025,126135,212278,338413
86,2025,109128,194582,303710
87,2025,89640,170430,260070
88,2025,75380,154048,229428
89,2025,61943,135994,197937
90,2025,49077,115276,164353
91,2025,38706,97144,135850
92,2025,30440,79945,110385
93,2025,23197,66153,89350
94,2025,17033,51823,68856
95,2025,12391,39956,52347
96,2025,7235,26488,33723
97,2025,3380,13065,16445
98,2025,2083,8472,10555
99,2025,1536,6856,8392
100,2025,2826,14063,16889
0,2025,234939,221438,456377
1,2025,243519,228351,471870
2,2025,249086,235434,484520
3,2025,256777,242813,499590
4,2025,261035,247107,508142
5,2025,272128,257985,530113
6,2025,277016,262141,539157
7,2025,286033,269187,555220
8,2025,290036,273596,563632
9,2025,292678,276719,569397
10,2025,292681,275677,568358
11,2025,293043,274954,567997
12,2025,292091,274112,566203
13,2025,293898,276825,570723
14,2025,291455,274275,565730
15,2025,290465,273164,563629
16,2025,294494,275645,570139
17,2025,300187,278305,578492
18,2025,301382,276786,578168
19,2025,308059,277633,585692
20,2025,307838,278505,586343
21,2025,307267,279308,586575
22,2025,305695,287765,593460
23,2025,308574,287940,596514
24,2025,315318,295888,611206
25,2025,323398,306713,630111
26,2025,323842,310184,634026
27,2025,329010,322474,651484
28,2025,327957,318976,646933
29,2025,333357,325789,659146
30,2025,327631,320089,647720
31,2025,328669,322812,651481
32,2025,337752,333704,671456
33,2025,343954,339640,683594
34,2025,350078,346904,696982
35,2025,360618,358310,718928
36,2025,362528,362114,724642
37,2025,373032,369633,742665
38,2025,383005,384283,767288
39,2025,403974,403360,807334
40,2025,416033,417472,833505
41,2025,434107,436202,870309
42,2025,454626,457842,912468
43,2025,472282,475990,948272
44,2025,468532,474609,943141
45,2025,474420,478592,953012
46,2025,476588,485531,962119
47,2025,472880,481360,954240
48,2025,484243,494976,979219
49,2025,480504,492289,972793
50,2025,480393,495375,975768
51,2025,486034,498039,984073
52,2025,484585,497535,982120
53,2025,488632,504961,993593
54,2025,457383,476241,933624
55,2025,439329,461039,900368
56,2025,430239,453112,883351
57,2025,416251,439204,855455
58,2025,401861,428226,830087
59,2025,385474,408772,794246
60,2025,378484,406876,785360
61,2025,369767,397915,767682
62,2025,362606,389748,752354
63,2025,351107,382878,733985
64,2025,338401,367049,705450
65,2025,330611,360861,691472
66,2025,331528,359863,691391
67,2025,337317,372025,709342
68,2025,342903,377780,720683
69,2025,345249,385113,730362
70,2025,337337,377795,715132
71,2025,308018,348456,656474
72,2025,265305,297703,563008
73,2025,260308,298561,558869
74,2025,262122,303964,566086
75,2025,254691,297308,551999
76,2025,252162,302801,554963
77,2025,255106,317633,572739
78,2025,243622,308722,552344
79,2025,225094,299618,524712
80,2025,204376,275462,479838
81,2025,183763,258433,442196
82,2025,173780,250159,423939
83,2025,158574,234211,392785
84,2025,141541,220369,361910
85,2025,123966,205528,329494
86,2025,111329,191692,303021
87,2025,96510,179935,276445
88,2025,77224,155143,232367
89,2025,64376,136430,200806
90,2025,52585,118783,171368
91,2025,40586,100461,141047
92,2025,30975,81821,112796
93,2025,23596,66711,90307
94,2025,17336,51791,69127
95,2025,12173,40958,53131
96,2025,8697,30845,39542
97,2025,4994,19308,24302
98,2025,2266,9513,11779
99,2025,1393,5998,7391
100,2025,2659,12843,15502
0,2025,223472,210886,434358
1,2025,234792,221629,456421
2,2025,242253,228659,470912
3,2025,249249,235859,485108
4,2025,256856,241959,498815
5,2025,260910,246611,507521
6,2025,271574,256623,528197
7,2025,277042,262026,539068
8,2025,285842,269033,554875
9,2025,290225,273648,563873
10,2025,292822,276811,569633
11,2025,292869,275804,568673
12,2025,293374,275060,568434
13,2025,292574,274133,566707
14,2025,294197,277562,571759
15,2025,292240,274212,566452
16,2025,291604,273655,565259
17,2025,298660,276652,575312
18,2025,304672,279171,583843
19,2025,307755,278448,586203
20,2025,311408,278840,590248
21,2025,310314,279675,589989
22,2025,308999,280430,589429
23,2025,308059,291034,599093
24,2025,310026,290330,600356
25,2025,316080,297538,613618
26,2025,325659,308538,634197
27,2025,325588,312390,637978
28,2025,330353,316188,646541
29,2025,328994,320021,649015
30,2025,334649,325140,659789
31,2025,328300,320611,648911
32,2025,329945,323279,653224
33,2025,338311,334238,672549
34,2025,344816,340135,684951
35,2025,351063,347935,698998
36,2025,361105,358772,719877
37,2025,363050,362439,725489
38,2025,373631,369944,743575
39,2025,383416,385276,768692
40,2025,404445,403487,807932
41,2025,416260,417597,833857
42,2025,434357,436228,870585
43,2025,454393,458186,912579
44,2025,472198,476321,948519
45,2025,468478,474425,942903
46,2025,473536,478312,951848
47,2025,475877,485217,961094
48,2025,472194,480730,952924
49,2025,483565,493240,976805
50,2025,479894,490859,970753
51,2025,479834,494944,974778
52,2025,485358,497042,982400
53,2025,483660,497016,980676
54,2025,487540,503496,991036
55,2025,455919,474171,930090
56,2025,438151,460272,898423
57,2025,428691,451478,880169
58,2025,413765,437395,851160
59,2025,399243,425117,824360
60,2025,382237,409490,791727
61,2025,376318,404770,781088
62,2025,367172,395386,762558
63,2025,358170,387974,746144
64,2025,346792,380063,726855
65,2025,334102,361496,695598
66,2025,327645,358981,686626
67,2025,328721,360445,689166
68,2025,333153,368748,701901
69,2025,337388,369525,706913
70,2025,339434,382737,722171
71,2025,332393,373337,705730
72,2025,310065,356274,666339
73,2025,258237,301327,559564
74,2025,255477,299715,555192
75,2025,250501,298199,548700
76,2025,246866,299080,545946
77,2025,245803,297516,543319
78,2025,246252,312516,558768
79,2025,233973,299737,533710
80,2025,216148,286427,502575
81,2025,193305,262065,455370
82,2025,172402,248859,421261
83,2025,161701,239280,400981
84,2025,145796,222452,368248
85,2025,127583,205025,332608
86,2025,111488,191943,303431
87,2025,98717,178987,277704
88,2025,84494,163612,248106
89,2025,67205,137408,204613
90,2025,53464,120155,173619
91,2025,42589,104060,146649
92,2025,31376,82638,114014
93,2025,24242,67697,91939
94,2025,18282,54691,72973
95,2025,12529,41480,54009
96,2025,8769,31123,39892
97,2025,6056,23060,29116
98,2025,3334,13912,17246
99,2025,1581,6902,8483
100,2025,2263,11903,14166
0,2025,214619,203668,418287
1,2025,224991,211850,436841
2,2025,235459,222945,458404
3,2025,242733,229069,471802
4,2025,249847,236425,486272
5,2025,257344,242473,499817
6,2025,261152,247050,508202
7,2025,271860,257697,529557
8,2025,277304,262239,539543
9,2025,286196,269355,555551
10,2025,290241,273635,563876
11,2025,293070,276962,570032
12,2025,293486,276079,569565
13,2025,294075,275347,569422
14,2025,293106,274338,567444
15,2025,294494,277621,572115
16,2025,292709,274202,566911
17,2025,294379,273869,568248
18,2025,300902,278698,579600
19,2025,307649,281198,588847
20,2025,309326,279353,588679
21,2025,312067,279933,592000
22,2025,310035,280478,590513
23,2025,309419,281722,591141
24,2025,308540,292489,601029
25,2025,309994,291268,601262
26,2025,316528,298432,614960
27,2025,326207,307704,633911
28,2025,325941,311669,637610
29,2025,330216,316841,647057
30,2025,329009,318999,648008
31,2025,333264,325275,658539
32,2025,328122,320927,649049
33,2025,330014,324446,654460
34,2025,338726,334614,673340
35,2025,345252,340173,685425
36,2025,352713,349363,702076
37,2025,360987,359890,720877
38,2025,362583,363541,726124
39,2025,373473,370079,743552
40,2025,384217,384584,768801
41,2025,404112,403549,807661
42,2025,416047,417648,833695
43,2025,433901,436189,870090
44,2025,453725,460178,913903
45,2025,471805,476001,947806
46,2025,467858,474047,941905
47,2025,472786,478239,951025
48,2025,474526,483715,958241
49,2025,471525,480923,952448
50,2025,481790,492109,973899
51,2025,477994,491328,969322
52,2025,478886,494353,973239
53,2025,484345,496618,980963
54,2025,482849,496431,979280
55,2025,486402,502274,988676
56,2025,454464,471816,926280
57,2025,436708,459371,896079
58,2025,425997,449015,875012
59,2025,412859,435722,848581
60,2025,394395,419840,814235
61,2025,380103,408408,788511
62,2025,374521,402158,776679
63,2025,364366,394001,758367
64,2025,353167,386916,740083
65,2025,343560,377808,721368
66,2025,331097,360165,691262
67,2025,324014,356804,680818
68,2025,323085,360373,683458
69,2025,325485,365719,691204
70,2025,331427,364679,696106
71,2025,331292,374191,705483
72,2025,324857,368991,693848
73,2025,294479,347022,641501
74,2025,254532,293267,547799
75,2025,247960,295233,543193
76,2025,246586,296893,543479
77,2025,238920,297548,536468
78,2025,234697,297587,532284
79,2025,236443,303833,540276
80,2025,222118,295170,517288
81,2025,205128,280557,485685
82,2025,181230,250578,431808
83,2025,161354,238005,399359
84,2025,149419,227604,377023
85,2025,133892,209174,343066
86,2025,114994,191963,306957
87,2025,99392,177864,277256
88,2025,86906,163372,250278
89,2025,71361,146181,217542
90,2025,55804,121261,177065
91,2025,43730,104808,148538
92,2025,33845,85468,119313
93,2025,25469,69737,95206
94,2025,18673,55305,73978
95,2025,13923,43148,57071
96,2025,9079,31247,40326
97,2025,6115,23089,29204
98,2025,4124,16435,20559
99,2025,2260,9962,12222
100,2025,2359,12674,15033
0,2025,210417,199032,409449
1,2025,216979,209353,426332
2,2025,227667,215300,442967
3,2025,237590,225541,463131
4,2025,249900,231864,481764
5,2025,251934,237908,489842
6,2025,257698,243217,500915
7,2025,262079,247803,509882
8,2025,272800,258260,531060
9,2025,278063,262768,540831
10,2025,286932,269934,556866
11,2025,291336,274332,565668
12,2025,294170,277815,571985
13,2025,294448,276802,571250
14,2025,295025,276402,571427
15,2025,294314,275474,569788
16,2025,295034,277638,572672
17,2025,294849,275021,569870
18,2025,297995,276777,574772
19,2025,307036,279651,586687
20,2025,308621,280572,589193
21,2025,309760,280901,590661
22,2025,310858,281298,592156
23,2025,309658,281343,591001
24,2025,308789,285617,594406
25,2025,308187,297348,605535
26,2025,310736,297733,608469
27,2025,321057,304244,625301
28,2025,326338,311305,637643
29,2025,327657,319342,646999
30,2025,329630,316807,646437
31,2025,329385,318665,648050
32,2025,331186,324343,655529
33,2025,327942,320761,648703
34,2025,330911,327879,658790
35,2025,338819,335157,673976
36,2025,345894,340470,686364
37,2025,353098,351642,704740
38,2025,360928,361433,722361
39,2025,362619,364073,726692
40,2025,373475,369990,743465
41,2025,384239,384533,768772
42,2025,404043,404834,808877
43,2025,416181,417665,833846
44,2025,434042,436250,870292
45,2025,454121,460540,914661
46,2025,472060,476032,948092
47,2025,468346,474770,943116
48,2025,472854,478102,950956
49,2025,474332,482822,957154
50,2025,471735,480954,952689
51,2025,474072,490639,964711
52,2025,475425,490531,965956
53,2025,479254,494343,973597
54,2025,484367,495617,979984
55,2025,483394,497128,980522
56,2025,486990,498613,985603
57,2025,454949,470923,925872
58,2025,436302,458946,895248
59,2025,421336,443296,864632
60,2025,413949,434202,848151
61,2025,388994,414428,803422
62,2025,379874,407805,787679
63,2025,363786,399141,762927
64,2025,359606,390418,750024
65,2025,345323,383571,728894
66,2025,332849,367779,700628
67,2025,327085,358036,685121
68,2025,318007,356318,674325
69,2025,326276,369037,695313
70,2025,322449,360507,682956
71,2025,323885,359850,683735
72,2025,322035,367320,689355
73,2025,308485,364160,672645
74,2025,256289,293442,549731
75,2025,257457,311994,569451
76,2025,249913,304550,554463
77,2025,243876,310444,554320
78,2025,240553,311106,551659
79,2025,238012,302867,540879
80,2025,222742,293735,516477
81,2025,199673,285220,484893
82,2025,182066,256797,438863
83,2025,165863,232096,397959
84,2025,152812,227444,380256
85,2025,135569,212900,348469
86,2025,122889,194206,317095
87,2025,101354,181433,282787
88,2025,88622,165862,254484
89,2025,74574,153453,228027
90,2025,56678,120734,177412
91,2025,46120,103998,150118
92,2025,35236,91914,127150
93,2025,28561,74667,103228
94,2025,19002,55006,74008
95,2025,14491,44316,58807
96,2025,9769,32781,42550
97,2025,6090,22593,28683
98,2025,4209,16321,20530
99,2025,2916,13052,15968
100,2025,2389,12741,15130
0,2025,210583,199454,410037
1,2025,211947,202631,414578
2,2025,219048,212706,431754
3,2025,230035,224788,454823
4,2025,238285,230290,468575
5,2025,252090,237306,489396
6,2025,252340,240139,492479
7,2025,258280,243481,501761
8,2025,262963,248199,511162
9,2025,278536,259347,537883
10,2025,282479,265966,548445
11,2025,291769,275388,567157
12,2025,293058,275265,568323
13,2025,294828,276971,571799
14,2025,294215,275620,569835
15,2025,294750,276061,570811
16,2025,295370,276503,571873
17,2025,294888,276775,571663
18,2025,295384,274786,570170
19,2025,300137,278457,578594
20,2025,307971,280460,588431
21,2025,308390,280346,588736
22,2025,310002,280624,590626
23,2025,309917,280614,590531
24,2025,309026,281152,590178
25,2025,306527,281831,588358
26,2025,305996,298328,604324
27,2025,310167,305714,615881
28,2025,322969,303643,626612
29,2025,322427,312205,634632
30,2025,327798,318952,646750
31,2025,327334,323348,650682
32,2025,329615,318458,648073
33,2025,330523,322024,652547
34,2025,327839,320256,648095
35,2025,330373,324195,654568
36,2025,337226,334245,671471
37,2025,344203,340312,684515
38,2025,350455,351098,701553
39,2025,360470,359742,720212
40,2025,362809,363083,725892
41,2025,373143,369894,743037
42,2025,383052,385107,768159
43,2025,403944,404788,808732
44,2025,416228,417683,833911
45,2025,434019,436181,870200
46,2025,454195,461230,915425
47,2025,471585,476611,948196
48,2025,469345,474626,943971
49,2025,472319,474743,947062
50,2025,472857,480434,953291
51,2025,472101,479270,951371
52,2025,472685,484620,957305
53,2025,474105,490185,964290
54,2025,478842,493171,972013
55,2025,484256,495151,979407
56,2025,484719,497852,982571
57,2025,478418,493053,971471
58,2025,442369,463770,906139
59,2025,435104,457804,892908
60,2025,418632,439388,858020
61,2025,413674,430870,844544
62,2025,377939,394259,772198
63,2025,375588,405300,780888
64,2025,359739,394793,754532
65,2025,345469,385383,730852
66,2025,341454,376506,717960
67,2025,328517,356051,684568
68,2025,315684,352816,668500
69,2025,313395,347340,660735
70,2025,324166,366489,690655
71,2025,316708,345521,662229
72,2025,314092,358756,672848
73,2025,299343,359592,658935
74,2025,298507,351257,649764
75,2025,247352,282739,530091
76,2025,247335,308459,555794
77,2025,244412,308276,552688
78,2025,236865,290570,527435
79,2025,233583,289248,522831
80,2025,231788,299427,531215
81,2025,207687,294615,502302
82,2025,183233,268806,452039
83,2025,170548,244395,414943
84,2025,152206,221767,373973
85,2025,138647,218904,357551
86,2025,123654,195268,318922
87,2025,107668,182948,290616
88,2025,88964,167520,256484
89,2025,71087,146493,217580
90,2025,61217,130099,191316
91,2025,46003,105323,151326
92,2025,35317,89358,124675
93,2025,29338,76687,106025
94,2025,18995,54544,73539
95,2025,14437,44397,58834
96,2025,9404,31214,40618
97,2025,6012,21536,27548
98,2025,4232,16183,20415
99,2025,2820,12671,15491
100,2025,2988,14513,17501
0,2025,211703,198944,410647
1,2025,210698,199714,410412
2,2025,212371,205494,417865
3,2025,219489,212403,431892
4,2025,230522,226982,457504
5,2025,238256,230503,468759
6,2025,251813,237186,488999
7,2025,255314,244834,500148
8,2025,268067,243409,511476
9,2025,267341,255038,522379
10,2025,281087,268800,549887
11,2025,288763,271919,560682
12,2025,291236,275122,566358
13,2025,293695,277709,571404
14,2025,294748,277104,571852
15,2025,298942,275189,574131
16,2025,295626,275183,570809
17,2025,297280,280906,578186
18,2025,297544,276775,574319
19,2025,296445,276268,572713
20,2025,300944,278336,579280
21,2025,308650,280607,589257
22,2025,307904,279581,587485
23,2025,310365,279962,590327
24,2025,309808,280395,590203
25,2025,308873,281081,589954
26,2025,306644,281109,587753
27,2025,307107,298381,605488
28,2025,309588,296585,606173
29,2025,322886,302733,625619
30,2025,322750,308419,631169
31,2025,327013,319826,646839
32,2025,328386,323422,651808
33,2025,329552,318656,648208
34,2025,332528,323477,656005
35,2025,327957,320160,648117
36,2025,328861,324143,653004
37,2025,337526,334083,671609
38,2025,344693,340178,684871
39,2025,351115,350458,701573
40,2025,360477,359711,720188
41,2025,362754,363201,725955
42,2025,372650,369758,742408
43,2025,382907,385057,767964
44,2025,403810,404805,808615
45,2025,416415,417706,834121
46,2025,434596,436256,870852
47,2025,454165,462657,916822
48,2025,465197,469020,934217
49,2025,469133,474720,943853
50,2025,468312,472651,940963
51,2025,472249,478608,950857
52,2025,472192,478660,950852
53,2025,472330,480087,952417
54,2025,472582,489851,962433
55,2025,475173,493110,968283
56,2025,484191,494231,978422
57,2025,486121,499818,985939
58,2025,478217,491206,969423
59,2025,441179,464950,906129
60,2025,434237,454908,889145
61,2025,416894,440168,857062
62,2025,413214,427561,840775
63,2025,375900,407464,783364
64,2025,374382,400657,775039
65,2025,362958,386827,749785
66,2025,340017,374581,714598
67,2025,340349,372462,712811
68,2025,326793,354375,681168
69,2025,310821,343398,654219
70,2025,307983,340878,648861
71,2025,313871,357145,671016
72,2025,296714,325645,622359
73,2025,307090,357479,664569
74,2025,291654,330763,622417
75,2025,296642,325964,622606
76,2025,238169,279617,517786
77,2025,239432,285725,525157
78,2025,235776,286804,522580
79,2025,233006,279037,512043
80,2025,227069,283196,510265
81,2025,215124,298536,513660
82,2025,193983,273044,467027
83,2025,172444,254324,426768
84,2025,158617,228628,387245
85,2025,139304,205725,345029
86,2025,124668,196222,320890
87,2025,110955,186532,297487
88,2025,89829,168117,257946
89,2025,70642,149206,219848
90,2025,57730,120924,178654
91,2025,57826,115639,173465
92,2025,37096,90539,127635
93,2025,29548,77293,106841
94,2025,19488,54112,73600
95,2025,15619,46822,62441
96,2025,9654,32910,42564
97,2025,5915,21336,27251
98,2025,4442,16362,20804
99,2025,2878,12512,15390
100,2025,3603,16072,19675
0,2025,211976,199211,411187
1,2025,211597,199919,411516
2,2025,210810,199974,410784
3,2025,212824,205413,418237
4,2025,220821,213497,434318
5,2025,231357,226220,457577
6,2025,238537,230362,468899
7,2025,252690,237421,490111
8,2025,257301,244735,502036
9,2025,267522,248167,515689
10,2025,267647,255573,523220
11,2025,280441,265439,545880
12,2025,289988,272432,562420
13,2025,290494,274141,564635
14,2025,295506,277595,573101
15,2025,295837,274981,570818
16,2025,295938,274862,570800
17,2025,297142,275300,572442
18,2025,303926,283316,587242
19,2025,301409,279015,580424
20,2025,301736,277561,579297
21,2025,305942,279901,585843
22,2025,309331,284890,594221
23,2025,310234,280682,590916
24,2025,311087,280613,591700
25,2025,311278,280543,591821
26,2025,309748,291138,600886
27,2025,309301,289896,599197
28,2025,308653,300368,609021
29,2025,310714,308035,618749
30,2025,323430,306110,629540
31,2025,327284,311983,639267
32,2025,327624,314288,641912
33,2025,330293,317697,647990
34,2025,328420,321776,650196
35,2025,331797,324725,656522
36,2025,327864,320530,648394
37,2025,333558,329365,662923
38,2025,340018,336304,676322
39,2025,346375,340662,687037
40,2025,356401,356415,712816
41,2025,360731,364611,725342
42,2025,361977,363725,725702
43,2025,372854,370192,743046
44,2025,384475,387359,771834
45,2025,407687,406877,814564
46,2025,416701,417733,834434
47,2025,436394,439026,875420
48,2025,454288,462276,916564
49,2025,470441,472018,942459
50,2025,469578,475366,944944
51,2025,470395,472468,942863
52,2025,470508,478067,948575
53,2025,470103,477830,947933
54,2025,472171,479218,951389
55,2025,472698,489819,962517
56,2025,474084,492575,966659
57,2025,484035,494312,978347
58,2025,486016,499654,985670
59,2025,474311,482250,956561
60,2025,440996,463888,904884
61,2025,432806,452418,885224
62,2025,415258,440358,855616
63,2025,412553,423188,835741
64,2025,376997,408296,785293
65,2025,369809,397952,767761
66,2025,353851,386328,740179
67,2025,341180,364191,705371
68,2025,336770,367702,704472
69,2025,316235,349403,665638
70,2025,307215,341282,648497
71,2025,306234,337718,643952
72,2025,309382,351728,661110
73,2025,289991,322435,612426
74,2025,290271,350176,640447
75,2025,288044,327896,615940
76,2025,287665,326062,613727
77,2025,231846,271862,503708
78,2025,228161,283132,511293
79,2025,229711,277646,507357
80,2025,228975,275194,504169
81,2025,218951,261204,480155
82,2025,202793,277221,480014
83,2025,179412,268181,447593
84,2025,161153,243202,404355
85,2025,143316,216526,359842
86,2025,125267,195189,320456
87,2025,111320,189751,301071
88,2025,96901,169552,266453
89,2025,71625,149309,220934
90,2025,57057,122708,179765
91,2025,49885,106434,156319
92,2025,39448,90417,129865
93,2025,30243,77598,107841
94,2025,19239,54322,73561
95,2025,15535,46221,61756
96,2025,9598,33008,42606
97,2025,5834,21370,27204
98,2025,4630,17077,21707
99,2025,2940,12523,15463
100,2025,3652,15820,19472
0,2026,292160,275407,567567
1,2026,292160,275407,567567
2,2026,292156,275407,567563
3,2026,292317,275433,567750
4,2026,292459,275435,567894
5,2026,292604,275460,568064
6,2026,292715,275538,568253
7,2026,292699,275529,568228
8,2026,292688,275503,568191
9,2026,292689,275485,568174
10,2026,292704,275551,568255
11,2026,292828,275972,568800
12,2026,293342,276256,569598
13,2026,293719,276375,570094
14,2026,293758,276281,570039
15,2026,293823,276272,570095
16,2026,294123,276355,570478
17,2026,294561,276410,570971
18,2026,295789,276733,572522
19,2026,296731,278188,574919
20,2026,296795,278225,575020
21,2026,296833,278284,575117
22,2026,296862,278532,575394
23,2026,296890,278545,575435
24,2026,296890,278545,575435
25,2026,296890,278545,575435
26,2026,296890,278545,575435
27,2026,296890,278545,575435
28,2026,296890,278545,575435
29,2026,296890,278545,575435
30,2026,296890,278545,575435
31,2026,296890,278545,575435
32,2026,296890,278545,575435
33,2026,296890,278545,575435
34,2026,296890,278545,575435
35,2026,296890,278545,575435
36,2026,296890,278545,575435
37,2026,296890,278545,575435
38,2026,296890,278545,575435
39,2026,296890,278545,575435
40,2026,296890,278545,575435
41,2026,296890,278545,575435
42,2026,296890,278545,575435
43,2026,296890,278545,575435
44,2026,296890,278545,575435
45,2026,296890,278545,575435
46,2026,296881,278545,575426
47,2026,296873,278545,575418
48,2026,296873,278545,575418
49,2026,296873,278545,575418
50,2026,296873,278545,575418
51,2026,296873,278595,575468
52,2026,296873,278595,575468
53,2026,296873,278595,575468
54,2026,296873,278595,575468
55,2026,296873,278595,575468
56,2026,296873,278595,575468
57,2026,296873,278595,575468
58,2026,296873,278595,575468
59,2026,296873,278595,575468
60,2026,296873,278595,575468
61,2026,296873,278595,575468
62,2026,296873,278595,575468
63,2026,296873,278595,575468
64,2026,296825,278595,575420
65,2026,296825,278595,575420
66,2026,296738,278595,575333
67,2026,296738,278595,575333
68,2026,296472,278595,575067
69,2026,296377,278595,574972
70,2026,296237,278595,574832
71,2026,295800,278595,574395
72,2026,295800,278595,574395
73,2026,295461,278595,574056
74,2026,295423,278595,574018
75,2026,295423,278595,574018
76,2026,295423,278595,574018
77,2026,295423,278595,574018
78,2026,295423,279554,574977
79,2026,295423,279363,574786
80,2026,295423,279614,575037
81,2026,295423,279743,575166
82,2026,295423,279743,575166
83,2026,295423,279743,575166
84,2026,295423,279743,575166
85,2026,295423,279743,575166
86,2026,295423,279743,575166
87,2026,295423,279743,575166
88,2026,295423,279743,575166
89,2026,295423,279743,575166
90,2026,295423,279743,575166
91,2026,295423,279743,575166
92,2026,295423,279743,575166
93,2026,295423,279743,575166
94,2026,295423,279743,575166
95,2026,295423,279743,575166
96,2026,295423,279743,575166
97,2026,295423,279743,575166
98,2026,295423,279743,575166
99,2026,295423,279743,575166
100,2026,295423,279743,575166
0,2026,292266,275259,567525
1,2026,292266,275259,567525
2,2026,292259,275259,567518
3,2026,292436,275274,567710
4,2026,292615,275193,567808
5,2026,292741,275299,568040
6,2026,292868,275406,568274
7,2026,292842,275390,568232
8,2026,292820,275364,568184
9,2026,292815,275344,568159
10,2026,292810,275474,568284
11,2026,292862,275699,568561
12,2026,293184,275754,568938
13,2026,293704,275708,569412
14,2026,293937,275800,569737
15,2026,294124,275792,569916
16,2026,294466,275859,570325
17,2026,295672,275850,571522
18,2026,297964,276497,574461
19,2026,298821,278322,577143
20,2026,299958,278491,578449
21,2026,300126,278538,578664
22,2026,300128,279006,579134
23,2026,300136,279020,579156
24,2026,300136,279020,579156
25,2026,300136,279020,579156
26,2026,300136,279020,579156
27,2026,300136,279020,579156
28,2026,300136,279020,579156
29,2026,300136,279020,579156
30,2026,300136,279020,579156
31,2026,300136,279020,579156
32,2026,300136,279020,579156
33,2026,300136,279020,579156
34,2026,300136,279020,579156
35,2026,300136,279020,579156
36,2026,300136,279020,579156
37,2026,300136,279020,579156
38,2026,300136,279020,579156
39,2026,300136,279020,579156
40,2026,300136,279020,579156
41,2026,300136,279020,579156
42,2026,300136,279020,579156
43,2026,300136,279020,579156
44,2026,300538,279020,579558
45,2026,300538,279020,579558
46,2026,300536,279020,579556
47,2026,300528,279020,579548
48,2026,300528,279020,579548
49,2026,300528,279020,579548
50,2026,300528,279020,579548
51,2026,300528,279059,579587
52,2026,300528,279059,579587
53,2026,300528,279059,579587
54,2026,300528,279059,579587
55,2026,300528,279059,579587
56,2026,300528,279059,579587
57,2026,300528,279059,579587
58,2026,300528,279059,579587
59,2026,300528,279059,579587
60,2026,300528,279059,579587
61,2026,300528,279059,579587
62,2026,300528,279059,579587
63,2026,300528,279059,579587
64,2026,300557,279059,579616
65,2026,300557,279059,579616
66,2026,300066,279059,579125
67,2026,300008,279059,579067
68,2026,299613,279059,578672
69,2026,299663,279059,578722
70,2026,299415,279037,578452
71,2026,298888,279037,577925
72,2026,298782,279037,577819
73,2026,298283,278963,577246
74,2026,298238,278963,577201
75,2026,298238,278963,577201
76,2026,298238,278963,577201
77,2026,298238,278963,577201
78,2026,298344,280269,578613
79,2026,298259,280078,578337
80,2026,298344,280826,579170
81,2026,298338,280568,578906
82,2026,298338,280568,578906
83,2026,298338,280568,578906
84,2026,298338,280568,578906
85,2026,298338,280568,578906
86,2026,298338,280568,578906
87,2026,298338,280568,578906
88,2026,298338,280568,578906
89,2026,298338,280568,578906
90,2026,298338,280568,578906
91,2026,298338,280568,578906
92,2026,298338,280568,578906
93,2026,298338,280568,578906
94,2026,298338,280568,578906
95,2026,298338,280568,578906
96,2026,298338,280568,578906
97,2026,298338,280568,578906
98,2026,298338,280568,578906
99,2026,298338,280568,578906
100,2026,298338,280568,578906
0,2026,271921,256953,528874
1,2026,272092,256993,529085
2,2026,271713,257003,528716
3,2026,271503,257140,528643
4,2026,271486,256966,528452
5,2026,271703,256942,528645
6,2026,271709,256942,528651
7,2026,271923,257252,529175
8,2026,273705,259226,532931
9,2026,281256,272494,553750
10,2026,292808,275519,568327
11,2026,292819,275994,568813
12,2026,284272,271749,556021
13,2026,294098,276045,570143
14,2026,281155,271679,552834
15,2026,281650,272597,554247
16,2026,296440,281482,577922
17,2026,297660,301550,599210
18,2026,318332,320608,638940
19,2026,316763,320292,637055
20,2026,319126,320283,639409
21,2026,320243,316468,636711
22,2026,323408,315328,638736
23,2026,339512,321325,660837
24,2026,353721,330777,684498
25,2026,382543,374698,757241
26,2026,412227,429445,841672
27,2026,422289,438411,860700
28,2026,426560,439342,865902
29,2026,436447,441182,877629
30,2026,438326,441905,880231
31,2026,438114,442481,880595
32,2026,449874,448834,898708
33,2026,445764,448942,894706
34,2026,464272,456093,920365
35,2026,463092,460384,923476
36,2026,467818,461341,929159
37,2026,467809,461443,929252
38,2026,444403,449067,893470
39,2026,438071,444294,882365
40,2026,432722,443533,876255
41,2026,420625,437362,857987
42,2026,412708,430458,843166
43,2026,388073,398119,786192
44,2026,386536,397376,783912
45,2026,384642,397672,782314
46,2026,375061,377414,752475
47,2026,358376,377281,735657
48,2026,358132,377085,735217
49,2026,357762,377451,735213
50,2026,357763,377505,735268
51,2026,357743,377454,735197
52,2026,371488,377523,749011
53,2026,390273,398816,789089
54,2026,386972,398401,785373
55,2026,387385,398868,786253
56,2026,327820,322768,650588
57,2026,317704,317686,635390
58,2026,318619,318633,637252
59,2026,318560,321288,639848
60,2026,320006,322546,642552
61,2026,345992,373632,719624
62,2026,346536,373653,720189
63,2026,335849,368016,703865
64,2026,315961,322546,638507
65,2026,301745,319271,621016
66,2026,318230,322804,641034
67,2026,288068,319271,607339
68,2026,282713,318926,601639
69,2026,274001,320770,594771
70,2026,273468,318459,591927
71,2026,273819,318126,591945
72,2026,262763,316095,578858
73,2026,250619,313975,564594
74,2026,241838,306851,548689
75,2026,238449,298260,536709
76,2026,235607,295552,531159
77,2026,234587,277820,512407
78,2026,234667,279235,513902
79,2026,234103,257510,491613
80,2026,234042,246642,480684
81,2026,233516,226784,460300
82,2026,232107,195582,427689
83,2026,230732,193882,424614
84,2026,230732,193664,424396
85,2026,230791,192655,423446
86,2026,230872,179457,410329
87,2026,230872,177459,408331
88,2026,230732,177495,408227
89,2026,230113,169703,399816
90,2026,229966,153613,383579
91,2026,229995,151400,381395
92,2026,229973,145207,375180
93,2026,229784,143873,373657
94,2026,229750,143017,372767
95,2026,229750,138842,368592
96,2026,229750,138842,368592
97,2026,229725,134965,364690
98,2026,229725,134192,363917
99,2026,229725,134192,363917
100,2026,229725,134192,363917
0,2026,271327,260161,531488
1,2026,270726,256162,526888
2,2026,270787,256144,526931
3,2026,270753,256382,527135
4,2026,270717,256409,527126
5,2026,270671,256080,526751
6,2026,270662,256143,526805
7,2026,270808,256452,527260
8,2026,271119,256874,527993
9,2026,275881,263707,539588
10,2026,290298,273687,563985
11,2026,292061,274699,566760
12,2026,293404,276083,569487
13,2026,292878,275168,568046
14,2026,293531,275780,569311
15,2026,283656,273894,557550
16,2026,280076,267469,547545
17,2026,298388,279349,577737
18,2026,304688,310143,614831
19,2026,320307,326275,646582
20,2026,316995,314772,631767
21,2026,321996,319840,641836
22,2026,322784,314324,637108
23,2026,329533,316430,645963
24,2026,348289,335912,684201
25,2026,366130,376798,742928
26,2026,394500,408681,803181
27,2026,414012,426275,840287
28,2026,425454,437817,863271
29,2026,429791,441766,871557
30,2026,439407,444669,884076
31,2026,441174,447450,888624
32,2026,438606,445519,884125
33,2026,453013,458660,911673
34,2026,457441,456510,913951
35,2026,459389,462760,922149
36,2026,461855,462052,923907
37,2026,463626,463614,927240
38,2026,458675,464462,923137
39,2026,445191,453300,898491
40,2026,439248,449345,888593
41,2026,435457,446642,882099
42,2026,424549,441381,865930
43,2026,414510,432485,846995
44,2026,396517,412273,808790
45,2026,393914,405193,799107
46,2026,389931,397597,787528
47,2026,378433,378373,756806
48,2026,366802,382666,749468
49,2026,365696,378683,744379
50,2026,365055,377779,742834
51,2026,364337,379783,744120
52,2026,366293,379055,745348
53,2026,376988,381201,758189
54,2026,397889,423256,821145
55,2026,395895,407720,803615
56,2026,385257,397572,782829
57,2026,334454,346755,681209
58,2026,314617,317121,631738
59,2026,314025,317781,631806
60,2026,312908,321276,634184
61,2026,315491,329844,645335
62,2026,342519,373993,716512
63,2026,350937,379151,730088
64,2026,333283,374855,708138
65,2026,317190,351607,668797
66,2026,285607,317662,603269
67,2026,297162,329312,626474
68,2026,282658,319449,602107
69,2026,273318,320798,594116
70,2026,277776,320982,598758
71,2026,265277,315676,580953
72,2026,263427,319675,583102
73,2026,248061,322790,570851
74,2026,239735,307213,546948
75,2026,236184,299846,536030
76,2026,231884,299072,530956
77,2026,230181,279815,509996
78,2026,229832,277462,507294
79,2026,229890,257473,487363
80,2026,229977,249395,479372
81,2026,228846,231004,459850
82,2026,228388,216611,444999
83,2026,227078,197008,424086
84,2026,226751,192594,419345
85,2026,225984,179418,405402
86,2026,225984,170436,396420
87,2026,226751,176421,403172
88,2026,225984,172215,398199
89,2026,225921,170587,396508
90,2026,225409,151962,377371
91,2026,223723,151146,374869
92,2026,222670,145991,368661
93,2026,222621,144710,367331
94,2026,222677,143718,366395
95,2026,222677,141838,364515
96,2026,222677,136881,359558
97,2026,222573,135795,358368
98,2026,222573,133817,356390
99,2026,222573,133817,356390
100,2026,222573,133817,356390
0,2026,284054,273017,557071
1,2026,271868,260453,532321
2,2026,271112,255495,526607
3,2026,271300,259723,531023
4,2026,271163,258511,529674
5,2026,270979,255171,526150
6,2026,271000,255610,526610
7,2026,270982,255742,526724
8,2026,271290,255892,527182
9,2026,271840,258359,530199
10,2026,277351,262432,539783
11,2026,287746,272772,560518
12,2026,293917,276887,570804
13,2026,295694,276223,571917
14,2026,294495,277449,571944
15,2026,293706,276924,570630
16,2026,282938,273029,555967
17,2026,280923,268097,549020
18,2026,304044,278650,582694
19,2026,306095,313516,619611
20,2026,312334,339324,651658
21,2026,316937,323568,640505
22,2026,321103,315395,636498
23,2026,323441,317011,640452
24,2026,332075,326642,658717
25,2026,344140,338184,682324
26,2026,360665,367979,728644
27,2026,380742,371698,752440
28,2026,421595,417957,839552
29,2026,441901,447327,889228
30,2026,442377,444584,886961
31,2026,443984,448498,892482
32,2026,445143,450712,895855
33,2026,444880,450253,895133
34,2026,448597,459068,907665
35,2026,471956,466159,938115
36,2026,476122,466991,943113
37,2026,480159,469802,949961
38,2026,479666,468749,948415
39,2026,481962,471754,953716
40,2026,478891,474631,953522
41,2026,445171,456897,902068
42,2026,440442,450544,890986
43,2026,434749,447974,882723
44,2026,421640,435254,856894
45,2026,410890,425618,836508
46,2026,394548,409328,803876
47,2026,391536,393217,784753
48,2026,384487,391755,776242
49,2026,378243,373286,751529
50,2026,368491,372961,741452
51,2026,355766,368211,723977
52,2026,355351,369830,725181
53,2026,356102,368695,724797
54,2026,367448,372557,740005
55,2026,378068,384043,762111
56,2026,393435,405953,799388
57,2026,384108,391888,775996
58,2026,346389,352508,698897
59,2026,313488,320708,634196
60,2026,310583,316345,626928
61,2026,304883,322206,627089
62,2026,306053,329562,635615
63,2026,328927,364776,693703
64,2026,344885,375396,720281
65,2026,332337,372447,704784
66,2026,316498,349827,666325
67,2026,281667,315725,597392
68,2026,290445,317221,607666
69,2026,273099,317626,590725
70,2026,273954,318364,592318
71,2026,265580,322300,587880
72,2026,261954,317510,579464
73,2026,260133,321537,581670
74,2026,247715,307198,554913
75,2026,239747,297646,537393
76,2026,235895,297854,533749
77,2026,230461,288270,518731
78,2026,229557,281006,510563
79,2026,227800,257006,484806
80,2026,226905,248655,475560
81,2026,224622,238758,463380
82,2026,223404,225824,449228
83,2026,222352,204477,426829
84,2026,221885,198386,420271
85,2026,221510,180925,402435
86,2026,220176,156370,376546
87,2026,220201,154130,374331
88,2026,221346,168280,389626
89,2026,221346,166143,387489
90,2026,220068,150766,370834
91,2026,220122,151036,371158
92,2026,220122,144303,364425
93,2026,220145,139434,359579
94,2026,220123,137606,357729
95,2026,220189,131870,352059
96,2026,219939,131870,351809
97,2026,219939,131898,351837
98,2026,219939,131898,351837
99,2026,219939,131898,351837
100,2026,219939,131898,351837
0,2026,281367,271156,552523
1,2026,282777,268977,551754
2,2026,270698,262130,532828
3,2026,267005,261967,528972
4,2026,278881,261993,540874
5,2026,267108,261930,529038
6,2026,266061,253065,519126
7,2026,266055,252896,518951
8,2026,266411,252739,519150
9,2026,265583,252509,518092
10,2026,270301,258901,529202
11,2026,278583,264320,542903
12,2026,289953,274146,564099
13,2026,292555,275081,567636
14,2026,294760,275767,570527
15,2026,297296,280567,577863
16,2026,295792,277231,573023
17,2026,283856,274491,558347
18,2026,295575,274122,569697
19,2026,303144,291515,594659
20,2026,317538,303943,621481
21,2026,320357,326535,646892
22,2026,318529,320178,638707
23,2026,320293,319358,639651
24,2026,324860,321571,646431
25,2026,338190,326270,664460
26,2026,354681,369093,723774
27,2026,361912,375231,737143
28,2026,377136,383226,760362
29,2026,420931,414173,835104
30,2026,443523,452213,895736
31,2026,444536,455766,900302
32,2026,443270,446566,889836
33,2026,447903,458335,906238
34,2026,446018,455966,901984
35,2026,446149,457406,903555
36,2026,459577,463879,923456
37,2026,462511,464475,926986
38,2026,480388,469445,949833
39,2026,486702,470656,957358
40,2026,489192,479484,968676
41,2026,486390,481302,967692
42,2026,450477,471267,921744
43,2026,444434,461363,905797
44,2026,437647,452823,890470
45,2026,426730,442366,869096
46,2026,410252,416265,826517
47,2026,382381,408436,790817
48,2026,381242,402230,783472
49,2026,377605,392464,770069
50,2026,374448,378448,752896
51,2026,369177,378238,747415
52,2026,351924,375833,727757
53,2026,352734,375207,727941
54,2026,352807,375787,728594
55,2026,362207,378889,741096
56,2026,373832,384227,758059
57,2026,379691,402573,782264
58,2026,374470,390933,765403
59,2026,347523,335368,682891
60,2026,319399,329827,649226
61,2026,308776,322887,631663
62,2026,301940,323670,625610
63,2026,301358,324783,626141
64,2026,320481,343590,664071
65,2026,331024,363517,694541
66,2026,328313,361378,689691
67,2026,310253,340329,650582
68,2026,281551,317131,598682
69,2026,282312,317683,599995
70,2026,266170,313381,579551
71,2026,265621,318349,583970
72,2026,261728,315012,576740
73,2026,254357,313543,567900
74,2026,250162,312810,562972
75,2026,242299,304916,547215
76,2026,231335,305658,536993
77,2026,221433,289497,510930
78,2026,220388,281928,502316
79,2026,216253,256554,472807
80,2026,214594,249661,464255
81,2026,212647,239384,452031
82,2026,207222,227766,434988
83,2026,205058,211371,416429
84,2026,203918,200783,404701
85,2026,201970,193244,395214
86,2026,187767,119308,307075
87,2026,187572,111214,298786
88,2026,187095,102320,289415
89,2026,187583,116550,304133
90,2026,186571,108051,294622
91,2026,184712,105626,290338
92,2026,182774,97397,280171
93,2026,180659,82158,262817
94,2026,180397,73030,253427
95,2026,179663,65172,244835
96,2026,176837,51934,228771
97,2026,176740,51618,228358
98,2026,176740,51054,227794
99,2026,176524,51054,227578
100,2026,176740,51054,227794
0,2026,282928,270303,553231
1,2026,281189,271139,552328
2,2026,282803,269086,551889
3,2026,282026,268703,550729
4,2026,274635,269727,544362
5,2026,281445,269059,550504
6,2026,280919,268986,549905
7,2026,272315,262331,534646
8,2026,270880,255997,526877
9,2026,271105,261814,532919
10,2026,266815,261982,528797
11,2026,279006,270198,549204
12,2026,279606,265096,544702
13,2026,291927,273977,565904
14,2026,296264,278246,574510
15,2026,297224,280317,577541
16,2026,297439,280772,578211
17,2026,298276,284874,583150
18,2026,301971,279221,581192
19,2026,305508,280327,585835
20,2026,311498,297334,608832
21,2026,304537,292190,596727
22,2026,311200,320421,631621
23,2026,319808,319969,639777
24,2026,325007,319068,644075
25,2026,330908,324340,655248
26,2026,343679,335088,678767
27,2026,352366,350714,703080
28,2026,368387,366367,734754
29,2026,389554,385924,775478
30,2026,409450,400147,809597
31,2026,435636,435542,871178
32,2026,439149,441819,880968
33,2026,435874,432670,868544
34,2026,443717,452395,896112
35,2026,458753,462095,920848
36,2026,458484,462468,920952
37,2026,461767,463378,925145
38,2026,464626,465571,930197
39,2026,472483,473348,945831
40,2026,486625,480477,967102
41,2026,488246,485721,973967
42,2026,490455,489788,980243
43,2026,465083,479476,944559
44,2026,449087,463591,912678
45,2026,440600,453025,893625
46,2026,429226,443794,873020
47,2026,417614,428069,845683
48,2026,399109,417906,817015
49,2026,394244,407295,801539
50,2026,390488,400062,790550
51,2026,386135,398523,784658
52,2026,377399,393800,771199
53,2026,362691,370199,732890
54,2026,354499,367526,722025
55,2026,355244,367433,722677
56,2026,358766,383272,742038
57,2026,366855,379074,745929
58,2026,382215,403201,785416
59,2026,377463,396829,774292
60,2026,362413,381709,744122
61,2026,317346,319876,637222
62,2026,312103,321739,633842
63,2026,303568,326956,630524
64,2026,303804,326429,630233
65,2026,313496,349042,662538
66,2026,323300,364066,687366
67,2026,322095,354806,676901
68,2026,312966,351068,664034
69,2026,283038,323309,606347
70,2026,275612,322356,597968
71,2026,270660,319178,589838
72,2026,265958,330074,596032
73,2026,261171,315221,576392
74,2026,246909,305338,552247
75,2026,238877,305322,544199
76,2026,232262,305433,537695
77,2026,220312,298120,518432
78,2026,216155,278628,494783
79,2026,212578,262579,475157
80,2026,212189,257444,469633
81,2026,209911,241783,451694
82,2026,196986,228007,424993
83,2026,186385,218735,405120
84,2026,181185,202024,383209
85,2026,179130,193835,372965
86,2026,164264,170289,334553
87,2026,150339,102499,252838
88,2026,146257,77883,224140
89,2026,145807,75499,221306
90,2026,145782,76054,221836
91,2026,144635,66879,211514
92,2026,142079,53522,195601
93,2026,136332,50910,187242
94,2026,129486,39620,169106
95,2026,125209,29147,154356
96,2026,123480,16979,140459
97,2026,122817,12307,135124
98,2026,122372,8908,131280
99,2026,122104,6453,128557
100,2026,122373,8891,131264
0,2026,284141,274269,558410
1,2026,283260,271178,554438
2,2026,281760,269075,550835
3,2026,282399,269858,552257
4,2026,282734,270388,553122
5,2026,280905,268865,549770
6,2026,281036,268772,549808
7,2026,282578,268790,551368
8,2026,279499,269708,549207
9,2026,274440,262497,536937
10,2026,280294,270250,550544
11,2026,277961,260293,538254
12,2026,282625,270313,552938
13,2026,279720,265432,545152
14,2026,290349,273641,563990
15,2026,296711,277844,574555
16,2026,304170,293285,597455
17,2026,298597,282162,580759
18,2026,304981,292768,597749
19,2026,310727,283733,594460
20,2026,302102,280917,583019
21,2026,303384,292188,595572
22,2026,306320,297019,603339
23,2026,317899,313310,631209
24,2026,322297,317133,639430
25,2026,326769,320304,647073
26,2026,335881,333653,669534
27,2026,346089,341584,687673
28,2026,358566,356299,714865
29,2026,374436,368629,743065
30,2026,391829,388526,780355
31,2026,416500,412586,829086
32,2026,436603,434588,871191
33,2026,438484,439668,878152
34,2026,442404,441001,883405
35,2026,459551,460469,920020
36,2026,454341,458361,912702
37,2026,460860,462530,923390
38,2026,464075,467386,931461
39,2026,472143,471786,943929
40,2026,475651,480397,956048
41,2026,484901,484859,969760
42,2026,486924,489612,976536
43,2026,491684,496591,988275
44,2026,474397,485579,959976
45,2026,450026,466531,916557
46,2026,442493,457555,900048
47,2026,430554,444011,874565
48,2026,413041,427446,840487
49,2026,399030,416096,815126
50,2026,394951,407866,802817
51,2026,391169,406185,797354
52,2026,384330,401017,785347
53,2026,377695,395451,773146
54,2026,363448,373734,737182
55,2026,355276,371104,726380
56,2026,351169,367222,718391
57,2026,354111,382650,736761
58,2026,365176,380762,745938
59,2026,380961,404156,785117
60,2026,379148,397115,776263
61,2026,361107,381350,742457
62,2026,332466,319203,651669
63,2026,304674,319914,624588
64,2026,308215,322464,630679
65,2026,303776,326120,629896
66,2026,312371,343830,656201
67,2026,326284,370823,697107
68,2026,318781,356242,675023
69,2026,303996,345503,649499
70,2026,273267,323800,597067
71,2026,270990,318250,589240
72,2026,267935,318881,586816
73,2026,262653,317108,579761
74,2026,250728,313562,564290
75,2026,239687,303250,542937
76,2026,237477,302758,540235
77,2026,219781,297885,517666
78,2026,209343,281907,491250
79,2026,205122,273596,478718
80,2026,200895,259766,460661
81,2026,193702,241666,435368
82,2026,176702,229328,406030
83,2026,137832,216620,354452
84,2026,128728,202377,331105
85,2026,122811,194664,317475
86,2026,103353,175765,279118
87,2026,91187,156258,247445
88,2026,59592,97327,156919
89,2026,48485,67425,115910
90,2026,48763,67765,116528
91,2026,47702,67680,115382
92,2026,43501,53820,97321
93,2026,42180,52582,94762
94,2026,36798,42566,79364
95,2026,33624,30867,64491
96,2026,31243,22440,53683
97,2026,28821,13187,42008
98,2026,27666,9622,37288
99,2026,26903,6312,33215
100,2026,27513,9265,36778
0,2026,291313,274281,565594
1,2026,286932,274019,560951
2,2026,283322,271625,554947
3,2026,289393,271342,560735
4,2026,283898,272724,556622
5,2026,282844,271577,554421
6,2026,281754,269999,551753
7,2026,281673,269357,551030
8,2026,282054,269181,551235
9,2026,282819,269712,552531
10,2026,282748,271117,553865
11,2026,283481,273392,556873
12,2026,282753,272408,555161
13,2026,283842,271513,555355
14,2026,289219,271977,561196
15,2026,292545,317008,609553
16,2026,310034,297863,607897
17,2026,305579,296067,601646
18,2026,304519,294869,599388
19,2026,309495,296771,606266
20,2026,309024,295395,604419
21,2026,306334,292983,599317
22,2026,306758,292795,599553
23,2026,312406,317138,629544
24,2026,319877,318573,638450
25,2026,324770,316738,641508
26,2026,330488,323890,654378
27,2026,341789,338648,680437
28,2026,349947,349293,699240
29,2026,360944,360577,721521
30,2026,376575,376670,753245
31,2026,395202,396506,791708
32,2026,418379,417938,836317
33,2026,440286,436710,876996
34,2026,468194,459731,927925
35,2026,457674,456408,914082
36,2026,458603,463388,921991
37,2026,455967,460296,916263
38,2026,468621,471152,939773
39,2026,471110,473049,944159
40,2026,475363,479779,955142
41,2026,479557,484633,964190
42,2026,484956,489309,974265
43,2026,486912,493508,980420
44,2026,489535,499493,989028
45,2026,486794,492557,979351
46,2026,457085,472228,929313
47,2026,443378,458221,901599
48,2026,434314,449935,884249
49,2026,418706,434572,853278
50,2026,409608,426888,836496
51,2026,395830,412927,808757
52,2026,391380,410708,802088
53,2026,384413,400915,785328
54,2026,378310,395558,773868
55,2026,369979,388108,758087
56,2026,354421,371963,726384
57,2026,351787,368821,720608
58,2026,352821,380787,733608
59,2026,363591,384877,748468
60,2026,378937,403871,782808
61,2026,376365,396627,772992
62,2026,360831,380567,741398
63,2026,345714,327726,673440
64,2026,312190,320150,632340
65,2026,300005,319855,619860
66,2026,298529,323565,622094
67,2026,307084,339168,646252
68,2026,320881,361203,682084
69,2026,308999,347375,656374
70,2026,294323,339604,633927
71,2026,272822,324175,596997
72,2026,276068,320169,596237
73,2026,263519,325267,588786
74,2026,252438,308199,560637
75,2026,246294,306383,552677
76,2026,232295,302686,534981
77,2026,219519,294547,514066
78,2026,205187,294229,499416
79,2026,191400,271069,462469
80,2026,181260,258030,439290
81,2026,167860,242682,410542
82,2026,155223,230469,385692
83,2026,133754,218920,352674
84,2026,116555,202704,319259
85,2026,108225,193744,301969
86,2026,97534,178046,275580
87,2026,78443,166108,244551
88,2026,63179,142574,205753
89,2026,32578,90385,122963
90,2026,23829,65530,89359
91,2026,20288,55004,75292
92,2026,20057,56290,76347
93,2026,18460,51559,70019
94,2026,12724,43010,55734
95,2026,9497,30776,40273
96,2026,6577,23265,29842
97,2026,4789,17310,22099
98,2026,2591,9443,12034
99,2026,1600,6528,8128
100,2026,2402,9584,11986
0,2026,290173,274047,564220
1,2026,291719,274054,565773
2,2026,292034,275060,567094
3,2026,288541,273029,561570
4,2026,291002,272492,563494
5,2026,283666,271279,554945
6,2026,283725,273796,557521
7,2026,283153,271475,554628
8,2026,284952,270088,555040
9,2026,282851,271857,554708
10,2026,283088,272903,555991
11,2026,284471,275451,559922
12,2026,283948,273796,557744
13,2026,283575,273403,556978
14,2026,281499,269984,551483
15,2026,290554,272822,563376
16,2026,302092,292682,594774
17,2026,307147,303133,610280
18,2026,305688,295635,601323
19,2026,311727,299814,611541
20,2026,311986,296849,608835
21,2026,312226,299155,611381
22,2026,310045,292083,602128
23,2026,310453,302175,612628
24,2026,318208,316190,634398
25,2026,323679,316851,640530
26,2026,329433,321605,651038
27,2026,337246,335069,672315
28,2026,344991,343145,688136
29,2026,355326,354127,709453
30,2026,363053,363544,726597
31,2026,378772,381021,759793
32,2026,395466,396881,792347
33,2026,416713,416832,833545
34,2026,441041,440609,881650
35,2026,458005,460807,918812
36,2026,459533,462608,922141
37,2026,461242,465606,926848
38,2026,461178,463065,924243
39,2026,473463,475209,948672
40,2026,473048,475763,948811
41,2026,476266,477144,953410
42,2026,479415,488157,967572
43,2026,484938,492290,977228
44,2026,487178,495542,982720
45,2026,486450,497983,984433
46,2026,489201,498576,987777
47,2026,462493,476254,938747
48,2026,444359,459996,904355
49,2026,437447,452804,890251
50,2026,424120,440297,864417
51,2026,411080,430566,841646
52,2026,396061,412504,808565
53,2026,391508,410547,802055
54,2026,384440,403528,787968
55,2026,377476,397118,774594
56,2026,367903,388254,756157
57,2026,354078,373703,727781
58,2026,350272,368987,719259
59,2026,351139,380607,731746
60,2026,361219,386003,747222
61,2026,375081,403139,778220
62,2026,373036,395474,768510
63,2026,360900,381344,742244
64,2026,339629,339637,679266
65,2026,305383,315096,620479
66,2026,295579,319201,614780
67,2026,295731,323887,619618
68,2026,304617,334157,638774
69,2026,308823,349207,658030
70,2026,306546,344312,650858
71,2026,285785,343789,629574
72,2026,271041,318605,589646
73,2026,262077,320878,582955
74,2026,255736,314681,570417
75,2026,246306,306065,552371
76,2026,241097,311916,553013
77,2026,224331,299242,523573
78,2026,205285,294151,499436
79,2026,194682,279778,474460
80,2026,179784,260769,440553
81,2026,160849,248735,409584
82,2026,147840,231607,379447
83,2026,134058,222071,356129
84,2026,117168,203201,320369
85,2026,101037,195031,296068
86,2026,87305,173692,260997
87,2026,74274,155051,229325
88,2026,65814,142273,208087
89,2026,48753,122136,170889
90,2026,25994,68733,94727
91,2026,22029,57560,79589
92,2026,16624,46426,63050
93,2026,16949,47136,64085
94,2026,11521,40668,52189
95,2026,8602,29519,38121
96,2026,6515,23609,30124
97,2026,4929,17445,22374
98,2026,3356,12879,16235
99,2026,1695,7228,8923
100,2026,2487,9777,12264
0,2026,279011,264042,543053
1,2026,289655,273108,562763
2,2026,291606,274609,566215
3,2026,292652,275061,567713
4,2026,292401,274962,567363
5,2026,292263,274937,567200
6,2026,284073,270896,554969
7,2026,283724,274374,558098
8,2026,283372,272372,555744
9,2026,290473,272732,563205
10,2026,284958,270692,555650
11,2026,283484,271306,554790
12,2026,283800,274226,558026
13,2026,283883,273646,557529
14,2026,283666,273355,557021
15,2026,292079,273237,565316
16,2026,293365,274522,567887
17,2026,301511,291172,592683
18,2026,308484,295242,603726
19,2026,310734,301013,611747
20,2026,312801,295029,607830
21,2026,315110,298613,613723
22,2026,312256,296603,608859
23,2026,310613,293734,604347
24,2026,317552,302984,620536
25,2026,322987,319918,642905
26,2026,325992,320365,646357
27,2026,330963,327132,658095
28,2026,341133,339255,680388
29,2026,348850,348087,696937
30,2026,356960,357884,714844
31,2026,364779,365043,729822
32,2026,381204,381926,763130
33,2026,399401,398578,797979
34,2026,415132,418241,833373
35,2026,442141,439549,881690
36,2026,454769,459591,914360
37,2026,456819,460993,917812
38,2026,466157,470796,936953
39,2026,470976,472374,943350
40,2026,473402,476393,949795
41,2026,472906,479213,952119
42,2026,481602,481884,963486
43,2026,479992,491208,971200
44,2026,484675,494796,979471
45,2026,486837,497940,984777
46,2026,486325,497091,983416
47,2026,493138,504630,997768
48,2026,463804,477560,941364
49,2026,445208,462000,907208
50,2026,436607,453371,889978
51,2026,424208,442331,866539
52,2026,413363,431539,844902
53,2026,397838,414443,812281
54,2026,390503,409859,800362
55,2026,383466,404201,787667
56,2026,374403,397169,771572
57,2026,362340,390989,753329
58,2026,353081,373032,726113
59,2026,348505,368911,717416
60,2026,349662,381480,731142
61,2026,357450,385670,743120
62,2026,371541,402977,774518
63,2026,371953,394641,766594
64,2026,359379,381754,741133
65,2026,329809,348392,678201
66,2026,288881,313434,602315
67,2026,296368,319492,615860
68,2026,297371,322417,619788
69,2026,297078,328011,625089
70,2026,303102,343374,646476
71,2026,307952,352886,660838
72,2026,270612,339497,610109
73,2026,263305,320342,583647
74,2026,259107,316533,575640
75,2026,247447,310443,557890
76,2026,241849,306138,547987
77,2026,229474,299273,528747
78,2026,212751,289924,502675
79,2026,195145,293644,488789
80,2026,181695,271979,453674
81,2026,168206,250876,419082
82,2026,148597,239917,388514
83,2026,134851,223722,358573
84,2026,121463,207750,329213
85,2026,104434,195428,299862
86,2026,89714,177493,267207
87,2026,75833,160260,236093
88,2026,65324,137717,203041
89,2026,57278,121897,179175
90,2026,40437,100909,141346
91,2026,20588,56214,76802
92,2026,16281,45890,62171
93,2026,12858,38032,50890
94,2026,12021,37857,49878
95,2026,8386,29743,38129
96,2026,6059,21950,28009
97,2026,4654,17174,21828
98,2026,3091,13053,16144
99,2026,2085,8863,10948
100,2026,2437,12369,14806
0,2026,275734,258992,534726
1,2026,278464,263319,541783
2,2026,289007,272170,561177
3,2026,292361,275405,567766
4,2026,292739,275279,568018
5,2026,292814,274722,567536
6,2026,292599,274676,567275
7,2026,291866,274905,566771
8,2026,283749,274092,557841
9,2026,290737,273607,564344
10,2026,292452,275331,567783
11,2026,292189,275501,567690
12,2026,292920,275574,568494
13,2026,292366,275771,568137
14,2026,293172,275384,568556
15,2026,293610,274439,568049
16,2026,294994,275136,570130
17,2026,294960,274949,569909
18,2026,302612,293216,595828
19,2026,310998,291958,602956
20,2026,312312,296576,608888
21,2026,313789,300369,614158
22,2026,315052,300540,615592
23,2026,313711,299356,613067
24,2026,311745,296957,608702
25,2026,321479,318426,639905
26,2026,325002,318675,643677
27,2026,327238,324551,651789
28,2026,336606,333046,669652
29,2026,344132,342181,686313
30,2026,350064,350053,700117
31,2026,358424,359029,717453
32,2026,367779,366337,734116
33,2026,383052,383253,766305
34,2026,402880,401110,803990
35,2026,415363,417633,832996
36,2026,439758,437448,877206
37,2026,454290,457947,912237
38,2026,463481,468293,931774
39,2026,469354,471723,941077
40,2026,473159,476363,949522
41,2026,474632,481878,956510
42,2026,473233,481299,954532
43,2026,483051,483818,966869
44,2026,480243,491744,971987
45,2026,480927,495900,976827
46,2026,486849,498544,985393
47,2026,486476,498079,984555
48,2026,493331,506045,999376
49,2026,462600,478915,941515
50,2026,444872,463762,908634
51,2026,436535,455352,891887
52,2026,424179,443289,867468
53,2026,412897,432203,845100
54,2026,396764,414558,811322
55,2026,388634,410499,799133
56,2026,381150,403914,785064
57,2026,372273,396853,769126
58,2026,358544,390479,749023
59,2026,350865,372638,723503
60,2026,346593,368800,715393
61,2026,347725,381132,728857
62,2026,353596,385522,739118
63,2026,369322,402554,771876
64,2026,370079,394121,764200
65,2026,345311,377311,722622
66,2026,310277,352722,662999
67,2026,285702,310762,596464
68,2026,298871,320375,619246
69,2026,290997,318881,609878
70,2026,291476,325902,617378
71,2026,291554,333016,624570
72,2026,301259,347880,649139
73,2026,269251,335217,604468
74,2026,259695,312807,572502
75,2026,247699,309925,557624
76,2026,242282,304608,546890
77,2026,235517,301883,537400
78,2026,218918,291855,510773
79,2026,202294,279523,481817
80,2026,182232,268898,451130
81,2026,170655,254844,425499
82,2026,157629,240364,397993
83,2026,137848,228691,366539
84,2026,122728,209517,332245
85,2026,108758,197929,306687
86,2026,92818,178916,271734
87,2026,76695,160901,237596
88,2026,67453,142811,210264
89,2026,54391,122084,176475
90,2026,49521,110676,160197
91,2026,32150,85649,117799
92,2026,16646,49185,65831
93,2026,11738,37384,49122
94,2026,9296,28917,38213
95,2026,8387,29603,37990
96,2026,5819,20816,26635
97,2026,4747,17261,22008
98,2026,3163,13275,16438
99,2026,2345,9383,11728
100,2026,2843,13074,15917
0,2026,266079,252020,518099
1,2026,278280,268713,546993
2,2026,278493,263088,541581
3,2026,291475,274778,566253
4,2026,291322,274236,565558
5,2026,293010,275800,568810
6,2026,292637,275077,567714
7,2026,292607,274899,567506
8,2026,292321,275457,567778
9,2026,282505,273038,555543
10,2026,291011,274651,565662
11,2026,292483,275531,568014
12,2026,293803,275501,569304
13,2026,294387,276493,570880
14,2026,294329,276235,570564
15,2026,294238,275229,569467
16,2026,294423,275362,569785
17,2026,296835,275633,572468
18,2026,297509,277788,575297
19,2026,305622,313002,618624
20,2026,312151,296129,608280
21,2026,314117,296357,610474
22,2026,315116,299399,614515
23,2026,317890,302732,620622
24,2026,316536,300299,616835
25,2026,319976,313025,633001
26,2026,325621,317340,642961
27,2026,327114,320349,647463
28,2026,330105,324266,654371
29,2026,340499,338123,678622
30,2026,348042,346514,694556
31,2026,351763,353190,704953
32,2026,359784,360208,719992
33,2026,370383,369130,739513
34,2026,382581,383667,766248
35,2026,403525,402686,806211
36,2026,415697,417727,833424
37,2026,439994,440170,880164
38,2026,454692,460250,914942
39,2026,471229,473374,944603
40,2026,469835,474311,944146
41,2026,473571,478413,951984
42,2026,475551,482933,958484
43,2026,473370,481549,954919
44,2026,483251,492061,975312
45,2026,479338,492302,971640
46,2026,480972,495562,976534
47,2026,486946,498968,985914
48,2026,486448,498932,985380
49,2026,492775,506715,999490
50,2026,462642,480823,943465
51,2026,444794,464431,909225
52,2026,436918,455805,892723
53,2026,422726,443130,865856
54,2026,411974,432528,844502
55,2026,393962,414256,808218
56,2026,386982,409966,796948
57,2026,380086,403641,783727
58,2026,370687,396767,767454
59,2026,359824,389641,749465
60,2026,349328,371523,720851
61,2026,344206,367506,711712
62,2026,345811,380751,726562
63,2026,352252,383754,736006
64,2026,366614,401435,768049
65,2026,365651,392870,758521
66,2026,337330,370737,708067
67,2026,297989,351034,649023
68,2026,279352,309445,588797
69,2026,294522,315583,610105
70,2026,288032,318878,606910
71,2026,285269,320486,605755
72,2026,294035,340476,634511
73,2026,282568,346368,628936
74,2026,270105,330028,600133
75,2026,252963,306333,559296
76,2026,242331,304944,547275
77,2026,237314,303661,540975
78,2026,221220,303960,525180
79,2026,210952,280071,491023
80,2026,190374,275751,466125
81,2026,171260,268701,439961
82,2026,158981,247127,406108
83,2026,146122,232415,378537
84,2026,124998,213281,338279
85,2026,110276,199349,309625
86,2026,96872,182006,278878
87,2026,81694,164073,245767
88,2026,68629,147120,215749
89,2026,54741,120847,175588
90,2026,45891,108037,153928
91,2026,37740,94464,132204
92,2026,26024,71974,97998
93,2026,13533,40304,53837
94,2026,8645,28168,36813
95,2026,6664,22078,28742
96,2026,5777,20720,26497
97,2026,4494,16586,21080
98,2026,3270,12647,15917
99,2026,2329,9241,11570
100,2026,2998,13291,16289
0,2026,258110,242964,501074
1,2026,268792,254792,523584
2,2026,279557,270144,549701
3,2026,284012,270353,554365
4,2026,290258,273509,563767
5,2026,291351,274345,565696
6,2026,293040,276385,569425
7,2026,292722,274787,567509
8,2026,292833,274374,567207
9,2026,292708,275706,568414
10,2026,291067,274020,565087
11,2026,292099,273978,566077
12,2026,293943,275971,569914
13,2026,295247,275970,571217
14,2026,296652,276927,573579
15,2026,295645,277255,572900
16,2026,295826,276084,571910
17,2026,297958,276096,574054
18,2026,299331,276061,575392
19,2026,301758,289454,591212
20,2026,307369,291649,599018
21,2026,311066,295694,606760
22,2026,313942,300318,614260
23,2026,316657,302662,619319
24,2026,319822,303303,623125
25,2026,322537,311764,634301
26,2026,325449,321357,646806
27,2026,327500,317651,645151
28,2026,327224,321970,649194
29,2026,333626,332062,665688
30,2026,344021,339023,683044
31,2026,351466,345593,697059
32,2026,357142,358402,715544
33,2026,360685,361361,722046
34,2026,371556,369389,740945
35,2026,383096,384978,768074
36,2026,403647,402893,806540
37,2026,416470,418112,834582
38,2026,444998,451467,896465
39,2026,455667,461016,916683
40,2026,472697,475312,948009
41,2026,469553,475101,944654
42,2026,473826,479645,953471
43,2026,476159,483579,959738
44,2026,473245,481781,955026
45,2026,482364,493092,975456
46,2026,479140,492770,971910
47,2026,481048,495774,976822
48,2026,487010,498884,985894
49,2026,486428,498872,985300
50,2026,490892,506367,997259
51,2026,462292,481640,943932
52,2026,444597,464049,908646
53,2026,435766,455629,891395
54,2026,421608,442607,864215
55,2026,410326,431949,842275
56,2026,393260,413620,806880
57,2026,385822,409556,795378
58,2026,377638,403356,780994
59,2026,368823,395770,764593
60,2026,358463,389507,747970
61,2026,347703,370883,718586
62,2026,341940,366319,708259
63,2026,342520,379119,721639
64,2026,349380,382104,731484
65,2026,361271,399972,761243
66,2026,361432,390146,751578
67,2026,332243,372227,704470
68,2026,302764,342966,645730
69,2026,282680,312570,595250
70,2026,297215,322473,619688
71,2026,284463,328896,613359
72,2026,273986,317601,591587
73,2026,289865,336895,626760
74,2026,282224,331459,613683
75,2026,262713,326845,589558
76,2026,247527,306195,553722
77,2026,237011,299390,536401
78,2026,223930,294664,518594
79,2026,212364,284096,496460
80,2026,195913,261881,457794
81,2026,179221,256297,435518
82,2026,159830,248070,407900
83,2026,147200,233620,380820
84,2026,129334,222293,351627
85,2026,113665,200190,313855
86,2026,97805,183986,281791
87,2026,85684,167503,253187
88,2026,71195,151023,222218
89,2026,56099,126600,182699
90,2026,46503,109501,156004
91,2026,37447,91915,129362
92,2026,30097,81712,111809
93,2026,19516,58899,78415
94,2026,9583,31016,40599
95,2026,6143,21488,27631
96,2026,4559,15484,20043
97,2026,4433,16652,21085
98,2026,2943,11188,14131
99,2026,2363,9492,11855
100,2026,2982,13246,16228
0,2026,252057,238187,490244
1,2026,258236,243069,501305
2,2026,269035,254566,523601
3,2026,279020,269431,548451
4,2026,283282,265830,549112
5,2026,289650,273467,563117
6,2026,291120,274139,565259
7,2026,293002,276822,569824
8,2026,292460,274582,567042
9,2026,292867,275365,568232
10,2026,291960,274754,566714
11,2026,293288,276281,569569
12,2026,291851,273522,565373
13,2026,292223,274594,566817
14,2026,295963,277023,572986
15,2026,296882,276851,573733
16,2026,296324,276487,572811
17,2026,297239,275852,573091
18,2026,299829,276482,576311
19,2026,299553,278090,577643
20,2026,303667,290472,594139
21,2026,308259,291597,599856
22,2026,313720,298332,612052
23,2026,315948,301417,617365
24,2026,319855,303637,623492
25,2026,322783,311477,634260
26,2026,326364,321165,647529
27,2026,327645,317710,645355
28,2026,327800,321311,649111
29,2026,328396,322181,650577
30,2026,335528,333174,668702
31,2026,347478,339436,686914
32,2026,354947,347000,701947
33,2026,359111,358531,717642
34,2026,361529,361860,723389
35,2026,372232,369603,741835
36,2026,382796,384277,767073
37,2026,403809,403272,807081
38,2026,431745,431737,863482
39,2026,449738,454732,904470
40,2026,455540,458854,914394
41,2026,473061,476422,949483
42,2026,469598,474752,944350
43,2026,474246,479326,953572
44,2026,477723,483484,961207
45,2026,474077,482818,956895
46,2026,482291,493403,975694
47,2026,479068,492704,971772
48,2026,480674,495689,976363
49,2026,486519,498599,985118
50,2026,485778,498445,984223
51,2026,489494,505429,994923
52,2026,460636,478321,938957
53,2026,443045,463601,906646
54,2026,433934,454898,888832
55,2026,419636,442012,861648
56,2026,409697,431528,841225
57,2026,391200,412575,803775
58,2026,383569,408582,792151
59,2026,375574,401955,777529
60,2026,366707,394220,760927
61,2026,354319,386776,741095
62,2026,342902,369106,712008
63,2026,338748,365668,704416
64,2026,339520,377910,717430
65,2026,345288,378779,724067
66,2026,360443,398170,758613
67,2026,357844,387270,745114
68,2026,321999,357714,679713
69,2026,289822,319239,609061
70,2026,277180,316224,593404
71,2026,273815,317128,590943
72,2026,278730,321913,600643
73,2026,272993,315204,588197
74,2026,279500,329577,609077
75,2026,267849,323463,591312
76,2026,255930,319832,575762
77,2026,241179,306000,547179
78,2026,227086,296101,523187
79,2026,212811,287055,499866
80,2026,196580,284153,480733
81,2026,181534,260042,441576
82,2026,168276,246580,414856
83,2026,151710,239783,391493
84,2026,135199,223016,358215
85,2026,117508,205706,323214
86,2026,100284,184947,285231
87,2026,88172,168244,256416
88,2026,71993,153270,225263
89,2026,57296,128686,185982
90,2026,48370,114418,162788
91,2026,38317,92472,130789
92,2026,29912,78852,108764
93,2026,24445,67957,92402
94,2026,16851,50437,67288
95,2026,7026,23335,30361
96,2026,4783,17301,22084
97,2026,3630,11691,15321
98,2026,2990,12193,15183
99,2026,2396,9642,12038
100,2026,2946,14370,17316
0,2026,248074,235447,483521
1,2026,252729,237580,490309
2,2026,258142,243265,501407
3,2026,266048,254438,520486
4,2026,275544,258596,534140
5,2026,280535,264542,545077
6,2026,288198,271183,559381
7,2026,290752,274405,565157
8,2026,292994,277117,570111
9,2026,292753,274714,567467
10,2026,293021,274647,567668
11,2026,291813,274781,566594
12,2026,293355,275895,569250
13,2026,292518,274310,566828
14,2026,291378,274450,565828
15,2026,295553,275760,571313
16,2026,296141,276999,573140
17,2026,297737,276260,573997
18,2026,300248,276323,576571
19,2026,301544,278194,579738
20,2026,299684,278429,578113
21,2026,305923,295888,601811
22,2026,309557,293156,602713
23,2026,314325,301687,616012
24,2026,318961,302135,621096
25,2026,323247,307795,631042
26,2026,325679,319798,645477
27,2026,326870,319146,646016
28,2026,329585,320174,649759
29,2026,327670,319948,647618
30,2026,329283,324752,654035
31,2026,337101,333733,670834
32,2026,346440,339373,685813
33,2026,350203,347522,697725
34,2026,360153,358385,718538
35,2026,362075,362267,724342
36,2026,373057,369758,742815
37,2026,383461,384355,767816
38,2026,403976,403443,807419
39,2026,416745,418648,835393
40,2026,450047,459941,909988
41,2026,454791,460256,915047
42,2026,472926,476049,948975
43,2026,469149,475080,944229
44,2026,474194,478875,953069
45,2026,476167,482990,959157
46,2026,473790,482125,955915
47,2026,482061,493178,975239
48,2026,478715,492400,971115
49,2026,480266,495412,975678
50,2026,486256,498235,984491
51,2026,484997,498075,983072
52,2026,489494,505732,995226
53,2026,459712,477640,937352
54,2026,441416,462974,904390
55,2026,432713,454055,886768
56,2026,418126,440754,858880
57,2026,404448,430389,834837
58,2026,385778,410539,796317
59,2026,380855,407968,788823
60,2026,373062,399334,772396
61,2026,363331,388600,751931
62,2026,350616,386206,736822
63,2026,342172,369469,711641
64,2026,337016,364073,701089
65,2026,336595,374797,711392
66,2026,344278,377395,721673
67,2026,359795,379258,739053
68,2026,350805,386099,736904
69,2026,322600,355518,678118
70,2026,284782,332502,617284
71,2026,268995,314359,583354
72,2026,266948,313597,580545
73,2026,278616,318530,597146
74,2026,272674,310723,583397
75,2026,264022,315723,579745
76,2026,258600,322840,581440
77,2026,249009,312529,561538
78,2026,231080,305543,536623
79,2026,216012,289408,505420
80,2026,202961,278909,481870
81,2026,183265,259361,442626
82,2026,170973,240299,411272
83,2026,154214,229444,383658
84,2026,142546,227565,370111
85,2026,123080,208700,331780
86,2026,107035,193600,300635
87,2026,89404,169695,259099
88,2026,74790,153248,228038
89,2026,61577,136121,197698
90,2026,48650,115907,164557
91,2026,39778,100134,139912
92,2026,30569,79940,110509
93,2026,23726,65823,89549
94,2026,18576,55729,74305
95,2026,13370,41106,54476
96,2026,5148,17856,23004
97,2026,3062,11994,15056
98,2026,2295,9391,11686
99,2026,2118,8681,10799
100,2026,3131,15504,18635
0,2026,238249,222778,461027
1,2026,248073,234321,482394
2,2026,253863,238828,492691
3,2026,259058,243028,502086
4,2026,261477,247224,508701
5,2026,272220,258172,530392
6,2026,277771,263246,541017
7,2026,286847,270841,557688
8,2026,290593,273986,564579
9,2026,292902,277030,569932
10,2026,292661,275056,567717
11,2026,292599,275355,567954
12,2026,292737,275509,568246
13,2026,293598,276044,569642
14,2026,291308,273185,564493
15,2026,291320,274387,565707
16,2026,296334,276061,572395
17,2026,297498,276074,573572
18,2026,301264,276475,577739
19,2026,306873,278509,585382
20,2026,307722,278748,586470
21,2026,305317,279712,585029
22,2026,305444,290642,596086
23,2026,310544,294676,605220
24,2026,315786,298684,614470
25,2026,321286,305562,626848
26,2026,325027,313202,638229
27,2026,327977,320414,648391
28,2026,328009,317752,645761
29,2026,332777,325249,658026
30,2026,327457,320085,647542
31,2026,328687,324236,652923
32,2026,337620,334491,672111
33,2026,344853,339768,684621
34,2026,350174,346893,697067
35,2026,360358,358335,718693
36,2026,362830,362891,725721
37,2026,373398,369854,743252
38,2026,383535,385350,768885
39,2026,403965,403407,807372
40,2026,416367,418078,834445
41,2026,451122,459897,911019
42,2026,454664,457847,912511
43,2026,472831,476082,948913
44,2026,468903,474962,943865
45,2026,473752,478470,952222
46,2026,475786,483119,958905
47,2026,472713,481176,953889
48,2026,481374,491990,973364
49,2026,478445,492092,970537
50,2026,479766,494994,974760
51,2026,485638,497534,983172
52,2026,484435,497304,981739
53,2026,489075,505001,994076
54,2026,457779,476466,934245
55,2026,439803,461639,901442
56,2026,431129,453540,884669
57,2026,416763,439549,856312
58,2026,399047,425918,824965
59,2026,385506,408945,794451
60,2026,378200,406959,785159
61,2026,369980,397582,767562
62,2026,358976,389740,748716
63,2026,346331,385135,731466
64,2026,338725,370936,709661
65,2026,334261,361288,695549
66,2026,332411,373024,705435
67,2026,341428,372812,714240
68,2026,348602,378878,727480
69,2026,344222,375366,719588
70,2026,315093,360924,676017
71,2026,278760,325024,603784
72,2026,271308,309201,580509
73,2026,285209,315848,601057
74,2026,269710,313592,583302
75,2026,266183,306375,572558
76,2026,271193,312214,583407
77,2026,255619,318958,574577
78,2026,241304,308733,550037
79,2026,223665,289167,512832
80,2026,207158,272470,479628
81,2026,192423,258733,451156
82,2026,171778,250807,422585
83,2026,158948,230550,389498
84,2026,145588,221741,367329
85,2026,132158,213551,345709
86,2026,109961,192093,302054
87,2026,92641,178029,270670
88,2026,77479,157929,235408
89,2026,63996,137073,201069
90,2026,53211,118663,171874
91,2026,40261,98228,138489
92,2026,30902,80962,111864
93,2026,23733,66709,90442
94,2026,18300,53242,71542
95,2026,13084,41372,54456
96,2026,7883,27231,35114
97,2026,3761,13423,17184
98,2026,2234,8671,10905
99,2026,1642,7093,8735
100,2026,2837,13509,16346
0,2026,226820,211734,438554
1,2026,238063,222795,460858
2,2026,248496,230666,479162
3,2026,256678,238103,494781
4,2026,257302,243120,500422
5,2026,260983,247023,508006
6,2026,271896,257703,529599
7,2026,277762,263146,540908
8,2026,286616,270512,557128
9,2026,290567,273793,564360
10,2026,292836,276960,569796
11,2026,292730,275527,568257
12,2026,293726,276004,569730
13,2026,293255,275285,568540
14,2026,293727,275797,569524
15,2026,291470,273261,564731
16,2026,293157,274556,567713
17,2026,297739,275940,573679
18,2026,303712,277030,580742
19,2026,308652,279090,587742
20,2026,310471,279301,589772
21,2026,308971,279471,588442
22,2026,306709,289265,595974
23,2026,307963,293613,601576
24,2026,311497,289649,601146
25,2026,318043,300499,618542
26,2026,324553,321654,646207
27,2026,325739,318662,644401
28,2026,329181,319499,648680
29,2026,328942,319115,648057
30,2026,332672,324015,656687
31,2026,327814,320578,648392
32,2026,330235,324789,655024
33,2026,338617,334552,673169
34,2026,345447,340129,685576
35,2026,350792,348626,699418
36,2026,360955,359238,720193
37,2026,362938,363089,726027
38,2026,373634,370003,743637
39,2026,383248,385114,768362
40,2026,404261,403377,807638
41,2026,416328,418045,834373
42,2026,434254,436844,871098
43,2026,457318,458201,915519
44,2026,472553,476008,948561
45,2026,468703,474536,943239
46,2026,473249,478273,951522
47,2026,475609,483216,958825
48,2026,472201,480690,952891
49,2026,476448,489003,965451
50,2026,478238,491723,969961
51,2026,479505,494510,974015
52,2026,485157,496982,982139
53,2026,483616,496971,980587
54,2026,487636,503496,991132
55,2026,456406,474086,930492
56,2026,438571,460519,899090
57,2026,429809,451659,881468
58,2026,413402,437134,850536
59,2026,394001,418223,812224
60,2026,381362,408087,789449
61,2026,375843,404180,780023
62,2026,367053,394761,761814
63,2026,353544,388583,742127
64,2026,345705,380335,726040
65,2026,332982,363000,695982
66,2026,328530,359190,687720
67,2026,328713,371546,700259
68,2026,335299,366812,702111
69,2026,337405,368577,705982
70,2026,336337,374907,711244
71,2026,312104,345003,657107
72,2026,282916,346507,629423
73,2026,274485,320587,595072
74,2026,269024,315217,584241
75,2026,275810,315924,591734
76,2026,261507,304662,566169
77,2026,251692,307611,559303
78,2026,243778,307614,551392
79,2026,230645,298772,529417
80,2026,215198,282588,497786
81,2026,193404,259833,453237
82,2026,178500,250984,429484
83,2026,160086,233523,393609
84,2026,146589,222269,368858
85,2026,128046,205195,333241
86,2026,112213,191406,303619
87,2026,98347,178440,276787
88,2026,80614,162575,243189
89,2026,67045,138114,205159
90,2026,53406,119934,173340
91,2026,42942,106166,149108
92,2026,30518,80942,111460
93,2026,24094,67594,91688
94,2026,18366,53959,72325
95,2026,12622,41124,53746
96,2026,8779,31217,39996
97,2026,5805,21126,26931
98,2026,2426,9909,12335
99,2026,1473,6621,8094
100,2026,2802,11901,14703
0,2026,216324,206625,422949
1,2026,226840,211976,438816
2,2026,237900,223071,460971
3,2026,246658,233268,479926
4,2026,249748,236025,485773
5,2026,257402,242476,499878
6,2026,261168,247030,508198
7,2026,272362,258238,530600
8,2026,277794,262347,540141
9,2026,286894,270868,557762
10,2026,290626,273867,564493
11,2026,292909,277117,570026
12,2026,293480,275698,569178
13,2026,294314,276164,570478
14,2026,293299,275726,569025
15,2026,293761,275982,569743
16,2026,293909,274892,568801
17,2026,298091,275235,573326
18,2026,302748,278311,581059
19,2026,308042,280432,588474
20,2026,310400,279708,590108
21,2026,311006,279703,590709
22,2026,310054,280950,591004
23,2026,309450,304053,613503
24,2026,308319,293196,601515
25,2026,311910,300131,612041
26,2026,320542,303522,624064
27,2026,326083,323210,649293
28,2026,326883,316131,643014
29,2026,329471,317009,646480
30,2026,329163,319074,648237
31,2026,332248,326202,658450
32,2026,327929,320610,648539
33,2026,330479,326310,656789
34,2026,339027,334865,673892
35,2026,345953,340470,686423
36,2026,351682,349763,701445
37,2026,360977,359941,720918
38,2026,362653,363983,726636
39,2026,373718,370248,743966
40,2026,384304,384862,769166
41,2026,404144,403516,807660
42,2026,416075,417632,833707
43,2026,436030,441088,877118
44,2026,459124,461231,920355
45,2026,472242,476031,948273
46,2026,468526,474085,942611
47,2026,472960,478221,951181
48,2026,474601,482886,957487
49,2026,471904,480928,952832
50,2026,474593,485291,959884
51,2026,476093,490377,966470
52,2026,478849,494096,972945
53,2026,484372,496404,980776
54,2026,483100,496402,979502
55,2026,486309,502274,988583
56,2026,454878,471970,926848
57,2026,437322,459421,896743
58,2026,425899,448966,874865
59,2026,412681,435480,848161
60,2026,391808,416733,808541
61,2026,379757,408528,788285
62,2026,368746,400147,768893
63,2026,363433,391339,754772
64,2026,346076,384600,730676
65,2026,340177,370584,710761
66,2026,331097,360268,691365
67,2026,326899,360249,687148
68,2026,324816,365470,690286
69,2026,332054,366334,698388
70,2026,326188,363347,689535
71,2026,327405,368721,696126
72,2026,309114,335152,644266
73,2026,267775,319840,587615
74,2026,262455,310409,572864
75,2026,260103,305503,565606
76,2026,250353,307304,557657
77,2026,249022,308102,557124
78,2026,243955,309131,553086
79,2026,232825,299724,532549
80,2026,218841,295664,514505
81,2026,199917,262089,462006
82,2026,181194,251597,432791
83,2026,165341,239009,404350
84,2026,148734,225046,373780
85,2026,134485,205483,339968
86,2026,114562,191562,306124
87,2026,99513,179917,279430
88,2026,86450,164200,250650
89,2026,70803,144360,215163
90,2026,55537,120323,175860
91,2026,43069,104416,147485
92,2026,30690,80044,110734
93,2026,25098,69237,94335
94,2026,18684,54846,73530
95,2026,13077,42627,55704
96,2026,8922,30917,39839
97,2026,6162,22866,29028
98,2026,3584,14607,18191
99,2026,1783,8416,10199
100,2026,2276,12465,14741
0,2026,211695,201156,412851
1,2026,217217,208699,425916
2,2026,227048,218538,445586
3,2026,237737,223626,461363
4,2026,247041,235635,482676
5,2026,251108,237258,488366
6,2026,257314,243473,500787
7,2026,261177,247495,508672
8,2026,272841,258448,531289
9,2026,278402,263673,542075
10,2026,287248,271446,558694
11,2026,291178,274420,565598
12,2026,293682,277179,570861
13,2026,294263,276240,570503
14,2026,293602,274892,568494
15,2026,294351,275954,570305
16,2026,293984,275686,569670
17,2026,293651,274691,568342
18,2026,304567,276838,581405
19,2026,306386,280227,586613
20,2026,308681,280352,589033
21,2026,310578,281202,591780
22,2026,310841,280932,591773
23,2026,309616,281059,590675
24,2026,308442,290929,599371
25,2026,308490,288936,597426
26,2026,312407,296260,608667
27,2026,323113,316833,639946
28,2026,325523,311510,637033
29,2026,328711,320496,649207
30,2026,329707,317165,646872
31,2026,329628,318875,648503
32,2026,330526,323281,653807
33,2026,328122,320814,648936
34,2026,332449,328548,660997
35,2026,339294,335115,674409
36,2026,347107,342945,690052
37,2026,354306,351684,705990
38,2026,360891,362924,723815
39,2026,362530,364373,726903
40,2026,373887,370085,743972
41,2026,384177,384523,768700
42,2026,404087,404780,808867
43,2026,416276,418012,834288
44,2026,451068,456171,907239
45,2026,454123,460917,915040
46,2026,472324,476034,948358
47,2026,468357,474860,943217
48,2026,472931,478046,950977
49,2026,474290,482452,956742
50,2026,472033,480442,952475
51,2026,473619,483671,957290
52,2026,475435,490776,966211
53,2026,478747,493629,972376
54,2026,484368,495491,979859
55,2026,483569,496750,980319
56,2026,487213,501128,988341
57,2026,455145,470776,925921
58,2026,436454,458389,894843
59,2026,421862,442663,864525
60,2026,412398,431651,844049
61,2026,387962,415680,803642
62,2026,379763,408714,788477
63,2026,368813,399112,767925
64,2026,352763,390319,743082
65,2026,341230,380898,722128
66,2026,332302,360986,693288
67,2026,327283,358267,685550
68,2026,323274,360253,683527
69,2026,322648,368299,690947
70,2026,324594,358430,683024
71,2026,321589,366927,688516
72,2026,319699,366036,685735
73,2026,296196,341516,637712
74,2026,273123,320909,594032
75,2026,252735,303192,555927
76,2026,249172,300912,550084
77,2026,245394,304081,549475
78,2026,244821,312410,557231
79,2026,235879,302605,538484
80,2026,223877,293483,517360
81,2026,200005,280637,480642
82,2026,183083,253012,436095
83,2026,167811,238172,405983
84,2026,152763,228843,381606
85,2026,135891,208334,344225
86,2026,121599,193466,315065
87,2026,101722,182212,283934
88,2026,88223,165852,254075
89,2026,73171,149622,222793
90,2026,56246,120909,177155
91,2026,47305,104310,151615
92,2026,35409,90086,125495
93,2026,28684,73690,102374
94,2026,19540,54980,74520
95,2026,15308,46346,61654
96,2026,9733,31102,40835
97,2026,6078,22347,28425
98,2026,4153,16258,20411
99,2026,2485,10913,13398
100,2026,2403,12927,15330
0,2026,210669,199848,410517
1,2026,212443,204410,416853
2,2026,218442,212462,430904
3,2026,228445,224628,453073
4,2026,243595,228688,472283
5,2026,252655,237070,489725
6,2026,252537,239467,492004
7,2026,257478,243174,500652
8,2026,261658,247169,508827
9,2026,277470,259339,536809
10,2026,281169,265167,546336
11,2026,291638,275148,566786
12,2026,292868,275038,567906
13,2026,294538,276929,571467
14,2026,294838,275292,570130
15,2026,294516,275270,569786
16,2026,295974,275804,571778
17,2026,295850,275874,571724
18,2026,299442,276193,575635
19,2026,305886,279586,585472
20,2026,308067,280452,588519
21,2026,308885,280395,589280
22,2026,310145,281638,591783
23,2026,309832,280910,590742
24,2026,309230,288995,598225
25,2026,308993,300359,609352
26,2026,310915,301554,612469
27,2026,316994,300137,617131
28,2026,323960,308438,632398
29,2026,328884,315739,644623
30,2026,328812,320466,649278
31,2026,329874,317518,647392
32,2026,329835,318565,648400
33,2026,330233,322582,652815
34,2026,328006,321815,649821
35,2026,333258,331104,664362
36,2026,339741,335804,675545
37,2026,348328,345213,693541
38,2026,355860,361834,717694
39,2026,360774,364543,725317
40,2026,362525,363857,726382
41,2026,373761,370003,743764
42,2026,384513,387390,771903
43,2026,404068,404779,808847
44,2026,416339,418123,834462
45,2026,452471,460813,913284
46,2026,454144,460881,915025
47,2026,471308,475913,947221
48,2026,468603,475306,943909
49,2026,472825,477676,950501
50,2026,472910,479723,952633
51,2026,472016,479082,951098
52,2026,472755,481394,954149
53,2026,474303,490464,964767
54,2026,478060,493622,971682
55,2026,484291,496131,980422
56,2026,484280,496798,981078
57,2026,485702,496159,981861
58,2026,452348,470507,922855
59,2026,435142,456703,891845
60,2026,420075,443122,863197
61,2026,405271,428888,834159
62,2026,386607,410818,797425
63,2026,374653,405030,779683
64,2026,365025,394795,759820
65,2026,338218,379284,717502
66,2026,333395,372627,706022
67,2026,330387,358606,688993
68,2026,313500,357358,670858
69,2026,325549,374557,700106
70,2026,323616,358950,682566
71,2026,316284,327394,643678
72,2026,306928,353255,660183
73,2026,292578,352982,645560
74,2026,260608,311318,571926
75,2026,259699,316730,576429
76,2026,257926,312164,570090
77,2026,254408,312133,566541
78,2026,249215,315503,564718
79,2026,242582,302641,545223
80,2026,226612,296678,523290
81,2026,205901,289469,495370
82,2026,183405,256327,439732
83,2026,169732,229738,399470
84,2026,156783,228558,385341
85,2026,139827,219355,359182
86,2026,124453,195744,320197
87,2026,107343,184916,292259
88,2026,90015,168008,258023
89,2026,74764,154268,229032
90,2026,56787,118721,175508
91,2026,46498,105437,151935
92,2026,37402,90789,128191
93,2026,30306,78290,108596
94,2026,19065,54729,73794
95,2026,15772,46982,62754
96,2026,11102,36655,47757
97,2026,6081,22020,28101
98,2026,4242,16351,20593
99,2026,2928,12978,15906
100,2026,2380,12715,15095
0,2026,211590,199811,411401
1,2026,210857,200261,411118
2,2026,212603,215310,427913
3,2026,220178,224712,444890
4,2026,230470,228120,458590
5,2026,246685,236792,483477
6,2026,251405,237445,488850
7,2026,252626,241058,493684
8,2026,258281,243189,501470
9,2026,276175,249627,525802
10,2026,281608,271419,553027
11,2026,292839,276107,568946
12,2026,291179,274552,565731
13,2026,293541,275100,568641
14,2026,294304,276350,570654
15,2026,295711,275711,571422
16,2026,296416,275566,571982
17,2026,297306,275694,573000
18,2026,297455,276048,573503
19,2026,299489,278761,578250
20,2026,308330,280593,588923
21,2026,308210,280561,588771
22,2026,309703,280983,590686
23,2026,309904,280826,590730
24,2026,310210,281217,591427
25,2026,307406,282756,590162
26,2026,307995,296968,604963
27,2026,312449,300043,612492
28,2026,321486,302713,624199
29,2026,326992,313021,640013
30,2026,329180,314670,643850
31,2026,328685,321497,650182
32,2026,329819,317510,647329
33,2026,329996,318804,648800
34,2026,329093,320508,649601
35,2026,327993,320838,648831
36,2026,331193,327592,658785
37,2026,338901,335301,674202
38,2026,346714,344351,691065
39,2026,353820,352294,706114
40,2026,360753,361461,722214
41,2026,362738,364274,727012
42,2026,373469,370365,743834
43,2026,384525,387390,771915
44,2026,404073,404793,808866
45,2026,416352,418084,834436
46,2026,451888,465825,917713
47,2026,454187,460929,915116
48,2026,471026,475909,946935
49,2026,469544,474473,944017
50,2026,472421,477777,950198
51,2026,471848,477182,949030
52,2026,472322,477052,949374
53,2026,472580,481293,953873
54,2026,474250,490131,964381
55,2026,475742,493337,969079
56,2026,484441,496322,980763
57,2026,485545,495880,981425
58,2026,463385,488038,951423
59,2026,444018,465803,909821
60,2026,432646,454101,886747
61,2026,418588,440415,859003
62,2026,377583,385971,763554
63,2026,380114,409304,789418
64,2026,356032,399240,755272
65,2026,337379,381701,719080
66,2026,337825,376304,714129
67,2026,330145,355329,685474
68,2026,313085,349960,663045
69,2026,309185,340454,649639
70,2026,324531,371382,695913
71,2026,313043,337056,650099
72,2026,293519,326098,619617
73,2026,285567,322727,608294
74,2026,297405,329883,627288
75,2026,256954,301003,557957
76,2026,252322,312089,564411
77,2026,253443,313804,567247
78,2026,245951,312614,558565
79,2026,240074,311939,552013
80,2026,236085,300528,536613
81,2026,212554,295088,507642
82,2026,191532,270042,461574
83,2026,172300,244874,417174
84,2026,158760,221878,380638
85,2026,144143,219316,363459
86,2026,126754,196343,323097
87,2026,110790,190243,301033
88,2026,90933,171364,262297
89,2026,72182,149192,221374
90,2026,61018,132484,193502
91,2026,47797,105776,153573
92,2026,37489,89534,127023
93,2026,30558,79740,110298
94,2026,18650,54175,72825
95,2026,15768,46395,62163
96,2026,9750,31338,41088
97,2026,6042,21809,27851
98,2026,4375,16476,20851
99,2026,2901,12192,15093
100,2026,3018,14579,17597
0,2026,211927,199815,411742
1,2026,211585,201249,412834
2,2026,210609,202815,413424
3,2026,213179,210087,423266
4,2026,221261,226267,447528
5,2026,231344,227376,458720
6,2026,247017,237490,484507
7,2026,252678,246411,499089
8,2026,266196,240261,506457
9,2026,269327,253249,522576
10,2026,282149,270748,552897
11,2026,290865,273665,564530
12,2026,292457,275355,567812
13,2026,292380,275414,567794
14,2026,294447,275023,569470
15,2026,297585,276404,573989
16,2026,296044,275324,571368
17,2026,300830,278276,579106
18,2026,299623,276381,576004
19,2026,298250,277439,575689
20,2026,306470,279272,585742
21,2026,309056,280608,589664
22,2026,308938,280430,589368
23,2026,310388,281259,591647
24,2026,310099,280841,590940
25,2026,309628,280639,590267
26,2026,307336,285109,592445
27,2026,307460,299616,607076
28,2026,309035,297141,606176
29,2026,321728,309029,630757
30,2026,326828,312149,638977
31,2026,330265,318390,648655
32,2026,328819,321227,650046
33,2026,330057,317938,647995
34,2026,330132,320776,650908
35,2026,329942,323525,653467
36,2026,327775,321051,648826
37,2026,330903,326466,657369
38,2026,338803,334944,673747
39,2026,346702,343949,690651
40,2026,353691,352345,706036
41,2026,360853,361696,722549
42,2026,362789,364260,727049
43,2026,373446,370365,743811
44,2026,384631,387424,772055
45,2026,404062,404794,808856
46,2026,416351,418083,834434
47,2026,455070,469670,924740
48,2026,455636,462189,917825
49,2026,468257,472452,940709
50,2026,469416,474743,944159
51,2026,469714,476266,945980
52,2026,470066,476330,946396
53,2026,472178,476971,949149
54,2026,472610,480685,953295
55,2026,474227,490510,964737
56,2026,476623,493617,970240
57,2026,484357,497453,981810
58,2026,486560,499432,985992
59,2026,461881,480605,942486
60,2026,441285,463813,905098
61,2026,432022,452332,884354
62,2026,418512,435162,853674
63,2026,381152,392504,773656
64,2026,379598,407909,787507
65,2026,365100,386259,751359
66,2026,331674,370892,702566
67,2026,341156,373245,714401
68,2026,328854,354109,682963
69,2026,309471,339422,648893
70,2026,305004,335180,640184
71,2026,310252,354865,665117
72,2026,295279,319279,614558
73,2026,288828,323963,612791
74,2026,288330,323503,611833
75,2026,292031,322314,614345
76,2026,251806,290283,542089
77,2026,248227,315340,563567
78,2026,247090,306876,553966
79,2026,239310,283746,523056
80,2026,236937,297827,534764
81,2026,222534,294594,517128
82,2026,196440,270462,466902
83,2026,175068,251828,426896
84,2026,160209,228582,388791
85,2026,145178,205573,350751
86,2026,128333,196398,324731
87,2026,112687,189643,302330
88,2026,94109,172892,267001
89,2026,72493,151839,224332
90,2026,54839,117579,172418
91,2026,64640,125362,190002
92,2026,37319,89893,127212
93,2026,30310,78835,109145
94,2026,19308,54938,74246
95,2026,16182,48440,64622
96,2026,10140,33836,43976
97,2026,6107,22500,28607
98,2026,4641,16809,21450
99,2026,2970,12906,15876
100,2026,4238,16128,20366
0,2027,292160,275407,567567
1,2027,292160,275407,567567
2,2027,292156,275407,567563
3,2027,292317,275433,567750
4,2027,292459,275435,567894
5,2027,292604,275460,568064
6,2027,292715,275538,568253
7,2027,292699,275529,568228
8,2027,292688,275503,568191
9,2027,292689,275485,568174
10,2027,292704,275551,568255
11,2027,292828,275972,568800
12,2027,293342,276256,569598
13,2027,293719,276375,570094
14,2027,293758,276281,570039
15,2027,293823,276272,570095
16,2027,294123,276355,570478
17,2027,294561,276410,570971
18,2027,295789,276733,572522
19,2027,296731,278188,574919
20,2027,296795,278225,575020
21,2027,296833,278284,575117
22,2027,296862,278532,575394
23,2027,296890,278545,575435
24,2027,296890,278545,575435
25,2027,296890,278545,575435
26,2027,296890,278545,575435
27,2027,296890,278545,575435
28,2027,296890,278545,575435
29,2027,296890,278545,575435
30,2027,296890,278545,575435
31,2027,296890,278545,575435
32,2027,296890,278545,575435
33,2027,296890,278545,575435
34,2027,296890,278545,575435
35,2027,296890,278545,575435
36,2027,296890,278545,575435
37,2027,296890,278545,575435
38,2027,296890,278545,575435
39,2027,296890,278545,575435
40,2027,296890,278545,575435
41,2027,296890,278545,575435
42,2027,296890,278545,575435
43,2027,296890,278545,575435
44,2027,296890,278545,575435
45,2027,296890,278545,575435
46,2027,296881,278545,575426
47,2027,296873,278545,575418
48,2027,296873,278545,575418
49,2027,296873,278545,575418
50,2027,296873,278545,575418
51,2027,296873,278595,575468
52,2027,296873,278595,575468
53,2027,296873,278595,575468
54,2027,296873,278595,575468
55,2027,296873,278595,575468
56,2027,296873,278595,575468
57,2027,296873,278595,575468
58,2027,296873,278595,575468
59,2027,296873,278595,575468
60,2027,296873,278595,575468
61,2027,296873,278595,575468
62,2027,296873,278595,575468
63,2027,296873,278595,575468
64,2027,296825,278595,575420
65,2027,296825,278595,575420
66,2027,296738,278595,575333
67,2027,296738,278595,575333
68,2027,296472,278595,575067
69,2027,296377,278595,574972
70,2027,296237,278595,574832
71,2027,295800,278595,574395
72,2027,295800,278595,574395
73,2027,295461,278595,574056
74,2027,295423,278595,574018
75,2027,295423,278595,574018
76,2027,295423,278595,574018
77,2027,295423,278595,574018
78,2027,295423,279554,574977
79,2027,295423,279363,574786
80,2027,295423,279614,575037
81,2027,295423,279743,575166
82,2027,295423,279743,575166
83,2027,295423,279743,575166
84,2027,295423,279743,575166
85,2027,295423,279743,575166
86,2027,295423,279743,575166
87,2027,295423,279743,575166
88,2027,295423,279743,575166
89,2027,295423,279743,575166
90,2027,295423,279743,575166
91,2027,295423,279743,575166
92,2027,295423,279743,575166
93,2027,295423,279743,575166
94,2027,295423,279743,575166
95,2027,295423,279743,575166
96,2027,295423,279743,575166
97,2027,295423,279743,575166
98,2027,295423,279743,575166
99,2027,295423,279743,575166
100,2027,295423,279743,575166
0,2027,292266,275259,567525
1,2027,292266,275259,567525
2,2027,292259,275259,567518
3,2027,292436,275274,567710
4,2027,292615,275193,567808
5,2027,292741,275299,568040
6,2027,292868,275406,568274
7,2027,292842,275390,568232
8,2027,292820,275364,568184
9,2027,292815,275344,568159
10,2027,292810,275474,568284
11,2027,292862,275699,568561
12,2027,293184,275754,568938
13,2027,293704,275708,569412
14,2027,293937,275800,569737
15,2027,294124,275792,569916
16,2027,294466,275859,570325
17,2027,295672,275850,571522
18,2027,297964,276497,574461
19,2027,298821,278322,577143
20,2027,299958,278491,578449
21,2027,300126,278538,578664
22,2027,300128,279006,579134
23,2027,300136,279020,579156
24,2027,300136,279020,579156
25,2027,300136,279020,579156
26,2027,300136,279020,579156
27,2027,300136,279020,579156
28,2027,300136,279020,579156
29,2027,300136,279020,579156
30,2027,300136,279020,579156
31,2027,300136,279020,579156
32,2027,300136,279020,579156
33,2027,300136,279020,579156
34,2027,300136,279020,579156
35,2027,300136,279020,579156
36,2027,300136,279020,579156
37,2027,300136,279020,579156
38,2027,300136,279020,579156
39,2027,300136,279020,579156
40,2027,300136,279020,579156
41,2027,300136,279020,579156
42,2027,300136,279020,579156
43,2027,300136,279020,579156
44,2027,300538,279020,579558
45,2027,300538,279020,579558
46,2027,300536,279020,579556
47,2027,300528,279020,579548
48,2027,300528,279020,579548
49,2027,300528,279020,579548
50,2027,300528,279020,579548
51,2027,300528,279059,579587
52,2027,300528,279059,579587
53,2027,300528,279059,579587
54,2027,300528,279059,579587
55,2027,300528,279059,579587
56,2027,300528,279059,579587
57,2027,300528,279059,579587
58,2027,300528,279059,579587
59,2027,300528,279059,579587
60,2027,300528,279059,579587
61,2027,300528,279059,579587
62,2027,300528,279059,579587
63,2027,300528,279059,579587
64,2027,300557,279059,579616
65,2027,300557,279059,579616
66,2027,300066,279059,579125
67,2027,300008,279059,579067
68,2027,299613,279059,578672
69,2027,299663,279059,578722
70,2027,299415,279037,578452
71,2027,298888,279037,577925
72,2027,298782,279037,577819
73,2027,298283,278963,577246
74,2027,298238,278963,577201
75,2027,298238,278963,577201
76,2027,298238,278963,577201
77,2027,298238,278963,577201
78,2027,298344,280269,578613
79,2027,298259,280078,578337
80,2027,298344,280826,579170
81,2027,298338,280568,578906
82,2027,298338,280568,578906
83,2027,298338,280568,578906
84,2027,298338,280568,578906
85,2027,298338,280568,578906
86,2027,298338,280568,578906
87,2027,298338,280568,578906
88,2027,298338,280568,578906
89,2027,298338,280568,578906
90,2027,298338,280568,578906
91,2027,298338,280568,578906
92,2027,298338,280568,578906
93,2027,298338,280568,578906
94,2027,298338,280568,578906
95,2027,298338,280568,578906
96,2027,298338,280568,578906
97,2027,298338,280568,578906
98,2027,298338,280568,578906
99,2027,298338,280568,578906
100,2027,298338,280568,578906
0,2027,292274,275413,567687
1,2027,292274,275413,567687
2,2027,292266,275413,567679
3,2027,292417,275347,567764
4,2027,292716,275394,568110
5,2027,292856,275450,568306
6,2027,292910,275526,568436
7,2027,292866,275510,568376
8,2027,292838,275471,568309
9,2027,292865,275477,568342
10,2027,292819,275561,568380
11,2027,292909,275804,568713
12,2027,293366,276259,569625
13,2027,294527,276216,570743
14,2027,294776,276418,571194
15,2027,295034,276413,571447
16,2027,296135,276482,572617
17,2027,297419,276524,573943
18,2027,299982,276890,576872
19,2027,300697,278092,578789
20,2027,300794,278561,579355
21,2027,301474,278636,580110
22,2027,301310,278941,580251
23,2027,301326,278955,580281
24,2027,301326,278955,580281
25,2027,301326,278955,580281
26,2027,301326,278955,580281
27,2027,301326,278955,580281
28,2027,301326,278955,580281
29,2027,301326,278955,580281
30,2027,301326,278955,580281
31,2027,301326,278955,580281
32,2027,301326,278955,580281
33,2027,301326,278955,580281
34,2027,301326,278955,580281
35,2027,301326,278955,580281
36,2027,301326,278955,580281
37,2027,301326,278955,580281
38,2027,301326,278955,580281
39,2027,301326,278955,580281
40,2027,301326,278955,580281
41,2027,301326,278955,580281
42,2027,301326,278955,580281
43,2027,301333,278955,580288
44,2027,303077,279111,582188
45,2027,303077,279111,582188
46,2027,302118,279111,581229
47,2027,302109,279111,581220
48,2027,302109,279111,581220
49,2027,302109,279111,581220
50,2027,302109,279111,581220
51,2027,302109,279149,581258
52,2027,302109,279149,581258
53,2027,302109,279149,581258
54,2027,302109,279149,581258
55,2027,302109,279149,581258
56,2027,302109,279149,581258
57,2027,302109,279149,581258
58,2027,302109,279149,581258
59,2027,302109,279149,581258
60,2027,302109,279149,581258
61,2027,302109,279149,581258
62,2027,302109,279149,581258
63,2027,302109,279149,581258
64,2027,303056,279149,582205
65,2027,303056,279149,582205
66,2027,301751,278994,580745
67,2027,301764,278926,580690
68,2027,301625,278926,580551
69,2027,301693,278926,580619
70,2027,301698,278926,580624
71,2027,302699,279051,581750
72,2027,302614,279051,581665
73,2027,301717,279129,580846
74,2027,301717,279129,580846
75,2027,301717,279129,580846
76,2027,301717,279129,580846
77,2027,301717,279129,580846
78,2027,301618,283834,585452
79,2027,301588,283520,585108
80,2027,301523,283856,585379
81,2027,301545,283856,585401
82,2027,301545,283856,585401
83,2027,301545,283856,585401
84,2027,301545,283856,585401
85,2027,301545,283856,585401
86,2027,301545,283856,585401
87,2027,301545,283856,585401
88,2027,301545,283856,585401
89,2027,301545,283856,585401
90,2027,301545,283856,585401
91,2027,301545,283856,585401
92,2027,301545,283856,585401
93,2027,301545,283856,585401
94,2027,301545,283856,585401
95,2027,301545,283856,585401
96,2027,301545,283856,585401
97,2027,301545,283856,585401
98,2027,301545,283856,585401
99,2027,301545,283856,585401
100,2027,301545,283856,585401
0,2027,271828,257215,529043
1,2027,271806,257215,529021
2,2027,271808,257215,529023
3,2027,271777,257215,528992
4,2027,271774,257181,528955
5,2027,271776,257149,528925
6,2027,271782,257130,528912
7,2027,271796,257465,529261
8,2027,272673,257466,530139
9,2027,280825,272221,553046
10,2027,292539,275096,567635
11,2027,292553,275317,567870
12,2027,280217,271847,552064
13,2027,294292,275634,569926
14,2027,280917,271295,552212
15,2027,281577,271634,553211
16,2027,295874,278776,574650
17,2027,299425,307949,607374
18,2027,316366,316701,633067
19,2027,316368,316496,632864
20,2027,317730,316659,634389
21,2027,318561,313916,632477
22,2027,319881,313856,633737
23,2027,333631,317734,651365
24,2027,349537,322992,672529
25,2027,372090,379325,751415
26,2027,419413,433503,852916
27,2027,429622,441132,870754
28,2027,432341,442288,874629
29,2027,435753,442369,878122
30,2027,436563,442934,879497
31,2027,436545,443458,880003
32,2027,442264,446862,889126
33,2027,441414,447375,888789
34,2027,449587,458378,907965
35,2027,460232,461576,921808
36,2027,459415,462007,921422
37,2027,459615,462264,921879
38,2027,439524,448372,887896
39,2027,436958,445292,882250
40,2027,435196,445298,880494
41,2027,427090,442465,869555
42,2027,420692,436512,857204
43,2027,385675,396843,782518
44,2027,384810,396807,781617
45,2027,384334,397180,781514
46,2027,364974,381569,746543
47,2027,360615,381717,742332
48,2027,360465,381717,742182
49,2027,360386,381820,742206
50,2027,360386,381778,742164
51,2027,360399,381887,742286
52,2027,363152,381654,744806
53,2027,386135,397239,783374
54,2027,384870,397085,781955
55,2027,385426,397180,782606
56,2027,327838,318976,646814
57,2027,319634,317587,637221
58,2027,320761,319019,639780
59,2027,319662,319310,638972
60,2027,323079,319307,642386
61,2027,349129,378407,727536
62,2027,348253,378310,726563
63,2027,337182,374991,712173
64,2027,317851,319231,637082
65,2027,315149,320277,635426
66,2027,318734,319788,638522
67,2027,288163,320174,608337
68,2027,282838,320147,602985
69,2027,273889,319925,593814
70,2027,273525,319544,593069
71,2027,274914,317747,592661
72,2027,268374,315417,583791
73,2027,262095,312475,574570
74,2027,255067,304266,559333
75,2027,247166,301167,548333
76,2027,245659,298727,544386
77,2027,246098,276950,523048
78,2027,246783,279686,526469
79,2027,241275,257790,499065
80,2027,241225,247414,488639
81,2027,241147,228281,469428
82,2027,240728,200112,440840
83,2027,240604,199896,440500
84,2027,240604,199552,440156
85,2027,240604,199271,439875
86,2027,240604,187781,428385
87,2027,240604,185773,426377
88,2027,240604,185773,426377
89,2027,240623,185580,426203
90,2027,240623,180757,421380
91,2027,240623,180759,421382
92,2027,240623,180661,421284
93,2027,240583,179150,419733
94,2027,240583,179150,419733
95,2027,240583,179150,419733
96,2027,240583,179150,419733
97,2027,240583,179150,419733
98,2027,240583,179150,419733
99,2027,240583,179150,419733
100,2027,240583,179150,419733
0,2027,271298,259577,530875
1,2027,271097,255174,526271
2,2027,271094,255174,526268
3,2027,271102,255281,526383
4,2027,271090,255268,526358
5,2027,271036,255336,526372
6,2027,271102,255332,526434
7,2027,271154,255729,526883
8,2027,271416,255959,527375
9,2027,275237,269014,544251
10,2027,291551,274009,565560
11,2027,292814,275677,568491
12,2027,292896,276298,569194
13,2027,294065,275860,569925
14,2027,293582,276439,570021
15,2027,283309,273348,556657
16,2027,279410,265482,544892
17,2027,296816,282944,579760
18,2027,318460,330930,649390
19,2027,319458,313469,632927
20,2027,317246,314400,631646
21,2027,322047,314067,636114
22,2027,321892,312958,634850
23,2027,325290,312344,637634
24,2027,342470,329394,671864
25,2027,363729,373522,737251
26,2027,396427,416123,812550
27,2027,423810,426925,850735
28,2027,433626,442747,876373
29,2027,437743,447101,884844
30,2027,441540,448208,889748
31,2027,442580,451737,894317
32,2027,441267,448516,889783
33,2027,454617,457330,911947
34,2027,448540,461624,910164
35,2027,470468,465432,935900
36,2027,470575,467024,937599
37,2027,473485,467026,940511
38,2027,475822,470458,946280
39,2027,445667,458372,904039
40,2027,442512,452961,895473
41,2027,439850,452220,892070
42,2027,436027,448764,884791
43,2027,423354,439119,862473
44,2027,407640,422730,830370
45,2027,394830,409649,804479
46,2027,387011,391851,778862
47,2027,371995,375885,747880
48,2027,364032,379190,743222
49,2027,363963,375884,739847
50,2027,363830,375884,739714
51,2027,363648,376040,739688
52,2027,363988,376274,740262
53,2027,374589,377405,751994
54,2027,416340,428294,844634
55,2027,397217,418084,815301
56,2027,384202,391558,775760
57,2027,333462,344623,678085
58,2027,318854,316087,634941
59,2027,316916,315036,631952
60,2027,314123,314421,628544
61,2027,313623,319539,633162
62,2027,340956,371518,712474
63,2027,352035,380753,732788
64,2027,332570,373456,706026
65,2027,318963,349019,667982
66,2027,283477,317929,601406
67,2027,304665,322783,627448
68,2027,282913,319049,601962
69,2027,272056,315656,587712
70,2027,274542,318115,592657
71,2027,272442,318550,590992
72,2027,266370,318546,584916
73,2027,254564,319113,573677
74,2027,247400,305374,552774
75,2027,243980,303822,547802
76,2027,240131,300143,540274
77,2027,239100,283992,523092
78,2027,238911,281139,520050
79,2027,238177,256742,494919
80,2027,237943,248111,486054
81,2027,237427,229251,466678
82,2027,236581,211598,448179
83,2027,236497,199671,436168
84,2027,236538,198576,435114
85,2027,236588,196014,432602
86,2027,236588,190286,426874
87,2027,236538,188168,424706
88,2027,236588,188188,424776
89,2027,236461,188315,424776
90,2027,235193,182061,417254
91,2027,233483,182061,415544
92,2027,233161,181962,415123
93,2027,233161,181962,415123
94,2027,233161,181451,414612
95,2027,233161,181451,414612
96,2027,233161,181451,414612
97,2027,233161,181346,414507
98,2027,233161,181219,414380
99,2027,233161,181219,414380
100,2027,233161,181219,414380
0,2027,284328,272893,557221
1,2027,267620,259931,527551
2,2027,267278,251356,518634
3,2027,266548,253226,519774
4,2027,266530,253127,519657
5,2027,266565,251462,518027
6,2027,266541,251439,517980
7,2027,266563,252356,518919
8,2027,266895,252380,519275
9,2027,267149,254285,521434
10,2027,273730,259049,532779
11,2027,285497,272397,557894
12,2027,292964,275477,568441
13,2027,294082,275674,569756
14,2027,295306,276945,572251
15,2027,293752,276866,570618
16,2027,283229,273293,556522
17,2027,281052,264972,546024
18,2027,301580,288131,589711
19,2027,317065,325047,642112
20,2027,312698,328603,641301
21,2027,315053,314764,629817
22,2027,319365,313505,632870
23,2027,319178,315892,635070
24,2027,322755,320318,643073
25,2027,334626,322470,657096
26,2027,360681,368999,729680
27,2027,364393,371361,735754
28,2027,415978,406287,822265
29,2027,445968,456203,902171
30,2027,446030,453182,899212
31,2027,446897,458245,905142
32,2027,448127,458590,906717
33,2027,446752,458379,905131
34,2027,458362,463750,922112
35,2027,477565,463774,941339
36,2027,478137,467250,945387
37,2027,480739,468578,949317
38,2027,481200,473149,954349
39,2027,485343,476060,961403
40,2027,485576,481096,966672
41,2027,449202,467175,916377
42,2027,445533,462193,907726
43,2027,440281,456977,897258
44,2027,428115,442408,870523
45,2027,420816,423972,844788
46,2027,381642,409664,791306
47,2027,375196,386698,761894
48,2027,371230,385798,757028
49,2027,364837,369540,734377
50,2027,361140,368852,729992
51,2027,355913,367901,723814
52,2027,349646,369379,719025
53,2027,349891,368511,718402
54,2027,360254,371583,731837
55,2027,367033,373773,740806
56,2027,377777,403487,781264
57,2027,370738,385175,755913
58,2027,343343,332274,675617
59,2027,313689,324914,638603
60,2027,315208,329405,644613
61,2027,306683,320044,626727
62,2027,300707,322520,623227
63,2027,318865,357134,675999
64,2027,342396,370153,712549
65,2027,327725,366694,694419
66,2027,317527,338854,656381
67,2027,283732,324577,608309
68,2027,293138,321093,614231
69,2027,267700,317284,584984
70,2027,268299,316071,584370
71,2027,266411,320380,586791
72,2027,264360,317826,582186
73,2027,262268,319538,581806
74,2027,252798,308267,561065
75,2027,246583,306487,553070
76,2027,243352,302868,546220
77,2027,241000,302274,543274
78,2027,240466,288875,529341
79,2027,236869,247633,484502
80,2027,236064,246282,482346
81,2027,232356,237696,470052
82,2027,231852,227085,458937
83,2027,231427,203761,435188
84,2027,231412,200127,431539
85,2027,231169,199052,430221
86,2027,231245,189620,420865
87,2027,231245,186932,418177
88,2027,231169,188279,419448
89,2027,231173,188289,419462
90,2027,231250,185350,416600
91,2027,231307,185350,416657
92,2027,231204,184660,415864
93,2027,231204,184592,415796
94,2027,231204,185176,416380
95,2027,231204,185176,416380
96,2027,231198,185176,416374
97,2027,231198,185176,416374
98,2027,231198,185048,416246
99,2027,231198,185048,416246
100,2027,231198,185048,416246
0,2027,281610,269477,551087
1,2027,282888,269963,552851
2,2027,267824,261238,529062
3,2027,266210,261401,527611
4,2027,279151,262582,541733
5,2027,266405,261097,527502
6,2027,264229,252034,516263
7,2027,264013,252094,516107
8,2027,265299,250810,516109
9,2027,263545,248926,512471
10,2027,267650,253549,521199
11,2027,278528,267762,546290
12,2027,288693,272208,560901
13,2027,293075,276130,569205
14,2027,294181,275139,569320
15,2027,298294,281080,579374
16,2027,295686,279126,574812
17,2027,284342,272980,557322
18,2027,296550,275288,571838
19,2027,308604,311601,620205
20,2027,314908,325716,640624
21,2027,319023,316949,635972
22,2027,318202,312838,631040
23,2027,319678,315551,635229
24,2027,321395,321294,642689
25,2027,329576,322743,652319
26,2027,349059,373796,722855
27,2027,358741,375026,733767
28,2027,372459,377855,750314
29,2027,410819,404555,815374
30,2027,446704,458535,905239
31,2027,447742,460305,908047
32,2027,443888,450182,894070
33,2027,452164,459014,911178
34,2027,442408,446960,889368
35,2027,441211,446123,887334
36,2027,463278,466128,929406
37,2027,468298,470449,938747
38,2027,481570,472552,954122
39,2027,484631,475980,960611
40,2027,487489,479869,967358
41,2027,489317,484920,974237
42,2027,475539,479649,955188
43,2027,460639,475476,936115
44,2027,442703,459974,902677
45,2027,436897,452341,889238
46,2027,408888,417479,826367
47,2027,381178,409599,790777
48,2027,377675,403938,781613
49,2027,374480,391389,765869
50,2027,356900,375395,732295
51,2027,353283,377052,730335
52,2027,348181,376410,724591
53,2027,349035,375174,724209
54,2027,346278,374571,720849
55,2027,355576,376491,732067
56,2027,366008,372736,738744
57,2027,375488,402423,777911
58,2027,370931,388594,759525
59,2027,341958,332233,674191
60,2027,320798,331972,652770
61,2027,313117,324461,637578
62,2027,309019,322083,631102
63,2027,299798,320875,620673
64,2027,315689,327478,643167
65,2027,320381,343590,663971
66,2027,327858,348388,676246
67,2027,314882,337721,652603
68,2027,283007,316307,599314
69,2027,284277,320269,604546
70,2027,269100,318658,587758
71,2027,265541,314550,580091
72,2027,263685,317059,580744
73,2027,261430,313975,575405
74,2027,255640,309899,565539
75,2027,249134,306038,555172
76,2027,243640,304601,548241
77,2027,233489,298753,532242
78,2027,232361,288765,521126
79,2027,222665,249082,471747
80,2027,220685,247923,468608
81,2027,215797,237523,453320
82,2027,215270,226809,442079
83,2027,214463,211259,425722
84,2027,214187,201885,416072
85,2027,214101,199815,413916
86,2027,210457,184596,395053
87,2027,210605,182026,392631
88,2027,210518,178361,388879
89,2027,210457,181811,392268
90,2027,210457,180715,391172
91,2027,210457,180576,391033
92,2027,210149,175786,385935
93,2027,210149,160451,370600
94,2027,209041,160263,369304
95,2027,209041,159110,368151
96,2027,209041,156701,365742
97,2027,209041,156701,365742
98,2027,209041,156701,365742
99,2027,209041,156701,365742
100,2027,209041,156701,365742
0,2027,282276,270671,552947
1,2027,281623,268755,550378
2,2027,283686,270182,553868
3,2027,283501,270727,554228
4,2027,274476,268962,543438
5,2027,282960,269887,552847
6,2027,282812,270443,553255
7,2027,271228,261819,533047
8,2027,270655,256248,526903
9,2027,271707,261737,533444
10,2027,266509,261955,528464
11,2027,280579,269908,550487
12,2027,278250,263346,541596
13,2027,292891,275043,567934
14,2027,295424,275589,571013
15,2027,299982,278314,578296
16,2027,297925,280228,578153
17,2027,299092,297055,596147
18,2027,303442,278944,582386
19,2027,306491,284072,590563
20,2027,312688,325206,637894
21,2027,307178,322777,629955
22,2027,314960,314795,629755
23,2027,319787,316149,635936
24,2027,322806,317986,640792
25,2027,327070,319604,646674
26,2027,342436,332757,675193
27,2027,346746,342571,689317
28,2027,360087,360240,720327
29,2027,383528,369259,752787
30,2027,392512,387426,779938
31,2027,420469,420235,840704
32,2027,437391,440068,877459
33,2027,417966,418484,836450
34,2027,440759,438652,879411
35,2027,459864,463275,923139
36,2027,461164,464251,925415
37,2027,462668,463567,926235
38,2027,470066,471474,941540
39,2027,481740,471795,953535
40,2027,484785,480887,965672
41,2027,486540,484093,970633
42,2027,488767,490736,979503
43,2027,489442,489933,979375
44,2027,461952,477027,938979
45,2027,445774,463460,909234
46,2027,437369,452195,889564
47,2027,424432,431192,855624
48,2027,408140,415147,823287
49,2027,393849,411251,805100
50,2027,389202,400067,789269
51,2027,387456,398809,786265
52,2027,382867,397365,780232
53,2027,370060,374101,744161
54,2027,353423,370452,723875
55,2027,353323,366838,720161
56,2027,351988,379280,731268
57,2027,354713,370628,725341
58,2027,378097,400214,778311
59,2027,375521,392549,768070
60,2027,360829,382003,742832
61,2027,320981,312711,633692
62,2027,317835,318410,636245
63,2027,318826,327670,646496
64,2027,304809,325522,630331
65,2027,308923,338573,647496
66,2027,318916,349661,668577
67,2027,322484,345040,667524
68,2027,316105,347156,663261
69,2027,283153,325324,608477
70,2027,275676,329001,604677
71,2027,274070,321102,595172
72,2027,267126,332925,600051
73,2027,263568,323056,586624
74,2027,253840,312047,565887
75,2027,246624,309428,556052
76,2027,243575,307883,551458
77,2027,233760,299624,533384
78,2027,228954,283411,512365
79,2027,218630,262584,481214
80,2027,218169,258129,476298
81,2027,214694,239328,454022
82,2027,212636,225708,438344
83,2027,211979,217584,429563
84,2027,211606,201605,413211
85,2027,211386,200415,411801
86,2027,210103,192008,402111
87,2027,208238,173650,381888
88,2027,207864,156646,364510
89,2027,207189,154603,361792
90,2027,207066,154212,361278
91,2027,206773,150776,357549
92,2027,206606,144203,350809
93,2027,203705,139830,343535
94,2027,203394,138858,342252
95,2027,202516,130258,332774
96,2027,202411,129690,332101
97,2027,202411,114227,316638
98,2027,202411,114227,316638
99,2027,202411,112996,315407
100,2027,202411,114227,316638
0,2027,283198,272218,555416
1,2027,282400,270267,552667
2,2027,280989,270704,551693
3,2027,282314,270490,552804
4,2027,282883,270329,553212
5,2027,280644,270505,551149
6,2027,280729,269808,550537
7,2027,282238,269572,551810
8,2027,282522,269503,552025
9,2027,273059,261758,534817
10,2027,284778,272092,556870
11,2027,273718,260884,534602
12,2027,282778,270640,553418
13,2027,279420,264563,543983
14,2027,289383,271192,560575
15,2027,293310,274046,567356
16,2027,304086,298932,603018
17,2027,298397,281607,580004
18,2027,305768,293492,599260
19,2027,309397,288460,597857
20,2027,307908,286011,593919
21,2027,312548,301397,613945
22,2027,307928,329524,637452
23,2027,318492,318245,636737
24,2027,322487,316946,639433
25,2027,324410,315886,640296
26,2027,331993,326461,658454
27,2027,343246,338436,681682
28,2027,350521,349457,699978
29,2027,365286,362582,727868
30,2027,380271,378829,759100
31,2027,402031,400802,802833
32,2027,421750,426511,848261
33,2027,436426,438915,875341
34,2027,436836,436637,873473
35,2027,458544,459558,918102
36,2027,446152,442095,888247
37,2027,456840,461403,918243
38,2027,461255,464468,925723
39,2027,466060,465287,931347
40,2027,478125,479250,957375
41,2027,484446,484665,969111
42,2027,486743,489646,976389
43,2027,487284,493184,980468
44,2027,489874,494974,984848
45,2027,465700,482432,948132
46,2027,449164,463991,913155
47,2027,438825,452535,891360
48,2027,424234,437737,861971
49,2027,410066,423648,833714
50,2027,399059,416160,815219
51,2027,397502,408668,806170
52,2027,391756,407175,798931
53,2027,383535,398370,781905
54,2027,370425,377761,748186
55,2027,360052,373694,733746
56,2027,349922,366918,716840
57,2027,344841,380041,724882
58,2027,356838,371707,728545
59,2027,377396,403057,780453
60,2027,374924,392978,767902
61,2027,360923,380552,741475
62,2027,331267,312152,643419
63,2027,317069,318213,635282
64,2027,318833,320591,639424
65,2027,305669,323822,629491
66,2027,307760,338189,645949
67,2027,323204,365696,688900
68,2027,315307,348944,664251
69,2027,309369,352886,662255
70,2027,273908,320369,594277
71,2027,270235,325974,596209
72,2027,268803,322094,590897
73,2027,265767,319088,584855
74,2027,258926,315576,574502
75,2027,246570,304032,550602
76,2027,248161,305154,553315
77,2027,234231,304617,538848
78,2027,225212,289783,514995
79,2027,217198,276618,493816
80,2027,215363,259371,474734
81,2027,213172,239346,452518
82,2027,212669,228147,440816
83,2027,208033,216566,424599
84,2027,205410,201777,407187
85,2027,204103,200182,404285
86,2027,194535,185080,379615
87,2027,188185,177647,365832
88,2027,162841,129436,292277
89,2027,159819,102871,262690
90,2027,157396,102678,260074
91,2027,155185,104660,259845
92,2027,154086,98256,252342
93,2027,152404,95629,248033
94,2027,149761,77162,226923
95,2027,149086,70606,219692
96,2027,145350,57693,203043
97,2027,144714,52352,197066
98,2027,144126,52450,196576
99,2027,143926,52059,195985
100,2027,144126,52237,196363
0,2027,292069,275115,567184
1,2027,285203,272622,557825
2,2027,282437,270981,553418
3,2027,288901,271128,560029
4,2027,283590,272123,555713
5,2027,282486,271138,553624
6,2027,280619,269042,549661
7,2027,280430,269314,549744
8,2027,280713,268657,549370
9,2027,281444,268938,550382
10,2027,282704,270318,553022
11,2027,283642,273379,557021
12,2027,283506,274771,558277
13,2027,282953,272028,554981
14,2027,291494,273948,565442
15,2027,291743,311332,603075
16,2027,309727,310198,619925
17,2027,305866,301747,607613
18,2027,304399,296395,600794
19,2027,310591,297125,607716
20,2027,313757,291622,605379
21,2027,309039,293505,602544
22,2027,306843,300287,607130
23,2027,317830,310715,628545
24,2027,320421,313448,633869
25,2027,323410,315949,639359
26,2027,327235,320522,647757
27,2027,338032,334330,672362
28,2027,346483,342269,688752
29,2027,357480,352999,710479
30,2027,364531,364780,729311
31,2027,384865,383212,768077
32,2027,408513,400725,809238
33,2027,424423,429100,853523
34,2027,471337,458748,930085
35,2027,443882,454285,898167
36,2027,459121,464641,923762
37,2027,459438,458024,917462
38,2027,461102,463915,925017
39,2027,467265,468499,935764
40,2027,474805,475447,950252
41,2027,479018,483863,962881
42,2027,484281,488422,972703
43,2027,486204,493380,979584
44,2027,486682,497025,983707
45,2027,489851,499750,989601
46,2027,485830,490275,976105
47,2027,452163,467276,919439
48,2027,440351,456153,896504
49,2027,426702,443107,869809
50,2027,420899,430488,851387
51,2027,406096,418099,824195
52,2027,398716,413320,812036
53,2027,388885,406819,795704
54,2027,381799,398086,779885
55,2027,372953,391852,764805
56,2027,358709,374714,733423
57,2027,349401,371992,721393
58,2027,341937,376929,718866
59,2027,356178,377158,733336
60,2027,376591,403434,780025
61,2027,372368,394608,766976
62,2027,360879,380066,740945
63,2027,340829,322483,663312
64,2027,319103,314480,633583
65,2027,320078,319661,639739
66,2027,301790,322990,624780
67,2027,303162,331475,634637
68,2027,313136,342084,655220
69,2027,302638,341458,644096
70,2027,297338,344110,641448
71,2027,271598,322623,594221
72,2027,273853,320961,594814
73,2027,267315,326292,593607
74,2027,257050,311169,568219
75,2027,252323,310467,562790
76,2027,242407,304970,547377
77,2027,232228,304636,536864
78,2027,224634,302866,527500
79,2027,214479,273261,487740
80,2027,213947,259273,473220
81,2027,212079,239518,451597
82,2027,211638,229258,440896
83,2027,194214,219378,413592
84,2027,186755,202465,389220
85,2027,183074,200164,383238
86,2027,132931,187200,320131
87,2027,118663,175652,294315
88,2027,97229,160982,258211
89,2027,63980,99492,163472
90,2027,49091,66895,115986
91,2027,45017,59183,104200
92,2027,46629,63384,110013
93,2027,45271,60302,105573
94,2027,41180,49309,90489
95,2027,35420,31770,67190
96,2027,31561,21842,53403
97,2027,30199,16792,46991
98,2027,28729,9450,38179
99,2027,27572,7376,34948
100,2027,28207,9378,37585
0,2027,290477,273931,564408
1,2027,292254,274661,566915
2,2027,291546,274108,565654
3,2027,288898,273972,562870
4,2027,291722,274419,566141
5,2027,283819,273744,557563
6,2027,283535,273959,557494
7,2027,282477,271568,554045
8,2027,281624,269236,550860
9,2027,282990,271735,554725
10,2027,282147,271887,554034
11,2027,284105,275261,559366
12,2027,283847,273278,557125
13,2027,283252,275243,558495
14,2027,281710,269523,551233
15,2027,289832,280613,570445
16,2027,300963,294512,595475
17,2027,310091,311371,621462
18,2027,305526,293617,599143
19,2027,312311,297754,610065
20,2027,312181,294881,607062
21,2027,312408,297521,609929
22,2027,310983,293730,604713
23,2027,314649,306605,621254
24,2027,319699,315811,635510
25,2027,322802,314816,637618
26,2027,326816,322694,649510
27,2027,331513,329476,660989
28,2027,341573,339761,681334
29,2027,348271,347947,696218
30,2027,357844,357771,715615
31,2027,370449,368251,738700
32,2027,389434,384274,773708
33,2027,404886,398654,803540
34,2027,435302,438384,873686
35,2027,460047,460931,920978
36,2027,458766,462049,920815
37,2027,457901,462716,920617
38,2027,463037,466606,929643
39,2027,466819,470841,937660
40,2027,470315,475309,945624
41,2027,473772,476051,949823
42,2027,476758,487191,963949
43,2027,480703,491747,972450
44,2027,484578,495275,979853
45,2027,486706,496755,983461
46,2027,489436,498383,987819
47,2027,488221,493881,982102
48,2027,458436,471419,929855
49,2027,442228,460187,902415
50,2027,436757,453042,889799
51,2027,423479,440572,864051
52,2027,404782,419909,824691
53,2027,397358,413463,810821
54,2027,388454,406646,795100
55,2027,382516,399656,782172
56,2027,370038,391551,761589
57,2027,356755,375349,732104
58,2027,347225,375456,722681
59,2027,341273,376570,717843
60,2027,354309,385776,740085
61,2027,375334,402931,778265
62,2027,370008,394581,764589
63,2027,360713,380476,741189
64,2027,336979,347827,684806
65,2027,332833,320162,652995
66,2027,305959,317062,623021
67,2027,300093,322009,622102
68,2027,302528,323880,626408
69,2027,302981,334821,637802
70,2027,297267,340175,637442
71,2027,282486,347758,630244
72,2027,270350,320580,590930
73,2027,265889,322033,587922
74,2027,260963,322222,583185
75,2027,252109,309979,562088
76,2027,249258,313663,562921
77,2027,234682,305940,540622
78,2027,222719,301758,524477
79,2027,213880,283425,497305
80,2027,213217,264560,477777
81,2027,210949,251367,462316
82,2027,201685,231415,433100
83,2027,152199,222277,374476
84,2027,137706,205143,342849
85,2027,127160,200947,328107
86,2027,120007,187271,307278
87,2027,93112,174291,267403
88,2027,83589,157892,241481
89,2027,77141,140003,217144
90,2027,47174,85336,132510
91,2027,29474,71979,101453
92,2027,20233,52888,73121
93,2027,21523,55446,76969
94,2027,14642,44522,59164
95,2027,10663,29917,40580
96,2027,8301,21013,29314
97,2027,6739,16564,23303
98,2027,5756,12913,18669
99,2027,4260,9454,13714
100,2027,5154,9425,14579
0,2027,276947,263186,540133
1,2027,290497,273609,564106
2,2027,291955,274464,566419
3,2027,292097,274699,566796
4,2027,292039,274966,567005
5,2027,291660,274168,565828
6,2027,282792,271985,554777
7,2027,283241,272006,555247
8,2027,283797,274330,558127
9,2027,290271,271856,562127
10,2027,283681,271930,555611
11,2027,282932,271091,554023
12,2027,282870,272853,555723
13,2027,283893,273872,557765
14,2027,283364,273746,557110
15,2027,293198,274095,567293
16,2027,292518,274296,566814
17,2027,299821,295553,595374
18,2027,308136,295036,603172
19,2027,312535,298101,610636
20,2027,310812,293352,604164
21,2027,314557,296674,611231
22,2027,312570,293276,605846
23,2027,310301,298959,609260
24,2027,314990,311505,626495
25,2027,323354,316269,639623
26,2027,324427,318059,642486
27,2027,327462,321808,649270
28,2027,336180,333345,669525
29,2027,344136,341906,686042
30,2027,350363,350223,700586
31,2027,359324,359264,718588
32,2027,372744,368472,741216
33,2027,386704,385563,772267
34,2027,404753,402263,807016
35,2027,432441,433621,866062
36,2027,457653,452740,910393
37,2027,459512,462620,922132
38,2027,455904,462685,918589
39,2027,466699,469547,936246
40,2027,470764,474738,945502
41,2027,472752,477649,950401
42,2027,473450,480919,954369
43,2027,477118,489189,966307
44,2027,480674,492758,973432
45,2027,483980,496115,980095
46,2027,486194,496634,982828
47,2027,486873,498600,985473
48,2027,490022,497755,987777
49,2027,460877,477084,937961
50,2027,444590,462434,907024
51,2027,436401,453806,890207
52,2027,423089,442727,865816
53,2027,408749,423188,831937
54,2027,394700,412926,807626
55,2027,388710,407367,796077
56,2027,380157,399616,779773
57,2027,369326,395468,764794
58,2027,359074,375267,734341
59,2027,344736,366824,711560
60,2027,340592,379469,720061
61,2027,351209,384945,736154
62,2027,373036,402566,775602
63,2027,370749,395547,766296
64,2027,359205,382630,741835
65,2027,330556,339207,669763
66,2027,313105,322919,636024
67,2027,303878,321586,625464
68,2027,306516,319350,625866
69,2027,296641,321092,617733
70,2027,298152,339252,637404
71,2027,300306,342639,642945
72,2027,271713,341266,612979
73,2027,267600,317153,584753
74,2027,261418,318407,579825
75,2027,252931,312715,565646
76,2027,249004,310734,559738
77,2027,238995,305640,544635
78,2027,223242,302420,525662
79,2027,211994,291883,503877
80,2027,207717,273535,481252
81,2027,202195,253560,455755
82,2027,174973,241769,416742
83,2027,147983,226531,374514
84,2027,127469,208878,336347
85,2027,116877,202167,319044
86,2027,109641,186313,295954
87,2027,80297,172344,252641
88,2027,70899,154085,224984
89,2027,57959,134350,192309
90,2027,47896,120114,168010
91,2027,22557,60629,83186
92,2027,17994,49657,67651
93,2027,15007,43438,58445
94,2027,12645,40040,52685
95,2027,8963,30718,39681
96,2027,6118,20870,26988
97,2027,4577,16369,20946
98,2027,3189,12123,15312
99,2027,2353,9631,11984
100,2027,2655,12665,15320
0,2027,273396,257965,531361
1,2027,276899,261517,538416
2,2027,290481,272751,563232
3,2027,292651,275864,568515
4,2027,292718,275495,568213
5,2027,292435,275059,567494
6,2027,291920,274774,566694
7,2027,291828,274299,566127
8,2027,282895,271705,554600
9,2027,292185,274699,566884
10,2027,292064,275031,567095
11,2027,292135,275601,567736
12,2027,293123,275991,569114
13,2027,294341,276473,570814
14,2027,294490,276924,571414
15,2027,294379,275919,570298
16,2027,295939,275766,571705
17,2027,294350,274511,568861
18,2027,303042,294076,597118
19,2027,308429,289156,597585
20,2027,312277,294721,606998
21,2027,314491,298604,613095
22,2027,314690,299243,613933
23,2027,312586,297974,610560
24,2027,310850,300196,611046
25,2027,324267,318663,642930
26,2027,325508,318021,643529
27,2027,326855,320760,647615
28,2027,329005,323920,652925
29,2027,339962,336309,676271
30,2027,346246,342986,689232
31,2027,355031,353788,708819
32,2027,360485,359297,719782
33,2027,372981,368311,741292
34,2027,387623,387617,775240
35,2027,403922,402777,806699
36,2027,424341,424528,848869
37,2027,443813,443853,887666
38,2027,455558,463936,919494
39,2027,460482,463779,924261
40,2027,467189,471057,938246
41,2027,471897,475455,947352
42,2027,473297,476621,949918
43,2027,473170,484579,957749
44,2027,476419,479745,956164
45,2027,478517,492523,971040
46,2027,480379,495144,975523
47,2027,486575,498415,984990
48,2027,489173,498747,987920
49,2027,490738,500830,991568
50,2027,461237,477990,939227
51,2027,444121,463358,907479
52,2027,436029,455651,891680
53,2027,422841,443224,866065
54,2027,408907,423572,832479
55,2027,395600,413849,809449
56,2027,385941,406760,792701
57,2027,378345,403288,781633
58,2027,367426,393920,761346
59,2027,357534,374910,732444
60,2027,344407,367381,711788
61,2027,338214,375791,714005
62,2027,346273,385104,731377
63,2027,370484,402866,773350
64,2027,370446,393814,764260
65,2027,343393,374981,718374
66,2027,319646,340041,659687
67,2027,307237,330138,637375
68,2027,310403,320127,630530
69,2027,296035,318871,614906
70,2027,291679,321241,612920
71,2027,287116,323243,610359
72,2027,297001,348355,645356
73,2027,269957,332471,602428
74,2027,265547,319649,585196
75,2027,254162,311919,566081
76,2027,250147,311085,561232
77,2027,240538,304357,544895
78,2027,225975,300165,526140
79,2027,209819,283926,493745
80,2027,199065,273696,472761
81,2027,181415,257061,438476
82,2027,161767,240826,402593
83,2027,146245,229196,375441
84,2027,127135,209100,336235
85,2027,115426,201362,316788
86,2027,106672,186880,293552
87,2027,82713,172867,255580
88,2027,69123,145502,214625
89,2027,54689,121537,176226
90,2027,57607,117185,174792
91,2027,38456,99707,138163
92,2027,19000,56964,75964
93,2027,11939,39156,51095
94,2027,9152,29682,38834
95,2027,8961,30829,39790
96,2027,6144,22237,28381
97,2027,4651,16785,21436
98,2027,3208,12600,15808
99,2027,2522,10143,12665
100,2027,3242,13374,16616
0,2027,265565,247813,513378
1,2027,279730,270897,550627
2,2027,278331,260785,539116
3,2027,292567,275388,567955
4,2027,292892,275431,568323
5,2027,292352,274631,566983
6,2027,292573,275085,567658
7,2027,292433,274832,567265
8,2027,292260,274568,566828
9,2027,280672,272507,553179
10,2027,292055,275103,567158
11,2027,293009,276099,569108
12,2027,294498,276070,570568
13,2027,294704,275996,570700
14,2027,295782,276266,572048
15,2027,297238,278838,576076
16,2027,297389,276606,573995
17,2027,298016,276000,574016
18,2027,297163,276171,573334
19,2027,316265,306036,622301
20,2027,310642,290058,600700
21,2027,312531,292005,604536
22,2027,313558,299621,613179
23,2027,315848,299273,615121
24,2027,312266,297460,609726
25,2027,321319,315984,637303
26,2027,325693,322150,647843
27,2027,328662,318288,646950
28,2027,327162,320559,647721
29,2027,335319,332694,668013
30,2027,342223,339568,681791
31,2027,349499,346260,695759
32,2027,356999,355036,712035
33,2027,361631,361655,723286
34,2027,372798,369483,742281
35,2027,386259,388762,775021
36,2027,403936,402812,806748
37,2027,433311,433969,867280
38,2027,456816,454466,911282
39,2027,455877,461067,916944
40,2027,467277,471113,938390
41,2027,470012,475763,945775
42,2027,472620,477339,949959
43,2027,474198,479883,954081
44,2027,472827,482126,954953
45,2027,475133,484440,959573
46,2027,478418,492162,970580
47,2027,480632,495624,976256
48,2027,486827,498564,985391
49,2027,486331,498537,984868
50,2027,492354,506421,998775
51,2027,461220,478236,939456
52,2027,444587,464154,908741
53,2027,435872,455658,891530
54,2027,422577,442793,865370
55,2027,410885,431648,842533
56,2027,391338,411597,802935
57,2027,385328,408186,793514
58,2027,376555,402039,778594
59,2027,367540,394243,761783
60,2027,354793,374577,729370
61,2027,343136,366438,709574
62,2027,336944,375692,712636
63,2027,345368,382978,728346
64,2027,370870,402699,773569
65,2027,365253,390358,755611
66,2027,337033,371039,708072
67,2027,305407,336852,642259
68,2027,303383,330828,634211
69,2027,322517,327240,649757
70,2027,300250,318606,618856
71,2027,286947,318116,605063
72,2027,288019,334470,622489
73,2027,283325,345090,628415
74,2027,268863,334048,602911
75,2027,258129,312774,570903
76,2027,250990,310885,561875
77,2027,243019,304190,547209
78,2027,227110,303302,530412
79,2027,213722,289291,503013
80,2027,196364,276282,472646
81,2027,180615,269034,449649
82,2027,161128,247193,408321
83,2027,147410,233513,380923
84,2027,129386,221590,350976
85,2027,116704,203712,320416
86,2027,105744,187410,293154
87,2027,86591,169756,256347
88,2027,71047,151561,222608
89,2027,54414,118767,173181
90,2027,46110,107309,153419
91,2027,39613,98272,137885
92,2027,29632,77987,107619
93,2027,16299,49509,65808
94,2027,8674,28208,36882
95,2027,6594,22083,28677
96,2027,6146,22496,28642
97,2027,4389,16091,20480
98,2027,3297,11139,14436
99,2027,2373,9565,11938
100,2027,2966,13197,16163
0,2027,257311,239446,496757
1,2027,267189,253165,520354
2,2027,281505,269742,551247
3,2027,279129,265735,544864
4,2027,290667,273675,564342
5,2027,292810,276641,569451
6,2027,291412,274101,565513
7,2027,292996,275708,568704
8,2027,292679,274820,567499
9,2027,292725,275558,568283
10,2027,292267,274747,567014
11,2027,292759,274606,567365
12,2027,294365,275434,569799
13,2027,297508,275788,573296
14,2027,295793,275417,571210
15,2027,296443,276119,572562
16,2027,296373,275824,572197
17,2027,299775,276393,576168
18,2027,300545,276305,576850
19,2027,302865,292329,595194
20,2027,305013,290590,595603
21,2027,309077,290845,599922
22,2027,312926,299243,612169
23,2027,315455,301191,616646
24,2027,315044,298411,613455
25,2027,322508,308967,631475
26,2027,325342,316041,641383
27,2027,328540,318057,646597
28,2027,328786,322260,651046
29,2027,327858,322588,650446
30,2027,338730,333821,672551
31,2027,346316,339489,685805
32,2027,351907,347165,699072
33,2027,359130,358280,717410
34,2027,362233,362443,724676
35,2027,372927,369681,742608
36,2027,385692,387701,773393
37,2027,403902,402874,806776
38,2027,435582,434511,870093
39,2027,453274,462032,915306
40,2027,456066,460218,916284
41,2027,467961,471102,939063
42,2027,469434,474918,944352
43,2027,473165,478517,951682
44,2027,474344,482030,956374
45,2027,472356,481514,953870
46,2027,475992,485546,961538
47,2027,478438,491834,970272
48,2027,480457,495442,975899
49,2027,486510,498505,985015
50,2027,485954,498178,984132
51,2027,489997,506625,996622
52,2027,461192,480659,941851
53,2027,443137,463502,906639
54,2027,434705,455263,889968
55,2027,420077,441924,862001
56,2027,408012,430764,838776
57,2027,389715,412307,802022
58,2027,382365,408182,790547
59,2027,374963,400238,775201
60,2027,366131,393230,759361
61,2027,354628,373616,728244
62,2027,340312,365026,705338
63,2027,333458,374566,708024
64,2027,342671,379262,721933
65,2027,368691,400583,769274
66,2027,360974,386808,747782
67,2027,327760,366922,694682
68,2027,314868,338478,653346
69,2027,294318,316883,611201
70,2027,307688,320470,628158
71,2027,292568,321068,613636
72,2027,274087,316860,590947
73,2027,287648,325631,613279
74,2027,283093,327155,610248
75,2027,262875,326297,589172
76,2027,253365,312554,565919
77,2027,247007,305115,552122
78,2027,231171,299690,530861
79,2027,215665,293731,509396
80,2027,197138,262663,459801
81,2027,181490,258165,439655
82,2027,167744,247399,415143
83,2027,148583,233017,381600
84,2027,134801,221978,356779
85,2027,118342,205001,323343
86,2027,100467,185403,285870
87,2027,88101,167505,255606
88,2027,73880,153103,226983
89,2027,56147,125507,181654
90,2027,46994,111587,158581
91,2027,38192,92132,130324
92,2027,30615,80564,111179
93,2027,22971,68810,91781
94,2027,10274,31917,42191
95,2027,6264,22013,28277
96,2027,4588,15799,20387
97,2027,4656,16819,21475
98,2027,3012,11400,14412
99,2027,2369,9363,11732
100,2027,2900,13049,15949
0,2027,249971,235721,485692
1,2027,256532,239590,496122
2,2027,269036,253359,522395
3,2027,280091,269587,549678
4,2027,278081,262865,540946
5,2027,290309,273180,563489
6,2027,291191,275858,567049
7,2027,291394,275300,566694
8,2027,292613,274875,567488
9,2027,292669,275727,568396
10,2027,293209,277005,570214
11,2027,292447,276033,568480
12,2027,293671,274763,568434
13,2027,293497,275524,569021
14,2027,293906,275525,569431
15,2027,295400,275992,571392
16,2027,295672,275741,571413
17,2027,302125,275311,577436
18,2027,301145,276553,577698
19,2027,300814,278219,579033
20,2027,310422,290220,600642
21,2027,306170,289913,596083
22,2027,310978,296524,607502
23,2027,313959,300522,614481
24,2027,315064,301138,616202
25,2027,321349,307465,628814
26,2027,325855,318873,644728
27,2027,327811,320480,648291
28,2027,329424,318433,647857
29,2027,327685,323619,651304
30,2027,329951,324655,654606
31,2027,340575,334688,675263
32,2027,352587,340060,692647
33,2027,350376,347766,698142
34,2027,360296,358587,718883
35,2027,362351,362893,725244
36,2027,373031,369690,742721
37,2027,386470,388929,775399
38,2027,414851,417236,832087
39,2027,438865,436767,875632
40,2027,444638,453971,898609
41,2027,455149,460552,915701
42,2027,471413,474171,945584
43,2027,469350,474411,943761
44,2027,473219,478647,951866
45,2027,473333,479726,953059
46,2027,472369,481526,953895
47,2027,476232,491576,967808
48,2027,478450,491928,970378
49,2027,480017,495250,975267
50,2027,485990,498247,984237
51,2027,484900,497707,982607
52,2027,489135,505149,994284
53,2027,459842,477771,937613
54,2027,442168,462990,905158
55,2027,432975,454458,887433
56,2027,418870,440566,859436
57,2027,403839,427929,831768
58,2027,386259,411770,798029
59,2027,380669,408366,789035
60,2027,372473,399245,771718
61,2027,361242,390633,751875
62,2027,347907,371442,719349
63,2027,338447,365399,703846
64,2027,332238,373379,705617
65,2027,339817,375579,715396
66,2027,363626,389386,753012
67,2027,358352,382739,741091
68,2027,325128,352161,677289
69,2027,292656,322024,614680
70,2027,282450,322768,605218
71,2027,277302,313760,591062
72,2027,291757,320092,611849
73,2027,272916,315215,588131
74,2027,279961,315993,595954
75,2027,268458,315656,584114
76,2027,257572,323391,580963
77,2027,248997,311982,560979
78,2027,236574,302263,538837
79,2027,222590,299880,522470
80,2027,201155,287017,488172
81,2027,183050,262740,445790
82,2027,170462,250633,421095
83,2027,157834,241728,399562
84,2027,136955,224021,360976
85,2027,122888,207064,329952
86,2027,106204,190048,296252
87,2027,89805,169405,259210
88,2027,74077,152163,226240
89,2027,57049,127750,184799
90,2027,50108,115104,165212
91,2027,38980,93189,132169
92,2027,30609,79914,110523
93,2027,25704,69399,95103
94,2027,18861,56540,75401
95,2027,6990,23257,30247
96,2027,4865,17040,21905
97,2027,4166,12007,16173
98,2027,3197,12600,15797
99,2027,2451,9625,12076
100,2027,2814,13885,16699
0,2027,239503,230652,470155
1,2027,255995,235787,491782
2,2027,256880,240125,497005
3,2027,265729,252877,518606
4,2027,271102,255159,526261
5,2027,278028,262419,540447
6,2027,284473,270197,554670
7,2027,288787,272673,561460
8,2027,291407,275626,567033
9,2027,292384,273768,566152
10,2027,292870,276348,569218
11,2027,292175,276335,568510
12,2027,293189,276560,569749
13,2027,293707,275993,569700
14,2027,292361,275117,567478
15,2027,294402,275104,569506
16,2027,295464,275318,570782
17,2027,298300,275718,574018
18,2027,301765,276733,578498
19,2027,305301,278500,583801
20,2027,299877,278751,578628
21,2027,308669,292053,600722
22,2027,308143,290735,598878
23,2027,312635,300228,612863
24,2027,314579,300941,615520
25,2027,320353,303707,624060
26,2027,325593,320057,645650
27,2027,327475,319819,647294
28,2027,328132,317481,645613
29,2027,332419,325254,657673
30,2027,327572,320367,647939
31,2027,330423,325499,655922
32,2027,339305,334797,674102
33,2027,345660,340081,685741
34,2027,350744,347007,697751
35,2027,360596,359002,719598
36,2027,362710,362970,725680
37,2027,373308,369792,743100
38,2027,390703,389403,780106
39,2027,408969,405212,814181
40,2027,456663,452826,909489
41,2027,450740,455583,906323
42,2027,454748,458088,912836
43,2027,472389,475072,947461
44,2027,469232,474600,943832
45,2027,473120,478231,951351
46,2027,473304,479987,953291
47,2027,472228,481091,953319
48,2027,476032,491557,967589
49,2027,478252,491471,969723
50,2027,479484,494946,974430
51,2027,485333,497325,982658
52,2027,484571,497608,982179
53,2027,488810,504946,993756
54,2027,459357,476996,936353
55,2027,439880,461942,901822
56,2027,432122,453700,885822
57,2027,416243,438937,855180
58,2027,396408,421733,818141
59,2027,385293,409109,794402
60,2027,378408,407379,785787
61,2027,367699,393841,761540
62,2027,354282,388609,742891
63,2027,348566,371183,719749
64,2027,337311,366074,703385
65,2027,328491,370706,699197
66,2027,339615,374016,713631
67,2027,360564,368462,729026
68,2027,348936,385729,734665
69,2027,323913,346582,670495
70,2027,289597,332058,621655
71,2027,283508,324244,607752
72,2027,272498,314926,587424
73,2027,289621,324320,613941
74,2027,271975,312151,584126
75,2027,269064,308838,577902
76,2027,259131,316797,575928
77,2027,254934,313934,568868
78,2027,238860,306654,545514
79,2027,225395,300471,525866
80,2027,209857,284001,493858
81,2027,190880,259686,450566
82,2027,171627,240782,412409
83,2027,159002,229650,388652
84,2027,145433,227295,372728
85,2027,124797,208907,333704
86,2027,110027,192650,302677
87,2027,91973,177100,269073
88,2027,77183,154781,231964
89,2027,64062,136903,200965
90,2027,51076,120167,171243
91,2027,41497,106510,148007
92,2027,30686,80551,111237
93,2027,23862,66119,89981
94,2027,18989,52921,71910
95,2027,16750,50088,66838
96,2027,4775,16540,21315
97,2027,3288,12033,15321
98,2027,2267,9433,11700
99,2027,2349,8677,11026
100,2027,3254,15327,18581
0,2027,230395,217892,448287
1,2027,241289,229516,470805
2,2027,260153,236167,496320
3,2027,259679,239324,499003
4,2027,257509,243147,500656
5,2027,266610,253097,519707
6,2027,273781,262851,536632
7,2027,280895,268386,549281
8,2027,288593,272052,560645
9,2027,291410,275394,566804
10,2027,292659,275758,568417
11,2027,292388,275665,568053
12,2027,293609,276739,570348
13,2027,294060,276191,570251
14,2027,293156,274348,567504
15,2027,293530,275246,568776
16,2027,295310,275788,571098
17,2027,298507,275767,574274
18,2027,304134,277219,581353
19,2027,308144,279123,587267
20,2027,309383,279419,588802
21,2027,306014,279472,585486
22,2027,305929,299684,605613
23,2027,310383,292744,603127
24,2027,311909,298775,610684
25,2027,316854,302333,619187
26,2027,324781,325147,649928
27,2027,327184,317748,644932
28,2027,328748,317596,646344
29,2027,329041,318683,647724
30,2027,331113,322470,653583
31,2027,327533,321060,648593
32,2027,330745,328622,659367
33,2027,338886,334599,673485
34,2027,345387,340164,685551
35,2027,350751,348991,699742
36,2027,361010,360005,721015
37,2027,362630,363032,725662
38,2027,374973,369917,744890
39,2027,386309,388728,775037
40,2027,404129,403629,807758
41,2027,456377,453034,909411
42,2027,434231,436573,870804
43,2027,454608,457920,912528
44,2027,472651,475863,948514
45,2027,469213,474293,943506
46,2027,473128,477868,950996
47,2027,473159,479966,953125
48,2027,472217,480442,952659
49,2027,474088,491241,965329
50,2027,476213,488677,964890
51,2027,479111,494193,973304
52,2027,485166,496894,982060
53,2027,483843,497107,980950
54,2027,488199,503550,991749
55,2027,456513,474706,931219
56,2027,439451,461276,900727
57,2027,430625,452460,883085
58,2027,412696,436180,848876
59,2027,393311,417182,810493
60,2027,381428,409486,790914
61,2027,375455,400555,776010
62,2027,364996,394511,759507
63,2027,346512,386306,732818
64,2027,345829,368601,714430
65,2027,334076,361543,695619
66,2027,323478,366446,689924
67,2027,334157,370737,704894
68,2027,343808,364215,708023
69,2027,344622,375688,720310
70,2027,316527,351316,667843
71,2027,284860,327937,612797
72,2027,275273,324740,600013
73,2027,282972,324743,607715
74,2027,280566,324778,605344
75,2027,273412,318100,591512
76,2027,267202,314005,581207
77,2027,255137,320311,575448
78,2027,243400,306743,550143
79,2027,230692,303637,534329
80,2027,212104,277228,489332
81,2027,195762,259709,455471
82,2027,179266,252216,431482
83,2027,160110,230605,390715
84,2027,147519,221610,369129
85,2027,134194,218553,352747
86,2027,111879,191475,303354
87,2027,97734,178430,276164
88,2027,80505,162179,242684
89,2027,65996,138691,204687
90,2027,53530,119399,172929
91,2027,41871,102181,144052
92,2027,30222,79182,109404
93,2027,24187,67999,92186
94,2027,18728,53891,72619
95,2027,14524,42317,56841
96,2027,9321,33166,42487
97,2027,4464,14356,18820
98,2027,2325,8822,11147
99,2027,1934,9139,11073
100,2027,2903,12793,15696
0,2027,220393,206617,427010
1,2027,231195,217826,449021
2,2027,252542,226928,479470
3,2027,254833,236338,491171
4,2027,254341,238702,493043
5,2027,257320,243707,501027
6,2027,262308,250563,512871
7,2027,273481,260082,533563
8,2027,278793,265343,544136
9,2027,288645,272165,560810
10,2027,291253,275103,566356
11,2027,292950,276911,569861
12,2027,293172,275426,568598
13,2027,294421,276174,570595
14,2027,293891,276116,570007
15,2027,293411,274580,567991
16,2027,293605,275039,568644
17,2027,298591,275656,574247
18,2027,305385,277481,582866
19,2027,309389,279397,588786
20,2027,310960,279853,590813
21,2027,309446,279510,588956
22,2027,308930,291496,600426
23,2027,308536,293598,602134
24,2027,309147,294490,603637
25,2027,312303,299028,611331
26,2027,324876,315099,639975
27,2027,327383,316926,644309
28,2027,327093,319188,646281
29,2027,329620,316656,646276
30,2027,329371,318914,648285
31,2027,331314,322757,654071
32,2027,328031,320746,648777
33,2027,331358,328917,660275
34,2027,339278,335110,674388
35,2027,345452,341338,686790
36,2027,352661,349719,702380
37,2027,360840,360555,721395
38,2027,363459,365438,728897
39,2027,373830,370222,744052
40,2027,386650,387694,774344
41,2027,404216,403642,807858
42,2027,416111,417638,833749
43,2027,438304,452642,890946
44,2027,454385,459603,913988
45,2027,471891,475630,947521
46,2027,468841,473829,942670
47,2027,472805,478114,950919
48,2027,472768,479537,952305
49,2027,471971,480278,952249
50,2027,473681,484083,957764
51,2027,475896,487393,963289
52,2027,479014,494327,973341
53,2027,484398,496743,981141
54,2027,483041,496528,979569
55,2027,486725,502565,989290
56,2027,455879,473900,929779
57,2027,437790,459534,897324
58,2027,423404,449506,872910
59,2027,408580,431970,840550
60,2027,389327,414605,803932
61,2027,380181,406852,787033
62,2027,368419,399861,768280
63,2027,356250,393374,749624
64,2027,347629,383959,731588
65,2027,335518,367432,702950
66,2027,328277,358612,686889
67,2027,324008,367943,691951
68,2027,329943,364876,694819
69,2027,328907,359488,688395
70,2027,333567,372916,706483
71,2027,316605,350163,666768
72,2027,286054,344602,630656
73,2027,282086,322953,605039
74,2027,278880,325586,604466
75,2027,272458,332752,605210
76,2027,262803,319770,582573
77,2027,259673,307561,567234
78,2027,246973,310035,557008
79,2027,234304,301475,535779
80,2027,219082,290485,509567
81,2027,198319,260359,458678
82,2027,181411,250516,431927
83,2027,164133,233140,397273
84,2027,150020,224334,374354
85,2027,134929,206493,341422
86,2027,114414,191299,305713
87,2027,99616,180178,279794
88,2027,85153,164294,249447
89,2027,68948,143322,212270
90,2027,54795,121911,176706
91,2027,44543,107321,151864
92,2027,30920,79740,110660
93,2027,24396,67810,92206
94,2027,18748,55091,73839
95,2027,14297,42883,57180
96,2027,9106,31826,40932
97,2027,6098,22711,28809
98,2027,2545,10060,12605
99,2027,1545,6990,8535
100,2027,2912,11786,14698
0,2027,214134,202741,416875
1,2027,220403,208436,428839
2,2027,230360,218935,449295
3,2027,240574,229556,470130
4,2027,248447,235239,483686
5,2027,254207,237242,491449
6,2027,257604,243543,501147
7,2027,261318,248938,510256
8,2027,273526,258377,531903
9,2027,281158,268900,550058
10,2027,289062,272744,561806
11,2027,291370,274524,565894
12,2027,293842,276063,569905
13,2027,293768,275774,569542
14,2027,295431,276163,571594
15,2027,294050,276141,570191
16,2027,294250,275682,569932
17,2027,298610,275559,574169
18,2027,304079,277776,581855
19,2027,308716,280463,589179
20,2027,310055,280191,590246
21,2027,310900,280240,591140
22,2027,310726,280614,591340
23,2027,314155,302038,616193
24,2027,308628,291822,600450
25,2027,310504,299548,610052
26,2027,318169,315141,633310
27,2027,327211,318804,646015
28,2027,328370,315739,644109
29,2027,328543,320986,649529
30,2027,329759,318967,648726
31,2027,329888,318527,648415
32,2027,329948,322181,652129
33,2027,327950,321377,649327
34,2027,332731,328719,661450
35,2027,339633,335662,675295
36,2027,346846,342691,689537
37,2027,354862,351908,706770
38,2027,360747,364303,725050
39,2027,362640,364956,727596
40,2027,374005,370242,744247
41,2027,386640,387726,774366
42,2027,404055,404766,808821
43,2027,432130,432754,864884
44,2027,458927,468881,927808
45,2027,454186,461142,915328
46,2027,471050,475641,946691
47,2027,468768,474151,942919
48,2027,472632,478255,950887
49,2027,472147,477253,949400
50,2027,471996,478596,950592
51,2027,472839,482111,954950
52,2027,475426,490742,966168
53,2027,479058,493527,972585
54,2027,484368,495405,979773
55,2027,483275,496883,980158
56,2027,485597,501403,987000
57,2027,454853,471258,926111
58,2027,437458,458109,895567
59,2027,421002,443207,864209
60,2027,407169,430556,837725
61,2027,385939,413879,799818
62,2027,375947,407760,783707
63,2027,366593,396764,763357
64,2027,340553,382464,723017
65,2027,346275,380800,727075
66,2027,332881,360551,693432
67,2027,327290,360193,687483
68,2027,321305,369182,690487
69,2027,321834,353802,675636
70,2027,311813,342811,654624
71,2027,325698,366434,692132
72,2027,309261,331460,640721
73,2027,273729,324532,598261
74,2027,269849,318856,588705
75,2027,267053,316656,583709
76,2027,259311,311662,570973
77,2027,257945,309997,567942
78,2027,252106,313142,565248
79,2027,235683,303192,538875
80,2027,222832,294308,517140
81,2027,204785,262213,466998
82,2027,183019,251517,434536
83,2027,168447,238379,406826
84,2027,153805,229287,383092
85,2027,136835,205362,342197
86,2027,121572,192945,314517
87,2027,101991,183169,285160
88,2027,86999,166120,253119
89,2027,72041,149396,221437
90,2027,56286,120927,177213
91,2027,43939,104226,148165
92,2027,30549,79588,110137
93,2027,29146,75398,104544
94,2027,18938,54761,73699
95,2027,14319,44617,58936
96,2027,9081,30249,39330
97,2027,6167,23169,29336
98,2027,4204,16177,20381
99,2027,2164,9364,11528
100,2027,2276,12665,14941
0,2027,210512,199312,409824
1,2027,214320,204523,418843
2,2027,220575,214314,434889
3,2027,229939,222233,452172
4,2027,238307,233968,472275
5,2027,249826,237191,487017
6,2027,251658,240728,492386
7,2027,257413,242993,500406
8,2027,261403,247029,508432
9,2027,278788,268687,547475
10,2027,282957,270288,553245
11,2027,291535,275130,566665
12,2027,292537,275044,567581
13,2027,293449,276307,569756
14,2027,294284,275903,570187
15,2027,296035,276318,572353
16,2027,295834,276706,572540
17,2027,294495,275422,569917
18,2027,304161,277023,581184
19,2027,305414,279924,585338
20,2027,308245,280411,588656
21,2027,310012,281385,591397
22,2027,310611,280936,591547
23,2027,310285,285510,595795
24,2027,309432,315120,624552
25,2027,307795,294616,602411
26,2027,311962,305692,617654
27,2027,327527,320147,647674
28,2027,325431,309453,634884
29,2027,328220,316517,644737
30,2027,329104,319434,648538
31,2027,329634,317736,647370
32,2027,329973,318803,648776
33,2027,329736,322446,652182
34,2027,327896,321854,649750
35,2027,333515,331078,664593
36,2027,340812,338420,679232
37,2027,349354,344370,693724
38,2027,357154,364441,721595
39,2027,360716,363968,724684
40,2027,362690,364543,727233
41,2027,373994,370062,744056
42,2027,384592,387369,771961
43,2027,404158,404601,808759
44,2027,440703,437498,878201
45,2027,451721,458875,910596
46,2027,454370,460432,914802
47,2027,470951,475762,946713
48,2027,468823,473311,942134
49,2027,472037,475860,947897
50,2027,472026,477111,949137
51,2027,472092,477065,949157
52,2027,472655,481534,954189
53,2027,474252,490469,964721
54,2027,478113,493388,971501
55,2027,484291,496162,980453
56,2027,483816,496844,980660
57,2027,486381,498158,984539
58,2027,450159,467862,918021
59,2027,434208,455910,890118
60,2027,418656,441650,860306
61,2027,406694,428508,835202
62,2027,386009,415424,801433
63,2027,375526,405402,780928
64,2027,352605,394001,746606
65,2027,334130,382278,716408
66,2027,332575,367142,699717
67,2027,330529,358364,688893
68,2027,325128,360156,685284
69,2027,320335,371015,691350
70,2027,322073,355500,677573
71,2027,310953,359671,670624
72,2027,304541,356947,661488
73,2027,300676,345330,646006
74,2027,269200,331887,601087
75,2027,265038,321663,586701
76,2027,257550,311294,568844
77,2027,251983,309995,561978
78,2027,252190,314225,566415
79,2027,242241,303175,545416
80,2027,227122,297790,524912
81,2027,210925,283278,494203
82,2027,191669,255084,446753
83,2027,169404,237367,406771
84,2027,157354,229387,386741
85,2027,140107,208343,348450
86,2027,123355,196411,319766
87,2027,107891,185378,293269
88,2027,89290,167814,257104
89,2027,73571,153802,227373
90,2027,56205,117624,173829
91,2027,47549,106142,153691
92,2027,37480,92250,129730
93,2027,30112,76665,106777
94,2027,19687,55614,75301
95,2027,15518,46546,62064
96,2027,10832,34287,45119
97,2027,6068,22263,28331
98,2027,4193,16446,20639
99,2027,2916,13548,16464
100,2027,2442,13003,15445
0,2027,211615,200134,411749
1,2027,210423,202275,412698
2,2027,213640,210227,423867
3,2027,220703,224308,445011
4,2027,234610,225832,460442
5,2027,246721,237136,483857
6,2027,251560,237186,488746
7,2027,251255,239613,490868
8,2027,257575,242978,500553
9,2027,266685,250279,516964
10,2027,281576,269737,551313
11,2027,292732,275820,568552
12,2027,292584,275939,568523
13,2027,293343,274641,567984
14,2027,295192,276781,571973
15,2027,295426,275920,571346
16,2027,296270,276288,572558
17,2027,296183,276249,572432
18,2027,299405,276616,576021
19,2027,305631,279246,584877
20,2027,308407,280527,588934
21,2027,308487,280468,588955
22,2027,309823,281065,590888
23,2027,309523,282798,592321
24,2027,310095,292772,602867
25,2027,311941,300641,612582
26,2027,311140,298605,609745
27,2027,316111,335855,651966
28,2027,324561,305747,630308
29,2027,329711,318632,648343
30,2027,328544,316353,644897
31,2027,328993,321544,650537
32,2027,329908,317432,647340
33,2027,330168,319359,649527
34,2027,327994,319913,647907
35,2027,327685,322269,649954
36,2027,334272,332003,666275
37,2027,341429,338716,680145
38,2027,359484,370837,730321
39,2027,357072,369567,726639
40,2027,360604,364578,725182
41,2027,362728,364869,727597
42,2027,374213,371440,745653
43,2027,386150,388711,774861
44,2027,404192,404994,809186
45,2027,457756,460570,918326
46,2027,451718,459662,911380
47,2027,454201,461120,915321
48,2027,470861,475631,946492
49,2027,468907,472398,941305
50,2027,469334,476170,945504
51,2027,471030,476378,947408
52,2027,472266,477012,949278
53,2027,472509,481161,953670
54,2027,474208,490174,964382
55,2027,475631,493757,969388
56,2027,484373,496232,980605
57,2027,484909,494645,979554
58,2027,482714,491910,974624
59,2027,442882,464284,907166
60,2027,433292,453719,887011
61,2027,413413,437560,850973
62,2027,396875,418798,815673
63,2027,380592,409108,789700
64,2027,370439,400245,770684
65,2027,333430,376351,709781
66,2027,330546,371511,702057
67,2027,330978,357223,688201
68,2027,309807,357621,667428
69,2027,323167,374689,697856
70,2027,326176,356952,683128
71,2027,309329,321275,630604
72,2027,297612,326381,623993
73,2027,292353,339919,632272
74,2027,265475,317786,583261
75,2027,268320,325271,593591
76,2027,262471,320124,582595
77,2027,261083,318506,579589
78,2027,257852,321038,578890
79,2027,249638,304061,553699
80,2027,235803,297176,532979
81,2027,212878,295064,507942
82,2027,194394,257704,452098
83,2027,174008,228761,402769
84,2027,159256,228293,387549
85,2027,145648,219120,364768
86,2027,127252,196239,323491
87,2027,110054,190714,300768
88,2027,93169,171852,265021
89,2027,75501,157662,233163
90,2027,56582,117214,173796
91,2027,47840,105749,153589
92,2027,38365,91289,129654
93,2027,31192,80062,111254
94,2027,19209,54340,73549
95,2027,16440,47982,64422
96,2027,12121,38097,50218
97,2027,6109,22453,28562
98,2027,4259,16286,20545
99,2027,2990,12995,15985
100,2027,2359,12430,14789
0,2027,211655,200138,411793
1,2027,211585,201178,412763
2,2027,211157,213517,424674
3,2027,214957,224951,439908
4,2027,221409,225947,447356
5,2027,235251,236785,472036
6,2027,247073,237159,484232
7,2027,251183,237458,488641
8,2027,251945,239524,491469
9,2027,271795,243510,515305
10,2027,282886,271300,554186
11,2027,291965,276461,568426
12,2027,293201,275073,568274
13,2027,292800,275676,568476
14,2027,294282,276071,570353
15,2027,295956,276591,572547
16,2027,296074,276164,572238
17,2027,299946,276229,576175
18,2027,299802,276397,576199
19,2027,299538,278261,577799
20,2027,308362,280595,588957
21,2027,308819,280607,589426
22,2027,309457,281025,590482
23,2027,310116,280744,590860
24,2027,309897,281296,591193
25,2027,308011,285409,593420
26,2027,309751,295669,605420
27,2027,311807,307115,618922
28,2027,319597,299781,619378
29,2027,327051,312195,639246
30,2027,329098,318060,647158
31,2027,328584,317536,646120
32,2027,329072,317477,646549
33,2027,330200,318265,648465
34,2027,331518,320892,652410
35,2027,328360,319933,648293
36,2027,328085,323215,651300
37,2027,334462,331250,665712
38,2027,340277,338914,679191
39,2027,350419,349543,699962
40,2027,356303,362078,718381
41,2027,360716,363978,724694
42,2027,362461,365590,728051
43,2027,374294,371440,745734
44,2027,387732,391811,779543
45,2027,404189,404944,809133
46,2027,457819,469882,927701
47,2027,451300,458052,909352
48,2027,454416,462873,917289
49,2027,468206,472495,940701
50,2027,469323,472341,941664
51,2027,469417,475421,944838
52,2027,470052,475578,945630
53,2027,472291,477026,949317
54,2027,472559,480794,953353
55,2027,474249,490583,964832
56,2027,476671,493893,970564
57,2027,484349,494938,979287
58,2027,487575,501319,988894
59,2027,460934,478518,939452
60,2027,440426,462491,902917
61,2027,431119,451545,882664
62,2027,374472,371080,745552
63,2027,386114,413660,799774
64,2027,354819,406813,761632
65,2027,334370,376037,710407
66,2027,332694,369152,701846
67,2027,329995,354744,684739
68,2027,310730,343293,654023
69,2027,306624,335532,642156
70,2027,324267,367952,692219
71,2027,318974,340307,659281
72,2027,293122,320547,613669
73,2027,287111,316782,603893
74,2027,300337,330888,631225
75,2027,262208,313839,576047
76,2027,257358,316796,574154
77,2027,257325,319839,577164
78,2027,253242,312326,565568
79,2027,247953,312643,560596
80,2027,239240,305608,544848
81,2027,218223,294188,512411
82,2027,198576,271621,470197
83,2027,179815,249048,428863
84,2027,160902,221055,381957
85,2027,146797,219262,366059
86,2027,133545,195537,329082
87,2027,112782,189067,301849
88,2027,96984,178118,275102
89,2027,73288,151184,224472
90,2027,62575,134567,197142
91,2027,47508,106636,154144
92,2027,37977,90245,128222
93,2027,30928,79160,110088
94,2027,19008,54517,73525
95,2027,16330,48028,64358
96,2027,10842,34160,45002
97,2027,6052,22543,28595
98,2027,4430,16584,21014
99,2027,2943,12036,14979
100,2027,3084,14455,17539
0,2028,292160,275407,567567
1,2028,292160,275407,567567
2,2028,292156,275407,567563
3,2028,292317,275433,567750
4,2028,292459,275435,567894
5,2028,292604,275460,568064
6,2028,292715,275538,568253
7,2028,292699,275529,568228
8,2028,292688,275503,568191
9,2028,292689,275485,568174
10,2028,292704,275551,568255
11,2028,292828,275972,568800
12,2028,293342,276256,569598
13,2028,293719,276375,570094
14,2028,293758,276281,570039
15,2028,293823,276272,570095
16,2028,294123,276355,570478
17,2028,294561,276410,570971
18,2028,295789,276733,572522
19,2028,296731,278188,574919
20,2028,296795,278225,575020
21,2028,296833,278284,575117
22,2028,296862,278532,575394
23,2028,296890,278545,575435
24,2028,296890,278545,575435
25,2028,296890,278545,575435
26,2028,296890,278545,575435
27,2028,296890,278545,575435
28,2028,296890,278545,575435
29,2028,296890,278545,575435
30,2028,296890,278545,575435
31,2028,296890,278545,575435
32,2028,296890,278545,575435
33,2028,296890,278545,575435
34,2028,296890,278545,575435
35,2028,296890,278545,575435
36,2028,296890,278545,575435
37,2028,296890,278545,575435
38,2028,296890,278545,575435
39,2028,296890,278545,575435
40,2028,296890,278545,575435
41,2028,296890,278545,575435
42,2028,296890,278545,575435
43,2028,296890,278545,575435
44,2028,296890,278545,575435
45,2028,296890,278545,575435
46,2028,296881,278545,575426
47,2028,296873,278545,575418
48,2028,296873,278545,575418
49,2028,296873,278545,575418
50,2028,296873,278545,575418
51,2028,296873,278595,575468
52,2028,296873,278595,575468
53,2028,296873,278595,575468
54,2028,296873,278595,575468
55,2028,296873,278595,575468
56,2028,296873,278595,575468
57,2028,296873,278595,575468
58,2028,296873,278595,575468
59,2028,296873,278595,575468
60,2028,296873,278595,575468
61,2028,296873,278595,575468
62,2028,296873,278595,575468
63,2028,296873,278595,575468
64,2028,296825,278595,575420
65,2028,296825,278595,575420
66,2028,296738,278595,575333
67,2028,296738,278595,575333
68,2028,296472,278595,575067
69,2028,296377,278595,574972
70,2028,296237,278595,574832
71,2028,295800,278595,574395
72,2028,295800,278595,574395
73,2028,295461,278595,574056
74,2028,295423,278595,574018
75,2028,295423,278595,574018
76,2028,295423,278595,574018
77,2028,295423,278595,574018
78,2028,295423,279554,574977
79,2028,295423,279363,574786
80,2028,295423,279614,575037
81,2028,295423,279743,575166
82,2028,295423,279743,575166
83,2028,295423,279743,575166
84,2028,295423,279743,575166
85,2028,295423,279743,575166
86,2028,295423,279743,575166
87,2028,295423,279743,575166
88,2028,295423,279743,575166
89,2028,295423,279743,575166
90,2028,295423,279743,575166
91,2028,295423,279743,575166
92,2028,295423,279743,575166
93,2028,295423,279743,575166
94,2028,295423,279743,575166
95,2028,295423,279743,575166
96,2028,295423,279743,575166
97,2028,295423,279743,575166
98,2028,295423,279743,575166
99,2028,295423,279743,575166
100,2028,295423,279743,575166
0,2028,292266,275259,567525
1,2028,292266,275259,567525
2,2028,292259,275259,567518
3,2028,292436,275274,567710
4,2028,292615,275193,567808
5,2028,292741,275299,568040
6,2028,292868,275406,568274
7,2028,292842,275390,568232
8,2028,292820,275364,568184
9,2028,292815,275344,568159
10,2028,292810,275474,568284
11,2028,292862,275699,568561
12,2028,293184,275754,568938
13,2028,293704,275708,569412
14,2028,293937,275800,569737
15,2028,294124,275792,569916
16,2028,294466,275859,570325
17,2028,295672,275850,571522
18,2028,297964,276497,574461
19,2028,298821,278322,577143
20,2028,299958,278491,578449
21,2028,300126,278538,578664
22,2028,300128,279006,579134
23,2028,300136,279020,579156
24,2028,300136,279020,579156
25,2028,300136,279020,579156
26,2028,300136,279020,579156
27,2028,300136,279020,579156
28,2028,300136,279020,579156
29,2028,300136,279020,579156
30,2028,300136,279020,579156
31,2028,300136,279020,579156
32,2028,300136,279020,579156
33,2028,300136,279020,579156
34,2028,300136,279020,579156
35,2028,300136,279020,579156
36,2028,300136,279020,579156
37,2028,300136,279020,579156
38,2028,300136,279020,579156
39,2028,300136,279020,579156
40,2028,300136,279020,579156
41,2028,300136,279020,579156
42,2028,300136,279020,579156
43,2028,300136,279020,579156
44,2028,300538,279020,579558
45,2028,300538,279020,579558
46,2028,300536,279020,579556
47,2028,300528,279020,579548
48,2028,300528,279020,579548
49,2028,300528,279020,579548
50,2028,300528,279020,579548
51,2028,300528,279059,579587
52,2028,300528,279059,579587
53,2028,300528,279059,579587
54,2028,300528,279059,579587
55,2028,300528,279059,579587
56,2028,300528,279059,579587
57,2028,300528,279059,579587
58,2028,300528,279059,579587
59,2028,300528,279059,579587
60,2028,300528,279059,579587
61,2028,300528,279059,579587
62,2028,300528,279059,579587
63,2028,300528,279059,579587
64,2028,300557,279059,579616
65,2028,300557,279059,579616
66,2028,300066,279059,579125
67,2028,300008,279059,579067
68,2028,299613,279059,578672
69,2028,299663,279059,578722
70,2028,299415,279037,578452
71,2028,298888,279037,577925
72,2028,298782,279037,577819
73,2028,298283,278963,577246
74,2028,298238,278963,577201
75,2028,298238,278963,577201
76,2028,298238,278963,577201
77,2028,298238,278963,577201
78,2028,298344,280269,578613
79,2028,298259,280078,578337
80,2028,298344,280826,579170
81,2028,298338,280568,578906
82,2028,298338,280568,578906
83,2028,298338,280568,578906
84,2028,298338,280568,578906
85,2028,298338,280568,578906
86,2028,298338,280568,578906
87,2028,298338,280568,578906
88,2028,298338,280568,578906
89,2028,298338,280568,578906
90,2028,298338,280568,578906
91,2028,298338,280568,578906
92,2028,298338,280568,578906
93,2028,298338,280568,578906
94,2028,298338,280568,578906
95,2028,298338,280568,578906
96,2028,298338,280568,578906
97,2028,298338,280568,578906
98,2028,298338,280568,578906
99,2028,298338,280568,578906
100,2028,298338,280568,578906
0,2028,292274,275413,567687
1,2028,292274,275413,567687
2,2028,292266,275413,567679
3,2028,292417,275347,567764
4,2028,292716,275394,568110
5,2028,292856,275450,568306
6,2028,292910,275526,568436
7,2028,292866,275510,568376
8,2028,292838,275471,568309
9,2028,292865,275477,568342
10,2028,292819,275561,568380
11,2028,292909,275804,568713
12,2028,293366,276259,569625
13,2028,294527,276216,570743
14,2028,294776,276418,571194
15,2028,295034,276413,571447
16,2028,296135,276482,572617
17,2028,297419,276524,573943
18,2028,299982,276890,576872
19,2028,300697,278092,578789
20,2028,300794,278561,579355
21,2028,301474,278636,580110
22,2028,301310,278941,580251
23,2028,301326,278955,580281
24,2028,301326,278955,580281
25,2028,301326,278955,580281
26,2028,301326,278955,580281
27,2028,301326,278955,580281
28,2028,301326,278955,580281
29,2028,301326,278955,580281
30,2028,301326,278955,580281
31,2028,301326,278955,580281
32,2028,301326,278955,580281
33,2028,301326,278955,580281
34,2028,301326,278955,580281
35,2028,301326,278955,580281
36,2028,301326,278955,580281
37,2028,301326,278955,580281
38,2028,301326,278955,580281
39,2028,301326,278955,580281
40,2028,301326,278955,580281
41,2028,301326,278955,580281
42,2028,301326,278955,580281
43,2028,301333,278955,580288
44,2028,303077,279111,582188
45,2028,303077,279111,582188
46,2028,302118,279111,581229
47,2028,302109,279111,581220
48,2028,302109,279111,581220
49,2028,302109,279111,581220
50,2028,302109,279111,581220
51,2028,302109,279149,581258
52,2028,302109,279149,581258
53,2028,302109,279149,581258
54,2028,302109,279149,581258
55,2028,302109,279149,581258
56,2028,302109,279149,581258
57,2028,302109,279149,581258
58,2028,302109,279149,581258
59,2028,302109,279149,581258
60,2028,302109,279149,581258
61,2028,302109,279149,581258
62,2028,302109,279149,581258
63,2028,302109,279149,581258
64,2028,303056,279149,582205
65,2028,303056,279149,582205
66,2028,301751,278994,580745
67,2028,301764,278926,580690
68,2028,301625,278926,580551
69,2028,301693,278926,580619
70,2028,301698,278926,580624
71,2028,302699,279051,581750
72,2028,302614,279051,581665
73,2028,301717,279129,580846
74,2028,301717,279129,580846
75,2028,301717,279129,580846
76,2028,301717,279129,580846
77,2028,301717,279129,580846
78,2028,301618,283834,585452
79,2028,301588,283520,585108
80,2028,301523,283856,585379
81,2028,301545,283856,585401
82,2028,301545,283856,585401
83,2028,301545,283856,585401
84,2028,301545,283856,585401
85,2028,301545,283856,585401
86,2028,301545,283856,585401
87,2028,301545,283856,585401
88,2028,301545,283856,585401
89,2028,301545,283856,585401
90,2028,301545,283856,585401
91,2028,301545,283856,585401
92,2028,301545,283856,585401
93,2028,301545,283856,585401
94,2028,301545,283856,585401
95,2028,301545,283856,585401
96,2028,301545,283856,585401
97,2028,301545,283856,585401
98,2028,301545,283856,585401
99,2028,301545,283856,585401
100,2028,301545,283856,585401
0,2028,292099,274901,567000
1,2028,292099,274901,567000
2,2028,292091,274901,566992
3,2028,292300,274901,567201
4,2028,292463,274931,567394
5,2028,292518,274983,567501
6,2028,292615,275035,567650
7,2028,292607,275057,567664
8,2028,292601,275043,567644
9,2028,292574,275024,567598
10,2028,292549,275055,567604
11,2028,292624,275339,567963
12,2028,293047,275490,568537
13,2028,294584,275590,570174
14,2028,295239,275679,570918
15,2028,297561,275661,573222
16,2028,296031,275360,571391
17,2028,298511,275281,573792
18,2028,300960,276311,577271
19,2028,318140,278178,596318
20,2028,318570,278704,597274
21,2028,307169,279147,586316
22,2028,306963,279195,586158
23,2028,307025,279209,586234
24,2028,307025,279209,586234
25,2028,307025,279209,586234
26,2028,307025,279209,586234
27,2028,307025,279209,586234
28,2028,307025,279209,586234
29,2028,307025,279209,586234
30,2028,307025,279209,586234
31,2028,307025,279209,586234
32,2028,307025,279209,586234
33,2028,307025,279209,586234
34,2028,307025,279209,586234
35,2028,307025,279209,586234
36,2028,307025,279209,586234
37,2028,307025,279209,586234
38,2028,307025,279209,586234
39,2028,307025,279209,586234
40,2028,307025,279209,586234
41,2028,307025,279209,586234
42,2028,307025,279209,586234
43,2028,307025,279209,586234
44,2028,309401,279433,588834
45,2028,309401,279433,588834
46,2028,308138,279364,587502
47,2028,308207,279364,587571
48,2028,308207,279364,587571
49,2028,308207,279364,587571
50,2028,308207,279364,587571
51,2028,308198,279402,587600
52,2028,308198,279402,587600
53,2028,308198,279402,587600
54,2028,308198,279402,587600
55,2028,308198,279402,587600
56,2028,308198,279402,587600
57,2028,308198,279402,587600
58,2028,308198,279402,587600
59,2028,308198,279402,587600
60,2028,308198,279402,587600
61,2028,308198,279402,587600
62,2028,308198,279402,587600
63,2028,308198,279402,587600
64,2028,309449,279472,588921
65,2028,309538,279472,589010
66,2028,307947,279400,587347
67,2028,308227,279400,587627
68,2028,307618,279138,586756
69,2028,307735,279232,586967
70,2028,307742,279123,586865
71,2028,309127,279187,588314
72,2028,308751,279129,587880
73,2028,307179,279129,586308
74,2028,307179,279129,586308
75,2028,307179,279129,586308
76,2028,307179,279129,586308
77,2028,307179,279129,586308
78,2028,306934,286413,593347
79,2028,306862,284996,591858
80,2028,306855,286432,593287
81,2028,306855,286432,593287
82,2028,306855,286432,593287
83,2028,306855,286432,593287
84,2028,306855,286432,593287
85,2028,306855,286432,593287
86,2028,306855,286432,593287
87,2028,306855,286432,593287
88,2028,306855,286432,593287
89,2028,306855,286432,593287
90,2028,306855,286432,593287
91,2028,306855,286432,593287
92,2028,306855,286432,593287
93,2028,306855,286432,593287
94,2028,306855,286432,593287
95,2028,306855,286432,593287
96,2028,306855,286432,593287
97,2028,306855,286432,593287
98,2028,306855,286432,593287
99,2028,306855,286432,593287
100,2028,306855,286432,593287
0,2028,272029,256375,528404
1,2028,272029,256375,528404
2,2028,272029,256375,528404
3,2028,272006,256375,528381
4,2028,271939,256352,528291
5,2028,271982,256465,528447
6,2028,272022,256482,528504
7,2028,272027,256807,528834
8,2028,272280,256608,528888
9,2028,280006,271703,551709
10,2028,292732,276012,568744
11,2028,292776,276011,568787
12,2028,279992,270025,550017
13,2028,293390,275524,568914
14,2028,280752,270313,551065
15,2028,281458,270657,552115
16,2028,295422,275396,570818
17,2028,304452,308508,612960
18,2028,316924,313181,630105
19,2028,317143,313181,630324
20,2028,317273,313344,630617
21,2028,317662,314846,632508
22,2028,318244,314829,633073
23,2028,324685,314113,638798
24,2028,343496,317523,661019
25,2028,360917,377662,738579
26,2028,424751,437749,862500
27,2028,434792,445214,880006
28,2028,436639,445214,881853
29,2028,437838,445214,883052
30,2028,438024,445381,883405
31,2028,438291,446618,884909
32,2028,439677,449284,888961
33,2028,439792,450631,890423
34,2028,456346,458399,914745
35,2028,470356,465786,936142
36,2028,471075,467948,939023
37,2028,471363,467981,939344
38,2028,439511,451257,890768
39,2028,438410,448229,886639
40,2028,437950,448025,885975
41,2028,434823,447776,882599
42,2028,426276,440462,866738
43,2028,383723,390779,774502
44,2028,383407,390781,774188
45,2028,382948,391082,774030
46,2028,360351,379805,740156
47,2028,359819,379648,739467
48,2028,359819,379648,739467
49,2028,359823,379648,739471
50,2028,359823,379648,739471
51,2028,359824,379750,739574
52,2028,360133,379650,739783
53,2028,383982,391074,775056
54,2028,383596,391074,774670
55,2028,383861,391095,774956
56,2028,327719,317258,644977
57,2028,322191,315490,637681
58,2028,322524,317513,640037
59,2028,322085,317555,639640
60,2028,326274,317631,643905
61,2028,345153,377248,722401
62,2028,345758,376891,722649
63,2028,337760,374253,712013
64,2028,318587,317253,635840
65,2028,317505,317856,635361
66,2028,320034,317555,637589
67,2028,287859,319542,607401
68,2028,282959,319542,602501
69,2028,275082,318260,593342
70,2028,274019,318260,592279
71,2028,274499,315481,589980
72,2028,274910,314457,589367
73,2028,268083,310756,578839
74,2028,266177,306625,572802
75,2028,257421,302582,560003
76,2028,255668,299451,555119
77,2028,258576,277455,536031
78,2028,258567,279683,538250
79,2028,251248,257177,508425
80,2028,251171,247547,498718
81,2028,251061,226911,477972
82,2028,250728,201373,452101
83,2028,250728,201373,452101
84,2028,250728,200638,451366
85,2028,250728,200771,451499
86,2028,250728,192605,443333
87,2028,250728,190476,441204
88,2028,250728,190476,441204
89,2028,250728,190476,441204
90,2028,250728,189577,440305
91,2028,250728,189577,440305
92,2028,250728,189577,440305
93,2028,250728,189562,440290
94,2028,250728,189562,440290
95,2028,250728,189562,440290
96,2028,250728,189562,440290
97,2028,250728,189562,440290
98,2028,250728,189562,440290
99,2028,250728,189562,440290
100,2028,250728,189562,440290
0,2028,267913,252841,520754
1,2028,267791,251150,518941
2,2028,267791,251150,518941
3,2028,267027,250949,517976
4,2028,267009,250816,517825
5,2028,267088,251026,518114
6,2028,267082,251074,518156
7,2028,267084,252048,519132
8,2028,267279,252212,519491
9,2028,273592,269397,542989
10,2028,292511,275340,567851
11,2028,292539,276173,568712
12,2028,292104,276139,568243
13,2028,294015,275798,569813
14,2028,293008,275975,568983
15,2028,283140,273220,556360
16,2028,279199,264615,543814
17,2028,296234,285024,581258
18,2028,316522,320469,636991
19,2028,317519,311668,629187
20,2028,316778,311318,628096
21,2028,320413,310753,631166
22,2028,320325,309521,629846
23,2028,321981,316474,638455
24,2028,333957,319371,653328
25,2028,362002,380465,742467
26,2028,406731,409623,816354
27,2028,427718,423971,851689
28,2028,441046,451226,892272
29,2028,442812,454073,896885
30,2028,444379,455888,900267
31,2028,445208,459366,904574
32,2028,444492,457119,901611
33,2028,448982,463446,912428
34,2028,460759,463508,924267
35,2028,476334,463618,939952
36,2028,477101,466885,943986
37,2028,477102,466949,944051
38,2028,481908,473462,955370
39,2028,452479,466904,919383
40,2028,447178,462745,909923
41,2028,444044,461998,906042
42,2028,441546,458171,899717
43,2028,432838,450071,882909
44,2028,415832,417655,833487
45,2028,381430,409631,791061
46,2028,372292,385554,757846
47,2028,363230,381233,744463
48,2028,362111,381455,743566
49,2028,362235,381039,743274
50,2028,362194,381039,743233
51,2028,362091,381039,743130
52,2028,362102,381039,743141
53,2028,366902,381997,748899
54,2028,422874,429678,852552
55,2028,408388,411609,819997
56,2028,370763,385349,756112
57,2028,328461,335439,663900
58,2028,319689,318945,638634
59,2028,318007,318765,636772
60,2028,316096,318383,634479
61,2028,309684,314275,623959
62,2028,337929,375400,713329
63,2028,350008,376163,726171
64,2028,327785,366729,694514
65,2028,318792,336033,654825
66,2028,283697,319600,603297
67,2028,310182,316897,627079
68,2028,283139,317689,600828
69,2028,266867,319314,586181
70,2028,269477,319906,589383
71,2028,266565,320184,586749
72,2028,266432,314078,580510
73,2028,259316,316896,576212
74,2028,254234,306527,560761
75,2028,252448,305162,557610
76,2028,245690,306261,551951
77,2028,249393,288514,537907
78,2028,249623,285170,534793
79,2028,249532,247367,496899
80,2028,248875,245867,494742
81,2028,248499,228468,476967
82,2028,246636,207511,454147
83,2028,246631,200315,446946
84,2028,246636,199785,446421
85,2028,246636,200167,446803
86,2028,246636,194858,441494
87,2028,246636,192779,439415
88,2028,246636,192779,439415
89,2028,246631,192779,439410
90,2028,246077,193063,439140
91,2028,239712,193063,432775
92,2028,239712,193063,432775
93,2028,239712,192415,432127
94,2028,239712,192415,432127
95,2028,239712,192415,432127
96,2028,239712,192415,432127
97,2028,239712,192415,432127
98,2028,239712,192415,432127
99,2028,239712,192415,432127
100,2028,239712,192415,432127
0,2028,284391,272899,557290
1,2028,267392,259074,526466
2,2028,267095,249711,516806
3,2028,266108,252006,518114
4,2028,266117,251901,518018
5,2028,266119,249482,515601
6,2028,266175,249466,515641
7,2028,266138,249288,515426
8,2028,266452,249043,515495
9,2028,267138,253421,520559
10,2028,269989,254485,524474
11,2028,280099,271715,551814
12,2028,293417,277266,570683
13,2028,294021,275784,569805
14,2028,296970,276761,573731
15,2028,293686,276930,570616
16,2028,282905,273698,556603
17,2028,281983,265032,547015
18,2028,303262,299519,602781
19,2028,314855,315697,630552
20,2028,312474,317944,630418
21,2028,316366,312149,628515
22,2028,317545,311383,628928
23,2028,318032,313668,631700
24,2028,319824,316518,636342
25,2028,321653,319051,640704
26,2028,361074,370585,731659
27,2028,361271,371368,732639
28,2028,381682,389146,770828
29,2028,447320,462568,909888
30,2028,447741,460884,908625
31,2028,451248,462283,913531
32,2028,456411,463755,920166
33,2028,453401,462120,915521
34,2028,474101,465343,939444
35,2028,476672,465828,942500
36,2028,478812,469725,948537
37,2028,479751,470308,950059
38,2028,484165,475565,959730
39,2028,485556,476342,961898
40,2028,488060,480108,968168
41,2028,466558,480195,946753
42,2028,461749,477225,938974
43,2028,446661,462721,909382
44,2028,436261,451476,887737
45,2028,424300,425098,849398
46,2028,377597,407971,785568
47,2028,367268,373427,740695
48,2028,360164,372986,733150
49,2028,356301,368568,724869
50,2028,356068,368704,724772
51,2028,351688,367579,719267
52,2028,340922,367198,708120
53,2028,339917,367408,707325
54,2028,359743,371902,731645
55,2028,360253,371884,732137
56,2028,370651,401862,772513
57,2028,361289,379510,740799
58,2028,335415,325117,660532
59,2028,313481,318762,632243
60,2028,316674,320898,637572
61,2028,311883,326031,637914
62,2028,313587,320129,633716
63,2028,310314,330549,640863
64,2028,338331,368825,707156
65,2028,325688,362779,688467
66,2028,318002,334119,652121
67,2028,283660,316360,600020
68,2028,295320,318203,613523
69,2028,269398,318919,588317
70,2028,268192,318347,586539
71,2028,267414,317163,584577
72,2028,275769,320921,596690
73,2028,263595,322481,586076
74,2028,255852,308760,564612
75,2028,251973,307453,559426
76,2028,251541,304132,555673
77,2028,246700,302671,549371
78,2028,249225,302728,551953
79,2028,246538,244814,491352
80,2028,244315,245382,489697
81,2028,237477,237696,475173
82,2028,236934,226064,462998
83,2028,236592,202617,439209
84,2028,236571,200759,437330
85,2028,236144,200963,437107
86,2028,236571,194937,431508
87,2028,236571,193321,429892
88,2028,236144,192783,428927
89,2028,236144,192783,428927
90,2028,236571,192610,429181
91,2028,236705,192610,429315
92,2028,236705,192626,429331
93,2028,236705,192154,428859
94,2028,236705,192154,428859
95,2028,236705,192154,428859
96,2028,236705,192154,428859
97,2028,236705,192154,428859
98,2028,236705,192154,428859
99,2028,236705,192154,428859
100,2028,236705,192154,428859
0,2028,281386,268833,550219
1,2028,283743,269053,552796
2,2028,266779,260746,527525
3,2028,265673,261090,526763
4,2028,279396,262291,541687
5,2028,265744,260567,526311
6,2028,276074,249750,525824
7,2028,269912,249825,519737
8,2028,265959,249038,514997
9,2028,260973,245025,505998
10,2028,267261,251494,518755
11,2028,279200,270418,549618
12,2028,289141,273655,562796
13,2028,293532,275795,569327
14,2028,293649,274805,568454
15,2028,296899,280627,577526
16,2028,295756,280364,576120
17,2028,284557,273794,558351
18,2028,332315,275435,607750
19,2028,317145,324351,641496
20,2028,315261,316008,631269
21,2028,318565,308260,626825
22,2028,317120,305302,622422
23,2028,320048,311324,631372
24,2028,320825,322297,643122
25,2028,323359,321734,645093
26,2028,342087,370331,712418
27,2028,352200,373797,725997
28,2028,365527,376919,742446
29,2028,384416,388473,772889
30,2028,452203,462372,914575
31,2028,459202,461477,920679
32,2028,443310,453001,896311
33,2028,458007,459770,917777
34,2028,440552,450818,891370
35,2028,439128,445332,884460
36,2028,463998,466078,930076
37,2028,470019,469526,939545
38,2028,482504,474308,956812
39,2028,484789,477616,962405
40,2028,487230,480991,968221
41,2028,488223,484223,972446
42,2028,489097,489035,978132
43,2028,483524,483361,966885
44,2028,458987,470170,929157
45,2028,441880,458635,900515
46,2028,409520,415944,825464
47,2028,379632,407674,787306
48,2028,374102,392844,766946
49,2028,372716,391015,763731
50,2028,352533,377105,729638
51,2028,349369,376197,725566
52,2028,342889,372044,714933
53,2028,345268,370947,716215
54,2028,338911,369819,708730
55,2028,349873,374908,724781
56,2028,354168,369078,723246
57,2028,371578,390827,762405
58,2028,365165,385637,750802
59,2028,335886,327526,663412
60,2028,322491,323354,645845
61,2028,315202,320195,635397
62,2028,313973,322684,636657
63,2028,303698,319742,623440
64,2028,309831,318657,628488
65,2028,316042,328509,644551
66,2028,327680,329946,657626
67,2028,317498,333626,651124
68,2028,283377,314131,597508
69,2028,285608,320138,605746
70,2028,268475,316946,585421
71,2028,266628,313218,579846
72,2028,268306,317888,586194
73,2028,261365,315088,576453
74,2028,255993,307438,563431
75,2028,253661,306131,559792
76,2028,252907,307587,560494
77,2028,238633,300284,538917
78,2028,241014,299937,540951
79,2028,226916,246687,473603
80,2028,222608,247591,470199
81,2028,218459,237313,455772
82,2028,216540,226578,443118
83,2028,216004,210242,426246
84,2028,215404,200852,416256
85,2028,215444,201968,417412
86,2028,214575,195147,409722
87,2028,214569,193610,408179
88,2028,214511,193595,408106
89,2028,214511,193610,408121
90,2028,214492,193757,408249
91,2028,214492,193757,408249
92,2028,214492,193485,407977
93,2028,213952,189892,403844
94,2028,213913,189892,403805
95,2028,213913,189146,403059
96,2028,213913,189146,403059
97,2028,213913,189146,403059
98,2028,213913,189146,403059
99,2028,213913,189146,403059
100,2028,213913,189146,403059
0,2028,282213,270454,552667
1,2028,280856,271151,552007
2,2028,283479,268651,552130
3,2028,283565,268668,552233
4,2028,273218,269765,542983
5,2028,283501,268651,552152
6,2028,283470,269235,552705
7,2028,272430,261814,534244
8,2028,270020,256236,526256
9,2028,272895,262051,534946
10,2028,266819,262009,528828
11,2028,282375,270064,552439
12,2028,278199,263001,541200
13,2028,293345,275888,569233
14,2028,295646,276305,571951
15,2028,297391,274548,571939
16,2028,297227,280322,577549
17,2028,306888,294208,601096
18,2028,304895,278874,583769
19,2028,304956,300886,605842
20,2028,315544,323954,639498
21,2028,310918,312360,623278
22,2028,319208,309413,628621
23,2028,320674,314485,635159
24,2028,322268,315570,637838
25,2028,325826,316327,642153
26,2028,338128,326371,664499
27,2028,343836,340581,684417
28,2028,355951,352623,708574
29,2028,369800,365524,735324
30,2028,386403,369705,756108
31,2028,412752,404925,817677
32,2028,434944,437095,872039
33,2028,406912,402899,809811
34,2028,432907,429916,862823
35,2028,463894,462994,926888
36,2028,461021,462483,923504
37,2028,461222,462688,923910
38,2028,471264,470349,941613
39,2028,481698,473425,955123
40,2028,484748,479411,964159
41,2028,486575,484932,971507
42,2028,486456,488744,975200
43,2028,489547,490756,980303
44,2028,485696,488487,974183
45,2028,461546,476661,938207
46,2028,440872,458431,899303
47,2028,426355,439648,866003
48,2028,409961,418592,828553
49,2028,403276,416537,819813
50,2028,389808,398885,788693
51,2028,389556,398615,788171
52,2028,385935,398243,784178
53,2028,368279,374628,742907
54,2028,358987,372175,731162
55,2028,351351,369544,720895
56,2028,342594,375802,718396
57,2028,349727,370816,720543
58,2028,376703,393367,770070
59,2028,373866,390984,764850
60,2028,360423,383081,743504
61,2028,324295,322744,647039
62,2028,322876,315648,638524
63,2028,324732,324424,649156
64,2028,314088,325931,640019
65,2028,306626,332589,639215
66,2028,314975,341238,656213
67,2028,322684,343354,666038
68,2028,318724,348738,667462
69,2028,282545,322597,605142
70,2028,273684,330881,604565
71,2028,273735,329788,603523
72,2028,268823,332458,601281
73,2028,268051,328822,596873
74,2028,260171,316647,576818
75,2028,253670,311196,564866
76,2028,252182,310686,562868
77,2028,239259,305977,545236
78,2028,237324,293209,530533
79,2028,221583,262146,483729
80,2028,219636,256986,476622
81,2028,216280,239192,455472
82,2028,214634,228043,442677
83,2028,214313,215723,430036
84,2028,213696,201002,414698
85,2028,213696,201960,415656
86,2028,213582,194328,407910
87,2028,212430,192780,405210
88,2028,212430,187857,400287
89,2028,212458,188519,400977
90,2028,212444,188393,400837
91,2028,212444,187754,400198
92,2028,212513,185919,398432
93,2028,212274,185645,397919
94,2028,212281,185645,397926
95,2028,212281,185645,397926
96,2028,212281,185645,397926
97,2028,212281,185922,398203
98,2028,212281,185922,398203
99,2028,212281,185922,398203
100,2028,212281,185922,398203
0,2028,283448,274235,557683
1,2028,281715,270043,551758
2,2028,280381,268271,548652
3,2028,280935,268280,549215
4,2028,281629,269033,550662
5,2028,280437,268264,548701
6,2028,280264,268321,548585
7,2028,282051,268488,550539
8,2028,282521,268614,551135
9,2028,271947,261977,533924
10,2028,284899,270551,555450
11,2028,267820,260109,527929
12,2028,282718,270954,553672
13,2028,278460,264221,542681
14,2028,291269,273252,564521
15,2028,291558,272739,564297
16,2028,305488,308921,614409
17,2028,298489,283107,581596
18,2028,311197,296606,607803
19,2028,307753,297706,605459
20,2028,308534,308128,616662
21,2028,311745,323597,635342
22,2028,313378,315242,628620
23,2028,319765,312248,632013
24,2028,322458,319040,641498
25,2028,324118,312209,636327
26,2028,331162,323895,655057
27,2028,339853,335335,675188
28,2028,346889,342220,689109
29,2028,362002,355941,717943
30,2028,370987,365641,736628
31,2028,391694,388553,780247
32,2028,413742,412835,826577
33,2028,432299,436019,868318
34,2028,422412,426310,848722
35,2028,457638,456865,914503
36,2028,432182,432180,864362
37,2028,458822,462499,921321
38,2028,462791,465234,928025
39,2028,471079,471016,942095
40,2028,477239,478819,956058
41,2028,484335,484233,968568
42,2028,484339,488909,973248
43,2028,486263,492418,978681
44,2028,489706,496657,986363
45,2028,490495,495355,985850
46,2028,462988,477488,940476
47,2028,443019,459563,902582
48,2028,432740,448870,881610
49,2028,416091,425660,841751
50,2028,409531,418522,828053
51,2028,398125,415381,813506
52,2028,395549,406962,802511
53,2028,389877,398766,788643
54,2028,370165,378029,748194
55,2028,370240,376085,746325
56,2028,346974,377454,724428
57,2028,335755,377408,713163
58,2028,351790,371763,723553
59,2028,375859,402760,778619
60,2028,373347,392741,766088
61,2028,360361,381113,741474
62,2028,328689,313032,641721
63,2028,322008,313785,635793
64,2028,322747,316227,638974
65,2028,306149,322496,628645
66,2028,304647,330334,634981
67,2028,321350,358382,679732
68,2028,313932,343150,657082
69,2028,310116,343483,653599
70,2028,272866,323051,595917
71,2028,270863,323428,594291
72,2028,268748,322848,591596
73,2028,269880,321417,591297
74,2028,261383,320827,582210
75,2028,253085,310367,563452
76,2028,253505,311658,565163
77,2028,243266,308853,552119
78,2028,238380,302775,541155
79,2028,219850,278893,498743
80,2028,218610,257778,476388
81,2028,215044,238948,453992
82,2028,214636,226977,441613
83,2028,213955,214959,428914
84,2028,213612,201135,414747
85,2028,213460,201649,415109
86,2028,211239,195284,406523
87,2028,210900,192885,403785
88,2028,209173,182473,391646
89,2028,209128,177284,386412
90,2028,209111,174992,384103
91,2028,209328,174852,384180
92,2028,208435,174413,382848
93,2028,208314,170054,378368
94,2028,207952,158223,366175
95,2028,207826,157831,365657
96,2028,207594,149357,356951
97,2028,207301,145465,352766
98,2028,207301,145465,352766
99,2028,207523,145465,352988
100,2028,207301,145465,352766
0,2028,291440,274509,565949
1,2028,283790,274190,557980
2,2028,282625,270733,553358
3,2028,288432,270880,559312
4,2028,283483,272752,556235
5,2028,282046,270930,552976
6,2028,279850,269036,548886
7,2028,280048,268515,548563
8,2028,280078,269096,549174
9,2028,280736,268836,549572
10,2028,281181,269056,550237
11,2028,284428,274118,558546
12,2028,283151,274865,558016
13,2028,283113,272623,555736
14,2028,293395,275122,568517
15,2028,293849,309851,603700
16,2028,316226,323683,639909
17,2028,307073,312960,620033
18,2028,305942,294590,600532
19,2028,310672,294910,605582
20,2028,310158,298370,608528
21,2028,309517,304079,613596
22,2028,308650,333793,642443
23,2028,318794,310749,629543
24,2028,320920,310135,631055
25,2028,323096,313946,637042
26,2028,326627,319384,646011
27,2028,333002,327483,660485
28,2028,343177,339661,682838
29,2028,348683,346838,695521
30,2028,359633,359817,719450
31,2028,373417,369315,742732
32,2028,391432,386500,777932
33,2028,416228,423041,839269
34,2028,464885,457158,922043
35,2028,439745,447232,886977
36,2028,465828,467352,933180
37,2028,448424,453450,901874
38,2028,463977,467292,931269
39,2028,467355,468497,935852
40,2028,473976,476557,950533
41,2028,475727,483147,958874
42,2028,480003,488006,968009
43,2028,480318,491125,971443
44,2028,486301,495719,982020
45,2028,486948,497762,984710
46,2028,488824,492045,980869
47,2028,471425,481857,953282
48,2028,447625,462485,910110
49,2028,436591,451181,887772
50,2028,426979,440975,867954
51,2028,409153,418541,827694
52,2028,406445,418020,824465
53,2028,391959,407264,799223
54,2028,384228,398930,783158
55,2028,377531,396852,774383
56,2028,367313,376258,743571
57,2028,348910,382675,731585
58,2028,333220,369971,703191
59,2028,350820,370414,721234
60,2028,378383,404906,783289
61,2028,370737,392805,763542
62,2028,360340,379099,739439
63,2028,333500,321413,654913
64,2028,321057,318850,639907
65,2028,326770,317296,644066
66,2028,308708,321668,630376
67,2028,302313,325191,627504
68,2028,307868,334878,642746
69,2028,292165,335398,627563
70,2028,303041,346905,649946
71,2028,271836,318159,589995
72,2028,272588,320124,592712
73,2028,269492,323266,592758
74,2028,261043,319096,580139
75,2028,258587,314396,572983
76,2028,251908,311650,563558
77,2028,242944,308822,551766
78,2028,235704,304108,539812
79,2028,217550,273985,491535
80,2028,217275,259458,476733
81,2028,214210,238958,453168
82,2028,214434,227623,442057
83,2028,212283,216659,428942
84,2028,211655,201176,412831
85,2028,211561,202065,413626
86,2028,206036,195055,401091
87,2028,204415,190581,394996
88,2028,201321,181061,382382
89,2028,186336,122930,309266
90,2028,183447,100047,283494
91,2028,182358,92049,274407
92,2028,182751,96724,279475
93,2028,182556,94100,276656
94,2028,180225,79579,259804
95,2028,180028,69642,249670
96,2028,177824,53155,230979
97,2028,177401,51080,228481
98,2028,177280,50502,227782
99,2028,177067,49963,227030
100,2028,177280,50502,227782
0,2028,291649,275339,566988
1,2028,291666,274248,565914
2,2028,291849,275063,566912
3,2028,290286,273401,563687
4,2028,291712,274275,565987
5,2028,283694,274154,557848
6,2028,283478,273402,556880
7,2028,282818,271264,554082
8,2028,281045,269728,550773
9,2028,282920,271749,554669
10,2028,282656,271264,553920
11,2028,284052,274694,558746
12,2028,283602,273237,556839
13,2028,283198,275786,558984
14,2028,280857,267015,547872
15,2028,289489,283982,573471
16,2028,303060,305018,608078
17,2028,316080,318334,634414
18,2028,303839,293431,597270
19,2028,311510,299288,610798
20,2028,310456,295459,605915
21,2028,311026,297501,608527
22,2028,311737,310841,622578
23,2028,320563,305309,625872
24,2028,321172,313213,634385
25,2028,323584,313443,637027
26,2028,326748,316291,643039
27,2028,327743,321928,649671
28,2028,337412,334426,671838
29,2028,345216,342239,687455
30,2028,350600,349658,700258
31,2028,361845,361723,723568
32,2028,375191,369107,744298
33,2028,389974,385752,775726
34,2028,431102,433774,864876
35,2028,459559,460365,919924
36,2028,459659,462180,921839
37,2028,459772,463014,922786
38,2028,462336,467039,929375
39,2028,462105,465991,928096
40,2028,472824,474448,947272
41,2028,474006,478603,952609
42,2028,475516,477519,953035
43,2028,477687,490337,968024
44,2028,480289,492957,973246
45,2028,485577,496787,982364
46,2028,489794,497567,987361
47,2028,489730,495929,985659
48,2028,482808,484362,967170
49,2028,458312,470212,928524
50,2028,442354,458839,901193
51,2028,436182,452279,888461
52,2028,415394,426008,841402
53,2028,406566,417705,824271
54,2028,391322,406994,798316
55,2028,385818,405463,791281
56,2028,373499,396722,770221
57,2028,365147,370195,735342
58,2028,345717,380593,726310
59,2028,331348,370296,701644
60,2028,348014,386138,734152
61,2028,374279,403586,777865
62,2028,370840,392591,763431
63,2028,360258,378691,738949
64,2028,332080,344186,676266
65,2028,331950,322640,654590
66,2028,336094,335206,671300
67,2028,307905,320865,628770
68,2028,302165,317643,619808
69,2028,299004,325872,624876
70,2028,302324,337349,639673
71,2028,283965,342547,626512
72,2028,272539,318243,590782
73,2028,268134,321546,589680
74,2028,264468,330170,594638
75,2028,257051,316603,573654
76,2028,256544,316693,573237
77,2028,247630,309822,557452
78,2028,234683,302728,537411
79,2028,223227,288135,511362
80,2028,218185,274370,492555
81,2028,215300,251986,467286
82,2028,214105,228319,442424
83,2028,211661,220827,432488
84,2028,207782,204602,412384
85,2028,205492,202169,407661
86,2028,198848,194559,393407
87,2028,187580,186462,374042
88,2028,175208,177607,352815
89,2028,168537,169501,338038
90,2028,155619,116099,271718
91,2028,146602,82190,228792
92,2028,142766,59106,201872
93,2028,144296,62903,207199
94,2028,141653,51385,193038
95,2028,139095,37749,176844
96,2028,138040,27620,165660
97,2028,137266,19496,156762
98,2028,137091,18299,155390
99,2028,136680,11572,148252
100,2028,136747,11683,148430
0,2028,273587,259801,533388
1,2028,291339,275233,566572
2,2028,292093,275491,567584
3,2028,292232,275049,567281
4,2028,292142,275156,567298
5,2028,292147,275014,567161
6,2028,283247,273920,557167
7,2028,283675,274387,558062
8,2028,282955,271986,554941
9,2028,289719,271889,561608
10,2028,283591,273906,557497
11,2028,282783,270966,553749
12,2028,283862,274250,558112
13,2028,283609,272779,556388
14,2028,283341,273978,557319
15,2028,292109,274099,566208
16,2028,300724,274089,574813
17,2028,298197,298506,596703
18,2028,308214,296902,605116
19,2028,311846,294389,606235
20,2028,308789,292075,600864
21,2028,313129,290764,603893
22,2028,311112,294576,605688
23,2028,310563,294929,605492
24,2028,318153,308277,626430
25,2028,323566,312619,636185
26,2028,325383,317695,643078
27,2028,327064,321991,649055
28,2028,329956,323953,653909
29,2028,340302,336652,676954
30,2028,346655,342759,689414
31,2028,355342,353176,708518
32,2028,362631,362269,724900
33,2028,376406,369134,745540
34,2028,392080,389266,781346
35,2028,416387,419319,835706
36,2028,443812,453378,897190
37,2028,458718,462098,920816
38,2028,459030,464086,923116
39,2028,461784,465759,927543
40,2028,462988,464652,927640
41,2028,472646,475364,948010
42,2028,473340,478911,952251
43,2028,474384,482238,956622
44,2028,475383,491363,966746
45,2028,480620,493221,973841
46,2028,484618,495425,980043
47,2028,486892,497745,984637
48,2028,491599,499698,991297
49,2028,486349,491063,977412
50,2028,460619,477024,937643
51,2028,443918,462077,905995
52,2028,435632,452722,888354
53,2028,416818,432337,849155
54,2028,405263,417443,822706
55,2028,391879,410447,802326
56,2028,384208,405685,789893
57,2028,375018,397937,772955
58,2028,365126,369352,734478
59,2028,343546,367958,711504
60,2028,331978,374835,706813
61,2028,344997,382762,727759
62,2028,371991,402382,774373
63,2028,372715,395691,768406
64,2028,359267,381820,741087
65,2028,329404,344693,674097
66,2028,321019,319521,640540
67,2028,317658,322073,639731
68,2028,326084,319763,645847
69,2028,296608,317635,614243
70,2028,297659,333198,630857
71,2028,299862,343191,643053
72,2028,273706,342386,616092
73,2028,270103,313466,583569
74,2028,263241,321263,584504
75,2028,259386,315790,575176
76,2028,255867,311253,567120
77,2028,248360,309437,557797
78,2028,235575,302734,538309
79,2028,222627,296774,519401
80,2028,217050,274087,491137
81,2028,215031,254483,469514
82,2028,212373,238691,451064
83,2028,209420,228454,437874
84,2028,193855,207364,401219
85,2028,186799,202603,389402
86,2028,173095,194596,367691
87,2028,117292,184620,301912
88,2028,94613,168449,263062
89,2028,82229,144547,226776
90,2028,77793,141341,219134
91,2028,48715,67341,116056
92,2028,46116,62518,108634
93,2028,41747,51056,92803
94,2028,40185,48057,88242
95,2028,33864,31773,65637
96,2028,31125,21873,52998
97,2028,29779,16583,46362
98,2028,28525,11934,40459
99,2028,27699,9454,37153
100,2028,28333,12386,40719
0,2028,271740,256936,528676
1,2028,273618,258872,532490
2,2028,290748,273773,564521
3,2028,292516,275726,568242
4,2028,292409,274824,567233
5,2028,292265,274894,567159
6,2028,291818,274137,565955
7,2028,291859,274633,566492
8,2028,283230,273484,556714
9,2028,291837,274741,566578
10,2028,291783,275439,567222
11,2028,292212,275782,567994
12,2028,292844,275949,568793
13,2028,294155,276056,570211
14,2028,294766,276454,571220
15,2028,294449,276172,570621
16,2028,295867,275966,571833
17,2028,302076,274790,576866
18,2028,303397,294527,597924
19,2028,305893,291999,597892
20,2028,309780,293982,603762
21,2028,311106,293761,604867
22,2028,314133,298673,612806
23,2028,311306,294582,605888
24,2028,311574,304634,616208
25,2028,323891,314063,637954
26,2028,325422,317062,642484
27,2028,329013,320209,649222
28,2028,326970,322325,649295
29,2028,333622,332236,665858
30,2028,341411,339227,680638
31,2028,349029,346585,695614
32,2028,356387,353097,709484
33,2028,362608,362109,724717
34,2028,377421,370323,747744
35,2028,390849,389956,780805
36,2028,412568,410005,822573
37,2028,434720,434060,868780
38,2028,458467,464744,923211
39,2028,457360,464137,921497
40,2028,465394,465743,931137
41,2028,470369,474576,944945
42,2028,472178,476347,948525
43,2028,472770,478663,951433
44,2028,472979,481560,954539
45,2028,475304,485079,960383
46,2028,480366,492588,972954
47,2028,480238,496796,977034
48,2028,486585,497931,984516
49,2028,489591,500162,989753
50,2028,490645,501062,991707
51,2028,461511,478173,939684
52,2028,443420,462216,905636
53,2028,435741,452751,888492
54,2028,416662,433049,849711
55,2028,406098,418645,824743
56,2028,390794,409398,800192
57,2028,382901,406506,789407
58,2028,372254,397938,770192
59,2028,364426,375008,739434
60,2028,344146,366280,710426
61,2028,332371,373828,706199
62,2028,338178,377819,715997
63,2028,372827,403245,776072
64,2028,370744,390835,761579
65,2028,338402,373629,712031
66,2028,325320,348422,673742
67,2028,316344,321005,637349
68,2028,324710,318005,642715
69,2028,305182,319866,625048
70,2028,292725,319946,612671
71,2028,286167,318662,604829
72,2028,301252,345534,646786
73,2028,269757,331867,601624
74,2028,267566,319989,587555
75,2028,262178,315906,578084
76,2028,257380,315276,572656
77,2028,248064,307947,556011
78,2028,240028,305391,545419
79,2028,222707,292501,515208
80,2028,215274,274542,489816
81,2028,213547,256873,470420
82,2028,211631,239108,450739
83,2028,191095,228925,420020
84,2028,147472,207279,354751
85,2028,136774,204663,341437
86,2028,128211,194137,322348
87,2028,115634,184934,300568
88,2028,71509,163447,234956
89,2028,54204,116928,171132
90,2028,57011,133980,190991
91,2028,48391,116247,164638
92,2028,23019,62356,85375
93,2028,12567,42907,55474
94,2028,9461,31045,40506
95,2028,9407,31294,40701
96,2028,6475,22876,29351
97,2028,4908,17263,22171
98,2028,3556,12164,15720
99,2028,3164,12245,15409
100,2028,3516,13283,16799
0,2028,262582,243163,505745
1,2028,282848,270859,553707
2,2028,276761,259027,535788
3,2028,292138,275266,567404
4,2028,292734,276252,568986
5,2028,292723,275212,567935
6,2028,292468,275605,568073
7,2028,292359,275145,567504
8,2028,291724,274320,566044
9,2028,280454,272386,552840
10,2028,292256,275433,567689
11,2028,292720,276204,568924
12,2028,294371,276262,570633
13,2028,295594,276746,572340
14,2028,296167,276405,572572
15,2028,299749,276588,576337
16,2028,300530,276727,577257
17,2028,299076,276334,575410
18,2028,299049,276368,575417
19,2028,314511,300137,614648
20,2028,308972,291368,600340
21,2028,309160,288803,597963
22,2028,313498,298475,611973
23,2028,312968,297707,610675
24,2028,311135,300233,611368
25,2028,323584,316657,640241
26,2028,325889,317761,643650
27,2028,328050,317677,645727
28,2028,329903,322246,652149
29,2028,329591,323645,653236
30,2028,336702,333443,670145
31,2028,344420,340549,684969
32,2028,349470,347457,696927
33,2028,359272,358305,717577
34,2028,363724,364460,728184
35,2028,377111,378992,756103
36,2028,391138,390557,781695
37,2028,415666,418968,834634
38,2028,442567,447468,890035
39,2028,458133,462206,920339
40,2028,455913,460977,916890
41,2028,468931,470320,939251
42,2028,469371,473948,943319
43,2028,472325,476178,948503
44,2028,472667,477152,949819
45,2028,472759,481161,953920
46,2028,474016,482896,956912
47,2028,478870,492277,971147
48,2028,480637,495918,976555
49,2028,486143,498054,984197
50,2028,486122,497909,984031
51,2028,492336,505459,997795
52,2028,461291,478825,940116
53,2028,443198,462481,905679
54,2028,435149,452614,887763
55,2028,422887,441909,864796
56,2028,395779,415969,811748
57,2028,388375,409946,798321
58,2028,380542,406209,786751
59,2028,371377,397348,768725
60,2028,362444,374627,737071
61,2028,342434,363914,706348
62,2028,331354,373278,704632
63,2028,337897,376897,714794
64,2028,372117,403167,775284
65,2028,362966,390514,753480
66,2028,335561,369639,705200
67,2028,312014,336990,649004
68,2028,314101,328427,642528
69,2028,327714,324258,651972
70,2028,317305,320106,637411
71,2028,300741,317379,618120
72,2028,283015,323462,606477
73,2028,283307,347007,630314
74,2028,267808,328942,596750
75,2028,260930,319088,580018
76,2028,259594,314219,573813
77,2028,250600,309579,560179
78,2028,238735,304018,542753
79,2028,226838,303920,530758
80,2028,215131,281158,496289
81,2028,213230,272601,485831
82,2028,204651,250753,455404
83,2028,162987,233178,396165
84,2028,143058,221643,364701
85,2028,126096,206778,332874
86,2028,116007,194286,310293
87,2028,107814,185447,293261
88,2028,79202,166790,245992
89,2028,52548,114264,166812
90,2028,45878,104499,150377
91,2028,41439,99524,140963
92,2028,32771,86507,119278
93,2028,19144,60763,79907
94,2028,8694,29354,38048
95,2028,6252,21224,27476
96,2028,6329,22963,29292
97,2028,4685,17046,21731
98,2028,3501,11865,15366
99,2028,2433,9505,11938
100,2028,3061,11709,14770
0,2028,253788,236278,490066
1,2028,267742,253097,520839
2,2028,282261,269467,551728
3,2028,277620,263934,541554
4,2028,291086,273947,565033
5,2028,291487,274663,566150
6,2028,292762,274769,567531
7,2028,292606,275099,567705
8,2028,292709,275926,568635
9,2028,292460,275376,567836
10,2028,292624,274760,567384
11,2028,292279,274293,566572
12,2028,293796,274706,568502
13,2028,296056,275254,571310
14,2028,294879,274751,569630
15,2028,293531,274808,568339
16,2028,295919,275422,571341
17,2028,300150,276250,576400
18,2028,302048,276453,578501
19,2028,303202,291649,594851
20,2028,304424,295138,599562
21,2028,306682,312858,619540
22,2028,311277,297655,608932
23,2028,314035,300856,614891
24,2028,312899,294297,607196
25,2028,322679,308364,631043
26,2028,325879,320466,646345
27,2028,327818,317960,645778
28,2028,328603,318134,646737
29,2028,327426,323616,651042
30,2028,330342,324488,654830
31,2028,339278,334608,673886
32,2028,346349,341295,687644
33,2028,350011,348741,698752
34,2028,360130,358435,718565
35,2028,363541,365945,729486
36,2028,374156,372052,746208
37,2028,391151,390215,781366
38,2028,416411,417880,834291
39,2028,457565,464956,922521
40,2028,455877,460883,916760
41,2028,456915,461122,918037
42,2028,469917,471772,941689
43,2028,469519,475428,944947
44,2028,471599,475329,946928
45,2028,472441,476260,948701
46,2028,472423,480697,953120
47,2028,474452,485090,959542
48,2028,480724,491751,972475
49,2028,479934,495515,975449
50,2028,486300,498164,984464
51,2028,485128,497442,982570
52,2028,491779,506052,997831
53,2028,460709,478313,939022
54,2028,442545,462201,904746
55,2028,434456,454320,888776
56,2028,421134,439609,860743
57,2028,396681,417082,813763
58,2028,387050,411224,798274
59,2028,380235,405037,785272
60,2028,369225,396938,766163
61,2028,361597,376179,737776
62,2028,341330,364042,705372
63,2028,326366,369550,695916
64,2028,334287,374453,708740
65,2028,372415,396784,769199
66,2028,361247,386776,748023
67,2028,327240,365342,692582
68,2028,319901,343007,662908
69,2028,296202,316208,612410
70,2028,318106,318337,636443
71,2028,292975,317737,610712
72,2028,275066,316354,591420
73,2028,283691,318674,602365
74,2028,284318,321411,605729
75,2028,263014,331125,594139
76,2028,259466,318697,578163
77,2028,251949,310709,562658
78,2028,239344,304841,544185
79,2028,226742,300184,526926
80,2028,215926,262612,478538
81,2028,207973,261505,469478
82,2028,181030,249972,431002
83,2028,156334,233259,389593
84,2028,137256,222716,359972
85,2028,125764,207349,333113
86,2028,113524,194473,307997
87,2028,101015,178683,279698
88,2028,80288,163702,243990
89,2028,58126,131870,189996
90,2028,47759,111061,158820
91,2028,39901,93107,133008
92,2028,30412,80227,110639
93,2028,26063,69874,95937
94,2028,12388,39496,51884
95,2028,6315,22266,28581
96,2028,4531,15581,20112
97,2028,4872,17264,22136
98,2028,3312,11665,14977
99,2028,2481,9647,12128
100,2028,3053,12002,15055
0,2028,248983,233488,482471
1,2028,254007,237676,491683
2,2028,268520,253199,521719
3,2028,281144,268738,549882
4,2028,277800,258844,536644
5,2028,287900,271447,559347
6,2028,292716,276248,568964
7,2028,292775,276255,569030
8,2028,292307,274748,567055
9,2028,292859,276832,569691
10,2028,291696,275418,567114
11,2028,292737,276236,568973
12,2028,294189,275755,569944
13,2028,293569,275685,569254
14,2028,294378,275546,569924
15,2028,294609,274918,569527
16,2028,295473,275872,571345
17,2028,301745,275945,577690
18,2028,305770,276813,582583
19,2028,315172,278674,593846
20,2028,309045,291849,600894
21,2028,306539,290618,597157
22,2028,310490,292963,603453
23,2028,313666,300892,614558
24,2028,314321,299109,613430
25,2028,319198,302411,621609
26,2028,325052,317280,642332
27,2028,327078,317596,644674
28,2028,328558,317606,646164
29,2028,331332,323536,654868
30,2028,327696,320672,648368
31,2028,332770,328223,660993
32,2028,345080,334913,679993
33,2028,345238,340595,685833
34,2028,351267,349782,701049
35,2028,360277,359204,719481
36,2028,362713,365160,727873
37,2028,376198,378227,754425
38,2028,403971,402588,806559
39,2028,421517,421517,843034
40,2028,437262,435879,873141
41,2028,455631,459219,914850
42,2028,455384,458578,913962
43,2028,469866,472051,941917
44,2028,469595,474666,944261
45,2028,469260,475574,944834
46,2028,472552,476095,948647
47,2028,472256,480673,952929
48,2028,474748,485158,959906
49,2028,478046,491794,969840
50,2028,479465,495093,974558
51,2028,485732,497557,983289
52,2028,484684,497290,981974
53,2028,490832,504718,995550
54,2028,460521,477738,938259
55,2028,441014,462126,903140
56,2028,432658,452770,885428
57,2028,415035,437265,852300
58,2028,394819,414635,809454
59,2028,386838,410850,797688
60,2028,378214,404902,783116
61,2028,365788,395017,760805
62,2028,356216,374546,730762
63,2028,340444,363521,703965
64,2028,326292,369125,695417
65,2028,333252,371934,705186
66,2028,364976,389036,754012
67,2028,358657,383277,741934
68,2028,326880,343302,670182
69,2028,303649,325891,629540
70,2028,290864,318614,609478
71,2028,284770,320680,605450
72,2028,298264,321473,619737
73,2028,273237,315090,588327
74,2028,281442,316556,597998
75,2028,269227,315990,585217
76,2028,260065,327450,587515
77,2028,255023,313345,568368
78,2028,245011,304568,549579
79,2028,227879,301262,529141
80,2028,215856,294871,510727
81,2028,199222,261776,460998
82,2028,174882,251673,426555
83,2028,158999,241120,400119
84,2028,142430,226062,368492
85,2028,126498,209581,336079
86,2028,115259,193753,309012
87,2028,92983,175120,268103
88,2028,77465,155390,232855
89,2028,57809,130607,188416
90,2028,54869,121902,176771
91,2028,38987,94229,133216
92,2028,30498,80239,110737
93,2028,28590,74259,102849
94,2028,20213,60442,80655
95,2028,6971,23123,30094
96,2028,4836,16789,21625
97,2028,4211,12335,16546
98,2028,3545,12759,16304
99,2028,2862,9604,12466
100,2028,2850,12892,15742
0,2028,235634,224280,459914
1,2028,258139,233925,492064
2,2028,254448,237842,492290
3,2028,266608,252019,518627
4,2028,266992,251179,518171
5,2028,276773,259169,535942
6,2028,278919,265911,544830
7,2028,290097,273291,563388
8,2028,292804,276775,569579
9,2028,292341,274231,566572
10,2028,291097,274998,566095
11,2028,291599,276253,567852
12,2028,292877,275618,568495
13,2028,293136,275463,568599
14,2028,294280,275859,570139
15,2028,294020,275299,569319
16,2028,296226,275499,571725
17,2028,296977,276314,573291
18,2028,304624,276874,581498
19,2028,306019,278914,584933
20,2028,301126,279281,580407
21,2028,309159,293249,602408
22,2028,307683,300129,607812
23,2028,312996,301091,614087
24,2028,314011,300296,614307
25,2028,314370,296535,610905
26,2028,325567,319940,645507
27,2028,327509,317926,645435
28,2028,328369,317081,645450
29,2028,328500,319362,647862
30,2028,330267,322495,652762
31,2028,328024,321173,649197
32,2028,333023,328900,661923
33,2028,339527,335066,674593
34,2028,345805,340985,686790
35,2028,353100,350426,703526
36,2028,360385,359908,720293
37,2028,363718,365641,729359
38,2028,381719,380265,761984
39,2028,392724,391785,784509
40,2028,443367,447365,890732
41,2028,440915,436994,877909
42,2028,436923,440455,877378
43,2028,455033,459726,914759
44,2028,468111,472872,940983
45,2028,469406,471449,940855
46,2028,470232,475492,945724
47,2028,472404,477466,949870
48,2028,472088,480909,952997
49,2028,473957,485227,959184
50,2028,476438,491546,967984
51,2028,479209,494622,973831
52,2028,485124,497086,982210
53,2028,483680,497107,980787
54,2028,490399,503512,993911
55,2028,457080,476497,933577
56,2028,439366,461155,900521
57,2028,429829,450908,880737
58,2028,413028,434541,847569
59,2028,391588,411149,802737
60,2028,382490,408721,791211
61,2028,373599,400870,774469
62,2028,359454,392875,752329
63,2028,355910,375590,731500
64,2028,340009,363332,703341
65,2028,325705,366677,692382
66,2028,333160,371808,704968
67,2028,363275,365781,729056
68,2028,345139,382268,727407
69,2028,325205,351569,676774
70,2028,299768,332115,631883
71,2028,285244,331784,617028
72,2028,274117,317061,591178
73,2028,293171,328581,621752
74,2028,273965,318364,592329
75,2028,269991,319220,589211
76,2028,261367,316201,577568
77,2028,259126,318567,577693
78,2028,247763,308715,556478
79,2028,234817,299447,534264
80,2028,213451,288329,501780
81,2028,198067,260406,458473
82,2028,178577,241604,420181
83,2028,160560,229380,389940
84,2028,147123,229157,376280
85,2028,129073,208516,337589
86,2028,114821,193912,308733
87,2028,97818,179597,277415
88,2028,80187,161775,241962
89,2028,65625,140061,205686
90,2028,54397,125743,180140
91,2028,43383,109384,152767
92,2028,30318,79821,110139
93,2028,24060,66741,90801
94,2028,18884,53317,72201
95,2028,18562,56372,74934
96,2028,4734,16671,21405
97,2028,3562,12211,15773
98,2028,2242,9470,11712
99,2028,2370,8853,11223
100,2028,3616,15735,19351
0,2028,224635,211915,436550
1,2028,237449,224523,461972
2,2028,259817,235301,495118
3,2028,261979,237508,499487
4,2028,257852,240030,497882
5,2028,266812,251802,518614
6,2028,269671,259028,528699
7,2028,279570,265245,544815
8,2028,288476,272629,561105
9,2028,292838,276166,569004
10,2028,291069,275365,566434
11,2028,291053,275632,566685
12,2028,292024,274956,566980
13,2028,293760,275806,569566
14,2028,293842,275581,569423
15,2028,294424,275571,569995
16,2028,296941,276053,572994
17,2028,298673,276134,574807
18,2028,304101,277945,582046
19,2028,309414,279245,588659
20,2028,308545,279292,587837
21,2028,309161,280192,589353
22,2028,311086,298214,609300
23,2028,309696,291251,600947
24,2028,311702,298524,610226
25,2028,313058,298626,611684
26,2028,325805,318413,644218
27,2028,327649,316843,644492
28,2028,327840,317321,645161
29,2028,329258,317116,646374
30,2028,329586,319593,649179
31,2028,329890,321617,651507
32,2028,328166,322264,650430
33,2028,332764,328916,661680
34,2028,339446,335031,674477
35,2028,345891,342757,688648
36,2028,354870,351811,706681
37,2028,360251,360021,720272
38,2028,366294,366748,733042
39,2028,377912,379494,757406
40,2028,391133,389548,780681
41,2028,443250,448656,891906
42,2028,416298,417676,833974
43,2028,435647,440495,876142
44,2028,454863,459774,914637
45,2028,466780,471006,937786
46,2028,469430,471785,941215
47,2028,471540,476729,948269
48,2028,472336,477666,950002
49,2028,471920,479474,951394
50,2028,473644,488463,962107
51,2028,475435,490531,965966
52,2028,479017,494192,973209
53,2028,484382,496489,980871
54,2028,483426,496730,980156
55,2028,487434,502598,990032
56,2028,455856,474749,930605
57,2028,438203,459815,898018
58,2028,421717,446172,867889
59,2028,408258,431301,839559
60,2028,386769,410164,796933
61,2028,380102,407266,787368
62,2028,369737,398243,767980
63,2028,344951,384916,729867
64,2028,352870,373723,726593
65,2028,337258,368746,706004
66,2028,321244,366146,687390
67,2028,330806,367123,697929
68,2028,341698,360245,701943
69,2028,344467,376355,720822
70,2028,319692,347924,667616
71,2028,282401,321246,603647
72,2028,287136,330719,617855
73,2028,281913,319694,601607
74,2028,284543,335345,619888
75,2028,269688,335026,604714
76,2028,270106,317850,587956
77,2028,259245,319895,579140
78,2028,250362,311895,562257
79,2028,236417,302172,538589
80,2028,213636,280679,494315
81,2028,197488,259835,457323
82,2028,181999,252285,434284
83,2028,167139,230491,397630
84,2028,148642,222149,370791
85,2028,135231,218646,353877
86,2028,116060,193480,309540
87,2028,99584,180119,279703
88,2028,85059,164581,249640
89,2028,67316,142778,210094
90,2028,54639,120872,175511
91,2028,43066,104386,147452
92,2028,31277,79397,110674
93,2028,25220,68053,93273
94,2028,18806,54332,73138
95,2028,15559,44209,59768
96,2028,10983,37913,48896
97,2028,4757,17669,22426
98,2028,2310,8819,11129
99,2028,2167,9140,11307
100,2028,2930,11785,14715
0,2028,215320,203524,418844
1,2028,225605,211699,437304
2,2028,246658,224796,471454
3,2028,256523,235454,491977
4,2028,254152,237189,491341
5,2028,257608,244376,501984
6,2028,259689,247540,507229
7,2028,267496,257843,525339
8,2028,278143,265622,543765
9,2028,288676,272475,561151
10,2028,292434,275871,568305
11,2028,291582,275128,566710
12,2028,292296,275798,568094
13,2028,293159,275162,568321
14,2028,294162,276375,570537
15,2028,294258,276120,570378
16,2028,294732,275881,570613
17,2028,298966,276017,574983
18,2028,304165,277648,581813
19,2028,309406,280064,589470
20,2028,310832,281848,592680
21,2028,308920,279540,588460
22,2028,309964,289753,599717
23,2028,309427,294133,603560
24,2028,309894,297365,607259
25,2028,310269,300183,610452
26,2028,325839,320129,645968
27,2028,327310,319271,646581
28,2028,327894,316581,644475
29,2028,328449,320398,648847
30,2028,329809,319574,649383
31,2028,330019,319632,649651
32,2028,329034,320318,649352
33,2028,327982,322039,650021
34,2028,333420,330654,664074
35,2028,339856,336678,676534
36,2028,346867,342972,689839
37,2028,355587,354801,710388
38,2028,360131,363023,723154
39,2028,363802,367496,731298
40,2028,377922,372561,750483
41,2028,391346,389552,780898
42,2028,404067,404796,808863
43,2028,435077,434433,869510
44,2028,450152,453278,903430
45,2028,454577,460788,915365
46,2028,467108,471503,938611
47,2028,469258,472341,941599
48,2028,471388,476860,948248
49,2028,472029,477235,949264
50,2028,472011,477267,949278
51,2028,472651,482081,954732
52,2028,475416,487758,963174
53,2028,478979,494138,973117
54,2028,484381,495417,979798
55,2028,483310,496685,979995
56,2028,488279,502274,990553
57,2028,454550,470654,925204
58,2028,434893,457854,892747
59,2028,418743,440955,859698
60,2028,404723,430162,834885
61,2028,384932,410271,795203
62,2028,375568,405017,780585
63,2028,363468,395777,759245
64,2028,349035,384942,733977
65,2028,342813,371603,714416
66,2028,329180,358087,687267
67,2028,321437,373243,694680
68,2028,326092,360963,687055
69,2028,321860,339282,661142
70,2028,331217,370585,701802
71,2028,319081,352576,671657
72,2028,283201,348377,631578
73,2028,282192,317923,600115
74,2028,281589,318968,600557
75,2028,267494,330934,598428
76,2028,264817,329754,594571
77,2028,267631,311406,579037
78,2028,251721,313038,564759
79,2028,238581,302635,541216
80,2028,224717,302368,527085
81,2028,203305,261497,464802
82,2028,182480,251143,433623
83,2028,168472,232329,400801
84,2028,155172,229364,384536
85,2028,137623,206315,343938
86,2028,121672,192297,313969
87,2028,101986,183184,285170
88,2028,86860,166383,253243
89,2028,70342,147675,218017
90,2028,55947,120660,176607
91,2028,48006,107772,155778
92,2028,30868,79107,109975
93,2028,25190,69208,94398
94,2028,18535,54963,73498
95,2028,15519,45009,60528
96,2028,9826,32639,42465
97,2028,6210,23312,29522
98,2028,3099,11537,14636
99,2028,1700,8135,9835
100,2028,2981,12481,15462
0,2028,210997,199445,410442
1,2028,217280,204813,422093
2,2028,226947,212650,439597
3,2028,237760,225065,462825
4,2028,248249,231907,480156
5,2028,255981,237782,493763
6,2028,256242,243653,499895
7,2028,257609,243684,501293
8,2028,267753,254742,522495
9,2028,280251,265122,545373
10,2028,290292,272812,563104
11,2028,291636,275284,566920
12,2028,293400,276118,569518
13,2028,293245,275451,568696
14,2028,295279,276422,571701
15,2028,294192,276166,570358
16,2028,294753,276115,570868
17,2028,299193,275952,575145
18,2028,304274,277669,581943
19,2028,307475,280342,587817
20,2028,309158,280791,589949
21,2028,310943,281072,592015
22,2028,310483,282796,593279
23,2028,315154,301296,616450
24,2028,309703,292843,602546
25,2028,310716,299827,610543
26,2028,320064,319151,639215
27,2028,326780,314132,640912
28,2028,328658,315785,644443
29,2028,328302,317042,645344
30,2028,328934,318212,647146
31,2028,329934,318002,647936
32,2028,330926,320556,651482
33,2028,328830,321572,650402
34,2028,327873,321854,649727
35,2028,333982,331844,665826
36,2028,340475,339312,679787
37,2028,352936,346147,699083
38,2028,359753,366291,726044
39,2028,360030,362866,722896
40,2028,363828,367176,731004
41,2028,378017,372561,750578
42,2028,384569,387360,771929
43,2028,416188,419483,835671
44,2028,457945,468187,926132
45,2028,451201,466847,918048
46,2028,454358,461122,915480
47,2028,466980,471929,938909
48,2028,469263,472553,941816
49,2028,469666,476068,945734
50,2028,471094,476572,947666
51,2028,472326,477100,949426
52,2028,472653,481334,953987
53,2028,474282,490469,964751
54,2028,478713,493135,971848
55,2028,484293,496203,980496
56,2028,483877,496690,980567
57,2028,486617,498399,985016
58,2028,447847,467625,915472
59,2028,433229,454141,887370
60,2028,416559,439365,855924
61,2028,404645,423024,827669
62,2028,382055,409806,791861
63,2028,373479,402981,776460
64,2028,334729,384198,718927
65,2028,345577,380922,726499
66,2028,333292,361190,694482
67,2028,329360,360168,689528
68,2028,318304,373142,691446
69,2028,320963,348534,669497
70,2028,306186,335805,641991
71,2028,320486,362544,683030
72,2028,309855,321912,631767
73,2028,276433,319108,595541
74,2028,276372,312956,589328
75,2028,268740,314806,583546
76,2028,264551,317069,581620
77,2028,263407,317594,581001
78,2028,258625,316587,575212
79,2028,245943,305034,550977
80,2028,226569,302243,528812
81,2028,208724,262437,471161
82,2028,191759,251856,443615
83,2028,169645,238672,408317
84,2028,157620,228246,385866
85,2028,141687,205073,346760
86,2028,123252,195499,318751
87,2028,107965,185735,293700
88,2028,88908,167510,256418
89,2028,72999,153241,226240
90,2028,56538,119835,176373
91,2028,44190,103467,147657
92,2028,30850,79122,109972
93,2028,30688,80203,110891
94,2028,19499,55516,75015
95,2028,15385,46808,62193
96,2028,9274,30512,39786
97,2028,6113,22690,28803
98,2028,4407,16935,21342
99,2028,2408,10058,12466
100,2028,2273,12800,15073
0,2028,210655,200064,410719
1,2028,211986,202275,414261
2,2028,220355,213321,433676
3,2028,225516,216223,441739
4,2028,233048,230265,463313
5,2028,243494,237123,480617
6,2028,250248,237548,487796
7,2028,254307,239441,493748
8,2028,257664,244029,501693
9,2028,280058,270720,550778
10,2028,279981,266109,546090
11,2028,292558,275804,568362
12,2028,293400,275657,569057
13,2028,293720,275744,569464
14,2028,293515,275948,569463
15,2028,296082,276343,572425
16,2028,296511,276537,573048
17,2028,295672,275595,571267
18,2028,304342,277253,581595
19,2028,304801,279836,584637
20,2028,308084,280369,588453
21,2028,309357,281174,590531
22,2028,309873,280845,590718
23,2028,310413,293572,603985
24,2028,317042,308994,626036
25,2028,309640,297605,607245
26,2028,314581,304732,619313
27,2028,327336,317876,645212
28,2028,325612,308420,634032
29,2028,329982,319246,649228
30,2028,329071,318153,647224
31,2028,329059,317503,646562
32,2028,330170,318253,648423
33,2028,330915,320365,651280
34,2028,327898,319978,647876
35,2028,327679,322313,649992
36,2028,335735,333057,668792
37,2028,342058,338510,680568
38,2028,360923,377241,738164
39,2028,359225,367211,726436
40,2028,360435,363722,724157
41,2028,363847,367089,730936
42,2028,374346,371413,745759
43,2028,391147,390061,781208
44,2028,425453,425699,851152
45,2028,449740,448614,898354
46,2028,450928,454984,905912
47,2028,454360,461499,915859
48,2028,466985,471929,938914
49,2028,469392,471474,940866
50,2028,469427,475490,944917
51,2028,470248,475598,945846
52,2028,472329,477012,949341
53,2028,472582,481169,953751
54,2028,474148,490462,964610
55,2028,475741,493757,969498
56,2028,484259,496086,980345
57,2028,484874,496259,981133
58,2028,472215,488281,960496
59,2028,441812,463396,905208
60,2028,431421,453015,884436
61,2028,418019,436546,854565
62,2028,403558,418492,822050
63,2028,379672,408353,788025
64,2028,351496,396220,747716
65,2028,331722,379103,710825
66,2028,332788,370871,703659
67,2028,331115,357392,688507
68,2028,326049,359006,685055
69,2028,314197,370452,684649
70,2028,324000,353840,677840
71,2028,305678,350528,656206
72,2028,297671,334651,632322
73,2028,319240,351086,670326
74,2028,272656,325517,598173
75,2028,273749,317591,591340
76,2028,262718,321855,584573
77,2028,259821,317979,577800
78,2028,260101,316311,576412
79,2028,250340,305768,556108
80,2028,233613,304152,537765
81,2028,214072,285966,500038
82,2028,195524,257004,452528
83,2028,171680,237650,409330
84,2028,159924,228396,388320
85,2028,144982,208010,352992
86,2028,125190,196352,321542
87,2028,110236,190393,300629
88,2028,91122,171089,262211
89,2028,75116,156768,231884
90,2028,52943,118264,171207
91,2028,49419,109110,158529
92,2028,39452,94332,133784
93,2028,30815,79200,110015
94,2028,19602,54127,73729
95,2028,16737,49424,66161
96,2028,11817,37938,49755
97,2028,6015,21841,27856
98,2028,4237,16387,20624
99,2028,3076,13781,16857
100,2028,2872,12988,15860
0,2028,211668,200157,411825
1,2028,210718,201168,411886
2,2028,212869,205317,418186
3,2028,217491,224368,441859
4,2028,225546,227034,452580
5,2028,235794,237111,472905
6,2028,247661,237237,484898
7,2028,250027,237374,487401
8,2028,254694,239461,494155
9,2028,268474,248509,516983
10,2028,282312,269780,552092
11,2028,292693,277037,569730
12,2028,293040,276031,569071
13,2028,293181,275642,568823
14,2028,296915,275474,572389
15,2028,294825,275647,570472
16,2028,295748,275385,571133
17,2028,297154,275914,573068
18,2028,299347,276743,576090
19,2028,304977,279185,584162
20,2028,308240,280528,588768
21,2028,308506,280483,588989
22,2028,309555,281024,590579
23,2028,308787,282453,591240
24,2028,310998,298778,609776
25,2028,313216,303124,616340
26,2028,310700,301084,611784
27,2028,318282,335656,653938
28,2028,321758,305391,627149
29,2028,327899,314670,642569
30,2028,329911,316115,646026
31,2028,328543,319799,648342
32,2028,329293,317886,647179
33,2028,330122,318408,648530
34,2028,332130,321243,653373
35,2028,327793,319991,647784
36,2028,328801,322575,651376
37,2028,336436,333293,669729
38,2028,368155,388126,756281
39,2028,364096,386327,750423
40,2028,357414,369479,726893
41,2028,360415,364187,724602
42,2028,362341,365741,728082
43,2028,376379,378397,754776
44,2028,391698,391861,783559
45,2028,458577,480887,939464
46,2028,456421,453896,910317
47,2028,451029,463794,914823
48,2028,454352,462875,917227
49,2028,465372,469080,934452
50,2028,466283,471114,937397
51,2028,469661,473090,942751
52,2028,470058,475618,945676
53,2028,472308,477057,949365
54,2028,472544,481054,953598
55,2028,474235,490276,964511
56,2028,475454,493799,969253
57,2028,484360,494641,979001
58,2028,486519,498898,985417
59,2028,459669,476759,936428
60,2028,439247,461158,900405
61,2028,425362,447442,872804
62,2028,411758,431310,843068
63,2028,386119,415842,801961
64,2028,375454,404699,780153
65,2028,327282,370672,697954
66,2028,326994,371360,698354
67,2028,330624,356626,687250
68,2028,307255,356793,664048
69,2028,321364,368667,690031
70,2028,329582,356616,686198
71,2028,305184,318368,623552
72,2028,295577,319987,615564
73,2028,291955,333504,625459
74,2028,272805,317068,589873
75,2028,271915,321255,593170
76,2028,265040,329863,594903
77,2028,263655,326945,590600
78,2028,260491,321446,581937
79,2028,252871,308300,561171
80,2028,235580,297186,532766
81,2028,217458,294437,511895
82,2028,198333,257136,455469
83,2028,179013,228229,407242
84,2028,163696,228343,392039
85,2028,146950,219739,366689
86,2028,133519,196196,329715
87,2028,112148,189812,301960
88,2028,97684,178592,276276
89,2028,76332,159834,236166
90,2028,52122,121004,173126
91,2028,46950,104622,151572
92,2028,39078,90916,129994
93,2028,30606,79948,110554
94,2028,19252,54485,73737
95,2028,17069,52925,69994
96,2028,12628,40201,52829
97,2028,6167,22513,28680
98,2028,4247,16266,20513
99,2028,2961,12500,15461
100,2028,2339,11939,14278
0,2029,292160,275407,567567
1,2029,292160,275407,567567
2,2029,292156,275407,567563
3,2029,292317,275433,567750
4,2029,292459,275435,567894
5,2029,292604,275460,568064
6,2029,292715,275538,568253
7,2029,292699,275529,568228
8,2029,292688,275503,568191
9,2029,292689,275485,568174
10,2029,292704,275551,568255
11,2029,292828,275972,568800
12,2029,293342,276256,569598
13,2029,293719,276375,570094
14,2029,293758,276281,570039
15,2029,293823,276272,570095
16,2029,294123,276355,570478
17,2029,294561,276410,570971
18,2029,295789,276733,572522
19,2029,296731,278188,574919
20,2029,296795,278225,575020
21,2029,296833,278284,575117
22,2029,296862,278532,575394
23,2029,296890,278545,575435
24,2029,296890,278545,575435
25,2029,296890,278545,575435
26,2029,296890,278545,575435
27,2029,296890,278545,575435
28,2029,296890,278545,575435
29,2029,296890,278545,575435
30,2029,296890,278545,575435
31,2029,296890,278545,575435
32,2029,296890,278545,575435
33,2029,296890,278545,575435
34,2029,296890,278545,575435
35,2029,296890,278545,575435
36,2029,296890,278545,575435
37,2029,296890,278545,575435
38,2029,296890,278545,575435
39,2029,296890,278545,575435
40,2029,296890,278545,575435
41,2029,296890,278545,575435
42,2029,296890,278545,575435
43,2029,296890,278545,575435
44,2029,296890,278545,575435
45,2029,296890,278545,575435
46,2029,296881,278545,575426
47,2029,296873,278545,575418
48,2029,296873,278545,575418
49,2029,296873,278545,575418
50,2029,296873,278545,575418
51,2029,296873,278595,575468
52,2029,296873,278595,575468
53,2029,296873,278595,575468
54,2029,296873,278595,575468
55,2029,296873,278595,575468
56,2029,296873,278595,575468
57,2029,296873,278595,575468
58,2029,296873,278595,575468
59,2029,296873,278595,575468
60,2029,296873,278595,575468
61,2029,296873,278595,575468
62,2029,296873,278595,575468
63,2029,296873,278595,575468
64,2029,296825,278595,575420
65,2029,296825,278595,575420
66,2029,296738,278595,575333
67,2029,296738,278595,575333
68,2029,296472,278595,575067
69,2029,296377,278595,574972
70,2029,296237,278595,574832
71,2029,295800,278595,574395
72,2029,295800,278595,574395
73,2029,295461,278595,574056
74,2029,295423,278595,574018
75,2029,295423,278595,574018
76,2029,295423,278595,574018
77,2029,295423,278595,574018
78,2029,295423,279554,574977
79,2029,295423,279363,574786
80,2029,295423,279614,575037
81,2029,295423,279743,575166
82,2029,295423,279743,575166
83,2029,295423,279743,575166
84,2029,295423,279743,575166
85,2029,295423,279743,575166
86,2029,295423,279743,575166
87,2029,295423,279743,575166
88,2029,295423,279743,575166
89,2029,295423,279743,575166
90,2029,295423,279743,575166
91,2029,295423,279743,575166
92,2029,295423,279743,575166
93,2029,295423,279743,575166
94,2029,295423,279743,575166
95,2029,295423,279743,575166
96,2029,295423,279743,575166
97,2029,295423,279743,575166
98,2029,295423,279743,575166
99,2029,295423,279743,575166
100,2029,295423,279743,575166
0,2029,292266,275259,567525
1,2029,292266,275259,567525
2,2029,292259,275259,567518
3,2029,292436,275274,567710
4,2029,292615,275193,567808
5,2029,292741,275299,568040
6,2029,292868,275406,568274
7,2029,292842,275390,568232
8,2029,292820,275364,568184
9,2029,292815,275344,568159
10,2029,292810,275474,568284
11,2029,292862,275699,568561
12,2029,293184,275754,568938
13,2029,293704,275708,569412
14,2029,293937,275800,569737
15,2029,294124,275792,569916
16,2029,294466,275859,570325
17,2029,295672,275850,571522
18,2029,297964,276497,574461
19,2029,298821,278322,577143
20,2029,299958,278491,578449
21,2029,300126,278538,578664
22,2029,300128,279006,579134
23,2029,300136,279020,579156
24,2029,300136,279020,579156
25,2029,300136,279020,579156
26,2029,300136,279020,579156
27,2029,300136,279020,579156
28,2029,300136,279020,579156
29,2029,300136,279020,579156
30,2029,300136,279020,579156
31,2029,300136,279020,579156
32,2029,300136,279020,579156
33,2029,300136,279020,579156
34,2029,300136,279020,579156
35,2029,300136,279020,579156
36,2029,300136,279020,579156
37,2029,300136,279020,579156
38,2029,300136,279020,579156
39,2029,300136,279020,579156
40,2029,300136,279020,579156
41,2029,300136,279020,579156
42,2029,300136,279020,579156
43,2029,300136,279020,579156
44,2029,300538,279020,579558
45,2029,300538,279020,579558
46,2029,300536,279020,579556
47,2029,300528,279020,579548
48,2029,300528,279020,579548
49,2029,300528,279020,579548
50,2029,300528,279020,579548
51,2029,300528,279059,579587
52,2029,300528,279059,579587
53,2029,300528,279059,579587
54,2029,300528,279059,579587
55,2029,300528,279059,579587
56,2029,300528,279059,579587
57,2029,300528,279059,579587
58,2029,300528,279059,579587
59,2029,300528,279059,579587
60,2029,300528,279059,579587
61,2029,300528,279059,579587
62,2029,300528,279059,579587
63,2029,300528,279059,579587
64,2029,300557,279059,579616
65,2029,300557,279059,579616
66,2029,300066,279059,579125
67,2029,300008,279059,579067
68,2029,299613,279059,578672
69,2029,299663,279059,578722
70,2029,299415,279037,578452
71,2029,298888,279037,577925
72,2029,298782,279037,577819
73,2029,298283,278963,577246
74,2029,298238,278963,577201
75,2029,298238,278963,577201
76,2029,298238,278963,577201
77,2029,298238,278963,577201
78,2029,298344,280269,578613
79,2029,298259,280078,578337
80,2029,298344,280826,579170
81,2029,298338,280568,578906
82,2029,298338,280568,578906
83,2029,298338,280568,578906
84,2029,298338,280568,578906
85,2029,298338,280568,578906
86,2029,298338,280568,578906
87,2029,298338,280568,578906
88,2029,298338,280568,578906
89,2029,298338,280568,578906
90,2029,298338,280568,578906
91,2029,298338,280568,578906
92,2029,298338,280568,578906
93,2029,298338,280568,578906
94,2029,298338,280568,578906
95,2029,298338,280568,578906
96,2029,298338,280568,578906
97,2029,298338,280568,578906
98,2029,298338,280568,578906
99,2029,298338,280568,578906
100,2029,298338,280568,578906
0,2029,292274,275413,567687
1,2029,292274,275413,567687
2,2029,292266,275413,567679
3,2029,292417,275347,567764
4,2029,292716,275394,568110
5,2029,292856,275450,568306
6,2029,292910,275526,568436
7,2029,292866,275510,568376
8,2029,292838,275471,568309
9,2029,292865,275477,568342
10,2029,292819,275561,568380
11,2029,292909,275804,568713
12,2029,293366,276259,569625
13,2029,294527,276216,570743
14,2029,294776,276418,571194
15,2029,295034,276413,571447
16,2029,296135,276482,572617
17,2029,297419,276524,573943
18,2029,299982,276890,576872
19,2029,300697,278092,578789
20,2029,300794,278561,579355
21,2029,301474,278636,580110
22,2029,301310,278941,580251
23,2029,301326,278955,580281
24,2029,301326,278955,580281
25,2029,301326,278955,580281
26,2029,301326,278955,580281
27,2029,301326,278955,580281
28,2029,301326,278955,580281
29,2029,301326,278955,580281
30,2029,301326,278955,580281
31,2029,301326,278955,580281
32,2029,301326,278955,580281
33,2029,301326,278955,580281
34,2029,301326,278955,580281
35,2029,301326,278955,580281
36,2029,301326,278955,580281
37,2029,301326,278955,580281
38,2029,301326,278955,580281
39,2029,301326,278955,580281
40,2029,301326,278955,580281
41,2029,301326,278955,580281
42,2029,301326,278955,580281
43,2029,301333,278955,580288
44,2029,303077,279111,582188
45,2029,303077,279111,582188
46,2029,302118,279111,581229
47,2029,302109,279111,581220
48,2029,302109,279111,581220
49,2029,302109,279111,581220
50,2029,302109,279111,581220
51,2029,302109,279149,581258
52,2029,302109,279149,581258
53,2029,302109,279149,581258
54,2029,302109,279149,581258
55,2029,302109,279149,581258
56,2029,302109,279149,581258
57,2029,302109,279149,581258
58,2029,302109,279149,581258
59,2029,302109,279149,581258
60,2029,302109,279149,581258
61,2029,302109,279149,581258
62,2029,302109,279149,581258
63,2029,302109,279149,581258
64,2029,303056,279149,582205
65,2029,303056,279149,582205
66,2029,301751,278994,580745
67,2029,301764,278926,580690
68,2029,301625,278926,580551
69,2029,301693,278926,580619
70,2029,301698,278926,580624
71,2029,302699,279051,581750
72,2029,302614,279051,581665
73,2029,301717,279129,580846
74,2029,301717,279129,580846
75,2029,301717,279129,580846
76,2029,301717,279129,580846
77,2029,301717,279129,580846
78,2029,301618,283834,585452
79,2029,301588,283520,585108
80,2029,301523,283856,585379
81,2029,301545,283856,585401
82,2029,301545,283856,585401
83,2029,301545,283856,585401
84,2029,301545,283856,585401
85,2029,301545,283856,585401
86,2029,301545,283856,585401
87,2029,301545,283856,585401
88,2029,301545,283856,585401
89,2029,301545,283856,585401
90,2029,301545,283856,585401
91,2029,301545,283856,585401
92,2029,301545,283856,585401
93,2029,301545,283856,585401
94,2029,301545,283856,585401
95,2029,301545,283856,585401
96,2029,301545,283856,585401
97,2029,301545,283856,585401
98,2029,301545,283856,585401
99,2029,301545,283856,585401
100,2029,301545,283856,585401
0,2029,292099,274901,567000
1,2029,292099,274901,567000
2,2029,292091,274901,566992
3,2029,292300,274901,567201
4,2029,292463,274931,567394
5,2029,292518,274983,567501
6,2029,292615,275035,567650
7,2029,292607,275057,567664
8,2029,292601,275043,567644
9,2029,292574,275024,567598
10,2029,292549,275055,567604
11,2029,292624,275339,567963
12,2029,293047,275490,568537
13,2029,294584,275590,570174
14,2029,295239,275679,570918
15,2029,297561,275661,573222
16,2029,296031,275360,571391
17,2029,298511,275281,573792
18,2029,300960,276311,577271
19,2029,318140,278178,596318
20,2029,318570,278704,597274
21,2029,307169,279147,586316
22,2029,306963,279195,586158
23,2029,307025,279209,586234
24,2029,307025,279209,586234
25,2029,307025,279209,586234
26,2029,307025,279209,586234
27,2029,307025,279209,586234
28,2029,307025,279209,586234
29,2029,307025,279209,586234
30,2029,307025,279209,586234
31,2029,307025,279209,586234
32,2029,307025,279209,586234
33,2029,307025,279209,586234
34,2029,307025,279209,586234
35,2029,307025,279209,586234
36,2029,307025,279209,586234
37,2029,307025,279209,586234
38,2029,307025,279209,586234
39,2029,307025,279209,586234
40,2029,307025,279209,586234
41,2029,307025,279209,586234
42,2029,307025,279209,586234
43,2029,307025,279209,586234
44,2029,309401,279433,588834
45,2029,309401,279433,588834
46,2029,308138,279364,587502
47,2029,308207,279364,587571
48,2029,308207,279364,587571
49,2029,308207,279364,587571
50,2029,308207,279364,587571
51,2029,308198,279402,587600
52,2029,308198,279402,587600
53,2029,308198,279402,587600
54,2029,308198,279402,587600
55,2029,308198,279402,587600
56,2029,308198,279402,587600
57,2029,308198,279402,587600
58,2029,308198,279402,587600
59,2029,308198,279402,587600
60,2029,308198,279402,587600
61,2029,308198,279402,587600
62,2029,308198,279402,587600
63,2029,308198,279402,587600
64,2029,309449,279472,588921
65,2029,309538,279472,589010
66,2029,307947,279400,587347
67,2029,308227,279400,587627
68,2029,307618,279138,586756
69,2029,307735,279232,586967
70,2029,307742,279123,586865
71,2029,309127,279187,588314
72,2029,308751,279129,587880
73,2029,307179,279129,586308
74,2029,307179,279129,586308
75,2029,307179,279129,586308
76,2029,307179,279129,586308
77,2029,307179,279129,586308
78,2029,306934,286413,593347
79,2029,306862,284996,591858
80,2029,306855,286432,593287
81,2029,306855,286432,593287
82,2029,306855,286432,593287
83,2029,306855,286432,593287
84,2029,306855,286432,593287
85,2029,306855,286432,593287
86,2029,306855,286432,593287
87,2029,306855,286432,593287
88,2029,306855,286432,593287
89,2029,306855,286432,593287
90,2029,306855,286432,593287
91,2029,306855,286432,593287
92,2029,306855,286432,593287
93,2029,306855,286432,593287
94,2029,306855,286432,593287
95,2029,306855,286432,593287
96,2029,306855,286432,593287
97,2029,306855,286432,593287
98,2029,306855,286432,593287
99,2029,306855,286432,593287
100,2029,306855,286432,593287
0,2029,292414,276267,568681
1,2029,292414,276267,568681
2,2029,292410,276267,568677
3,2029,292524,276267,568791
4,2029,292770,276374,569144
5,2029,292782,276405,569187
6,2029,292777,275836,568613
7,2029,292789,275833,568622
8,2029,292809,276105,568914
9,2029,292817,276218,569035
10,2029,292752,276008,568760
11,2029,292786,276013,568799
12,2029,292637,275836,568473
13,2029,294207,275567,569774
14,2029,297544,275452,572996
15,2029,296712,275491,572203
16,2029,295873,275344,571217
17,2029,298696,275638,574334
18,2029,308040,277244,585284
19,2029,310244,279250,589494
20,2029,310992,279343,590335
21,2029,309447,279369,588816
22,2029,309498,279517,589015
23,2029,309548,279517,589065
24,2029,309548,279517,589065
25,2029,309548,279517,589065
26,2029,309548,279517,589065
27,2029,309548,279517,589065
28,2029,309548,279517,589065
29,2029,309548,279517,589065
30,2029,309548,279517,589065
31,2029,309548,279517,589065
32,2029,309548,279517,589065
33,2029,309548,279517,589065
34,2029,309548,279517,589065
35,2029,309548,279517,589065
36,2029,309548,279517,589065
37,2029,309933,279517,589450
38,2029,309933,279517,589450
39,2029,309933,279517,589450
40,2029,309933,279517,589450
41,2029,309933,279517,589450
42,2029,309933,279517,589450
43,2029,309933,279517,589450
44,2029,311218,279445,590663
45,2029,311218,279445,590663
46,2029,311078,279485,590563
47,2029,311078,279485,590563
48,2029,311078,279485,590563
49,2029,311078,279485,590563
50,2029,311078,279485,590563
51,2029,311087,279523,590610
52,2029,311087,279523,590610
53,2029,311087,279523,590610
54,2029,311087,279523,590610
55,2029,311087,279523,590610
56,2029,311087,279523,590610
57,2029,311087,279523,590610
58,2029,311087,279523,590610
59,2029,311087,279523,590610
60,2029,311087,279523,590610
61,2029,311087,279523,590610
62,2029,311087,279523,590610
63,2029,311197,279523,590720
64,2029,311402,279483,590885
65,2029,311494,279483,590977
66,2029,311142,279522,590664
67,2029,311181,279522,590703
68,2029,310276,279498,589774
69,2029,310326,279498,589824
70,2029,310257,279585,589842
71,2029,310672,279598,590270
72,2029,310683,279572,590255
73,2029,309854,279579,589433
74,2029,309854,279579,589433
75,2029,309854,279579,589433
76,2029,309854,279579,589433
77,2029,309854,279579,589433
78,2029,309223,297053,606276
79,2029,309182,295170,604352
80,2029,309215,297002,606217
81,2029,309223,297359,606582
82,2029,309223,297359,606582
83,2029,309223,297359,606582
84,2029,309223,297359,606582
85,2029,309223,297359,606582
86,2029,309223,297359,606582
87,2029,309223,297359,606582
88,2029,309223,297359,606582
89,2029,309223,297359,606582
90,2029,309223,297359,606582
91,2029,309223,297359,606582
92,2029,309223,297359,606582
93,2029,309223,297359,606582
94,2029,309223,297359,606582
95,2029,309223,297359,606582
96,2029,309223,297359,606582
97,2029,309223,297359,606582
98,2029,309223,297359,606582
99,2029,309223,297359,606582
100,2029,309223,297359,606582
0,2029,269204,253232,522436
1,2029,269204,253232,522436
2,2029,269204,253232,522436
3,2029,268424,253017,521441
4,2029,268407,252966,521373
5,2029,268487,253063,521550
6,2029,268500,253070,521570
7,2029,268496,253109,521605
8,2029,268690,253203,521893
9,2029,279408,270741,550149
10,2029,292123,276191,568314
11,2029,292359,276048,568407
12,2029,278821,267050,545871
13,2029,294192,275581,569773
14,2029,280681,268177,548858
15,2029,280594,268713,549307
16,2029,296008,275798,571806
17,2029,314469,306214,620683
18,2029,315319,310878,626197
19,2029,315635,308376,624011
20,2029,315661,309183,624844
21,2029,316148,311244,627392
22,2029,317035,311180,628215
23,2029,319240,311162,630402
24,2029,336918,311742,648660
25,2029,358573,377972,736545
26,2029,430539,445522,876061
27,2029,439247,448302,887549
28,2029,439727,448517,888244
29,2029,439870,448540,888410
30,2029,440113,448708,888821
31,2029,440380,452081,892461
32,2029,441024,454481,895505
33,2029,441232,457021,898253
34,2029,456205,463774,919979
35,2029,478039,465923,943962
36,2029,478710,469190,947900
37,2029,478713,469700,948413
38,2029,441223,458598,899821
39,2029,440631,455670,896301
40,2029,440550,455670,896220
41,2029,439870,455648,895518
42,2029,435140,451313,886453
43,2029,370183,384492,754675
44,2029,369173,384427,753600
45,2029,368930,384703,753633
46,2029,358428,378547,736975
47,2029,357600,378772,736372
48,2029,357600,378772,736372
49,2029,357600,378772,736372
50,2029,357600,378772,736372
51,2029,357597,378772,736369
52,2029,358042,378674,736716
53,2029,370446,384751,755197
54,2029,369227,384751,753978
55,2029,370446,384751,755197
56,2029,325367,312685,638052
57,2029,323704,312544,636248
58,2029,324097,312920,637017
59,2029,323902,312920,636822
60,2029,324752,312685,637437
61,2029,340778,373809,714587
62,2029,341029,373638,714667
63,2029,335518,371083,706601
64,2029,319716,312920,632636
65,2029,318436,312920,631356
66,2029,321612,312920,634532
67,2029,288003,312059,600062
68,2029,283034,312059,595093
69,2029,271386,314350,585736
70,2029,270012,314350,584362
71,2029,270511,312173,582684
72,2029,271507,311624,583131
73,2029,268515,309945,578460
74,2029,267446,306785,574231
75,2029,262711,306586,569297
76,2029,263176,305489,568665
77,2029,271676,278181,549857
78,2029,273133,279812,552945
79,2029,271131,248705,519836
80,2029,270799,245374,516173
81,2029,270696,227059,497755
82,2029,266643,200793,467436
83,2029,266643,200793,467436
84,2029,266643,201164,467807
85,2029,266643,202564,469207
86,2029,266643,195755,462398
87,2029,266643,193480,460123
88,2029,266643,193480,460123
89,2029,266643,193480,460123
90,2029,266643,193544,460187
91,2029,266643,193544,460187
92,2029,266643,193544,460187
93,2029,266643,193544,460187
94,2029,266643,193544,460187
95,2029,266643,193544,460187
96,2029,266643,193544,460187
97,2029,266643,193544,460187
98,2029,266643,193544,460187
99,2029,266643,193544,460187
100,2029,266643,193544,460187
0,2029,267877,251257,519134
1,2029,267808,247632,515440
2,2029,267808,247632,515440
3,2029,266979,247015,513994
4,2029,266939,246975,513914
5,2029,267029,246787,513816
6,2029,267015,246787,513802
7,2029,267033,248155,515188
8,2029,267177,248203,515380
9,2029,271318,269371,540689
10,2029,292180,276222,568402
11,2029,291537,275819,567356
12,2029,292206,276164,568370
13,2029,293842,275787,569629
14,2029,293370,276459,569829
15,2029,283108,273458,556566
16,2029,278978,265193,544171
17,2029,295370,297028,592398
18,2029,315746,312467,628213
19,2029,316028,307898,623926
20,2029,316368,307666,624034
21,2029,318416,308027,626443
22,2029,318447,305349,623796
23,2029,320880,311165,632045
24,2029,327375,314908,642283
25,2029,361636,380072,741708
26,2029,385035,407331,792366
27,2029,427562,419389,846951
28,2029,444001,457989,901990
29,2029,445348,459854,905202
30,2029,445927,460557,906484
31,2029,456887,460375,917262
32,2029,446367,460792,907159
33,2029,463346,465059,928405
34,2029,475141,464107,939248
35,2029,475325,465001,940326
36,2029,477310,468230,945540
37,2029,477530,468514,946044
38,2029,481350,474069,955419
39,2029,472773,473119,945892
40,2029,463712,475550,939262
41,2029,461381,476461,937842
42,2029,449363,465003,914366
43,2029,439022,455648,894670
44,2029,411335,411581,822916
45,2029,377339,407549,784888
46,2029,365189,382214,747403
47,2029,362110,381474,743584
48,2029,361908,381474,743382
49,2029,361908,381552,743460
50,2029,361908,381552,743460
51,2029,361858,381552,743410
52,2029,361858,381552,743410
53,2029,362940,381711,744651
54,2029,425370,435462,860832
55,2029,399391,409783,809174
56,2029,361463,379369,740832
57,2029,325743,324694,650437
58,2029,321619,316365,637984
59,2029,318060,317296,635356
60,2029,318137,317379,635516
61,2029,310385,321855,632240
62,2029,335345,375968,711313
63,2029,349732,375836,725568
64,2029,326243,362427,688670
65,2029,318594,330375,648969
66,2029,283797,318166,601963
67,2029,315893,320418,636311
68,2029,283652,318352,602004
69,2029,268241,319466,587707
70,2029,269388,319882,589270
71,2029,267151,316378,583529
72,2029,266546,312973,579519
73,2029,265258,312762,578020
74,2029,267774,307002,574776
75,2029,259865,308747,568612
76,2029,253891,307434,561325
77,2029,266445,300616,567061
78,2029,267084,293594,560678
79,2029,265639,244938,510577
80,2029,265841,244936,510777
81,2029,273396,227164,500560
82,2029,258675,204267,462942
83,2029,258675,200315,458990
84,2029,258675,200315,458990
85,2029,258675,201544,460219
86,2029,258675,194992,453667
87,2029,258675,192819,451494
88,2029,258675,192819,451494
89,2029,258675,192819,451494
90,2029,258703,192819,451522
91,2029,250144,192819,442963
92,2029,250144,192819,442963
93,2029,250144,192855,442999
94,2029,250144,192855,442999
95,2029,250144,192855,442999
96,2029,250144,192855,442999
97,2029,250144,192855,442999
98,2029,250144,192855,442999
99,2029,250144,192855,442999
100,2029,250144,192855,442999
0,2029,284622,273207,557829
1,2029,266749,253383,520132
2,2029,265759,245162,510921
3,2029,264710,249122,513832
4,2029,265171,249122,514293
5,2029,264217,245157,509374
6,2029,264897,245343,510240
7,2029,264215,245372,509587
8,2029,265094,245372,510466
9,2029,267066,252812,519878
10,2029,269669,252740,522409
11,2029,279572,269438,549010
12,2029,293153,276338,569491
13,2029,294380,275949,570329
14,2029,296618,277082,573700
15,2029,293765,277013,570778
16,2029,283527,273878,557405
17,2029,282235,265208,547443
18,2029,305249,327787,633036
19,2029,316401,308237,624638
20,2029,314644,308358,623002
21,2029,316443,309062,625505
22,2029,316683,309091,625774
23,2029,316244,311765,628009
24,2029,320766,313660,634426
25,2029,316658,317828,634486
26,2029,361114,371550,732664
27,2029,361086,371418,732504
28,2029,371795,380442,752237
29,2029,461239,465886,927125
30,2029,459654,462873,922527
31,2029,461840,465933,927773
32,2029,471727,466482,938209
33,2029,464037,464665,928702
34,2029,477289,461863,939152
35,2029,477833,465905,943738
36,2029,480694,470271,950965
37,2029,482086,471148,953234
38,2029,484556,477610,962166
39,2029,485359,475126,960485
40,2029,488904,480594,969498
41,2029,489185,482263,971448
42,2029,485743,482956,968699
43,2029,463380,477417,940797
44,2029,440997,457418,898415
45,2029,424399,426593,850992
46,2029,373887,402330,776217
47,2029,356576,370298,726874
48,2029,354713,369964,724677
49,2029,352415,368393,720808
50,2029,351911,368393,720304
51,2029,344439,367720,712159
52,2029,331469,362301,693770
53,2029,328678,362246,690924
54,2029,358240,372008,730248
55,2029,359605,372187,731792
56,2029,364085,385812,749897
57,2029,359473,378221,737694
58,2029,326418,316697,643115
59,2029,314621,316545,631166
60,2029,316452,316350,632802
61,2029,312970,324647,637617
62,2029,306147,316312,622459
63,2029,302748,320603,623351
64,2029,336292,368267,704559
65,2029,324301,348847,673148
66,2029,318019,325946,643965
67,2029,284867,318623,603490
68,2029,300537,318252,618789
69,2029,269280,317338,586618
70,2029,268085,315190,583275
71,2029,267028,316415,583443
72,2029,270605,318766,589371
73,2029,263723,320391,584114
74,2029,258803,305594,564397
75,2029,256743,307044,563787
76,2029,255940,308494,564434
77,2029,251402,303750,555152
78,2029,254680,304824,559504
79,2029,255480,245064,500544
80,2029,255061,245481,500542
81,2029,245811,237508,483319
82,2029,245140,226861,472001
83,2029,243816,200894,444710
84,2029,243816,200759,444575
85,2029,243224,201834,445058
86,2029,243816,195058,438874
87,2029,243816,192712,436528
88,2029,243224,192712,435936
89,2029,243224,192712,435936
90,2029,243816,192748,436564
91,2029,243773,192748,436521
92,2029,243773,192748,436521
93,2029,243773,192813,436586
94,2029,243773,192813,436586
95,2029,243773,192813,436586
96,2029,243773,192813,436586
97,2029,243773,192813,436586
98,2029,243773,192813,436586
99,2029,243773,192813,436586
100,2029,243773,192813,436586
0,2029,280946,268437,549383
1,2029,283704,269739,553443
2,2029,266650,260374,527024
3,2029,264402,260321,524723
4,2029,280161,261992,542153
5,2029,264313,260270,524583
6,2029,268122,246205,514327
7,2029,264882,246139,511021
8,2029,262782,246139,508921
9,2029,257359,244635,501994
10,2029,267482,250152,517634
11,2029,280163,269360,549523
12,2029,288231,271737,559968
13,2029,294273,275808,570081
14,2029,293100,274610,567710
15,2029,297307,280296,577603
16,2029,295734,283121,578855
17,2029,285545,274193,559738
18,2029,315811,287333,603144
19,2029,315497,312797,628294
20,2029,318391,314878,633269
21,2029,317247,301366,618613
22,2029,316432,300712,617144
23,2029,319240,307291,626531
24,2029,319711,314850,634561
25,2029,322283,324294,646577
26,2029,334441,367692,702133
27,2029,346482,372953,719435
28,2029,362057,376063,738120
29,2029,378242,383836,762078
30,2029,460469,463157,923626
31,2029,465912,463841,929753
32,2029,444035,453221,897256
33,2029,464836,461420,926256
34,2029,439739,448744,888483
35,2029,437897,441762,879659
36,2029,468133,469721,937854
37,2029,469757,469148,938905
38,2029,482431,475581,958012
39,2029,486182,475369,961551
40,2029,487527,481015,968542
41,2029,487425,481258,968683
42,2029,488970,487655,976625
43,2029,488557,490250,978807
44,2029,483167,482344,965511
45,2029,453566,466451,920017
46,2029,408318,413086,821404
47,2029,375879,396928,772807
48,2029,373297,391548,764845
49,2029,370598,390354,760952
50,2029,346707,376743,723450
51,2029,344540,372850,717390
52,2029,339302,369882,709184
53,2029,344477,369949,714426
54,2029,331842,368861,700703
55,2029,342005,374095,716100
56,2029,349177,368326,717503
57,2029,368470,388332,756802
58,2029,360609,379992,740601
59,2029,328056,318964,647020
60,2029,325930,317061,642991
61,2029,320601,317227,637828
62,2029,316611,323751,640362
63,2029,326301,321582,647883
64,2029,305783,316610,622393
65,2029,311445,318629,630074
66,2029,327686,318717,646403
67,2029,318521,325939,644460
68,2029,284627,316425,601052
69,2029,285948,317254,603202
70,2029,268092,315333,583425
71,2029,267334,316117,583451
72,2029,266300,314677,580977
73,2029,264626,314317,578943
74,2029,256534,305079,561613
75,2029,256747,308288,565035
76,2029,256143,309041,565184
77,2029,246385,301983,548368
78,2029,247346,303885,551231
79,2029,230556,245744,476300
80,2029,226857,246722,473579
81,2029,220003,237121,457124
82,2029,217317,227288,444605
83,2029,216800,206142,422942
84,2029,215973,200862,416835
85,2029,215973,201509,417482
86,2029,215871,195188,411059
87,2029,215871,192544,408415
88,2029,215871,192544,408415
89,2029,215871,192544,408415
90,2029,215871,192609,408480
91,2029,215833,192609,408442
92,2029,215833,192609,408442
93,2029,215544,192614,408158
94,2029,215544,192614,408158
95,2029,215544,192569,408113
96,2029,215544,192569,408113
97,2029,215544,192569,408113
98,2029,215544,192569,408113
99,2029,215544,192569,408113
100,2029,215544,192569,408113
0,2029,281162,268922,550084
1,2029,280729,268462,549191
2,2029,282443,269344,551787
3,2029,282396,269344,551740
4,2029,273181,268372,541553
5,2029,282348,269189,551537
6,2029,280614,268946,549560
7,2029,270946,261379,532325
8,2029,270353,257404,527757
9,2029,271136,262098,533234
10,2029,267019,261001,528020
11,2029,282645,270491,553136
12,2029,277933,259560,537493
13,2029,293872,276277,570149
14,2029,295153,276799,571952
15,2029,298417,274175,572592
16,2029,300635,280615,581250
17,2029,306113,297960,604073
18,2029,303430,277728,581158
19,2029,306641,331435,638076
20,2029,317860,313161,631021
21,2029,317346,302521,619867
22,2029,318613,299844,618457
23,2029,320906,310207,631113
24,2029,322635,319197,641832
25,2029,326045,317541,643586
26,2029,334034,323948,657982
27,2029,342452,336639,679091
28,2029,347630,347403,695033
29,2029,364077,361425,725502
30,2029,373163,366988,740151
31,2029,393773,391806,785579
32,2029,418770,419891,838661
33,2029,393554,390123,783677
34,2029,413565,416563,830128
35,2029,464405,464176,928581
36,2029,461600,463140,924740
37,2029,462351,463886,926237
38,2029,470898,470289,941187
39,2029,473803,473547,947350
40,2029,484323,479480,963803
41,2029,485384,484518,969902
42,2029,486253,489079,975332
43,2029,487750,489006,976756
44,2029,488306,490182,978488
45,2029,484106,485412,969518
46,2029,450431,464769,915200
47,2029,434452,451386,885838
48,2029,414772,416266,831038
49,2029,409602,413154,822756
50,2029,389698,398724,788422
51,2029,389825,398254,788079
52,2029,388317,398263,786580
53,2029,365843,389250,755093
54,2029,368127,384661,752788
55,2029,352388,379712,732100
56,2029,335075,373350,708425
57,2029,343160,368319,711479
58,2029,375611,392756,768367
59,2029,373286,390694,763980
60,2029,360533,382036,742569
61,2029,328024,312928,640952
62,2029,330539,321807,652346
63,2029,330916,319646,650562
64,2029,320046,325798,645844
65,2029,313612,329505,643117
66,2029,316693,347739,664432
67,2029,323444,347578,671022
68,2029,319432,352122,671554
69,2029,282638,321977,604615
70,2029,272762,334636,607398
71,2029,271316,337309,608625
72,2029,271215,330482,601697
73,2029,270046,330250,600296
74,2029,263478,324329,587807
75,2029,258223,316979,575202
76,2029,258522,315174,573696
77,2029,247332,309012,556344
78,2029,242518,301352,543870
79,2029,226404,260338,486742
80,2029,222033,256140,478173
81,2029,217482,239004,456486
82,2029,215497,225951,441448
83,2029,215129,214041,429170
84,2029,214540,201080,415620
85,2029,214540,201980,416520
86,2029,214546,195130,409676
87,2029,214008,192756,406764
88,2029,214008,192790,406798
89,2029,214008,192586,406594
90,2029,214008,192511,406519
91,2029,213987,192715,406702
92,2029,213987,192903,406890
93,2029,213987,193135,407122
94,2029,213987,193135,407122
95,2029,213987,193135,407122
96,2029,213987,193135,407122
97,2029,213987,193135,407122
98,2029,213987,193135,407122
99,2029,213987,193135,407122
100,2029,213987,193135,407122
0,2029,282796,272644,555440
1,2029,281504,269967,551471
2,2029,279900,269532,549432
3,2029,279983,269525,549508
4,2029,280944,269105,550049
5,2029,279887,269315,549202
6,2029,279670,268699,548369
7,2029,281264,268536,549800
8,2029,282216,269256,551472
9,2029,272065,261235,533300
10,2029,283372,268435,551807
11,2029,265613,256728,522341
12,2029,283213,271356,554569
13,2029,277580,263972,541552
14,2029,293161,274301,567462
15,2029,293332,273259,566591
16,2029,314459,320104,634563
17,2029,298902,282352,581254
18,2029,306981,291083,598064
19,2029,308431,324821,633252
20,2029,318731,324069,642800
21,2029,315270,312906,628176
22,2029,316575,307036,623611
23,2029,320235,306315,626550
24,2029,322446,320043,642489
25,2029,322551,310644,633195
26,2029,328938,321624,650562
27,2029,336530,332586,669116
28,2029,343995,339292,683287
29,2029,351471,350145,701616
30,2029,363568,362823,726391
31,2029,379582,378749,758331
32,2029,402093,401699,803792
33,2029,418641,428048,846689
34,2029,412225,409456,821681
35,2029,442829,448160,890989
36,2029,415566,418781,834347
37,2029,460938,464767,925705
38,2029,470847,470724,941571
39,2029,473310,470511,943821
40,2029,475434,478174,953608
41,2029,479660,484420,964080
42,2029,479833,488165,967998
43,2029,484698,491661,976359
44,2029,489749,495580,985329
45,2029,489788,492659,982447
46,2029,485718,485892,971610
47,2029,458796,469731,928527
48,2029,438830,455827,894657
49,2029,424253,433543,857796
50,2029,411505,423929,835434
51,2029,411247,423822,835069
52,2029,397229,412966,810195
53,2029,393110,398499,791609
54,2029,369073,371762,740835
55,2029,370523,377496,748019
56,2029,342806,380760,723566
57,2029,328588,370687,699275
58,2029,346728,371039,717767
59,2029,375716,400090,775806
60,2029,372905,392574,765479
61,2029,360406,379578,739984
62,2029,327974,318296,646270
63,2029,328042,316054,644096
64,2029,330537,318664,649201
65,2029,308028,323746,631774
66,2029,304744,326482,631226
67,2029,322822,341815,664637
68,2029,311975,341040,653015
69,2029,302334,350890,653224
70,2029,270850,323985,594835
71,2029,269894,320751,590645
72,2029,270743,321701,592444
73,2029,268467,322006,590473
74,2029,261597,322759,584356
75,2029,257677,315020,572697
76,2029,258599,315279,573878
77,2029,252790,312601,565391
78,2029,247008,307309,554317
79,2029,222923,279930,502853
80,2029,221316,257445,478761
81,2029,216134,238884,455018
82,2029,215520,226686,442206
83,2029,214880,215632,430512
84,2029,214610,200988,415598
85,2029,214610,201895,416505
86,2029,213778,195270,409048
87,2029,213778,192756,406534
88,2029,213554,193518,407072
89,2029,213554,193225,406779
90,2029,212687,193357,406044
91,2029,212687,193357,406044
92,2029,212638,193357,405995
93,2029,212638,193246,405884
94,2029,212638,189107,401745
95,2029,212635,189107,401742
96,2029,212635,188467,401102
97,2029,212664,188391,401055
98,2029,212664,188391,401055
99,2029,212635,188391,401026
100,2029,212664,188391,401055
0,2029,291682,274253,565935
1,2029,283073,271824,554897
2,2029,281936,270185,552121
3,2029,284975,270824,555799
4,2029,283549,272421,555970
5,2029,282118,270062,552180
6,2029,281110,269968,551078
7,2029,279939,269523,549462
8,2029,279801,268808,548609
9,2029,280720,269059,549779
10,2029,280535,269368,549903
11,2029,285117,272334,557451
12,2029,282906,274873,557779
13,2029,282477,273026,555503
14,2029,293379,275401,568780
15,2029,294151,307177,601328
16,2029,314901,324470,639371
17,2029,313648,322150,635798
18,2029,306180,296220,602400
19,2029,311112,293816,604928
20,2029,311176,318151,629327
21,2029,313688,319646,633334
22,2029,313636,318317,631953
23,2029,319456,307840,627296
24,2029,321685,313365,635050
25,2029,321831,311767,633598
26,2029,326138,316560,642698
27,2029,328377,322296,650673
28,2029,339321,336039,675360
29,2029,346047,340455,686502
30,2029,355397,350815,706212
31,2029,364587,364075,728662
32,2029,378921,369816,748737
33,2029,413757,414369,828126
34,2029,457325,458762,916087
35,2029,435599,442167,877766
36,2029,465326,467851,933177
37,2029,436502,435150,871652
38,2029,463867,468034,931901
39,2029,470053,470418,940471
40,2029,473749,476601,950350
41,2029,475386,481900,957286
42,2029,475435,487065,962500
43,2029,480110,490873,970983
44,2029,478965,493527,972492
45,2029,486665,497207,983872
46,2029,488764,490463,979227
47,2029,486352,488626,974978
48,2029,462137,476981,939118
49,2029,441575,457167,898742
50,2029,436253,451593,887846
51,2029,409358,418628,827986
52,2029,408680,418164,826844
53,2029,394099,407117,801216
54,2029,385696,400147,785843
55,2029,381691,398503,780194
56,2029,367059,369131,736190
57,2029,344443,381627,726070
58,2029,324560,364581,689141
59,2029,344269,371498,715767
60,2029,376545,403377,779922
61,2029,371853,394899,766752
62,2029,360719,380323,741042
63,2029,326650,322531,649181
64,2029,325700,314680,640380
65,2029,331886,325173,657059
66,2029,312478,321265,633743
67,2029,303034,322085,625119
68,2029,302111,325895,628006
69,2029,292453,328013,620466
70,2029,301824,347968,649792
71,2029,273229,315577,588806
72,2029,273462,316216,589678
73,2029,271985,318551,590536
74,2029,264338,320568,584906
75,2029,261459,321170,582629
76,2029,259117,316020,575137
77,2029,252145,311449,563594
78,2029,244938,308934,553872
79,2029,218562,277088,495650
80,2029,218280,259324,477604
81,2029,214656,238958,453614
82,2029,215050,226857,441907
83,2029,214469,214442,428911
84,2029,213746,200988,414734
85,2029,213746,201930,415676
86,2029,213516,195270,408786
87,2029,213398,192575,405973
88,2029,212797,193460,406257
89,2029,209844,183449,393293
90,2029,209854,178214,388068
91,2029,209854,166725,376579
92,2029,209795,177861,387656
93,2029,209795,166725,376520
94,2029,209795,161403,371198
95,2029,208687,161974,370661
96,2029,208687,159141,367828
97,2029,208687,157758,366445
98,2029,208687,157758,366445
99,2029,208687,157758,366445
100,2029,208687,157758,366445
0,2029,291887,274749,566636
1,2029,292110,274959,567069
2,2029,291646,275034,566680
3,2029,291845,274738,566583
4,2029,291871,274526,566397
5,2029,283015,272351,555366
6,2029,283284,274383,557667
7,2029,282813,271387,554200
8,2029,280899,269257,550156
9,2029,283121,271824,554945
10,2029,282681,271173,553854
11,2029,283327,274753,558080
12,2029,283736,273174,556910
13,2029,283232,275819,559051
14,2029,279519,265174,544693
15,2029,289859,293364,583223
16,2029,308453,328489,636942
17,2029,316679,318182,634861
18,2029,303820,291703,595523
19,2029,311173,296821,607994
20,2029,309895,291586,601481
21,2029,312381,319388,631769
22,2029,315411,323716,639127
23,2029,316243,300930,617173
24,2029,319715,310028,629743
25,2029,322786,312897,635683
26,2029,326258,313405,639663
27,2029,326928,318778,645706
28,2029,331540,327829,659369
29,2029,341776,338783,680559
30,2029,347256,340707,687963
31,2029,358444,357363,715807
32,2029,365493,364328,729821
33,2029,378506,368329,746835
34,2029,419424,423356,842780
35,2029,460387,455302,915689
36,2029,460236,462104,922340
37,2029,459205,463908,923113
38,2029,462628,467415,930043
39,2029,464038,467677,931715
40,2029,472742,474500,947242
41,2029,473975,479271,953246
42,2029,473562,478890,952452
43,2029,474435,479792,954227
44,2029,480724,491761,972485
45,2029,480478,494629,975107
46,2029,489469,497055,986524
47,2029,489207,494708,983915
48,2029,488635,494260,982895
49,2029,483016,482518,965534
50,2029,455120,468037,923157
51,2029,440956,457969,898925
52,2029,423441,429187,852628
53,2029,409012,418617,827629
54,2029,393363,407144,800507
55,2029,388724,407397,796121
56,2029,377895,398304,776199
57,2029,366898,379228,746126
58,2029,344465,384961,729426
59,2029,324409,364443,688852
60,2029,340424,381290,721714
61,2029,375146,403172,778318
62,2029,371398,393000,764398
63,2029,360605,379160,739765
64,2029,328299,344868,673167
65,2029,328951,318286,647237
66,2029,332263,341590,673853
67,2029,321131,319843,640974
68,2029,324180,325827,650007
69,2029,300214,322332,622546
70,2029,295811,330908,626719
71,2029,285477,345939,631416
72,2029,272213,318936,591149
73,2029,270642,317091,587733
74,2029,275842,324665,600507
75,2029,260292,319556,579848
76,2029,260209,322029,582238
77,2029,253730,313156,566886
78,2029,245455,305040,550495
79,2029,227012,297479,524491
80,2029,219533,279603,499136
81,2029,216046,251986,468032
82,2029,215230,226660,441890
83,2029,214298,216475,430773
84,2029,213468,203696,417164
85,2029,213562,202183,415745
86,2029,211919,195130,407049
87,2029,211487,193340,404827
88,2029,211053,193382,404435
89,2029,210265,191294,401559
90,2029,209747,180092,389839
91,2029,208025,163328,371353
92,2029,207602,148357,355959
93,2029,207279,154719,361998
94,2029,206716,149656,356372
95,2029,206374,141874,348248
96,2029,205429,140649,346078
97,2029,205423,140336,345759
98,2029,205423,137091,342514
99,2029,204248,129772,334020
100,2029,204248,129772,334020
0,2029,271202,256683,527885
1,2029,291956,274585,566541
2,2029,291599,274160,565759
3,2029,291893,273986,565879
4,2029,291985,274175,566160
5,2029,291585,274179,565764
6,2029,283236,273244,556480
7,2029,283172,272180,555352
8,2029,283868,274092,557960
9,2029,289532,271730,561262
10,2029,283930,274205,558135
11,2029,282305,270450,552755
12,2029,283138,273055,556193
13,2029,283742,272745,556487
14,2029,282879,273061,555940
15,2029,291279,273528,564807
16,2029,320350,285919,606269
17,2029,304531,320840,625371
18,2029,308665,296021,604686
19,2029,310884,292738,603622
20,2029,307413,290650,598063
21,2029,310715,314495,625210
22,2029,311397,321890,633287
23,2029,310230,291090,601320
24,2029,318310,302030,620340
25,2029,322053,308411,630464
26,2029,325018,314751,639769
27,2029,328816,319527,648343
28,2029,327533,322227,649760
29,2029,334760,332298,667058
30,2029,341385,339210,680595
31,2029,348227,347536,695763
32,2029,359521,358055,717576
33,2029,363493,363217,726710
34,2029,386827,382053,768880
35,2029,409322,404624,813946
36,2029,440309,451208,891517
37,2029,459978,462118,922096
38,2029,458244,464280,922524
39,2029,463443,467395,930838
40,2029,468023,473351,941374
41,2029,470980,476034,947014
42,2029,472888,477078,949966
43,2029,472748,479372,952120
44,2029,474022,481782,955804
45,2029,477224,491884,969108
46,2029,480992,493438,974430
47,2029,484558,497183,981741
48,2029,489767,498445,988212
49,2029,489457,493945,983402
50,2029,485037,488678,973715
51,2029,460407,476682,937089
52,2029,441656,458541,900197
53,2029,427223,443740,870963
54,2029,408649,418152,826801
55,2029,396093,415511,811604
56,2029,385888,406855,792743
57,2029,379155,399563,778718
58,2029,366888,370662,737550
59,2029,346862,380990,727852
60,2029,326053,370043,696096
61,2029,338307,377383,715690
62,2029,371939,402265,774204
63,2029,372531,393166,765697
64,2029,359254,382164,741418
65,2029,329093,349786,678879
66,2029,323318,319393,642711
67,2029,323626,321349,644975
68,2029,330874,321935,652809
69,2029,302597,320630,623227
70,2029,297112,322735,619847
71,2029,301273,346594,647867
72,2029,273741,344957,618698
73,2029,273618,317836,591454
74,2029,265789,319699,585488
75,2029,263506,322526,586032
76,2029,259754,314589,574343
77,2029,253815,312790,566605
78,2029,245679,304827,550506
79,2029,230935,295478,526413
80,2029,219557,277172,496729
81,2029,216668,254401,471069
82,2029,214727,238680,453407
83,2029,214045,225821,439866
84,2029,211825,206530,418355
85,2029,211635,202387,414022
86,2029,211277,195282,406559
87,2029,204088,192928,397016
88,2029,202106,185092,387198
89,2029,180586,178273,358859
90,2029,169136,173139,342275
91,2029,155645,102374,258019
92,2029,154332,102178,256510
93,2029,152211,93870,246081
94,2029,150613,85006,235619
95,2029,149122,69331,218453
96,2029,144799,57193,201992
97,2029,144724,52987,197711
98,2029,144506,52571,197077
99,2029,144506,52450,196956
100,2029,144506,52571,197077
0,2029,270898,255062,525960
1,2029,271127,256522,527649
2,2029,290963,274404,565367
3,2029,292501,275922,568423
4,2029,292574,275103,567677
5,2029,292199,274975,567174
6,2029,291785,274423,566208
7,2029,291673,274243,565916
8,2029,283433,273875,557308
9,2029,291830,274770,566600
10,2029,291700,274675,566375
11,2029,292413,276128,568541
12,2029,293174,276071,569245
13,2029,294260,276270,570530
14,2029,294483,279323,573806
15,2029,293936,275980,569916
16,2029,296090,276207,572297
17,2029,304210,283270,587480
18,2029,304504,296324,600828
19,2029,304072,291831,595903
20,2029,309547,291911,601458
21,2029,309187,292843,602030
22,2029,312310,293496,605806
23,2029,309693,292547,602240
24,2029,312779,298066,610845
25,2029,322441,311795,634236
26,2029,325269,319955,645224
27,2029,327722,317598,645320
28,2029,328433,322219,650652
29,2029,328105,322854,650959
30,2029,336485,333448,669933
31,2029,344875,341658,686533
32,2029,348825,346957,695782
33,2029,359955,357680,717635
34,2029,366218,365462,731680
35,2029,382967,386066,769033
36,2029,396581,402414,798995
37,2029,416915,419467,836382
38,2029,456698,464705,921403
39,2029,458183,464577,922760
40,2029,461779,465528,927307
41,2029,470453,472882,943335
42,2029,469766,474472,944238
43,2029,472789,476695,949484
44,2029,472416,478741,951157
45,2029,473179,482139,955318
46,2029,480685,491889,972574
47,2029,480359,493879,974238
48,2029,484717,496834,981551
49,2029,487195,498644,985839
50,2029,489455,500168,989623
51,2029,488677,496084,984761
52,2029,459803,476893,936696
53,2029,442335,459492,901827
54,2029,426354,443760,870114
55,2029,414905,429225,844130
56,2029,392295,413690,805985
57,2029,386119,407426,793545
58,2029,376594,398165,774759
59,2029,365360,377224,742584
60,2029,347357,365172,712529
61,2029,326214,368933,695147
62,2029,330483,373321,703804
63,2029,374151,403250,777401
64,2029,370138,390989,761127
65,2029,335864,371869,707733
66,2029,327536,355061,682597
67,2029,320679,314318,634997
68,2029,329878,318119,647997
69,2029,318949,320639,639588
70,2029,292178,318403,610581
71,2029,285826,317695,603521
72,2029,299609,345919,645528
73,2029,271711,337471,609182
74,2029,271675,312709,584384
75,2029,264131,323971,588102
76,2029,261458,324660,586118
77,2029,253060,312415,565475
78,2029,248635,310612,559247
79,2029,230942,297284,528226
80,2029,221231,279882,501113
81,2029,216670,256838,473508
82,2029,214763,238448,453211
83,2029,212215,225810,438025
84,2029,210395,206681,417076
85,2029,206514,204921,411435
86,2029,205614,195230,400844
87,2029,189332,193058,382390
88,2029,164989,172297,337286
89,2029,72580,112516,185096
90,2029,82221,142146,224367
91,2029,81041,137222,218263
92,2029,48658,65305,113963
93,2029,41327,49349,90676
94,2029,35495,32305,67800
95,2029,35551,32309,67860
96,2029,31423,21577,53000
97,2029,30143,16489,46632
98,2029,29268,12287,41555
99,2029,28912,12161,41073
100,2029,29136,12984,42120
0,2029,258798,239940,498738
1,2029,283675,270524,554199
2,2029,274769,256931,531700
3,2029,292346,275471,567817
4,2029,291454,275740,567194
5,2029,292645,275273,567918
6,2029,292498,275188,567686
7,2029,292291,275139,567430
8,2029,292240,274885,567125
9,2029,280733,272110,552843
10,2029,292244,275231,567475
11,2029,292166,275795,567961
12,2029,293534,275725,569259
13,2029,295555,276288,571843
14,2029,296147,275903,572050
15,2029,297614,276502,574116
16,2029,301357,278012,579369
17,2029,302365,276098,578463
18,2029,300820,276425,577245
19,2029,309979,296846,606825
20,2029,308704,291643,600347
21,2029,308575,290659,599234
22,2029,315408,296006,611414
23,2029,312320,302772,615092
24,2029,312070,297934,610004
25,2029,323741,312026,635767
26,2029,325325,313930,639255
27,2029,328011,316083,644094
28,2029,328549,318008,646557
29,2029,327694,321963,649657
30,2029,328779,323180,651959
31,2029,338920,334927,673847
32,2029,344913,341437,686350
33,2029,350683,348471,699154
34,2029,360546,359484,720030
35,2029,367000,366433,733433
36,2029,380252,386323,766575
37,2029,408038,405389,813427
38,2029,434720,432269,866989
39,2029,459343,464888,924231
40,2029,456953,460575,917528
41,2029,457903,459504,917407
42,2029,470714,473340,944054
43,2029,469816,474688,944504
44,2029,469939,475828,945767
45,2029,472489,477108,949597
46,2029,473144,480815,953959
47,2029,475305,475527,950832
48,2029,480398,493140,973538
49,2029,479138,495562,974700
50,2029,485906,496944,982850
51,2029,488762,498188,986950
52,2029,491287,500618,991905
53,2029,459188,476690,935878
54,2029,441146,459252,900398
55,2029,434097,452317,886414
56,2029,409344,425706,835050
57,2029,393340,415635,808975
58,2029,384944,406628,791572
59,2029,375243,397593,772836
60,2029,365362,377685,743047
61,2029,344672,367038,711710
62,2029,325735,369371,695106
63,2029,330481,371837,702318
64,2029,373758,400481,774239
65,2029,362303,390329,752632
66,2029,333934,370563,704497
67,2029,316973,340375,657348
68,2029,317185,319754,636939
69,2029,328237,317995,646232
70,2029,324704,323795,648499
71,2029,329621,321842,651463
72,2029,278287,317749,596036
73,2029,283566,347977,631543
74,2029,268778,321039,589817
75,2029,264047,326821,590868
76,2029,268077,320830,588907
77,2029,256398,311812,568210
78,2029,247320,306709,554029
79,2029,239005,303920,542925
80,2029,224868,287614,512482
81,2029,218418,274666,493084
82,2029,214659,250569,465228
83,2029,212198,231448,443646
84,2029,208353,221155,429508
85,2029,194290,207402,401692
86,2029,185566,195345,380911
87,2029,130588,192539,323127
88,2029,114660,180341,295001
89,2029,65150,120968,186118
90,2029,45655,101069,146724
91,2029,44859,104287,149146
92,2029,43205,103684,146889
93,2029,25729,71598,97327
94,2029,10692,30302,40994
95,2029,8256,21020,29276
96,2029,8234,21210,29444
97,2029,6642,16370,23012
98,2029,5727,12365,18092
99,2029,4546,9404,13950
100,2029,5162,11160,16322
0,2029,251382,234908,486290
1,2029,269226,252779,522005
2,2029,282307,269246,551553
3,2029,274767,263296,538063
4,2029,291164,274849,566013
5,2029,293026,276494,569520
6,2029,292797,275070,567867
7,2029,292696,275592,568288
8,2029,292455,274726,567181
9,2029,292473,275397,567870
10,2029,292450,274230,566680
11,2029,291284,274393,565677
12,2029,292919,274708,567627
13,2029,293931,274526,568457
14,2029,294455,274915,569370
15,2029,292352,274683,567035
16,2029,296161,275389,571550
17,2029,301391,278335,579726
18,2029,303672,276808,580480
19,2029,304159,291216,595375
20,2029,306193,295564,601757
21,2029,317140,305156,622296
22,2029,311217,302037,613254
23,2029,313434,298941,612375
24,2029,311149,295527,606676
25,2029,322670,306279,628949
26,2029,325126,319199,644325
27,2029,326984,316211,643195
28,2029,328884,317300,646184
29,2029,330365,322439,652804
30,2029,327551,320642,648193
31,2029,332524,328684,661208
32,2029,340060,336202,676262
33,2029,345310,341635,686945
34,2029,351902,348905,700807
35,2029,360119,359983,720102
36,2029,365743,366884,732627
37,2029,380788,384586,765374
38,2029,403973,403131,807104
39,2029,457566,464712,922278
40,2029,458858,461135,919993
41,2029,457997,463340,921337
42,2029,455821,463342,919163
43,2029,469984,469946,939930
44,2029,470067,474379,944446
45,2029,469954,475612,945566
46,2029,472386,478219,950605
47,2029,472148,480482,952630
48,2029,474463,483724,958187
49,2029,480083,492094,972177
50,2029,479479,494906,974385
51,2029,485779,497484,983263
52,2029,485856,498108,983964
53,2029,490938,500677,991615
54,2029,458964,476347,935311
55,2029,441844,461241,903085
56,2029,432139,451829,883968
57,2029,408578,423812,832390
58,2029,396755,415987,812742
59,2029,383439,406246,789685
60,2029,374149,397825,771974
61,2029,364790,376872,741662
62,2029,346055,367380,713435
63,2029,325033,368942,693975
64,2029,330419,371984,702403
65,2029,373645,398423,772068
66,2029,362026,383759,745785
67,2029,327834,362640,690474
68,2029,323307,346477,669784
69,2029,313199,318469,631668
70,2029,321325,317252,638577
71,2029,296056,322907,618963
72,2029,275654,320798,596452
73,2029,280828,317205,598033
74,2029,283086,320947,604033
75,2029,264601,333870,598471
76,2029,265328,325395,590723
77,2029,258567,313669,572236
78,2029,248492,310228,558720
79,2029,238468,302819,541287
80,2029,224239,262572,486811
81,2029,216584,263031,479615
82,2029,213115,250533,463648
83,2029,209320,232125,441445
84,2029,188645,223959,412604
85,2029,146534,207619,354153
86,2029,132543,195346,327889
87,2029,124414,190361,314775
88,2029,102412,178250,280662
89,2029,69342,150670,220012
90,2029,52425,120283,172708
91,2029,40886,93285,134171
92,2029,30810,79238,110048
93,2029,30824,78887,109711
94,2029,14582,46147,60729
95,2029,6412,22950,29362
96,2029,4507,15518,20025
97,2029,4745,16848,21593
98,2029,3628,12127,15755
99,2029,3076,9386,12462
100,2029,3303,12733,16036
0,2029,247610,228326,475936
1,2029,257982,237478,495460
2,2029,268296,252412,520708
3,2029,281520,270136,551656
4,2029,273923,254731,528654
5,2029,284935,271541,556476
6,2029,291502,275053,566555
7,2029,291656,275887,567543
8,2029,292549,274790,567339
9,2029,291821,275318,567139
10,2029,292829,276197,569026
11,2029,292255,275992,568247
12,2029,294076,276264,570340
13,2029,293663,275532,569195
14,2029,294815,276101,570916
15,2029,294575,276024,570599
16,2029,295812,275765,571577
17,2029,302216,276320,578536
18,2029,305941,277215,583156
19,2029,307528,279440,586968
20,2029,309004,291886,600890
21,2029,306150,303859,610009
22,2029,309665,291319,600984
23,2029,313735,301353,615088
24,2029,312473,296201,608674
25,2029,314926,301636,616562
26,2029,325816,317784,643600
27,2029,327572,317948,645520
28,2029,328169,317316,645485
29,2029,328686,317788,646474
30,2029,330660,322796,653456
31,2029,327702,321586,649288
32,2029,337959,329240,667199
33,2029,339915,335722,675637
34,2029,346773,341835,688608
35,2029,355982,352364,708346
36,2029,359878,359801,719679
37,2029,366356,367163,733519
38,2029,386360,388698,775058
39,2029,410732,408317,819049
40,2029,418891,419257,838148
41,2029,455418,453661,909079
42,2029,446291,451612,897903
43,2029,455180,458753,913933
44,2029,462511,467335,929846
45,2029,470171,472691,942862
46,2029,469273,474869,944142
47,2029,472296,477139,949435
48,2029,472223,484927,957150
49,2029,473737,483320,957057
50,2029,476770,491772,968542
51,2029,479226,494702,973928
52,2029,485452,497176,982628
53,2029,485060,497902,982962
54,2029,490565,500374,990939
55,2029,458448,477049,935497
56,2029,439813,459690,899503
57,2029,424910,447222,872132
58,2029,408032,423231,831263
59,2029,393597,412288,805885
60,2029,380981,406200,787181
61,2029,370809,397442,768251
62,2029,362039,375977,738016
63,2029,346256,368108,714364
64,2029,325355,366850,692205
65,2029,326313,369558,695871
66,2029,364756,387952,752708
67,2029,358831,382305,741136
68,2029,327873,339474,667347
69,2029,318568,326314,644882
70,2029,305105,320642,625747
71,2029,289452,320375,609827
72,2029,306392,323540,629932
73,2029,273854,319296,593150
74,2029,282963,314420,597383
75,2029,269517,316500,586017
76,2029,264338,328674,593012
77,2029,259576,316685,576261
78,2029,252432,311480,563912
79,2029,239389,303586,542975
80,2029,225935,295344,521279
81,2029,215124,262181,477305
82,2029,212656,251639,464295
83,2029,193512,240554,434066
84,2029,158557,229015,387572
85,2029,142074,208220,350294
86,2029,124157,195271,319428
87,2029,112310,189125,301435
88,2029,87276,174473,261749
89,2029,63572,144929,208501
90,2029,62592,130890,193482
91,2029,38929,95272,134201
92,2029,31009,81442,112451
93,2029,30032,77490,107522
94,2029,23371,66876,90247
95,2029,6961,23119,30080
96,2029,4979,17297,22276
97,2029,4167,12281,16448
98,2029,3843,12664,16507
99,2029,3340,9786,13126
100,2029,3219,13145,16364
0,2029,229912,222183,452095
1,2029,261441,228261,489702
2,2029,254480,237853,492333
3,2029,267550,249419,516969
4,2029,266795,247856,514651
5,2029,273079,254693,527772
6,2029,277189,263929,541118
7,2029,287308,271534,558842
8,2029,291272,274477,565749
9,2029,291409,273701,565110
10,2029,292424,276083,568507
11,2029,291101,275940,567041
12,2029,293763,276782,570545
13,2029,293648,276213,569861
14,2029,294428,276261,570689
15,2029,295221,276651,571872
16,2029,296258,275570,571828
17,2029,297133,275610,572743
18,2029,304570,277248,581818
19,2029,306166,279631,585797
20,2029,303973,279793,583766
21,2029,310035,293595,603630
22,2029,311598,298364,609962
23,2029,312854,301768,614622
24,2029,314193,300865,615058
25,2029,310176,296055,606231
26,2029,324996,317585,642581
27,2029,327403,317772,645175
28,2029,328135,316617,644752
29,2029,329627,317107,646734
30,2029,329653,319003,648656
31,2029,328495,320247,648742
32,2029,328434,322525,650959
33,2029,333224,330894,664118
34,2029,340321,336287,676608
35,2029,348494,342801,691295
36,2029,356559,351857,708416
37,2029,360018,359919,719937
38,2029,372558,368823,741381
39,2029,387454,388181,775635
40,2029,437620,437845,875465
41,2029,421380,423313,844693
42,2029,432161,433099,865260
43,2029,451695,454928,906623
44,2029,455253,460778,916031
45,2029,455516,462927,918443
46,2029,470306,472987,943293
47,2029,469203,475734,944937
48,2029,472336,477992,950328
49,2029,471773,479740,951513
50,2029,473606,483962,957568
51,2029,475958,490441,966399
52,2029,479240,494611,973851
53,2029,484614,496878,981492
54,2029,484696,497849,982545
55,2029,490140,503168,993308
56,2029,456082,474712,930794
57,2029,437658,458600,896258
58,2029,420272,443082,863354
59,2029,396789,419541,816330
60,2029,386322,411685,798007
61,2029,378709,405464,784173
62,2029,363830,396253,760083
63,2029,361787,376320,738107
64,2029,345559,373875,719434
65,2029,324343,365922,690265
66,2029,325100,369418,694518
67,2029,362683,364818,727501
68,2029,342720,377864,720584
69,2029,327215,350953,678168
70,2029,306865,331566,638431
71,2029,284049,328164,612213
72,2029,275660,318360,594020
73,2029,296851,333815,630666
74,2029,274585,321600,596185
75,2029,271290,317710,589000
76,2029,263139,315865,579004
77,2029,260568,321906,582474
78,2029,252980,312291,565271
79,2029,244599,303790,548389
80,2029,225326,302598,527924
81,2029,215812,261974,477786
82,2029,208153,241314,449467
83,2029,176058,229234,405292
84,2029,148734,228888,377622
85,2029,135768,208060,343828
86,2029,123554,194956,318510
87,2029,111284,188741,300025
88,2029,85803,167206,253009
89,2029,66748,141637,208385
90,2029,57219,131149,188368
91,2029,51265,113000,164265
92,2029,30755,77811,108566
93,2029,24241,65130,89371
94,2029,18856,53500,72356
95,2029,19929,60076,80005
96,2029,4839,17236,22075
97,2029,3725,12202,15927
98,2029,2234,9515,11749
99,2029,2414,8857,11271
100,2029,4453,16623,21076
0,2029,218783,207840,426623
1,2029,236782,222784,459566
2,2029,262482,230680,493162
3,2029,256160,237397,493557
4,2029,258164,237513,495677
5,2029,265756,248394,514150
6,2029,270403,254687,525090
7,2029,277411,262580,539991
8,2029,283978,268776,552754
9,2029,291764,275949,567713
10,2029,291788,275396,567184
11,2029,290368,274398,564766
12,2029,293010,275747,568757
13,2029,293879,275536,569415
14,2029,294406,275556,569962
15,2029,295027,275788,570815
16,2029,297681,275551,573232
17,2029,298696,275896,574592
18,2029,304072,277570,581642
19,2029,307490,279280,586770
20,2029,308457,279295,587752
21,2029,310599,280505,591104
22,2029,313897,296821,610718
23,2029,309048,291032,600080
24,2029,311780,296667,608447
25,2029,310141,296055,606196
26,2029,325784,319351,645135
27,2029,327452,319250,646702
28,2029,328145,313850,641995
29,2029,328822,317392,646214
30,2029,329905,317933,647838
31,2029,330731,320373,651104
32,2029,328022,321976,649998
33,2029,327843,321866,649709
34,2029,333462,330242,663704
35,2029,341256,339343,680599
36,2029,351991,343982,695973
37,2029,356623,354195,710818
38,2029,362109,361393,723502
39,2029,368306,368239,736545
40,2029,386117,381470,767587
41,2029,438156,438207,876363
42,2029,403977,404720,808697
43,2029,432256,433086,865342
44,2029,451789,452996,904785
45,2029,456237,461290,917527
46,2029,457061,462649,919710
47,2029,469748,471990,941738
48,2029,469070,475569,944639
49,2029,471934,477130,949064
50,2029,471888,478104,949992
51,2029,473134,486708,959842
52,2029,475474,490218,965692
53,2029,479254,493676,972930
54,2029,484529,496789,981318
55,2029,483408,496379,979787
56,2029,486096,497602,983698
57,2029,455276,470737,926013
58,2029,434044,456356,890400
59,2029,417493,439440,856933
60,2029,392943,416947,809890
61,2029,383579,404235,787814
62,2029,375978,404396,780374
63,2029,340904,382236,723140
64,2029,358481,375142,733623
65,2029,344850,381721,726571
66,2029,320999,366179,687178
67,2029,325489,365249,690738
68,2029,338037,357153,695190
69,2029,343955,376348,720303
70,2029,323595,349744,673339
71,2029,283244,319165,602409
72,2029,288201,335072,623273
73,2029,281677,317943,599620
74,2029,284425,339310,623735
75,2029,269161,337257,606418
76,2029,270940,319485,590425
77,2029,260815,321249,582064
78,2029,256563,313824,570387
79,2029,244339,304147,548486
80,2029,223315,286224,509539
81,2029,213610,259637,473247
82,2029,194043,252831,446874
83,2029,169455,229981,399436
84,2029,152898,222685,375583
85,2029,137375,218455,355830
86,2029,124033,194956,318989
87,2029,110143,189330,299473
88,2029,88142,169315,257457
89,2029,69988,144950,214938
90,2029,54881,118357,173238
91,2029,43749,103407,147156
92,2029,31248,81105,112353
93,2029,28369,74445,102814
94,2029,18791,55149,73940
95,2029,15463,44171,59634
96,2029,12944,41438,54382
97,2029,4916,17389,22305
98,2029,2288,8819,11107
99,2029,2355,9235,11590
100,2029,3004,11381,14385
0,2029,213523,201360,414883
1,2029,222646,206821,429467
2,2029,240901,223120,464021
3,2029,257815,231366,489181
4,2029,253723,237330,491053
5,2029,258649,242832,501481
6,2029,262323,243942,506265
7,2029,268527,254791,523318
8,2029,294815,264926,559741
9,2029,286156,270203,556359
10,2029,292754,276523,569277
11,2029,292908,276365,569273
12,2029,293506,276461,569967
13,2029,294391,275886,570277
14,2029,294103,275858,569961
15,2029,294461,276479,570940
16,2029,294921,275476,570397
17,2029,299865,275958,575823
18,2029,304432,277223,581655
19,2029,308975,280935,589910
20,2029,311240,281926,593166
21,2029,308589,280318,588907
22,2029,309961,294889,604850
23,2029,310674,297819,608493
24,2029,310496,301144,611640
25,2029,310810,299341,610151
26,2029,325565,319340,644905
27,2029,326837,314950,641787
28,2029,328061,315035,643096
29,2029,328444,316289,644733
30,2029,329036,319602,648638
31,2029,330135,318249,648384
32,2029,331492,321421,652913
33,2029,327736,319405,647141
34,2029,327712,322233,649945
35,2029,334541,332413,666954
36,2029,341107,338533,679640
37,2029,353036,349225,702261
38,2029,359702,361370,721072
39,2029,360401,361812,722213
40,2029,367422,367504,734926
41,2029,386523,383193,769716
42,2029,386388,388353,774741
43,2029,417400,423730,841130
44,2029,438865,436070,874935
45,2029,455477,460851,916328
46,2029,456060,462906,918966
47,2029,465915,469221,935136
48,2029,469841,474273,944114
49,2029,469270,475773,945043
50,2029,471866,476833,948699
51,2029,472207,477012,949219
52,2029,472813,484763,957576
53,2029,474280,490223,964503
54,2029,479304,493075,972379
55,2029,484353,495801,980154
56,2029,483541,496740,980281
57,2029,483668,493528,977196
58,2029,443196,464372,907568
59,2029,431141,453728,884869
60,2029,414842,438426,853268
61,2029,393723,413095,806818
62,2029,380133,408202,788335
63,2029,370177,398020,768197
64,2029,343988,382819,726807
65,2029,348627,373249,721876
66,2029,330423,357059,687482
67,2029,319833,375552,695385
68,2029,324786,362230,687016
69,2029,317242,331102,648344
70,2029,328488,368478,696966
71,2029,319989,347066,667055
72,2029,282236,348045,630281
73,2029,289769,319032,608801
74,2029,282973,315264,598237
75,2029,268583,321458,590041
76,2029,268260,335942,604202
77,2029,269329,317337,586666
78,2029,260052,313905,573957
79,2029,247545,305266,552811
80,2029,231509,303271,534780
81,2029,214552,262040,476592
82,2029,193952,251707,445659
83,2029,170165,232101,402266
84,2029,157939,228132,386071
85,2029,142933,205929,348862
86,2029,125227,195322,320549
87,2029,110407,187839,298246
88,2029,89839,169658,259497
89,2029,72704,150625,223329
90,2029,55341,117332,172673
91,2029,51158,114970,166128
92,2029,29998,77150,107148
93,2029,29301,76507,105808
94,2029,18470,53634,72104
95,2029,15341,45414,60755
96,2029,11523,37503,49026
97,2029,6324,23213,29537
98,2029,3305,12781,16086
99,2029,2102,8791,10893
100,2029,3113,12798,15911
0,2029,210222,199565,409787
1,2029,216023,202492,418515
2,2029,223355,214303,437658
3,2029,236098,223406,459504
4,2029,239862,228593,468455
5,2029,250534,237624,488158
6,2029,254774,243416,498190
7,2029,258869,243981,502850
8,2029,267814,254011,521825
9,2029,278812,265228,544040
10,2029,290445,273048,563493
11,2029,292764,275980,568744
12,2029,292848,276193,569041
13,2029,293911,276015,569926
14,2029,297047,275676,572723
15,2029,294106,275895,570001
16,2029,295418,275666,571084
17,2029,300666,275909,576575
18,2029,304687,277602,582289
19,2029,306881,280181,587062
20,2029,308873,280818,589691
21,2029,310173,281044,591217
22,2029,309387,280652,590039
23,2029,314163,301553,615716
24,2029,309903,293240,603143
25,2029,312868,302539,615407
26,2029,323283,316856,640139
27,2029,326782,315277,642059
28,2029,327611,312154,639765
29,2029,329799,317040,646839
30,2029,329418,317079,646497
31,2029,329543,316739,646282
32,2029,329678,318532,648210
33,2029,331134,320817,651951
34,2029,327821,319801,647622
35,2029,328546,322573,651119
36,2029,335956,333357,669313
37,2029,347305,340073,687378
38,2029,362412,372213,734625
39,2029,358910,361846,720756
40,2029,360852,362239,723091
41,2029,367472,367504,734976
42,2029,374376,371428,745804
43,2029,410755,405366,816121
44,2029,457088,483455,940543
45,2029,457234,487136,944370
46,2029,454228,466410,920638
47,2029,455608,462902,918510
48,2029,465671,468417,934088
49,2029,469675,471977,941652
50,2029,469850,474767,944617
51,2029,469912,476022,945934
52,2029,472296,477006,949302
53,2029,472625,481832,954457
54,2029,474238,490185,964423
55,2029,477709,493777,971486
56,2029,484291,496136,980427
57,2029,484959,496838,981797
58,2029,462456,481970,944426
59,2029,439793,461242,901035
60,2029,430080,452391,882471
61,2029,413024,433765,846789
62,2029,385502,409848,795350
63,2029,378650,405861,784511
64,2029,331640,379522,711162
65,2029,343154,373672,716826
66,2029,333819,367366,701185
67,2029,329349,358923,688272
68,2029,308798,372217,681015
69,2029,320433,343182,663615
70,2029,302025,328520,630545
71,2029,314558,351781,666339
72,2029,310202,317269,627471
73,2029,274465,326603,601068
74,2029,277996,317546,595542
75,2029,272760,310339,583099
76,2029,276736,314158,590894
77,2029,264927,328689,593616
78,2029,259767,320272,580039
79,2029,251109,311295,562404
80,2029,233297,302583,535880
81,2029,214827,262405,477232
82,2029,194647,251856,446503
83,2029,177379,238672,416051
84,2029,159300,228423,387723
85,2029,145183,205096,350279
86,2029,125905,195672,321577
87,2029,110252,189945,300197
88,2029,90855,171485,262340
89,2029,74112,153694,227806
90,2029,55745,119302,175047
91,2029,43428,100861,144289
92,2029,30221,78245,108466
93,2029,31672,81803,113475
94,2029,19979,55997,75976
95,2029,15954,48366,64320
96,2029,9243,30051,39294
97,2029,6063,22008,28071
98,2029,4486,16962,21448
99,2029,2517,10435,12952
100,2029,2234,12868,15102
0,2029,211590,200134,411724
1,2029,210799,200538,411337
2,2029,217327,214803,432130
3,2029,224788,210686,435474
4,2029,226812,228148,454960
5,2029,239296,237123,476419
6,2029,247828,236975,484803
7,2029,257545,237722,495267
8,2029,259058,244879,503937
9,2029,282079,270263,552342
10,2029,278081,263524,541605
11,2029,292610,276423,569033
12,2029,293099,276197,569296
13,2029,294162,276589,570751
14,2029,293240,275588,568828
15,2029,295214,275868,571082
16,2029,296081,275864,571945
17,2029,296453,275366,571819
18,2029,304613,277441,582054
19,2029,304087,279437,583524
20,2029,307948,280218,588166
21,2029,308938,281066,590004
22,2029,309194,280772,589966
23,2029,311656,295661,607317
24,2029,317742,305894,623636
25,2029,311766,309942,621708
26,2029,316559,320565,637124
27,2029,326701,313549,640250
28,2029,325366,307625,632991
29,2029,327946,317343,645289
30,2029,329097,316697,645794
31,2029,329100,316754,645854
32,2029,329661,316216,645877
33,2029,329692,317818,647510
34,2029,332341,322051,654392
35,2029,327973,320154,648127
36,2029,329273,323289,652562
37,2029,337413,333829,671242
38,2029,370211,387777,757988
39,2029,364003,379854,743857
40,2029,359822,366585,726407
41,2029,360852,361942,722794
42,2029,362406,365809,728215
43,2029,380718,383747,764465
44,2029,412571,410884,823455
45,2029,434794,435101,869895
46,2029,440826,436801,877627
47,2029,453101,465579,918680
48,2029,455752,461521,917273
49,2029,455535,463451,918986
50,2029,465513,467502,933015
51,2029,469811,473857,943668
52,2029,469785,475448,945233
53,2029,472292,476979,949271
54,2029,472527,481449,953976
55,2029,474240,490276,964516
56,2029,478836,493823,972659
57,2029,484387,495087,979474
58,2029,487888,502374,990262
59,2029,458785,476223,935008
60,2029,439169,459871,899040
61,2029,423081,444578,867659
62,2029,406548,426282,832830
63,2029,384323,409731,794054
64,2029,350930,396445,747375
65,2029,326341,376088,702429
66,2029,331340,371004,702344
67,2029,331035,356978,688013
68,2029,326501,356867,683368
69,2029,308830,371149,679979
70,2029,326341,353222,679563
71,2029,305602,341275,646877
72,2029,301054,334745,635799
73,2029,321327,352349,673676
74,2029,271278,330667,601945
75,2029,273563,319260,592823
76,2029,265551,317510,583061
77,2029,267811,323349,591160
78,2029,262052,317664,579716
79,2029,254730,310547,565277
80,2029,235306,304704,540010
81,2029,216248,293089,509337
82,2029,197665,258425,456090
83,2029,180204,237795,417999
84,2029,165349,228515,393864
85,2029,146510,208010,354520
86,2029,128553,195729,324282
87,2029,112573,189877,302450
88,2029,96851,178626,275477
89,2029,76272,159256,235528
90,2029,51612,115419,167031
91,2029,56201,115504,171705
92,2029,41418,102228,143646
93,2029,30374,80217,110591
94,2029,19353,54075,73428
95,2029,18217,55076,73293
96,2029,11982,38412,50394
97,2029,6094,22376,28470
98,2029,4248,16352,20600
99,2029,3185,13918,17103
100,2029,3023,12977,16000
0,2030,292160,275407,567567
1,2030,292160,275407,567567
2,2030,292156,275407,567563
3,2030,292317,275433,567750
4,2030,292459,275435,567894
5,2030,292604,275460,568064
6,2030,292715,275538,568253
7,2030,292699,275529,568228
8,2030,292688,275503,568191
9,2030,292689,275485,568174
10,2030,292704,275551,568255
11,2030,292828,275972,568800
12,2030,293342,276256,569598
13,2030,293719,276375,570094
14,2030,293758,276281,570039
15,2030,293823,276272,570095
16,2030,294123,276355,570478
17,2030,294561,276410,570971
18,2030,295789,276733,572522
19,2030,296731,278188,574919
20,2030,296795,278225,575020
21,2030,296833,278284,575117
22,2030,296862,278532,575394
23,2030,296890,278545,575435
24,2030,296890,278545,575435
25,2030,296890,278545,575435
26,2030,296890,278545,575435
27,2030,296890,278545,575435
28,2030,296890,278545,575435
29,2030,296890,278545,575435
30,2030,296890,278545,575435
31,2030,296890,278545,575435
32,2030,296890,278545,575435
33,2030,296890,278545,575435
34,2030,296890,278545,575435
35,2030,296890,278545,575435
36,2030,296890,278545,575435
37,2030,296890,278545,575435
38,2030,296890,278545,575435
39,2030,296890,278545,575435
40,2030,296890,278545,575435
41,2030,296890,278545,575435
42,2030,296890,278545,575435
43,2030,296890,278545,575435
44,2030,296890,278545,575435
45,2030,296890,278545,575435
46,2030,296881,278545,575426
47,2030,296873,278545,575418
48,2030,296873,278545,575418
49,2030,296873,278545,575418
50,2030,296873,278545,575418
51,2030,296873,278595,575468
52,2030,296873,278595,575468
53,2030,296873,278595,575468
54,2030,296873,278595,575468
55,2030,296873,278595,575468
56,2030,296873,278595,575468
57,2030,296873,278595,575468
58,2030,296873,278595,575468
59,2030,296873,278595,575468
60,2030,296873,278595,575468
61,2030,296873,278595,575468
62,2030,296873,278595,575468
63,2030,296873,278595,575468
64,2030,296825,278595,575420
65,2030,296825,278595,575420
66,2030,296738,278595,575333
67,2030,296738,278595,575333
68,2030,296472,278595,575067
69,2030,296377,278595,574972
70,2030,296237,278595,574832
71,2030,295800,278595,574395
72,2030,295800,278595,574395
73,2030,295461,278595,574056
74,2030,295423,278595,574018
75,2030,295423,278595,574018
76,2030,295423,278595,574018
77,2030,295423,278595,574018
78,2030,295423,279554,574977
79,2030,295423,279363,574786
80,2030,295423,279614,575037
81,2030,295423,279743,575166
82,2030,295423,279743,575166
83,2030,295423,279743,575166
84,2030,295423,279743,575166
85,2030,295423,279743,575166
86,2030,295423,279743,575166
87,2030,295423,279743,575166
88,2030,295423,279743,575166
89,2030,295423,279743,575166
90,2030,295423,279743,575166
91,2030,295423,279743,575166
92,2030,295423,279743,575166
93,2030,295423,279743,575166
94,2030,295423,279743,575166
95,2030,295423,279743,575166
96,2030,295423,279743,575166
97,2030,295423,279743,575166
98,2030,295423,279743,575166
99,2030,295423,279743,575166
100,2030,295423,279743,575166
0,2030,292266,275259,567525
1,2030,292266,275259,567525
2,2030,292259,275259,567518
3,2030,292436,275274,567710
4,2030,292615,275193,567808
5,2030,292741,275299,568040
6,2030,292868,275406,568274
7,2030,292842,275390,568232
8,2030,292820,275364,568184
9,2030,292815,275344,568159
10,2030,292810,275474,568284
11,2030,292862,275699,568561
12,2030,293184,275754,568938
13,2030,293704,275708,569412
14,2030,293937,275800,569737
15,2030,294124,275792,569916
16,2030,294466,275859,570325
17,2030,295672,275850,571522
18,2030,297964,276497,574461
19,2030,298821,278322,577143
20,2030,299958,278491,578449
21,2030,300126,278538,578664
22,2030,300128,279006,579134
23,2030,300136,279020,579156
24,2030,300136,279020,579156
25,2030,300136,279020,579156
26,2030,300136,279020,579156
27,2030,300136,279020,579156
28,2030,300136,279020,579156
29,2030,300136,279020,579156
30,2030,300136,279020,579156
31,2030,300136,279020,579156
32,2030,300136,279020,579156
33,2030,300136,279020,579156
34,2030,300136,279020,579156
35,2030,300136,279020,579156
36,2030,300136,279020,579156
37,2030,300136,279020,579156
38,2030,300136,279020,579156
39,2030,300136,279020,579156
40,2030,300136,279020,579156
41,2030,300136,279020,579156
42,2030,300136,279020,579156
43,2030,300136,279020,579156
44,2030,300538,279020,579558
45,2030,300538,279020,579558
46,2030,300536,279020,579556
47,2030,300528,279020,579548
48,2030,300528,279020,579548
49,2030,300528,279020,579548
50,2030,300528,279020,579548
51,2030,300528,279059,579587
52,2030,300528,279059,579587
53,2030,300528,279059,579587
54,2030,300528,279059,579587
55,2030,300528,279059,579587
56,2030,300528,279059,579587
57,2030,300528,279059,579587
58,2030,300528,279059,579587
59,2030,300528,279059,579587
60,2030,300528,279059,579587
61,2030,300528,279059,579587
62,2030,300528,279059,579587
63,2030,300528,279059,579587
64,2030,300557,279059,579616
65,2030,300557,279059,579616
66,2030,300066,279059,579125
67,2030,300008,279059,579067
68,2030,299613,279059,578672
69,2030,299663,279059,578722
70,2030,299415,279037,578452
71,2030,298888,279037,577925
72,2030,298782,279037,577819
73,2030,298283,278963,577246
74,2030,298238,278963,577201
75,2030,298238,278963,577201
76,2030,298238,278963,577201
77,2030,298238,278963,577201
78,2030,298344,280269,578613
79,2030,298259,280078,578337
80,2030,298344,280826,579170
81,2030,298338,280568,578906
82,2030,298338,280568,578906
83,2030,298338,280568,578906
84,2030,298338,280568,578906
85,2030,298338,280568,578906
86,2030,298338,280568,578906
87,2030,298338,280568,578906
88,2030,298338,280568,578906
89,2030,298338,280568,578906
90,2030,298338,280568,578906
91,2030,298338,280568,578906
92,2030,298338,280568,578906
93,2030,298338,280568,578906
94,2030,298338,280568,578906
95,2030,298338,280568,578906
96,2030,298338,280568,578906
97,2030,298338,280568,578906
98,2030,298338,280568,578906
99,2030,298338,280568,578906
100,2030,298338,280568,578906
0,2030,292274,275413,567687
1,2030,292274,275413,567687
2,2030,292266,275413,567679
3,2030,292417,275347,567764
4,2030,292716,275394,568110
5,2030,292856,275450,568306
6,2030,292910,275526,568436
7,2030,292866,275510,568376
8,2030,292838,275471,568309
9,2030,292865,275477,568342
10,2030,292819,275561,568380
11,2030,292909,275804,568713
12,2030,293366,276259,569625
13,2030,294527,276216,570743
14,2030,294776,276418,571194
15,2030,295034,276413,571447
16,2030,296135,276482,572617
17,2030,297419,276524,573943
18,2030,299982,276890,576872
19,2030,300697,278092,578789
20,2030,300794,278561,579355
21,2030,301474,278636,580110
22,2030,301310,278941,580251
23,2030,301326,278955,580281
24,2030,301326,278955,580281
25,2030,301326,278955,580281
26,2030,301326,278955,580281
27,2030,301326,278955,580281
28,2030,301326,278955,580281
29,2030,301326,278955,580281
30,2030,301326,278955,580281
31,2030,301326,278955,580281
32,2030,301326,278955,580281
33,2030,301326,278955,580281
34,2030,301326,278955,580281
35,2030,301326,278955,580281
36,2030,301326,278955,580281
37,2030,301326,278955,580281
38,2030,301326,278955,580281
39,2030,301326,278955,580281
40,2030,301326,278955,580281
41,2030,301326,278955,580281
42,2030,301326,278955,580281
43,2030,301333,278955,580288
44,2030,303077,279111,582188
45,2030,303077,279111,582188
46,2030,302118,279111,581229
47,2030,302109,279111,581220
48,2030,302109,279111,581220
49,2030,302109,279111,581220
50,2030,302109,279111,581220
51,2030,302109,279149,581258
52,2030,302109,279149,581258
53,2030,302109,279149,581258
54,2030,302109,279149,581258
55,2030,302109,279149,581258
56,2030,302109,279149,581258
57,2030,302109,279149,581258
58,2030,302109,279149,581258
59,2030,302109,279149,581258
60,2030,302109,279149,581258
61,2030,302109,279149,581258
62,2030,302109,279149,581258
63,2030,302109,279149,581258
64,2030,303056,279149,582205
65,2030,303056,279149,582205
66,2030,301751,278994,580745
67,2030,301764,278926,580690
68,2030,301625,278926,580551
69,2030,301693,278926,580619
70,2030,301698,278926,580624
71,2030,302699,279051,581750
72,2030,302614,279051,581665
73,2030,301717,279129,580846
74,2030,301717,279129,580846
75,2030,301717,279129,580846
76,2030,301717,279129,580846
77,2030,301717,279129,580846
78,2030,301618,283834,585452
79,2030,301588,283520,585108
80,2030,301523,283856,585379
81,2030,301545,283856,585401
82,2030,301545,283856,585401
83,2030,301545,283856,585401
84,2030,301545,283856,585401
85,2030,301545,283856,585401
86,2030,301545,283856,585401
87,2030,301545,283856,585401
88,2030,301545,283856,585401
89,2030,301545,283856,585401
90,2030,301545,283856,585401
91,2030,301545,283856,585401
92,2030,301545,283856,585401
93,2030,301545,283856,585401
94,2030,301545,283856,585401
95,2030,301545,283856,585401
96,2030,301545,283856,585401
97,2030,301545,283856,585401
98,2030,301545,283856,585401
99,2030,301545,283856,585401
100,2030,301545,283856,585401
0,2030,292099,274901,567000
1,2030,292099,274901,567000
2,2030,292091,274901,566992
3,2030,292300,274901,567201
4,2030,292463,274931,567394
5,2030,292518,274983,567501
6,2030,292615,275035,567650
7,2030,292607,275057,567664
8,2030,292601,275043,567644
9,2030,292574,275024,567598
10,2030,292549,275055,567604
11,2030,292624,275339,567963
12,2030,293047,275490,568537
13,2030,294584,275590,570174
14,2030,295239,275679,570918
15,2030,297561,275661,573222
16,2030,296031,275360,571391
17,2030,298511,275281,573792
18,2030,300960,276311,577271
19,2030,318140,278178,596318
20,2030,318570,278704,597274
21,2030,307169,279147,586316
22,2030,306963,279195,586158
23,2030,307025,279209,586234
24,2030,307025,279209,586234
25,2030,307025,279209,586234
26,2030,307025,279209,586234
27,2030,307025,279209,586234
28,2030,307025,279209,586234
29,2030,307025,279209,586234
30,2030,307025,279209,586234
31,2030,307025,279209,586234
32,2030,307025,279209,586234
33,2030,307025,279209,586234
34,2030,307025,279209,586234
35,2030,307025,279209,586234
36,2030,307025,279209,586234
37,2030,307025,279209,586234
38,2030,307025,279209,586234
39,2030,307025,279209,586234
40,2030,307025,279209,586234
41,2030,307025,279209,586234
42,2030,307025,279209,586234
43,2030,307025,279209,586234
44,2030,309401,279433,588834
45,2030,309401,279433,588834
46,2030,308138,279364,587502
47,2030,308207,279364,587571
48,2030,308207,279364,587571
49,2030,308207,279364,587571
50,2030,308207,279364,587571
51,2030,308198,279402,587600
52,2030,308198,279402,587600
53,2030,308198,279402,587600
54,2030,308198,279402,587600
55,2030,308198,279402,587600
56,2030,308198,279402,587600
57,2030,308198,279402,587600
58,2030,308198,279402,587600
59,2030,308198,279402,587600
60,2030,308198,279402,587600
61,2030,308198,279402,587600
62,2030,308198,279402,587600
63,2030,308198,279402,587600
64,2030,309449,279472,588921
65,2030,309538,279472,589010
66,2030,307947,279400,587347
67,2030,308227,279400,587627
68,2030,307618,279138,586756
69,2030,307735,279232,586967
70,2030,307742,279123,586865
71,2030,309127,279187,588314
72,2030,308751,279129,587880
73,2030,307179,279129,586308
74,2030,307179,279129,586308
75,2030,307179,279129,586308
76,2030,307179,279129,586308
77,2030,307179,279129,586308
78,2030,306934,286413,593347
79,2030,306862,284996,591858
80,2030,306855,286432,593287
81,2030,306855,286432,593287
82,2030,306855,286432,593287
83,2030,306855,286432,593287
84,2030,306855,286432,593287
85,2030,306855,286432,593287
86,2030,306855,286432,593287
87,2030,306855,286432,593287
88,2030,306855,286432,593287
89,2030,306855,286432,593287
90,2030,306855,286432,593287
91,2030,306855,286432,593287
92,2030,306855,286432,593287
93,2030,306855,286432,593287
94,2030,306855,286432,593287
95,2030,306855,286432,593287
96,2030,306855,286432,593287
97,2030,306855,286432,593287
98,2030,306855,286432,593287
99,2030,306855,286432,593287
100,2030,306855,286432,593287
0,2030,292414,276267,568681
1,2030,292414,276267,568681
2,2030,292410,276267,568677
3,2030,292524,276267,568791
4,2030,292770,276374,569144
5,2030,292782,276405,569187
6,2030,292777,275836,568613
7,2030,292789,275833,568622
8,2030,292809,276105,568914
9,2030,292817,276218,569035
10,2030,292752,276008,568760
11,2030,292786,276013,568799
12,2030,292637,275836,568473
13,2030,294207,275567,569774
14,2030,297544,275452,572996
15,2030,296712,275491,572203
16,2030,295873,275344,571217
17,2030,298696,275638,574334
18,2030,308040,277244,585284
19,2030,310244,279250,589494
20,2030,310992,279343,590335
21,2030,309447,279369,588816
22,2030,309498,279517,589015
23,2030,309548,279517,589065
24,2030,309548,279517,589065
25,2030,309548,279517,589065
26,2030,309548,279517,589065
27,2030,309548,279517,589065
28,2030,309548,279517,589065
29,2030,309548,279517,589065
30,2030,309548,279517,589065
31,2030,309548,279517,589065
32,2030,309548,279517,589065
33,2030,309548,279517,589065
34,2030,309548,279517,589065
35,2030,309548,279517,589065
36,2030,309548,279517,589065
37,2030,309933,279517,589450
38,2030,309933,279517,589450
39,2030,309933,279517,589450
40,2030,309933,279517,589450
41,2030,309933,279517,589450
42,2030,309933,279517,589450
43,2030,309933,279517,589450
44,2030,311218,279445,590663
45,2030,311218,279445,590663
46,2030,311078,279485,590563
47,2030,311078,279485,590563
48,2030,311078,279485,590563
49,2030,311078,279485,590563
50,2030,311078,279485,590563
51,2030,311087,279523,590610
52,2030,311087,279523,590610
53,2030,311087,279523,590610
54,2030,311087,279523,590610
55,2030,311087,279523,590610
56,2030,311087,279523,590610
57,2030,311087,279523,590610
58,2030,311087,279523,590610
59,2030,311087,279523,590610
60,2030,311087,279523,590610
61,2030,311087,279523,590610
62,2030,311087,279523,590610
63,2030,311197,279523,590720
64,2030,311402,279483,590885
65,2030,311494,279483,590977
66,2030,311142,279522,590664
67,2030,311181,279522,590703
68,2030,310276,279498,589774
69,2030,310326,279498,589824
70,2030,310257,279585,589842
71,2030,310672,279598,590270
72,2030,310683,279572,590255
73,2030,309854,279579,589433
74,2030,309854,279579,589433
75,2030,309854,279579,589433
76,2030,309854,279579,589433
77,2030,309854,279579,589433
78,2030,309223,297053,606276
79,2030,309182,295170,604352
80,2030,309215,297002,606217
81,2030,309223,297359,606582
82,2030,309223,297359,606582
83,2030,309223,297359,606582
84,2030,309223,297359,606582
85,2030,309223,297359,606582
86,2030,309223,297359,606582
87,2030,309223,297359,606582
88,2030,309223,297359,606582
89,2030,309223,297359,606582
90,2030,309223,297359,606582
91,2030,309223,297359,606582
92,2030,309223,297359,606582
93,2030,309223,297359,606582
94,2030,309223,297359,606582
95,2030,309223,297359,606582
96,2030,309223,297359,606582
97,2030,309223,297359,606582
98,2030,309223,297359,606582
99,2030,309223,297359,606582
100,2030,309223,297359,606582
0,2030,290839,275033,565872
1,2030,290839,275033,565872
2,2030,290835,275033,565868
3,2030,290937,275233,566170
4,2030,291005,274937,565942
5,2030,291046,275155,566201
6,2030,292232,276240,568472
7,2030,292199,276233,568432
8,2030,291249,275661,566910
9,2030,291199,275601,566800
10,2030,292123,276191,568314
11,2030,292361,276048,568409
12,2030,293171,276060,569231
13,2030,294126,275531,569657
14,2030,296668,275937,572605
15,2030,295244,275388,570632
16,2030,296127,275713,571840
17,2030,298662,276231,574893
18,2030,305162,277907,583069
19,2030,309543,280666,590209
20,2030,310358,280573,590931
21,2030,310236,280007,590243
22,2030,310517,280086,590603
23,2030,310504,280086,590590
24,2030,310504,280086,590590
25,2030,310504,280086,590590
26,2030,310504,280086,590590
27,2030,310504,280086,590590
28,2030,310504,280086,590590
29,2030,310504,280086,590590
30,2030,310504,280086,590590
31,2030,310504,280086,590590
32,2030,310504,280086,590590
33,2030,310504,280086,590590
34,2030,310504,280086,590590
35,2030,310504,280086,590590
36,2030,310504,280086,590590
37,2030,310568,280086,590654
38,2030,310568,280086,590654
39,2030,310568,280086,590654
40,2030,310568,280086,590654
41,2030,310949,280086,591035
42,2030,310949,280086,591035
43,2030,310949,280086,591035
44,2030,311212,280770,591982
45,2030,311212,280770,591982
46,2030,311402,280718,592120
47,2030,311402,280718,592120
48,2030,311402,280718,592120
49,2030,311402,280718,592120
50,2030,311402,280718,592120
51,2030,311402,280757,592159
52,2030,311402,280757,592159
53,2030,311402,280757,592159
54,2030,311402,280757,592159
55,2030,311402,280757,592159
56,2030,311402,280757,592159
57,2030,311402,280757,592159
58,2030,311402,280757,592159
59,2030,311402,280757,592159
60,2030,311402,280757,592159
61,2030,311402,280757,592159
62,2030,311402,280757,592159
63,2030,311500,280757,592257
64,2030,311363,280826,592189
65,2030,311724,280826,592550
66,2030,311611,280757,592368
67,2030,311478,280757,592235
68,2030,311136,280282,591418
69,2030,311224,280386,591610
70,2030,311089,280359,591448
71,2030,311023,280782,591805
72,2030,311415,280757,592172
73,2030,310475,280113,590588
74,2030,310475,280113,590588
75,2030,310475,280113,590588
76,2030,310475,280113,590588
77,2030,310475,280113,590588
78,2030,312080,301426,613506
79,2030,311717,300216,611933
80,2030,312078,301550,613628
81,2030,312097,305369,617466
82,2030,312097,305369,617466
83,2030,312097,305369,617466
84,2030,312097,305369,617466
85,2030,312097,305369,617466
86,2030,312097,305369,617466
87,2030,312097,305369,617466
88,2030,312097,305369,617466
89,2030,312097,305369,617466
90,2030,312097,305369,617466
91,2030,312097,305369,617466
92,2030,312097,305369,617466
93,2030,312097,305369,617466
94,2030,312097,305369,617466
95,2030,312097,305369,617466
96,2030,312097,305369,617466
97,2030,312097,305369,617466
98,2030,312097,305369,617466
99,2030,312097,305369,617466
100,2030,312097,305369,617466
0,2030,270430,252678,523108
1,2030,270430,252678,523108
2,2030,270430,252678,523108
3,2030,269224,252585,521809
4,2030,269238,252439,521677
5,2030,269238,252282,521520
6,2030,269246,252304,521550
7,2030,269257,252626,521883
8,2030,269370,252710,522080
9,2030,278268,266753,545021
10,2030,291146,275616,566762
11,2030,292016,276074,568090
12,2030,277457,264681,542138
13,2030,294228,276032,570260
14,2030,279847,264867,544714
15,2030,279984,265488,545472
16,2030,296037,275946,571983
17,2030,314386,306939,621325
18,2030,315201,306578,621779
19,2030,317382,302247,619629
20,2030,316768,303315,620083
21,2030,316033,307088,623121
22,2030,316397,307042,623439
23,2030,317278,308660,625938
24,2030,328575,310432,639007
25,2030,357224,378168,735392
26,2030,438084,448879,886963
27,2030,440533,451429,891962
28,2030,440676,451864,892540
29,2030,440676,451864,892540
30,2030,440921,452136,893057
31,2030,441430,455630,897060
32,2030,444387,457393,901780
33,2030,445426,458710,904136
34,2030,473861,465632,939493
35,2030,478055,465595,943650
36,2030,478623,469676,948299
37,2030,479842,470591,950433
38,2030,452649,465543,918192
39,2030,445102,459986,905088
40,2030,445022,459986,905008
41,2030,444450,459986,904436
42,2030,440076,457298,897374
43,2030,360226,378935,739161
44,2030,360008,379111,739119
45,2030,360008,379111,739119
46,2030,357260,378690,735950
47,2030,357183,378690,735873
48,2030,357183,378690,735873
49,2030,357183,378690,735873
50,2030,357183,378690,735873
51,2030,357196,378690,735886
52,2030,357144,378690,735834
53,2030,360467,379111,739578
54,2030,360046,379111,739157
55,2030,360467,379111,739578
56,2030,323135,310530,633665
57,2030,323075,310759,633834
58,2030,323156,310530,633686
59,2030,322899,310530,633429
60,2030,323028,310530,633558
61,2030,337618,371881,709499
62,2030,338156,371881,710037
63,2030,332786,369508,702294
64,2030,320727,310568,631295
65,2030,318863,310607,629470
66,2030,322610,310503,633113
67,2030,289273,310269,599542
68,2030,283374,310269,593643
69,2030,270598,310022,580620
70,2030,271154,309787,580941
71,2030,269426,310098,579524
72,2030,268938,308510,577448
73,2030,268581,305729,574310
74,2030,267861,304836,572697
75,2030,266362,304344,570706
76,2030,265674,305679,571353
77,2030,270957,278423,549380
78,2030,275127,283435,558562
79,2030,271544,247181,518725
80,2030,272451,248885,521336
81,2030,272393,232987,505380
82,2030,272809,201074,473883
83,2030,272809,201074,473883
84,2030,272809,200883,473692
85,2030,272809,202381,475190
86,2030,272809,195858,468667
87,2030,272809,193540,466349
88,2030,272809,193540,466349
89,2030,272809,193540,466349
90,2030,272809,193540,466349
91,2030,272809,193540,466349
92,2030,272809,193540,466349
93,2030,272809,193540,466349
94,2030,272809,193540,466349
95,2030,272809,193540,466349
96,2030,272809,193540,466349
97,2030,272809,193540,466349
98,2030,272809,193540,466349
99,2030,272809,193540,466349
100,2030,272809,193540,466349
0,2030,267552,248828,516380
1,2030,266654,245461,512115
2,2030,266654,245461,512115
3,2030,265789,245803,511592
4,2030,265872,245773,511645
5,2030,265873,245922,511795
6,2030,265764,246124,511888
7,2030,265974,245576,511550
8,2030,266107,245719,511826
9,2030,271776,268536,540312
10,2030,290197,274843,565040
11,2030,292041,275661,567702
12,2030,291787,276227,568014
13,2030,294130,275722,569852
14,2030,292611,275563,568174
15,2030,283055,273276,556331
16,2030,278417,265131,543548
17,2030,296509,302320,598829
18,2030,316369,308078,624447
19,2030,318196,302979,621175
20,2030,318549,305589,624138
21,2030,317074,302049,619123
22,2030,317340,301410,618750
23,2030,318561,306868,625429
24,2030,322495,308935,631430
25,2030,361709,380434,742143
26,2030,377533,403013,780546
27,2030,425817,415146,840963
28,2030,447328,460312,907640
29,2030,456244,460261,916505
30,2030,458174,461170,919344
31,2030,464940,460195,925135
32,2030,459441,460505,919946
33,2030,475811,465104,940915
34,2030,475089,462104,937193
35,2030,476521,465929,942450
36,2030,478393,472149,950542
37,2030,479007,472692,951699
38,2030,481422,473951,955373
39,2030,482626,472894,955520
40,2030,483758,477926,961684
41,2030,483343,480957,964300
42,2030,463663,477992,941655
43,2030,444022,459986,904008
44,2030,399352,408756,808108
45,2030,369819,389100,758919
46,2030,362450,380829,743279
47,2030,362016,380983,742999
48,2030,362016,380983,742999
49,2030,362016,381002,743018
50,2030,362016,381002,743018
51,2030,362016,381002,743018
52,2030,362016,381002,743018
53,2030,362381,381512,743893
54,2030,427119,440194,867313
55,2030,381910,406074,787984
56,2030,359981,378503,738484
57,2030,324394,316053,640447
58,2030,323971,312378,636349
59,2030,318362,312745,631107
60,2030,318468,312745,631213
61,2030,306073,313745,619818
62,2030,331346,370570,701916
63,2030,349546,376849,726395
64,2030,324643,347019,671662
65,2030,318562,320303,638865
66,2030,283807,312901,596708
67,2030,318262,313459,631721
68,2030,283833,313647,597480
69,2030,269265,315306,584571
70,2030,269053,315098,584151
71,2030,267081,310788,577869
72,2030,266744,309059,575803
73,2030,267296,309874,577170
74,2030,265624,305933,571557
75,2030,263091,304842,567933
76,2030,266253,305251,571504
77,2030,269115,303647,572762
78,2030,285835,299867,585702
79,2030,280630,244947,525577
80,2030,280679,245046,525725
81,2030,282555,227544,510099
82,2030,274915,202537,477452
83,2030,274915,200366,475281
84,2030,274915,200366,475281
85,2030,274915,201566,476481
86,2030,274915,195243,470158
87,2030,274915,192754,467669
88,2030,274915,192754,467669
89,2030,274915,192754,467669
90,2030,274945,192754,467699
91,2030,268113,192754,460867
92,2030,268113,192754,460867
93,2030,268113,192754,460867
94,2030,268113,192754,460867
95,2030,268113,192754,460867
96,2030,268113,192754,460867
97,2030,268113,192754,460867
98,2030,268113,192754,460867
99,2030,268113,192754,460867
100,2030,268113,192754,460867
0,2030,284774,273263,558037
1,2030,266935,251642,518577
2,2030,264209,243951,508160
3,2030,276097,245533,521630
4,2030,265954,245533,511487
5,2030,275994,244739,520733
6,2030,265661,245012,510673
7,2030,275713,244932,520645
8,2030,266077,244932,511009
9,2030,266931,253551,520482
10,2030,271500,251258,522758
11,2030,279170,264941,544111
12,2030,293569,278989,572558
13,2030,294107,276040,570147
14,2030,296369,278500,574869
15,2030,293935,277834,571769
16,2030,283186,273425,556611
17,2030,293040,268086,561126
18,2030,307806,317152,624958
19,2030,316106,300967,617073
20,2030,318009,301025,619034
21,2030,316585,301339,617924
22,2030,316603,301499,618102
23,2030,316835,306074,622909
24,2030,319037,306545,625582
25,2030,311149,316648,627797
26,2030,359583,371201,730784
27,2030,361130,371488,732618
28,2030,361177,372194,733371
29,2030,478695,466769,945464
30,2030,473532,466477,940009
31,2030,478657,465488,944145
32,2030,478751,464453,943204
33,2030,478511,465500,944011
34,2030,473028,464301,937329
35,2030,478081,466532,944613
36,2030,481711,470803,952514
37,2030,481745,471915,953660
38,2030,485688,475710,961398
39,2030,485597,475510,961107
40,2030,488740,480089,968829
41,2030,488741,482371,971112
42,2030,488672,487748,976420
43,2030,485101,484155,969256
44,2030,445468,461056,906524
45,2030,424334,426872,851206
46,2030,367720,386324,754044
47,2030,354509,370526,725035
48,2030,350694,370057,720751
49,2030,345820,367667,713487
50,2030,345619,367667,713286
51,2030,337872,362569,700441
52,2030,321184,347368,668552
53,2030,319878,347158,667036
54,2030,357900,371911,729811
55,2030,358111,371954,730065
56,2030,362482,382674,745156
57,2030,358189,378488,736677
58,2030,325726,311681,637407
59,2030,317472,311856,629328
60,2030,318128,313446,631574
61,2030,313125,320181,633306
62,2030,312803,335600,648403
63,2030,307041,320585,627626
64,2030,332156,367583,699739
65,2030,324989,335385,660374
66,2030,317551,316427,633978
67,2030,284667,315272,599939
68,2030,308031,316537,624568
69,2030,269162,319364,588526
70,2030,267554,314848,582402
71,2030,267464,311358,578822
72,2030,267288,315711,582999
73,2030,269041,318757,587798
74,2030,266669,305612,572281
75,2030,258109,304268,562377
76,2030,258869,304270,563139
77,2030,262284,304980,567264
78,2030,263789,308922,572711
79,2030,270460,245644,516104
80,2030,270227,245336,515563
81,2030,258650,237281,495931
82,2030,256518,226454,482972
83,2030,256369,200810,457179
84,2030,256369,200810,457179
85,2030,256329,201929,458258
86,2030,256369,195188,451557
87,2030,256369,192711,449080
88,2030,256329,192711,449040
89,2030,256329,192711,449040
90,2030,256369,192674,449043
91,2030,254297,192674,446971
92,2030,254297,192674,446971
93,2030,254297,192674,446971
94,2030,254297,192674,446971
95,2030,254297,192674,446971
96,2030,254297,192674,446971
97,2030,254297,192674,446971
98,2030,254297,192674,446971
99,2030,254297,192674,446971
100,2030,254297,192674,446971
0,2030,280477,267842,548319
1,2030,282969,268527,551496
2,2030,263967,257652,521619
3,2030,274579,257726,532305
4,2030,281022,259975,540997
5,2030,274778,257048,531826
6,2030,264226,245158,509384
7,2030,264184,245177,509361
8,2030,254803,245188,499991
9,2030,258388,244090,502478
10,2030,267088,248025,515113
11,2030,281721,269761,551482
12,2030,284905,271442,556347
13,2030,293949,275701,569650
14,2030,292917,274582,567499
15,2030,298603,280617,579220
16,2030,295846,283613,579459
17,2030,285819,273177,558996
18,2030,308996,296979,605975
19,2030,316793,305322,622115
20,2030,318345,307195,625540
21,2030,314196,300247,614443
22,2030,314994,303264,618258
23,2030,318110,304011,622121
24,2030,319365,309435,628800
25,2030,322000,325721,647721
26,2030,327794,365825,693619
27,2030,339849,369043,708892
28,2030,355350,374767,730117
29,2030,374163,377855,752018
30,2030,473860,462707,936567
31,2030,473719,459867,933586
32,2030,442487,453204,895691
33,2030,471169,462486,933655
34,2030,439421,447451,886872
35,2030,437546,441186,878732
36,2030,469395,468053,937448
37,2030,469655,468984,938639
38,2030,482031,475405,957436
39,2030,483821,474564,958385
40,2030,487281,481556,968837
41,2030,487211,484539,971750
42,2030,487681,486400,974081
43,2030,488693,489544,978237
44,2030,486172,484642,970814
45,2030,475373,481617,956990
46,2030,406625,412629,819254
47,2030,372971,391548,764519
48,2030,372567,390998,763565
49,2030,367142,389721,756863
50,2030,341453,372582,714035
51,2030,343513,371162,714675
52,2030,336650,369438,706088
53,2030,344135,370657,714792
54,2030,322822,366163,688985
55,2030,333441,369840,703281
56,2030,341629,362692,704321
57,2030,364912,384728,749640
58,2030,359753,377353,737106
59,2030,326285,313107,639392
60,2030,325607,312731,638338
61,2030,324183,319900,644083
62,2030,318668,322758,641426
63,2030,326030,322873,648903
64,2030,314859,332939,647798
65,2030,309735,313993,623728
66,2030,328291,313066,641357
67,2030,318634,321443,640077
68,2030,284463,313667,598130
69,2030,285653,316066,601719
70,2030,268654,313514,582168
71,2030,266657,315725,582382
72,2030,266426,312973,579399
73,2030,277338,312811,590149
74,2030,259476,307736,567212
75,2030,260189,304586,564775
76,2030,256884,306196,563080
77,2030,252644,302946,555590
78,2030,253228,303610,556838
79,2030,235900,246077,481977
80,2030,235164,245839,481003
81,2030,227028,237105,464133
82,2030,218994,226110,445104
83,2030,217807,203644,421451
84,2030,217760,200903,418663
85,2030,217760,201818,419578
86,2030,216626,195188,411814
87,2030,216626,192646,409272
88,2030,216626,192646,409272
89,2030,216626,192646,409272
90,2030,216626,192581,409207
91,2030,216614,192581,409195
92,2030,216614,192581,409195
93,2030,216079,192581,408660
94,2030,216079,192581,408660
95,2030,216079,192581,408660
96,2030,216079,192581,408660
97,2030,216079,192581,408660
98,2030,216079,192581,408660
99,2030,216079,192581,408660
100,2030,216079,192581,408660
0,2030,280354,268945,549299
1,2030,279732,268813,548545
2,2030,282423,268122,550545
3,2030,282284,268122,550406
4,2030,273325,268646,541971
5,2030,282276,268011,550287
6,2030,281508,268543,550051
7,2030,271247,260473,531720
8,2030,270198,255978,526176
9,2030,271574,261930,533504
10,2030,266001,257371,523372
11,2030,282497,270903,553400
12,2030,277183,257529,534712
13,2030,293555,275611,569166
14,2030,295827,276297,572124
15,2030,297359,274224,571583
16,2030,310599,281154,591753
17,2030,307051,295467,602518
18,2030,304894,277269,582163
19,2030,310440,320843,631283
20,2030,317594,305979,623573
21,2030,312179,295278,607457
22,2030,311405,295601,607006
23,2030,319633,304757,624390
24,2030,322082,313241,635323
25,2030,326294,315230,641524
26,2030,332178,323038,655216
27,2030,339202,333744,672946
28,2030,344873,340511,685384
29,2030,360653,356474,717127
30,2030,368341,363527,731868
31,2030,389223,388336,777559
32,2030,411359,405700,817059
33,2030,388777,388681,777458
34,2030,403707,403010,806717
35,2030,469289,466779,936068
36,2030,466356,468151,934507
37,2030,466917,468164,935081
38,2030,472268,471186,943454
39,2030,472551,471874,944425
40,2030,478868,479555,958423
41,2030,479429,484295,963724
42,2030,484619,488535,973154
43,2030,487379,489404,976783
44,2030,488755,490471,979226
45,2030,486309,484560,970869
46,2030,467255,478034,945289
47,2030,439634,457298,896932
48,2030,411407,413520,824927
49,2030,409004,413163,822167
50,2030,389022,398545,787567
51,2030,389090,398225,787315
52,2030,388481,398125,786606
53,2030,365589,392857,758446
54,2030,369378,386891,756269
55,2030,352058,381257,733315
56,2030,330502,370647,701149
57,2030,334996,360271,695267
58,2030,374597,391297,765894
59,2030,372305,390224,762529
60,2030,360366,381280,741646
61,2030,327990,313155,641145
62,2030,332121,315821,647942
63,2030,332763,315956,648719
64,2030,327092,325985,653077
65,2030,316815,329173,645988
66,2030,318154,347229,665383
67,2030,325167,344187,669354
68,2030,319631,341155,660786
69,2030,282791,326729,609520
70,2030,268604,338550,607154
71,2030,267293,337902,605195
72,2030,269401,332998,602399
73,2030,268863,335360,604223
74,2030,266174,330351,596525
75,2030,260535,323585,584120
76,2030,260138,322771,582909
77,2030,251831,311778,563609
78,2030,249262,307396,556658
79,2030,229977,260395,490372
80,2030,226846,255305,482151
81,2030,222142,238380,460522
82,2030,215500,227933,443433
83,2030,214378,217578,431956
84,2030,214151,200907,415058
85,2030,214182,201757,415939
86,2030,214727,195188,409915
87,2030,214700,192609,407309
88,2030,214700,192609,407309
89,2030,214700,192646,407346
90,2030,214700,192646,407346
91,2030,214614,192646,407260
92,2030,214614,192609,407223
93,2030,214614,192609,407223
94,2030,214614,192609,407223
95,2030,214614,192609,407223
96,2030,214614,192609,407223
97,2030,214614,192609,407223
98,2030,214614,192609,407223
99,2030,214614,192609,407223
100,2030,214614,192609,407223
0,2030,283651,274029,557680
1,2030,280700,268710,549410
2,2030,280253,268159,548412
3,2030,280244,268159,548403
4,2030,280759,269191,549950
5,2030,279932,268309,548241
6,2030,279624,268135,547759
7,2030,281071,268245,549316
8,2030,282275,268178,550453
9,2030,271376,261613,532989
10,2030,282998,269168,552166
11,2030,266587,252848,519435
12,2030,283072,271742,554814
13,2030,272609,263957,536566
14,2030,293826,275539,569365
15,2030,293553,274154,567707
16,2030,314026,320029,634055
17,2030,299032,289067,588099
18,2030,303681,304819,608500
19,2030,309218,312720,621938
20,2030,317842,311632,629474
21,2030,316720,303876,620596
22,2030,317992,299824,617816
23,2030,319574,301921,621495
24,2030,322441,315603,638044
25,2030,322698,319547,642245
26,2030,329056,320944,650000
27,2030,332045,325515,657560
28,2030,342570,336512,679082
29,2030,346932,341190,688122
30,2030,359909,357914,717823
31,2030,370925,367329,738254
32,2030,390864,389657,780521
33,2030,412125,419096,831221
34,2030,391040,402545,793585
35,2030,435289,435011,870300
36,2030,407003,405438,812441
37,2030,462948,465666,928614
38,2030,469858,469206,939064
39,2030,470290,469198,939488
40,2030,477233,477843,955076
41,2030,477975,483335,961310
42,2030,479826,487357,967183
43,2030,480137,491022,971159
44,2030,487793,494545,982338
45,2030,489961,492988,982949
46,2030,486884,486267,973151
47,2030,482134,482379,964513
48,2030,444484,460023,904507
49,2030,430147,443637,873784
50,2030,419778,425989,845767
51,2030,419458,426002,845460
52,2030,410327,421415,831742
53,2030,392350,400368,792718
54,2030,368075,371499,739574
55,2030,368622,373325,741947
56,2030,339212,379280,718492
57,2030,323754,366489,690243
58,2030,341542,363877,705419
59,2030,375404,399001,774405
60,2030,372154,391636,763790
61,2030,360632,380364,740996
62,2030,329646,311743,641389
63,2030,329470,312999,642469
64,2030,332426,314949,647375
65,2030,313143,318260,631403
66,2030,304042,322161,626203
67,2030,324336,337322,661658
68,2030,310664,340562,651226
69,2030,303473,350309,653782
70,2030,271231,324125,595356
71,2030,269336,322151,591487
72,2030,269499,323201,592700
73,2030,269378,322676,592054
74,2030,264223,318955,583178
75,2030,261672,319867,581539
76,2030,260600,319059,579659
77,2030,258337,317862,576199
78,2030,252462,311483,563945
79,2030,225727,285666,511393
80,2030,224130,256588,480718
81,2030,218081,238324,456405
82,2030,215937,227432,443369
83,2030,215082,214609,429691
84,2030,214827,200907,415734
85,2030,214827,202199,417026
86,2030,214584,195188,409772
87,2030,214584,192544,407128
88,2030,214584,192544,407128
89,2030,214584,192609,407193
90,2030,214028,192609,406637
91,2030,214068,192691,406759
92,2030,214068,192626,406694
93,2030,214068,192626,406694
94,2030,214068,192586,406654
95,2030,214068,192586,406654
96,2030,214068,192586,406654
97,2030,214068,192586,406654
98,2030,214068,192586,406654
99,2030,214068,192586,406654
100,2030,214068,192586,406654
0,2030,291827,274486,566313
1,2030,283611,273706,557317
2,2030,281567,270056,551623
3,2030,282201,269766,551967
4,2030,283479,272341,555820
5,2030,281330,270114,551444
6,2030,280331,268753,549084
7,2030,280168,268365,548533
8,2030,279826,269069,548895
9,2030,280895,269033,549928
10,2030,280323,268399,548722
11,2030,285306,273487,558793
12,2030,283954,275480,559434
13,2030,282899,272410,555309
14,2030,293997,275564,569561
15,2030,294447,305593,600040
16,2030,314875,317777,632652
17,2030,312185,321189,633374
18,2030,306636,293106,599742
19,2030,311082,327776,638858
20,2030,315126,313069,628195
21,2030,316170,309774,625944
22,2030,316115,307653,623768
23,2030,318392,301739,620131
24,2030,322722,312793,635515
25,2030,321653,308414,630067
26,2030,326020,318060,644080
27,2030,327418,320081,647499
28,2030,336259,332618,668877
29,2030,344174,337122,681296
30,2030,346920,341580,688500
31,2030,359784,356919,716703
32,2030,368521,367729,736250
33,2030,406774,410014,816788
34,2030,458756,459455,918211
35,2030,435656,441115,876771
36,2030,465276,467416,932692
37,2030,419017,420616,839633
38,2030,467151,469118,936269
39,2030,468290,471309,939599
40,2030,473380,476645,950025
41,2030,473962,476867,950829
42,2030,474354,477507,951861
43,2030,478791,489667,968458
44,2030,480539,492671,973210
45,2030,478621,494972,973593
46,2030,488852,490343,979195
47,2030,488294,491687,979981
48,2030,483525,485069,968594
49,2030,447858,461473,909331
50,2030,440354,457460,897814
51,2030,416623,419062,835685
52,2030,409250,417687,826937
53,2030,394178,415093,809271
54,2030,386712,399897,786609
55,2030,384123,400080,784203
56,2030,366774,383202,749976
57,2030,345986,385960,731946
58,2030,321539,360422,681961
59,2030,338483,364417,702900
60,2030,374775,402137,776912
61,2030,372064,394424,766488
62,2030,360283,378889,739172
63,2030,327839,318444,646283
64,2030,328071,315028,643099
65,2030,329752,319726,649478
66,2030,316839,319543,636382
67,2030,302391,320383,622774
68,2030,303066,322608,625674
69,2030,291779,321815,613594
70,2030,298311,344947,643258
71,2030,276079,318071,594150
72,2030,272969,316335,589304
73,2030,270669,315340,586009
74,2030,275492,313823,589315
75,2030,264216,324187,588403
76,2030,263022,321961,584983
77,2030,258370,315856,574226
78,2030,252087,313084,565171
79,2030,219583,278429,498012
80,2030,218602,257681,476283
81,2030,214458,238977,453435
82,2030,214592,227449,442041
83,2030,215229,215878,431107
84,2030,214674,201080,415754
85,2030,214674,201930,416604
86,2030,214688,195270,409958
87,2030,214224,192663,406887
88,2030,214131,192626,406757
89,2030,213634,193389,407023
90,2030,213634,193374,407008
91,2030,212761,190342,403103
92,2030,213634,193374,407008
93,2030,212761,190342,403103
94,2030,212761,189676,402437
95,2030,212673,189737,402410
96,2030,212673,188930,401603
97,2030,212673,188930,401603
98,2030,212673,188930,401603
99,2030,212673,188930,401603
100,2030,212673,188930,401603
0,2030,291840,274569,566409
1,2030,291395,274574,565969
2,2030,291248,275410,566658
3,2030,291604,275366,566970
4,2030,291660,274150,565810
5,2030,283997,274408,558405
6,2030,282996,271862,554858
7,2030,282639,271348,553987
8,2030,280913,270081,550994
9,2030,282661,271316,553977
10,2030,282371,270704,553075
11,2030,283987,275007,558994
12,2030,283482,271167,554649
13,2030,283303,276103,559406
14,2030,278991,264877,543868
15,2030,290004,299235,589239
16,2030,307760,315587,623347
17,2030,316401,314641,631042
18,2030,304119,290142,594261
19,2030,311792,309625,621417
20,2030,308441,317423,625864
21,2030,315869,313569,629438
22,2030,317156,310980,628136
23,2030,312347,297941,610288
24,2030,321108,307691,628799
25,2030,321167,309614,630781
26,2030,323827,310121,633948
27,2030,329932,321414,651346
28,2030,328124,320879,649003
29,2030,337850,334561,672411
30,2030,342945,336883,679828
31,2030,350445,351117,701562
32,2030,360814,360006,720820
33,2030,367531,364993,732524
34,2030,416717,418741,835458
35,2030,448368,447460,895828
36,2030,459219,462504,921723
37,2030,462956,464078,927034
38,2030,463763,468045,931808
39,2030,464412,469044,933456
40,2030,471013,474539,945552
41,2030,472858,475345,948203
42,2030,472668,477834,950502
43,2030,473332,480812,954144
44,2030,482693,481553,964246
45,2030,480426,491998,972424
46,2030,487368,495708,983076
47,2030,487838,492137,979975
48,2030,488766,491745,980511
49,2030,486299,486987,973286
50,2030,478489,482119,960608
51,2030,448930,463686,912616
52,2030,428384,438145,866529
53,2030,414682,421237,835919
54,2030,393549,408966,802515
55,2030,391426,407461,798887
56,2030,381262,398784,780046
57,2030,366805,384418,751223
58,2030,345950,385041,730991
59,2030,321599,358599,680198
60,2030,332360,375224,707584
61,2030,374428,402747,777175
62,2030,372353,394255,766608
63,2030,360630,379548,740178
64,2030,327416,336160,663576
65,2030,329989,315468,645457
66,2030,331249,353641,684890
67,2030,327858,320616,648474
68,2030,323375,320623,643998
69,2030,305022,321206,626228
70,2030,293561,324112,617673
71,2030,284038,343776,627814
72,2030,273206,325587,598793
73,2030,272349,320185,592534
74,2030,273039,318867,591906
75,2030,263734,320991,584725
76,2030,264689,325537,590226
77,2030,261322,314134,575456
78,2030,252402,311508,563910
79,2030,231043,299164,530207
80,2030,221100,280642,501742
81,2030,216624,252020,468644
82,2030,215479,227629,443108
83,2030,215148,214305,429453
84,2030,214796,203070,417866
85,2030,214796,201930,416726
86,2030,214244,195270,409514
87,2030,213853,192691,406544
88,2030,213853,192756,406609
89,2030,213651,192496,406147
90,2030,213622,192641,406263
91,2030,212593,188870,401463
92,2030,212593,187179,399772
93,2030,212622,187458,400080
94,2030,212652,186931,399583
95,2030,212626,185844,398470
96,2030,212688,185844,398532
97,2030,212688,185844,398532
98,2030,212688,185844,398532
99,2030,212507,185844,398351
100,2030,212507,185844,398351
0,2030,271020,255715,526735
1,2030,292006,275155,567161
2,2030,291873,274643,566516
3,2030,292062,274836,566898
4,2030,292290,274196,566486
5,2030,291487,273998,565485
6,2030,283014,273948,556962
7,2030,283834,274266,558100
8,2030,282966,272358,555324
9,2030,289365,271501,560866
10,2030,283419,272470,555889
11,2030,281559,268693,550252
12,2030,283499,273779,557278
13,2030,283637,272263,555900
14,2030,283179,272805,555984
15,2030,290888,272756,563644
16,2030,312643,301721,614364
17,2030,308666,322418,631084
18,2030,307800,295750,603550
19,2030,311047,291720,602767
20,2030,305826,303093,608919
21,2030,316154,314518,630672
22,2030,314530,312261,626791
23,2030,308763,304765,613528
24,2030,314264,299112,613376
25,2030,320936,303350,624286
26,2030,325314,313499,638813
27,2030,327992,318829,646821
28,2030,327575,321877,649452
29,2030,329445,322945,652390
30,2030,336653,333663,670316
31,2030,345326,342067,687393
32,2030,351044,350371,701415
33,2030,359718,366014,725732
34,2030,382373,367357,749730
35,2030,390971,389325,780296
36,2030,437680,447125,884805
37,2030,459269,461990,921259
38,2030,457172,464047,921219
39,2030,457785,463721,921506
40,2030,468942,472319,941261
41,2030,470648,475723,946371
42,2030,470286,475227,945513
43,2030,472677,477686,950363
44,2030,472838,479338,952176
45,2030,474541,482401,956942
46,2030,480844,492211,973055
47,2030,478956,495029,973985
48,2030,489591,498567,988158
49,2030,491841,497888,989729
50,2030,488189,492407,980596
51,2030,483978,485635,969613
52,2030,453619,467486,921105
53,2030,436801,453543,890344
54,2030,412935,429465,842400
55,2030,406926,418197,825123
56,2030,388496,407909,796405
57,2030,381990,398761,780751
58,2030,365043,374509,739552
59,2030,348658,384857,733515
60,2030,324919,369534,694453
61,2030,331062,373083,704145
62,2030,375515,402219,777734
63,2030,372982,391882,764864
64,2030,359041,381717,740758
65,2030,328283,353599,681882
66,2030,326246,317900,644146
67,2030,330913,317071,647984
68,2030,331355,317071,648426
69,2030,316133,320882,637015
70,2030,300787,320316,621103
71,2030,304600,347400,652000
72,2030,273037,344584,617621
73,2030,274650,323861,598511
74,2030,268289,314822,583111
75,2030,267041,319194,586235
76,2030,266781,321604,588385
77,2030,260503,314085,574588
78,2030,253613,310495,564108
79,2030,233917,293327,527244
80,2030,220797,278470,499267
81,2030,217122,254401,471523
82,2030,215467,238680,454147
83,2030,215133,227657,442790
84,2030,214322,204202,418524
85,2030,213853,202183,416036
86,2030,213853,195270,409123
87,2030,213187,192626,405813
88,2030,213125,193274,406399
89,2030,210710,193636,404346
90,2030,209791,192158,401949
91,2030,208048,176167,384215
92,2030,208048,175867,383915
93,2030,208278,165195,373473
94,2030,207853,165764,373617
95,2030,207633,156185,363818
96,2030,207143,146376,353519
97,2030,207143,146046,353189
98,2030,207143,146046,353189
99,2030,207293,146950,354243
100,2030,207293,146950,354243
0,2030,270762,254483,525245
1,2030,271312,255715,527027
2,2030,291096,274458,565554
3,2030,292168,274798,566966
4,2030,292431,275148,567579
5,2030,292174,275197,567371
6,2030,292366,274887,567253
7,2030,291736,274675,566411
8,2030,283089,273118,556207
9,2030,291895,274532,566427
10,2030,291899,274593,566492
11,2030,291580,275376,566956
12,2030,292880,275882,568762
13,2030,293898,276183,570081
14,2030,294342,279985,574327
15,2030,294203,276034,570237
16,2030,338613,277070,615683
17,2030,301082,290767,591849
18,2030,305819,293827,599646
19,2030,302894,292390,595284
20,2030,308802,291981,600783
21,2030,308329,299126,607455
22,2030,310804,316204,627008
23,2030,308656,291478,600134
24,2030,310527,293009,603536
25,2030,319893,305799,625692
26,2030,324524,314971,639495
27,2030,328678,316121,644799
28,2030,329840,319836,649676
29,2030,327561,320344,647905
30,2030,329170,322972,652142
31,2030,341170,337030,678200
32,2030,345575,341135,686710
33,2030,351214,349757,700971
34,2030,363583,361608,725191
35,2030,375942,369153,745095
36,2030,392023,390894,782917
37,2030,412039,403440,815479
38,2030,458184,464613,922797
39,2030,457335,463979,921314
40,2030,458000,463622,921622
41,2030,466500,469434,935934
42,2030,470306,474600,944906
43,2030,469406,474510,943916
44,2030,472566,478437,951003
45,2030,472521,479509,952030
46,2030,483222,484098,967320
47,2030,480339,491472,971811
48,2030,480802,495102,975904
49,2030,484445,497402,981847
50,2030,489212,498469,987681
51,2030,490209,495627,985836
52,2030,484000,486736,970736
53,2030,457102,469771,926873
54,2030,436290,452281,888571
55,2030,423840,438828,862668
56,2030,403929,420330,824259
57,2030,390093,407935,798028
58,2030,380263,398595,778858
59,2030,364434,372134,736568
60,2030,353197,371213,724410
61,2030,324734,368620,693354
62,2030,324003,369153,693156
63,2030,377552,403103,780655
64,2030,369866,390021,759887
65,2030,334590,369129,703719
66,2030,327568,355993,683561
67,2030,322474,328176,650650
68,2030,328641,315965,644606
69,2030,322832,316546,639378
70,2030,295078,321164,616242
71,2030,294865,318180,613045
72,2030,300372,347881,648253
73,2030,268802,338640,607442
74,2030,269767,315697,585464
75,2030,277873,320266,598139
76,2030,264027,324498,588525
77,2030,259307,317469,576776
78,2030,257070,311517,568587
79,2030,235788,300091,535879
80,2030,224666,285684,510350
81,2030,217864,256601,474465
82,2030,215655,238481,454136
83,2030,214712,228369,443081
84,2030,213702,206603,420305
85,2030,213529,204764,418293
86,2030,213528,195270,408798
87,2030,211139,192897,404036
88,2030,210467,193266,403733
89,2030,187864,136507,324371
90,2030,197880,177010,374890
91,2030,195695,174475,370170
92,2030,183339,98306,281645
93,2030,180605,79863,260468
94,2030,180008,66196,246204
95,2030,180157,70084,250241
96,2030,177980,53107,231087
97,2030,177556,51080,228636
98,2030,177435,50492,227927
99,2030,177298,50502,227800
100,2030,177419,50285,227704
0,2030,260272,237969,498241
1,2030,284077,270044,554121
2,2030,273602,255908,529510
3,2030,292372,276623,568995
4,2030,292677,276647,569324
5,2030,292587,275045,567632
6,2030,292683,275487,568170
7,2030,292319,274941,567260
8,2030,291652,274138,565790
9,2030,280856,272238,553094
10,2030,292312,275171,567483
11,2030,292582,276341,568923
12,2030,294162,276012,570174
13,2030,295444,276755,572199
14,2030,295272,275734,571006
15,2030,297469,276796,574265
16,2030,303202,277680,580882
17,2030,305385,277689,583074
18,2030,314099,276563,590662
19,2030,309484,292626,602110
20,2030,308856,291231,600087
21,2030,308477,303336,611813
22,2030,312818,304349,617167
23,2030,313238,299707,612945
24,2030,309850,293171,603021
25,2030,321846,306031,627877
26,2030,324919,316451,641370
27,2030,327073,316491,643564
28,2030,329298,317602,646900
29,2030,331756,323598,655354
30,2030,327625,320337,647962
31,2030,333165,329230,662395
32,2030,340621,336460,677081
33,2030,346400,341451,687851
34,2030,357171,352702,709873
35,2030,363083,362161,725244
36,2030,374310,370177,744487
37,2030,390117,392326,782443
38,2030,415725,417883,833608
39,2030,457385,464693,922078
40,2030,458655,463046,921701
41,2030,455158,458368,913526
42,2030,456119,461619,917738
43,2030,470804,474135,944939
44,2030,469488,471929,941417
45,2030,472173,476115,948288
46,2030,472695,480299,952994
47,2030,473809,479577,953386
48,2030,480513,491307,971820
49,2030,479824,492788,972612
50,2030,478853,495252,974105
51,2030,488635,497627,986262
52,2030,491118,499909,991027
53,2030,484919,489339,974258
54,2030,456430,468445,924875
55,2030,439532,458173,897705
56,2030,416608,430064,846672
57,2030,408016,421546,829562
58,2030,387214,407323,794537
59,2030,379198,398489,777687
60,2030,365372,377290,742662
61,2030,352381,370787,723168
62,2030,325115,367907,693022
63,2030,324428,367651,692079
64,2030,375403,400459,775862
65,2030,362426,391896,754322
66,2030,334368,367294,701662
67,2030,319945,341455,661400
68,2030,320901,319391,640292
69,2030,327315,318770,646085
70,2030,327680,317894,645574
71,2030,323960,321629,645589
72,2030,280825,314227,595052
73,2030,282683,344859,627542
74,2030,271188,332841,604029
75,2030,278319,315165,593484
76,2030,269223,319697,588920
77,2030,259952,319186,579138
78,2030,253348,311824,565172
79,2030,242374,304902,547276
80,2030,231471,299879,531350
81,2030,219983,279974,499957
82,2030,216048,250569,466617
83,2030,214819,228326,443145
84,2030,213728,218802,432530
85,2030,211999,206876,418875
86,2030,211336,195411,406747
87,2030,205459,192837,398296
88,2030,204128,192431,396559
89,2030,160436,132263,292699
90,2030,152011,107003,259014
91,2030,151661,103966,255627
92,2030,154959,125510,280469
93,2030,146043,81307,227350
94,2030,139131,38229,177360
95,2030,138029,27520,165549
96,2030,138040,27620,165660
97,2030,137274,19342,156616
98,2030,137093,18606,155699
99,2030,136695,11425,148120
100,2030,136849,13821,150670
0,2030,249986,229247,479233
1,2030,269906,252530,522436
2,2030,282654,269822,552476
3,2030,272437,260908,533345
4,2030,292340,275547,567887
5,2030,291634,275317,566951
6,2030,292568,274998,567566
7,2030,292598,274977,567575
8,2030,292730,275514,568244
9,2030,292476,275353,567829
10,2030,292858,275365,568223
11,2030,292551,273989,566540
12,2030,294023,274847,568870
13,2030,292834,274532,567366
14,2030,293941,273681,567622
15,2030,292913,275220,568133
16,2030,301117,277011,578128
17,2030,301877,278095,579972
18,2030,309542,277171,586713
19,2030,304524,291514,596038
20,2030,308109,293795,601904
21,2030,314033,298196,612229
22,2030,314205,298170,612375
23,2030,313267,298871,612138
24,2030,310657,290258,600915
25,2030,319958,303314,623272
26,2030,324880,313833,638713
27,2030,326863,312441,639304
28,2030,328281,317766,646047
29,2030,329414,318040,647454
30,2030,332319,323382,655701
31,2030,327979,321980,649959
32,2030,333814,331828,665642
33,2030,340322,336699,677021
34,2030,348022,341894,689916
35,2030,357320,353790,711110
36,2030,361915,362636,724551
37,2030,373413,369936,743349
38,2030,390772,390681,781453
39,2030,457178,464683,921861
40,2030,458325,466640,924965
41,2030,458745,464178,922923
42,2030,457459,465568,923027
43,2030,455662,461808,917470
44,2030,461599,467315,928914
45,2030,469822,474671,944493
46,2030,472413,478101,950514
47,2030,472475,476331,948806
48,2030,472819,480876,953695
49,2030,476148,481266,957414
50,2030,479760,491947,971707
51,2030,479727,494817,974544
52,2030,485534,497120,982654
53,2030,488466,499442,987908
54,2030,485121,489274,974395
55,2030,457236,474204,931440
56,2030,437628,457681,895309
57,2030,415421,433234,848655
58,2030,407084,420440,827524
59,2030,385624,406850,792474
60,2030,378664,398213,776877
61,2030,364486,377051,741537
62,2030,352977,375355,728332
63,2030,324364,366777,691141
64,2030,326571,369736,696307
65,2030,374790,396395,771185
66,2030,362130,377154,739284
67,2030,328482,355106,683588
68,2030,327377,347899,675276
69,2030,316849,317846,634695
70,2030,326443,315525,641968
71,2030,298981,316741,615722
72,2030,274075,321095,595170
73,2030,278174,315108,593282
74,2030,284649,323399,608048
75,2030,277419,319558,596977
76,2030,266501,314318,580819
77,2030,260368,322648,583016
78,2030,263807,312814,576621
79,2030,245417,304443,549860
80,2030,228617,259149,487766
81,2030,218773,262959,481732
82,2030,215947,250207,466154
83,2030,214501,228889,443390
84,2030,211996,225919,437915
85,2030,210347,206963,417310
86,2030,205596,195369,400965
87,2030,193017,193046,386063
88,2030,181647,189132,370779
89,2030,94718,168306,263024
90,2030,82897,133875,216772
91,2030,63638,96491,160129
92,2030,52648,78827,131475
93,2030,54346,88178,142524
94,2030,42459,55183,97642
95,2030,31188,22345,53533
96,2030,29596,15746,45342
97,2030,29816,16638,46454
98,2030,29422,12960,42382
99,2030,28585,9709,38294
100,2030,28807,12517,41324
0,2030,241302,223145,464447
1,2030,255665,237393,493058
2,2030,269557,250176,519733
3,2030,282222,268994,551216
4,2030,271243,252711,523954
5,2030,279250,269236,548486
6,2030,292823,276279,569102
7,2030,292694,276169,568863
8,2030,292633,274807,567440
9,2030,292908,276824,569732
10,2030,291748,275921,567669
11,2030,292924,276806,569730
12,2030,293426,275981,569407
13,2030,294229,276098,570327
14,2030,294989,275854,570843
15,2030,294479,276236,570715
16,2030,295648,275108,570756
17,2030,304688,277873,582561
18,2030,305880,277207,583087
19,2030,306206,279310,585516
20,2030,308868,291879,600747
21,2030,311946,298011,609957
22,2030,308298,288792,597090
23,2030,314356,301908,616264
24,2030,312159,294277,606436
25,2030,312814,300448,613262
26,2030,325578,318459,644037
27,2030,326708,313470,640178
28,2030,328069,313873,641942
29,2030,330146,317217,647363
30,2030,329781,318729,648510
31,2030,328373,321741,650114
32,2030,330167,322167,652334
33,2030,334038,331851,665889
34,2030,341601,337622,679223
35,2030,351877,346756,698633
36,2030,357287,353798,711085
37,2030,361919,361754,723673
38,2030,376286,378501,754787
39,2030,394454,400929,795383
40,2030,409990,405512,815502
41,2030,441300,440788,882088
42,2030,436618,435709,872327
43,2030,447330,450886,898216
44,2030,456938,461468,918406
45,2030,460429,464144,924573
46,2030,469543,474451,943994
47,2030,468786,475097,943883
48,2030,472179,478795,950974
49,2030,471943,479795,951738
50,2030,472997,481723,954720
51,2030,479615,491338,970953
52,2030,479196,494904,974100
53,2030,484596,496599,981195
54,2030,488451,499362,987813
55,2030,486947,494108,981055
56,2030,454608,470353,924961
57,2030,435364,455182,890546
58,2030,415641,429563,845204
59,2030,398903,419924,818827
60,2030,384405,406868,791273
61,2030,375038,397681,772719
62,2030,364704,374828,739532
63,2030,353096,376142,729238
64,2030,324717,365804,690521
65,2030,324085,369526,693611
66,2030,364712,378404,743116
67,2030,358414,382127,740541
68,2030,327876,334506,662382
69,2030,320336,318972,639308
70,2030,311391,325121,636512
71,2030,303850,317949,621799
72,2030,315730,319311,635041
73,2030,274010,321946,595956
74,2030,282070,318593,600663
75,2030,270489,310404,580893
76,2030,276278,318837,595115
77,2030,265277,322773,588050
78,2030,258205,313416,571621
79,2030,247725,305454,553179
80,2030,236179,297349,533528
81,2030,220844,262092,482936
82,2030,215896,251816,467712
83,2030,212842,238696,451538
84,2030,211838,226220,438058
85,2030,208132,207119,415251
86,2030,189256,195611,384867
87,2030,152667,191282,343949
88,2030,122894,188400,311294
89,2030,76043,160069,236112
90,2030,69194,151258,220452
91,2030,41160,100710,141870
92,2030,30854,84013,114867
93,2030,31428,82462,113890
94,2030,27811,73785,101596
95,2030,6802,22041,28843
96,2030,5028,17496,22524
97,2030,4342,12394,16736
98,2030,4542,13597,18139
99,2030,3758,11542,15300
100,2030,3462,12444,15906
0,2030,225922,213446,439368
1,2030,262645,224486,487131
2,2030,254524,237360,491884
3,2030,267471,245032,512503
4,2030,265762,244335,510097
5,2030,269727,253180,522907
6,2030,273686,263382,537068
7,2030,283088,270531,553619
8,2030,293027,276506,569533
9,2030,292301,273652,565953
10,2030,291290,275925,567215
11,2030,292370,275702,568072
12,2030,292521,275378,567899
13,2030,293850,276099,569949
14,2030,294120,275785,569905
15,2030,298445,276452,574897
16,2030,296171,275584,571755
17,2030,298825,275113,573938
18,2030,304746,277513,582259
19,2030,306039,279195,585234
20,2030,305790,279679,585469
21,2030,309227,291704,600931
22,2030,310754,295495,606249
23,2030,315268,301540,616808
24,2030,313604,299748,613352
25,2030,309100,293967,603067
26,2030,325476,319435,644911
27,2030,327650,319741,647391
28,2030,328008,315399,643407
29,2030,328224,318417,646641
30,2030,329892,318043,647935
31,2030,331988,320569,652557
32,2030,327554,320185,647739
33,2030,327715,322119,649834
34,2030,334366,332314,666680
35,2030,342738,339646,682384
36,2030,352998,344799,697797
37,2030,357400,354802,712202
38,2030,363604,365004,728608
39,2030,378049,373052,751101
40,2030,430310,430761,861071
41,2030,411208,408251,819459
42,2030,415848,418071,833919
43,2030,441116,437418,878534
44,2030,456649,461302,917951
45,2030,455758,461828,917586
46,2030,461145,466873,928018
47,2030,470376,475181,945557
48,2030,468698,475926,944624
49,2030,472071,478135,950206
50,2030,471925,478813,950738
51,2030,472831,481966,954797
52,2030,475796,491060,966856
53,2030,479104,494710,973814
54,2030,484501,496454,980955
55,2030,484806,497547,982353
56,2030,486038,492630,978668
57,2030,451947,467796,919743
58,2030,434059,452223,886282
59,2030,413873,427538,841411
60,2030,395236,412792,808028
61,2030,381701,406199,787900
62,2030,369256,397134,766390
63,2030,364456,375643,740099
64,2030,353176,383541,736717
65,2030,323740,366058,689798
66,2030,322270,368600,690870
67,2030,362228,363912,726140
68,2030,337414,371781,709195
69,2030,328402,350160,678562
70,2030,311041,332192,643233
71,2030,284853,325009,609862
72,2030,278068,315139,593207
73,2030,300030,334600,634630
74,2030,276959,328949,605908
75,2030,271369,316988,588357
76,2030,265456,309539,574995
77,2030,263237,325254,588491
78,2030,258644,316531,575175
79,2030,252279,307722,560001
80,2030,233523,302127,535650
81,2030,221716,262244,483960
82,2030,215809,240941,456750
83,2030,212917,228963,441880
84,2030,207312,227158,434470
85,2030,186276,206903,393179
86,2030,139503,195772,335275
87,2030,128830,191103,319933
88,2030,109058,180775,289833
89,2030,68654,141626,210280
90,2030,62840,146018,208858
91,2030,64341,138818,203159
92,2030,29854,78588,108442
93,2030,23415,60525,83940
94,2030,19251,54497,73748
95,2030,23268,68636,91904
96,2030,4726,16568,21294
97,2030,4485,12957,17442
98,2030,2320,9543,11863
99,2030,2432,9023,11455
100,2030,4829,17440,22269
0,2030,215657,204086,419743
1,2030,236012,218275,454287
2,2030,261904,226607,488511
3,2030,253869,236189,490058
4,2030,258124,236614,494738
5,2030,264413,244329,508742
6,2030,267207,253580,520787
7,2030,272970,258618,531588
8,2030,278186,263224,541410
9,2030,292837,276531,569368
10,2030,291938,275143,567081
11,2030,291195,273648,564843
12,2030,292136,275741,567877
13,2030,293598,275402,569000
14,2030,293818,275564,569382
15,2030,295616,275227,570843
16,2030,297790,275403,573193
17,2030,298699,275811,574510
18,2030,304102,277699,581801
19,2030,308370,279367,587737
20,2030,308398,279389,587787
21,2030,310107,282588,592695
22,2030,312788,296024,608812
23,2030,308643,306380,615023
24,2030,312853,296187,609040
25,2030,309482,291974,601456
26,2030,325233,319147,644380
27,2030,327161,320670,647831
28,2030,326733,311354,638087
29,2030,328757,314193,642950
30,2030,328871,317248,646119
31,2030,329892,318893,648785
32,2030,331161,321828,652989
33,2030,327824,319921,647745
34,2030,328061,322248,650309
35,2030,336677,333472,670149
36,2030,345936,339770,685706
37,2030,353054,349140,702194
38,2030,359612,359718,719330
39,2030,363466,365455,728921
40,2030,378178,369495,747673
41,2030,431220,432211,863431
42,2030,391513,391882,783395
43,2030,416237,417933,834170
44,2030,438966,436485,875451
45,2030,458672,470015,928687
46,2030,456993,463551,920544
47,2030,455188,467700,922888
48,2030,470221,475224,945445
49,2030,468954,474439,943393
50,2030,471957,476897,948854
51,2030,471969,478277,950246
52,2030,472795,484353,957148
53,2030,474405,490831,965236
54,2030,479106,494770,973876
55,2030,484469,495534,980003
56,2030,487451,496408,983859
57,2030,483404,488711,972115
58,2030,442085,462706,904791
59,2030,431466,451204,882670
60,2030,408426,425786,834212
61,2030,384950,388980,773930
62,2030,379754,405964,785718
63,2030,335951,380134,716085
64,2030,363268,367275,730543
65,2030,348949,383648,732597
66,2030,317423,367417,684840
67,2030,321951,365682,687633
68,2030,334818,347110,681928
69,2030,342133,375350,717483
70,2030,327348,351872,679220
71,2030,286386,319544,605930
72,2030,298996,337431,636427
73,2030,281371,316850,598221
74,2030,285165,346068,631233
75,2030,269376,338513,607889
76,2030,272424,319285,591709
77,2030,263457,320237,583694
78,2030,259343,318855,578198
79,2030,251348,309054,560402
80,2030,229292,306061,535353
81,2030,219183,259372,478555
82,2030,212857,255951,468808
83,2030,211041,229822,440863
84,2030,180622,225073,405695
85,2030,154941,217819,372760
86,2030,131313,195832,327145
87,2030,117214,191605,308819
88,2030,108103,183199,291302
89,2030,70107,150177,220284
90,2030,51281,114499,165780
91,2030,44349,101984,146333
92,2030,31736,84284,116020
93,2030,30367,79165,109532
94,2030,18774,53488,72262
95,2030,15419,44203,59622
96,2030,15751,47539,63290
97,2030,5049,17676,22725
98,2030,2310,8810,11120
99,2030,2353,9538,11891
100,2030,3098,11123,14221
0,2030,211333,199063,410396
1,2030,219201,204116,423317
2,2030,238147,220512,458659
3,2030,259894,227389,487283
4,2030,251698,236901,488599
5,2030,258929,239295,498224
6,2030,258546,244888,503434
7,2030,266295,251661,517956
8,2030,291776,270208,561984
9,2030,280188,266761,546949
10,2030,291347,275309,566656
11,2030,292042,276142,568184
12,2030,292804,275741,568545
13,2030,294431,276238,570669
14,2030,294486,276280,570766
15,2030,294771,276101,570872
16,2030,295239,275426,570665
17,2030,299793,275864,575657
18,2030,304550,277430,581980
19,2030,309043,280177,589220
20,2030,311024,280946,591970
21,2030,308088,280719,588807
22,2030,310451,296554,607005
23,2030,312517,304513,617030
24,2030,313014,301000,614014
25,2030,311672,299921,611593
26,2030,325796,319940,645736
27,2030,327656,315288,642944
28,2030,327351,312639,639990
29,2030,329062,313144,642206
30,2030,328713,319498,648211
31,2030,329737,315871,645608
32,2030,329517,319818,649335
33,2030,333292,322442,655734
34,2030,327657,319913,647570
35,2030,329043,322919,651962
36,2030,336660,333589,670249
37,2030,347570,343676,691246
38,2030,355639,361395,717034
39,2030,359111,359687,718798
40,2030,363414,362950,726364
41,2030,378669,370112,748781
42,2030,376563,376075,752638
43,2030,412295,408307,820602
44,2030,422365,420380,842745
45,2030,457617,471214,928831
46,2030,458730,469776,928506
47,2030,456389,462459,918848
48,2030,454850,461909,916759
49,2030,470038,475021,945059
50,2030,469528,474265,943793
51,2030,470440,475653,946093
52,2030,472152,477158,949310
53,2030,472633,481810,954443
54,2030,474425,490100,964525
55,2030,479305,493841,973146
56,2030,484259,495937,980196
57,2030,488052,496575,984627
58,2030,461077,477332,938409
59,2030,438808,459888,898696
60,2030,428021,447785,875806
61,2030,403665,421223,824888
62,2030,385745,408805,794550
63,2030,374039,398541,772580
64,2030,339493,377642,717135
65,2030,349588,369631,719219
66,2030,330529,356259,686788
67,2030,314022,375548,689570
68,2030,323254,362900,686154
69,2030,312041,324298,636339
70,2030,328072,366737,694809
71,2030,323134,349972,673106
72,2030,282150,347715,629865
73,2030,299389,323612,623001
74,2030,282206,314408,596614
75,2030,271084,315835,586919
76,2030,268064,337255,605319
77,2030,270612,313747,584359
78,2030,262458,321336,583794
79,2030,252925,311221,564146
80,2030,239678,307562,547240
81,2030,218510,261940,480450
82,2030,213880,251853,465733
83,2030,202890,229940,432830
84,2030,168211,228864,397075
85,2030,146685,206098,352783
86,2030,128876,195624,324500
87,2030,117219,191437,308656
88,2030,105777,183003,288780
89,2030,75483,153698,229181
90,2030,50804,118697,169501
91,2030,58219,117961,176180
92,2030,30277,77535,107812
93,2030,31421,81062,112483
94,2030,18920,53146,72066
95,2030,15272,44928,60200
96,2030,11826,37801,49627
97,2030,6200,23199,29399
98,2030,3600,13309,16909
99,2030,2345,8846,11191
100,2030,3220,12509,15729
0,2030,210676,199811,410487
1,2030,215911,200040,415951
2,2030,221447,212977,434424
3,2030,235633,221682,457315
4,2030,235580,225280,460860
5,2030,248331,237463,485794
6,2030,252315,240736,493051
7,2030,260101,244762,504863
8,2030,267862,253832,521694
9,2030,279056,270012,549068
10,2030,288689,271657,560346
11,2030,292346,276539,568885
12,2030,292018,275533,567551
13,2030,293994,275738,569732
14,2030,296268,275700,571968
15,2030,293974,275885,569859
16,2030,296120,275902,572022
17,2030,314185,275965,590150
18,2030,304454,277658,582112
19,2030,306141,279967,586108
20,2030,308810,280781,589591
21,2030,309859,281135,590994
22,2030,308355,280630,588985
23,2030,314653,300025,614678
24,2030,309707,293046,602753
25,2030,315550,302812,618362
26,2030,325848,318593,644441
27,2030,326695,311798,638493
28,2030,325926,309387,635313
29,2030,328201,313547,641748
30,2030,329466,317267,646733
31,2030,328789,318114,646903
32,2030,329829,317456,647285
33,2030,329737,318973,648710
34,2030,332554,322587,655141
35,2030,328256,320252,648508
36,2030,329403,324127,653530
37,2030,340107,334944,675051
38,2030,367069,387030,754099
39,2030,357967,360648,718615
40,2030,360044,360299,720343
41,2030,363461,362929,726390
42,2030,363640,367240,730880
43,2030,386609,389562,776171
44,2030,463463,493731,957194
45,2030,462478,484206,946684
46,2030,456456,485575,942031
47,2030,457388,470835,928223
48,2030,455916,462345,918261
49,2030,455249,462224,917473
50,2030,469220,470502,939722
51,2030,470076,474061,944137
52,2030,470164,475681,945845
53,2030,472169,477104,949273
54,2030,472457,481492,953949
55,2030,474185,490224,964409
56,2030,475609,493450,969059
57,2030,484216,495605,979821
58,2030,491723,505758,997481
59,2030,456113,474502,930615
60,2030,436966,459374,896340
61,2030,420016,443091,863107
62,2030,389859,412728,802587
63,2030,380810,406165,786975
64,2030,326478,373428,699906
65,2030,337345,371304,708649
66,2030,339230,371814,711044
67,2030,328597,357064,685661
68,2030,305124,366671,671795
69,2030,324308,354091,678399
70,2030,302928,322361,625289
71,2030,313324,344759,658083
72,2030,311618,316059,627677
73,2030,272493,326574,599067
74,2030,281726,320798,602524
75,2030,273257,314321,587578
76,2030,272026,320360,592386
77,2030,268582,325935,594517
78,2030,265639,324337,589976
79,2030,258398,317587,575985
80,2030,241212,304220,545432
81,2030,218373,261916,480289
82,2030,212360,251856,464216
83,2030,189278,238484,427762
84,2030,161367,228621,389988
85,2030,147420,205096,352516
86,2030,133174,195624,328798
87,2030,117078,192019,309097
88,2030,97648,180614,278262
89,2030,76873,154873,231746
90,2030,55972,125102,181074
91,2030,43998,100100,144098
92,2030,31418,80061,111479
93,2030,33769,83782,117551
94,2030,21962,59391,81353
95,2030,16736,52299,69035
96,2030,9220,30072,39292
97,2030,6019,21928,27947
98,2030,4470,17002,21472
99,2030,3142,12809,15951
100,2030,2262,12522,14784
0,2031,292160,275407,567567
1,2031,292160,275407,567567
2,2031,292156,275407,567563
3,2031,292317,275433,567750
4,2031,292459,275435,567894
5,2031,292604,275460,568064
6,2031,292715,275538,568253
7,2031,292699,275529,568228
8,2031,292688,275503,568191
9,2031,292689,275485,568174
10,2031,292704,275551,568255
11,2031,292828,275972,568800
12,2031,293342,276256,569598
13,2031,293719,276375,570094
14,2031,293758,276281,570039
15,2031,293823,276272,570095
16,2031,294123,276355,570478
17,2031,294561,276410,570971
18,2031,295789,276733,572522
19,2031,296731,278188,574919
20,2031,296795,278225,575020
21,2031,296833,278284,575117
22,2031,296862,278532,575394
23,2031,296890,278545,575435
24,2031,296890,278545,575435
25,2031,296890,278545,575435
26,2031,296890,278545,575435
27,2031,296890,278545,575435
28,2031,296890,278545,575435
29,2031,296890,278545,575435
30,2031,296890,278545,575435
31,2031,296890,278545,575435
32,2031,296890,278545,575435
33,2031,296890,278545,575435
34,2031,296890,278545,575435
35,2031,296890,278545,575435
36,2031,296890,278545,575435
37,2031,296890,278545,575435
38,2031,296890,278545,575435
39,2031,296890,278545,575435
40,2031,296890,278545,575435
41,2031,296890,278545,575435
42,2031,296890,278545,575435
43,2031,296890,278545,575435
44,2031,296890,278545,575435
45,2031,296890,278545,575435
46,2031,296881,278545,575426
47,2031,296873,278545,575418
48,2031,296873,278545,575418
49,2031,296873,278545,575418
50,2031,296873,278545,575418
51,2031,296873,278595,575468
52,2031,296873,278595,575468
53,2031,296873,278595,575468
54,2031,296873,278595,575468
55,2031,296873,278595,575468
56,2031,296873,278595,575468
57,2031,296873,278595,575468
58,2031,296873,278595,575468
59,2031,296873,278595,575468
60,2031,296873,278595,575468
61,2031,296873,278595,575468
62,2031,296873,278595,575468
63,2031,296873,278595,575468
64,2031,296825,278595,575420
65,2031,296825,278595,575420
66,2031,296738,278595,575333
67,2031,296738,278595,575333
68,2031,296472,278595,575067
69,2031,296377,278595,574972
70,2031,296237,278595,574832
71,2031,295800,278595,574395
72,2031,295800,278595,574395
73,2031,295461,278595,574056
74,2031,295423,278595,574018
75,2031,295423,278595,574018
76,2031,295423,278595,574018
77,2031,295423,278595,574018
78,2031,295423,279554,574977
79,2031,295423,279363,574786
80,2031,295423,279614,575037
81,2031,295423,279743,575166
82,2031,295423,279743,575166
83,2031,295423,279743,575166
84,2031,295423,279743,575166
85,2031,295423,279743,575166
86,2031,295423,279743,575166
87,2031,295423,279743,575166
88,2031,295423,279743,575166
89,2031,295423,279743,575166
90,2031,295423,279743,575166
91,2031,295423,279743,575166
92,2031,295423,279743,575166
93,2031,295423,279743,575166
94,2031,295423,279743,575166
95,2031,295423,279743,575166
96,2031,295423,279743,575166
97,2031,295423,279743,575166
98,2031,295423,279743,575166
99,2031,295423,279743,575166
100,2031,295423,279743,575166
0,2031,292266,275259,567525
1,2031,292266,275259,567525
2,2031,292259,275259,567518
3,2031,292436,275274,567710
4,2031,292615,275193,567808
5,2031,292741,275299,568040
6,2031,292868,275406,568274
7,2031,292842,275390,568232
8,2031,292820,275364,568184
9,2031,292815,275344,568159
10,2031,292810,275474,568284
11,2031,292862,275699,568561
12,2031,293184,275754,568938
13,2031,293704,275708,569412
14,2031,293937,275800,569737
15,2031,294124,275792,569916
16,2031,294466,275859,570325
17,2031,295672,275850,571522
18,2031,297964,276497,574461
19,2031,298821,278322,577143
20,2031,299958,278491,578449
21,2031,300126,278538,578664
22,2031,300128,279006,579134
23,2031,300136,279020,579156
24,2031,300136,279020,579156
25,2031,300136,279020,579156
26,2031,300136,279020,579156
27,2031,300136,279020,579156
28,2031,300136,279020,579156
29,2031,300136,279020,579156
30,2031,300136,279020,579156
31,2031,300136,279020,579156
32,2031,300136,279020,579156
33,2031,300136,279020,579156
34,2031,300136,279020,579156
35,2031,300136,279020,579156
36,2031,300136,279020,579156
37,2031,300136,279020,579156
38,2031,300136,279020,579156
39,2031,300136,279020,579156
40,2031,300136,279020,579156
41,2031,300136,279020,579156
42,2031,300136,279020,579156
43,2031,300136,279020,579156
44,2031,300538,279020,579558
45,2031,300538,279020,579558
46,2031,300536,279020,579556
47,2031,300528,279020,579548
48,2031,300528,279020,579548
49,2031,300528,279020,579548
50,2031,300528,279020,579548
51,2031,300528,279059,579587
52,2031,300528,279059,579587
53,2031,300528,279059,579587
54,2031,300528,279059,579587
55,2031,300528,279059,579587
56,2031,300528,279059,579587
57,2031,300528,279059,579587
58,2031,300528,279059,579587
59,2031,300528,279059,579587
60,2031,300528,279059,579587
61,2031,300528,279059,579587
62,2031,300528,279059,579587
63,2031,300528,279059,579587
64,2031,300557,279059,579616
65,2031,300557,279059,579616
66,2031,300066,279059,579125
67,2031,300008,279059,579067
68,2031,299613,279059,578672
69,2031,299663,279059,578722
70,2031,299415,279037,578452
71,2031,298888,279037,577925
72,2031,298782,279037,577819
73,2031,298283,278963,577246
74,2031,298238,278963,577201
75,2031,298238,278963,577201
76,2031,298238,278963,577201
77,2031,298238,278963,577201
78,2031,298344,280269,578613
79,2031,298259,280078,578337
80,2031,298344,280826,579170
81,2031,298338,280568,578906
82,2031,298338,280568,578906
83,2031,298338,280568,578906
84,2031,298338,280568,578906
85,2031,298338,280568,578906
86,2031,298338,280568,578906
87,2031,298338,280568,578906
88,2031,298338,280568,578906
89,2031,298338,280568,578906
90,2031,298338,280568,578906
91,2031,298338,280568,578906
92,2031,298338,280568,578906
93,2031,298338,280568,578906
94,2031,298338,280568,578906
95,2031,298338,280568,578906
96,2031,298338,280568,578906
97,2031,298338,280568,578906
98,2031,298338,280568,578906
99,2031,298338,280568,578906
100,2031,298338,280568,578906
0,2031,292274,275413,567687
1,2031,292274,275413,567687
2,2031,292266,275413,567679
3,2031,292417,275347,567764
4,2031,292716,275394,568110
5,2031,292856,275450,568306
6,2031,292910,275526,568436
7,2031,292866,275510,568376
8,2031,292838,275471,568309
9,2031,292865,275477,568342
10,2031,292819,275561,568380
11,2031,292909,275804,568713
12,2031,293366,276259,569625
13,2031,294527,276216,570743
14,2031,294776,276418,571194
15,2031,295034,276413,571447
16,2031,296135,276482,572617
17,2031,297419,276524,573943
18,2031,299982,276890,576872
19,2031,300697,278092,578789
20,2031,300794,278561,579355
21,2031,301474,278636,580110
22,2031,301310,278941,580251
23,2031,301326,278955,580281
24,2031,301326,278955,580281
25,2031,301326,278955,580281
26,2031,301326,278955,580281
27,2031,301326,278955,580281
28,2031,301326,278955,580281
29,2031,301326,278955,580281
30,2031,301326,278955,580281
31,2031,301326,278955,580281
32,2031,301326,278955,580281
33,2031,301326,278955,580281
34,2031,301326,278955,580281
35,2031,301326,278955,580281
36,2031,301326,278955,580281
37,2031,301326,278955,580281
38,2031,301326,278955,580281
39,2031,301326,278955,580281
40,2031,301326,278955,580281
41,2031,301326,278955,580281
42,2031,301326,278955,580281
43,2031,301333,278955,580288
44,2031,303077,279111,582188
45,2031,303077,279111,582188
46,2031,302118,279111,581229
47,2031,302109,279111,581220
48,2031,302109,279111,581220
49,2031,302109,279111,581220
50,2031,302109,279111,581220
51,2031,302109,279149,581258
52,2031,302109,279149,581258
53,2031,302109,279149,581258
54,2031,302109,279149,581258
55,2031,302109,279149,581258
56,2031,302109,279149,581258
57,2031,302109,279149,581258
58,2031,302109,279149,581258
59,2031,302109,279149,581258
60,2031,302109,279149,581258
61,2031,302109,279149,581258
62,2031,302109,279149,581258
63,2031,302109,279149,581258
64,2031,303056,279149,582205
65,2031,303056,279149,582205
66,2031,301751,278994,580745
67,2031,301764,278926,580690
68,2031,301625,278926,580551
69,2031,301693,278926,580619
70,2031,301698,278926,580624
71,2031,302699,279051,581750
72,2031,302614,279051,581665
73,2031,301717,279129,580846
74,2031,301717,279129,580846
75,2031,301717,279129,580846
76,2031,301717,279129,580846
77,2031,301717,279129,580846
78,2031,301618,283834,585452
79,2031,301588,283520,585108
80,2031,301523,283856,585379
81,2031,301545,283856,585401
82,2031,301545,283856,585401
83,2031,301545,283856,585401
84,2031,301545,283856,585401
85,2031,301545,283856,585401
86,2031,301545,283856,585401
87,2031,301545,283856,585401
88,2031,301545,283856,585401
89,2031,301545,283856,585401
90,2031,301545,283856,585401
91,2031,301545,283856,585401
92,2031,301545,283856,585401
93,2031,301545,283856,585401
94,2031,301545,283856,585401
95,2031,301545,283856,585401
96,2031,301545,283856,585401
97,2031,301545,283856,585401
98,2031,301545,283856,585401
99,2031,301545,283856,585401
100,2031,301545,283856,585401
0,2031,292099,274901,567000
1,2031,292099,274901,567000
2,2031,292091,274901,566992
3,2031,292300,274901,567201
4,2031,292463,274931,567394
5,2031,292518,274983,567501
6,2031,292615,275035,567650
7,2031,292607,275057,567664
8,2031,292601,275043,567644
9,2031,292574,275024,567598
10,2031,292549,275055,567604
11,2031,292624,275339,567963
12,2031,293047,275490,568537
13,2031,294584,275590,570174
14,2031,295239,275679,570918
15,2031,297561,275661,573222
16,2031,296031,275360,571391
17,2031,298511,275281,573792
18,2031,300960,276311,577271
19,2031,318140,278178,596318
20,2031,318570,278704,597274
21,2031,307169,279147,586316
22,2031,306963,279195,586158
23,2031,307025,279209,586234
24,2031,307025,279209,586234
25,2031,307025,279209,586234
26,2031,307025,279209,586234
27,2031,307025,279209,586234
28,2031,307025,279209,586234
29,2031,307025,279209,586234
30,2031,307025,279209,586234
31,2031,307025,279209,586234
32,2031,307025,279209,586234
33,2031,307025,279209,586234
34,2031,307025,279209,586234
35,2031,307025,279209,586234
36,2031,307025,279209,586234
37,2031,307025,279209,586234
38,2031,307025,279209,586234
39,2031,307025,279209,586234
40,2031,307025,279209,586234
41,2031,307025,279209,586234
42,2031,307025,279209,586234
43,2031,307025,279209,586234
44,2031,309401,279433,588834
45,2031,309401,279433,588834
46,2031,308138,279364,587502
47,2031,308207,279364,587571
48,2031,308207,279364,587571
49,2031,308207,279364,587571
50,2031,308207,279364,587571
51,2031,308198,279402,587600
52,2031,308198,279402,587600
53,2031,308198,279402,587600
54,2031,308198,279402,587600
55,2031,308198,279402,587600
56,2031,308198,279402,587600
57,2031,308198,279402,587600
58,2031,308198,279402,587600
59,2031,308198,279402,587600
60,2031,308198,279402,587600
61,2031,308198,279402,587600
62,2031,308198,279402,587600
63,2031,308198,279402,587600
64,2031,309449,279472,588921
65,2031,309538,279472,589010
66,2031,307947,279400,587347
67,2031,308227,279400,587627
68,2031,307618,279138,586756
69,2031,307735,279232,586967
70,2031,307742,279123,586865
71,2031,309127,279187,588314
72,2031,308751,279129,587880
73,2031,307179,279129,586308
74,2031,307179,279129,586308
75,2031,307179,279129,586308
76,2031,307179,279129,586308
77,2031,307179,279129,586308
78,2031,306934,286413,593347
79,2031,306862,284996,591858
80,2031,306855,286432,593287
81,2031,306855,286432,593287
82,2031,306855,286432,593287
83,2031,306855,286432,593287
84,2031,306855,286432,593287
85,2031,306855,286432,593287
86,2031,306855,286432,593287
87,2031,306855,286432,593287
88,2031,306855,286432,593287
89,2031,306855,286432,593287
90,2031,306855,286432,593287
91,2031,306855,286432,593287
92,2031,306855,286432,593287
93,2031,306855,286432,593287
94,2031,306855,286432,593287
95,2031,306855,286432,593287
96,2031,306855,286432,593287
97,2031,306855,286432,593287
98,2031,306855,286432,593287
99,2031,306855,286432,593287
100,2031,306855,286432,593287
0,2031,292414,276267,568681
1,2031,292414,276267,568681
2,2031,292410,276267,568677
3,2031,292524,276267,568791
4,2031,292770,276374,569144
5,2031,292782,276405,569187
6,2031,292777,275836,568613
7,2031,292789,275833,568622
8,2031,292809,276105,568914
9,2031,292817,276218,569035
10,2031,292752,276008,568760
11,2031,292786,276013,568799
12,2031,292637,275836,568473
13,2031,294207,275567,569774
14,2031,297544,275452,572996
15,2031,296712,275491,572203
16,2031,295873,275344,571217
17,2031,298696,275638,574334
18,2031,308040,277244,585284
19,2031,310244,279250,589494
20,2031,310992,279343,590335
21,2031,309447,279369,588816
22,2031,309498,279517,589015
23,2031,309548,279517,589065
24,2031,309548,279517,589065
25,2031,309548,279517,589065
26,2031,309548,279517,589065
27,2031,309548,279517,589065
28,2031,309548,279517,589065
29,2031,309548,279517,589065
30,2031,309548,279517,589065
31,2031,309548,279517,589065
32,2031,309548,279517,589065
33,2031,309548,279517,589065
34,2031,309548,279517,589065
35,2031,309548,279517,589065
36,2031,309548,279517,589065
37,2031,309933,279517,589450
38,2031,309933,279517,589450
39,2031,309933,279517,589450
40,2031,309933,279517,589450
41,2031,309933,279517,589450
42,2031,309933,279517,589450
43,2031,309933,279517,589450
44,2031,311218,279445,590663
45,2031,311218,279445,590663
46,2031,311078,279485,590563
47,2031,311078,279485,590563
48,2031,311078,279485,590563
49,2031,311078,279485,590563
50,2031,311078,279485,590563
51,2031,311087,279523,590610
52,2031,311087,279523,590610
53,2031,311087,279523,590610
54,2031,311087,279523,590610
55,2031,311087,279523,590610
56,2031,311087,279523,590610
57,2031,311087,279523,590610
58,2031,311087,279523,590610
59,2031,311087,279523,590610
60,2031,311087,279523,590610
61,2031,311087,279523,590610
62,2031,311087,279523,590610
63,2031,311197,279523,590720
64,2031,311402,279483,590885
65,2031,311494,279483,590977
66,2031,311142,279522,590664
67,2031,311181,279522,590703
68,2031,310276,279498,589774
69,2031,310326,279498,589824
70,2031,310257,279585,589842
71,2031,310672,279598,590270
72,2031,310683,279572,590255
73,2031,309854,279579,589433
74,2031,309854,279579,589433
75,2031,309854,279579,589433
76,2031,309854,279579,589433
77,2031,309854,279579,589433
78,2031,309223,297053,606276
79,2031,309182,295170,604352
80,2031,309215,297002,606217
81,2031,309223,297359,606582
82,2031,309223,297359,606582
83,2031,309223,297359,606582
84,2031,309223,297359,606582
85,2031,309223,297359,606582
86,2031,309223,297359,606582
87,2031,309223,297359,606582
88,2031,309223,297359,606582
89,2031,309223,297359,606582
90,2031,309223,297359,606582
91,2031,309223,297359,606582
92,2031,309223,297359,606582
93,2031,309223,297359,606582
94,2031,309223,297359,606582
95,2031,309223,297359,606582
96,2031,309223,297359,606582
97,2031,309223,297359,606582
98,2031,309223,297359,606582
99,2031,309223,297359,606582
100,2031,309223,297359,606582
0,2031,290839,275033,565872
1,2031,290839,275033,565872
2,2031,290835,275033,565868
3,2031,290937,275233,566170
4,2031,291005,274937,565942
5,2031,291046,275155,566201
6,2031,292232,276240,568472
7,2031,292199,276233,568432
8,2031,291249,275661,566910
9,2031,291199,275601,566800
10,2031,292123,276191,568314
11,2031,292361,276048,568409
12,2031,293171,276060,569231
13,2031,294126,275531,569657
14,2031,296668,275937,572605
15,2031,295244,275388,570632
16,2031,296127,275713,571840
17,2031,298662,276231,574893
18,2031,305162,277907,583069
19,2031,309543,280666,590209
20,2031,310358,280573,590931
21,2031,310236,280007,590243
22,2031,310517,280086,590603
23,2031,310504,280086,590590
24,2031,310504,280086,590590
25,2031,310504,280086,590590
26,2031,310504,280086,590590
27,2031,310504,280086,590590
28,2031,310504,280086,590590
29,2031,310504,280086,590590
30,2031,310504,280086,590590
31,2031,310504,280086,590590
32,2031,310504,280086,590590
33,2031,310504,280086,590590
34,2031,310504,280086,590590
35,2031,310504,280086,590590
36,2031,310504,280086,590590
37,2031,310568,280086,590654
38,2031,310568,280086,590654
39,2031,310568,280086,590654
40,2031,310568,280086,590654
41,2031,310949,280086,591035
42,2031,310949,280086,591035
43,2031,310949,280086,591035
44,2031,311212,280770,591982
45,2031,311212,280770,591982
46,2031,311402,280718,592120
47,2031,311402,280718,592120
48,2031,311402,280718,592120
49,2031,311402,280718,592120
50,2031,311402,280718,592120
51,2031,311402,280757,592159
52,2031,311402,280757,592159
53,2031,311402,280757,592159
54,2031,311402,280757,592159
55,2031,311402,280757,592159
56,2031,311402,280757,592159
57,2031,311402,280757,592159
58,2031,311402,280757,592159
59,2031,311402,280757,592159
60,2031,311402,280757,592159
61,2031,311402,280757,592159
62,2031,311402,280757,592159
63,2031,311500,280757,592257
64,2031,311363,280826,592189
65,2031,311724,280826,592550
66,2031,311611,280757,592368
67,2031,311478,280757,592235
68,2031,311136,280282,591418
69,2031,311224,280386,591610
70,2031,311089,280359,591448
71,2031,311023,280782,591805
72,2031,311415,280757,592172
73,2031,310475,280113,590588
74,2031,310475,280113,590588
75,2031,310475,280113,590588
76,2031,310475,280113,590588
77,2031,310475,280113,590588
78,2031,312080,301426,613506
79,2031,311717,300216,611933
80,2031,312078,301550,613628
81,2031,312097,305369,617466
82,2031,312097,305369,617466
83,2031,312097,305369,617466
84,2031,312097,305369,617466
85,2031,312097,305369,617466
86,2031,312097,305369,617466
87,2031,312097,305369,617466
88,2031,312097,305369,617466
89,2031,312097,305369,617466
90,2031,312097,305369,617466
91,2031,312097,305369,617466
92,2031,312097,305369,617466
93,2031,312097,305369,617466
94,2031,312097,305369,617466
95,2031,312097,305369,617466
96,2031,312097,305369,617466
97,2031,312097,305369,617466
98,2031,312097,305369,617466
99,2031,312097,305369,617466
100,2031,312097,305369,617466
0,2031,289659,274603,564262
1,2031,289659,274603,564262
2,2031,289665,274603,564268
3,2031,290131,274992,565123
4,2031,290075,275018,565093
5,2031,290517,275453,565970
6,2031,291142,275727,566869
7,2031,291129,275727,566856
8,2031,291983,276029,568012
9,2031,291141,275810,566951
10,2031,291146,275616,566762
11,2031,292016,276074,568090
12,2031,292897,276138,569035
13,2031,294262,276019,570281
14,2031,294683,275572,570255
15,2031,297679,275397,573076
16,2031,295993,275946,571939
17,2031,298812,276626,575438
18,2031,303893,278118,582011
19,2031,307392,280296,587688
20,2031,308113,280287,588400
21,2031,310267,280533,590800
22,2031,310619,280734,591353
23,2031,310685,280734,591419
24,2031,310685,280734,591419
25,2031,310685,280734,591419
26,2031,310685,280734,591419
27,2031,310685,280734,591419
28,2031,310685,280734,591419
29,2031,310685,280734,591419
30,2031,310685,280734,591419
31,2031,310685,280734,591419
32,2031,310685,280734,591419
33,2031,310685,280734,591419
34,2031,310685,280734,591419
35,2031,310685,280734,591419
36,2031,310685,280734,591419
37,2031,310706,280734,591440
38,2031,310706,280734,591440
39,2031,310706,280734,591440
40,2031,310706,280734,591440
41,2031,311060,280758,591818
42,2031,311060,280758,591818
43,2031,311060,280758,591818
44,2031,310515,280639,591154
45,2031,310515,280639,591154
46,2031,310557,280639,591196
47,2031,310557,280639,591196
48,2031,310557,280639,591196
49,2031,310557,280639,591196
50,2031,310557,280639,591196
51,2031,310557,280639,591196
52,2031,310557,280639,591196
53,2031,310557,280639,591196
54,2031,310557,280639,591196
55,2031,310557,280639,591196
56,2031,310557,280639,591196
57,2031,310557,280639,591196
58,2031,310557,280639,591196
59,2031,310557,280639,591196
60,2031,310557,280639,591196
61,2031,310557,280639,591196
62,2031,310557,280639,591196
63,2031,310910,280639,591549
64,2031,310761,280639,591400
65,2031,311033,280639,591672
66,2031,311135,280672,591807
67,2031,310932,280639,591571
68,2031,311116,280771,591887
69,2031,311041,280703,591744
70,2031,310992,280666,591658
71,2031,310516,280639,591155
72,2031,310473,280639,591112
73,2031,311008,280697,591705
74,2031,311008,280697,591705
75,2031,311008,280697,591705
76,2031,311008,280697,591705
77,2031,311008,280697,591705
78,2031,314470,302480,616950
79,2031,314144,302411,616555
80,2031,314352,302829,617181
81,2031,316242,304224,620466
82,2031,316242,304224,620466
83,2031,316242,304224,620466
84,2031,316242,304224,620466
85,2031,316242,304224,620466
86,2031,316242,304224,620466
87,2031,316242,304224,620466
88,2031,316242,304224,620466
89,2031,316242,304224,620466
90,2031,316242,304224,620466
91,2031,316242,304224,620466
92,2031,316242,304224,620466
93,2031,316242,304224,620466
94,2031,316242,304224,620466
95,2031,316242,304224,620466
96,2031,316242,304224,620466
97,2031,316242,304224,620466
98,2031,316242,304224,620466
99,2031,316242,304224,620466
100,2031,316242,304224,620466
0,2031,269365,250391,519756
1,2031,269365,250391,519756
2,2031,269365,250391,519756
3,2031,269721,250453,520174
4,2031,269791,249704,519495
5,2031,269777,249427,519204
6,2031,269620,249426,519046
7,2031,269745,250411,520156
8,2031,269921,250459,520380
9,2031,276301,262959,539260
10,2031,290765,275121,565886
11,2031,291646,275629,567275
12,2031,271442,264040,535482
13,2031,293921,275856,569777
14,2031,279559,264607,544166
15,2031,279995,265091,545086
16,2031,295988,275549,571537
17,2031,315919,303718,619637
18,2031,315947,301646,617593
19,2031,312576,299881,612457
20,2031,313080,300095,613175
21,2031,317602,302794,620396
22,2031,317627,303558,621185
23,2031,316044,305862,621906
24,2031,320109,308805,628914
25,2031,357113,378168,735281
26,2031,440457,451429,891886
27,2031,441312,454819,896131
28,2031,441387,455228,896615
29,2031,441387,455228,896615
30,2031,441534,455841,897375
31,2031,444766,456553,901319
32,2031,445693,458161,903854
33,2031,456366,460521,916887
34,2031,477584,463807,941391
35,2031,478055,465595,943650
36,2031,479738,469676,949414
37,2031,480335,470591,950926
38,2031,473494,473040,946534
39,2031,461220,467290,928510
40,2031,461215,469053,930268
41,2031,460819,468685,929504
42,2031,445007,460572,905579
43,2031,359240,378626,737866
44,2031,358288,378626,736914
45,2031,358288,378626,736914
46,2031,357138,378690,735828
47,2031,357200,378690,735890
48,2031,357200,378690,735890
49,2031,357200,378690,735890
50,2031,357200,378690,735890
51,2031,357213,378690,735903
52,2031,356814,378690,735504
53,2031,359425,378626,738051
54,2031,358350,378626,736976
55,2031,359425,378626,738051
56,2031,322403,309326,631729
57,2031,322410,309793,632203
58,2031,322403,309326,631729
59,2031,322217,309326,631543
60,2031,322231,309326,631557
61,2031,334427,369257,703684
62,2031,334850,369283,704133
63,2031,326996,365151,692147
64,2031,320810,309259,630069
65,2031,319020,309242,628262
66,2031,322090,309326,631416
67,2031,293328,308932,602260
68,2031,283359,308932,592291
69,2031,271493,308506,579999
70,2031,270627,307834,578461
71,2031,270649,308506,579155
72,2031,269281,305570,574851
73,2031,268038,305945,573983
74,2031,269432,305985,575417
75,2031,270082,304877,574959
76,2031,267466,305132,572598
77,2031,273062,278837,551899
78,2031,288892,287379,576271
79,2031,283722,257582,541304
80,2031,283793,257690,541483
81,2031,283723,244577,528300
82,2031,283721,202680,486401
83,2031,283721,202680,486401
84,2031,283721,202770,486491
85,2031,283721,203782,487503
86,2031,283721,197464,481185
87,2031,283721,195146,478867
88,2031,283721,195146,478867
89,2031,283721,195146,478867
90,2031,283721,195146,478867
91,2031,283721,195146,478867
92,2031,283721,195146,478867
93,2031,283721,195146,478867
94,2031,283721,195146,478867
95,2031,283721,195146,478867
96,2031,283721,195146,478867
97,2031,283721,195146,478867
98,2031,283721,195146,478867
99,2031,283721,195146,478867
100,2031,283721,195146,478867
0,2031,266606,245230,511836
1,2031,265947,243926,509873
2,2031,265947,243926,509873
3,2031,265642,244012,509654
4,2031,265193,243926,509119
5,2031,265606,244398,510004
6,2031,265608,244773,510381
7,2031,265615,244973,510588
8,2031,265706,244973,510679
9,2031,269130,270063,539193
10,2031,289676,273068,562744
11,2031,292207,275914,568121
12,2031,291428,276005,567433
13,2031,293918,275686,569604
14,2031,292867,275873,568740
15,2031,283071,273310,556381
16,2031,278485,264977,543462
17,2031,298025,302114,600139
18,2031,318071,302792,620863
19,2031,312092,297408,609500
20,2031,313492,299187,612679
21,2031,314682,300174,614856
22,2031,315226,301501,616727
23,2031,317696,303684,621380
24,2031,320276,307533,627809
25,2031,361761,380613,742374
26,2031,372731,402179,774910
27,2031,417381,409409,826790
28,2031,457583,460195,917778
29,2031,457821,460195,918016
30,2031,465184,465769,930953
31,2031,470475,459742,930217
32,2031,466574,461128,927702
33,2031,475970,463048,939018
34,2031,473163,463382,936545
35,2031,476680,465745,942425
36,2031,481521,472287,953808
37,2031,481557,473393,954950
38,2031,481392,472588,953980
39,2031,482769,474039,956808
40,2031,485805,478748,964553
41,2031,486278,480643,966921
42,2031,486280,483176,969456
43,2031,460886,468776,929662
44,2031,381461,405904,787365
45,2031,365243,384570,749813
46,2031,361987,380808,742795
47,2031,361966,380808,742774
48,2031,361966,380808,742774
49,2031,361966,380808,742774
50,2031,361966,380808,742774
51,2031,361966,380808,742774
52,2031,361966,380808,742774
53,2031,362029,380864,742893
54,2031,434824,451426,886250
55,2031,371215,386740,757955
56,2031,358731,378621,737352
57,2031,324754,309790,634544
58,2031,323728,309693,633421
59,2031,319078,309674,628752
60,2031,319317,309514,628831
61,2031,313045,322789,635834
62,2031,325994,366600,692594
63,2031,348096,375509,723605
64,2031,324380,329695,654075
65,2031,319551,312769,632320
66,2031,284663,310568,595231
67,2031,319143,310413,629556
68,2031,284331,311374,595705
69,2031,269534,311401,580935
70,2031,268207,311401,579608
71,2031,266964,310119,577083
72,2031,265927,306658,572585
73,2031,266120,306565,572685
74,2031,266374,305878,572252
75,2031,266261,305770,572031
76,2031,266592,305618,572210
77,2031,269209,305653,574862
78,2031,287830,306355,594185
79,2031,286002,244806,530808
80,2031,285394,244950,530344
81,2031,296672,227314,523986
82,2031,290624,200167,490791
83,2031,290624,200366,490990
84,2031,290624,200366,490990
85,2031,290624,201566,492190
86,2031,290624,195243,485867
87,2031,290624,192754,483378
88,2031,290624,192754,483378
89,2031,290624,192754,483378
90,2031,290624,192754,483378
91,2031,288885,192754,481639
92,2031,288885,192754,481639
93,2031,288885,192754,481639
94,2031,288885,192754,481639
95,2031,288885,192754,481639
96,2031,288885,192754,481639
97,2031,288885,192754,481639
98,2031,288885,192754,481639
99,2031,288885,192754,481639
100,2031,288885,192754,481639
0,2031,284694,273323,558017
1,2031,263453,247849,511302
2,2031,273622,243489,517111
3,2031,266708,244341,511049
4,2031,261267,244348,505615
5,2031,266450,244829,511279
6,2031,263881,245012,508893
7,2031,269485,245041,514526
8,2031,261933,245041,506974
9,2031,263905,250311,514216
10,2031,268642,248986,517628
11,2031,277642,263239,540881
12,2031,293585,279541,573126
13,2031,293967,275856,569823
14,2031,295822,280321,576143
15,2031,294216,279392,573608
16,2031,282909,273422,556331
17,2031,300626,275558,576184
18,2031,311560,308117,619677
19,2031,312512,297479,609991
20,2031,312546,297058,609604
21,2031,313177,297573,610750
22,2031,313632,298776,612408
23,2031,317754,303087,620841
24,2031,316976,304539,621515
25,2031,307453,324535,631988
26,2031,353200,371308,724508
27,2031,361130,371541,732671
28,2031,361180,371490,732670
29,2031,479490,463790,943280
30,2031,477964,462971,940935
31,2031,478346,462904,941250
32,2031,478004,463087,941091
33,2031,478612,464794,943406
34,2031,476820,464532,941352
35,2031,478716,466808,945524
36,2031,482269,473939,956208
37,2031,482548,474960,957508
38,2031,484206,477509,961715
39,2031,485827,477579,963406
40,2031,488629,481348,969977
41,2031,488628,482871,971499
42,2031,488645,486293,974938
43,2031,486588,484968,971556
44,2031,464710,471615,936325
45,2031,424301,426508,850809
46,2031,359966,373318,733284
47,2031,351696,369864,721560
48,2031,344253,368979,713232
49,2031,338200,362089,700289
50,2031,338217,362027,700244
51,2031,329160,346973,676133
52,2031,317790,328158,645948
53,2031,315206,328158,643364
54,2031,358821,371097,729918
55,2031,357718,370969,728687
56,2031,362173,380786,742959
57,2031,357295,378440,735735
58,2031,323833,309355,633188
59,2031,317199,309457,626656
60,2031,317305,310852,628157
61,2031,314519,317966,632485
62,2031,304158,321608,625766
63,2031,301653,317248,618901
64,2031,327208,363476,690684
65,2031,325311,329165,654476
66,2031,319096,313255,632351
67,2031,285218,311463,596681
68,2031,315631,310212,625843
69,2031,270069,313800,583869
70,2031,268641,310879,579520
71,2031,266617,309600,576217
72,2031,266650,311562,578212
73,2031,267542,315686,583228
74,2031,265947,306261,572208
75,2031,264015,306326,570341
76,2031,268764,303576,572340
77,2031,263871,306101,569972
78,2031,273588,305740,579328
79,2031,278237,245530,523767
80,2031,278460,245458,523918
81,2031,271447,237190,508637
82,2031,269488,226718,496206
83,2031,269488,200810,470298
84,2031,269488,200810,470298
85,2031,269488,201740,471228
86,2031,269488,195188,464676
87,2031,269488,192711,462199
88,2031,269488,192711,462199
89,2031,269488,192711,462199
90,2031,269488,192711,462199
91,2031,271403,192711,464114
92,2031,271403,192711,464114
93,2031,271403,192711,464114
94,2031,271403,192711,464114
95,2031,271403,192711,464114
96,2031,271403,192711,464114
97,2031,271403,192711,464114
98,2031,271403,192711,464114
99,2031,271403,192711,464114
100,2031,271403,192711,464114
0,2031,280457,267563,548020
1,2031,282936,269773,552709
2,2031,270909,253826,524735
3,2031,270125,253537,523662
4,2031,280772,259971,540743
5,2031,270471,253562,524033
6,2031,273478,245234,518712
7,2031,273315,245318,518633
8,2031,252173,245181,497354
9,2031,258526,244706,503232
10,2031,264535,245193,509728
11,2031,282392,269571,551963
12,2031,280888,268096,548984
13,2031,293947,275647,569594
14,2031,291794,274393,566187
15,2031,296559,280331,576890
16,2031,295836,289521,585357
17,2031,285025,273536,558561
18,2031,307272,305306,612578
19,2031,314034,298702,612736
20,2031,316373,299729,616102
21,2031,312679,297909,610588
22,2031,314788,299182,613970
23,2031,316628,302787,619415
24,2031,317581,303610,621191
25,2031,321902,326159,648061
26,2031,322984,359313,682297
27,2031,331760,367852,699612
28,2031,351433,373573,725006
29,2031,368280,376662,744942
30,2031,472958,459035,931993
31,2031,468990,459332,928322
32,2031,441048,449240,890288
33,2031,472310,461143,933453
34,2031,437973,442244,880217
35,2031,437422,441186,878608
36,2031,469395,468721,938116
37,2031,469809,469095,938904
38,2031,472787,475169,947956
39,2031,483218,475237,958455
40,2031,485431,481898,967329
41,2031,485360,483846,969206
42,2031,487401,486390,973791
43,2031,488659,489479,978138
44,2031,486711,485319,972030
45,2031,484756,484565,969321
46,2031,406072,411956,818028
47,2031,370637,390973,761610
48,2031,370219,390065,760284
49,2031,361176,386914,748090
50,2031,336105,370269,706374
51,2031,341809,369697,711506
52,2031,331108,368732,699840
53,2031,342934,369616,712550
54,2031,318453,360056,678509
55,2031,322955,365950,688905
56,2031,334019,347000,681019
57,2031,362584,380259,742843
58,2031,358639,377640,736279
59,2031,323961,307756,631717
60,2031,323601,309672,633273
61,2031,326912,317365,644277
62,2031,313220,319910,633130
63,2031,325779,322854,648633
64,2031,308818,321175,629993
65,2031,312268,322958,635226
66,2031,325870,310550,636420
67,2031,318633,316315,634948
68,2031,284761,314823,599584
69,2031,285463,317769,603232
70,2031,267749,316701,584450
71,2031,266670,312428,579098
72,2031,266386,311483,577869
73,2031,269293,314456,583749
74,2031,269624,304538,574162
75,2031,261590,306190,567780
76,2031,258638,307514,566152
77,2031,260211,305533,565744
78,2031,266374,308974,575348
79,2031,245908,246205,492113
80,2031,246416,246205,492621
81,2031,235435,237789,473224
82,2031,219972,227500,447472
83,2031,218893,202821,421714
84,2031,218893,200913,419806
85,2031,219001,201952,420953
86,2031,218552,195188,413740
87,2031,218227,192646,410873
88,2031,218227,192646,410873
89,2031,218227,192646,410873
90,2031,218227,192646,410873
91,2031,217775,192646,410421
92,2031,217775,192646,410421
93,2031,217812,192646,410458
94,2031,217812,192646,410458
95,2031,217812,192646,410458
96,2031,217812,192646,410458
97,2031,217812,192646,410458
98,2031,217812,192646,410458
99,2031,217812,192646,410458
100,2031,217812,192646,410458
0,2031,280073,269023,549096
1,2031,279680,268478,548158
2,2031,282271,268806,551077
3,2031,281019,268515,549534
4,2031,273411,268505,541916
5,2031,280809,269011,549820
6,2031,281918,268957,550875
7,2031,272151,260172,532323
8,2031,269867,255576,525443
9,2031,271201,261938,533139
10,2031,265837,253018,518855
11,2031,283132,272714,555846
12,2031,275389,257230,532619
13,2031,294294,275880,570174
14,2031,294757,276225,570982
15,2031,298865,273621,572486
16,2031,305545,282424,587969
17,2031,306435,293491,599926
18,2031,302257,280019,582276
19,2031,312777,309119,621896
20,2031,314805,297810,612615
21,2031,308481,288990,597471
22,2031,309006,289577,598583
23,2031,314860,298911,613771
24,2031,319146,307503,626649
25,2031,326209,317258,643467
26,2031,330679,322810,653489
27,2031,335073,326557,661630
28,2031,343518,336894,680412
29,2031,352399,350286,702685
30,2031,366856,358038,724894
31,2031,385240,378388,763628
32,2031,393637,393214,786851
33,2031,384985,381818,766803
34,2031,390774,390456,781230
35,2031,468297,465420,933717
36,2031,466519,467126,933645
37,2031,466876,467930,934806
38,2031,471608,470759,942367
39,2031,472698,470939,943637
40,2031,478815,480107,958922
41,2031,479772,483751,963523
42,2031,479998,488026,968024
43,2031,485468,488883,974351
44,2031,488806,490450,979256
45,2031,486652,484788,971440
46,2031,485343,485163,970506
47,2031,444945,460572,905517
48,2031,409846,413163,823009
49,2031,409004,413163,822167
50,2031,388584,398144,786728
51,2031,388663,398120,786783
52,2031,388442,398116,786558
53,2031,367669,396236,763905
54,2031,371249,386991,758240
55,2031,353254,387530,740784
56,2031,324876,365789,690665
57,2031,327716,338526,666242
58,2031,372343,390183,762526
59,2031,367846,389052,756898
60,2031,360392,380362,740754
61,2031,327290,314457,641747
62,2031,332785,332439,665224
63,2031,333081,316553,649634
64,2031,327207,321833,649040
65,2031,321167,325482,646649
66,2031,318350,336914,655264
67,2031,325334,342386,667720
68,2031,320157,345868,666025
69,2031,282701,330060,612761
70,2031,269109,340914,610023
71,2031,268330,336808,605138
72,2031,268087,337311,605398
73,2031,268034,336084,604118
74,2031,268911,331800,600711
75,2031,262027,327940,589967
76,2031,262496,327952,590448
77,2031,260773,318264,579037
78,2031,255857,313304,569161
79,2031,236078,260489,496567
80,2031,235418,253296,488714
81,2031,225260,238410,463670
82,2031,216524,226583,443107
83,2031,215483,215096,430579
84,2031,214804,200907,415711
85,2031,214848,201946,416794
86,2031,215047,195188,410235
87,2031,215027,192646,407673
88,2031,215027,192646,407673
89,2031,215027,192646,407673
90,2031,215027,192646,407673
91,2031,214336,192646,406982
92,2031,214336,192646,406982
93,2031,214357,192646,407003
94,2031,214357,192646,407003
95,2031,214357,192646,407003
96,2031,214357,192646,407003
97,2031,214357,192646,407003
98,2031,214357,192646,407003
99,2031,214357,192646,407003
100,2031,214357,192646,407003
0,2031,283023,273359,556382
1,2031,279687,269598,549285
2,2031,279610,269374,548984
3,2031,280881,269933,550814
4,2031,280670,269006,549676
5,2031,280794,269698,550492
6,2031,279436,268233,547669
7,2031,282140,268889,551029
8,2031,282110,269266,551376
9,2031,271980,261343,533323
10,2031,283209,268729,551938
11,2031,268092,252908,521000
12,2031,283039,272556,555595
13,2031,268913,263942,532855
14,2031,294166,276441,570607
15,2031,293977,274464,568441
16,2031,313473,319477,632950
17,2031,301428,296212,597640
18,2031,315342,297968,613310
19,2031,315507,320914,636421
20,2031,316737,302801,619538
21,2031,312160,296438,608598
22,2031,311507,297342,608849
23,2031,314353,298164,612517
24,2031,322298,309225,631523
25,2031,323893,313957,637850
26,2031,329189,320638,649827
27,2031,330468,322263,652731
28,2031,338600,333485,672085
29,2031,344586,338159,682745
30,2031,350360,350060,700420
31,2031,364958,363051,728009
32,2031,379496,381660,761156
33,2031,407219,411386,818605
34,2031,380693,386813,767506
35,2031,417726,419472,837198
36,2031,392500,393059,785559
37,2031,463185,466668,929853
38,2031,470138,471447,941585
39,2031,470354,471005,941359
40,2031,475949,477341,953290
41,2031,476002,477102,953104
42,2031,478684,486944,965628
43,2031,480231,490687,970918
44,2031,485663,490342,976005
45,2031,487595,493191,980786
46,2031,486647,485215,971862
47,2031,485922,486437,972359
48,2031,460895,469252,930147
49,2031,437501,451647,889148
50,2031,423809,433456,857265
51,2031,423801,433400,857201
52,2031,416457,426627,843084
53,2031,391219,408040,799259
54,2031,366681,371488,738169
55,2031,367875,372658,740533
56,2031,340155,384069,724224
57,2031,321795,360125,681920
58,2031,334152,352697,686849
59,2031,373025,393812,766837
60,2031,369896,390516,760412
61,2031,360273,379524,739797
62,2031,328350,314432,642782
63,2031,326968,314586,641554
64,2031,331679,339375,671054
65,2031,317495,316137,633632
66,2031,303284,320546,623830
67,2031,324892,328668,653560
68,2031,309522,335975,645497
69,2031,301341,345586,646927
70,2031,269227,323570,592797
71,2031,270842,322919,593761
72,2031,270692,321256,591948
73,2031,270653,319793,590446
74,2031,275816,318049,593865
75,2031,261587,318381,579968
76,2031,260817,318008,578825
77,2031,260811,323573,584384
78,2031,257591,314443,572034
79,2031,232413,294987,527400
80,2031,226849,256017,482866
81,2031,220836,238374,459210
82,2031,217806,226295,444101
83,2031,214505,215387,429892
84,2031,214143,200907,415050
85,2031,214175,201757,415932
86,2031,214247,195188,409435
87,2031,214216,192646,406862
88,2031,214216,192646,406862
89,2031,214216,192646,406862
90,2031,213931,192646,406577
91,2031,214755,192646,407401
92,2031,214755,192646,407401
93,2031,214755,192646,407401
94,2031,214755,192646,407401
95,2031,214755,192646,407401
96,2031,214755,192646,407401
97,2031,214755,192646,407401
98,2031,214755,192646,407401
99,2031,214755,192646,407401
100,2031,214755,192646,407401
0,2031,291632,274992,566624
1,2031,283485,274094,557579
2,2031,280692,269255,549947
3,2031,282047,270150,552197
4,2031,283320,270931,554251
5,2031,281734,270081,551815
6,2031,279712,269380,549092
7,2031,279798,269438,549236
8,2031,279750,268808,548558
9,2031,281100,268905,550005
10,2031,279995,269591,549586
11,2031,285363,274513,559876
12,2031,283879,275350,559229
13,2031,283869,272625,556494
14,2031,294426,275284,569710
15,2031,294812,305014,599826
16,2031,316372,318760,635132
17,2031,312031,310658,622689
18,2031,306065,291909,597974
19,2031,314302,322593,636895
20,2031,316750,304697,621447
21,2031,316573,301064,617637
22,2031,318739,301478,620217
23,2031,311886,298712,610598
24,2031,322491,311589,634080
25,2031,323257,315133,638390
26,2031,326089,315783,641872
27,2031,328148,319041,647189
28,2031,331103,323421,654524
29,2031,342300,333760,676060
30,2031,344765,337837,682602
31,2031,350419,350947,701366
32,2031,363714,364220,727934
33,2031,403059,413476,816535
34,2031,467083,462145,929228
35,2031,435980,442630,878610
36,2031,465830,467851,933681
37,2031,410601,407834,818435
38,2031,462725,467114,929839
39,2031,463263,466496,929759
40,2031,472258,476039,948297
41,2031,472717,475075,947792
42,2031,473620,478792,952412
43,2031,476791,481164,957955
44,2031,480281,491818,972099
45,2031,478666,492861,971527
46,2031,488642,490153,978795
47,2031,488769,490971,979740
48,2031,486520,487848,974368
49,2031,463379,474759,938138
50,2031,445778,460941,906719
51,2031,422911,416454,839365
52,2031,409985,415971,825956
53,2031,408129,414972,823101
54,2031,387025,399783,786808
55,2031,385381,399951,785332
56,2031,365765,385503,751268
57,2031,346252,385767,732019
58,2031,322087,342506,664593
59,2031,328836,355279,684115
60,2031,373511,402070,775581
61,2031,371377,392066,763443
62,2031,361167,379358,740525
63,2031,328560,314774,643334
64,2031,329808,314424,644232
65,2031,328468,320846,649314
66,2031,321695,319856,641551
67,2031,311431,322439,633870
68,2031,301232,323193,624425
69,2031,291622,319882,611504
70,2031,298825,344425,643250
71,2031,277705,315789,593494
72,2031,271704,318059,589763
73,2031,274774,312616,587390
74,2031,273035,318454,591489
75,2031,275915,317347,593262
76,2031,263714,319430,583144
77,2031,260213,320440,580653
78,2031,258856,315909,574765
79,2031,224768,278953,503721
80,2031,220910,257026,477936
81,2031,215029,238361,453390
82,2031,214130,226515,440645
83,2031,215236,214937,430173
84,2031,214896,201080,415976
85,2031,214896,202183,417079
86,2031,214921,195270,410191
87,2031,214592,192727,407319
88,2031,214635,192727,407362
89,2031,214654,192691,407345
90,2031,214654,192691,407345
91,2031,214139,192630,406769
92,2031,214695,192691,407386
93,2031,214139,192630,406769
94,2031,214139,192695,406834
95,2031,214139,192695,406834
96,2031,214139,192651,406790
97,2031,214139,192651,406790
98,2031,214139,192651,406790
99,2031,214139,192651,406790
100,2031,214139,192651,406790
0,2031,291764,274332,566096
1,2031,291600,274993,566593
2,2031,291178,274647,565825
3,2031,291720,274709,566429
4,2031,291676,274212,565888
5,2031,282898,271874,554772
6,2031,283818,274048,557866
7,2031,282555,270430,552985
8,2031,280853,269271,550124
9,2031,282998,271664,554662
10,2031,281235,269352,550587
11,2031,283906,275349,559255
12,2031,282676,270658,553334
13,2031,283491,276049,559540
14,2031,277840,264832,542672
15,2031,290131,299741,589872
16,2031,312212,323005,635217
17,2031,316417,319953,636370
18,2031,303174,293136,596310
19,2031,319128,320970,640098
20,2031,314138,307420,621558
21,2031,316897,305535,622432
22,2031,317502,302859,620361
23,2031,310403,297151,607554
24,2031,320524,306697,627221
25,2031,318815,304269,623084
26,2031,324218,318383,642601
27,2031,327950,316298,644248
28,2031,327620,318821,646441
29,2031,331557,327562,659119
30,2031,338854,333788,672642
31,2031,347734,342576,690310
32,2031,357002,353188,710190
33,2031,364347,362765,727112
34,2031,415045,414149,829194
35,2031,441370,442257,883627
36,2031,457966,461817,919783
37,2031,460713,464166,924879
38,2031,463411,468241,931652
39,2031,463168,467789,930957
40,2031,472996,474513,947509
41,2031,472827,476087,948914
42,2031,472762,476601,949363
43,2031,472711,478325,951036
44,2031,481878,481339,963217
45,2031,481300,475981,957281
46,2031,479692,493359,973051
47,2031,485567,491749,977316
48,2031,488741,491387,980128
49,2031,488538,492359,980897
50,2031,485870,486987,972857
51,2031,467110,477303,944413
52,2031,435063,449355,884418
53,2031,420455,424542,844997
54,2031,394867,412754,807621
55,2031,393359,407574,800933
56,2031,382977,398873,781850
57,2031,364893,387295,752188
58,2031,344455,386546,731001
59,2031,321690,340692,662382
60,2031,324243,369786,694029
61,2031,376418,402603,779021
62,2031,372444,393476,765920
63,2031,360449,380110,740559
64,2031,328848,330770,659618
65,2031,329251,318881,648132
66,2031,330812,342335,673147
67,2031,328931,321766,650697
68,2031,323907,320136,644043
69,2031,310513,324141,634654
70,2031,292050,320402,612452
71,2031,283416,346226,629642
72,2031,272628,328756,601384
73,2031,273040,325678,598718
74,2031,270803,328848,599651
75,2031,270398,318069,588467
76,2031,276829,318161,594990
77,2031,263212,320349,583561
78,2031,258869,314473,573342
79,2031,236220,302993,539213
80,2031,222887,285349,508236
81,2031,216263,251822,468085
82,2031,215415,226660,442075
83,2031,215356,216474,431830
84,2031,215063,201472,416535
85,2031,215063,201930,416993
86,2031,214734,195270,410004
87,2031,214777,192727,407504
88,2031,214777,192691,407468
89,2031,214796,192663,407459
90,2031,214796,192663,407459
91,2031,214239,192651,406890
92,2031,214239,193124,407363
93,2031,214239,192854,407093
94,2031,214239,193189,407428
95,2031,214239,193042,407281
96,2031,214239,193042,407281
97,2031,214239,193042,407281
98,2031,214239,193042,407281
99,2031,214239,193042,407281
100,2031,214239,193042,407281
0,2031,271405,255677,527082
1,2031,291735,274174,565909
2,2031,291663,274267,565930
3,2031,291693,274082,565775
4,2031,292154,274378,566532
5,2031,291645,274772,566417
6,2031,283810,272799,556609
7,2031,283303,272238,555541
8,2031,283849,274140,557989
9,2031,289448,271368,560816
10,2031,283565,274256,557821
11,2031,280779,268300,549079
12,2031,283794,274286,558080
13,2031,282627,272431,555058
14,2031,282628,272783,555411
15,2031,290213,280145,570358
16,2031,310386,316088,626474
17,2031,309862,319921,629783
18,2031,306933,293792,600725
19,2031,309420,310264,619684
20,2031,311858,309649,621507
21,2031,317764,306417,624181
22,2031,317649,303596,621245
23,2031,312080,299875,611955
24,2031,311364,297288,608652
25,2031,315160,300536,615696
26,2031,321593,311791,633384
27,2031,327821,317197,645018
28,2031,330988,323409,654397
29,2031,327960,320450,648410
30,2031,328998,323098,652096
31,2031,342277,338468,680745
32,2031,347513,342855,690368
33,2031,354930,374992,729922
34,2031,367324,364081,731405
35,2031,385500,381496,766996
36,2031,438216,444555,882771
37,2031,459188,462195,921383
38,2031,458273,464301,922574
39,2031,458394,463755,922149
40,2031,465395,465640,931035
41,2031,469827,473222,943049
42,2031,470146,474433,944579
43,2031,472782,476785,949567
44,2031,473930,479604,953534
45,2031,472870,478806,951676
46,2031,481728,491339,973067
47,2031,480043,491660,971703
48,2031,487751,498062,985813
49,2031,489714,498029,987743
50,2031,489467,492778,982245
51,2031,487372,489718,977090
52,2031,476041,482094,958135
53,2031,441486,459490,900976
54,2031,423048,439162,862210
55,2031,409452,422393,831845
56,2031,392361,411160,803521
57,2031,383301,399588,782889
58,2031,364916,382714,747630
59,2031,348972,385991,734963
60,2031,323832,366386,690218
61,2031,323955,369224,693179
62,2031,376748,402519,779267
63,2031,372236,390516,762752
64,2031,358511,382632,741143
65,2031,328643,340963,669606
66,2031,327532,317890,645422
67,2031,331617,319953,651570
68,2031,331686,321596,653282
69,2031,320867,321419,642286
70,2031,321448,319562,641010
71,2031,302705,348173,650878
72,2031,271237,343055,614292
73,2031,274354,322982,597336
74,2031,271660,326047,597707
75,2031,271227,313510,584737
76,2031,268327,313341,581668
77,2031,263814,323864,587678
78,2031,259780,314206,573986
79,2031,234993,296809,531802
80,2031,223113,279307,502420
81,2031,216909,254401,471310
82,2031,215485,238680,454165
83,2031,215424,225905,441329
84,2031,215063,203272,418335
85,2031,214777,201930,416707
86,2031,214777,195270,410047
87,2031,214331,192727,407058
88,2031,214331,192626,406957
89,2031,213853,192821,406674
90,2031,213623,192857,406480
91,2031,213143,193405,406548
92,2031,213175,193357,406532
93,2031,212562,190519,403081
94,2031,212562,190519,403081
95,2031,212562,189107,401669
96,2031,212591,188391,400982
97,2031,212591,188391,400982
98,2031,212591,188391,400982
99,2031,212591,188391,400982
100,2031,212591,188391,400982
0,2031,270639,254986,525625
1,2031,271417,255677,527094
2,2031,291482,273674,565156
3,2031,292003,274700,566703
4,2031,292464,275058,567522
5,2031,292054,274898,566952
6,2031,291641,274424,566065
7,2031,291676,274307,565983
8,2031,283526,273656,557182
9,2031,291784,274554,566338
10,2031,291597,274239,565836
11,2031,291850,275950,567800
12,2031,293300,276378,569678
13,2031,293916,276320,570236
14,2031,293891,282744,576635
15,2031,293867,276220,570087
16,2031,328413,282678,611091
17,2031,307244,320290,627534
18,2031,305350,294946,600296
19,2031,304226,291106,595332
20,2031,307383,293242,600625
21,2031,307982,302273,610255
22,2031,316224,308915,625139
23,2031,309212,287607,596819
24,2031,309044,290314,599358
25,2031,315271,297372,612643
26,2031,325519,312378,637897
27,2031,327426,315006,642432
28,2031,328731,318273,647004
29,2031,330856,323359,654215
30,2031,327942,320252,648194
31,2031,335063,332475,667538
32,2031,342539,338376,680915
33,2031,348769,342502,691271
34,2031,361510,358958,720468
35,2031,367166,364082,731248
36,2031,388645,389028,777673
37,2031,391291,389205,780496
38,2031,457099,464587,921686
39,2031,458517,464693,923210
40,2031,459879,465779,925658
41,2031,465916,465071,930987
42,2031,462922,466226,929148
43,2031,470098,474617,944715
44,2031,472940,477325,950265
45,2031,472603,478059,950662
46,2031,477357,481197,958554
47,2031,480997,479751,960748
48,2031,480670,492258,972928
49,2031,484602,496233,980835
50,2031,484821,498238,983059
51,2031,488228,495894,984122
52,2031,487878,491603,979481
53,2031,480071,482698,962769
54,2031,440547,458507,899054
55,2031,433675,450014,883689
56,2031,414184,422255,836439
57,2031,393142,410883,804025
58,2031,382538,399441,781979
59,2031,363777,371438,735215
60,2031,360408,383822,744230
61,2031,322687,366159,688846
62,2031,320005,366243,686248
63,2031,377451,402491,779942
64,2031,368158,388890,757048
65,2031,334323,369639,703962
66,2031,324261,351426,675687
67,2031,326725,323150,649875
68,2031,327922,317351,645273
69,2031,327650,314588,642238
70,2031,299868,321306,621174
71,2031,290390,317924,608314
72,2031,300226,343442,643668
73,2031,269597,337783,607380
74,2031,270811,327123,597934
75,2031,272553,319665,592218
76,2031,271754,313824,585578
77,2031,265219,323840,589059
78,2031,260065,317724,577789
79,2031,239697,303896,543593
80,2031,225967,294926,520893
81,2031,217563,256601,474164
82,2031,215680,238481,454161
83,2031,215540,225843,441383
84,2031,214875,205364,420239
85,2031,214796,204764,419560
86,2031,214796,195270,410066
87,2031,213853,192691,406544
88,2031,213623,192626,406249
89,2031,209938,187140,397078
90,2031,211217,193237,404454
91,2031,210605,192622,403227
92,2031,209616,177861,387477
93,2031,209616,162315,371931
94,2031,208508,161109,369617
95,2031,208448,161974,370422
96,2031,208448,159141,367589
97,2031,208448,157758,366206
98,2031,208448,157758,366206
99,2031,208448,157758,366206
100,2031,208448,157758,366206
0,2031,258609,237962,496571
1,2031,283981,269941,553922
2,2031,271855,256097,527952
3,2031,291144,275472,566616
4,2031,291328,274780,566108
5,2031,292712,275816,568528
6,2031,292574,275311,567885
7,2031,292326,275071,567397
8,2031,292224,275052,567276
9,2031,280741,272070,552811
10,2031,292245,275582,567827
11,2031,292447,276264,568711
12,2031,293840,275441,569281
13,2031,295545,276424,571969
14,2031,297712,275284,572996
15,2031,297488,276538,574026
16,2031,302258,278831,581089
17,2031,302738,278090,580828
18,2031,307551,277327,584878
19,2031,307941,289622,597563
20,2031,309764,290808,600572
21,2031,311558,301024,612582
22,2031,314192,305582,619774
23,2031,312467,300892,613359
24,2031,308726,290667,599393
25,2031,317372,302382,619754
26,2031,324838,311573,636411
27,2031,326876,312912,639788
28,2031,328954,316914,645868
29,2031,328897,318746,647643
30,2031,332010,324150,656160
31,2031,328277,322321,650598
32,2031,334751,332556,667307
33,2031,342160,338017,680177
34,2031,348692,346863,695555
35,2031,360589,358333,718922
36,2031,367215,367024,734239
37,2031,381489,386652,768141
38,2031,404018,403302,807320
39,2031,457582,464946,922528
40,2031,458489,462985,921474
41,2031,444838,447184,892022
42,2031,455025,463915,918940
43,2031,460940,463633,924573
44,2031,470131,474955,945086
45,2031,469345,471766,941111
46,2031,474054,480517,954571
47,2031,472321,479411,951732
48,2031,482939,484763,967702
49,2031,479868,492438,972306
50,2031,479853,492716,972569
51,2031,487065,497217,984282
52,2031,490595,500358,990953
53,2031,487391,491520,978911
54,2031,479235,481944,961179
55,2031,449873,464345,914218
56,2031,425665,443938,869603
57,2031,415046,425278,840324
58,2031,390160,407544,797704
59,2031,381503,399447,780950
60,2031,366593,376571,743164
61,2031,359169,374809,733978
62,2031,325232,368739,693971
63,2031,320611,365432,686043
64,2031,376587,396552,773139
65,2031,362005,389150,751155
66,2031,335610,368016,703626
67,2031,322966,347270,670236
68,2031,324205,318969,643174
69,2031,323541,318076,641617
70,2031,329362,319000,648362
71,2031,319377,320793,640170
72,2031,292113,319874,611987
73,2031,283853,338742,622595
74,2031,268742,336625,605367
75,2031,278755,321979,600734
76,2031,271694,313663,585357
77,2031,264580,325796,590376
78,2031,258984,316685,575669
79,2031,246853,307230,554083
80,2031,235604,302055,537659
81,2031,221452,285748,507200
82,2031,216646,250569,467215
83,2031,215598,226013,441611
84,2031,215115,218354,433469
85,2031,214322,206876,421198
86,2031,213853,195270,409123
87,2031,213337,192636,405973
88,2031,213187,192792,405979
89,2031,209505,183938,393443
90,2031,208881,180731,389612
91,2031,207970,176470,384440
92,2031,209553,181768,391321
93,2031,207546,163874,371420
94,2031,206718,142694,349412
95,2031,205429,140649,346078
96,2031,205375,140649,346024
97,2031,205375,140336,345711
98,2031,205375,140336,345711
99,2031,204248,129772,334020
100,2031,204248,129772,334020
0,2031,247715,225985,473700
1,2031,270620,250913,521533
2,2031,282898,270052,552950
3,2031,269468,258415,527883
4,2031,291231,275603,566834
5,2031,292586,275734,568320
6,2031,292415,274893,567308
7,2031,292706,275549,568255
8,2031,292504,274931,567435
9,2031,292493,275400,567893
10,2031,292598,275226,567824
11,2031,291522,274512,566034
12,2031,294185,274920,569105
13,2031,292708,274236,566944
14,2031,294444,274468,568912
15,2031,293341,275229,568570
16,2031,302527,277652,580179
17,2031,303170,278250,581420
18,2031,305743,277453,583196
19,2031,304986,293286,598272
20,2031,308911,293345,602256
21,2031,312529,294075,606604
22,2031,312777,300458,613235
23,2031,314043,299097,613140
24,2031,309752,290778,600530
25,2031,315312,300569,615881
26,2031,325115,311271,636386
27,2031,325471,309865,635336
28,2031,327965,316456,644421
29,2031,329402,318721,648123
30,2031,329028,320848,649876
31,2031,327761,321271,649032
32,2031,328457,322266,650723
33,2031,335105,332642,667747
34,2031,344017,338201,682218
35,2031,349568,347747,697315
36,2031,360324,359255,719579
37,2031,364649,366347,730996
38,2031,382519,386449,768968
39,2031,459110,464879,923989
40,2031,456662,465891,922553
41,2031,457929,464937,922866
42,2031,457998,466323,924321
43,2031,454276,462332,916608
44,2031,463145,465895,929040
45,2031,470303,472956,943259
46,2031,473221,477864,951085
47,2031,472614,477005,949619
48,2031,472395,480097,952492
49,2031,472955,480563,953518
50,2031,481420,478207,959627
51,2031,479913,492318,972231
52,2031,478654,495830,974484
53,2031,488129,497721,985850
54,2031,487471,491727,979198
55,2031,483568,484874,968442
56,2031,445436,460970,906406
57,2031,426313,444847,871160
58,2031,414900,424548,839448
59,2031,389835,407562,797397
60,2031,380621,398883,779504
61,2031,365989,376764,742753
62,2031,359802,375319,735121
63,2031,323741,367495,691236
64,2031,324035,368076,692111
65,2031,375858,400848,776706
66,2031,361910,376014,737924
67,2031,328415,347555,675970
68,2031,327795,345581,673376
69,2031,321183,317477,638660
70,2031,327716,319607,647323
71,2031,315340,321965,637305
72,2031,276253,327351,603604
73,2031,282081,318455,600536
74,2031,283982,323523,607505
75,2031,272154,328455,600609
76,2031,270763,314810,585573
77,2031,264059,323020,587079
78,2031,269487,318995,588482
79,2031,249629,309158,558787
80,2031,233392,268050,501442
81,2031,219532,262736,482268
82,2031,217129,250298,467427
83,2031,215581,226349,441930
84,2031,214619,227597,442216
85,2031,213702,206580,420282
86,2031,213562,195270,408832
87,2031,211728,192636,404364
88,2031,211149,192932,404081
89,2031,193480,183157,376637
90,2031,197199,174904,372103
91,2031,184631,122168,306799
92,2031,154147,101704,255851
93,2031,158140,112612,270752
94,2031,152385,96405,248790
95,2031,144835,57703,202538
96,2031,144697,52987,197684
97,2031,144736,52987,197723
98,2031,144714,52352,197066
99,2031,144506,52571,197077
100,2031,144506,52434,196940
0,2031,237964,218953,456917
1,2031,254567,237393,491960
2,2031,270107,248432,518539
3,2031,282426,268895,551321
4,2031,269105,250862,519967
5,2031,278269,264940,543209
6,2031,291634,275349,566983
7,2031,291743,275925,567668
8,2031,292713,275046,567759
9,2031,291838,275299,567137
10,2031,292650,276386,569036
11,2031,292215,275524,567739
12,2031,294227,276265,570492
13,2031,293564,276058,569622
14,2031,295444,276465,571909
15,2031,294305,275680,569985
16,2031,295448,275622,571070
17,2031,304079,278176,582255
18,2031,304336,277631,581967
19,2031,305508,279339,584847
20,2031,309064,292041,601105
21,2031,311375,294377,605752
22,2031,308108,295365,603473
23,2031,315802,300365,616167
24,2031,311180,300992,612172
25,2031,311773,300930,612703
26,2031,325128,314243,639371
27,2031,324479,312285,636764
28,2031,326798,317485,644283
29,2031,328438,317130,645568
30,2031,329750,319078,648828
31,2031,331887,321522,653409
32,2031,328067,319847,647914
33,2031,328714,322349,651063
34,2031,336961,334457,671418
35,2031,346571,341468,688039
36,2031,349654,348722,698376
37,2031,359824,359007,718831
38,2031,366198,367333,733531
39,2031,390067,389260,779327
40,2031,392496,392855,785351
41,2031,433030,433395,866425
42,2031,419328,419920,839248
43,2031,436773,435707,872480
44,2031,457659,466100,923759
45,2031,456529,461822,918351
46,2031,469937,474489,944426
47,2031,469489,470368,939857
48,2031,472236,478793,951029
49,2031,472129,481787,953916
50,2031,472153,479002,951155
51,2031,480741,483180,963921
52,2031,479581,492040,971621
53,2031,478685,494299,972984
54,2031,485721,497721,983442
55,2031,490402,497564,987966
56,2031,482086,483934,966020
57,2031,442194,460478,902672
58,2031,425468,440276,865744
59,2031,413785,423820,837605
60,2031,388236,407502,795738
61,2031,378727,398468,777195
62,2031,364803,369653,734456
63,2031,358447,381214,739661
64,2031,324318,365523,689841
65,2031,321415,368006,689421
66,2031,363423,369138,732561
67,2031,358119,382401,740520
68,2031,328269,324830,653099
69,2031,324414,318590,643004
70,2031,314847,321106,635953
71,2031,326558,315306,641864
72,2031,318614,324214,642828
73,2031,275291,326812,602103
74,2031,282303,313020,595323
75,2031,269317,320212,589529
76,2031,272340,326696,599036
77,2031,267985,318358,586343
78,2031,264221,321754,585975
79,2031,250676,310609,561285
80,2031,238901,302098,540999
81,2031,222889,262306,485195
82,2031,217255,251816,469071
83,2031,214792,238265,453057
84,2031,214716,227965,442681
85,2031,213510,206580,420090
86,2031,211336,195401,406737
87,2031,210374,192740,403114
88,2031,204371,192481,396852
89,2031,99550,174627,274177
90,2031,162372,167229,329601
91,2031,140503,105785,246288
92,2031,53782,80806,134588
93,2031,54604,80184,134788
94,2031,54639,81055,135694
95,2031,32754,22254,55008
96,2031,30229,16489,46718
97,2031,29774,12373,42147
98,2031,30090,15943,46033
99,2031,29842,12890,42732
100,2031,29122,12381,41503
0,2031,224601,214086,438687
1,2031,262946,223048,485994
2,2031,255134,236162,491296
3,2031,268229,243659,511888
4,2031,265523,244010,509533
5,2031,271295,252858,524153
6,2031,270383,261613,531996
7,2031,278870,266727,545597
8,2031,291599,274882,566481
9,2031,291697,273657,565354
10,2031,292229,275541,567770
11,2031,291672,276253,567925
12,2031,293353,276573,569926
13,2031,294167,276568,570735
14,2031,294671,275919,570590
15,2031,297049,276894,573943
16,2031,296152,275594,571746
17,2031,298555,275285,573840
18,2031,303177,277506,580683
19,2031,306308,278978,585286
20,2031,306645,279878,586523
21,2031,307796,288313,596109
22,2031,310047,291323,601370
23,2031,315353,301796,617149
24,2031,313186,300479,613665
25,2031,308546,292204,600750
26,2031,325671,319213,644884
27,2031,325916,313295,639211
28,2031,327392,312485,639877
29,2031,329087,314575,643662
30,2031,328724,317204,645928
31,2031,329657,317775,647432
32,2031,331570,325106,656676
33,2031,327916,319896,647812
34,2031,329227,322855,652082
35,2031,338149,334618,672767
36,2031,347312,341123,688435
37,2031,349945,351875,701820
38,2031,359959,361224,721183
39,2031,369211,367949,737160
40,2031,414474,426139,840613
41,2031,394166,400589,794755
42,2031,404215,404251,808466
43,2031,425912,423943,849855
44,2031,458379,467706,926085
45,2031,457116,465372,922488
46,2031,462807,468057,930864
47,2031,460696,466875,927571
48,2031,469159,474380,943539
49,2031,470368,475916,946284
50,2031,471983,477964,949947
51,2031,472032,480067,952099
52,2031,472981,481213,954194
53,2031,479221,491596,970817
54,2031,478675,494299,972974
55,2031,484448,496004,980452
56,2031,489516,495418,984934
57,2031,471184,480701,951885
58,2031,440694,458479,899173
59,2031,422925,432184,855109
60,2031,403487,417302,820789
61,2031,384684,406604,791288
62,2031,374992,397896,772888
63,2031,363720,369980,733700
64,2031,358826,384498,743324
65,2031,323779,365858,689637
66,2031,320607,367164,687771
67,2031,362885,367604,730489
68,2031,334584,367016,701600
69,2031,328305,342791,671096
70,2031,315723,328803,644526
71,2031,284617,321870,606487
72,2031,288787,318121,606908
73,2031,304605,336452,641057
74,2031,275827,325578,601405
75,2031,272690,329366,602056
76,2031,267073,320424,587497
77,2031,265154,314557,579711
78,2031,261658,322365,584023
79,2031,258360,314258,572618
80,2031,239441,305556,544997
81,2031,224887,262278,487165
82,2031,217775,240974,458749
83,2031,215115,226216,441331
84,2031,214249,226323,440572
85,2031,211637,206580,418217
86,2031,209051,195369,404420
87,2031,201937,192827,394764
88,2031,182940,192472,375412
89,2031,84271,159181,243452
90,2031,88393,152722,241115
91,2031,98759,165821,264580
92,2031,32985,81418,114403
93,2031,26904,63523,90427
94,2031,21549,53704,75253
95,2031,30007,75793,105800
96,2031,6722,16062,22784
97,2031,6666,14125,20791
98,2031,4418,9406,13824
99,2031,4605,8968,13573
100,2031,7000,17718,24718
0,2031,212800,201995,414795
1,2031,235968,211505,447473
2,2031,262276,225266,487542
3,2031,257442,234916,492358
4,2031,260235,237240,497475
5,2031,275395,244502,519897
6,2031,266993,252873,519866
7,2031,269133,254731,523864
8,2031,277382,260582,537964
9,2031,291623,275273,566896
10,2031,292366,275562,567928
11,2031,292521,274885,567406
12,2031,293219,275848,569067
13,2031,294125,275473,569598
14,2031,294841,275799,570640
15,2031,294277,275124,569401
16,2031,298098,275491,573589
17,2031,298949,275991,574940
18,2031,304560,277586,582146
19,2031,309328,279228,588556
20,2031,308230,279417,587647
21,2031,307695,280409,588104
22,2031,312930,293040,605970
23,2031,317178,303312,620490
24,2031,313052,298333,611385
25,2031,308943,292190,601133
26,2031,325438,317649,643087
27,2031,326675,317100,643775
28,2031,325506,309530,635036
29,2031,327900,313397,641297
30,2031,329318,316859,646177
31,2031,329844,317078,646922
32,2031,329277,318966,648243
33,2031,333300,325218,658518
34,2031,328239,321825,650064
35,2031,329433,325199,654632
36,2031,339721,334705,674426
37,2031,347426,344490,691916
38,2031,355984,353910,709894
39,2031,361015,362386,723401
40,2031,368351,367359,735710
41,2031,416858,428144,845002
42,2031,382867,383766,766633
43,2031,404146,403888,808034
44,2031,421413,422013,843426
45,2031,457536,470922,928458
46,2031,457849,464819,922668
47,2031,456521,466891,923412
48,2031,460828,467233,928061
49,2031,470080,474719,944799
50,2031,468975,472040,941015
51,2031,472010,477805,949815
52,2031,472057,479844,951901
53,2031,472816,480968,953784
54,2031,479240,491596,970836
55,2031,476645,493524,970169
56,2031,485254,495243,980497
57,2031,489435,497372,986807
58,2031,460651,476329,936980
59,2031,438680,457315,895995
60,2031,415507,430736,846243
61,2031,384697,388238,772935
62,2031,381752,406139,787891
63,2031,331247,370258,701505
64,2031,364079,369487,733566
65,2031,351077,379258,730335
66,2031,310586,368994,679580
67,2031,321839,361073,682912
68,2031,330425,339151,669576
69,2031,339273,375304,714577
70,2031,328462,345836,674298
71,2031,289604,317624,607228
72,2031,304539,341572,646111
73,2031,283929,315049,598978
74,2031,279835,347793,627628
75,2031,269823,336484,606307
76,2031,271587,329648,601235
77,2031,267785,314237,582022
78,2031,262153,325608,587761
79,2031,258703,314406,573109
80,2031,235144,306272,541416
81,2031,220741,254184,474925
82,2031,216905,257304,474209
83,2031,214762,228081,442843
84,2031,212366,228898,441264
85,2031,211226,216558,427784
86,2031,198297,195392,393689
87,2031,178471,192590,371061
88,2031,129307,191955,321262
89,2031,74589,166701,241290
90,2031,49748,107655,157403
91,2031,43804,99670,143474
92,2031,37230,89979,127209
93,2031,33506,89992,123498
94,2031,19589,54063,73652
95,2031,16733,47308,64041
96,2031,19274,59189,78463
97,2031,5130,17700,22830
98,2031,2330,8751,11081
99,2031,2341,9308,11649
100,2031,3201,11380,14581
0,2031,211208,199565,410773
1,2031,218729,202573,421302
2,2031,237560,212381,449941
3,2031,262881,225385,488266
4,2031,248709,237467,486176
5,2031,259547,237513,497060
6,2031,260293,244374,504667
7,2031,266185,248540,514725
8,2031,291187,271402,562589
9,2031,278437,263647,542084
10,2031,292512,275943,568455
11,2031,292061,276147,568208
12,2031,293500,276591,570091
13,2031,293696,276017,569713
14,2031,294689,276256,570945
15,2031,294942,276109,571051
16,2031,298160,275426,573586
17,2031,299616,276088,575704
18,2031,304861,277390,582251
19,2031,309802,280775,590577
20,2031,310647,281059,591706
21,2031,308166,280587,588753
22,2031,311705,293289,604994
23,2031,315605,303282,618887
24,2031,313233,300945,614178
25,2031,311996,302385,614381
26,2031,325529,319460,644989
27,2031,326938,318647,645585
28,2031,324316,308470,632786
29,2031,327070,309961,637031
30,2031,328872,314904,643776
31,2031,328733,316452,645185
32,2031,330160,317099,647259
33,2031,329283,318878,648161
34,2031,333525,324256,657781
35,2031,327901,320640,648541
36,2031,329333,325079,654412
37,2031,340571,338286,678857
38,2031,356893,368582,725475
39,2031,356521,354240,710761
40,2031,360783,360517,721300
41,2031,368590,368945,737535
42,2031,366415,367855,734270
43,2031,390970,401674,792644
44,2031,410474,407292,817766
45,2031,458214,481943,940157
46,2031,457684,470015,927699
47,2031,458918,470867,929785
48,2031,451113,463551,914664
49,2031,455093,461418,916511
50,2031,470295,473991,944286
51,2031,469390,474406,943796
52,2031,470076,476139,946215
53,2031,471990,477915,949905
54,2031,472797,480984,953781
55,2031,474563,490376,964939
56,2031,478531,493872,972403
57,2031,485000,495785,980785
58,2031,490584,499779,990363
59,2031,455228,471109,926337
60,2031,437180,455879,893059
61,2031,414393,425673,840066
62,2031,389761,412180,801941
63,2031,378537,399148,777685
64,2031,335259,374318,709577
65,2031,351625,369825,721450
66,2031,330243,354862,685105
67,2031,307900,374221,682121
68,2031,322139,363880,686019
69,2031,306561,319894,626455
70,2031,328454,364074,692528
71,2031,325188,345279,670467
72,2031,281968,343263,625231
73,2031,303554,326139,629693
74,2031,286048,320726,606774
75,2031,270117,316359,586476
76,2031,267538,338851,606389
77,2031,271020,313369,584389
78,2031,264607,325303,589910
79,2031,257914,315303,573217
80,2031,246262,307470,553732
81,2031,220553,262045,482598
82,2031,216836,251619,468455
83,2031,214388,228957,443345
84,2031,212015,227913,439928
85,2031,203808,205844,409652
86,2031,164928,195682,360610
87,2031,136010,192704,328714
88,2031,116874,192037,308911
89,2031,81786,169223,251009
90,2031,53825,122076,175901
91,2031,68016,122190,190206
92,2031,30560,79411,109971
93,2031,31151,86418,117569
94,2031,20444,56101,76545
95,2031,16018,46231,62249
96,2031,11697,38248,49945
97,2031,6445,23512,29957
98,2031,4356,14647,19003
99,2031,2403,8922,11325
100,2031,3622,12423,16045
0,2032,292160,275407,567567
1,2032,292160,275407,567567
2,2032,292156,275407,567563
3,2032,292317,275433,567750
4,2032,292459,275435,567894
5,2032,292604,275460,568064
6,2032,292715,275538,568253
7,2032,292699,275529,568228
8,2032,292688,275503,568191
9,2032,292689,275485,568174
10,2032,292704,275551,568255
11,2032,292828,275972,568800
12,2032,293342,276256,569598
13,2032,293719,276375,570094
14,2032,293758,276281,570039
15,2032,293823,276272,570095
16,2032,294123,276355,570478
17,2032,294561,276410,570971
18,2032,295789,276733,572522
19,2032,296731,278188,574919
20,2032,296795,278225,575020
21,2032,296833,278284,575117
22,2032,296862,278532,575394
23,2032,296890,278545,575435
24,2032,296890,278545,575435
25,2032,296890,278545,575435
26,2032,296890,278545,575435
27,2032,296890,278545,575435
28,2032,296890,278545,575435
29,2032,296890,278545,575435
30,2032,296890,278545,575435
31,2032,296890,278545,575435
32,2032,296890,278545,575435
33,2032,296890,278545,575435
34,2032,296890,278545,575435
35,2032,296890,278545,575435
36,2032,296890,278545,575435
37,2032,296890,278545,575435
38,2032,296890,278545,575435
39,2032,296890,278545,575435
40,2032,296890,278545,575435
41,2032,296890,278545,575435
42,2032,296890,278545,575435
43,2032,296890,278545,575435
44,2032,296890,278545,575435
45,2032,296890,278545,575435
46,2032,296881,278545,575426
47,2032,296873,278545,575418
48,2032,296873,278545,575418
49,2032,296873,278545,575418
50,2032,296873,278545,575418
51,2032,296873,278595,575468
52,2032,296873,278595,575468
53,2032,296873,278595,575468
54,2032,296873,278595,575468
55,2032,296873,278595,575468
56,2032,296873,278595,575468
57,2032,296873,278595,575468
58,2032,296873,278595,575468
59,2032,296873,278595,575468
60,2032,296873,278595,575468
61,2032,296873,278595,575468
62,2032,296873,278595,575468
63,2032,296873,278595,575468
64,2032,296825,278595,575420
65,2032,296825,278595,575420
66,2032,296738,278595,575333
67,2032,296738,278595,575333
68,2032,296472,278595,575067
69,2032,296377,278595,574972
70,2032,296237,278595,574832
71,2032,295800,278595,574395
72,2032,295800,278595,574395
73,2032,295461,278595,574056
74,2032,295423,278595,574018
75,2032,295423,278595,574018
76,2032,295423,278595,574018
77,2032,295423,278595,574018
78,2032,295423,279554,574977
79,2032,295423,279363,574786
80,2032,295423,279614,575037
81,2032,295423,279743,575166
82,2032,295423,279743,575166
83,2032,295423,279743,575166
84,2032,295423,279743,575166
85,2032,295423,279743,575166
86,2032,295423,279743,575166
87,2032,295423,279743,575166
88,2032,295423,279743,575166
89,2032,295423,279743,575166
90,2032,295423,279743,575166
91,2032,295423,279743,575166
92,2032,295423,279743,575166
93,2032,295423,279743,575166
94,2032,295423,279743,575166
95,2032,295423,279743,575166
96,2032,295423,279743,575166
97,2032,295423,279743,575166
98,2032,295423,279743,575166
99,2032,295423,279743,575166
100,2032,295423,279743,575166
0,2032,292266,275259,567525
1,2032,292266,275259,567525
2,2032,292259,275259,567518
3,2032,292436,275274,567710
4,2032,292615,275193,567808
5,2032,292741,275299,568040
6,2032,292868,275406,568274
7,2032,292842,275390,568232
8,2032,292820,275364,568184
9,2032,292815,275344,568159
10,2032,292810,275474,568284
11,2032,292862,275699,568561
12,2032,293184,275754,568938
13,2032,293704,275708,569412
14,2032,293937,275800,569737
15,2032,294124,275792,569916
16,2032,294466,275859,570325
17,2032,295672,275850,571522
18,2032,297964,276497,574461
19,2032,298821,278322,577143
20,2032,299958,278491,578449
21,2032,300126,278538,578664
22,2032,300128,279006,579134
23,2032,300136,279020,579156
24,2032,300136,279020,579156
25,2032,300136,279020,579156
26,2032,300136,279020,579156
27,2032,300136,279020,579156
28,2032,300136,279020,579156
29,2032,300136,279020,579156
30,2032,300136,279020,579156
31,2032,300136,279020,579156
32,2032,300136,279020,579156
33,2032,300136,279020,579156
34,2032,300136,279020,579156
35,2032,300136,279020,579156
36,2032,300136,279020,579156
37,2032,300136,279020,579156
38,2032,300136,279020,579156
39,2032,300136,279020,579156
40,2032,300136,279020,579156
41,2032,300136,279020,579156
42,2032,300136,279020,579156
43,2032,300136,279020,579156
44,2032,300538,279020,579558
45,2032,300538,279020,579558
46,2032,300536,279020,579556
47,2032,300528,279020,579548
48,2032,300528,279020,579548
49,2032,300528,279020,579548
50,2032,300528,279020,579548
51,2032,300528,279059,579587
52,2032,300528,279059,579587
53,2032,300528,279059,579587
54,2032,300528,279059,579587
55,2032,300528,279059,579587
56,2032,300528,279059,579587
57,2032,300528,279059,579587
58,2032,300528,279059,579587
59,2032,300528,279059,579587
60,2032,300528,279059,579587
61,2032,300528,279059,579587
62,2032,300528,279059,579587
63,2032,300528,279059,579587
64,2032,300557,279059,579616
65,2032,300557,279059,579616
66,2032,300066,279059,579125
67,2032,300008,279059,579067
68,2032,299613,279059,578672
69,2032,299663,279059,578722
70,2032,299415,279037,578452
71,2032,298888,279037,577925
72,2032,298782,279037,577819
73,2032,298283,278963,577246
74,2032,298238,278963,577201
75,2032,298238,278963,577201
76,2032,298238,278963,577201
77,2032,298238,278963,577201
78,2032,298344,280269,578613
79,2032,298259,280078,578337
80,2032,298344,280826,579170
81,2032,298338,280568,578906
82,2032,298338,280568,578906
83,2032,298338,280568,578906
84,2032,298338,280568,578906
85,2032,298338,280568,578906
86,2032,298338,280568,578906
87,2032,298338,280568,578906
88,2032,298338,280568,578906
89,2032,298338,280568,578906
90,2032,298338,280568,578906
91,2032,298338,280568,578906
92,2032,298338,280568,578906
93,2032,298338,280568,578906
94,2032,298338,280568,578906
95,2032,298338,280568,578906
96,2032,298338,280568,578906
97,2032,298338,280568,578906
98,2032,298338,280568,578906
99,2032,298338,280568,578906
100,2032,298338,280568,578906
0,2032,292274,275413,567687
1,2032,292274,275413,567687
2,2032,292266,275413,567679
3,2032,292417,275347,567764
4,2032,292716,275394,568110
5,2032,292856,275450,568306
6,2032,292910,275526,568436
7,2032,292866,275510,568376
8,2032,292838,275471,568309
9,2032,292865,275477,568342
10,2032,292819,275561,568380
11,2032,292909,275804,568713
12,2032,293366,276259,569625
13,2032,294527,276216,570743
14,2032,294776,276418,571194
15,2032,295034,276413,571447
16,2032,296135,276482,572617
17,2032,297419,276524,573943
18,2032,299982,276890,576872
19,2032,300697,278092,578789
20,2032,300794,278561,579355
21,2032,301474,278636,580110
22,2032,301310,278941,580251
23,2032,301326,278955,580281
24,2032,301326,278955,580281
25,2032,301326,278955,580281
26,2032,301326,278955,580281
27,2032,301326,278955,580281
28,2032,301326,278955,580281
29,2032,301326,278955,580281
30,2032,301326,278955,580281
31,2032,301326,278955,580281
32,2032,301326,278955,580281
33,2032,301326,278955,580281
34,2032,301326,278955,580281
35,2032,301326,278955,580281
36,2032,301326,278955,580281
37,2032,301326,278955,580281
38,2032,301326,278955,580281
39,2032,301326,278955,580281
40,2032,301326,278955,580281
41,2032,301326,278955,580281
42,2032,301326,278955,580281
43,2032,301333,278955,580288
44,2032,303077,279111,582188
45,2032,303077,279111,582188
46,2032,302118,279111,581229
47,2032,302109,279111,581220
48,2032,302109,279111,581220
49,2032,302109,279111,581220
50,2032,302109,279111,581220
51,2032,302109,279149,581258
52,2032,302109,279149,581258
53,2032,302109,279149,581258
54,2032,302109,279149,581258
55,2032,302109,279149,581258
56,2032,302109,279149,581258
57,2032,302109,279149,581258
58,2032,302109,279149,581258
59,2032,302109,279149,581258
60,2032,302109,279149,581258
61,2032,302109,279149,581258
62,2032,302109,279149,581258
63,2032,302109,279149,581258
64,2032,303056,279149,582205
65,2032,303056,279149,582205
66,2032,301751,278994,580745
67,2032,301764,278926,580690
68,2032,301625,278926,580551
69,2032,301693,278926,580619
70,2032,301698,278926,580624
71,2032,302699,279051,581750
72,2032,302614,279051,581665
73,2032,301717,279129,580846
74,2032,301717,279129,580846
75,2032,301717,279129,580846
76,2032,301717,279129,580846
77,2032,301717,279129,580846
78,2032,301618,283834,585452
79,2032,301588,283520,585108
80,2032,301523,283856,585379
81,2032,301545,283856,585401
82,2032,301545,283856,585401
83,2032,301545,283856,585401
84,2032,301545,283856,585401
85,2032,301545,283856,585401
86,2032,301545,283856,585401
87,2032,301545,283856,585401
88,2032,301545,283856,585401
89,2032,301545,283856,585401
90,2032,301545,283856,585401
91,2032,301545,283856,585401
92,2032,301545,283856,585401
93,2032,301545,283856,585401
94,2032,301545,283856,585401
95,2032,301545,283856,585401
96,2032,301545,283856,585401
97,2032,301545,283856,585401
98,2032,301545,283856,585401
99,2032,301545,283856,585401
100,2032,301545,283856,585401
0,2032,292099,274901,567000
1,2032,292099,274901,567000
2,2032,292091,274901,566992
3,2032,292300,274901,567201
4,2032,292463,274931,567394
5,2032,292518,274983,567501
6,2032,292615,275035,567650
7,2032,292607,275057,567664
8,2032,292601,275043,567644
9,2032,292574,275024,567598
10,2032,292549,275055,567604
11,2032,292624,275339,567963
12,2032,293047,275490,568537
13,2032,294584,275590,570174
14,2032,295239,275679,570918
15,2032,297561,275661,573222
16,2032,296031,275360,571391
17,2032,298511,275281,573792
18,2032,300960,276311,577271
19,2032,318140,278178,596318
20,2032,318570,278704,597274
21,2032,307169,279147,586316
22,2032,306963,279195,586158
23,2032,307025,279209,586234
24,2032,307025,279209,586234
25,2032,307025,279209,586234
26,2032,307025,279209,586234
27,2032,307025,279209,586234
28,2032,307025,279209,586234
29,2032,307025,279209,586234
30,2032,307025,279209,586234
31,2032,307025,279209,586234
32,2032,307025,279209,586234
33,2032,307025,279209,586234
34,2032,307025,279209,586234
35,2032,307025,279209,586234
36,2032,307025,279209,586234
37,2032,307025,279209,586234
38,2032,307025,279209,586234
39,2032,307025,279209,586234
40,2032,307025,279209,586234
41,2032,307025,279209,586234
42,2032,307025,279209,586234
43,2032,307025,279209,586234
44,2032,309401,279433,588834
45,2032,309401,279433,588834
46,2032,308138,279364,587502
47,2032,308207,279364,587571
48,2032,308207,279364,587571
49,2032,308207,279364,587571
50,2032,308207,279364,587571
51,2032,308198,279402,587600
52,2032,308198,279402,587600
53,2032,308198,279402,587600
54,2032,308198,279402,587600
55,2032,308198,279402,587600
56,2032,308198,279402,587600
57,2032,308198,279402,587600
58,2032,308198,279402,587600
59,2032,308198,279402,587600
60,2032,308198,279402,587600
61,2032,308198,279402,587600
62,2032,308198,279402,587600
63,2032,308198,279402,587600
64,2032,309449,279472,588921
65,2032,309538,279472,589010
66,2032,307947,279400,587347
67,2032,308227,279400,587627
68,2032,307618,279138,586756
69,2032,307735,279232,586967
70,2032,307742,279123,586865
71,2032,309127,279187,588314
72,2032,308751,279129,587880
73,2032,307179,279129,586308
74,2032,307179,279129,586308
75,2032,307179,279129,586308
76,2032,307179,279129,586308
77,2032,307179,279129,586308
78,2032,306934,286413,593347
79,2032,306862,284996,591858
80,2032,306855,286432,593287
81,2032,306855,286432,593287
82,2032,306855,286432,593287
83,2032,306855,286432,593287
84,2032,306855,286432,593287
85,2032,306855,286432,593287
86,2032,306855,286432,593287
87,2032,306855,286432,593287
88,2032,306855,286432,593287
89,2032,306855,286432,593287
90,2032,306855,286432,593287
91,2032,306855,286432,593287
92,2032,306855,286432,593287
93,2032,306855,286432,593287
94,2032,306855,286432,593287
95,2032,306855,286432,593287
96,2032,306855,286432,593287
97,2032,306855,286432,593287
98,2032,306855,286432,593287
99,2032,306855,286432,593287
100,2032,306855,286432,593287
0,2032,292414,276267,568681
1,2032,292414,276267,568681
2,2032,292410,276267,568677
3,2032,292524,276267,568791
4,2032,292770,276374,569144
5,2032,292782,276405,569187
6,2032,292777,275836,568613
7,2032,292789,275833,568622
8,2032,292809,276105,568914
9,2032,292817,276218,569035
10,2032,292752,276008,568760
11,2032,292786,276013,568799
12,2032,292637,275836,568473
13,2032,294207,275567,569774
14,2032,297544,275452,572996
15,2032,296712,275491,572203
16,2032,295873,275344,571217
17,2032,298696,275638,574334
18,2032,308040,277244,585284
19,2032,310244,279250,589494
20,2032,310992,279343,590335
21,2032,309447,279369,588816
22,2032,309498,279517,589015
23,2032,309548,279517,589065
24,2032,309548,279517,589065
25,2032,309548,279517,589065
26,2032,309548,279517,589065
27,2032,309548,279517,589065
28,2032,309548,279517,589065
29,2032,309548,279517,589065
30,2032,309548,279517,589065
31,2032,309548,279517,589065
32,2032,309548,279517,589065
33,2032,309548,279517,589065
34,2032,309548,279517,589065
35,2032,309548,279517,589065
36,2032,309548,279517,589065
37,2032,309933,279517,589450
38,2032,309933,279517,589450
39,2032,309933,279517,589450
40,2032,309933,279517,589450
41,2032,309933,279517,589450
42,2032,309933,279517,589450
43,2032,309933,279517,589450
44,2032,311218,279445,590663
45,2032,311218,279445,590663
46,2032,311078,279485,590563
47,2032,311078,279485,590563
48,2032,311078,279485,590563
49,2032,311078,279485,590563
50,2032,311078,279485,590563
51,2032,311087,279523,590610
52,2032,311087,279523,590610
53,2032,311087,279523,590610
54,2032,311087,279523,590610
55,2032,311087,279523,590610
56,2032,311087,279523,590610
57,2032,311087,279523,590610
58,2032,311087,279523,590610
59,2032,311087,279523,590610
60,2032,311087,279523,590610
61,2032,311087,279523,590610
62,2032,311087,279523,590610
63,2032,311197,279523,590720
64,2032,311402,279483,590885
65,2032,311494,279483,590977
66,2032,311142,279522,590664
67,2032,311181,279522,590703
68,2032,310276,279498,589774
69,2032,310326,279498,589824
70,2032,310257,279585,589842
71,2032,310672,279598,590270
72,2032,310683,279572,590255
73,2032,309854,279579,589433
74,2032,309854,279579,589433
75,2032,309854,279579,589433
76,2032,309854,279579,589433
77,2032,309854,279579,589433
78,2032,309223,297053,606276
79,2032,309182,295170,604352
80,2032,309215,297002,606217
81,2032,309223,297359,606582
82,2032,309223,297359,606582
83,2032,309223,297359,606582
84,2032,309223,297359,606582
85,2032,309223,297359,606582
86,2032,309223,297359,606582
87,2032,309223,297359,606582
88,2032,309223,297359,606582
89,2032,309223,297359,606582
90,2032,309223,297359,606582
91,2032,309223,297359,606582
92,2032,309223,297359,606582
93,2032,309223,297359,606582
94,2032,309223,297359,606582
95,2032,309223,297359,606582
96,2032,309223,297359,606582
97,2032,309223,297359,606582
98,2032,309223,297359,606582
99,2032,309223,297359,606582
100,2032,309223,297359,606582
0,2032,290839,275033,565872
1,2032,290839,275033,565872
2,2032,290835,275033,565868
3,2032,290937,275233,566170
4,2032,291005,274937,565942
5,2032,291046,275155,566201
6,2032,292232,276240,568472
7,2032,292199,276233,568432
8,2032,291249,275661,566910
9,2032,291199,275601,566800
10,2032,292123,276191,568314
11,2032,292361,276048,568409
12,2032,293171,276060,569231
13,2032,294126,275531,569657
14,2032,296668,275937,572605
15,2032,295244,275388,570632
16,2032,296127,275713,571840
17,2032,298662,276231,574893
18,2032,305162,277907,583069
19,2032,309543,280666,590209
20,2032,310358,280573,590931
21,2032,310236,280007,590243
22,2032,310517,280086,590603
23,2032,310504,280086,590590
24,2032,310504,280086,590590
25,2032,310504,280086,590590
26,2032,310504,280086,590590
27,2032,310504,280086,590590
28,2032,310504,280086,590590
29,2032,310504,280086,590590
30,2032,310504,280086,590590
31,2032,310504,280086,590590
32,2032,310504,280086,590590
33,2032,310504,280086,590590
34,2032,310504,280086,590590
35,2032,310504,280086,590590
36,2032,310504,280086,590590
37,2032,310568,280086,590654
38,2032,310568,280086,590654
39,2032,310568,280086,590654
40,2032,310568,280086,590654
41,2032,310949,280086,591035
42,2032,310949,280086,591035
43,2032,310949,280086,591035
44,2032,311212,280770,591982
45,2032,311212,280770,591982
46,2032,311402,280718,592120
47,2032,311402,280718,592120
48,2032,311402,280718,592120
49,2032,311402,280718,592120
50,2032,311402,280718,592120
51,2032,311402,280757,592159
52,2032,311402,280757,592159
53,2032,311402,280757,592159
54,2032,311402,280757,592159
55,2032,311402,280757,592159
56,2032,311402,280757,592159
57,2032,311402,280757,592159
58,2032,311402,280757,592159
59,2032,311402,280757,592159
60,2032,311402,280757,592159
61,2032,311402,280757,592159
62,2032,311402,280757,592159
63,2032,311500,280757,592257
64,2032,311363,280826,592189
65,2032,311724,280826,592550
66,2032,311611,280757,592368
67,2032,311478,280757,592235
68,2032,311136,280282,591418
69,2032,311224,280386,591610
70,2032,311089,280359,591448
71,2032,311023,280782,591805
72,2032,311415,280757,592172
73,2032,310475,280113,590588
74,2032,310475,280113,590588
75,2032,310475,280113,590588
76,2032,310475,280113,590588
77,2032,310475,280113,590588
78,2032,312080,301426,613506
79,2032,311717,300216,611933
80,2032,312078,301550,613628
81,2032,312097,305369,617466
82,2032,312097,305369,617466
83,2032,312097,305369,617466
84,2032,312097,305369,617466
85,2032,312097,305369,617466
86,2032,312097,305369,617466
87,2032,312097,305369,617466
88,2032,312097,305369,617466
89,2032,312097,305369,617466
90,2032,312097,305369,617466
91,2032,312097,305369,617466
92,2032,312097,305369,617466
93,2032,312097,305369,617466
94,2032,312097,305369,617466
95,2032,312097,305369,617466
96,2032,312097,305369,617466
97,2032,312097,305369,617466
98,2032,312097,305369,617466
99,2032,312097,305369,617466
100,2032,312097,305369,617466
0,2032,289659,274603,564262
1,2032,289659,274603,564262
2,2032,289665,274603,564268
3,2032,290131,274992,565123
4,2032,290075,275018,565093
5,2032,290517,275453,565970
6,2032,291142,275727,566869
7,2032,291129,275727,566856
8,2032,291983,276029,568012
9,2032,291141,275810,566951
10,2032,291146,275616,566762
11,2032,292016,276074,568090
12,2032,292897,276138,569035
13,2032,294262,276019,570281
14,2032,294683,275572,570255
15,2032,297679,275397,573076
16,2032,295993,275946,571939
17,2032,298812,276626,575438
18,2032,303893,278118,582011
19,2032,307392,280296,587688
20,2032,308113,280287,588400
21,2032,310267,280533,590800
22,2032,310619,280734,591353
23,2032,310685,280734,591419
24,2032,310685,280734,591419
25,2032,310685,280734,591419
26,2032,310685,280734,591419
27,2032,310685,280734,591419
28,2032,310685,280734,591419
29,2032,310685,280734,591419
30,2032,310685,280734,591419
31,2032,310685,280734,591419
32,2032,310685,280734,591419
33,2032,310685,280734,591419
34,2032,310685,280734,591419
35,2032,310685,280734,591419
36,2032,310685,280734,591419
37,2032,310706,280734,591440
38,2032,310706,280734,591440
39,2032,310706,280734,591440
40,2032,310706,280734,591440
41,2032,311060,280758,591818
42,2032,311060,280758,591818
43,2032,311060,280758,591818
44,2032,310515,280639,591154
45,2032,310515,280639,591154
46,2032,310557,280639,591196
47,2032,310557,280639,591196
48,2032,310557,280639,591196
49,2032,310557,280639,591196
50,2032,310557,280639,591196
51,2032,310557,280639,591196
52,2032,310557,280639,591196
53,2032,310557,280639,591196
54,2032,310557,280639,591196
55,2032,310557,280639,591196
56,2032,310557,280639,591196
57,2032,310557,280639,591196
58,2032,310557,280639,591196
59,2032,310557,280639,591196
60,2032,310557,280639,591196
61,2032,310557,280639,591196
62,2032,310557,280639,591196
63,2032,310910,280639,591549
64,2032,310761,280639,591400
65,2032,311033,280639,591672
66,2032,311135,280672,591807
67,2032,310932,280639,591571
68,2032,311116,280771,591887
69,2032,311041,280703,591744
70,2032,310992,280666,591658
71,2032,310516,280639,591155
72,2032,310473,280639,591112
73,2032,311008,280697,591705
74,2032,311008,280697,591705
75,2032,311008,280697,591705
76,2032,311008,280697,591705
77,2032,311008,280697,591705
78,2032,314470,302480,616950
79,2032,314144,302411,616555
80,2032,314352,302829,617181
81,2032,316242,304224,620466
82,2032,316242,304224,620466
83,2032,316242,304224,620466
84,2032,316242,304224,620466
85,2032,316242,304224,620466
86,2032,316242,304224,620466
87,2032,316242,304224,620466
88,2032,316242,304224,620466
89,2032,316242,304224,620466
90,2032,316242,304224,620466
91,2032,316242,304224,620466
92,2032,316242,304224,620466
93,2032,316242,304224,620466
94,2032,316242,304224,620466
95,2032,316242,304224,620466
96,2032,316242,304224,620466
97,2032,316242,304224,620466
98,2032,316242,304224,620466
99,2032,316242,304224,620466
100,2032,316242,304224,620466
0,2032,289139,272661,561800
1,2032,289139,272661,561800
2,2032,289140,272661,561801
3,2032,289119,272764,561883
4,2032,289360,272455,561815
5,2032,290329,273837,564166
6,2032,290582,275044,565626
7,2032,290513,275001,565514
8,2032,291822,275327,567149
9,2032,292040,275205,567245
10,2032,290765,275121,565886
11,2032,291646,275629,567275
12,2032,292463,275852,568315
13,2032,293960,275907,569867
14,2032,294086,274870,568956
15,2032,297101,275906,573007
16,2032,295988,275549,571537
17,2032,299178,275915,575093
18,2032,303074,277430,580504
19,2032,305532,280384,585916
20,2032,307797,280492,588289
21,2032,309263,280395,589658
22,2032,309846,280601,590447
23,2032,310066,280601,590667
24,2032,310068,280601,590669
25,2032,310068,280601,590669
26,2032,310068,280601,590669
27,2032,310068,280601,590669
28,2032,310068,280601,590669
29,2032,310068,280601,590669
30,2032,310068,280601,590669
31,2032,310068,280601,590669
32,2032,310068,280601,590669
33,2032,310068,280601,590669
34,2032,310068,280601,590669
35,2032,310068,280601,590669
36,2032,310068,280601,590669
37,2032,310106,280601,590707
38,2032,310106,280601,590707
39,2032,310106,280601,590707
40,2032,310106,280601,590707
41,2032,310504,280601,591105
42,2032,310504,280601,591105
43,2032,310504,280601,591105
44,2032,310371,280615,590986
45,2032,310371,280615,590986
46,2032,310431,280601,591032
47,2032,310431,280601,591032
48,2032,310431,280601,591032
49,2032,310431,280601,591032
50,2032,310431,280601,591032
51,2032,310431,280601,591032
52,2032,310431,280601,591032
53,2032,310431,280601,591032
54,2032,310431,280601,591032
55,2032,310431,280601,591032
56,2032,310431,280601,591032
57,2032,310431,280601,591032
58,2032,310431,280601,591032
59,2032,310431,280601,591032
60,2032,310425,280601,591026
61,2032,310396,280601,590997
62,2032,310384,280601,590985
63,2032,310452,280601,591053
64,2032,310622,280615,591237
65,2032,310565,280615,591180
66,2032,310466,280601,591067
67,2032,310560,280601,591161
68,2032,310503,280601,591104
69,2032,310459,280601,591060
70,2032,310415,280601,591016
71,2032,310321,280601,590922
72,2032,310394,280611,591005
73,2032,310297,280601,590898
74,2032,310297,280601,590898
75,2032,310297,280601,590898
76,2032,310297,280601,590898
77,2032,310297,280601,590898
78,2032,316765,303090,619855
79,2032,316576,303067,619643
80,2032,316701,303735,620436
81,2032,316971,305349,622320
82,2032,316971,305349,622320
83,2032,316971,305349,622320
84,2032,316971,305349,622320
85,2032,316971,305349,622320
86,2032,316971,305349,622320
87,2032,316971,305349,622320
88,2032,316971,305349,622320
89,2032,316971,305349,622320
90,2032,316971,305349,622320
91,2032,316971,305349,622320
92,2032,316971,305349,622320
93,2032,316971,305349,622320
94,2032,316971,305349,622320
95,2032,316971,305349,622320
96,2032,316971,305349,622320
97,2032,316971,305349,622320
98,2032,316971,305349,622320
99,2032,316971,305349,622320
100,2032,316971,305349,622320
0,2032,270174,248786,518960
1,2032,270174,248786,518960
2,2032,270174,248786,518960
3,2032,269778,248876,518654
4,2032,269021,245215,514236
5,2032,269398,245211,514609
6,2032,270640,245325,515965
7,2032,269723,248886,518609
8,2032,269338,248886,518224
9,2032,273471,258759,532230
10,2032,290916,274282,565198
11,2032,292270,275799,568069
12,2032,269699,263302,533001
13,2032,293904,275804,569708
14,2032,279732,264729,544461
15,2032,279719,264775,544494
16,2032,296013,275404,571417
17,2032,312147,300068,612215
18,2032,311274,299815,611089
19,2032,310307,297514,607821
20,2032,310809,298032,608841
21,2032,312785,299907,612692
22,2032,313445,301224,614669
23,2032,315213,303916,619129
24,2032,318238,307486,625724
25,2032,356714,378168,734882
26,2032,441312,454819,896131
27,2032,444608,456466,901074
28,2032,444688,456466,901154
29,2032,444688,456466,901154
30,2032,444978,456553,901531
31,2032,445331,457331,902662
32,2032,450960,458780,909740
33,2032,465827,460085,925912
34,2032,477316,463686,941002
35,2032,478055,465595,943650
36,2032,479666,469676,949342
37,2032,480425,470591,951016
38,2032,481497,473010,954507
39,2032,480662,473236,953898
40,2032,481008,477531,958539
41,2032,480971,479345,960316
42,2032,462819,470945,933764
43,2032,357965,378724,736689
44,2032,357271,378690,735961
45,2032,357271,378690,735961
46,2032,356739,378690,735429
47,2032,357200,378690,735890
48,2032,357200,378690,735890
49,2032,357200,378690,735890
50,2032,357200,378690,735890
51,2032,357213,378690,735903
52,2032,356633,378690,735323
53,2032,358095,378724,736819
54,2032,357347,378690,736037
55,2032,358095,378724,736819
56,2032,322840,307908,630748
57,2032,322828,307799,630627
58,2032,322840,307908,630748
59,2032,322667,307908,630575
60,2032,322667,307908,630575
61,2032,332224,368651,700875
62,2032,332277,368755,701032
63,2032,325147,359675,684822
64,2032,320583,307780,628363
65,2032,318983,307858,626841
66,2032,322709,307908,630617
67,2032,297342,307404,604746
68,2032,283330,307749,591079
69,2032,270792,307065,577857
70,2032,270315,307065,577380
71,2032,270656,306720,577376
72,2032,269679,305711,575390
73,2032,268633,305445,574078
74,2032,268805,305445,574250
75,2032,270480,305399,575879
76,2032,268816,304823,573639
77,2032,275036,278813,553849
78,2032,290526,294944,585470
79,2032,281900,261215,543115
80,2032,281773,261220,542993
81,2032,292666,257194,549860
82,2032,292666,202690,495356
83,2032,292666,202690,495356
84,2032,292666,202780,495446
85,2032,292666,205795,498461
86,2032,292666,197748,490414
87,2032,292666,195285,487951
88,2032,292666,195285,487951
89,2032,292666,195285,487951
90,2032,292666,195285,487951
91,2032,292666,195285,487951
92,2032,292666,195285,487951
93,2032,292666,195285,487951
94,2032,292666,195285,487951
95,2032,292666,195285,487951
96,2032,292666,195285,487951
97,2032,292666,195285,487951
98,2032,292666,195285,487951
99,2032,292666,195285,487951
100,2032,292666,195285,487951
0,2032,262996,243585,506581
1,2032,262298,242872,505170
2,2032,262298,242872,505170
3,2032,262605,243619,506224
4,2032,264148,243051,507199
5,2032,262730,242877,505607
6,2032,265273,244512,509785
7,2032,265282,244541,509823
8,2032,263366,244658,508024
9,2032,265953,269221,535174
10,2032,290403,273019,563422
11,2032,292386,276426,568812
12,2032,292586,276301,568887
13,2032,293965,275633,569598
14,2032,293183,276200,569383
15,2032,283012,273252,556264
16,2032,278371,265220,543591
17,2032,300368,300454,600822
18,2032,313328,298933,612261
19,2032,312087,299601,611688
20,2032,312198,296646,608844
21,2032,314259,297980,612239
22,2032,314886,299029,613915
23,2032,316187,303792,619979
24,2032,318366,304803,623169
25,2032,361775,380613,742388
26,2032,366984,402041,769025
27,2032,387047,407482,794529
28,2032,463552,460420,923972
29,2032,463773,460420,924193
30,2032,476102,464507,940609
31,2032,470637,459660,930297
32,2032,472450,464405,936855
33,2032,475067,462074,937141
34,2032,475109,463704,938813
35,2032,476680,465745,942425
36,2032,481624,472721,954345
37,2032,481620,473487,955107
38,2032,482005,473780,955785
39,2032,482870,471579,954449
40,2032,486096,477193,963289
41,2032,486326,480167,966493
42,2032,486587,483708,970295
43,2032,481016,481812,962828
44,2032,371280,386283,757563
45,2032,362545,380845,743390
46,2032,361908,380808,742716
47,2032,361966,380808,742774
48,2032,361966,380808,742774
49,2032,361966,380808,742774
50,2032,361966,380808,742774
51,2032,361966,380808,742774
52,2032,361966,380809,742775
53,2032,361963,380942,742905
54,2032,439674,457332,897006
55,2032,365590,382715,748305
56,2032,357789,378718,736507
57,2032,323398,306650,630048
58,2032,323152,308354,631506
59,2032,319373,308432,627805
60,2032,319466,308432,627898
61,2032,307457,313043,620500
62,2032,322564,362656,685220
63,2032,347383,374036,721419
64,2032,323937,317699,641636
65,2032,320158,308013,628171
66,2032,284892,308221,593113
67,2032,319008,307869,626877
68,2032,284707,307629,592336
69,2032,271131,307752,578883
70,2032,268735,308198,576933
71,2032,266726,307281,574007
72,2032,268017,306625,574642
73,2032,267713,305416,573129
74,2032,267134,305960,573094
75,2032,267020,305512,572532
76,2032,266725,305139,571864
77,2032,266207,306313,572520
78,2032,297102,305256,602358
79,2032,291382,244051,535433
80,2032,293045,244051,537096
81,2032,303583,226755,530338
82,2032,302591,200618,503209
83,2032,302591,200618,503209
84,2032,302591,200618,503209
85,2032,302591,201495,504086
86,2032,302591,195178,497769
87,2032,302591,193070,495661
88,2032,302591,193070,495661
89,2032,302591,193070,495661
90,2032,302591,193070,495661
91,2032,300839,193070,493909
92,2032,300839,193070,493909
93,2032,300839,193070,493909
94,2032,300839,193070,493909
95,2032,300839,193070,493909
96,2032,300839,193070,493909
97,2032,300839,193070,493909
98,2032,300839,193070,493909
99,2032,300839,193070,493909
100,2032,300839,193070,493909
0,2032,284833,273158,557991
1,2032,261792,245625,507417
2,2032,266616,240344,506960
3,2032,264938,242766,507704
4,2032,257806,243082,500888
5,2032,264927,244826,509753
6,2032,268788,245268,514056
7,2032,264613,245285,509898
8,2032,259187,245139,504326
9,2032,271635,249159,520794
10,2032,266808,245367,512175
11,2032,273325,260400,533725
12,2032,293614,279697,573311
13,2032,294213,276111,570324
14,2032,296193,283180,579373
15,2032,294136,280133,574269
16,2032,283335,273613,556948
17,2032,312438,282500,594938
18,2032,317564,300766,618330
19,2032,310652,297367,608019
20,2032,311246,294563,605809
21,2032,310975,298715,609690
22,2032,311453,296834,608287
23,2032,315784,301483,617267
24,2032,315581,302046,617627
25,2032,302892,319424,622316
26,2032,347018,369883,716901
27,2032,361130,370785,731915
28,2032,361180,370785,731965
29,2032,477436,462917,940353
30,2032,477051,463026,940077
31,2032,477057,464227,941284
32,2032,477329,463440,940769
33,2032,477489,463321,940810
34,2032,477073,464688,941761
35,2032,479001,467219,946220
36,2032,482308,474715,957023
37,2032,482394,474951,957345
38,2032,483836,476190,960026
39,2032,487183,476859,964042
40,2032,488741,481696,970437
41,2032,488768,482986,971754
42,2032,488670,486650,975320
43,2032,486510,484649,971159
44,2032,483722,483047,966769
45,2032,424290,426508,850798
46,2032,358755,369688,728443
47,2032,346522,369264,715786
48,2032,337887,363674,701561
49,2032,329577,346726,676303
50,2032,329604,346617,676221
51,2032,319931,328463,648394
52,2032,310147,320648,630795
53,2032,309720,320648,630368
54,2032,359125,371316,730441
55,2032,354320,370362,724682
56,2032,361945,380995,742940
57,2032,357094,378440,735534
58,2032,323147,308175,631322
59,2032,317590,307423,625013
60,2032,317387,307011,624398
61,2032,317262,319774,637036
62,2032,301634,320153,621787
63,2032,317222,326604,643826
64,2032,326151,349825,675976
65,2032,323816,318209,642025
66,2032,319216,312115,631331
67,2032,285173,308692,593865
68,2032,318421,307763,626184
69,2032,269247,312426,581673
70,2032,267920,310062,577982
71,2032,266050,307794,573844
72,2032,266448,308954,575402
73,2032,267304,312046,579350
74,2032,266016,306213,572229
75,2032,271940,304719,576659
76,2032,268790,303821,572611
77,2032,272159,306119,578278
78,2032,277678,306731,584409
79,2032,282637,245097,527734
80,2032,283479,245007,528486
81,2032,283867,238350,522217
82,2032,285187,226429,511616
83,2032,285187,200874,486061
84,2032,285187,200874,486061
85,2032,285187,201929,487116
86,2032,285187,195188,480375
87,2032,285187,192711,477898
88,2032,285187,192711,477898
89,2032,285187,192711,477898
90,2032,285187,192711,477898
91,2032,283871,192711,476582
92,2032,283871,192711,476582
93,2032,283871,192711,476582
94,2032,283871,192711,476582
95,2032,283871,192711,476582
96,2032,283871,192711,476582
97,2032,283871,192711,476582
98,2032,283871,192711,476582
99,2032,283871,192711,476582
100,2032,283871,192711,476582
0,2032,280341,267488,547829
1,2032,282895,268274,551169
2,2032,269238,253960,523198
3,2032,268780,253677,522457
4,2032,279003,259528,538531
5,2032,268784,252553,521337
6,2032,267947,245495,513442
7,2032,266375,245672,512047
8,2032,247127,245324,492451
9,2032,258544,243909,502453
10,2032,276412,244377,520789
11,2032,282375,269334,551709
12,2032,278864,263708,542572
13,2032,294136,275524,569660
14,2032,291839,274207,566046
15,2032,296265,279572,575837
16,2032,296062,298564,594626
17,2032,284648,272158,556806
18,2032,309799,300026,609825
19,2032,311019,294416,605435
20,2032,312934,297824,610758
21,2032,311118,295802,606920
22,2032,312836,298593,611429
23,2032,315609,301588,617197
24,2032,315973,301471,617444
25,2032,321856,324604,646460
26,2032,321029,335314,656343
27,2032,323500,363967,687467
28,2032,345723,373006,718729
29,2032,365517,376484,742001
30,2032,467222,460113,927335
31,2032,468564,460659,929223
32,2032,440012,448353,888365
33,2032,461257,462075,923332
34,2032,437600,441052,878652
35,2032,437402,441186,878588
36,2032,468468,468919,937387
37,2032,468822,470098,938920
38,2032,471679,474559,946238
39,2032,473570,475296,948866
40,2032,477199,481626,958825
41,2032,477535,483622,961157
42,2032,485508,486160,971668
43,2032,488785,489294,978079
44,2032,486631,485105,971736
45,2032,485125,483712,968837
46,2032,401591,411874,813465
47,2032,367262,390066,757328
48,2032,364583,389500,754083
49,2032,356718,379481,736199
50,2032,330988,368100,699088
51,2032,339554,369818,709372
52,2032,324497,364204,688701
53,2032,339284,370101,709385
54,2032,311586,337624,649210
55,2032,318566,359957,678523
56,2032,325875,329002,654877
57,2032,361906,379803,741709
58,2032,357590,377640,735230
59,2032,322754,308799,631553
60,2032,322816,306370,629186
61,2032,327414,320325,647739
62,2032,318115,323096,641211
63,2032,324643,321617,646260
64,2032,303777,316638,620415
65,2032,312298,313657,625955
66,2032,324388,308911,633299
67,2032,319717,310856,630573
68,2032,284564,312860,597424
69,2032,285219,315194,600413
70,2032,267232,313380,580612
71,2032,266515,309360,575875
72,2032,265496,309542,575038
73,2032,267318,313504,580822
74,2032,270299,307700,577999
75,2032,265216,308518,573734
76,2032,265411,304846,570257
77,2032,265833,305587,571420
78,2032,276223,305345,581568
79,2032,257112,245421,502533
80,2032,257213,245421,502634
81,2032,249801,237531,487332
82,2032,231554,226117,457671
83,2032,230864,201088,431952
84,2032,230926,200954,431880
85,2032,231026,201762,432788
86,2032,229006,195188,424194
87,2032,227999,192646,420645
88,2032,227999,192646,420645
89,2032,227999,192646,420645
90,2032,227999,192646,420645
91,2032,227989,192646,420635
92,2032,227989,192646,420635
93,2032,227989,192646,420635
94,2032,227989,192646,420635
95,2032,227989,192646,420635
96,2032,227989,192646,420635
97,2032,227989,192646,420635
98,2032,227989,192646,420635
99,2032,227989,192646,420635
100,2032,227989,192646,420635
0,2032,280015,269089,549104
1,2032,279742,268661,548403
2,2032,281670,269154,550824
3,2032,281457,269408,550865
4,2032,272674,268677,541351
5,2032,281378,269027,550405
6,2032,280881,268595,549476
7,2032,271018,260783,531801
8,2032,268915,255066,523981
9,2032,271592,261939,533531
10,2032,266149,252271,518420
11,2032,283302,274493,557795
12,2032,275124,257342,532466
13,2032,294157,276122,570279
14,2032,294135,275927,570062
15,2032,297754,273599,571353
16,2032,302155,282710,584865
17,2032,305196,295467,600663
18,2032,303317,284008,587325
19,2032,316533,300073,616606
20,2032,311290,300780,612070
21,2032,306040,292717,598757
22,2032,307051,292726,599777
23,2032,312043,298370,610413
24,2032,317980,302923,620903
25,2032,326527,314574,641101
26,2032,330342,322260,652602
27,2032,333393,323545,656938
28,2032,341692,333765,675457
29,2032,345132,341770,686902
30,2032,362105,350813,712918
31,2032,381865,368046,749911
32,2032,389707,387833,777540
33,2032,381496,369186,750682
34,2032,386904,388188,775092
35,2032,468443,464986,933429
36,2032,467071,467191,934262
37,2032,467392,468056,935448
38,2032,470403,470104,940507
39,2032,473347,471475,944822
40,2032,478625,479551,958176
41,2032,479526,483575,963101
42,2032,479968,487036,967004
43,2032,478531,488602,967133
44,2032,488882,490451,979333
45,2032,486658,485574,972232
46,2032,485125,484408,969533
47,2032,462819,471514,934333
48,2032,409004,413163,822167
49,2032,409004,413091,822095
50,2032,388506,398149,786655
51,2032,388495,398116,786611
52,2032,388355,398129,786484
53,2032,374083,397084,771167
54,2032,372149,387138,759287
55,2032,356391,387975,744366
56,2032,322748,360266,683014
57,2032,321762,326766,648528
58,2032,368948,389685,758633
59,2032,363925,387258,751183
60,2032,359887,379822,739709
61,2032,329950,312053,642003
62,2032,331898,325338,657236
63,2032,332885,318663,651548
64,2032,325346,321552,646898
65,2032,326022,318469,644491
66,2032,318978,327734,646712
67,2032,324768,337701,662469
68,2032,320126,344711,664837
69,2032,283033,335301,618334
70,2032,269559,337562,607121
71,2032,268662,337726,606388
72,2032,267079,335235,602314
73,2032,267245,335337,602582
74,2032,267812,333993,601805
75,2032,265030,330649,595679
76,2032,265115,330734,595849
77,2032,262927,327588,590515
78,2032,262726,312259,574985
79,2032,240615,260058,500673
80,2032,240888,254016,494904
81,2032,233968,237700,471668
82,2032,221602,226706,448308
83,2032,218244,214398,432642
84,2032,218101,200907,419008
85,2032,218154,201757,419911
86,2032,216394,195188,411582
87,2032,216557,192646,409203
88,2032,216557,192646,409203
89,2032,216557,192646,409203
90,2032,216557,192646,409203
91,2032,216550,192646,409196
92,2032,216550,192646,409196
93,2032,216550,192646,409196
94,2032,216550,192646,409196
95,2032,216550,192646,409196
96,2032,216550,192646,409196
97,2032,216550,192646,409196
98,2032,216550,192646,409196
99,2032,216550,192646,409196
100,2032,216550,192646,409196
0,2032,282863,274107,556970
1,2032,279946,268645,548591
2,2032,280333,268586,548919
3,2032,280036,267960,547996
4,2032,280475,269018,549493
5,2032,280069,267960,548029
6,2032,279662,268391,548053
7,2032,281491,268055,549546
8,2032,282211,268493,550704
9,2032,271467,260034,531501
10,2032,282887,269608,552495
11,2032,268384,252434,520818
12,2032,283010,273601,556611
13,2032,269474,263942,533416
14,2032,294474,276829,571303
15,2032,293781,274910,568691
16,2032,312267,320724,632991
17,2032,304235,294173,598408
18,2032,309153,293812,602965
19,2032,316035,309186,625221
20,2032,312195,296008,608203
21,2032,310590,291062,601652
22,2032,310039,298542,608581
23,2032,311154,298187,609341
24,2032,319597,303335,622932
25,2032,322810,312486,635296
26,2032,329271,320041,649312
27,2032,329606,321185,650791
28,2032,333627,325702,659329
29,2032,342594,335482,678076
30,2032,344738,341324,686062
31,2032,363626,357461,721087
32,2032,371723,368407,740130
33,2032,398270,405827,804097
34,2032,373393,369129,742522
35,2032,409815,405156,814971
36,2032,388024,388735,776759
37,2032,463240,467214,930454
38,2032,466990,468984,935974
39,2032,471238,471387,942625
40,2032,474086,476654,950740
41,2032,474170,476566,950736
42,2032,479844,478094,957938
43,2032,480180,489980,970160
44,2032,478733,489865,968598
45,2032,487749,492451,980200
46,2032,486646,485997,972643
47,2032,486636,487687,974323
48,2032,481300,482526,963826
49,2032,440590,457900,898490
50,2032,426532,441788,868320
51,2032,426514,441788,868302
52,2032,422276,431578,853854
53,2032,393376,416581,809957
54,2032,366208,372416,738624
55,2032,367254,386068,753322
56,2032,342744,383779,726523
57,2032,323609,342297,665906
58,2032,326526,333158,659684
59,2032,369142,391601,760743
60,2032,367094,389634,756728
61,2032,360607,379509,740116
62,2032,328002,316600,644602
63,2032,327947,314202,642149
64,2032,330826,349632,680458
65,2032,321662,324057,645719
66,2032,304322,321329,625651
67,2032,324900,319050,643950
68,2032,306624,327278,633902
69,2032,298939,344934,643873
70,2032,270881,324418,595299
71,2032,268698,320484,589182
72,2032,268498,319584,588082
73,2032,268538,320178,588716
74,2032,270599,320226,590825
75,2032,262390,318309,580699
76,2032,261335,317897,579232
77,2032,262729,323887,586616
78,2032,261178,316418,577596
79,2032,235152,295982,531134
80,2032,233392,255215,488607
81,2032,224171,238786,462957
82,2032,220921,227497,448418
83,2032,214883,213879,428762
84,2032,214236,200907,415143
85,2032,214393,201946,416339
86,2032,213724,195188,408912
87,2032,213424,192646,406070
88,2032,213424,192646,406070
89,2032,213424,192646,406070
90,2032,213467,192646,406113
91,2032,213977,192646,406623
92,2032,213977,192646,406623
93,2032,213977,192646,406623
94,2032,213977,192646,406623
95,2032,213977,192646,406623
96,2032,213977,192646,406623
97,2032,213977,192646,406623
98,2032,213977,192646,406623
99,2032,213977,192646,406623
100,2032,213977,192646,406623
0,2032,291420,274851,566271
1,2032,282871,272493,555364
2,2032,280584,269448,550032
3,2032,281174,268817,549991
4,2032,283332,270774,554106
5,2032,280789,268817,549606
6,2032,280343,269464,549807
7,2032,280572,269143,549715
8,2032,279693,268962,548655
9,2032,280900,268813,549713
10,2032,280230,268251,548481
11,2032,284881,271821,556702
12,2032,284221,274579,558800
13,2032,284666,272808,557474
14,2032,293857,275559,569416
15,2032,295508,304029,599537
16,2032,316487,317558,634045
17,2032,314461,306307,620768
18,2032,305877,291418,597295
19,2032,314802,312538,627340
20,2032,313860,298101,611961
21,2032,312109,297293,609402
22,2032,314359,298521,612880
23,2032,311344,297777,609121
24,2032,320386,305697,626083
25,2032,323837,313765,637602
26,2032,325493,317012,642505
27,2032,328756,316222,644978
28,2032,327709,320026,647735
29,2032,338606,326087,664693
30,2032,342753,335229,677982
31,2032,347489,342534,690023
32,2032,360532,357839,718371
33,2032,406622,415492,822114
34,2032,472551,464512,937063
35,2032,435303,441421,876724
36,2032,465735,469054,934789
37,2032,394361,400284,794645
38,2032,464744,468568,933312
39,2032,465199,468162,933361
40,2032,472360,475768,948128
41,2032,472763,475259,948022
42,2032,472690,477990,950680
43,2032,473644,480399,954043
44,2032,481017,490599,971616
45,2032,478721,492445,971166
46,2032,486818,490071,976889
47,2032,488783,491182,979965
48,2032,486544,487994,974538
49,2032,483905,483585,967490
50,2032,464840,472163,937003
51,2032,418153,414667,832820
52,2032,409502,412239,821741
53,2032,406933,414759,821692
54,2032,387400,399807,787207
55,2032,386195,399790,785985
56,2032,364411,380840,745251
57,2032,346063,386075,732138
58,2032,323296,333625,656921
59,2032,321057,336045,657102
60,2032,370835,396731,767566
61,2032,370957,391414,762371
62,2032,360913,377175,738088
63,2032,327434,314555,641989
64,2032,328696,317831,646527
65,2032,328067,319100,647167
66,2032,327964,319290,647254
67,2032,313384,318750,632134
68,2032,304405,319978,624383
69,2032,291039,320545,611584
70,2032,298871,341318,640189
71,2032,276639,318777,595416
72,2032,274770,314178,588948
73,2032,275790,319354,595144
74,2032,270085,316877,586962
75,2032,272252,319797,592049
76,2032,267943,316534,584477
77,2032,262984,315108,578092
78,2032,264493,320467,584960
79,2032,227462,279561,507023
80,2032,223111,256898,480009
81,2032,216331,238361,454692
82,2032,214436,228204,442640
83,2032,214476,215630,430106
84,2032,214228,200907,415135
85,2032,214228,201757,415985
86,2032,214210,195188,409398
87,2032,214748,192646,407394
88,2032,214748,192646,407394
89,2032,214748,192646,407394
90,2032,214748,192646,407394
91,2032,214425,192646,407071
92,2032,214711,192646,407357
93,2032,214425,192646,407071
94,2032,214425,192646,407071
95,2032,214425,192646,407071
96,2032,214425,192646,407071
97,2032,214425,192646,407071
98,2032,214425,192646,407071
99,2032,214425,192646,407071
100,2032,214425,192646,407071
0,2032,291794,274323,566117
1,2032,291535,275373,566908
2,2032,291553,275092,566645
3,2032,291625,274497,566122
4,2032,291591,274796,566387
5,2032,284085,274127,558212
6,2032,283220,273025,556245
7,2032,281974,270727,552701
8,2032,280060,269581,549641
9,2032,283028,271535,554563
10,2032,280292,269311,549603
11,2032,283892,275129,559021
12,2032,282044,269457,551501
13,2032,283444,275985,559429
14,2032,275345,264602,539947
15,2032,290614,304112,594726
16,2032,311307,315683,626990
17,2032,317051,318118,635169
18,2032,303156,290741,593897
19,2032,318033,317785,635818
20,2032,317542,299931,617473
21,2032,314212,298811,613023
22,2032,313813,298937,612750
23,2032,311367,298272,609639
24,2032,319316,303526,622842
25,2032,316130,306721,622851
26,2032,324844,316311,641155
27,2032,328476,312039,640515
28,2032,329503,321746,651249
29,2032,328967,321501,650468
30,2032,332582,325895,658477
31,2032,344890,341411,686301
32,2032,349463,348053,697516
33,2032,364065,357232,721297
34,2032,409967,411346,821313
35,2032,437628,439974,877602
36,2032,457883,461883,919766
37,2032,461181,464493,925674
38,2032,457199,463585,920784
39,2032,464028,468390,932418
40,2032,471208,474248,945456
41,2032,471481,471169,942650
42,2032,472228,475702,947930
43,2032,472905,478054,950959
44,2032,473671,480476,954147
45,2032,479026,479782,958808
46,2032,479438,492996,972434
47,2032,485485,491252,976737
48,2032,488861,491365,980226
49,2032,488537,491719,980256
50,2032,486661,488287,974948
51,2032,484788,486965,971753
52,2032,442409,457456,899865
53,2032,425877,427325,853202
54,2032,405511,413892,819403
55,2032,393254,409383,802637
56,2032,383822,398684,782506
57,2032,364622,379694,744316
58,2032,343953,385488,729441
59,2032,323504,330924,654428
60,2032,320280,367787,688067
61,2032,376488,402393,778881
62,2032,371592,393266,764858
63,2032,360406,379967,740373
64,2032,327137,329544,656681
65,2032,329684,316168,645852
66,2032,329849,343146,672995
67,2032,328940,320126,649066
68,2032,324010,320136,644146
69,2032,312969,323035,636004
70,2032,292037,319167,611204
71,2032,281992,343727,625719
72,2032,271194,329249,600443
73,2032,271282,334517,605799
74,2032,269339,325642,594981
75,2032,269627,321918,591545
76,2032,273486,323145,596631
77,2032,265214,315200,580414
78,2032,263840,322605,586445
79,2032,238775,305248,544023
80,2032,224096,295677,519773
81,2032,216004,251789,467793
82,2032,215270,227919,443189
83,2032,215297,214903,430200
84,2032,215028,200988,416016
85,2032,215028,202183,417211
86,2032,215025,195270,410295
87,2032,215001,192727,407728
88,2032,215001,192727,407728
89,2032,215001,192727,407728
90,2032,215001,192727,407728
91,2032,214734,192727,407461
92,2032,214734,192691,407425
93,2032,214734,192691,407425
94,2032,214734,192691,407425
95,2032,214734,192691,407425
96,2032,214734,192691,407425
97,2032,214734,192691,407425
98,2032,214734,192691,407425
99,2032,214734,192691,407425
100,2032,214734,192691,407425
0,2032,271054,255386,526440
1,2032,291944,274321,566265
2,2032,291944,274925,566869
3,2032,292279,275240,567519
4,2032,291992,274264,566256
5,2032,291965,274648,566613
6,2032,283044,273645,556689
7,2032,283608,274236,557844
8,2032,282939,272358,555297
9,2032,289406,271332,560738
10,2032,282910,272254,555164
11,2032,280671,268773,549444
12,2032,283256,272562,555818
13,2032,283028,272379,555407
14,2032,283062,272474,555536
15,2032,289519,283537,573056
16,2032,312609,320755,633364
17,2032,311269,314352,625621
18,2032,305190,293574,598764
19,2032,318800,334265,653065
20,2032,316585,301095,617680
21,2032,317732,300203,617935
22,2032,315162,299036,614198
23,2032,313219,299538,612757
24,2032,310951,297273,608224
25,2032,312242,301782,614024
26,2032,324425,315268,639693
27,2032,327217,314332,641549
28,2032,327693,318480,646173
29,2032,329021,321654,650675
30,2032,327911,320294,648205
31,2032,337896,334590,672486
32,2032,343933,341585,685518
33,2032,352182,379897,732079
34,2032,363147,366477,729624
35,2032,380769,367586,748355
36,2032,438550,443107,881657
37,2032,458965,462419,921384
38,2032,457277,464291,921568
39,2032,457439,464043,921482
40,2032,468396,471333,939729
41,2032,470724,473242,943966
42,2032,470108,473553,943661
43,2032,471616,475290,946906
44,2032,473086,478537,951623
45,2032,472976,474938,947914
46,2032,482508,482351,964859
47,2032,479827,491127,970954
48,2032,479408,496307,975715
49,2032,489566,497695,987261
50,2032,489793,494304,984097
51,2032,487248,490594,977842
52,2032,484663,487034,971697
53,2032,457046,469180,926226
54,2032,432775,450537,883312
55,2032,415316,426130,841446
56,2032,399656,412541,812197
57,2032,383969,399756,783725
58,2032,364419,383228,747647
59,2032,348207,386467,734674
60,2032,323543,365545,689088
61,2032,320057,366819,686876
62,2032,379014,404047,783061
63,2032,371399,389827,761226
64,2032,358265,382258,740523
65,2032,329099,347601,676700
66,2032,328003,317286,645289
67,2032,330330,319338,649668
68,2032,331051,318387,649438
69,2032,322688,321780,644468
70,2032,320267,321841,642108
71,2032,302108,347989,650097
72,2032,271974,340932,612906
73,2032,273484,320214,593698
74,2032,272985,317703,590688
75,2032,271918,322065,593983
76,2032,270866,322095,592961
77,2032,270415,317942,588357
78,2032,264701,323664,588365
79,2032,239675,294545,534220
80,2032,224008,278843,502851
81,2032,216726,254401,471127
82,2032,215421,238713,454134
83,2032,215396,227657,443053
84,2032,215089,201811,416900
85,2032,215086,201930,417016
86,2032,215063,195270,410333
87,2032,215063,192727,407790
88,2032,215063,192727,407790
89,2032,214777,192691,407468
90,2032,214796,192691,407487
91,2032,214107,192691,406798
92,2032,214107,192626,406733
93,2032,214014,192566,406580
94,2032,214014,192566,406580
95,2032,214014,192586,406600
96,2032,214014,192586,406600
97,2032,214014,192586,406600
98,2032,214014,192586,406600
99,2032,214014,192586,406600
100,2032,214014,192586,406600
0,2032,271164,254635,525799
1,2032,271092,255416,526508
2,2032,291950,274466,566416
3,2032,291977,274728,566705
4,2032,292174,274901,567075
5,2032,292075,275412,567487
6,2032,291698,274461,566159
7,2032,291631,274492,566123
8,2032,283086,273773,556859
9,2032,291799,274621,566420
10,2032,291896,275191,567087
11,2032,292286,276235,568521
12,2032,292904,275928,568832
13,2032,293860,276302,570162
14,2032,294084,283707,577791
15,2032,292710,274296,567006
16,2032,316643,295587,612230
17,2032,309386,314050,623436
18,2032,305563,296150,601713
19,2032,304404,318530,622934
20,2032,304915,294435,599350
21,2032,310768,299243,610011
22,2032,317503,300562,618065
23,2032,309485,293198,602683
24,2032,308013,294267,602280
25,2032,311308,303455,614763
26,2032,321282,309876,631158
27,2032,326969,312776,639745
28,2032,328888,316375,645263
29,2032,329498,320470,649968
30,2032,331191,324189,655380
31,2032,329822,323193,653015
32,2032,337870,334730,672600
33,2032,344392,341216,685608
34,2032,353621,353424,707045
35,2032,363618,360515,724133
36,2032,385810,383676,769486
37,2032,386272,382239,768511
38,2032,458393,464587,922980
39,2032,457779,464693,922472
40,2032,458674,464330,923004
41,2032,458946,462265,921211
42,2032,463028,465504,928532
43,2032,470727,474548,945275
44,2032,472475,476851,949326
45,2032,472201,477416,949617
46,2032,473264,479846,953110
47,2032,473385,480359,953744
48,2032,480466,491319,971785
49,2032,480465,494304,974769
50,2032,484164,496632,980796
51,2032,488392,496387,984779
52,2032,488139,495754,983893
53,2032,485677,487984,973661
54,2032,452201,467718,919919
55,2032,439145,456170,895315
56,2032,420707,426429,847136
57,2032,397345,412410,809755
58,2032,383105,399510,782615
59,2032,363782,369489,733271
60,2032,365954,385990,751944
61,2032,323236,365871,689107
62,2032,313784,363217,677001
63,2032,376526,397022,773548
64,2032,367214,392688,759902
65,2032,334009,369844,703853
66,2032,326715,351324,678039
67,2032,328642,317519,646161
68,2032,328358,315573,643931
69,2032,328350,323685,652035
70,2032,304447,322395,626842
71,2032,291837,317590,609427
72,2032,299551,341773,641324
73,2032,272376,336453,608829
74,2032,272247,315433,587680
75,2032,269809,329802,599611
76,2032,270058,329391,599449
77,2032,269604,316574,586178
78,2032,264591,324706,589297
79,2032,242002,306091,548093
80,2032,233529,298021,531550
81,2032,217623,256601,474224
82,2032,215665,238514,454179
83,2032,215547,228369,443916
84,2032,215104,204455,419559
85,2032,215063,204512,419575
86,2032,215063,195270,410333
87,2032,214552,192727,407279
88,2032,214571,192727,407298
89,2032,213398,193124,406522
90,2032,213629,192626,406255
91,2032,213682,192663,406345
92,2032,213623,193374,406997
93,2032,212750,189737,402487
94,2032,212595,189676,402271
95,2032,212595,189737,402332
96,2032,212595,188930,401525
97,2032,212595,188930,401525
98,2032,212595,188930,401525
99,2032,212595,188930,401525
100,2032,212595,188930,401525
0,2032,259516,237962,497478
1,2032,284056,270134,554190
2,2032,271022,256097,527119
3,2032,292586,276578,569164
4,2032,292991,276363,569354
5,2032,292399,274923,567322
6,2032,292559,275327,567886
7,2032,292293,275041,567334
8,2032,291728,274138,565866
9,2032,280783,272103,552886
10,2032,291991,274799,566790
11,2032,292642,277254,569896
12,2032,293901,276091,569992
13,2032,295738,276718,572456
14,2032,296585,276027,572612
15,2032,297161,275974,573135
16,2032,311684,277975,589659
17,2032,305225,283047,588272
18,2032,305785,277165,582950
19,2032,307013,298061,605074
20,2032,307965,313050,621015
21,2032,311138,295213,606351
22,2032,313640,300083,613723
23,2032,312656,300767,613423
24,2032,308719,300464,609183
25,2032,313828,298242,612070
26,2032,323428,309517,632945
27,2032,325710,309633,635343
28,2032,327857,316059,643916
29,2032,329752,317941,647693
30,2032,329336,318675,648011
31,2032,327754,320231,647985
32,2032,329523,323653,653176
33,2032,337247,335095,672342
34,2032,346530,340669,687199
35,2032,352688,352145,704833
36,2032,364951,363514,728465
37,2032,374974,369042,744016
38,2032,390966,390984,781950
39,2032,457185,464683,921868
40,2032,457733,462719,920452
41,2032,433342,433482,866824
42,2032,457304,465521,922825
43,2032,461058,461752,922810
44,2032,470378,474995,945373
45,2032,469983,472011,941994
46,2032,472968,478504,951472
47,2032,472770,478767,951537
48,2032,480896,482793,963689
49,2032,480255,491338,971593
50,2032,479166,491816,970982
51,2032,479635,495912,975547
52,2032,487215,497978,985193
53,2032,490563,496452,987015
54,2032,485279,487274,972553
55,2032,463573,477598,941171
56,2032,436795,451708,888503
57,2032,422088,428710,850798
58,2032,391913,407254,799167
59,2032,382149,399317,781466
60,2032,364819,370399,735218
61,2032,364492,380431,744923
62,2032,325098,370756,695854
63,2032,313993,363604,677597
64,2032,376586,395225,771811
65,2032,361811,386892,748703
66,2032,335064,368236,703300
67,2032,327199,349390,676589
68,2032,327189,319738,646927
69,2032,324441,316658,641099
70,2032,327767,318589,646356
71,2032,317135,321406,638541
72,2032,288403,316924,605327
73,2032,285402,332315,617717
74,2032,270757,326487,597244
75,2032,281031,324858,605889
76,2032,268717,325727,594444
77,2032,276425,313471,589896
78,2032,264565,326298,590863
79,2032,248854,307577,556431
80,2032,236995,301458,538453
81,2032,222254,294331,516585
82,2032,216572,250569,467141
83,2032,215547,228687,444234
84,2032,215384,217991,433375
85,2032,215141,206876,422017
86,2032,214777,195270,410047
87,2032,214331,192727,407058
88,2032,214331,192691,407022
89,2032,213651,193389,407040
90,2032,213531,193389,406920
91,2032,212948,193357,406305
92,2032,213652,192641,406293
93,2032,212366,188983,401349
94,2032,212428,185844,398272
95,2032,212463,185844,398307
96,2032,212463,185844,398307
97,2032,212463,185844,398307
98,2032,212463,185844,398307
99,2032,212282,185844,398126
100,2032,212282,185844,398126
0,2032,244702,225099,469801
1,2032,269531,249215,518746
2,2032,283337,269980,553317
3,2032,270342,253992,524334
4,2032,292488,275706,568194
5,2032,292545,276642,569187
6,2032,292515,275012,567527
7,2032,292646,275046,567692
8,2032,292556,275522,568078
9,2032,292471,275404,567875
10,2032,292667,276111,568778
11,2032,290913,273901,564814
12,2032,294375,275511,569886
13,2032,292747,274409,567156
14,2032,293924,274155,568079
15,2032,293386,275095,568481
16,2032,302792,277881,580673
17,2032,303447,278209,581656
18,2032,303472,277488,580960
19,2032,306123,295814,601937
20,2032,308940,291997,600937
21,2032,309689,292575,602264
22,2032,311312,297458,608770
23,2032,314367,298966,613333
24,2032,310158,315571,625729
25,2032,312932,302271,615203
26,2032,322131,307099,629230
27,2032,324776,305650,630426
28,2032,327884,313130,641014
29,2032,328884,318912,647796
30,2032,329311,316948,646259
31,2032,332526,324813,657339
32,2032,328461,320402,648863
33,2032,330462,323531,653993
34,2032,341699,335415,677114
35,2032,346740,340655,687395
36,2032,356543,353613,710156
37,2032,361624,362000,723624
38,2032,375888,370453,746341
39,2032,458346,464879,923225
40,2032,457220,464055,921275
41,2032,459708,465328,925036
42,2032,456509,467825,924334
43,2032,457628,466020,923648
44,2032,463233,465907,929140
45,2032,461075,470102,931177
46,2032,471434,475037,946471
47,2032,472023,476242,948265
48,2032,473856,480038,953894
49,2032,472682,480474,953156
50,2032,473075,481271,954346
51,2032,480751,491192,971943
52,2032,480126,493969,974095
53,2032,483645,496890,980535
54,2032,488667,493724,982391
55,2032,487999,494354,982353
56,2032,462459,472355,934814
57,2032,436997,451936,888933
58,2032,421519,427262,848781
59,2032,391351,407587,798938
60,2032,381502,399498,781000
61,2032,364158,369916,734074
62,2032,363313,375704,739017
63,2032,323593,368688,692281
64,2032,321823,364457,686280
65,2032,376316,394676,770992
66,2032,361921,377792,739713
67,2032,328214,340529,668743
68,2032,328076,345665,673741
69,2032,326249,317038,643287
70,2032,326899,319059,645958
71,2032,321883,321400,643283
72,2032,276268,322122,598390
73,2032,280643,315684,596327
74,2032,285213,314954,600167
75,2032,270928,320260,591188
76,2032,270224,332420,602644
77,2032,276712,314415,591127
78,2032,270397,323299,593696
79,2032,252088,310678,562766
80,2032,235156,282222,517378
81,2032,220000,262996,482996
82,2032,217041,250298,467339
83,2032,215547,228172,443719
84,2032,215442,225797,441239
85,2032,214875,205341,420216
86,2032,214796,195270,410066
87,2032,214244,192727,406971
88,2032,213853,192626,406479
89,2032,211380,193508,404888
90,2032,210828,192923,403751
91,2032,209601,183281,392882
92,2032,208311,177277,385588
93,2032,208912,180395,389307
94,2032,208152,175761,383913
95,2032,207143,146376,353519
96,2032,207143,146376,353519
97,2032,207143,146046,353189
98,2032,207143,146046,353189
99,2032,207293,146950,354243
100,2032,207293,146950,354243
0,2032,237482,211890,449372
1,2032,255278,237260,492538
2,2032,269122,245372,514494
3,2032,283759,270032,553791
4,2032,270168,248849,519017
5,2032,276328,263882,540210
6,2032,292856,276266,569122
7,2032,292682,276169,568851
8,2032,292440,274760,567200
9,2032,292890,276671,569561
10,2032,291556,274744,566300
11,2032,293038,276738,569776
12,2032,293602,275880,569482
13,2032,293895,276171,570066
14,2032,294979,276200,571179
15,2032,294146,275763,569909
16,2032,295622,277239,572861
17,2032,304901,278098,582999
18,2032,304368,277225,581593
19,2032,305257,279717,584974
20,2032,309255,292764,602019
21,2032,309973,293723,603696
22,2032,307947,290929,598876
23,2032,314367,300462,614829
24,2032,312838,300647,613485
25,2032,312152,302655,614807
26,2032,323103,310165,633268
27,2032,323836,307110,630946
28,2032,328132,313883,642015
29,2032,329466,317176,646642
30,2032,329125,319663,648788
31,2032,329696,317619,647315
32,2032,333013,325096,658109
33,2032,327768,320336,648104
34,2032,330948,328171,659119
35,2032,341418,337203,678621
36,2032,347052,341450,688502
37,2032,355853,353617,709470
38,2032,363110,364380,727490
39,2032,386240,383245,769485
40,2032,387933,388709,776642
41,2032,417320,418886,836206
42,2032,410016,406327,816343
43,2032,418732,419870,838602
44,2032,457203,466160,923363
45,2032,456714,466372,923086
46,2032,470684,475087,945771
47,2032,470162,474502,944664
48,2032,472707,478639,951346
49,2032,471952,478431,950383
50,2032,472468,478509,950977
51,2032,475774,481042,956816
52,2032,480971,476720,957691
53,2032,479284,492372,971656
54,2032,483097,495926,979023
55,2032,488268,496798,985066
56,2032,486740,490695,977435
57,2032,458779,472378,931157
58,2032,436460,452511,888971
59,2032,420841,427260,848101
60,2032,390573,407053,797626
61,2032,380869,399560,780429
62,2032,365606,369521,735127
63,2032,362177,386018,748195
64,2032,324161,366042,690203
65,2032,320400,368088,688488
66,2032,363565,367817,731382
67,2032,358079,378622,736701
68,2032,328123,317259,645382
69,2032,327413,316824,644237
70,2032,318113,315841,633954
71,2032,328050,317007,645057
72,2032,317197,323083,640280
73,2032,274530,325992,600522
74,2032,281343,318807,600150
75,2032,271037,311976,583013
76,2032,267716,332070,599786
77,2032,271771,311157,582928
78,2032,277013,326323,603336
79,2032,256965,313341,570306
80,2032,242959,307095,550054
81,2032,225308,262458,487766
82,2032,216935,251816,468751
83,2032,215467,238265,453732
84,2032,215516,225732,441248
85,2032,214875,205341,420216
86,2032,213853,195270,409123
87,2032,213623,192727,406350
88,2032,213187,192663,405850
89,2032,203283,188618,391901
90,2032,210041,188985,399026
91,2032,206776,179169,385945
92,2032,185261,100405,285666
93,2032,183674,99615,283289
94,2032,185098,100484,285582
95,2032,180184,62937,243121
96,2032,177556,51080,228636
97,2032,177556,50285,227841
98,2032,177556,51080,228636
99,2032,177419,50285,227704
100,2032,177298,50492,227790
0,2032,222396,214945,437341
1,2032,263188,219015,482203
2,2032,254713,234987,489700
3,2032,267392,243661,511053
4,2032,264417,244228,508645
5,2032,268338,253337,521675
6,2032,270720,258641,529361
7,2032,277513,263833,541346
8,2032,292834,276642,569476
9,2032,292286,273682,565968
10,2032,291572,276062,567634
11,2032,291814,276076,567890
12,2032,292200,275291,567491
13,2032,293708,276214,569922
14,2032,294346,275504,569850
15,2032,296581,276781,573362
16,2032,296498,275430,571928
17,2032,299531,277722,577253
18,2032,304531,277343,581874
19,2032,306355,279008,585363
20,2032,305486,280355,585841
21,2032,307499,290603,598102
22,2032,308820,289302,598122
23,2032,316008,301553,617561
24,2032,314555,302957,617512
25,2032,308332,292845,601177
26,2032,324651,314071,638722
27,2032,323788,312170,635958
28,2032,326286,313530,639816
29,2032,328123,312432,640555
30,2032,329314,317466,646780
31,2032,330047,317555,647602
32,2032,329598,318547,648145
33,2032,333105,324782,657887
34,2032,328006,320346,648352
35,2032,331372,329053,660425
36,2032,342439,338197,680636
37,2032,347904,346872,694776
38,2032,359171,359757,718928
39,2032,365288,365427,730715
40,2032,411410,415530,826940
41,2032,389093,388424,777517
42,2032,390754,389614,780368
43,2032,412233,410526,822759
44,2032,456354,467264,923618
45,2032,457957,469089,927046
46,2032,461302,462763,924065
47,2032,463069,468136,931205
48,2032,469884,474380,944264
49,2032,469391,475074,944465
50,2032,471600,477416,949016
51,2032,472134,478256,950390
52,2032,472051,478758,950809
53,2032,480414,480311,960725
54,2032,478365,492445,970810
55,2032,483399,494979,978378
56,2032,488678,497043,985721
57,2032,486929,491250,978179
58,2032,453545,468864,922409
59,2032,428996,444073,873069
60,2032,409590,424204,833794
61,2032,388297,407551,795848
62,2032,379018,399326,778344
63,2032,364413,370577,734990
64,2032,363175,385346,748521
65,2032,323918,366988,690906
66,2032,313618,369759,683377
67,2032,362628,374565,737193
68,2032,332554,365414,697968
69,2032,328147,342972,671119
70,2032,318625,321837,640462
71,2032,295735,319978,615713
72,2032,295208,316757,611965
73,2032,308824,340012,648836
74,2032,278137,331605,609742
75,2032,272550,321478,594028
76,2032,268269,319785,588054
77,2032,271095,315546,586641
78,2032,266055,318090,584145
79,2032,260450,321519,581969
80,2032,247026,308261,555287
81,2032,226005,262276,488281
82,2032,217969,240974,458943
83,2032,215731,227832,443563
84,2032,215187,226698,441885
85,2032,213951,205341,419292
86,2032,213514,195270,408784
87,2032,213121,192701,405822
88,2032,211149,192879,404028
89,2032,190062,182018,372080
90,2032,199254,181125,380379
91,2032,187222,182252,369474
92,2032,148967,89616,238583
93,2032,145381,67807,213188
94,2032,143752,60710,204462
95,2032,147512,88967,236479
96,2032,137263,19432,156695
97,2032,137305,19665,156970
98,2032,136650,11085,147735
99,2032,136690,10675,147365
100,2032,137474,20736,158210
0,2032,211611,199836,411447
1,2032,235908,207221,443129
2,2032,262826,225277,488103
3,2032,253266,229376,482642
4,2032,257958,237241,495199
5,2032,269139,243800,512939
6,2032,266951,251401,518352
7,2032,268829,253593,522422
8,2032,273375,258547,531922
9,2032,292968,276724,569692
10,2032,292233,276060,568293
11,2032,291361,275350,566711
12,2032,292062,275820,567882
13,2032,293577,275314,568891
14,2032,294702,275506,570208
15,2032,292769,275144,567913
16,2032,298156,275533,573689
17,2032,299443,275953,575396
18,2032,304580,277364,581944
19,2032,309581,279103,588684
20,2032,308161,279611,587772
21,2032,307579,280515,588094
22,2032,309866,293532,603398
23,2032,315324,301632,616956
24,2032,313571,301521,615092
25,2032,309474,294791,604265
26,2032,325352,317175,642527
27,2032,325665,310855,636520
28,2032,324806,306784,631590
29,2032,327085,311731,638816
30,2032,328819,313374,642193
31,2032,328603,318480,647083
32,2032,329966,316553,646519
33,2032,329388,318983,648371
34,2032,331039,325318,656357
35,2032,327997,321117,649114
36,2032,333491,328954,662445
37,2032,342488,339825,682313
38,2032,353501,349430,702931
39,2032,359674,360054,719728
40,2032,364626,364634,729260
41,2032,414712,419687,834399
42,2032,373770,370058,743828
43,2032,390657,386392,777049
44,2032,411199,409000,820199
45,2032,457270,482885,940155
46,2032,457414,464819,922233
47,2032,456710,467862,924572
48,2032,462619,467823,930442
49,2032,463507,467813,931320
50,2032,469732,474481,944213
51,2032,471921,477113,949034
52,2032,471871,478873,950744
53,2032,472326,478604,950930
54,2032,473170,477344,950514
55,2032,478971,491827,970798
56,2032,483213,494503,977716
57,2032,488371,498676,987047
58,2032,484206,485313,969519
59,2032,447469,462557,910026
60,2032,425084,442797,867881
61,2032,383750,387535,771285
62,2032,384729,407023,791752
63,2032,327434,370183,697617
64,2032,364521,369734,734255
65,2032,355607,384848,740455
66,2032,307867,372644,680511
67,2032,322072,360247,682319
68,2032,326537,332700,659237
69,2032,336429,373723,710152
70,2032,328466,347155,675621
71,2032,313164,319043,632207
72,2032,311218,349288,660506
73,2032,288887,321207,610094
74,2032,281509,349024,630533
75,2032,272406,330527,602933
76,2032,269700,321172,590872
77,2032,270175,323393,593568
78,2032,264288,315270,579558
79,2032,260458,316531,576989
80,2032,239624,309730,549354
81,2032,221571,252771,474342
82,2032,217725,257537,475262
83,2032,215688,227051,442739
84,2032,214819,226803,441622
85,2032,214191,214287,428478
86,2032,211701,195270,406971
87,2032,211137,192814,403951
88,2032,205459,192804,398263
89,2032,155142,176008,331150
90,2032,148946,111249,260195
91,2032,67302,106836,174138
92,2032,63020,103746,166766
93,2032,63532,103704,167236
94,2032,44813,59593,104406
95,2032,41893,52743,94636
96,2032,47017,73609,120626
97,2032,30124,17307,47431
98,2032,27673,8758,36431
99,2032,27687,9527,37214
100,2032,28626,11404,40030
0,2033,292160,275407,567567
1,2033,292160,275407,567567
2,2033,292156,275407,567563
3,2033,292317,275433,567750
4,2033,292459,275435,567894
5,2033,292604,275460,568064
6,2033,292715,275538,568253
7,2033,292699,275529,568228
8,2033,292688,275503,568191
9,2033,292689,275485,568174
10,2033,292704,275551,568255
11,2033,292828,275972,568800
12,2033,293342,276256,569598
13,2033,293719,276375,570094
14,2033,293758,276281,570039
15,2033,293823,276272,570095
16,2033,294123,276355,570478
17,2033,294561,276410,570971
18,2033,295789,276733,572522
19,2033,296731,278188,574919
20,2033,296795,278225,575020
21,2033,296833,278284,575117
22,2033,296862,278532,575394
23,2033,296890,278545,575435
24,2033,296890,278545,575435
25,2033,296890,278545,575435
26,2033,296890,278545,575435
27,2033,296890,278545,575435
28,2033,296890,278545,575435
29,2033,296890,278545,575435
30,2033,296890,278545,575435
31,2033,296890,278545,575435
32,2033,296890,278545,575435
33,2033,296890,278545,575435
34,2033,296890,278545,575435
35,2033,296890,278545,575435
36,2033,296890,278545,575435
37,2033,296890,278545,575435
38,2033,296890,278545,575435
39,2033,296890,278545,575435
40,2033,296890,278545,575435
41,2033,296890,278545,575435
42,2033,296890,278545,575435
43,2033,296890,278545,575435
44,2033,296890,278545,575435
45,2033,296890,278545,575435
46,2033,296881,278545,575426
47,2033,296873,278545,575418
48,2033,296873,278545,575418
49,2033,296873,278545,575418
50,2033,296873,278545,575418
51,2033,296873,278595,575468
52,2033,296873,278595,575468
53,2033,296873,278595,575468
54,2033,296873,278595,575468
55,2033,296873,278595,575468
56,2033,296873,278595,575468
57,2033,296873,278595,575468
58,2033,296873,278595,575468
59,2033,296873,278595,575468
60,2033,296873,278595,575468
61,2033,296873,278595,575468
62,2033,296873,278595,575468
63,2033,296873,278595,575468
64,2033,296825,278595,575420
65,2033,296825,278595,575420
66,2033,296738,278595,575333
67,2033,296738,278595,575333
68,2033,296472,278595,575067
69,2033,296377,278595,574972
70,2033,296237,278595,574832
71,2033,295800,278595,574395
72,2033,295800,278595,574395
73,2033,295461,278595,574056
74,2033,295423,278595,574018
75,2033,295423,278595,574018
76,2033,295423,278595,574018
77,2033,295423,278595,574018
78,2033,295423,279554,574977
79,2033,295423,279363,574786
80,2033,295423,279614,575037
81,2033,295423,279743,575166
82,2033,295423,279743,575166
83,2033,295423,279743,575166
84,2033,295423,279743,575166
85,2033,295423,279743,575166
86,2033,295423,279743,575166
87,2033,295423,279743,575166
88,2033,295423,279743,575166
89,2033,295423,279743,575166
90,2033,295423,279743,575166
91,2033,295423,279743,575166
92,2033,295423,279743,575166
93,2033,295423,279743,575166
94,2033,295423,279743,575166
95,2033,295423,279743,575166
96,2033,295423,279743,575166
97,2033,295423,279743,575166
98,2033,295423,279743,575166
99,2033,295423,279743,575166
100,2033,295423,279743,575166
0,2033,292266,275259,567525
1,2033,292266,275259,567525
2,2033,292259,275259,567518
3,2033,292436,275274,567710
4,2033,292615,275193,567808
5,2033,292741,275299,568040
6,2033,292868,275406,568274
7,2033,292842,275390,568232
8,2033,292820,275364,568184
9,2033,292815,275344,568159
10,2033,292810,275474,568284
11,2033,292862,275699,568561
12,2033,293184,275754,568938
13,2033,293704,275708,569412
14,2033,293937,275800,569737
15,2033,294124,275792,569916
16,2033,294466,275859,570325
17,2033,295672,275850,571522
18,2033,297964,276497,574461
19,2033,298821,278322,577143
20,2033,299958,278491,578449
21,2033,300126,278538,578664
22,2033,300128,279006,579134
23,2033,300136,279020,579156
24,2033,300136,279020,579156
25,2033,300136,279020,579156
26,2033,300136,279020,579156
27,2033,300136,279020,579156
28,2033,300136,279020,579156
29,2033,300136,279020,579156
30,2033,300136,279020,579156
31,2033,300136,279020,579156
32,2033,300136,279020,579156
33,2033,300136,279020,579156
34,2033,300136,279020,579156
35,2033,300136,279020,579156
36,2033,300136,279020,579156
37,2033,300136,279020,579156
38,2033,300136,279020,579156
39,2033,300136,279020,579156
40,2033,300136,279020,579156
41,2033,300136,279020,579156
42,2033,300136,279020,579156
43,2033,300136,279020,579156
44,2033,300538,279020,579558
45,2033,300538,279020,579558
46,2033,300536,279020,579556
47,2033,300528,279020,579548
48,2033,300528,279020,579548
49,2033,300528,279020,579548
50,2033,300528,279020,579548
51,2033,300528,279059,579587
52,2033,300528,279059,579587
53,2033,300528,279059,579587
54,2033,300528,279059,579587
55,2033,300528,279059,579587
56,2033,300528,279059,579587
57,2033,300528,279059,579587
58,2033,300528,279059,579587
59,2033,300528,279059,579587
60,2033,300528,279059,579587
61,2033,300528,279059,579587
62,2033,300528,279059,579587
63,2033,300528,279059,579587
64,2033,300557,279059,579616
65,2033,300557,279059,579616
66,2033,300066,279059,579125
67,2033,300008,279059,579067
68,2033,299613,279059,578672
69,2033,299663,279059,578722
70,2033,299415,279037,578452
71,2033,298888,279037,577925
72,2033,298782,279037,577819
73,2033,298283,278963,577246
74,2033,298238,278963,577201
75,2033,298238,278963,577201
76,2033,298238,278963,577201
77,2033,298238,278963,577201
78,2033,298344,280269,578613
79,2033,298259,280078,578337
80,2033,298344,280826,579170
81,2033,298338,280568,578906
82,2033,298338,280568,578906
83,2033,298338,280568,578906
84,2033,298338,280568,578906
85,2033,298338,280568,578906
86,2033,298338,280568,578906
87,2033,298338,280568,578906
88,2033,298338,280568,578906
89,2033,298338,280568,578906
90,2033,298338,280568,578906
91,2033,298338,280568,578906
92,2033,298338,280568,578906
93,2033,298338,280568,578906
94,2033,298338,280568,578906
95,2033,298338,280568,578906
96,2033,298338,280568,578906
97,2033,298338,280568,578906
98,2033,298338,280568,578906
99,2033,298338,280568,578906
100,2033,298338,280568,578906
0,2033,292274,275413,567687
1,2033,292274,275413,567687
2,2033,292266,275413,567679
3,2033,292417,275347,567764
4,2033,292716,275394,568110
5,2033,292856,275450,568306
6,2033,292910,275526,568436
7,2033,292866,275510,568376
8,2033,292838,275471,568309
9,2033,292865,275477,568342
10,2033,292819,275561,568380
11,2033,292909,275804,568713
12,2033,293366,276259,569625
13,2033,294527,276216,570743
14,2033,294776,276418,571194
15,2033,295034,276413,571447
16,2033,296135,276482,572617
17,2033,297419,276524,573943
18,2033,299982,276890,576872
19,2033,300697,278092,578789
20,2033,300794,278561,579355
21,2033,301474,278636,580110
22,2033,301310,278941,580251
23,2033,301326,278955,580281
24,2033,301326,278955,580281
25,2033,301326,278955,580281
26,2033,301326,278955,580281
27,2033,301326,278955,580281
28,2033,301326,278955,580281
29,2033,301326,278955,580281
30,2033,301326,278955,580281
31,2033,301326,278955,580281
32,2033,301326,278955,580281
33,2033,301326,278955,580281
34,2033,301326,278955,580281
35,2033,301326,278955,580281
36,2033,301326,278955,580281
37,2033,301326,278955,580281
38,2033,301326,278955,580281
39,2033,301326,278955,580281
40,2033,301326,278955,580281
41,2033,301326,278955,580281
42,2033,301326,278955,580281
43,2033,301333,278955,580288
44,2033,303077,279111,582188
45,2033,303077,279111,582188
46,2033,302118,279111,581229
47,2033,302109,279111,581220
48,2033,302109,279111,581220
49,2033,302109,279111,581220
50,2033,302109,279111,581220
51,2033,302109,279149,581258
52,2033,302109,279149,581258
53,2033,302109,279149,581258
54,2033,302109,279149,581258
55,2033,302109,279149,581258
56,2033,302109,279149,581258
57,2033,302109,279149,581258
58,2033,302109,279149,581258
59,2033,302109,279149,581258
60,2033,302109,279149,581258
61,2033,302109,279149,581258
62,2033,302109,279149,581258
63,2033,302109,279149,581258
64,2033,303056,279149,582205
65,2033,303056,279149,582205
66,2033,301751,278994,580745
67,2033,301764,278926,580690
68,2033,301625,278926,580551
69,2033,301693,278926,580619
70,2033,301698,278926,580624
71,2033,302699,279051,581750
72,2033,302614,279051,581665
73,2033,301717,279129,580846
74,2033,301717,279129,580846
75,2033,301717,279129,580846
76,2033,301717,279129,580846
77,2033,301717,279129,580846
78,2033,301618,283834,585452
79,2033,301588,283520,585108
80,2033,301523,283856,585379
81,2033,301545,283856,585401
82,2033,301545,283856,585401
83,2033,301545,283856,585401
84,2033,301545,283856,585401
85,2033,301545,283856,585401
86,2033,301545,283856,585401
87,2033,301545,283856,585401
88,2033,301545,283856,585401
89,2033,301545,283856,585401
90,2033,301545,283856,585401
91,2033,301545,283856,585401
92,2033,301545,283856,585401
93,2033,301545,283856,585401
94,2033,301545,283856,585401
95,2033,301545,283856,585401
96,2033,301545,283856,585401
97,2033,301545,283856,585401
98,2033,301545,283856,585401
99,2033,301545,283856,585401
100,2033,301545,283856,585401
0,2033,292099,274901,567000
1,2033,292099,274901,567000
2,2033,292091,274901,566992
3,2033,292300,274901,567201
4,2033,292463,274931,567394
5,2033,292518,274983,567501
6,2033,292615,275035,567650
7,2033,292607,275057,567664
8,2033,292601,275043,567644
9,2033,292574,275024,567598
10,2033,292549,275055,567604
11,2033,292624,275339,567963
12,2033,293047,275490,568537
13,2033,294584,275590,570174
14,2033,295239,275679,570918
15,2033,297561,275661,573222
16,2033,296031,275360,571391
17,2033,298511,275281,573792
18,2033,300960,276311,577271
19,2033,318140,278178,596318
20,2033,318570,278704,597274
21,2033,307169,279147,586316
22,2033,306963,279195,586158
23,2033,307025,279209,586234
24,2033,307025,279209,586234
25,2033,307025,279209,586234
26,2033,307025,279209,586234
27,2033,307025,279209,586234
28,2033,307025,279209,586234
29,2033,307025,279209,586234
30,2033,307025,279209,586234
31,2033,307025,279209,586234
32,2033,307025,279209,586234
33,2033,307025,279209,586234
34,2033,307025,279209,586234
35,2033,307025,279209,586234
36,2033,307025,279209,586234
37,2033,307025,279209,586234
38,2033,307025,279209,586234
39,2033,307025,279209,586234
40,2033,307025,279209,586234
41,2033,307025,279209,586234
42,2033,307025,279209,586234
43,2033,307025,279209,586234
44,2033,309401,279433,588834
45,2033,309401,279433,588834
46,2033,308138,279364,587502
47,2033,308207,279364,587571
48,2033,308207,279364,587571
49,2033,308207,279364,587571
50,2033,308207,279364,587571
51,2033,308198,279402,587600
52,2033,308198,279402,587600
53,2033,308198,279402,587600
54,2033,308198,279402,587600
55,2033,308198,279402,587600
56,2033,308198,279402,587600
57,2033,308198,279402,587600
58,2033,308198,279402,587600
59,2033,308198,279402,587600
60,2033,308198,279402,587600
61,2033,308198,279402,587600
62,2033,308198,279402,587600
63,2033,308198,279402,587600
64,2033,309449,279472,588921
65,2033,309538,279472,589010
66,2033,307947,279400,587347
67,2033,308227,279400,587627
68,2033,307618,279138,586756
69,2033,307735,279232,586967
70,2033,307742,279123,586865
71,2033,309127,279187,588314
72,2033,308751,279129,587880
73,2033,307179,279129,586308
74,2033,307179,279129,586308
75,2033,307179,279129,586308
76,2033,307179,279129,586308
77,2033,307179,279129,586308
78,2033,306934,286413,593347
79,2033,306862,284996,591858
80,2033,306855,286432,593287
81,2033,306855,286432,593287
82,2033,306855,286432,593287
83,2033,306855,286432,593287
84,2033,306855,286432,593287
85,2033,306855,286432,593287
86,2033,306855,286432,593287
87,2033,306855,286432,593287
88,2033,306855,286432,593287
89,2033,306855,286432,593287
90,2033,306855,286432,593287
91,2033,306855,286432,593287
92,2033,306855,286432,593287
93,2033,306855,286432,593287
94,2033,306855,286432,593287
95,2033,306855,286432,593287
96,2033,306855,286432,593287
97,2033,306855,286432,593287
98,2033,306855,286432,593287
99,2033,306855,286432,593287
100,2033,306855,286432,593287
0,2033,292414,276267,568681
1,2033,292414,276267,568681
2,2033,292410,276267,568677
3,2033,292524,276267,568791
4,2033,292770,276374,569144
5,2033,292782,276405,569187
6,2033,292777,275836,568613
7,2033,292789,275833,568622
8,2033,292809,276105,568914
9,2033,292817,276218,569035
10,2033,292752,276008,568760
11,2033,292786,276013,568799
12,2033,292637,275836,568473
13,2033,294207,275567,569774
14,2033,297544,275452,572996
15,2033,296712,275491,572203
16,2033,295873,275344,571217
17,2033,298696,275638,574334
18,2033,308040,277244,585284
19,2033,310244,279250,589494
20,2033,310992,279343,590335
21,2033,309447,279369,588816
22,2033,309498,279517,589015
23,2033,309548,279517,589065
24,2033,309548,279517,589065
25,2033,309548,279517,589065
26,2033,309548,279517,589065
27,2033,309548,279517,589065
28,2033,309548,279517,589065
29,2033,309548,279517,589065
30,2033,309548,279517,589065
31,2033,309548,279517,589065
32,2033,309548,279517,589065
33,2033,309548,279517,589065
34,2033,309548,279517,589065
35,2033,309548,279517,589065
36,2033,309548,279517,589065
37,2033,309933,279517,589450
38,2033,309933,279517,589450
39,2033,309933,279517,589450
40,2033,309933,279517,589450
41,2033,309933,279517,589450
42,2033,309933,279517,589450
43,2033,309933,279517,589450
44,2033,311218,279445,590663
45,2033,311218,279445,590663
46,2033,311078,279485,590563
47,2033,311078,279485,590563
48,2033,311078,279485,590563
49,2033,311078,279485,590563
50,2033,311078,279485,590563
51,2033,311087,279523,590610
52,2033,311087,279523,590610
53,2033,311087,279523,590610
54,2033,311087,279523,590610
55,2033,311087,279523,590610
56,2033,311087,279523,590610
57,2033,311087,279523,590610
58,2033,311087,279523,590610
59,2033,311087,279523,590610
60,2033,311087,279523,590610
61,2033,311087,279523,590610
62,2033,311087,279523,590610
63,2033,311197,279523,590720
64,2033,311402,279483,590885
65,2033,311494,279483,590977
66,2033,311142,279522,590664
67,2033,311181,279522,590703
68,2033,310276,279498,589774
69,2033,310326,279498,589824
70,2033,310257,279585,589842
71,2033,310672,279598,590270
72,2033,310683,279572,590255
73,2033,309854,279579,589433
74,2033,309854,279579,589433
75,2033,309854,279579,589433
76,2033,309854,279579,589433
77,2033,309854,279579,589433
78,2033,309223,297053,606276
79,2033,309182,295170,604352
80,2033,309215,297002,606217
81,2033,309223,297359,606582
82,2033,309223,297359,606582
83,2033,309223,297359,606582
84,2033,309223,297359,606582
85,2033,309223,297359,606582
86,2033,309223,297359,606582
87,2033,309223,297359,606582
88,2033,309223,297359,606582
89,2033,309223,297359,606582
90,2033,309223,297359,606582
91,2033,309223,297359,606582
92,2033,309223,297359,606582
93,2033,309223,297359,606582
94,2033,309223,297359,606582
95,2033,309223,297359,606582
96,2033,309223,297359,606582
97,2033,309223,297359,606582
98,2033,309223,297359,606582
99,2033,309223,297359,606582
100,2033,309223,297359,606582
0,2033,290839,275033,565872
1,2033,290839,275033,565872
2,2033,290835,275033,565868
3,2033,290937,275233,566170
4,2033,291005,274937,565942
5,2033,291046,275155,566201
6,2033,292232,276240,568472
7,2033,292199,276233,568432
8,2033,291249,275661,566910
9,2033,291199,275601,566800
10,2033,292123,276191,568314
11,2033,292361,276048,568409
12,2033,293171,276060,569231
13,2033,294126,275531,569657
14,2033,296668,275937,572605
15,2033,295244,275388,570632
16,2033,296127,275713,571840
17,2033,298662,276231,574893
18,2033,305162,277907,583069
19,2033,309543,280666,590209
20,2033,310358,280573,590931
21,2033,310236,280007,590243
22,2033,310517,280086,590603
23,2033,310504,280086,590590
24,2033,310504,280086,590590
25,2033,310504,280086,590590
26,2033,310504,280086,590590
27,2033,310504,280086,590590
28,2033,310504,280086,590590
29,2033,310504,280086,590590
30,2033,310504,280086,590590
31,2033,310504,280086,590590
32,2033,310504,280086,590590
33,2033,310504,280086,590590
34,2033,310504,280086,590590
35,2033,310504,280086,590590
36,2033,310504,280086,590590
37,2033,310568,280086,590654
38,2033,310568,280086,590654
39,2033,310568,280086,590654
40,2033,310568,280086,590654
41,2033,310949,280086,591035
42,2033,310949,280086,591035
43,2033,310949,280086,591035
44,2033,311212,280770,591982
45,2033,311212,280770,591982
46,2033,311402,280718,592120
47,2033,311402,280718,592120
48,2033,311402,280718,592120
49,2033,311402,280718,592120
50,2033,311402,280718,592120
51,2033,311402,280757,592159
52,2033,311402,280757,592159
53,2033,311402,280757,592159
54,2033,311402,280757,592159
55,2033,311402,280757,592159
56,2033,311402,280757,592159
57,2033,311402,280757,592159
58,2033,311402,280757,592159
59,2033,311402,280757,592159
60,2033,311402,280757,592159
61,2033,311402,280757,592159
62,2033,311402,280757,592159
63,2033,311500,280757,592257
64,2033,311363,280826,592189
65,2033,311724,280826,592550
66,2033,311611,280757,592368
67,2033,311478,280757,592235
68,2033,311136,280282,591418
69,2033,311224,280386,591610
70,2033,311089,280359,591448
71,2033,311023,280782,591805
72,2033,311415,280757,592172
73,2033,310475,280113,590588
74,2033,310475,280113,590588
75,2033,310475,280113,590588
76,2033,310475,280113,590588
77,2033,310475,280113,590588
78,2033,312080,301426,613506
79,2033,311717,300216,611933
80,2033,312078,301550,613628
81,2033,312097,305369,617466
82,2033,312097,305369,617466
83,2033,312097,305369,617466
84,2033,312097,305369,617466
85,2033,312097,305369,617466
86,2033,312097,305369,617466
87,2033,312097,305369,617466
88,2033,312097,305369,617466
89,2033,312097,305369,617466
90,2033,312097,305369,617466
91,2033,312097,305369,617466
92,2033,312097,305369,617466
93,2033,312097,305369,617466
94,2033,312097,305369,617466
95,2033,312097,305369,617466
96,2033,312097,305369,617466
97,2033,312097,305369,617466
98,2033,312097,305369,617466
99,2033,312097,305369,617466
100,2033,312097,305369,617466
0,2033,289659,274603,564262
1,2033,289659,274603,564262
2,2033,289665,274603,564268
3,2033,290131,274992,565123
4,2033,290075,275018,565093
5,2033,290517,275453,565970
6,2033,291142,275727,566869
7,2033,291129,275727,566856
8,2033,291983,276029,568012
9,2033,291141,275810,566951
10,2033,291146,275616,566762
11,2033,292016,276074,568090
12,2033,292897,276138,569035
13,2033,294262,276019,570281
14,2033,294683,275572,570255
15,2033,297679,275397,573076
16,2033,295993,275946,571939
17,2033,298812,276626,575438
18,2033,303893,278118,582011
19,2033,307392,280296,587688
20,2033,308113,280287,588400
21,2033,310267,280533,590800
22,2033,310619,280734,591353
23,2033,310685,280734,591419
24,2033,310685,280734,591419
25,2033,310685,280734,591419
26,2033,310685,280734,591419
27,2033,310685,280734,591419
28,2033,310685,280734,591419
29,2033,310685,280734,591419
30,2033,310685,280734,591419
31,2033,310685,280734,591419
32,2033,310685,280734,591419
33,2033,310685,280734,591419
34,2033,310685,280734,591419
35,2033,310685,280734,591419
36,2033,310685,280734,591419
37,2033,310706,280734,591440
38,2033,310706,280734,591440
39,2033,310706,280734,591440
40,2033,310706,280734,591440
41,2033,311060,280758,591818
42,2033,311060,280758,591818
43,2033,311060,280758,591818
44,2033,310515,280639,591154
45,2033,310515,280639,591154
46,2033,310557,280639,591196
47,2033,310557,280639,591196
48,2033,310557,280639,591196
49,2033,310557,280639,591196
50,2033,310557,280639,591196
51,2033,310557,280639,591196
52,2033,310557,280639,591196
53,2033,310557,280639,591196
54,2033,310557,280639,591196
55,2033,310557,280639,591196
56,2033,310557,280639,591196
57,2033,310557,280639,591196
58,2033,310557,280639,591196
59,2033,310557,280639,591196
60,2033,310557,280639,591196
61,2033,310557,280639,591196
62,2033,310557,280639,591196
63,2033,310910,280639,591549
64,2033,310761,280639,591400
65,2033,311033,280639,591672
66,2033,311135,280672,591807
67,2033,310932,280639,591571
68,2033,311116,280771,591887
69,2033,311041,280703,591744
70,2033,310992,280666,591658
71,2033,310516,280639,591155
72,2033,310473,280639,591112
73,2033,311008,280697,591705
74,2033,311008,280697,591705
75,2033,311008,280697,591705
76,2033,311008,280697,591705
77,2033,311008,280697,591705
78,2033,314470,302480,616950
79,2033,314144,302411,616555
80,2033,314352,302829,617181
81,2033,316242,304224,620466
82,2033,316242,304224,620466
83,2033,316242,304224,620466
84,2033,316242,304224,620466
85,2033,316242,304224,620466
86,2033,316242,304224,620466
87,2033,316242,304224,620466
88,2033,316242,304224,620466
89,2033,316242,304224,620466
90,2033,316242,304224,620466
91,2033,316242,304224,620466
92,2033,316242,304224,620466
93,2033,316242,304224,620466
94,2033,316242,304224,620466
95,2033,316242,304224,620466
96,2033,316242,304224,620466
97,2033,316242,304224,620466
98,2033,316242,304224,620466
99,2033,316242,304224,620466
100,2033,316242,304224,620466
0,2033,289139,272661,561800
1,2033,289139,272661,561800
2,2033,289140,272661,561801
3,2033,289119,272764,561883
4,2033,289360,272455,561815
5,2033,290329,273837,564166
6,2033,290582,275044,565626
7,2033,290513,275001,565514
8,2033,291822,275327,567149
9,2033,292040,275205,567245
10,2033,290765,275121,565886
11,2033,291646,275629,567275
12,2033,292463,275852,568315
13,2033,293960,275907,569867
14,2033,294086,274870,568956
15,2033,297101,275906,573007
16,2033,295988,275549,571537
17,2033,299178,275915,575093
18,2033,303074,277430,580504
19,2033,305532,280384,585916
20,2033,307797,280492,588289
21,2033,309263,280395,589658
22,2033,309846,280601,590447
23,2033,310066,280601,590667
24,2033,310068,280601,590669
25,2033,310068,280601,590669
26,2033,310068,280601,590669
27,2033,310068,280601,590669
28,2033,310068,280601,590669
29,2033,310068,280601,590669
30,2033,310068,280601,590669
31,2033,310068,280601,590669
32,2033,310068,280601,590669
33,2033,310068,280601,590669
34,2033,310068,280601,590669
35,2033,310068,280601,590669
36,2033,310068,280601,590669
37,2033,310106,280601,590707
38,2033,310106,280601,590707
39,2033,310106,280601,590707
40,2033,310106,280601,590707
41,2033,310504,280601,591105
42,2033,310504,280601,591105
43,2033,310504,280601,591105
44,2033,310371,280615,590986
45,2033,310371,280615,590986
46,2033,310431,280601,591032
47,2033,310431,280601,591032
48,2033,310431,280601,591032
49,2033,310431,280601,591032
50,2033,310431,280601,591032
51,2033,310431,280601,591032
52,2033,310431,280601,591032
53,2033,310431,280601,591032
54,2033,310431,280601,591032
55,2033,310431,280601,591032
56,2033,310431,280601,591032
57,2033,310431,280601,591032
58,2033,310431,280601,591032
59,2033,310431,280601,591032
60,2033,310425,280601,591026
61,2033,310396,280601,590997
62,2033,310384,280601,590985
63,2033,310452,280601,591053
64,2033,310622,280615,591237
65,2033,310565,280615,591180
66,2033,310466,280601,591067
67,2033,310560,280601,591161
68,2033,310503,280601,591104
69,2033,310459,280601,591060
70,2033,310415,280601,591016
71,2033,310321,280601,590922
72,2033,310394,280611,591005
73,2033,310297,280601,590898
74,2033,310297,280601,590898
75,2033,310297,280601,590898
76,2033,310297,280601,590898
77,2033,310297,280601,590898
78,2033,316765,303090,619855
79,2033,316576,303067,619643
80,2033,316701,303735,620436
81,2033,316971,305349,622320
82,2033,316971,305349,622320
83,2033,316971,305349,622320
84,2033,316971,305349,622320
85,2033,316971,305349,622320
86,2033,316971,305349,622320
87,2033,316971,305349,622320
88,2033,316971,305349,622320
89,2033,316971,305349,622320
90,2033,316971,305349,622320
91,2033,316971,305349,622320
92,2033,316971,305349,622320
93,2033,316971,305349,622320
94,2033,316971,305349,622320
95,2033,316971,305349,622320
96,2033,316971,305349,622320
97,2033,316971,305349,622320
98,2033,316971,305349,622320
99,2033,316971,305349,622320
100,2033,316971,305349,622320
0,2033,290394,273022,563416
1,2033,290394,272960,563354
2,2033,290359,272960,563319
3,2033,290259,272886,563145
4,2033,290454,272808,563262
5,2033,291611,274441,566052
6,2033,290844,274238,565082
7,2033,290993,274439,565432
8,2033,292558,275788,568346
9,2033,292683,276220,568903
10,2033,290916,274282,565198
11,2033,292270,275799,568069
12,2033,292527,276121,568648
13,2033,293904,275836,569740
14,2033,293814,275619,569433
15,2033,296491,275550,572041
16,2033,296013,275404,571417
17,2033,300549,276014,576563
18,2033,303703,277256,580959
19,2033,304886,279668,584554
20,2033,307763,280642,588405
21,2033,308577,280432,589009
22,2033,309209,280601,589810
23,2033,309657,280601,590258
24,2033,309658,280601,590259
25,2033,309658,280601,590259
26,2033,309658,280601,590259
27,2033,309658,280601,590259
28,2033,309658,280601,590259
29,2033,309658,280601,590259
30,2033,309658,280601,590259
31,2033,309658,280601,590259
32,2033,309658,280601,590259
33,2033,309658,280601,590259
34,2033,309658,280601,590259
35,2033,309658,280601,590259
36,2033,309658,280601,590259
37,2033,309666,280681,590347
38,2033,309666,280681,590347
39,2033,309666,280681,590347
40,2033,309666,280681,590347
41,2033,310400,280705,591105
42,2033,310400,280705,591105
43,2033,310400,280705,591105
44,2033,310418,280719,591137
45,2033,310418,280719,591137
46,2033,310454,280719,591173
47,2033,310454,280719,591173
48,2033,310454,280719,591173
49,2033,310454,280719,591173
50,2033,310454,280719,591173
51,2033,310454,280719,591173
52,2033,310454,280719,591173
53,2033,310454,280719,591173
54,2033,310454,280719,591173
55,2033,310454,280719,591173
56,2033,310454,280719,591173
57,2033,310454,280719,591173
58,2033,310454,280719,591173
59,2033,310454,280719,591173
60,2033,310454,280719,591173
61,2033,310425,280719,591144
62,2033,310355,280719,591074
63,2033,310557,280719,591276
64,2033,310622,280709,591331
65,2033,310657,280709,591366
66,2033,310551,280719,591270
67,2033,310578,280709,591287
68,2033,310595,280719,591314
69,2033,310527,280719,591246
70,2033,310501,280719,591220
71,2033,310167,280719,590886
72,2033,310365,280719,591084
73,2033,310097,280705,590802
74,2033,310097,280705,590802
75,2033,310097,280705,590802
76,2033,310097,280705,590802
77,2033,310097,280705,590802
78,2033,316031,304649,620680
79,2033,316015,304523,620538
80,2033,316491,304884,621375
81,2033,317021,307179,624200
82,2033,317021,307179,624200
83,2033,317021,307179,624200
84,2033,317021,307179,624200
85,2033,317021,307179,624200
86,2033,317021,307179,624200
87,2033,317021,307179,624200
88,2033,317021,307179,624200
89,2033,317021,307179,624200
90,2033,317021,307179,624200
91,2033,317021,307179,624200
92,2033,317021,307179,624200
93,2033,317021,307179,624200
94,2033,317021,307179,624200
95,2033,317021,307179,624200
96,2033,317021,307179,624200
97,2033,317021,307179,624200
98,2033,317021,307179,624200
99,2033,317021,307179,624200
100,2033,317021,307179,624200
0,2033,265372,245250,510622
1,2033,265372,245247,510619
2,2033,265372,245247,510619
3,2033,265783,245242,511025
4,2033,265183,243874,509057
5,2033,266064,244346,510410
6,2033,268261,244582,512843
7,2033,269103,245354,514457
8,2033,266544,245354,511898
9,2033,265779,251539,517318
10,2033,292120,274848,566968
11,2033,292386,276244,568630
12,2033,271809,260314,532123
13,2033,293842,275635,569477
14,2033,278915,264847,543762
15,2033,279613,264757,544370
16,2033,296309,275544,571853
17,2033,309524,298799,608323
18,2033,308759,298440,607199
19,2033,310032,297965,607997
20,2033,311414,294546,605960
21,2033,311223,298240,609463
22,2033,311610,299832,611442
23,2033,313300,302332,615632
24,2033,316826,305856,622682
25,2033,356533,378118,734651
26,2033,444608,456466,901074
27,2033,445287,457245,902532
28,2033,445287,457245,902532
29,2033,445287,457245,902532
30,2033,445416,457528,902944
31,2033,445803,457964,903767
32,2033,458433,460780,919213
33,2033,473116,459039,932155
34,2033,477391,463686,941077
35,2033,478055,465595,943650
36,2033,479666,469676,949342
37,2033,480425,470591,951016
38,2033,481316,474308,955624
39,2033,482503,474379,956882
40,2033,483736,478190,961926
41,2033,484647,480359,965006
42,2033,483475,481811,965286
43,2033,356950,378690,735640
44,2033,357136,378690,735826
45,2033,357199,378690,735889
46,2033,356618,378690,735308
47,2033,357261,378690,735951
48,2033,357261,378690,735951
49,2033,357261,378690,735951
50,2033,357261,378690,735951
51,2033,357274,378690,735964
52,2033,356694,378690,735384
53,2033,357341,378690,736031
54,2033,357274,378690,735964
55,2033,357341,378690,736031
56,2033,322833,305535,628368
57,2033,322833,305535,628368
58,2033,322833,305535,628368
59,2033,322651,305535,628186
60,2033,322651,305535,628186
61,2033,326628,363895,690523
62,2033,326633,363895,690528
63,2033,324706,323898,648604
64,2033,320577,305573,626150
65,2033,318691,305712,624403
66,2033,322649,305535,628184
67,2033,307667,304118,611785
68,2033,283380,305094,588474
69,2033,272568,304378,576946
70,2033,272288,304378,576666
71,2033,270248,304335,574583
72,2033,272485,305281,577766
73,2033,269620,305766,575386
74,2033,269247,305766,575013
75,2033,268935,305334,574269
76,2033,271387,304558,575945
77,2033,279341,278840,558181
78,2033,301001,299115,600116
79,2033,290450,264103,554553
80,2033,293059,264103,557162
81,2033,302014,260884,562898
82,2033,300872,202690,503562
83,2033,300872,202690,503562
84,2033,300872,202780,503652
85,2033,300872,206240,507112
86,2033,300872,197748,498620
87,2033,300872,195285,496157
88,2033,300872,195285,496157
89,2033,300872,195285,496157
90,2033,300872,195285,496157
91,2033,300872,195285,496157
92,2033,300872,195285,496157
93,2033,300872,195285,496157
94,2033,300872,195285,496157
95,2033,300872,195285,496157
96,2033,300872,195285,496157
97,2033,300872,195285,496157
98,2033,300872,195285,496157
99,2033,300872,195285,496157
100,2033,300872,195285,496157
0,2033,261006,242471,503477
1,2033,260622,238445,499067
2,2033,260618,238451,499069
3,2033,260455,242471,502926
4,2033,275850,238705,514555
5,2033,260704,239208,499912
6,2033,264849,243563,508412
7,2033,264855,243482,508337
8,2033,264202,244200,508402
9,2033,267845,269437,537282
10,2033,291451,273652,565103
11,2033,291536,275386,566922
12,2033,292171,276227,568398
13,2033,294280,275933,570213
14,2033,293005,275935,568940
15,2033,283164,273364,556528
16,2033,278370,265220,543590
17,2033,300754,299903,600657
18,2033,311343,297265,608608
19,2033,312386,297848,610234
20,2033,312738,293993,606731
21,2033,313259,296175,609434
22,2033,313924,297592,611516
23,2033,315743,302157,617900
24,2033,316821,302428,619249
25,2033,361561,380287,741848
26,2033,365390,402172,767562
27,2033,378494,402888,781382
28,2033,471189,460695,931884
29,2033,471504,460695,932199
30,2033,475477,463048,938525
31,2033,470756,459660,930416
32,2033,475837,462308,938145
33,2033,473108,461856,934964
34,2033,475188,463970,939158
35,2033,476680,465745,942425
36,2033,481679,472721,954400
37,2033,481674,473315,954989
38,2033,482780,475632,958412
39,2033,483878,475671,959549
40,2033,485315,478458,963773
41,2033,486386,480532,966918
42,2033,486495,483650,970145
43,2033,484681,484092,968773
44,2033,365399,382562,747961
45,2033,361987,381134,743121
46,2033,361908,381135,743043
47,2033,361966,381134,743100
48,2033,361966,381134,743100
49,2033,361966,381134,743100
50,2033,361966,381134,743100
51,2033,361966,381134,743100
52,2033,361966,381135,743101
53,2033,361966,381134,743100
54,2033,444615,460442,905057
55,2033,362612,380726,743338
56,2033,357367,378684,736051
57,2033,322625,305755,628380
58,2033,322836,306645,629481
59,2033,319314,306757,626071
60,2033,319321,306664,625985
61,2033,312506,325901,638407
62,2033,321690,347582,669272
63,2033,346861,373527,720388
64,2033,323875,309789,633664
65,2033,320651,306265,626916
66,2033,284532,306455,590987
67,2033,318829,307706,626535
68,2033,284636,307166,591802
69,2033,269763,306985,576748
70,2033,268294,306985,575279
71,2033,267903,306884,574787
72,2033,267152,306911,574063
73,2033,267415,307265,574680
74,2033,267068,305968,573036
75,2033,267019,305985,573004
76,2033,267541,305119,572660
77,2033,266654,305331,571985
78,2033,310969,306239,617208
79,2033,302992,244450,547442
80,2033,302776,244450,547226
81,2033,309016,227049,536065
82,2033,307815,200618,508433
83,2033,307815,200618,508433
84,2033,307815,200618,508433
85,2033,307815,201495,509310
86,2033,307815,195178,502993
87,2033,307815,193070,500885
88,2033,307815,193070,500885
89,2033,307815,193070,500885
90,2033,307815,193070,500885
91,2033,311008,193070,504078
92,2033,311008,193070,504078
93,2033,311008,193070,504078
94,2033,311008,193070,504078
95,2033,311008,193070,504078
96,2033,311008,193070,504078
97,2033,311008,193070,504078
98,2033,311008,193070,504078
99,2033,311008,193070,504078
100,2033,311008,193070,504078
0,2033,283182,273738,556920
1,2033,257661,244344,502005
2,2033,265901,237089,502990
3,2033,265731,237305,503036
4,2033,259498,239179,498677
5,2033,265782,244466,510248
6,2033,265340,244628,509968
7,2033,275024,245128,520152
8,2033,262076,245262,507338
9,2033,267213,245416,512629
10,2033,267634,244438,512072
11,2033,269412,257728,527140
12,2033,293649,279560,573209
13,2033,293751,275776,569527
14,2033,296055,282998,579053
15,2033,294234,282901,577135
16,2033,283036,273977,557013
17,2033,307180,286869,594049
18,2033,313734,298131,611865
19,2033,310930,298686,609616
20,2033,310076,294048,604124
21,2033,311873,294592,606465
22,2033,311859,295914,607773
23,2033,314349,301621,615970
24,2033,315511,300936,616447
25,2033,310175,323143,633318
26,2033,339647,365104,704751
27,2033,360503,370928,731431
28,2033,361207,370938,732145
29,2033,477101,462908,940009
30,2033,477136,465037,942173
31,2033,477491,464227,941718
32,2033,476916,464310,941226
33,2033,476225,463614,939839
34,2033,477061,464645,941706
35,2033,479019,467219,946238
36,2033,482317,474669,956986
37,2033,482394,474951,957345
38,2033,483661,476954,960615
39,2033,484990,477442,962432
40,2033,486477,481221,967698
41,2033,486531,482970,969501
42,2033,488758,486621,975379
43,2033,486575,484585,971160
44,2033,484804,484241,969045
45,2033,424290,426508,850798
46,2033,357995,369971,727966
47,2033,338690,363789,702479
48,2033,329142,349332,678474
49,2033,320161,328463,648624
50,2033,320157,328463,648620
51,2033,314823,320934,635757
52,2033,304509,318870,623379
53,2033,304533,318870,623403
54,2033,361335,371437,732772
55,2033,349434,370148,719582
56,2033,361892,380861,742753
57,2033,356453,378440,734893
58,2033,322607,305975,628582
59,2033,317328,305711,623039
60,2033,318831,305336,624167
61,2033,317423,317657,635080
62,2033,308598,321073,629671
63,2033,308534,319804,628338
64,2033,325662,335926,661588
65,2033,323754,310866,634620
66,2033,318765,307631,626396
67,2033,286102,305088,591190
68,2033,318242,307683,625925
69,2033,269820,308519,578339
70,2033,267408,307603,575011
71,2033,266287,306951,573238
72,2033,266232,306226,572458
73,2033,267084,309997,577081
74,2033,265989,307927,573916
75,2033,267853,306989,574842
76,2033,268829,303660,572489
77,2033,265892,306556,572448
78,2033,280329,305512,585841
79,2033,282018,245026,527044
80,2033,281703,245198,526901
81,2033,282044,238121,520165
82,2033,282488,226757,509245
83,2033,282488,200874,483362
84,2033,282488,200874,483362
85,2033,282488,201740,484228
86,2033,282488,195188,477676
87,2033,282488,192711,475199
88,2033,282488,192711,475199
89,2033,282488,192711,475199
90,2033,282488,192711,475199
91,2033,282039,192711,474750
92,2033,282039,192711,474750
93,2033,282039,192711,474750
94,2033,282039,192711,474750
95,2033,282039,192711,474750
96,2033,282039,192711,474750
97,2033,282039,192711,474750
98,2033,282039,192711,474750
99,2033,282039,192711,474750
100,2033,282039,192711,474750
0,2033,280333,267238,547571
1,2033,280498,269540,550038
2,2033,268845,253189,522034
3,2033,268551,253431,521982
4,2033,276928,254955,531883
5,2033,267997,251529,519526
6,2033,265663,245285,510948
7,2033,265152,245461,510613
8,2033,242535,245556,488091
9,2033,256023,243762,499785
10,2033,271179,242805,513984
11,2033,282601,268964,551565
12,2033,276878,263490,540368
13,2033,293918,275586,569504
14,2033,291121,273544,564665
15,2033,296252,277470,573722
16,2033,296481,296008,592489
17,2033,283555,269594,553149
18,2033,309244,298760,608004
19,2033,309952,294063,604015
20,2033,311242,300650,611892
21,2033,310090,290399,600489
22,2033,311663,295525,607188
23,2033,314755,301566,616321
24,2033,314708,302551,617259
25,2033,321858,325592,647450
26,2033,318683,327114,645797
27,2033,320150,353063,673213
28,2033,340630,369675,710305
29,2033,365514,376824,742338
30,2033,469520,460631,930151
31,2033,470912,460818,931730
32,2033,439526,447160,886686
33,2033,462208,462338,924546
34,2033,437371,441052,878423
35,2033,437402,441186,878588
36,2033,468239,469593,937832
37,2033,469821,470103,939924
38,2033,471898,474305,946203
39,2033,473632,475247,948879
40,2033,476943,480751,957694
41,2033,477051,482990,960041
42,2033,478518,485836,964354
43,2033,486744,488925,975669
44,2033,486650,485444,972094
45,2033,485138,483993,969131
46,2033,400895,411612,812507
47,2033,361755,389637,751392
48,2033,356970,386914,743884
49,2033,352858,375996,728854
50,2033,325479,363486,688965
51,2033,336013,369505,705518
52,2033,322979,354403,677382
53,2033,335618,368640,704258
54,2033,306712,326793,633505
55,2033,311698,335297,646995
56,2033,319325,321523,640848
57,2033,361755,379739,741494
58,2033,357380,377640,735020
59,2033,322776,305483,628259
60,2033,322569,305509,628078
61,2033,327776,317077,644853
62,2033,319378,325838,645216
63,2033,325291,322072,647363
64,2033,314654,322274,636928
65,2033,313942,315713,629655
66,2033,323714,307031,630745
67,2033,320720,307454,628174
68,2033,284384,308834,593218
69,2033,285916,315196,601112
70,2033,267361,313578,580939
71,2033,265561,306258,571819
72,2033,264920,306264,571184
73,2033,266238,312859,579097
74,2033,265959,306659,572618
75,2033,267334,306414,573748
76,2033,266309,306411,572720
77,2033,264226,305947,570173
78,2033,279316,307200,586516
79,2033,266818,245270,512088
80,2033,266813,245378,512191
81,2033,264655,237113,501768
82,2033,238075,227413,465488
83,2033,237000,200954,437954
84,2033,237000,200954,437954
85,2033,238075,201952,440027
86,2033,236148,195188,431336
87,2033,234567,192646,427213
88,2033,234567,192646,427213
89,2033,234567,192646,427213
90,2033,234567,192646,427213
91,2033,234806,192646,427452
92,2033,234806,192646,427452
93,2033,234806,192646,427452
94,2033,234806,192646,427452
95,2033,234806,192646,427452
96,2033,234806,192646,427452
97,2033,234806,192646,427452
98,2033,234806,192646,427452
99,2033,234806,192646,427452
100,2033,234806,192646,427452
0,2033,279994,269208,549202
1,2033,279675,268331,548006
2,2033,281884,268697,550581
3,2033,281802,268697,550499
4,2033,272125,268301,540426
5,2033,281709,268874,550583
6,2033,281499,268804,550303
7,2033,270844,260331,531175
8,2033,268301,253412,521713
9,2033,271210,262075,533285
10,2033,267361,249982,517343
11,2033,283078,275084,558162
12,2033,274895,258748,533643
13,2033,293674,275744,569418
14,2033,294385,276201,570586
15,2033,297071,273526,570597
16,2033,300175,290398,590573
17,2033,304936,291101,596037
18,2033,301658,290006,591664
19,2033,311658,296140,607798
20,2033,312284,294779,607063
21,2033,305593,291474,597067
22,2033,306982,290436,597418
23,2033,311655,298314,609969
24,2033,314095,299241,613336
25,2033,325954,316448,642402
26,2033,329694,322131,651825
27,2033,330987,322793,653780
28,2033,338419,327026,665445
29,2033,341866,338259,680125
30,2033,358424,342101,700525
31,2033,370687,365366,736053
32,2033,384498,371646,756144
33,2033,370685,366320,737005
34,2033,383905,372470,756375
35,2033,468443,465135,933578
36,2033,466554,467257,933811
37,2033,466513,467253,933766
38,2033,471076,471424,942500
39,2033,475503,474859,950362
40,2033,479374,477696,957070
41,2033,480388,478962,959350
42,2033,479793,486835,966628
43,2033,478565,488578,967143
44,2033,486930,490026,976956
45,2033,486656,485574,972230
46,2033,485138,484151,969289
47,2033,483599,483183,966782
48,2033,409004,413163,822167
49,2033,409005,413091,822096
50,2033,388484,398158,786642
51,2033,388429,398118,786547
52,2033,387810,397959,785769
53,2033,378936,396989,775925
54,2033,372817,386815,759632
55,2033,363278,388566,751844
56,2033,326382,345225,671607
57,2033,319449,322157,641606
58,2033,366571,388762,755333
59,2033,360688,382783,743471
60,2033,358511,379903,738414
61,2033,327727,314157,641884
62,2033,332089,314812,646901
63,2033,331294,321117,652411
64,2033,324691,322762,647453
65,2033,327708,312218,639926
66,2033,319477,317531,637008
67,2033,324575,325501,650076
68,2033,320220,343202,663422
69,2033,282621,333757,616378
70,2033,270335,335045,605380
71,2033,268445,335043,603488
72,2033,267628,333727,601355
73,2033,267012,333486,600498
74,2033,267104,334479,601583
75,2033,269568,332701,602269
76,2033,269450,333402,602852
77,2033,265905,331443,597348
78,2033,265692,311152,576844
79,2033,242313,259458,501771
80,2033,243801,254135,497936
81,2033,236787,238011,474798
82,2033,226985,227071,454056
83,2033,221440,213540,434980
84,2033,221253,200907,422160
85,2033,221134,201946,423080
86,2033,221276,195188,416464
87,2033,218974,192646,411620
88,2033,218974,192646,411620
89,2033,218974,192646,411620
90,2033,218974,192646,411620
91,2033,218796,192646,411442
92,2033,218796,192646,411442
93,2033,218796,192646,411442
94,2033,218796,192646,411442
95,2033,218796,192646,411442
96,2033,218796,192646,411442
97,2033,218796,192646,411442
98,2033,218796,192646,411442
99,2033,218796,192646,411442
100,2033,218796,192646,411442
0,2033,282937,272757,555694
1,2033,279737,269560,549297
2,2033,279611,268543,548154
3,2033,279579,268543,548122
4,2033,280829,268932,549761
5,2033,279509,268332,547841
6,2033,279701,268263,547964
7,2033,281091,268245,549336
8,2033,282228,269266,551494
9,2033,271435,259268,530703
10,2033,282710,268757,551467
11,2033,265789,249412,515201
12,2033,283611,275851,559462
13,2033,270020,263942,533962
14,2033,295317,276488,571805
15,2033,294021,275003,569024
16,2033,310894,320664,631558
17,2033,306099,296266,602365
18,2033,305622,291817,597439
19,2033,316339,299862,616201
20,2033,311016,291497,602513
21,2033,310002,301851,611853
22,2033,312143,295181,607324
23,2033,311771,298011,609782
24,2033,314691,300313,615004
25,2033,322156,310637,632793
26,2033,329180,320113,649293
27,2033,329839,320476,650315
28,2033,331412,322460,653872
29,2033,339352,332937,672289
30,2033,341982,338310,680292
31,2033,357967,350770,708737
32,2033,365049,364643,729692
33,2033,383291,391575,774866
34,2033,365890,364859,730749
35,2033,391685,390030,781715
36,2033,384179,382420,766599
37,2033,462833,467214,930047
38,2033,463812,467010,930822
39,2033,467101,469611,936712
40,2033,472722,475875,948597
41,2033,472791,475785,948576
42,2033,474005,477429,951434
43,2033,481927,479616,961543
44,2033,478737,489627,968364
45,2033,487826,492466,980292
46,2033,486647,486299,972946
47,2033,486567,487483,974050
48,2033,484731,486575,971306
49,2033,447600,462615,910215
50,2033,435021,451430,886451
51,2033,435021,451426,886447
52,2033,426054,439555,865609
53,2033,411136,420843,831979
54,2033,366005,372549,738554
55,2033,366948,391548,758496
56,2033,345143,384044,729187
57,2033,327536,344962,672498
58,2033,321612,325255,646867
59,2033,367250,390305,757555
60,2033,365191,388942,754133
61,2033,360292,378209,738501
62,2033,328985,321251,650236
63,2033,329776,313079,642855
64,2033,331338,345781,677119
65,2033,327765,315150,642915
66,2033,309073,319087,628160
67,2033,325041,314971,640012
68,2033,303768,320650,624418
69,2033,299270,342215,641485
70,2033,268904,320798,589702
71,2033,269949,318848,588797
72,2033,269158,319098,588256
73,2033,269273,318346,587619
74,2033,267765,318362,586127
75,2033,264731,317626,582357
76,2033,261620,317023,578643
77,2033,263155,318762,581917
78,2033,262484,317132,579616
79,2033,240440,294046,534486
80,2033,235426,253576,489002
81,2033,226568,238642,465210
82,2033,223253,226337,449590
83,2033,216794,217222,434016
84,2033,216196,200907,417103
85,2033,216827,201757,418584
86,2033,215715,195188,410903
87,2033,214801,192646,407447
88,2033,214801,192646,407447
89,2033,214801,192646,407447
90,2033,214801,192646,407447
91,2033,214748,192646,407394
92,2033,214748,192646,407394
93,2033,214748,192646,407394
94,2033,214748,192646,407394
95,2033,214748,192646,407394
96,2033,214748,192646,407394
97,2033,214748,192646,407394
98,2033,214748,192646,407394
99,2033,214748,192646,407394
100,2033,214748,192646,407394
0,2033,291530,274919,566449
1,2033,283681,273662,557343
2,2033,280480,269259,549739
3,2033,280189,269795,549984
4,2033,283362,270617,553979
5,2033,279924,269336,549260
6,2033,280353,268785,549138
7,2033,280129,268499,548628
8,2033,279707,268520,548227
9,2033,281022,269151,550173
10,2033,280977,268923,549900
11,2033,285516,273962,559478
12,2033,283887,274295,558182
13,2033,284658,272490,557148
14,2033,293581,275187,568768
15,2033,297091,303690,600781
16,2033,316701,317236,633937
17,2033,315335,300470,615805
18,2033,305412,292929,598341
19,2033,316477,303601,620078
20,2033,310751,294017,604768
21,2033,311904,298861,610765
22,2033,313177,296780,609957
23,2033,312732,305183,617915
24,2033,316045,302499,618544
25,2033,321349,311899,633248
26,2033,325051,312964,638015
27,2033,328544,317166,645710
28,2033,328268,319005,647273
29,2033,334871,321812,656683
30,2033,339364,332525,671889
31,2033,345120,340005,685125
32,2033,352192,350961,703153
33,2033,406778,416524,823302
34,2033,474681,464124,938805
35,2033,434614,441370,875984
36,2033,465567,468976,934543
37,2033,389582,389266,778848
38,2033,463193,468655,931848
39,2033,468057,471829,939886
40,2033,472701,475560,948261
41,2033,472729,474468,947197
42,2033,472776,477391,950167
43,2033,472730,477898,950628
44,2033,482325,480358,962683
45,2033,478718,492381,971099
46,2033,486704,490009,976713
47,2033,488892,491186,980078
48,2033,486617,487561,974178
49,2033,486222,487482,973704
50,2033,483727,483294,967021
51,2033,410345,410857,821202
52,2033,401403,411946,813349
53,2033,406185,414925,821110
54,2033,387144,399928,787072
55,2033,386147,400603,786750
56,2033,363820,373739,737559
57,2033,345575,386033,731608
58,2033,324564,329780,654344
59,2033,317400,324498,641898
60,2033,368946,393420,762366
61,2033,370367,391715,762082
62,2033,360726,378182,738908
63,2033,328536,315573,644109
64,2033,328584,315347,643931
65,2033,328887,313921,642808
66,2033,328643,318354,646997
67,2033,315479,317818,633297
68,2033,318191,322190,640381
69,2033,289164,319361,608525
70,2033,299271,339226,638497
71,2033,277218,316191,593409
72,2033,272609,317913,590522
73,2033,273635,318729,592364
74,2033,271372,316079,587451
75,2033,271277,315249,586526
76,2033,270388,318563,588951
77,2033,265523,312241,577764
78,2033,277323,323990,601313
79,2033,231310,279561,510871
80,2033,226585,256486,483071
81,2033,219818,238361,458179
82,2033,215116,226646,441762
83,2033,213835,214267,428102
84,2033,213183,200907,414090
85,2033,213183,201946,415129
86,2033,213859,195188,409047
87,2033,214144,192646,406790
88,2033,214144,192646,406790
89,2033,214144,192646,406790
90,2033,214144,192646,406790
91,2033,214261,192646,406907
92,2033,214261,192646,406907
93,2033,214261,192646,406907
94,2033,214261,192646,406907
95,2033,214261,192646,406907
96,2033,214261,192646,406907
97,2033,214261,192646,406907
98,2033,214261,192646,406907
99,2033,214261,192646,406907
100,2033,214261,192646,406907
0,2033,291793,274302,566095
1,2033,291396,274746,566142
2,2033,291331,274977,566308
3,2033,291701,275359,567060
4,2033,291438,274921,566359
5,2033,283279,272398,555677
6,2033,283575,274012,557587
7,2033,282115,270372,552487
8,2033,279035,269371,548406
9,2033,282643,271612,554255
10,2033,280057,269071,549128
11,2033,283631,275177,558808
12,2033,282012,269463,551475
13,2033,283601,276001,559602
14,2033,273755,264115,537870
15,2033,291023,304585,595608
16,2033,311885,323551,635436
17,2033,317017,318435,635452
18,2033,302443,300133,602576
19,2033,317860,308470,626330
20,2033,312435,295684,608119
21,2033,312232,293502,605734
22,2033,312843,296761,609604
23,2033,312955,296619,609574
24,2033,314765,300798,615563
25,2033,319369,303723,623092
26,2033,325091,318658,643749
27,2033,325950,311533,637483
28,2033,329060,316984,646044
29,2033,327728,318398,646126
30,2033,330329,321452,651781
31,2033,343524,337215,680739
32,2033,346542,340771,687313
33,2033,358130,348036,706166
34,2033,407135,411877,819012
35,2033,435919,437472,873391
36,2033,457565,461937,919502
37,2033,460614,464522,925136
38,2033,458216,463722,921938
39,2033,457428,462970,920398
40,2033,469361,470472,939833
41,2033,469405,467962,937367
42,2033,472194,475524,947718
43,2033,472901,477779,950680
44,2033,472920,478458,951378
45,2033,479371,478875,958246
46,2033,478231,490152,968383
47,2033,478594,490669,969263
48,2033,486808,491024,977832
49,2033,488721,491215,979936
50,2033,487394,489272,976666
51,2033,485800,488832,974632
52,2033,448405,464730,913135
53,2033,424866,432752,857618
54,2033,407566,414058,821624
55,2033,394506,412099,806605
56,2033,380958,397995,778953
57,2033,363777,382212,745989
58,2033,343914,385307,729221
59,2033,324380,326926,651306
60,2033,313658,365638,679296
61,2033,376497,402336,778833
62,2033,372700,394965,767665
63,2033,360414,379947,740361
64,2033,325628,328843,654471
65,2033,329044,317372,646416
66,2033,329777,343046,672823
67,2033,328154,319031,647185
68,2033,324304,323194,647498
69,2033,314544,322290,636834
70,2033,292247,319525,611772
71,2033,283148,341217,624365
72,2033,271784,333452,605236
73,2033,269784,333860,603644
74,2033,272316,326923,599239
75,2033,272114,319755,591869
76,2033,268895,322453,591348
77,2033,270460,316026,586486
78,2033,269267,320881,590148
79,2033,239880,309068,548948
80,2033,226840,293875,520715
81,2033,216600,251681,468281
82,2033,215253,226660,441913
83,2033,215197,215318,430515
84,2033,214958,201080,416038
85,2033,214958,201930,416888
86,2033,214958,195270,410228
87,2033,214958,192727,407685
88,2033,214958,192727,407685
89,2033,214958,192727,407685
90,2033,214958,192727,407685
91,2033,214955,192727,407682
92,2033,214955,192727,407682
93,2033,214955,192727,407682
94,2033,214955,192727,407682
95,2033,214955,192727,407682
96,2033,214955,192727,407682
97,2033,214955,192727,407682
98,2033,214955,192727,407682
99,2033,214955,192727,407682
100,2033,214955,192727,407682
0,2033,271435,255330,526765
1,2033,291657,274459,566116
2,2033,291818,274618,566436
3,2033,291700,274024,565724
4,2033,292021,274379,566400
5,2033,291695,274723,566418
6,2033,283295,273596,556891
7,2033,283101,271922,555023
8,2033,283770,274061,557831
9,2033,289343,270765,560108
10,2033,283747,274167,557914
11,2033,280856,268202,549058
12,2033,283620,273826,557446
13,2033,282732,272347,555079
14,2033,282947,272823,555770
15,2033,289286,289820,579106
16,2033,312952,314125,627077
17,2033,312366,312775,625141
18,2033,303404,294280,597684
19,2033,317148,322575,639723
20,2033,311533,295510,607043
21,2033,314867,298123,612990
22,2033,312602,297563,610165
23,2033,313838,300271,614109
24,2033,311222,299202,610424
25,2033,313351,301147,614498
26,2033,325972,313514,639486
27,2033,324975,312237,637212
28,2033,329044,317584,646628
29,2033,329485,320504,649989
30,2033,328841,320308,649149
31,2033,331402,327618,659020
32,2033,341571,338137,679708
33,2033,344778,380572,725350
34,2033,362512,373647,736159
35,2033,368687,364606,733293
36,2033,437425,442646,880071
37,2033,458795,462195,920990
38,2033,458010,464589,922599
39,2033,457982,463746,921728
40,2033,466465,467997,934462
41,2033,467124,469537,936661
42,2033,469918,472583,942501
43,2033,469738,471497,941235
44,2033,472977,478018,950995
45,2033,473113,476512,949625
46,2033,475201,480884,956085
47,2033,480154,490229,970383
48,2033,479267,493378,972645
49,2033,487627,497120,984747
50,2033,487990,494173,982163
51,2033,485484,490323,975807
52,2033,487251,490181,977432
53,2033,480778,482543,963321
54,2033,438694,456131,894825
55,2033,422086,431243,853329
56,2033,406483,413714,820197
57,2033,380318,398655,778973
58,2033,363927,383709,747636
59,2033,348245,386806,735051
60,2033,323701,367287,690988
61,2033,313761,363217,676978
62,2033,378384,403335,781719
63,2033,370354,389474,759828
64,2033,358015,381704,739719
65,2033,328667,340560,669227
66,2033,328016,315789,643805
67,2033,330195,318494,648689
68,2033,330976,318470,649446
69,2033,326233,320876,647109
70,2033,312715,324430,637145
71,2033,303286,347843,651129
72,2033,271157,341362,612519
73,2033,274195,317501,591696
74,2033,272376,319484,591860
75,2033,272088,318011,590099
76,2033,269582,319257,588839
77,2033,269956,325582,595538
78,2033,276949,315731,592680
79,2033,242287,303064,545351
80,2033,224882,279626,504508
81,2033,216516,254204,470720
82,2033,215454,238713,454167
83,2033,215313,225666,440979
84,2033,215028,201071,416099
85,2033,215028,202183,417211
86,2033,215089,195270,410359
87,2033,215089,192727,407816
88,2033,215089,192727,407816
89,2033,215086,192727,407813
90,2033,215086,192727,407813
91,2033,214777,192727,407504
92,2033,214777,192727,407504
93,2033,214777,192727,407504
94,2033,214777,192727,407504
95,2033,214777,192727,407504
96,2033,214777,192727,407504
97,2033,214777,192727,407504
98,2033,214777,192727,407504
99,2033,214777,192727,407504
100,2033,214777,192727,407504
0,2033,270598,255026,525624
1,2033,271307,255372,526679
2,2033,291844,274611,566455
3,2033,291909,274676,566585
4,2033,292159,275000,567159
5,2033,292029,274271,566300
6,2033,292146,274725,566871
7,2033,292011,274505,566516
8,2033,283423,273430,556853
9,2033,291721,274521,566242
10,2033,291682,275483,567165
11,2033,291602,275286,566888
12,2033,292997,276242,569239
13,2033,293957,276291,570248
14,2033,294084,289421,583505
15,2033,292148,273620,565768
16,2033,310542,320781,631323
17,2033,313742,309250,622992
18,2033,306367,295636,602003
19,2033,311500,319845,631345
20,2033,304007,293932,597939
21,2033,310847,297064,607911
22,2033,314230,298582,612812
23,2033,310042,292974,603016
24,2033,308815,295124,603939
25,2033,312351,300025,612376
26,2033,323689,304677,628366
27,2033,325110,309051,634161
28,2033,328030,315601,643631
29,2033,329439,318451,647890
30,2033,329636,320447,650083
31,2033,328086,322734,650820
32,2033,331376,329366,660742
33,2033,343816,338557,682373
34,2033,344942,351494,696436
35,2033,361548,354775,716323
36,2033,383001,380116,763117
37,2033,381558,369197,750755
38,2033,457298,464840,922138
39,2033,457377,464719,922096
40,2033,458415,462804,921219
41,2033,458472,463370,921842
42,2033,463701,468629,932330
43,2033,467892,471196,939088
44,2033,469400,471795,941195
45,2033,472277,472937,945214
46,2033,473137,477807,950944
47,2033,473422,479993,953415
48,2033,481950,479904,961854
49,2033,480310,492430,972740
50,2033,479238,494134,973372
51,2033,486339,496004,982343
52,2033,487965,494737,982702
53,2033,485580,487543,973123
54,2033,472677,481298,953975
55,2033,444570,460572,905142
56,2033,425020,432394,857414
57,2033,405659,413584,819243
58,2033,382080,398816,780896
59,2033,364092,377789,741881
60,2033,365520,387046,752566
61,2033,323687,367823,691510
62,2033,306087,355116,661203
63,2033,375772,393944,769716
64,2033,368658,395880,764538
65,2033,334653,368296,702949
66,2033,327530,348317,675847
67,2033,328792,314971,643763
68,2033,328059,316993,645052
69,2033,328208,321281,649489
70,2033,307873,322526,630399
71,2033,287660,318505,606165
72,2033,298866,339486,638352
73,2033,274546,333768,608314
74,2033,272946,320213,593159
75,2033,270781,319468,590249
76,2033,270147,318272,588419
77,2033,269602,326132,595734
78,2033,276870,314365,591235
79,2033,244238,310447,554685
80,2033,235577,301576,537153
81,2033,217615,256601,474216
82,2033,215569,238514,454083
83,2033,215612,225843,441455
84,2033,215089,203376,418465
85,2033,215089,204242,419331
86,2033,215089,195270,410359
87,2033,214862,192727,407589
88,2033,214862,192727,407589
89,2033,214107,192691,406798
90,2033,214571,192727,407298
91,2033,214571,192727,407298
92,2033,214571,192691,407262
93,2033,214014,192695,406709
94,2033,214014,192695,406709
95,2033,214014,192695,406709
96,2033,214014,192651,406665
97,2033,214014,192651,406665
98,2033,214014,192651,406665
99,2033,214014,192651,406665
100,2033,214014,192651,406665
0,2033,264008,237962,501970
1,2033,284073,270131,554204
2,2033,272654,256100,528754
3,2033,291114,275595,566709
4,2033,291676,276015,567691
5,2033,292505,275485,567990
6,2033,292528,275232,567760
7,2033,292293,275084,567377
8,2033,291807,274783,566590
9,2033,280725,272014,552739
10,2033,291829,274866,566695
11,2033,292040,276491,568531
12,2033,293730,275493,569223
13,2033,295587,276436,572023
14,2033,295214,276033,571247
15,2033,297693,276061,573754
16,2033,305476,278705,584181
17,2033,301531,286749,588280
18,2033,304768,277225,581993
19,2033,311348,348543,659891
20,2033,316376,305546,621922
21,2033,309389,290000,599389
22,2033,312062,298848,610910
23,2033,313265,301238,614503
24,2033,312364,299114,611478
25,2033,312143,296597,608740
26,2033,320770,302415,623185
27,2033,324111,305038,629149
28,2033,327837,312881,640718
29,2033,328986,317605,646591
30,2033,329712,317239,646951
31,2033,330624,322758,653382
32,2033,327877,321058,648935
33,2033,331609,332713,664322
34,2033,344064,337293,681357
35,2033,348587,349354,697941
36,2033,364315,359443,723758
37,2033,364368,363269,727637
38,2033,387560,388392,775952
39,2033,457827,464683,922510
40,2033,458729,462956,921685
41,2033,416332,418369,834701
42,2033,457981,465754,923735
43,2033,457164,462979,920143
44,2033,470774,474629,945403
45,2033,469937,472157,942094
46,2033,473223,477216,950439
47,2033,472529,477981,950510
48,2033,472561,479262,951823
49,2033,482246,481342,963588
50,2033,480506,491430,971936
51,2033,479342,494193,973535
52,2033,486482,496948,983430
53,2033,490996,498633,989629
54,2033,487380,493638,981018
55,2033,484967,486952,971919
56,2033,441733,457813,899546
57,2033,426249,437480,863729
58,2033,391517,407134,798651
59,2033,381865,399330,781195
60,2033,364457,369416,733873
61,2033,364915,384009,748924
62,2033,326045,370972,697017
63,2033,306077,358934,665011
64,2033,376953,400088,777041
65,2033,361602,383047,744649
66,2033,335387,368731,704118
67,2033,327891,339273,667164
68,2033,327891,318113,646004
69,2033,324914,317619,642533
70,2033,328217,319409,647626
71,2033,315962,322282,638244
72,2033,283996,318351,602347
73,2033,284532,327982,612514
74,2033,269429,331866,601295
75,2033,284204,316031,600235
76,2033,270438,312757,583195
77,2033,271207,323620,594827
78,2033,275944,313927,589871
79,2033,252501,307857,560358
80,2033,238764,301342,540106
81,2033,224206,300223,524429
82,2033,216572,250569,467141
83,2033,215674,225828,441502
84,2033,215359,218162,433521
85,2033,215168,206876,422044
86,2033,215086,195270,410356
87,2033,215063,192727,407790
88,2033,215063,192727,407790
89,2033,214796,192626,407422
90,2033,214796,192691,407487
91,2033,214239,192691,406930
92,2033,214796,192663,407459
93,2033,214239,192651,406890
94,2033,214239,193042,407281
95,2033,214239,193042,407281
96,2033,214239,193042,407281
97,2033,214239,193042,407281
98,2033,214239,193042,407281
99,2033,214239,193042,407281
100,2033,214239,193042,407281
0,2033,243850,224478,468328
1,2033,269357,245312,514669
2,2033,283659,269945,553604
3,2033,270403,252617,523020
4,2033,291409,275680,567089
5,2033,291314,274592,565906
6,2033,292518,275095,567613
7,2033,292793,275714,568507
8,2033,292462,274943,567405
9,2033,292462,275408,567870
10,2033,291499,274973,566472
11,2033,289737,273332,563069
12,2033,294118,274826,568944
13,2033,292619,274351,566970
14,2033,293660,273659,567319
15,2033,294376,275617,569993
16,2033,302665,278078,580743
17,2033,302986,278086,581072
18,2033,303394,277333,580727
19,2033,307759,298785,606544
20,2033,309004,293389,602393
21,2033,308195,290813,599008
22,2033,310913,300082,610995
23,2033,314153,298895,613048
24,2033,316838,308253,625091
25,2033,314943,303115,618058
26,2033,320156,302323,622479
27,2033,320772,304519,625291
28,2033,326241,310948,637189
29,2033,328712,318695,647407
30,2033,329210,315856,645066
31,2033,329761,318942,648703
32,2033,330508,323844,654352
33,2033,328191,320930,649121
34,2033,337809,332180,669989
35,2033,343642,336957,680599
36,2033,349480,349589,699069
37,2033,360783,359943,720726
38,2033,367178,367094,734272
39,2033,458458,464879,923337
40,2033,458267,465820,924087
41,2033,460753,470283,931036
42,2033,456139,468987,925126
43,2033,457780,466254,924034
44,2033,457931,463192,921123
45,2033,463899,466233,930132
46,2033,469760,474233,943993
47,2033,469787,474632,944419
48,2033,472824,478970,951794
49,2033,472260,479853,952113
50,2033,472878,479849,952727
51,2033,480593,483423,964016
52,2033,479490,492121,971611
53,2033,478645,495175,973820
54,2033,488087,494701,982788
55,2033,487940,491377,979317
56,2033,483638,483015,966653
57,2033,442080,458481,900561
58,2033,424371,433289,857660
59,2033,387444,406668,794112
60,2033,381794,399430,781224
61,2033,364029,370500,734529
62,2033,364155,374565,738720
63,2033,322684,370125,692809
64,2033,322744,365813,688557
65,2033,375936,393073,769009
66,2033,361970,377757,739727
67,2033,328442,336454,664896
68,2033,328233,345641,673874
69,2033,328131,312836,640967
70,2033,326894,317796,644690
71,2033,327054,322677,649731
72,2033,276082,321274,597356
73,2033,283420,319282,602702
74,2033,284995,324612,609607
75,2033,273035,311008,584043
76,2033,269278,319255,588533
77,2033,270942,331234,602176
78,2033,268773,313437,582210
79,2033,254443,314120,568563
80,2033,238176,298039,536215
81,2033,220514,263232,483746
82,2033,217064,250298,467362
83,2033,215674,226276,441950
84,2033,215396,227574,442970
85,2033,215104,204469,419573
86,2033,215063,195270,410333
87,2033,214734,192727,407461
88,2033,214777,192727,407504
89,2033,213853,192626,406479
90,2033,213853,192626,406479
91,2033,213623,193389,407012
92,2033,213468,193357,406825
93,2033,213502,193566,407068
94,2033,213143,193405,406548
95,2033,212591,188391,400982
96,2033,212591,188391,400982
97,2033,212591,188391,400982
98,2033,212591,188391,400982
99,2033,212591,188391,400982
100,2033,212591,188391,400982
0,2033,236377,206914,443291
1,2033,254366,236552,490918
2,2033,268480,243755,512235
3,2033,283352,268897,552249
4,2033,269880,245136,515016
5,2033,273640,263389,537029
6,2033,291706,275465,567171
7,2033,291732,275845,567577
8,2033,292730,275098,567828
9,2033,292041,275322,567363
10,2033,292493,276363,568856
11,2033,292028,275633,567661
12,2033,294363,276229,570592
13,2033,293433,275840,569273
14,2033,295077,276074,571151
15,2033,294570,275702,570272
16,2033,297750,277129,574879
17,2033,303410,278195,581605
18,2033,305043,277220,582263
19,2033,310083,281742,591825
20,2033,307887,293312,601199
21,2033,308730,291944,600674
22,2033,307165,313836,621001
23,2033,313992,300905,614897
24,2033,314560,312211,626771
25,2033,314939,303130,618069
26,2033,320182,303787,623969
27,2033,321195,301361,622556
28,2033,326012,311695,637707
29,2033,329132,317096,646228
30,2033,328455,315437,643892
31,2033,329442,317003,646445
32,2033,329645,319146,648791
33,2033,330263,319576,649839
34,2033,328553,322387,650940
35,2033,335827,333084,668911
36,2033,344259,337969,682228
37,2033,348980,348204,697184
38,2033,360603,362492,723095
39,2033,382408,370096,752504
40,2033,384142,382435,766577
41,2033,409970,402911,812881
42,2033,392845,393656,786501
43,2033,410122,406919,817041
44,2033,457288,467150,924438
45,2033,457331,472049,929380
46,2033,467915,469972,937887
47,2033,470382,472362,942744
48,2033,472464,476819,949283
49,2033,472092,478672,950764
50,2033,472163,478202,950365
51,2033,472378,479342,951720
52,2033,475888,481476,957364
53,2033,479763,491405,971168
54,2033,478803,494162,972965
55,2033,485432,496668,982100
56,2033,488490,493144,981634
57,2033,482882,483022,965904
58,2033,441729,458728,900457
59,2033,424294,433294,857588
60,2033,391920,406997,798917
61,2033,381284,399393,780677
62,2033,365079,368731,733810
63,2033,364076,386597,750673
64,2033,324368,367474,691842
65,2033,313470,368097,681567
66,2033,363584,367122,730706
67,2033,358025,374768,732793
68,2033,328824,316214,645038
69,2033,328622,313235,641857
70,2033,320194,314742,634936
71,2033,328725,317436,646161
72,2033,317118,324092,641210
73,2033,275845,327794,603639
74,2033,282654,322084,604738
75,2033,275405,312033,587438
76,2033,269570,314466,584036
77,2033,270571,322685,593256
78,2033,270382,313245,583627
79,2033,259093,315057,574150
80,2033,248509,311362,559871
81,2033,228511,262422,490933
82,2033,217167,251816,468983
83,2033,215547,238265,453812
84,2033,215494,228258,443752
85,2033,215080,204764,419844
86,2033,214777,195270,410047
87,2033,214796,192727,407523
88,2033,214331,192727,407058
89,2033,213325,192715,406040
90,2033,213620,192715,406335
91,2033,213300,193333,406633
92,2033,209637,178985,388622
93,2033,209616,178881,388497
94,2033,209546,177975,387521
95,2033,208448,160374,368822
96,2033,208448,157758,366206
97,2033,208448,157758,366206
98,2033,208448,157758,366206
99,2033,208449,157758,366207
100,2033,208449,157758,366207
0,2033,221292,211612,432904
1,2033,263097,211730,474827
2,2033,255134,229708,484842
3,2033,268136,244057,512193
4,2033,277623,242519,520142
5,2033,267954,252845,520799
6,2033,269686,254331,524017
7,2033,274193,263413,537606
8,2033,291505,274406,565911
9,2033,291602,273614,565216
10,2033,291991,275395,567386
11,2033,292118,276304,568422
12,2033,293133,275963,569096
13,2033,293679,276389,570068
14,2033,294011,275532,569543
15,2033,295975,277366,573341
16,2033,296623,275846,572469
17,2033,298158,277476,575634
18,2033,305252,277603,582855
19,2033,306648,281107,587755
20,2033,305041,280072,585113
21,2033,307784,300495,608279
22,2033,308305,291096,599401
23,2033,314593,301502,616095
24,2033,316722,308807,625529
25,2033,309062,293571,602633
26,2033,322753,309218,631971
27,2033,322557,305386,627943
28,2033,326122,310241,636363
29,2033,327073,310984,638057
30,2033,329630,317554,647184
31,2033,328623,319419,648042
32,2033,329535,319074,648609
33,2033,329671,319218,648889
34,2033,329318,319830,649148
35,2033,328434,322702,651136
36,2033,337722,335035,672757
37,2033,343846,341206,685052
38,2033,356069,352533,708602
39,2033,364496,362689,727185
40,2033,406085,408370,814455
41,2033,381167,377903,759070
42,2033,379425,382298,761723
43,2033,395987,405683,801670
44,2033,456514,469310,925824
45,2033,457176,470416,927592
46,2033,459192,465452,924644
47,2033,456845,463551,920396
48,2033,470275,474863,945138
49,2033,469526,474459,943985
50,2033,468706,475279,943985
51,2033,472281,478291,950572
52,2033,472196,477269,949465
53,2033,472729,480324,953053
54,2033,479304,490796,970100
55,2033,479569,493714,973283
56,2033,485394,496305,981699
57,2033,488436,494094,982530
58,2033,474277,482358,956635
59,2033,437639,453249,890888
60,2033,416823,432249,849072
61,2033,390726,407470,798196
62,2033,380497,399792,780289
63,2033,365313,370931,736244
64,2033,363829,377988,741817
65,2033,323470,367203,690673
66,2033,307677,370232,677909
67,2033,362591,380367,742958
68,2033,328171,360013,688184
69,2033,327752,340337,668089
70,2033,320308,318468,638776
71,2033,303816,321593,625409
72,2033,309286,316611,625897
73,2033,314172,351193,665365
74,2033,298014,337609,635623
75,2033,274408,331180,605588
76,2033,273238,309938,583176
77,2033,269544,332433,601977
78,2033,269259,311719,580978
79,2033,261068,323008,584076
80,2033,250508,309685,560193
81,2033,231705,262276,493981
82,2033,218090,240974,459064
83,2033,215867,226228,442095
84,2033,215537,226970,442507
85,2033,214777,204764,419541
86,2033,214796,195270,410066
87,2033,214331,192727,407058
88,2033,213853,192691,406544
89,2033,211170,193670,404840
90,2033,211184,193540,404724
91,2033,210885,192876,403761
92,2033,208043,165187,373230
93,2033,207572,155392,362964
94,2033,207315,150702,358017
95,2033,207173,167266,374439
96,2033,205375,140336,345711
97,2033,205375,140336,345711
98,2033,204200,129772,333972
99,2033,204248,129772,334020
100,2033,205423,140336,345759
0,2034,292160,275407,567567
1,2034,292160,275407,567567
2,2034,292156,275407,567563
3,2034,292317,275433,567750
4,2034,292459,275435,567894
5,2034,292604,275460,568064
6,2034,292715,275538,568253
7,2034,292699,275529,568228
8,2034,292688,275503,568191
9,2034,292689,275485,568174
10,2034,292704,275551,568255
11,2034,292828,275972,568800
12,2034,293342,276256,569598
13,2034,293719,276375,570094
14,2034,293758,276281,570039
15,2034,293823,276272,570095
16,2034,294123,276355,570478
17,2034,294561,276410,570971
18,2034,295789,276733,572522
19,2034,296731,278188,574919
20,2034,296795,278225,575020
21,2034,296833,278284,575117
22,2034,296862,278532,575394
23,2034,296890,278545,575435
24,2034,296890,278545,575435
25,2034,296890,278545,575435
26,2034,296890,278545,575435
27,2034,296890,278545,575435
28,2034,296890,278545,575435
29,2034,296890,278545,575435
30,2034,296890,278545,575435
31,2034,296890,278545,575435
32,2034,296890,278545,575435
33,2034,296890,278545,575435
34,2034,296890,278545,575435
35,2034,296890,278545,575435
36,2034,296890,278545,575435
37,2034,296890,278545,575435
38,2034,296890,278545,575435
39,2034,296890,278545,575435
40,2034,296890,278545,575435
41,2034,296890,278545,575435
42,2034,296890,278545,575435
43,2034,296890,278545,575435
44,2034,296890,278545,575435
45,2034,296890,278545,575435
46,2034,296881,278545,575426
47,2034,296873,278545,575418
48,2034,296873,278545,575418
49,2034,296873,278545,575418
50,2034,296873,278545,575418
51,2034,296873,278595,575468
52,2034,296873,278595,575468
53,2034,296873,278595,575468
54,2034,296873,278595,575468
55,2034,296873,278595,575468
56,2034,296873,278595,575468
57,2034,296873,278595,575468
58,2034,296873,278595,575468
59,2034,296873,278595,575468
60,2034,296873,278595,575468
61,2034,296873,278595,575468
62,2034,296873,278595,575468
63,2034,296873,278595,575468
64,2034,296825,278595,575420
65,2034,296825,278595,575420
66,2034,296738,278595,575333
67,2034,296738,278595,575333
68,2034,296472,278595,575067
69,2034,296377,278595,574972
70,2034,296237,278595,574832
71,2034,295800,278595,574395
72,2034,295800,278595,574395
73,2034,295461,278595,574056
74,2034,295423,278595,574018
75,2034,295423,278595,574018
76,2034,295423,278595,574018
77,2034,295423,278595,574018
78,2034,295423,279554,574977
79,2034,295423,279363,574786
80,2034,295423,279614,575037
81,2034,295423,279743,575166
82,2034,295423,279743,575166
83,2034,295423,279743,575166
84,2034,295423,279743,575166
85,2034,295423,279743,575166
86,2034,295423,279743,575166
87,2034,295423,279743,575166
88,2034,295423,279743,575166
89,2034,295423,279743,575166
90,2034,295423,279743,575166
91,2034,295423,279743,575166
92,2034,295423,279743,575166
93,2034,295423,279743,575166
94,2034,295423,279743,575166
95,2034,295423,279743,575166
96,2034,295423,279743,575166
97,2034,295423,279743,575166
98,2034,295423,279743,575166
99,2034,295423,279743,575166
100,2034,295423,279743,575166
0,2034,292266,275259,567525
1,2034,292266,275259,567525
2,2034,292259,275259,567518
3,2034,292436,275274,567710
4,2034,292615,275193,567808
5,2034,292741,275299,568040
6,2034,292868,275406,568274
7,2034,292842,275390,568232
8,2034,292820,275364,568184
9,2034,292815,275344,568159
10,2034,292810,275474,568284
11,2034,292862,275699,568561
12,2034,293184,275754,568938
13,2034,293704,275708,569412
14,2034,293937,275800,569737
15,2034,294124,275792,569916
16,2034,294466,275859,570325
17,2034,295672,275850,571522
18,2034,297964,276497,574461
19,2034,298821,278322,577143
20,2034,299958,278491,578449
21,2034,300126,278538,578664
22,2034,300128,279006,579134
23,2034,300136,279020,579156
24,2034,300136,279020,579156
25,2034,300136,279020,579156
26,2034,300136,279020,579156
27,2034,300136,279020,579156
28,2034,300136,279020,579156
29,2034,300136,279020,579156
30,2034,300136,279020,579156
31,2034,300136,279020,579156
32,2034,300136,279020,579156
33,2034,300136,279020,579156
34,2034,300136,279020,579156
35,2034,300136,279020,579156
36,2034,300136,279020,579156
37,2034,300136,279020,579156
38,2034,300136,279020,579156
39,2034,300136,279020,579156
40,2034,300136,279020,579156
41,2034,300136,279020,579156
42,2034,300136,279020,579156
43,2034,300136,279020,579156
44,2034,300538,279020,579558
45,2034,300538,279020,579558
46,2034,300536,279020,579556
47,2034,300528,279020,579548
48,2034,300528,279020,579548
49,2034,300528,279020,579548
50,2034,300528,279020,579548
51,2034,300528,279059,579587
52,2034,300528,279059,579587
53,2034,300528,279059,579587
54,2034,300528,279059,579587
55,2034,300528,279059,579587
56,2034,300528,279059,579587
57,2034,300528,279059,579587
58,2034,300528,279059,579587
59,2034,300528,279059,579587
60,2034,300528,279059,579587
61,2034,300528,279059,579587
62,2034,300528,279059,579587
63,2034,300528,279059,579587
64,2034,300557,279059,579616
65,2034,300557,279059,579616
66,2034,300066,279059,579125
67,2034,300008,279059,579067
68,2034,299613,279059,578672
69,2034,299663,279059,578722
70,2034,299415,279037,578452
71,2034,298888,279037,577925
72,2034,298782,279037,577819
73,2034,298283,278963,577246
74,2034,298238,278963,577201
75,2034,298238,278963,577201
76,2034,298238,278963,577201
77,2034,298238,278963,577201
78,2034,298344,280269,578613
79,2034,298259,280078,578337
80,2034,298344,280826,579170
81,2034,298338,280568,578906
82,2034,298338,280568,578906
83,2034,298338,280568,578906
84,2034,298338,280568,578906
85,2034,298338,280568,578906
86,2034,298338,280568,578906
87,2034,298338,280568,578906
88,2034,298338,280568,578906
89,2034,298338,280568,578906
90,2034,298338,280568,578906
91,2034,298338,280568,578906
92,2034,298338,280568,578906
93,2034,298338,280568,578906
94,2034,298338,280568,578906
95,2034,298338,280568,578906
96,2034,298338,280568,578906
97,2034,298338,280568,578906
98,2034,298338,280568,578906
99,2034,298338,280568,578906
100,2034,298338,280568,578906
0,2034,292274,275413,567687
1,2034,292274,275413,567687
2,2034,292266,275413,567679
3,2034,292417,275347,567764
4,2034,292716,275394,568110
5,2034,292856,275450,568306
6,2034,292910,275526,568436
7,2034,292866,275510,568376
8,2034,292838,275471,568309
9,2034,292865,275477,568342
10,2034,292819,275561,568380
11,2034,292909,275804,568713
12,2034,293366,276259,569625
13,2034,294527,276216,570743
14,2034,294776,276418,571194
15,2034,295034,276413,571447
16,2034,296135,276482,572617
17,2034,297419,276524,573943
18,2034,299982,276890,576872
19,2034,300697,278092,578789
20,2034,300794,278561,579355
21,2034,301474,278636,580110
22,2034,301310,278941,580251
23,2034,301326,278955,580281
24,2034,301326,278955,580281
25,2034,301326,278955,580281
26,2034,301326,278955,580281
27,2034,301326,278955,580281
28,2034,301326,278955,580281
29,2034,301326,278955,580281
30,2034,301326,278955,580281
31,2034,301326,278955,580281
32,2034,301326,278955,580281
33,2034,301326,278955,580281
34,2034,301326,278955,580281
35,2034,301326,278955,580281
36,2034,301326,278955,580281
37,2034,301326,278955,580281
38,2034,301326,278955,580281
39,2034,301326,278955,580281
40,2034,301326,278955,580281
41,2034,301326,278955,580281
42,2034,301326,278955,580281
43,2034,301333,278955,580288
44,2034,303077,279111,582188
45,2034,303077,279111,582188
46,2034,302118,279111,581229
47,2034,302109,279111,581220
48,2034,302109,279111,581220
49,2034,302109,279111,581220
50,2034,302109,279111,581220
51,2034,302109,279149,581258
52,2034,302109,279149,581258
53,2034,302109,279149,581258
54,2034,302109,279149,581258
55,2034,302109,279149,581258
56,2034,302109,279149,581258
57,2034,302109,279149,581258
58,2034,302109,279149,581258
59,2034,302109,279149,581258
60,2034,302109,279149,581258
61,2034,302109,279149,581258
62,2034,302109,279149,581258
63,2034,302109,279149,581258
64,2034,303056,279149,582205
65,2034,303056,279149,582205
66,2034,301751,278994,580745
67,2034,301764,278926,580690
68,2034,301625,278926,580551
69,2034,301693,278926,580619
70,2034,301698,278926,580624
71,2034,302699,279051,581750
72,2034,302614,279051,581665
73,2034,301717,279129,580846
74,2034,301717,279129,580846
75,2034,301717,279129,580846
76,2034,301717,279129,580846
77,2034,301717,279129,580846
78,2034,301618,283834,585452
79,2034,301588,283520,585108
80,2034,301523,283856,585379
81,2034,301545,283856,585401
82,2034,301545,283856,585401
83,2034,301545,283856,585401
84,2034,301545,283856,585401
85,2034,301545,283856,585401
86,2034,301545,283856,585401
87,2034,301545,283856,585401
88,2034,301545,283856,585401
89,2034,301545,283856,585401
90,2034,301545,283856,585401
91,2034,301545,283856,585401
92,2034,301545,283856,585401
93,2034,301545,283856,585401
94,2034,301545,283856,585401
95,2034,301545,283856,585401
96,2034,301545,283856,585401
97,2034,301545,283856,585401
98,2034,301545,283856,585401
99,2034,301545,283856,585401
100,2034,301545,283856,585401
0,2034,292099,274901,567000
1,2034,292099,274901,567000
2,2034,292091,274901,566992
3,2034,292300,274901,567201
4,2034,292463,274931,567394
5,2034,292518,274983,567501
6,2034,292615,275035,567650
7,2034,292607,275057,567664
8,2034,292601,275043,567644
9,2034,292574,275024,567598
10,2034,292549,275055,567604
11,2034,292624,275339,567963
12,2034,293047,275490,568537
13,2034,294584,275590,570174
14,2034,295239,275679,570918
15,2034,297561,275661,573222
16,2034,296031,275360,571391
17,2034,298511,275281,573792
18,2034,300960,276311,577271
19,2034,318140,278178,596318
20,2034,318570,278704,597274
21,2034,307169,279147,586316
22,2034,306963,279195,586158
23,2034,307025,279209,586234
24,2034,307025,279209,586234
25,2034,307025,279209,586234
26,2034,307025,279209,586234
27,2034,307025,279209,586234
28,2034,307025,279209,586234
29,2034,307025,279209,586234
30,2034,307025,279209,586234
31,2034,307025,279209,586234
32,2034,307025,279209,586234
33,2034,307025,279209,586234
34,2034,307025,279209,586234
35,2034,307025,279209,586234
36,2034,307025,279209,586234
37,2034,307025,279209,586234
38,2034,307025,279209,586234
39,2034,307025,279209,586234
40,2034,307025,279209,586234
41,2034,307025,279209,586234
42,2034,307025,279209,586234
43,2034,307025,279209,586234
44,2034,309401,279433,588834
45,2034,309401,279433,588834
46,2034,308138,279364,587502
47,2034,308207,279364,587571
48,2034,308207,279364,587571
49,2034,308207,279364,587571
50,2034,308207,279364,587571
51,2034,308198,279402,587600
52,2034,308198,279402,587600
53,2034,308198,279402,587600
54,2034,308198,279402,587600
55,2034,308198,279402,587600
56,2034,308198,279402,587600
57,2034,308198,279402,587600
58,2034,308198,279402,587600
59,2034,308198,279402,587600
60,2034,308198,279402,587600
61,2034,308198,279402,587600
62,2034,308198,279402,587600
63,2034,308198,279402,587600
64,2034,309449,279472,588921
65,2034,309538,279472,589010
66,2034,307947,279400,587347
67,2034,308227,279400,587627
68,2034,307618,279138,586756
69,2034,307735,279232,586967
70,2034,307742,279123,586865
71,2034,309127,279187,588314
72,2034,308751,279129,587880
73,2034,307179,279129,586308
74,2034,307179,279129,586308
75,2034,307179,279129,586308
76,2034,307179,279129,586308
77,2034,307179,279129,586308
78,2034,306934,286413,593347
79,2034,306862,284996,591858
80,2034,306855,286432,593287
81,2034,306855,286432,593287
82,2034,306855,286432,593287
83,2034,306855,286432,593287
84,2034,306855,286432,593287
85,2034,306855,286432,593287
86,2034,306855,286432,593287
87,2034,306855,286432,593287
88,2034,306855,286432,593287
89,2034,306855,286432,593287
90,2034,306855,286432,593287
91,2034,306855,286432,593287
92,2034,306855,286432,593287
93,2034,306855,286432,593287
94,2034,306855,286432,593287
95,2034,306855,286432,593287
96,2034,306855,286432,593287
97,2034,306855,286432,593287
98,2034,306855,286432,593287
99,2034,306855,286432,593287
100,2034,306855,286432,593287
0,2034,292414,276267,568681
1,2034,292414,276267,568681
2,2034,292410,276267,568677
3,2034,292524,276267,568791
4,2034,292770,276374,569144
5,2034,292782,276405,569187
6,2034,292777,275836,568613
7,2034,292789,275833,568622
8,2034,292809,276105,568914
9,2034,292817,276218,569035
10,2034,292752,276008,568760
11,2034,292786,276013,568799
12,2034,292637,275836,568473
13,2034,294207,275567,569774
14,2034,297544,275452,572996
15,2034,296712,275491,572203
16,2034,295873,275344,571217
17,2034,298696,275638,574334
18,2034,308040,277244,585284
19,2034,310244,279250,589494
20,2034,310992,279343,590335
21,2034,309447,279369,588816
22,2034,309498,279517,589015
23,2034,309548,279517,589065
24,2034,309548,279517,589065
25,2034,309548,279517,589065
26,2034,309548,279517,589065
27,2034,309548,279517,589065
28,2034,309548,279517,589065
29,2034,309548,279517,589065
30,2034,309548,279517,589065
31,2034,309548,279517,589065
32,2034,309548,279517,589065
33,2034,309548,279517,589065
34,2034,309548,279517,589065
35,2034,309548,279517,589065
36,2034,309548,279517,589065
37,2034,309933,279517,589450
38,2034,309933,279517,589450
39,2034,309933,279517,589450
40,2034,309933,279517,589450
41,2034,309933,279517,589450
42,2034,309933,279517,589450
43,2034,309933,279517,589450
44,2034,311218,279445,590663
45,2034,311218,279445,590663
46,2034,311078,279485,590563
47,2034,311078,279485,590563
48,2034,311078,279485,590563
49,2034,311078,279485,590563
50,2034,311078,279485,590563
51,2034,311087,279523,590610
52,2034,311087,279523,590610
53,2034,311087,279523,590610
54,2034,311087,279523,590610
55,2034,311087,279523,590610
56,2034,311087,279523,590610
57,2034,311087,279523,590610
58,2034,311087,279523,590610
59,2034,311087,279523,590610
60,2034,311087,279523,590610
61,2034,311087,279523,590610
62,2034,311087,279523,590610
63,2034,311197,279523,590720
64,2034,311402,279483,590885
65,2034,311494,279483,590977
66,2034,311142,279522,590664
67,2034,311181,279522,590703
68,2034,310276,279498,589774
69,2034,310326,279498,589824
70,2034,310257,279585,589842
71,2034,310672,279598,590270
72,2034,310683,279572,590255
73,2034,309854,279579,589433
74,2034,309854,279579,589433
75,2034,309854,279579,589433
76,2034,309854,279579,589433
77,2034,309854,279579,589433
78,2034,309223,297053,606276
79,2034,309182,295170,604352
80,2034,309215,297002,606217
81,2034,309223,297359,606582
82,2034,309223,297359,606582
83,2034,309223,297359,606582
84,2034,309223,297359,606582
85,2034,309223,297359,606582
86,2034,309223,297359,606582
87,2034,309223,297359,606582
88,2034,309223,297359,606582
89,2034,309223,297359,606582
90,2034,309223,297359,606582
91,2034,309223,297359,606582
92,2034,309223,297359,606582
93,2034,309223,297359,606582
94,2034,309223,297359,606582
95,2034,309223,297359,606582
96,2034,309223,297359,606582
97,2034,309223,297359,606582
98,2034,309223,297359,606582
99,2034,309223,297359,606582
100,2034,309223,297359,606582
0,2034,290839,275033,565872
1,2034,290839,275033,565872
2,2034,290835,275033,565868
3,2034,290937,275233,566170
4,2034,291005,274937,565942
5,2034,291046,275155,566201
6,2034,292232,276240,568472
7,2034,292199,276233,568432
8,2034,291249,275661,566910
9,2034,291199,275601,566800
10,2034,292123,276191,568314
11,2034,292361,276048,568409
12,2034,293171,276060,569231
13,2034,294126,275531,569657
14,2034,296668,275937,572605
15,2034,295244,275388,570632
16,2034,296127,275713,571840
17,2034,298662,276231,574893
18,2034,305162,277907,583069
19,2034,309543,280666,590209
20,2034,310358,280573,590931
21,2034,310236,280007,590243
22,2034,310517,280086,590603
23,2034,310504,280086,590590
24,2034,310504,280086,590590
25,2034,310504,280086,590590
26,2034,310504,280086,590590
27,2034,310504,280086,590590
28,2034,310504,280086,590590
29,2034,310504,280086,590590
30,2034,310504,280086,590590
31,2034,310504,280086,590590
32,2034,310504,280086,590590
33,2034,310504,280086,590590
34,2034,310504,280086,590590
35,2034,310504,280086,590590
36,2034,310504,280086,590590
37,2034,310568,280086,590654
38,2034,310568,280086,590654
39,2034,310568,280086,590654
40,2034,310568,280086,590654
41,2034,310949,280086,591035
42,2034,310949,280086,591035
43,2034,310949,280086,591035
44,2034,311212,280770,591982
45,2034,311212,280770,591982
46,2034,311402,280718,592120
47,2034,311402,280718,592120
48,2034,311402,280718,592120
49,2034,311402,280718,592120
50,2034,311402,280718,592120
51,2034,311402,280757,592159
52,2034,311402,280757,592159
53,2034,311402,280757,592159
54,2034,311402,280757,592159
55,2034,311402,280757,592159
56,2034,311402,280757,592159
57,2034,311402,280757,592159
58,2034,311402,280757,592159
59,2034,311402,280757,592159
60,2034,311402,280757,592159
61,2034,311402,280757,592159
62,2034,311402,280757,592159
63,2034,311500,280757,592257
64,2034,311363,280826,592189
65,2034,311724,280826,592550
66,2034,311611,280757,592368
67,2034,311478,280757,592235
68,2034,311136,280282,591418
69,2034,311224,280386,591610
70,2034,311089,280359,591448
71,2034,311023,280782,591805
72,2034,311415,280757,592172
73,2034,310475,280113,590588
74,2034,310475,280113,590588
75,2034,310475,280113,590588
76,2034,310475,280113,590588
77,2034,310475,280113,590588
78,2034,312080,301426,613506
79,2034,311717,300216,611933
80,2034,312078,301550,613628
81,2034,312097,305369,617466
82,2034,312097,305369,617466
83,2034,312097,305369,617466
84,2034,312097,305369,617466
85,2034,312097,305369,617466
86,2034,312097,305369,617466
87,2034,312097,305369,617466
88,2034,312097,305369,617466
89,2034,312097,305369,617466
90,2034,312097,305369,617466
91,2034,312097,305369,617466
92,2034,312097,305369,617466
93,2034,312097,305369,617466
94,2034,312097,305369,617466
95,2034,312097,305369,617466
96,2034,312097,305369,617466
97,2034,312097,305369,617466
98,2034,312097,305369,617466
99,2034,312097,305369,617466
100,2034,312097,305369,617466
0,2034,289659,274603,564262
1,2034,289659,274603,564262
2,2034,289665,274603,564268
3,2034,290131,274992,565123
4,2034,290075,275018,565093
5,2034,290517,275453,565970
6,2034,291142,275727,566869
7,2034,291129,275727,566856
8,2034,291983,276029,568012
9,2034,291141,275810,566951
10,2034,291146,275616,566762
11,2034,292016,276074,568090
12,2034,292897,276138,569035
13,2034,294262,276019,570281
14,2034,294683,275572,570255
15,2034,297679,275397,573076
16,2034,295993,275946,571939
17,2034,298812,276626,575438
18,2034,303893,278118,582011
19,2034,307392,280296,587688
20,2034,308113,280287,588400
21,2034,310267,280533,590800
22,2034,310619,280734,591353
23,2034,310685,280734,591419
24,2034,310685,280734,591419
25,2034,310685,280734,591419
26,2034,310685,280734,591419
27,2034,310685,280734,591419
28,2034,310685,280734,591419
29,2034,310685,280734,591419
30,2034,310685,280734,591419
31,2034,310685,280734,591419
32,2034,310685,280734,591419
33,2034,310685,280734,591419
34,2034,310685,280734,591419
35,2034,310685,280734,591419
36,2034,310685,280734,591419
37,2034,310706,280734,591440
38,2034,310706,280734,591440
39,2034,310706,280734,591440
40,2034,310706,280734,591440
41,2034,311060,280758,591818
42,2034,311060,280758,591818
43,2034,311060,280758,591818
44,2034,310515,280639,591154
45,2034,310515,280639,591154
46,2034,310557,280639,591196
47,2034,310557,280639,591196
48,2034,310557,280639,591196
49,2034,310557,280639,591196
50,2034,310557,280639,591196
51,2034,310557,280639,591196
52,2034,310557,280639,591196
53,2034,310557,280639,591196
54,2034,310557,280639,591196
55,2034,310557,280639,591196
56,2034,310557,280639,591196
57,2034,310557,280639,591196
58,2034,310557,280639,591196
59,2034,310557,280639,591196
60,2034,310557,280639,591196
61,2034,310557,280639,591196
62,2034,310557,280639,591196
63,2034,310910,280639,591549
64,2034,310761,280639,591400
65,2034,311033,280639,591672
66,2034,311135,280672,591807
67,2034,310932,280639,591571
68,2034,311116,280771,591887
69,2034,311041,280703,591744
70,2034,310992,280666,591658
71,2034,310516,280639,591155
72,2034,310473,280639,591112
73,2034,311008,280697,591705
74,2034,311008,280697,591705
75,2034,311008,280697,591705
76,2034,311008,280697,591705
77,2034,311008,280697,591705
78,2034,314470,302480,616950
79,2034,314144,302411,616555
80,2034,314352,302829,617181
81,2034,316242,304224,620466
82,2034,316242,304224,620466
83,2034,316242,304224,620466
84,2034,316242,304224,620466
85,2034,316242,304224,620466
86,2034,316242,304224,620466
87,2034,316242,304224,620466
88,2034,316242,304224,620466
89,2034,316242,304224,620466
90,2034,316242,304224,620466
91,2034,316242,304224,620466
92,2034,316242,304224,620466
93,2034,316242,304224,620466
94,2034,316242,304224,620466
95,2034,316242,304224,620466
96,2034,316242,304224,620466
97,2034,316242,304224,620466
98,2034,316242,304224,620466
99,2034,316242,304224,620466
100,2034,316242,304224,620466
0,2034,289139,272661,561800
1,2034,289139,272661,561800
2,2034,289140,272661,561801
3,2034,289119,272764,561883
4,2034,289360,272455,561815
5,2034,290329,273837,564166
6,2034,290582,275044,565626
7,2034,290513,275001,565514
8,2034,291822,275327,567149
9,2034,292040,275205,567245
10,2034,290765,275121,565886
11,2034,291646,275629,567275
12,2034,292463,275852,568315
13,2034,293960,275907,569867
14,2034,294086,274870,568956
15,2034,297101,275906,573007
16,2034,295988,275549,571537
17,2034,299178,275915,575093
18,2034,303074,277430,580504
19,2034,305532,280384,585916
20,2034,307797,280492,588289
21,2034,309263,280395,589658
22,2034,309846,280601,590447
23,2034,310066,280601,590667
24,2034,310068,280601,590669
25,2034,310068,280601,590669
26,2034,310068,280601,590669
27,2034,310068,280601,590669
28,2034,310068,280601,590669
29,2034,310068,280601,590669
30,2034,310068,280601,590669
31,2034,310068,280601,590669
32,2034,310068,280601,590669
33,2034,310068,280601,590669
34,2034,310068,280601,590669
35,2034,310068,280601,590669
36,2034,310068,280601,590669
37,2034,310106,280601,590707
38,2034,310106,280601,590707
39,2034,310106,280601,590707
40,2034,310106,280601,590707
41,2034,310504,280601,591105
42,2034,310504,280601,591105
43,2034,310504,280601,591105
44,2034,310371,280615,590986
45,2034,310371,280615,590986
46,2034,310431,280601,591032
47,2034,310431,280601,591032
48,2034,310431,280601,591032
49,2034,310431,280601,591032
50,2034,310431,280601,591032
51,2034,310431,280601,591032
52,2034,310431,280601,591032
53,2034,310431,280601,591032
54,2034,310431,280601,591032
55,2034,310431,280601,591032
56,2034,310431,280601,591032
57,2034,310431,280601,591032
58,2034,310431,280601,591032
59,2034,310431,280601,591032
60,2034,310425,280601,591026
61,2034,310396,280601,590997
62,2034,310384,280601,590985
63,2034,310452,280601,591053
64,2034,310622,280615,591237
65,2034,310565,280615,591180
66,2034,310466,280601,591067
67,2034,310560,280601,591161
68,2034,310503,280601,591104
69,2034,310459,280601,591060
70,2034,310415,280601,591016
71,2034,310321,280601,590922
72,2034,310394,280611,591005
73,2034,310297,280601,590898
74,2034,310297,280601,590898
75,2034,310297,280601,590898
76,2034,310297,280601,590898
77,2034,310297,280601,590898
78,2034,316765,303090,619855
79,2034,316576,303067,619643
80,2034,316701,303735,620436
81,2034,316971,305349,622320
82,2034,316971,305349,622320
83,2034,316971,305349,622320
84,2034,316971,305349,622320
85,2034,316971,305349,622320
86,2034,316971,305349,622320
87,2034,316971,305349,622320
88,2034,316971,305349,622320
89,2034,316971,305349,622320
90,2034,316971,305349,622320
91,2034,316971,305349,622320
92,2034,316971,305349,622320
93,2034,316971,305349,622320
94,2034,316971,305349,622320
95,2034,316971,305349,622320
96,2034,316971,305349,622320
97,2034,316971,305349,622320
98,2034,316971,305349,622320
99,2034,316971,305349,622320
100,2034,316971,305349,622320
0,2034,290394,273022,563416
1,2034,290394,272960,563354
2,2034,290359,272960,563319
3,2034,290259,272886,563145
4,2034,290454,272808,563262
5,2034,291611,274441,566052
6,2034,290844,274238,565082
7,2034,290993,274439,565432
8,2034,292558,275788,568346
9,2034,292683,276220,568903
10,2034,290916,274282,565198
11,2034,292270,275799,568069
12,2034,292527,276121,568648
13,2034,293904,275836,569740
14,2034,293814,275619,569433
15,2034,296491,275550,572041
16,2034,296013,275404,571417
17,2034,300549,276014,576563
18,2034,303703,277256,580959
19,2034,304886,279668,584554
20,2034,307763,280642,588405
21,2034,308577,280432,589009
22,2034,309209,280601,589810
23,2034,309657,280601,590258
24,2034,309658,280601,590259
25,2034,309658,280601,590259
26,2034,309658,280601,590259
27,2034,309658,280601,590259
28,2034,309658,280601,590259
29,2034,309658,280601,590259
30,2034,309658,280601,590259
31,2034,309658,280601,590259
32,2034,309658,280601,590259
33,2034,309658,280601,590259
34,2034,309658,280601,590259
35,2034,309658,280601,590259
36,2034,309658,280601,590259
37,2034,309666,280681,590347
38,2034,309666,280681,590347
39,2034,309666,280681,590347
40,2034,309666,280681,590347
41,2034,310400,280705,591105
42,2034,310400,280705,591105
43,2034,310400,280705,591105
44,2034,310418,280719,591137
45,2034,310418,280719,591137
46,2034,310454,280719,591173
47,2034,310454,280719,591173
48,2034,310454,280719,591173
49,2034,310454,280719,591173
50,2034,310454,280719,591173
51,2034,310454,280719,591173
52,2034,310454,280719,591173
53,2034,310454,280719,591173
54,2034,310454,280719,591173
55,2034,310454,280719,591173
56,2034,310454,280719,591173
57,2034,310454,280719,591173
58,2034,310454,280719,591173
59,2034,310454,280719,591173
60,2034,310454,280719,591173
61,2034,310425,280719,591144
62,2034,310355,280719,591074
63,2034,310557,280719,591276
64,2034,310622,280709,591331
65,2034,310657,280709,591366
66,2034,310551,280719,591270
67,2034,310578,280709,591287
68,2034,310595,280719,591314
69,2034,310527,280719,591246
70,2034,310501,280719,591220
71,2034,310167,280719,590886
72,2034,310365,280719,591084
73,2034,310097,280705,590802
74,2034,310097,280705,590802
75,2034,310097,280705,590802
76,2034,310097,280705,590802
77,2034,310097,280705,590802
78,2034,316031,304649,620680
79,2034,316015,304523,620538
80,2034,316491,304884,621375
81,2034,317021,307179,624200
82,2034,317021,307179,624200
83,2034,317021,307179,624200
84,2034,317021,307179,624200
85,2034,317021,307179,624200
86,2034,317021,307179,624200
87,2034,317021,307179,624200
88,2034,317021,307179,624200
89,2034,317021,307179,624200
90,2034,317021,307179,624200
91,2034,317021,307179,624200
92,2034,317021,307179,624200
93,2034,317021,307179,624200
94,2034,317021,307179,624200
95,2034,317021,307179,624200
96,2034,317021,307179,624200
97,2034,317021,307179,624200
98,2034,317021,307179,624200
99,2034,317021,307179,624200
100,2034,317021,307179,624200
0,2034,291389,273588,564977
1,2034,291361,273588,564949
2,2034,291342,273588,564930
3,2034,290486,273473,563959
4,2034,291427,273538,564965
5,2034,292690,275544,568234
6,2034,291841,274747,566588
7,2034,291918,275199,567117
8,2034,292254,275800,568054
9,2034,291248,275379,566627
10,2034,292120,274848,566968
11,2034,292386,276244,568630
12,2034,292471,275750,568221
13,2034,293842,275635,569477
14,2034,294684,275923,570607
15,2034,295202,274951,570153
16,2034,296309,275544,571853
17,2034,300680,275961,576641
18,2034,306176,277396,583572
19,2034,304844,279082,583926
20,2034,307760,280252,588012
21,2034,308575,280608,589183
22,2034,309265,280695,589960
23,2034,309759,280695,590454
24,2034,309761,280695,590456
25,2034,309761,280695,590456
26,2034,309761,280695,590456
27,2034,309761,280695,590456
28,2034,309761,280695,590456
29,2034,309761,280695,590456
30,2034,309761,280695,590456
31,2034,309761,280695,590456
32,2034,309761,280695,590456
33,2034,309761,280695,590456
34,2034,309761,280695,590456
35,2034,309761,280695,590456
36,2034,309761,280695,590456
37,2034,309760,280695,590455
38,2034,309760,280695,590455
39,2034,309760,280695,590455
40,2034,309760,280695,590455
41,2034,310532,280719,591251
42,2034,310532,280719,591251
43,2034,310532,280719,591251
44,2034,310612,280709,591321
45,2034,310612,280709,591321
46,2034,310612,280709,591321
47,2034,310612,280709,591321
48,2034,310612,280709,591321
49,2034,310612,280709,591321
50,2034,310612,280709,591321
51,2034,310612,280709,591321
52,2034,310612,280709,591321
53,2034,310612,280709,591321
54,2034,310612,280709,591321
55,2034,310612,280709,591321
56,2034,310612,280709,591321
57,2034,310612,280709,591321
58,2034,310612,280709,591321
59,2034,310612,280709,591321
60,2034,310612,280709,591321
61,2034,310583,280709,591292
62,2034,310342,280719,591061
63,2034,310663,280709,591372
64,2034,310791,280709,591500
65,2034,310817,280709,591526
66,2034,310711,280709,591420
67,2034,310719,280709,591428
68,2034,310627,280709,591336
69,2034,310569,280709,591278
70,2034,310553,280709,591262
71,2034,310114,280719,590833
72,2034,310402,280719,591121
73,2034,310099,280695,590794
74,2034,310099,280695,590794
75,2034,310099,280695,590794
76,2034,310099,280695,590794
77,2034,310099,280695,590794
78,2034,316416,306500,622916
79,2034,316414,306851,623265
80,2034,317112,306603,623715
81,2034,320548,305311,625859
82,2034,320548,305311,625859
83,2034,320548,305311,625859
84,2034,320548,305311,625859
85,2034,320548,305311,625859
86,2034,320548,305311,625859
87,2034,320548,305311,625859
88,2034,320548,305311,625859
89,2034,320548,305311,625859
90,2034,320548,305311,625859
91,2034,320548,305311,625859
92,2034,320548,305311,625859
93,2034,320548,305311,625859
94,2034,320548,305311,625859
95,2034,320548,305311,625859
96,2034,320548,305311,625859
97,2034,320548,305311,625859
98,2034,320548,305311,625859
99,2034,320548,305311,625859
100,2034,320548,305311,625859
0,2034,266518,243541,510059
1,2034,266518,243538,510056
2,2034,266513,243538,510051
3,2034,266155,243533,509688
4,2034,267102,243712,510814
5,2034,265984,243598,509582
6,2034,265955,244292,510247
7,2034,266365,244611,510976
8,2034,268209,244438,512647
9,2034,268560,249513,518073
10,2034,292673,276157,568830
11,2034,291584,275622,567206
12,2034,268171,256591,524762
13,2034,294134,275933,570067
14,2034,277937,264612,542549
15,2034,279432,264829,544261
16,2034,296109,275747,571856
17,2034,307328,295600,602928
18,2034,308015,295239,603254
19,2034,310833,295581,606414
20,2034,310669,296081,606750
21,2034,311822,295007,606829
22,2034,311569,298919,610488
23,2034,313259,301746,615005
24,2034,315235,303650,618885
25,2034,356439,378118,734557
26,2034,445287,457245,902532
27,2034,445772,457877,903649
28,2034,445772,457877,903649
29,2034,445772,457877,903649
30,2034,445755,457964,903719
31,2034,450380,458146,908526
32,2034,470558,460664,931222
33,2034,470895,460412,931307
34,2034,477391,463686,941077
35,2034,478055,465595,943650
36,2034,479666,469676,949342
37,2034,480425,470591,951016
38,2034,481291,474292,955583
39,2034,482539,474625,957164
40,2034,484343,478939,963282
41,2034,484855,480287,965142
42,2034,484720,483169,967889
43,2034,356429,378690,735119
44,2034,356677,378690,735367
45,2034,357138,378690,735828
46,2034,356558,378690,735248
47,2034,357200,378690,735890
48,2034,357200,378690,735890
49,2034,357200,378690,735890
50,2034,357200,378690,735890
51,2034,357213,378690,735903
52,2034,356633,378690,735323
53,2034,357213,378690,735903
54,2034,357213,378690,735903
55,2034,357213,378690,735903
56,2034,320803,305956,626759
57,2034,320803,305956,626759
58,2034,320803,305956,626759
59,2034,320532,305956,626488
60,2034,320532,305956,626488
61,2034,324606,347590,672196
62,2034,324606,347590,672196
63,2034,323919,313052,636971
64,2034,317456,305956,623412
65,2034,316360,305932,622292
66,2034,320518,305956,626474
67,2034,313197,303822,617019
68,2034,282913,304602,587515
69,2034,275759,304198,579957
70,2034,275112,304198,579310
71,2034,275410,304160,579570
72,2034,269644,304606,574250
73,2034,272074,305237,577311
74,2034,269669,305237,574906
75,2034,269868,305391,575259
76,2034,272946,304615,577561
77,2034,281883,278840,560723
78,2034,308624,303161,611785
79,2034,301316,272045,573361
80,2034,302798,272157,574955
81,2034,305950,264276,570226
82,2034,310928,202690,513618
83,2034,310928,202690,513618
84,2034,310928,202780,513708
85,2034,310928,206240,517168
86,2034,310928,197748,508676
87,2034,310928,195285,506213
88,2034,310928,195285,506213
89,2034,310928,195285,506213
90,2034,310928,195285,506213
91,2034,310928,195285,506213
92,2034,310928,195285,506213
93,2034,310928,195285,506213
94,2034,310928,195285,506213
95,2034,310928,195285,506213
96,2034,310928,195285,506213
97,2034,310928,195285,506213
98,2034,310928,195285,506213
99,2034,310928,195285,506213
100,2034,310928,195285,506213
0,2034,259704,236318,496022
1,2034,259658,236507,496165
2,2034,259654,236624,496278
3,2034,259734,236424,496158
4,2034,270709,237040,507749
5,2034,261374,237435,498809
6,2034,265327,243356,508683
7,2034,265439,240753,506192
8,2034,276720,243433,520153
9,2034,269796,269213,539009
10,2034,292887,275888,568775
11,2034,291394,275586,566980
12,2034,292113,275971,568084
13,2034,294140,275978,570118
14,2034,292830,276182,569012
15,2034,283032,273102,556134
16,2034,278267,265066,543333
17,2034,314557,299933,614490
18,2034,310680,300840,611520
19,2034,311778,302210,613988
20,2034,311278,294968,606246
21,2034,312971,293899,606870
22,2034,313467,304654,618121
23,2034,315117,301229,616346
24,2034,315854,303112,618966
25,2034,361548,380613,742161
26,2034,365256,402172,767428
27,2034,372945,402852,775797
28,2034,471786,459144,930930
29,2034,471685,459144,930829
30,2034,474902,463048,937950
31,2034,470758,459660,930418
32,2034,472947,462074,935021
33,2034,472180,463598,935778
34,2034,475184,463970,939154
35,2034,476680,465745,942425
36,2034,481679,472721,954400
37,2034,481674,473487,955161
38,2034,482715,475630,958345
39,2034,483880,475935,959815
40,2034,486139,479358,965497
41,2034,486402,481143,967545
42,2034,486564,484385,970949
43,2034,485085,483993,969078
44,2034,362514,380902,743416
45,2034,361908,381134,743042
46,2034,361908,381135,743043
47,2034,361966,381134,743100
48,2034,361966,381134,743100
49,2034,361966,381134,743100
50,2034,361966,381134,743100
51,2034,361966,381134,743100
52,2034,361966,381135,743101
53,2034,361966,381134,743100
54,2034,462131,470353,932484
55,2034,362045,381134,743179
56,2034,357116,378684,735800
57,2034,321506,306964,628470
58,2034,322508,305348,627856
59,2034,319164,305750,624914
60,2034,319164,305494,624658
61,2034,307346,313135,620481
62,2034,321770,331235,653005
63,2034,345596,373372,718968
64,2034,322628,305343,627971
65,2034,320510,307394,627904
66,2034,284548,305739,590287
67,2034,319357,307275,626632
68,2034,284774,306869,591643
69,2034,270437,306578,577015
70,2034,268362,306578,574940
71,2034,267356,306792,574148
72,2034,267595,306629,574224
73,2034,266856,305683,572539
74,2034,267081,305980,573061
75,2034,266923,305821,572744
76,2034,267636,305318,572954
77,2034,268961,306663,575624
78,2034,319420,308959,628379
79,2034,308434,244244,552678
80,2034,308241,244244,552485
81,2034,308731,227049,535780
82,2034,309269,200618,509887
83,2034,309269,200618,509887
84,2034,309269,200618,509887
85,2034,309269,201495,510764
86,2034,309269,195178,504447
87,2034,309269,193070,502339
88,2034,309269,193070,502339
89,2034,309269,193070,502339
90,2034,309269,193070,502339
91,2034,310203,193070,503273
92,2034,310203,193070,503273
93,2034,310203,193070,503273
94,2034,310203,193070,503273
95,2034,310203,193070,503273
96,2034,310203,193070,503273
97,2034,310203,193070,503273
98,2034,310203,193070,503273
99,2034,310203,193070,503273
100,2034,310203,193070,503273
0,2034,282739,273802,556541
1,2034,256720,242247,498967
2,2034,264484,237168,501652
3,2034,264452,236746,501198
4,2034,263849,236921,500770
5,2034,264233,243270,507503
6,2034,264610,244476,509086
7,2034,269960,244833,514793
8,2034,259924,244989,504913
9,2034,266216,245312,511528
10,2034,268645,243879,512524
11,2034,271062,254062,525124
12,2034,293615,279557,573172
13,2034,294026,275489,569515
14,2034,296006,283052,579058
15,2034,294311,283951,578262
16,2034,283023,273243,556266
17,2034,302344,295619,597963
18,2034,310864,295326,606190
19,2034,311337,294748,606085
20,2034,309573,292724,602297
21,2034,310760,294120,604880
22,2034,311772,292933,604705
23,2034,314478,301667,616145
24,2034,314170,302449,616619
25,2034,304214,319049,623263
26,2034,327764,360558,688322
27,2034,355282,371474,726756
28,2034,361180,371672,732852
29,2034,477102,464340,941442
30,2034,478249,464038,942287
31,2034,477581,464227,941808
32,2034,476765,463321,940086
33,2034,476258,464296,940554
34,2034,477061,464645,941706
35,2034,479019,467219,946238
36,2034,482317,474669,956986
37,2034,482394,474951,957345
38,2034,483851,477343,961194
39,2034,485419,476761,962180
40,2034,486376,481087,967463
41,2034,486409,482936,969345
42,2034,486763,485974,972737
43,2034,486582,485354,971936
44,2034,485138,484241,969379
45,2034,424290,426508,850798
46,2034,357821,369971,727792
47,2034,330029,351885,681914
48,2034,320065,328885,648950
49,2034,314973,320874,635847
50,2034,314966,320934,635900
51,2034,309178,319170,628348
52,2034,313738,323321,637059
53,2034,313738,323321,637059
54,2034,363695,371454,735149
55,2034,341711,366209,707920
56,2034,361838,380902,742740
57,2034,356157,378431,734588
58,2034,321455,306770,628225
59,2034,316600,307274,623874
60,2034,316939,306862,623801
61,2034,317100,321847,638947
62,2034,302266,317802,620068
63,2034,306134,316152,622286
64,2034,324307,324759,649066
65,2034,322747,306995,629742
66,2034,318995,306719,625714
67,2034,285949,307764,593713
68,2034,318296,307833,626129
69,2034,269415,307297,576712
70,2034,267680,307310,574990
71,2034,266773,306994,573767
72,2034,266446,310266,576712
73,2034,265964,308620,574584
74,2034,266123,305937,572060
75,2034,265952,305570,571522
76,2034,268869,303831,572700
77,2034,264651,304111,568762
78,2034,289604,307111,596715
79,2034,282256,245166,527422
80,2034,283109,245166,528275
81,2034,282307,238029,520336
82,2034,282119,226402,508521
83,2034,282119,200874,482993
84,2034,282119,200874,482993
85,2034,282119,201929,484048
86,2034,282119,195188,477307
87,2034,282119,192711,474830
88,2034,282119,192711,474830
89,2034,282119,192711,474830
90,2034,282119,192711,474830
91,2034,282308,192711,475019
92,2034,282308,192711,475019
93,2034,282308,192711,475019
94,2034,282308,192711,475019
95,2034,282308,192711,475019
96,2034,282308,192711,475019
97,2034,282308,192711,475019
98,2034,282308,192711,475019
99,2034,282308,192711,475019
100,2034,282308,192711,475019
0,2034,279955,267198,547153
1,2034,279289,268344,547633
2,2034,268191,252301,520492
3,2034,268185,252268,520453
4,2034,270229,252272,522501
5,2034,266844,249335,516179
6,2034,262588,245400,507988
7,2034,264706,245418,510124
8,2034,242387,245568,487955
9,2034,251453,243949,495402
10,2034,267492,239564,507056
11,2034,284134,269757,553891
12,2034,270276,263261,533537
13,2034,294266,275732,569998
14,2034,290748,273038,563786
15,2034,295647,276230,571877
16,2034,296468,293908,590376
17,2034,282731,267934,550665
18,2034,308455,296472,604927
19,2034,308663,291492,600155
20,2034,311577,297903,609480
21,2034,308497,290886,599383
22,2034,310029,291878,601907
23,2034,314816,301896,616712
24,2034,316101,303073,619174
25,2034,322241,324623,646864
26,2034,312697,324464,637161
27,2034,317172,331033,648205
28,2034,332465,367880,700345
29,2034,365519,376877,742396
30,2034,470769,461519,932288
31,2034,470717,460997,931714
32,2034,439053,444338,883391
33,2034,461709,462267,923976
34,2034,437183,441052,878235
35,2034,437402,441186,878588
36,2034,468885,469143,938028
37,2034,469695,470129,939824
38,2034,471750,474589,946339
39,2034,472839,475114,947953
40,2034,476869,479983,956852
41,2034,477053,483040,960093
42,2034,478659,485368,964027
43,2034,486603,489343,975946
44,2034,486647,485827,972474
45,2034,485138,483993,969131
46,2034,399584,410246,809830
47,2034,356859,386478,743337
48,2034,352850,379295,732145
49,2034,348456,375410,723866
50,2034,323615,352919,676534
51,2034,331651,368833,700484
52,2034,324500,340643,665143
53,2034,330919,367732,698651
54,2034,303526,325158,628684
55,2034,306712,327069,633781
56,2034,312768,318919,631687
57,2034,361560,379781,741341
58,2034,357099,377630,734729
59,2034,321824,306440,628264
60,2034,321747,306766,628513
61,2034,327136,320470,647606
62,2034,322708,325325,648033
63,2034,322159,322075,644234
64,2034,311932,313271,625203
65,2034,316777,310364,627141
66,2034,322824,306156,628980
67,2034,320766,306746,627512
68,2034,284135,307474,591609
69,2034,285500,313745,599245
70,2034,267586,311541,579127
71,2034,266163,310031,576194
72,2034,268265,308352,576617
73,2034,266007,310415,576422
74,2034,264694,305265,569959
75,2034,265627,306247,571874
76,2034,265117,304925,570042
77,2034,277706,305840,583546
78,2034,297700,306086,603786
79,2034,280418,244928,525346
80,2034,281241,244789,526030
81,2034,291284,237263,528547
82,2034,245374,226022,471396
83,2034,243213,200954,444167
84,2034,243213,200954,444167
85,2034,244880,201762,446642
86,2034,241612,195188,436800
87,2034,241008,192646,433654
88,2034,241008,192646,433654
89,2034,241008,192646,433654
90,2034,241008,192646,433654
91,2034,241642,192646,434288
92,2034,241642,192646,434288
93,2034,241642,192646,434288
94,2034,241642,192646,434288
95,2034,241642,192646,434288
96,2034,241642,192646,434288
97,2034,241642,192646,434288
98,2034,241642,192646,434288
99,2034,241642,192646,434288
100,2034,241642,192646,434288
0,2034,279780,268805,548585
1,2034,279596,268509,548105
2,2034,282085,269120,551205
3,2034,281574,269069,550643
4,2034,272142,269980,542122
5,2034,281594,268475,550069
6,2034,281670,268534,550204
7,2034,271126,260289,531415
8,2034,268221,253599,521820
9,2034,271041,262113,533154
10,2034,266301,246920,513221
11,2034,283212,275123,558335
12,2034,274672,259087,533759
13,2034,294257,276050,570307
14,2034,293929,275979,569908
15,2034,296419,273297,569716
16,2034,297679,293995,591674
17,2034,303277,307582,610859
18,2034,300995,291498,592493
19,2034,309928,290260,600188
20,2034,310841,292842,603683
21,2034,305650,291922,597572
22,2034,306418,290658,597076
23,2034,311825,298593,610418
24,2034,311593,299651,611244
25,2034,325760,315035,640795
26,2034,329730,323530,653260
27,2034,330701,322251,652952
28,2034,334594,323759,658353
29,2034,338022,334954,672976
30,2034,353060,337632,690692
31,2034,367057,363511,730568
32,2034,373063,368372,741435
33,2034,367106,363757,730863
34,2034,375524,368066,743590
35,2034,468491,465135,933626
36,2034,466775,467358,934133
37,2034,467358,467480,934838
38,2034,471596,472054,943650
39,2034,473640,474975,948615
40,2034,475075,477631,952706
41,2034,475204,476763,951967
42,2034,481213,478779,959992
43,2034,478420,488147,966567
44,2034,486705,490099,976804
45,2034,486656,485574,972230
46,2034,485138,484432,969570
47,2034,484802,485972,970774
48,2034,409004,413091,822095
49,2034,409005,413076,822081
50,2034,388171,398105,786276
51,2034,388169,398002,786171
52,2034,387161,397992,785153
53,2034,382015,397728,779743
54,2034,372180,386526,758706
55,2034,367046,391126,758172
56,2034,327117,343368,670485
57,2034,313988,320637,634625
58,2034,363321,388886,752207
59,2034,359891,381578,741469
60,2034,357444,380001,737445
61,2034,329568,311613,641181
62,2034,332728,322177,654905
63,2034,330698,320149,650847
64,2034,327475,322143,649618
65,2034,325705,311364,637069
66,2034,320950,310998,631948
67,2034,324312,313511,637823
68,2034,319818,339707,659525
69,2034,283014,329729,612743
70,2034,268252,333758,602010
71,2034,268860,333959,602819
72,2034,268157,332563,600720
73,2034,267263,333595,600858
74,2034,267443,333439,600882
75,2034,269564,333903,603467
76,2034,267384,334210,601594
77,2034,267820,331677,599497
78,2034,269231,310974,580205
79,2034,249346,255493,504839
80,2034,249869,254142,504011
81,2034,242632,238150,480782
82,2034,230518,226321,456839
83,2034,222395,215411,437806
84,2034,222144,200907,423051
85,2034,222608,201757,424365
86,2034,221146,195188,416334
87,2034,221055,192646,413701
88,2034,221055,192646,413701
89,2034,221055,192646,413701
90,2034,221055,192646,413701
91,2034,221114,192646,413760
92,2034,221114,192646,413760
93,2034,221114,192646,413760
94,2034,221114,192646,413760
95,2034,221114,192646,413760
96,2034,221114,192646,413760
97,2034,221114,192646,413760
98,2034,221114,192646,413760
99,2034,221114,192646,413760
100,2034,221114,192646,413760
0,2034,283419,273912,557331
1,2034,279918,268665,548583
2,2034,279608,268543,548151
3,2034,279523,268543,548066
4,2034,280488,268585,549073
5,2034,279678,268332,548010
6,2034,279474,268391,547865
7,2034,282557,268868,551425
8,2034,282439,268493,550932
9,2034,271374,255326,526700
10,2034,282529,269274,551803
11,2034,265834,246155,511989
12,2034,283185,275029,558214
13,2034,269273,263970,533243
14,2034,296534,277021,573555
15,2034,294719,275370,570089
16,2034,310735,321181,631916
17,2034,307730,294373,602103
18,2034,302952,291318,594270
19,2034,311431,295635,607066
20,2034,309025,291388,600413
21,2034,313261,298513,611774
22,2034,310292,293492,603784
23,2034,311405,299237,610642
24,2034,312782,300746,613528
25,2034,322568,318740,641308
26,2034,328358,317222,645580
27,2034,330215,320292,650507
28,2034,329766,321179,650945
29,2034,334287,325898,660185
30,2034,337959,335137,673096
31,2034,346760,342657,689417
32,2034,363613,360546,724159
33,2034,373234,385636,758870
34,2034,363730,360957,724687
35,2034,386515,385889,772404
36,2034,380705,369513,750218
37,2034,463334,467245,930579
38,2034,467785,469727,937512
39,2034,469987,473483,943470
40,2034,472299,475263,947562
41,2034,472460,474789,947249
42,2034,472540,474668,947208
43,2034,475222,479243,954465
44,2034,478376,489504,967880
45,2034,487791,492466,980257
46,2034,486647,486299,972946
47,2034,486617,487050,973667
48,2034,485117,486524,971641
49,2034,466759,477069,943828
50,2034,439914,457340,897254
51,2034,439914,457340,897254
52,2034,434336,451423,885759
53,2034,416865,425829,842694
54,2034,366032,372549,738581
55,2034,369181,397344,766525
56,2034,345284,384846,730130
57,2034,327206,343259,670465
58,2034,319549,321240,640789
59,2034,365342,389849,755191
60,2034,363489,389029,752518
61,2034,360988,379220,740208
62,2034,328317,325608,653925
63,2034,328288,323110,651398
64,2034,329553,345128,674681
65,2034,327582,311804,639386
66,2034,312305,320331,632636
67,2034,326374,316788,643162
68,2034,307366,316166,623532
69,2034,299467,338414,637881
70,2034,270096,319751,589847
71,2034,268996,317859,586855
72,2034,269559,318996,588555
73,2034,269772,318422,588194
74,2034,268072,318918,586990
75,2034,270433,318408,588841
76,2034,262673,317627,580300
77,2034,262348,316524,578872
78,2034,265995,316822,582817
79,2034,242477,298398,540875
80,2034,240288,253684,493972
81,2034,231115,238578,469693
82,2034,222597,227497,450094
83,2034,217667,215474,433141
84,2034,217305,200907,418212
85,2034,217319,201946,419265
86,2034,215492,195188,410680
87,2034,214637,192646,407283
88,2034,214637,192646,407283
89,2034,214637,192646,407283
90,2034,214637,192646,407283
91,2034,215022,192646,407668
92,2034,215022,192646,407668
93,2034,215022,192646,407668
94,2034,215022,192646,407668
95,2034,215022,192646,407668
96,2034,215022,192646,407668
97,2034,215022,192646,407668
98,2034,215022,192646,407668
99,2034,215022,192646,407668
100,2034,215022,192646,407668
0,2034,291419,274599,566018
1,2034,283397,274271,557668
2,2034,280168,269427,549595
3,2034,280243,268872,549115
4,2034,282387,269587,551974
5,2034,279948,268973,548921
6,2034,279800,269380,549180
7,2034,279792,269388,549180
8,2034,279672,268389,548061
9,2034,281310,268488,549798
10,2034,280397,268462,548859
11,2034,285433,273131,558564
12,2034,283441,273195,556636
13,2034,284562,272820,557382
14,2034,293539,275166,568705
15,2034,299197,303733,602930
16,2034,316409,317192,633601
17,2034,310627,297523,608150
18,2034,303793,293337,597130
19,2034,313236,296481,609717
20,2034,308501,292144,600645
21,2034,312930,296102,609032
22,2034,312666,294718,607384
23,2034,315147,302218,617365
24,2034,314593,300365,614958
25,2034,321346,311802,633148
26,2034,324442,315309,639751
27,2034,329087,313863,642950
28,2034,329520,317051,646571
29,2034,331927,320218,652145
30,2034,334190,324813,659003
31,2034,343203,335463,678666
32,2034,347727,342780,690507
33,2034,408327,414743,823070
34,2034,474625,464034,938659
35,2034,434553,441370,875923
36,2034,465431,469040,934471
37,2034,385759,383283,769042
38,2034,464183,468687,932870
39,2034,462093,467906,929999
40,2034,472615,474018,946633
41,2034,472857,473733,946590
42,2034,472483,476495,948978
43,2034,473164,476322,949486
44,2034,475990,479328,955318
45,2034,478718,492381,971099
46,2034,486704,490009,976713
47,2034,486902,490853,977755
48,2034,486613,487561,974174
49,2034,486962,488428,975390
50,2034,485055,486375,971430
51,2034,396569,410080,806649
52,2034,397719,410539,808258
53,2034,407285,413779,821064
54,2034,387267,399986,787253
55,2034,385864,405989,791853
56,2034,363843,380535,744378
57,2034,345356,385819,731175
58,2034,327088,331746,658834
59,2034,311240,320832,632072
60,2034,364673,392548,757221
61,2034,369781,391715,761496
62,2034,360812,379503,740315
63,2034,328497,315392,643889
64,2034,329876,329466,659342
65,2034,327196,311667,638863
66,2034,327800,315601,643401
67,2034,318855,322160,641015
68,2034,318080,320958,639038
69,2034,288297,318533,606830
70,2034,301086,336125,637211
71,2034,275064,322566,597630
72,2034,271729,318608,590337
73,2034,271892,319877,591769
74,2034,271054,315762,586816
75,2034,271020,317613,588633
76,2034,271829,316919,588748
77,2034,269788,311759,581547
78,2034,269662,323884,593546
79,2034,233638,279694,513332
80,2034,230911,255992,486903
81,2034,223316,238173,461489
82,2034,215701,228028,443729
83,2034,213560,215970,429530
84,2034,212742,200907,413649
85,2034,212719,201757,414476
86,2034,213682,195188,408870
87,2034,213699,192646,406345
88,2034,213699,192646,406345
89,2034,213699,192646,406345
90,2034,213699,192646,406345
91,2034,213699,192646,406345
92,2034,213699,192646,406345
93,2034,213699,192646,406345
94,2034,213699,192646,406345
95,2034,213699,192646,406345
96,2034,213699,192646,406345
97,2034,213699,192646,406345
98,2034,213699,192646,406345
99,2034,213699,192646,406345
100,2034,213699,192646,406345
0,2034,291752,274506,566258
1,2034,291776,275232,567008
2,2034,291377,274934,566311
3,2034,291807,274943,566750
4,2034,291341,274791,566132
5,2034,283430,274024,557454
6,2034,283333,273202,556535
7,2034,281935,270455,552390
8,2034,277721,269419,547140
9,2034,283058,271532,554590
10,2034,280016,269425,549441
11,2034,283347,275539,558886
12,2034,282349,269295,551644
13,2034,283608,276090,559698
14,2034,272160,264230,536390
15,2034,291732,304925,596657
16,2034,311650,322212,633862
17,2034,316494,322749,639243
18,2034,306635,297402,604037
19,2034,316415,299939,616354
20,2034,311310,291855,603165
21,2034,310301,292997,603298
22,2034,311389,295352,606741
23,2034,312690,296264,608954
24,2034,313223,301188,614411
25,2034,314973,300787,615760
26,2034,324695,316231,640926
27,2034,325331,312484,637815
28,2034,329211,313044,642255
29,2034,329898,319890,649788
30,2034,329135,321378,650513
31,2034,341069,333678,674747
32,2034,343316,337219,680535
33,2034,350995,340022,691017
34,2034,406267,409268,815535
35,2034,426732,432793,859525
36,2034,457647,461814,919461
37,2034,460798,464493,925291
38,2034,457502,463944,921446
39,2034,456766,463042,919808
40,2034,469278,471036,940314
41,2034,465652,467144,932796
42,2034,469697,471432,941129
43,2034,472600,476693,949293
44,2034,473218,477187,950405
45,2034,480441,479291,959732
46,2034,478132,490049,968181
47,2034,478551,489644,968195
48,2034,486628,491067,977695
49,2034,488749,491405,980154
50,2034,488413,491769,980182
51,2034,486709,491812,978521
52,2034,467782,478149,945931
53,2034,427544,442773,870317
54,2034,408084,413357,821441
55,2034,400413,413564,813977
56,2034,377978,394668,772646
57,2034,363743,384330,748073
58,2034,343775,385039,728814
59,2034,326932,328929,655861
60,2034,305189,363764,668953
61,2034,375803,402398,778201
62,2034,372531,393982,766513
63,2034,360440,379493,739933
64,2034,326750,327030,653780
65,2034,327969,313252,641221
66,2034,329120,335728,664848
67,2034,327901,317906,645807
68,2034,323583,320375,643958
69,2034,316605,322915,639520
70,2034,293740,320283,614023
71,2034,283236,338042,621278
72,2034,269981,332069,602050
73,2034,269256,333669,602925
74,2034,269590,327879,597469
75,2034,269985,324975,594960
76,2034,269997,323447,593444
77,2034,269648,329717,599365
78,2034,267888,315532,583420
79,2034,239901,309638,549539
80,2034,231774,299301,531075
81,2034,216831,251790,468621
82,2034,214467,227752,442219
83,2034,215205,214161,429366
84,2034,214996,201080,416076
85,2034,214892,201930,416822
86,2034,214996,195270,410266
87,2034,214966,192727,407693
88,2034,214966,192727,407693
89,2034,214966,192727,407693
90,2034,214966,192727,407693
91,2034,214966,192727,407693
92,2034,214966,192727,407693
93,2034,214966,192727,407693
94,2034,214966,192727,407693
95,2034,214966,192727,407693
96,2034,214966,192727,407693
97,2034,214966,192727,407693
98,2034,214966,192727,407693
99,2034,214966,192727,407693
100,2034,214966,192727,407693
0,2034,270889,255124,526013
1,2034,291770,274681,566451
2,2034,291831,275438,567269
3,2034,292075,274885,566960
4,2034,291995,274245,566240
5,2034,291816,274927,566743
6,2034,283070,273737,556807
7,2034,283881,274352,558233
8,2034,283053,272973,556026
9,2034,289177,270785,559962
10,2034,283022,272351,555373
11,2034,280611,268283,548894
12,2034,283554,274423,557977
13,2034,283071,272491,555562
14,2034,283810,272861,556671
15,2034,289440,296378,585818
16,2034,313270,320271,633541
17,2034,312806,311787,624593
18,2034,303863,298419,602282
19,2034,315568,308286,623854
20,2034,309841,291562,601403
21,2034,312928,295474,608402
22,2034,311711,299170,610881
23,2034,313262,300518,613780
24,2034,311611,298737,610348
25,2034,311860,296647,608507
26,2034,324496,315636,640132
27,2034,324108,310842,634950
28,2034,327953,315108,643061
29,2034,329383,319329,648712
30,2034,330876,324164,655040
31,2034,328859,322947,651806
32,2034,337496,334111,671607
33,2034,336617,378553,715170
34,2034,361911,379880,741791
35,2034,364619,361634,726253
36,2034,436901,442626,879527
37,2034,458950,462419,921369
38,2034,457639,464613,922252
39,2034,459157,464337,923494
40,2034,462715,465492,928207
41,2034,462995,466201,929196
42,2034,470037,472750,942787
43,2034,470087,471931,942018
44,2034,472853,476526,949379
45,2034,472862,477044,949906
46,2034,475110,478442,953552
47,2034,482200,479847,962047
48,2034,479035,492703,971738
49,2034,487259,496286,983545
50,2034,485593,491723,977316
51,2034,484926,489222,974148
52,2034,486966,491801,978767
53,2034,484210,486532,970742
54,2034,443939,460442,904381
55,2034,426410,443189,869599
56,2034,408331,413641,821972
57,2034,377984,395445,773429
58,2034,364033,385394,749427
59,2034,347550,386219,733769
60,2034,323715,368407,692122
61,2034,305960,354577,660537
62,2034,378637,403359,781996
63,2034,368423,389918,758341
64,2034,357917,382092,740009
65,2034,328301,336050,664351
66,2034,328425,317387,645812
67,2034,328958,316336,645294
68,2034,328431,316606,645037
69,2034,326502,322284,648786
70,2034,304348,325884,630232
71,2034,303144,348700,651844
72,2034,271663,340863,612526
73,2034,273873,318767,592640
74,2034,272250,318855,591105
75,2034,272843,321418,594261
76,2034,275108,316375,591483
77,2034,269704,323287,592991
78,2034,272248,314683,586931
79,2034,246266,304408,550674
80,2034,225176,280324,505500
81,2034,216867,254178,471045
82,2034,215349,238713,454062
83,2034,215356,227316,442672
84,2034,215028,201080,416108
85,2034,215028,201930,416958
86,2034,215028,195270,410298
87,2034,215028,192727,407755
88,2034,215028,192727,407755
89,2034,215028,192727,407755
90,2034,215028,192727,407755
91,2034,215025,192727,407752
92,2034,215025,192727,407752
93,2034,215025,192727,407752
94,2034,215025,192727,407752
95,2034,215025,192727,407752
96,2034,215025,192727,407752
97,2034,215025,192727,407752
98,2034,215025,192727,407752
99,2034,215025,192727,407752
100,2034,215025,192727,407752
0,2034,270717,254635,525352
1,2034,271392,255082,526474
2,2034,291754,274638,566392
3,2034,291968,274810,566778
4,2034,292108,275046,567154
5,2034,291965,274344,566309
6,2034,291847,274098,565945
7,2034,291468,274205,565673
8,2034,283055,273848,556903
9,2034,291807,274580,566387
10,2034,292036,275538,567574
11,2034,291984,275801,567785
12,2034,292830,276174,569004
13,2034,293946,276298,570244
14,2034,294043,298532,592575
15,2034,291866,273456,565322
16,2034,314253,321696,635949
17,2034,316876,306967,623843
18,2034,306685,294756,601441
19,2034,314162,313322,627484
20,2034,304177,293070,597247
21,2034,311956,294193,606149
22,2034,312167,294912,607079
23,2034,310051,291026,601077
24,2034,309688,294579,604267
25,2034,310840,299824,610664
26,2034,320555,306638,627193
27,2034,323396,303428,626824
28,2034,328183,314926,643109
29,2034,329949,317541,647490
30,2034,329682,319741,649423
31,2034,328943,321682,650625
32,2034,328342,322204,650546
33,2034,341649,335537,677186
34,2034,338762,344964,683726
35,2034,351913,351656,703569
36,2034,379579,380030,759609
37,2034,368344,366449,734793
38,2034,457051,464577,921628
39,2034,457308,465016,922324
40,2034,458541,462687,921228
41,2034,457882,463467,921349
42,2034,457645,465218,922863
43,2034,461553,467654,929207
44,2034,470062,472036,942098
45,2034,472071,473739,945810
46,2034,472766,476129,948895
47,2034,472526,478404,950930
48,2034,474993,480808,955801
49,2034,479983,491879,971862
50,2034,479506,492152,971658
51,2034,485313,494183,979496
52,2034,487722,494260,981982
53,2034,487771,491213,978984
54,2034,485165,487363,972528
55,2034,462382,471691,934073
56,2034,429142,443674,872816
57,2034,408242,413484,821726
58,2034,379111,397420,776531
59,2034,364186,380799,744985
60,2034,364896,387575,752471
61,2034,324021,368680,692701
62,2034,306062,349492,655554
63,2034,376043,393754,769797
64,2034,373228,395441,768669
65,2034,334247,368477,702724
66,2034,327334,346177,673511
67,2034,328633,315635,644268
68,2034,328601,316717,645318
69,2034,328305,320892,649197
70,2034,303631,321549,625180
71,2034,285473,317568,603041
72,2034,299183,333418,632601
73,2034,275771,333015,608786
74,2034,271676,317754,589430
75,2034,270819,322223,593042
76,2034,270870,318812,589682
77,2034,268879,319435,588314
78,2034,272509,321253,593762
79,2034,244308,310660,554968
80,2034,236236,304134,540370
81,2034,217037,256601,473638
82,2034,215584,238514,454098
83,2034,215547,228541,444088
84,2034,215089,203087,418176
85,2034,215089,204138,419227
86,2034,215089,195270,410359
87,2034,215104,192727,407831
88,2034,215104,192727,407831
89,2034,214801,192727,407528
90,2034,215086,192727,407813
91,2034,215063,192727,407790
92,2034,215063,192727,407790
93,2034,214777,192727,407504
94,2034,214777,192727,407504
95,2034,214777,192727,407504
96,2034,214777,192727,407504
97,2034,214777,192727,407504
98,2034,214777,192727,407504
99,2034,214777,192727,407504
100,2034,214777,192727,407504
0,2034,270081,238196,508277
1,2034,284100,270144,554244
2,2034,271420,256097,527517
3,2034,292483,276836,569319
4,2034,292554,276599,569153
5,2034,292516,275089,567605
6,2034,292576,275295,567871
7,2034,292270,275236,567506
8,2034,291869,274351,566220
9,2034,280791,272137,552928
10,2034,291760,274608,566368
11,2034,292509,277074,569583
12,2034,293676,275516,569192
13,2034,295849,276905,572754
14,2034,297528,275938,573466
15,2034,296469,276009,572478
16,2034,302504,285358,587862
17,2034,303785,295987,599772
18,2034,303406,277025,580431
19,2034,314806,338560,653366
20,2034,313524,299470,612994
21,2034,307205,291938,599143
22,2034,311965,297339,609304
23,2034,312936,301121,614057
24,2034,312961,296806,609767
25,2034,311421,296405,607826
26,2034,315473,299360,614833
27,2034,319856,302047,621903
28,2034,326170,313197,639367
29,2034,329110,316339,645449
30,2034,330251,316748,646999
31,2034,330350,320630,650980
32,2034,328897,319759,648656
33,2034,330081,326265,656346
34,2034,342886,333780,676666
35,2034,346168,343223,689391
36,2034,363096,353580,716676
37,2034,361935,368317,730252
38,2034,383976,379290,763266
39,2034,459169,465137,924306
40,2034,458526,463085,921611
41,2034,404964,403640,808604
42,2034,457629,465754,923383
43,2034,457994,465381,923375
44,2034,461363,465932,927295
45,2034,466856,468290,935146
46,2034,469504,474496,944000
47,2034,472687,478130,950817
48,2034,472834,477937,950771
49,2034,479862,481790,961652
50,2034,480360,479585,959945
51,2034,477675,493695,971370
52,2034,484883,493266,978149
53,2034,489053,500030,989083
54,2034,487856,491331,979187
55,2034,486043,487990,974033
56,2034,447421,461753,909174
57,2034,431056,448813,879869
58,2034,386960,406133,793093
59,2034,377628,397217,774845
60,2034,365083,369916,734999
61,2034,364304,384149,748453
62,2034,327156,372120,699276
63,2034,304602,341052,645654
64,2034,376788,402612,779400
65,2034,361339,382065,743404
66,2034,335310,369004,704314
67,2034,327807,332811,660618
68,2034,328591,313810,642401
69,2034,324734,318790,643524
70,2034,328054,319850,647904
71,2034,315258,320060,635318
72,2034,279095,316920,596015
73,2034,284454,323073,607527
74,2034,271097,328749,599846
75,2034,285381,324417,609798
76,2034,270127,321292,591419
77,2034,270393,311780,582173
78,2034,274061,326450,600511
79,2034,255346,309521,564867
80,2034,240059,300824,540883
81,2034,224555,299990,524545
82,2034,216572,250569,467141
83,2034,215532,228687,444219
84,2034,215359,218045,433404
85,2034,215162,206876,422038
86,2034,215089,195270,410359
87,2034,214841,192727,407568
88,2034,214841,192727,407568
89,2034,214838,192727,407565
90,2034,214838,192727,407565
91,2034,214509,192727,407236
92,2034,214838,192727,407565
93,2034,214509,192727,407236
94,2034,214509,192691,407200
95,2034,214509,192691,407200
96,2034,214509,192691,407200
97,2034,214509,192691,407200
98,2034,214509,192691,407200
99,2034,214509,192691,407200
100,2034,214509,192691,407200
0,2034,248490,223088,471578
1,2034,269228,243755,512983
2,2034,283132,269961,553093
3,2034,268932,250489,519421
4,2034,292183,275537,567720
5,2034,293054,276564,569618
6,2034,292412,274799,567211
7,2034,292536,274735,567271
8,2034,292509,275281,567790
9,2034,292428,275404,567832
10,2034,292512,275212,567724
11,2034,288281,272481,560762
12,2034,294532,275476,570008
13,2034,292583,274242,566825
14,2034,293687,274126,567813
15,2034,294526,276132,570658
16,2034,303508,278097,581605
17,2034,303287,277899,581186
18,2034,303638,277484,581122
19,2034,306822,331643,638465
20,2034,309320,292778,602098
21,2034,307462,312961,620423
22,2034,312469,298705,611174
23,2034,313662,299681,613343
24,2034,318112,304953,623065
25,2034,314519,303476,617995
26,2034,314195,296872,611067
27,2034,315739,300710,616449
28,2034,325347,310069,635416
29,2034,328858,316645,645503
30,2034,328523,313177,641700
31,2034,329907,317465,647372
32,2034,331288,321588,652876
33,2034,329492,322653,652145
34,2034,334513,323987,658500
35,2034,340996,334163,675159
36,2034,347082,341801,688883
37,2034,357878,353694,711572
38,2034,364775,364062,728837
39,2034,458230,464651,922881
40,2034,457129,469311,926440
41,2034,459901,474124,934025
42,2034,456336,470043,926379
43,2034,457768,466767,924535
44,2034,457102,466983,924085
45,2034,463145,469684,932829
46,2034,470585,472174,942759
47,2034,469607,471839,941446
48,2034,472353,477865,950218
49,2034,472615,479007,951622
50,2034,472382,478946,951328
51,2034,473962,481109,955071
52,2034,479225,491338,970563
53,2034,478478,493580,972058
54,2034,486275,494783,981058
55,2034,488921,493844,982765
56,2034,485807,487119,972926
57,2034,452930,467894,920824
58,2034,426577,442443,869020
59,2034,384982,406122,791104
60,2034,381854,399534,781388
61,2034,364360,370826,735186
62,2034,363763,374755,738518
63,2034,323292,370505,693797
64,2034,321478,364076,685554
65,2034,375874,393031,768905
66,2034,361986,381826,743812
67,2034,328118,329619,657737
68,2034,328089,345586,673675
69,2034,327286,319013,646299
70,2034,326547,318864,645411
71,2034,327819,322845,650664
72,2034,277977,321039,599016
73,2034,280508,316237,596745
74,2034,284620,320027,604647
75,2034,272008,323344,595352
76,2034,271421,330420,601841
77,2034,268580,318053,586633
78,2034,271603,326395,597998
79,2034,258848,319207,578055
80,2034,240954,300827,541781
81,2034,220970,275472,496442
82,2034,217064,250298,467362
83,2034,215532,228172,443704
84,2034,215396,225797,441193
85,2034,215089,204200,419289
86,2034,215089,195270,410359
87,2034,215086,192727,407813
88,2034,215086,192727,407813
89,2034,214777,192727,407504
90,2034,214777,192727,407504
91,2034,214796,192691,407487
92,2034,214796,192691,407487
93,2034,214796,192691,407487
94,2034,214331,192626,406957
95,2034,214239,192586,406825
96,2034,214239,192586,406825
97,2034,214239,192586,406825
98,2034,214239,192586,406825
99,2034,214239,192586,406825
100,2034,214239,192586,406825
0,2034,236065,203472,439537
1,2034,256215,234965,491180
2,2034,268045,243807,511852
3,2034,283682,269662,553344
4,2034,269691,243783,513474
5,2034,270124,261965,532089
6,2034,292863,276508,569371
7,2034,292691,276563,569254
8,2034,292522,274998,567520
9,2034,292853,276783,569636
10,2034,291684,276111,567795
11,2034,292942,276659,569601
12,2034,293670,275991,569661
13,2034,294032,276376,570408
14,2034,296032,276380,572412
15,2034,295637,275651,571288
16,2034,298466,277181,575647
17,2034,303223,275965,579188
18,2034,304717,277365,582082
19,2034,309839,298251,608090
20,2034,307369,292938,600307
21,2034,308736,291501,600237
22,2034,316294,306030,622324
23,2034,313844,300632,614476
24,2034,318293,306015,624308
25,2034,315704,304371,620075
26,2034,314363,297184,611547
27,2034,316932,301055,617987
28,2034,323929,307190,631119
29,2034,329097,316947,646044
30,2034,328929,312548,641477
31,2034,329316,318199,647515
32,2034,330135,319357,649492
33,2034,332051,320760,652811
34,2034,328035,320866,648901
35,2034,330186,325082,655268
36,2034,342900,335611,678511
37,2034,346607,341132,687739
38,2034,359597,360143,719740
39,2034,370879,368623,739502
40,2034,380745,369783,750528
41,2034,387137,387053,774190
42,2034,388839,388746,777585
43,2034,393075,393757,786832
44,2034,457818,467734,925552
45,2034,457362,470992,928354
46,2034,455762,460796,916558
47,2034,461465,466821,928286
48,2034,469361,473436,942797
49,2034,472171,478036,950207
50,2034,472332,478113,950445
51,2034,472311,477433,949744
52,2034,474205,480590,954795
53,2034,481881,481755,963636
54,2034,479204,492827,972031
55,2034,483402,494712,978114
56,2034,490795,497524,988319
57,2034,485811,487806,973617
58,2034,453387,467124,920511
59,2034,426460,442176,868636
60,2034,392275,407048,799323
61,2034,381270,399393,780663
62,2034,365060,367217,732277
63,2034,364424,387704,752128
64,2034,323585,370348,693933
65,2034,307950,368106,676056
66,2034,363671,367075,730746
67,2034,358275,379197,737472
68,2034,328849,316815,645664
69,2034,326853,314815,641668
70,2034,324077,318985,643062
71,2034,328586,318120,646706
72,2034,317046,322677,639723
73,2034,276341,327350,603691
74,2034,281654,315291,596945
75,2034,272258,334630,606888
76,2034,272010,322064,594074
77,2034,271463,312305,583768
78,2034,270346,329414,599760
79,2034,261118,317600,578718
80,2034,255833,313192,569025
81,2034,230062,262422,492484
82,2034,217167,251816,468983
83,2034,215474,238265,453739
84,2034,215494,225732,441226
85,2034,215089,204764,419853
86,2034,215086,195270,410356
87,2034,215063,192727,407790
88,2034,215063,192727,407790
89,2034,214331,192727,407058
90,2034,214796,192727,407523
91,2034,214331,192626,406957
92,2034,213623,193374,406997
93,2034,213623,193374,406997
94,2034,213623,193374,406997
95,2034,212595,189676,402271
96,2034,212595,188930,401525
97,2034,212595,188930,401525
98,2034,212595,188930,401525
99,2034,212595,188930,401525
100,2034,212595,188930,401525
0,2035,292160,275407,567567
1,2035,292160,275407,567567
2,2035,292156,275407,567563
3,2035,292317,275433,567750
4,2035,292459,275435,567894
5,2035,292604,275460,568064
6,2035,292715,275538,568253
7,2035,292699,275529,568228
8,2035,292688,275503,568191
9,2035,292689,275485,568174
10,2035,292704,275551,568255
11,2035,292828,275972,568800
12,2035,293342,276256,569598
13,2035,293719,276375,570094
14,2035,293758,276281,570039
15,2035,293823,276272,570095
16,2035,294123,276355,570478
17,2035,294561,276410,570971
18,2035,295789,276733,572522
19,2035,296731,278188,574919
20,2035,296795,278225,575020
21,2035,296833,278284,575117
22,2035,296862,278532,575394
23,2035,296890,278545,575435
24,2035,296890,278545,575435
25,2035,296890,278545,575435
26,2035,296890,278545,575435
27,2035,296890,278545,575435
28,2035,296890,278545,575435
29,2035,296890,278545,575435
30,2035,296890,278545,575435
31,2035,296890,278545,575435
32,2035,296890,278545,575435
33,2035,296890,278545,575435
34,2035,296890,278545,575435
35,2035,296890,278545,575435
36,2035,296890,278545,575435
37,2035,296890,278545,575435
38,2035,296890,278545,575435
39,2035,296890,278545,575435
40,2035,296890,278545,575435
41,2035,296890,278545,575435
42,2035,296890,278545,575435
43,2035,296890,278545,575435
44,2035,296890,278545,575435
45,2035,296890,278545,575435
46,2035,296881,278545,575426
47,2035,296873,278545,575418
48,2035,296873,278545,575418
49,2035,296873,278545,575418
50,2035,296873,278545,575418
51,2035,296873,278595,575468
52,2035,296873,278595,575468
53,2035,296873,278595,575468
54,2035,296873,278595,575468
55,2035,296873,278595,575468
56,2035,296873,278595,575468
57,2035,296873,278595,575468
58,2035,296873,278595,575468
59,2035,296873,278595,575468
60,2035,296873,278595,575468
61,2035,296873,278595,575468
62,2035,296873,278595,575468
63,2035,296873,278595,575468
64,2035,296825,278595,575420
65,2035,296825,278595,575420
66,2035,296738,278595,575333
67,2035,296738,278595,575333
68,2035,296472,278595,575067
69,2035,296377,278595,574972
70,2035,296237,278595,574832
71,2035,295800,278595,574395
72,2035,295800,278595,574395
73,2035,295461,278595,574056
74,2035,295423,278595,574018
75,2035,295423,278595,574018
76,2035,295423,278595,574018
77,2035,295423,278595,574018
78,2035,295423,279554,574977
79,2035,295423,279363,574786
80,2035,295423,279614,575037
81,2035,295423,279743,575166
82,2035,295423,279743,575166
83,2035,295423,279743,575166
84,2035,295423,279743,575166
85,2035,295423,279743,575166
86,2035,295423,279743,575166
87,2035,295423,279743,575166
88,2035,295423,279743,575166
89,2035,295423,279743,575166
90,2035,295423,279743,575166
91,2035,295423,279743,575166
92,2035,295423,279743,575166
93,2035,295423,279743,575166
94,2035,295423,279743,575166
95,2035,295423,279743,575166
96,2035,295423,279743,575166
97,2035,295423,279743,575166
98,2035,295423,279743,575166
99,2035,295423,279743,575166
100,2035,295423,279743,575166
0,2035,292266,275259,567525
1,2035,292266,275259,567525
2,2035,292259,275259,567518
3,2035,292436,275274,567710
4,2035,292615,275193,567808
5,2035,292741,275299,568040
6,2035,292868,275406,568274
7,2035,292842,275390,568232
8,2035,292820,275364,568184
9,2035,292815,275344,568159
10,2035,292810,275474,568284
11,2035,292862,275699,568561
12,2035,293184,275754,568938
13,2035,293704,275708,569412
14,2035,293937,275800,569737
15,2035,294124,275792,569916
16,2035,294466,275859,570325
17,2035,295672,275850,571522
18,2035,297964,276497,574461
19,2035,298821,278322,577143
20,2035,299958,278491,578449
21,2035,300126,278538,578664
22,2035,300128,279006,579134
23,2035,300136,279020,579156
24,2035,300136,279020,579156
25,2035,300136,279020,579156
26,2035,300136,279020,579156
27,2035,300136,279020,579156
28,2035,300136,279020,579156
29,2035,300136,279020,579156
30,2035,300136,279020,579156
31,2035,300136,279020,579156
32,2035,300136,279020,579156
33,2035,300136,279020,579156
34,2035,300136,279020,579156
35,2035,300136,279020,579156
36,2035,300136,279020,579156
37,2035,300136,279020,579156
38,2035,300136,279020,579156
39,2035,300136,279020,579156
40,2035,300136,279020,579156
41,2035,300136,279020,579156
42,2035,300136,279020,579156
43,2035,300136,279020,579156
44,2035,300538,279020,579558
45,2035,300538,279020,579558
46,2035,300536,279020,579556
47,2035,300528,279020,579548
48,2035,300528,279020,579548
49,2035,300528,279020,579548
50,2035,300528,279020,579548
51,2035,300528,279059,579587
52,2035,300528,279059,579587
53,2035,300528,279059,579587
54,2035,300528,279059,579587
55,2035,300528,279059,579587
56,2035,300528,279059,579587
57,2035,300528,279059,579587
58,2035,300528,279059,579587
59,2035,300528,279059,579587
60,2035,300528,279059,579587
61,2035,300528,279059,579587
62,2035,300528,279059,579587
63,2035,300528,279059,579587
64,2035,300557,279059,579616
65,2035,300557,279059,579616
66,2035,300066,279059,579125
67,2035,300008,279059,579067
68,2035,299613,279059,578672
69,2035,299663,279059,578722
70,2035,299415,279037,578452
71,2035,298888,279037,577925
72,2035,298782,279037,577819
73,2035,298283,278963,577246
74,2035,298238,278963,577201
75,2035,298238,278963,577201
76,2035,298238,278963,577201
77,2035,298238,278963,577201
78,2035,298344,280269,578613
79,2035,298259,280078,578337
80,2035,298344,280826,579170
81,2035,298338,280568,578906
82,2035,298338,280568,578906
83,2035,298338,280568,578906
84,2035,298338,280568,578906
85,2035,298338,280568,578906
86,2035,298338,280568,578906
87,2035,298338,280568,578906
88,2035,298338,280568,578906
89,2035,298338,280568,578906
90,2035,298338,280568,578906
91,2035,298338,280568,578906
92,2035,298338,280568,578906
93,2035,298338,280568,578906
94,2035,298338,280568,578906
95,2035,298338,280568,578906
96,2035,298338,280568,578906
97,2035,298338,280568,578906
98,2035,298338,280568,578906
99,2035,298338,280568,578906
100,2035,298338,280568,578906
0,2035,292274,275413,567687
1,2035,292274,275413,567687
2,2035,292266,275413,567679
3,2035,292417,275347,567764
4,2035,292716,275394,568110
5,2035,292856,275450,568306
6,2035,292910,275526,568436
7,2035,292866,275510,568376
8,2035,292838,275471,568309
9,2035,292865,275477,568342
10,2035,292819,275561,568380
11,2035,292909,275804,568713
12,2035,293366,276259,569625
13,2035,294527,276216,570743
14,2035,294776,276418,571194
15,2035,295034,276413,571447
16,2035,296135,276482,572617
17,2035,297419,276524,573943
18,2035,299982,276890,576872
19,2035,300697,278092,578789
20,2035,300794,278561,579355
21,2035,301474,278636,580110
22,2035,301310,278941,580251
23,2035,301326,278955,580281
24,2035,301326,278955,580281
25,2035,301326,278955,580281
26,2035,301326,278955,580281
27,2035,301326,278955,580281
28,2035,301326,278955,580281
29,2035,301326,278955,580281
30,2035,301326,278955,580281
31,2035,301326,278955,580281
32,2035,301326,278955,580281
33,2035,301326,278955,580281
34,2035,301326,278955,580281
35,2035,301326,278955,580281
36,2035,301326,278955,580281
37,2035,301326,278955,580281
38,2035,301326,278955,580281
39,2035,301326,278955,580281
40,2035,301326,278955,580281
41,2035,301326,278955,580281
42,2035,301326,278955,580281
43,2035,301333,278955,580288
44,2035,303077,279111,582188
45,2035,303077,279111,582188
46,2035,302118,279111,581229
47,2035,302109,279111,581220
48,2035,302109,279111,581220
49,2035,302109,279111,581220
50,2035,302109,279111,581220
51,2035,302109,279149,581258
52,2035,302109,279149,581258
53,2035,302109,279149,581258
54,2035,302109,279149,581258
55,2035,302109,279149,581258
56,2035,302109,279149,581258
57,2035,302109,279149,581258
58,2035,302109,279149,581258
59,2035,302109,279149,581258
60,2035,302109,279149,581258
61,2035,302109,279149,581258
62,2035,302109,279149,581258
63,2035,302109,279149,581258
64,2035,303056,279149,582205
65,2035,303056,279149,582205
66,2035,301751,278994,580745
67,2035,301764,278926,580690
68,2035,301625,278926,580551
69,2035,301693,278926,580619
70,2035,301698,278926,580624
71,2035,302699,279051,581750
72,2035,302614,279051,581665
73,2035,301717,279129,580846
74,2035,301717,279129,580846
75,2035,301717,279129,580846
76,2035,301717,279129,580846
77,2035,301717,279129,580846
78,2035,301618,283834,585452
79,2035,301588,283520,585108
80,2035,301523,283856,585379
81,2035,301545,283856,585401
82,2035,301545,283856,585401
83,2035,301545,283856,585401
84,2035,301545,283856,585401
85,2035,301545,283856,585401
86,2035,301545,283856,585401
87,2035,301545,283856,585401
88,2035,301545,283856,585401
89,2035,301545,283856,585401
90,2035,301545,283856,585401
91,2035,301545,283856,585401
92,2035,301545,283856,585401
93,2035,301545,283856,585401
94,2035,301545,283856,585401
95,2035,301545,283856,585401
96,2035,301545,283856,585401
97,2035,301545,283856,585401
98,2035,301545,283856,585401
99,2035,301545,283856,585401
100,2035,301545,283856,585401
0,2035,292099,274901,567000
1,2035,292099,274901,567000
2,2035,292091,274901,566992
3,2035,292300,274901,567201
4,2035,292463,274931,567394
5,2035,292518,274983,567501
6,2035,292615,275035,567650
7,2035,292607,275057,567664
8,2035,292601,275043,567644
9,2035,292574,275024,567598
10,2035,292549,275055,567604
11,2035,292624,275339,567963
12,2035,293047,275490,568537
13,2035,294584,275590,570174
14,2035,295239,275679,570918
15,2035,297561,275661,573222
16,2035,296031,275360,571391
17,2035,298511,275281,573792
18,2035,300960,276311,577271
19,2035,318140,278178,596318
20,2035,318570,278704,597274
21,2035,307169,279147,586316
22,2035,306963,279195,586158
23,2035,307025,279209,586234
24,2035,307025,279209,586234
25,2035,307025,279209,586234
26,2035,307025,279209,586234
27,2035,307025,279209,586234
28,2035,307025,279209,586234
29,2035,307025,279209,586234
30,2035,307025,279209,586234
31,2035,307025,279209,586234
32,2035,307025,279209,586234
33,2035,307025,279209,586234
34,2035,307025,279209,586234
35,2035,307025,279209,586234
36,2035,307025,279209,586234
37,2035,307025,279209,586234
38,2035,307025,279209,586234
39,2035,307025,279209,586234
40,2035,307025,279209,586234
41,2035,307025,279209,586234
42,2035,307025,279209,586234
43,2035,307025,279209,586234
44,2035,309401,279433,588834
45,2035,309401,279433,588834
46,2035,308138,279364,587502
47,2035,308207,279364,587571
48,2035,308207,279364,587571
49,2035,308207,279364,587571
50,2035,308207,279364,587571
51,2035,308198,279402,587600
52,2035,308198,279402,587600
53,2035,308198,279402,587600
54,2035,308198,279402,587600
55,2035,308198,279402,587600
56,2035,308198,279402,587600
57,2035,308198,279402,587600
58,2035,308198,279402,587600
59,2035,308198,279402,587600
60,2035,308198,279402,587600
61,2035,308198,279402,587600
62,2035,308198,279402,587600
63,2035,308198,279402,587600
64,2035,309449,279472,588921
65,2035,309538,279472,589010
66,2035,307947,279400,587347
67,2035,308227,279400,587627
68,2035,307618,279138,586756
69,2035,307735,279232,586967
70,2035,307742,279123,586865
71,2035,309127,279187,588314
72,2035,308751,279129,587880
73,2035,307179,279129,586308
74,2035,307179,279129,586308
75,2035,307179,279129,586308
76,2035,307179,279129,586308
77,2035,307179,279129,586308
78,2035,306934,286413,593347
79,2035,306862,284996,591858
80,2035,306855,286432,593287
81,2035,306855,286432,593287
82,2035,306855,286432,593287
83,2035,306855,286432,593287
84,2035,306855,286432,593287
85,2035,306855,286432,593287
86,2035,306855,286432,593287
87,2035,306855,286432,593287
88,2035,306855,286432,593287
89,2035,306855,286432,593287
90,2035,306855,286432,593287
91,2035,306855,286432,593287
92,2035,306855,286432,593287
93,2035,306855,286432,593287
94,2035,306855,286432,593287
95,2035,306855,286432,593287
96,2035,306855,286432,593287
97,2035,306855,286432,593287
98,2035,306855,286432,593287
99,2035,306855,286432,593287
100,2035,306855,286432,593287
0,2035,292414,276267,568681
1,2035,292414,276267,568681
2,2035,292410,276267,568677
3,2035,292524,276267,568791
4,2035,292770,276374,569144
5,2035,292782,276405,569187
6,2035,292777,275836,568613
7,2035,292789,275833,568622
8,2035,292809,276105,568914
9,2035,292817,276218,569035
10,2035,292752,276008,568760
11,2035,292786,276013,568799
12,2035,292637,275836,568473
13,2035,294207,275567,569774
14,2035,297544,275452,572996
15,2035,296712,275491,572203
16,2035,295873,275344,571217
17,2035,298696,275638,574334
18,2035,308040,277244,585284
19,2035,310244,279250,589494
20,2035,310992,279343,590335
21,2035,309447,279369,588816
22,2035,309498,279517,589015
23,2035,309548,279517,589065
24,2035,309548,279517,589065
25,2035,309548,279517,589065
26,2035,309548,279517,589065
27,2035,309548,279517,589065
28,2035,309548,279517,589065
29,2035,309548,279517,589065
30,2035,309548,279517,589065
31,2035,309548,279517,589065
32,2035,309548,279517,589065
33,2035,309548,279517,589065
34,2035,309548,279517,589065
35,2035,309548,279517,589065
36,2035,309548,279517,589065
37,2035,309933,279517,589450
38,2035,309933,279517,589450
39,2035,309933,279517,589450
40,2035,309933,279517,589450
41,2035,309933,279517,589450
42,2035,309933,279517,589450
43,2035,309933,279517,589450
44,2035,311218,279445,590663
45,2035,311218,279445,590663
46,2035,311078,279485,590563
47,2035,311078,279485,590563
48,2035,311078,279485,590563
49,2035,311078,279485,590563
50,2035,311078,279485,590563
51,2035,311087,279523,590610
52,2035,311087,279523,590610
53,2035,311087,279523,590610
54,2035,311087,279523,590610
55,2035,311087,279523,590610
56,2035,311087,279523,590610
57,2035,311087,279523,590610
58,2035,311087,279523,590610
59,2035,311087,279523,590610
60,2035,311087,279523,590610
61,2035,311087,279523,590610
62,2035,311087,279523,590610
63,2035,311197,279523,590720
64,2035,311402,279483,590885
65,2035,311494,279483,590977
66,2035,311142,279522,590664
67,2035,311181,279522,590703
68,2035,310276,279498,589774
69,2035,310326,279498,589824
70,2035,310257,279585,589842
71,2035,310672,279598,590270
72,2035,310683,279572,590255
73,2035,309854,279579,589433
74,2035,309854,279579,589433
75,2035,309854,279579,589433
76,2035,309854,279579,589433
77,2035,309854,279579,589433
78,2035,309223,297053,606276
79,2035,309182,295170,604352
80,2035,309215,297002,606217
81,2035,309223,297359,606582
82,2035,309223,297359,606582
83,2035,309223,297359,606582
84,2035,309223,297359,606582
85,2035,309223,297359,606582
86,2035,309223,297359,606582
87,2035,309223,297359,606582
88,2035,309223,297359,606582
89,2035,309223,297359,606582
90,2035,309223,297359,606582
91,2035,309223,297359,606582
92,2035,309223,297359,606582
93,2035,309223,297359,606582
94,2035,309223,297359,606582
95,2035,309223,297359,606582
96,2035,309223,297359,606582
97,2035,309223,297359,606582
98,2035,309223,297359,606582
99,2035,309223,297359,606582
100,2035,309223,297359,606582
0,2035,290839,275033,565872
1,2035,290839,275033,565872
2,2035,290835,275033,565868
3,2035,290937,275233,566170
4,2035,291005,274937,565942
5,2035,291046,275155,566201
6,2035,292232,276240,568472
7,2035,292199,276233,568432
8,2035,291249,275661,566910
9,2035,291199,275601,566800
10,2035,292123,276191,568314
11,2035,292361,276048,568409
12,2035,293171,276060,569231
13,2035,294126,275531,569657
14,2035,296668,275937,572605
15,2035,295244,275388,570632
16,2035,296127,275713,571840
17,2035,298662,276231,574893
18,2035,305162,277907,583069
19,2035,309543,280666,590209
20,2035,310358,280573,590931
21,2035,310236,280007,590243
22,2035,310517,280086,590603
23,2035,310504,280086,590590
24,2035,310504,280086,590590
25,2035,310504,280086,590590
26,2035,310504,280086,590590
27,2035,310504,280086,590590
28,2035,310504,280086,590590
29,2035,310504,280086,590590
30,2035,310504,280086,590590
31,2035,310504,280086,590590
32,2035,310504,280086,590590
33,2035,310504,280086,590590
34,2035,310504,280086,590590
35,2035,310504,280086,590590
36,2035,310504,280086,590590
37,2035,310568,280086,590654
38,2035,310568,280086,590654
39,2035,310568,280086,590654
40,2035,310568,280086,590654
41,2035,310949,280086,591035
42,2035,310949,280086,591035
43,2035,310949,280086,591035
44,2035,311212,280770,591982
45,2035,311212,280770,591982
46,2035,311402,280718,592120
47,2035,311402,280718,592120
48,2035,311402,280718,592120
49,2035,311402,280718,592120
50,2035,311402,280718,592120
51,2035,311402,280757,592159
52,2035,311402,280757,592159
53,2035,311402,280757,592159
54,2035,311402,280757,592159
55,2035,311402,280757,592159
56,2035,311402,280757,592159
57,2035,311402,280757,592159
58,2035,311402,280757,592159
59,2035,311402,280757,592159
60,2035,311402,280757,592159
61,2035,311402,280757,592159
62,2035,311402,280757,592159
63,2035,311500,280757,592257
64,2035,311363,280826,592189
65,2035,311724,280826,592550
66,2035,311611,280757,592368
67,2035,311478,280757,592235
68,2035,311136,280282,591418
69,2035,311224,280386,591610
70,2035,311089,280359,591448
71,2035,311023,280782,591805
72,2035,311415,280757,592172
73,2035,310475,280113,590588
74,2035,310475,280113,590588
75,2035,310475,280113,590588
76,2035,310475,280113,590588
77,2035,310475,280113,590588
78,2035,312080,301426,613506
79,2035,311717,300216,611933
80,2035,312078,301550,613628
81,2035,312097,305369,617466
82,2035,312097,305369,617466
83,2035,312097,305369,617466
84,2035,312097,305369,617466
85,2035,312097,305369,617466
86,2035,312097,305369,617466
87,2035,312097,305369,617466
88,2035,312097,305369,617466
89,2035,312097,305369,617466
90,2035,312097,305369,617466
91,2035,312097,305369,617466
92,2035,312097,305369,617466
93,2035,312097,305369,617466
94,2035,312097,305369,617466
95,2035,312097,305369,617466
96,2035,312097,305369,617466
97,2035,312097,305369,617466
98,2035,312097,305369,617466
99,2035,312097,305369,617466
100,2035,312097,305369,617466
0,2035,289659,274603,564262
1,2035,289659,274603,564262
2,2035,289665,274603,564268
3,2035,290131,274992,565123
4,2035,290075,275018,565093
5,2035,290517,275453,565970
6,2035,291142,275727,566869
7,2035,291129,275727,566856
8,2035,291983,276029,568012
9,2035,291141,275810,566951
10,2035,291146,275616,566762
11,2035,292016,276074,568090
12,2035,292897,276138,569035
13,2035,294262,276019,570281
14,2035,294683,275572,570255
15,2035,297679,275397,573076
16,2035,295993,275946,571939
17,2035,298812,276626,575438
18,2035,303893,278118,582011
19,2035,307392,280296,587688
20,2035,308113,280287,588400
21,2035,310267,280533,590800
22,2035,310619,280734,591353
23,2035,310685,280734,591419
24,2035,310685,280734,591419
25,2035,310685,280734,591419
26,2035,310685,280734,591419
27,2035,310685,280734,591419
28,2035,310685,280734,591419
29,2035,310685,280734,591419
30,2035,310685,280734,591419
31,2035,310685,280734,591419
32,2035,310685,280734,591419
33,2035,310685,280734,591419
34,2035,310685,280734,591419
35,2035,310685,280734,591419
36,2035,310685,280734,591419
37,2035,310706,280734,591440
38,2035,310706,280734,591440
39,2035,310706,280734,591440
40,2035,310706,280734,591440
41,2035,311060,280758,591818
42,2035,311060,280758,591818
43,2035,311060,280758,591818
44,2035,310515,280639,591154
45,2035,310515,280639,591154
46,2035,310557,280639,591196
47,2035,310557,280639,591196
48,2035,310557,280639,591196
49,2035,310557,280639,591196
50,2035,310557,280639,591196
51,2035,310557,280639,591196
52,2035,310557,280639,591196
53,2035,310557,280639,591196
54,2035,310557,280639,591196
55,2035,310557,280639,591196
56,2035,310557,280639,591196
57,2035,310557,280639,591196
58,2035,310557,280639,591196
59,2035,310557,280639,591196
60,2035,310557,280639,591196
61,2035,310557,280639,591196
62,2035,310557,280639,591196
63,2035,310910,280639,591549
64,2035,310761,280639,591400
65,2035,311033,280639,591672
66,2035,311135,280672,591807
67,2035,310932,280639,591571
68,2035,311116,280771,591887
69,2035,311041,280703,591744
70,2035,310992,280666,591658
71,2035,310516,280639,591155
72,2035,310473,280639,591112
73,2035,311008,280697,591705
74,2035,311008,280697,591705
75,2035,311008,280697,591705
76,2035,311008,280697,591705
77,2035,311008,280697,591705
78,2035,314470,302480,616950
79,2035,314144,302411,616555
80,2035,314352,302829,617181
81,2035,316242,304224,620466
82,2035,316242,304224,620466
83,2035,316242,304224,620466
84,2035,316242,304224,620466
85,2035,316242,304224,620466
86,2035,316242,304224,620466
87,2035,316242,304224,620466
88,2035,316242,304224,620466
89,2035,316242,304224,620466
90,2035,316242,304224,620466
91,2035,316242,304224,620466
92,2035,316242,304224,620466
93,2035,316242,304224,620466
94,2035,316242,304224,620466
95,2035,316242,304224,620466
96,2035,316242,304224,620466
97,2035,316242,304224,620466
98,2035,316242,304224,620466
99,2035,316242,304224,620466
100,2035,316242,304224,620466
0,2035,289139,272661,561800
1,2035,289139,272661,561800
2,2035,289140,272661,561801
3,2035,289119,272764,561883
4,2035,289360,272455,561815
5,2035,290329,273837,564166
6,2035,290582,275044,565626
7,2035,290513,275001,565514
8,2035,291822,275327,567149
9,2035,292040,275205,567245
10,2035,290765,275121,565886
11,2035,291646,275629,567275
12,2035,292463,275852,568315
13,2035,293960,275907,569867
14,2035,294086,274870,568956
15,2035,297101,275906,573007
16,2035,295988,275549,571537
17,2035,299178,275915,575093
18,2035,303074,277430,580504
19,2035,305532,280384,585916
20,2035,307797,280492,588289
21,2035,309263,280395,589658
22,2035,309846,280601,590447
23,2035,310066,280601,590667
24,2035,310068,280601,590669
25,2035,310068,280601,590669
26,2035,310068,280601,590669
27,2035,310068,280601,590669
28,2035,310068,280601,590669
29,2035,310068,280601,590669
30,2035,310068,280601,590669
31,2035,310068,280601,590669
32,2035,310068,280601,590669
33,2035,310068,280601,590669
34,2035,310068,280601,590669
35,2035,310068,280601,590669
36,2035,310068,280601,590669
37,2035,310106,280601,590707
38,2035,310106,280601,590707
39,2035,310106,280601,590707
40,2035,310106,280601,590707
41,2035,310504,280601,591105
42,2035,310504,280601,591105
43,2035,310504,280601,591105
44,2035,310371,280615,590986
45,2035,310371,280615,590986
46,2035,310431,280601,591032
47,2035,310431,280601,591032
48,2035,310431,280601,591032
49,2035,310431,280601,591032
50,2035,310431,280601,591032
51,2035,310431,280601,591032
52,2035,310431,280601,591032
53,2035,310431,280601,591032
54,2035,310431,280601,591032
55,2035,310431,280601,591032
56,2035,310431,280601,591032
57,2035,310431,280601,591032
58,2035,310431,280601,591032
59,2035,310431,280601,591032
60,2035,310425,280601,591026
61,2035,310396,280601,590997
62,2035,310384,280601,590985
63,2035,310452,280601,591053
64,2035,310622,280615,591237
65,2035,310565,280615,591180
66,2035,310466,280601,591067
67,2035,310560,280601,591161
68,2035,310503,280601,591104
69,2035,310459,280601,591060
70,2035,310415,280601,591016
71,2035,310321,280601,590922
72,2035,310394,280611,591005
73,2035,310297,280601,590898
74,2035,310297,280601,590898
75,2035,310297,280601,590898
76,2035,310297,280601,590898
77,2035,310297,280601,590898
78,2035,316765,303090,619855
79,2035,316576,303067,619643
80,2035,316701,303735,620436
81,2035,316971,305349,622320
82,2035,316971,305349,622320
83,2035,316971,305349,622320
84,2035,316971,305349,622320
85,2035,316971,305349,622320
86,2035,316971,305349,622320
87,2035,316971,305349,622320
88,2035,316971,305349,622320
89,2035,316971,305349,622320
90,2035,316971,305349,622320
91,2035,316971,305349,622320
92,2035,316971,305349,622320
93,2035,316971,305349,622320
94,2035,316971,305349,622320
95,2035,316971,305349,622320
96,2035,316971,305349,622320
97,2035,316971,305349,622320
98,2035,316971,305349,622320
99,2035,316971,305349,622320
100,2035,316971,305349,622320
0,2035,290394,273022,563416
1,2035,290394,272960,563354
2,2035,290359,272960,563319
3,2035,290259,272886,563145
4,2035,290454,272808,563262
5,2035,291611,274441,566052
6,2035,290844,274238,565082
7,2035,290993,274439,565432
8,2035,292558,275788,568346
9,2035,292683,276220,568903
10,2035,290916,274282,565198
11,2035,292270,275799,568069
12,2035,292527,276121,568648
13,2035,293904,275836,569740
14,2035,293814,275619,569433
15,2035,296491,275550,572041
16,2035,296013,275404,571417
17,2035,300549,276014,576563
18,2035,303703,277256,580959
19,2035,304886,279668,584554
20,2035,307763,280642,588405
21,2035,308577,280432,589009
22,2035,309209,280601,589810
23,2035,309657,280601,590258
24,2035,309658,280601,590259
25,2035,309658,280601,590259
26,2035,309658,280601,590259
27,2035,309658,280601,590259
28,2035,309658,280601,590259
29,2035,309658,280601,590259
30,2035,309658,280601,590259
31,2035,309658,280601,590259
32,2035,309658,280601,590259
33,2035,309658,280601,590259
34,2035,309658,280601,590259
35,2035,309658,280601,590259
36,2035,309658,280601,590259
37,2035,309666,280681,590347
38,2035,309666,280681,590347
39,2035,309666,280681,590347
40,2035,309666,280681,590347
41,2035,310400,280705,591105
42,2035,310400,280705,591105
43,2035,310400,280705,591105
44,2035,310418,280719,591137
45,2035,310418,280719,591137
46,2035,310454,280719,591173
47,2035,310454,280719,591173
48,2035,310454,280719,591173
49,2035,310454,280719,591173
50,2035,310454,280719,591173
51,2035,310454,280719,591173
52,2035,310454,280719,591173
53,2035,310454,280719,591173
54,2035,310454,280719,591173
55,2035,310454,280719,591173
56,2035,310454,280719,591173
57,2035,310454,280719,591173
58,2035,310454,280719,591173
59,2035,310454,280719,591173
60,2035,310454,280719,591173
61,2035,310425,280719,591144
62,2035,310355,280719,591074
63,2035,310557,280719,591276
64,2035,310622,280709,591331
65,2035,310657,280709,591366
66,2035,310551,280719,591270
67,2035,310578,280709,591287
68,2035,310595,280719,591314
69,2035,310527,280719,591246
70,2035,310501,280719,591220
71,2035,310167,280719,590886
72,2035,310365,280719,591084
73,2035,310097,280705,590802
74,2035,310097,280705,590802
75,2035,310097,280705,590802
76,2035,310097,280705,590802
77,2035,310097,280705,590802
78,2035,316031,304649,620680
79,2035,316015,304523,620538
80,2035,316491,304884,621375
81,2035,317021,307179,624200
82,2035,317021,307179,624200
83,2035,317021,307179,624200
84,2035,317021,307179,624200
85,2035,317021,307179,624200
86,2035,317021,307179,624200
87,2035,317021,307179,624200
88,2035,317021,307179,624200
89,2035,317021,307179,624200
90,2035,317021,307179,624200
91,2035,317021,307179,624200
92,2035,317021,307179,624200
93,2035,317021,307179,624200
94,2035,317021,307179,624200
95,2035,317021,307179,624200
96,2035,317021,307179,624200
97,2035,317021,307179,624200
98,2035,317021,307179,624200
99,2035,317021,307179,624200
100,2035,317021,307179,624200
0,2035,291389,273588,564977
1,2035,291361,273588,564949
2,2035,291342,273588,564930
3,2035,290486,273473,563959
4,2035,291427,273538,564965
5,2035,292690,275544,568234
6,2035,291841,274747,566588
7,2035,291918,275199,567117
8,2035,292254,275800,568054
9,2035,291248,275379,566627
10,2035,292120,274848,566968
11,2035,292386,276244,568630
12,2035,292471,275750,568221
13,2035,293842,275635,569477
14,2035,294684,275923,570607
15,2035,295202,274951,570153
16,2035,296309,275544,571853
17,2035,300680,275961,576641
18,2035,306176,277396,583572
19,2035,304844,279082,583926
20,2035,307760,280252,588012
21,2035,308575,280608,589183
22,2035,309265,280695,589960
23,2035,309759,280695,590454
24,2035,309761,280695,590456
25,2035,309761,280695,590456
26,2035,309761,280695,590456
27,2035,309761,280695,590456
28,2035,309761,280695,590456
29,2035,309761,280695,590456
30,2035,309761,280695,590456
31,2035,309761,280695,590456
32,2035,309761,280695,590456
33,2035,309761,280695,590456
34,2035,309761,280695,590456
35,2035,309761,280695,590456
36,2035,309761,280695,590456
37,2035,309760,280695,590455
38,2035,309760,280695,590455
39,2035,309760,280695,590455
40,2035,309760,280695,590455
41,2035,310532,280719,591251
42,2035,310532,280719,591251
43,2035,310532,280719,591251
44,2035,310612,280709,591321
45,2035,310612,280709,591321
46,2035,310612,280709,591321
47,2035,310612,280709,591321
48,2035,310612,280709,591321
49,2035,310612,280709,591321
50,2035,310612,280709,591321
51,2035,310612,280709,591321
52,2035,310612,280709,591321
53,2035,310612,280709,591321
54,2035,310612,280709,591321
55,2035,310612,280709,591321
56,2035,310612,280709,591321
57,2035,310612,280709,591321
58,2035,310612,280709,591321
59,2035,310612,280709,591321
60,2035,310612,280709,591321
61,2035,310583,280709,591292
62,2035,310342,280719,591061
63,2035,310663,280709,591372
64,2035,310791,280709,591500
65,2035,310817,280709,591526
66,2035,310711,280709,591420
67,2035,310719,280709,591428
68,2035,310627,280709,591336
69,2035,310569,280709,591278
70,2035,310553,280709,591262
71,2035,310114,280719,590833
72,2035,310402,280719,591121
73,2035,310099,280695,590794
74,2035,310099,280695,590794
75,2035,310099,280695,590794
76,2035,310099,280695,590794
77,2035,310099,280695,590794
78,2035,316416,306500,622916
79,2035,316414,306851,623265
80,2035,317112,306603,623715
81,2035,320548,305311,625859
82,2035,320548,305311,625859
83,2035,320548,305311,625859
84,2035,320548,305311,625859
85,2035,320548,305311,625859
86,2035,320548,305311,625859
87,2035,320548,305311,625859
88,2035,320548,305311,625859
89,2035,320548,305311,625859
90,2035,320548,305311,625859
91,2035,320548,305311,625859
92,2035,320548,305311,625859
93,2035,320548,305311,625859
94,2035,320548,305311,625859
95,2035,320548,305311,625859
96,2035,320548,305311,625859
97,2035,320548,305311,625859
98,2035,320548,305311,625859
99,2035,320548,305311,625859
100,2035,320548,305311,625859
0,2035,292751,275522,568273
1,2035,292768,275518,568286
2,2035,292769,275518,568287
3,2035,291789,274356,566145
4,2035,293025,274710,567735
5,2035,292813,276399,569212
6,2035,292765,276223,568988
7,2035,292672,276268,568940
8,2035,292330,276276,568606
9,2035,291393,275989,567382
10,2035,292673,276157,568830
11,2035,291584,275622,567206
12,2035,292581,275830,568411
13,2035,294134,275933,570067
14,2035,295041,276344,571385
15,2035,297727,275310,573037
16,2035,296109,275747,571856
17,2035,313874,275931,589805
18,2035,305144,277547,582691
19,2035,305947,279202,585149
20,2035,308539,280233,588772
21,2035,309150,280634,589784
22,2035,309340,280727,590067
23,2035,309735,280695,590430
24,2035,309736,280695,590431
25,2035,309736,280695,590431
26,2035,309736,280695,590431
27,2035,309736,280695,590431
28,2035,309736,280695,590431
29,2035,309736,280695,590431
30,2035,309736,280695,590431
31,2035,309736,280695,590431
32,2035,309736,280695,590431
33,2035,309736,280695,590431
34,2035,309736,280695,590431
35,2035,309736,280695,590431
36,2035,309736,280695,590431
37,2035,309736,280695,590431
38,2035,309736,280695,590431
39,2035,309736,280695,590431
40,2035,309736,280695,590431
41,2035,310615,280709,591324
42,2035,310615,280709,591324
43,2035,310615,280709,591324
44,2035,310580,280709,591289
45,2035,310580,280709,591289
46,2035,310589,280709,591298
47,2035,310589,280709,591298
48,2035,310589,280709,591298
49,2035,310589,280709,591298
50,2035,310589,280709,591298
51,2035,310589,280709,591298
52,2035,310589,280709,591298
53,2035,310589,280709,591298
54,2035,310589,280709,591298
55,2035,310589,280709,591298
56,2035,310589,280709,591298
57,2035,310589,280709,591298
58,2035,310589,280709,591298
59,2035,310589,280709,591298
60,2035,310589,280709,591298
61,2035,310560,280709,591269
62,2035,310362,280719,591081
63,2035,310688,280709,591397
64,2035,310777,280709,591486
65,2035,310815,280709,591524
66,2035,310706,280709,591415
67,2035,310743,280709,591452
68,2035,310757,280709,591466
69,2035,310692,280709,591401
70,2035,310676,280709,591385
71,2035,310183,280695,590878
72,2035,310549,280719,591268
73,2035,310133,280695,590828
74,2035,310133,280695,590828
75,2035,310133,280695,590828
76,2035,310133,280695,590828
77,2035,310133,280695,590828
78,2035,319143,305453,624596
79,2035,319327,305676,625003
80,2035,319274,305068,624342
81,2035,318978,306401,625379
82,2035,318978,306401,625379
83,2035,318978,306401,625379
84,2035,318978,306401,625379
85,2035,318978,306401,625379
86,2035,318978,306401,625379
87,2035,318978,306401,625379
88,2035,318978,306401,625379
89,2035,318978,306401,625379
90,2035,318978,306401,625379
91,2035,318978,306401,625379
92,2035,318978,306401,625379
93,2035,318978,306401,625379
94,2035,318978,306401,625379
95,2035,318978,306401,625379
96,2035,318978,306401,625379
97,2035,318978,306401,625379
98,2035,318978,306401,625379
99,2035,318978,306401,625379
100,2035,318978,306401,625379
0,2035,268385,241393,509778
1,2035,268385,241390,509775
2,2035,268380,241388,509768
3,2035,267709,241371,509080
4,2035,268470,243650,512120
5,2035,267416,244016,511432
6,2035,265934,243834,509768
7,2035,266691,244145,510836
8,2035,268178,244052,512230
9,2035,269440,245195,514635
10,2035,291559,275769,567328
11,2035,291377,275586,566963
12,2035,267777,250630,518407
13,2035,294189,275958,570147
14,2035,274598,264382,538980
15,2035,279588,265051,544639
16,2035,295944,275372,571316
17,2035,304697,293487,598184
18,2035,307499,293193,600692
19,2035,310163,294500,604663
20,2035,310910,293627,604537
21,2035,310789,294895,605684
22,2035,311345,296514,607859
23,2035,312299,301637,613936
24,2035,313396,302298,615694
25,2035,356439,378118,734557
26,2035,445772,457877,903649
27,2035,448257,457877,906134
28,2035,448257,457877,906134
29,2035,448257,457877,906134
30,2035,450332,458146,908478
31,2035,452245,459376,911621
32,2035,474265,458887,933152
33,2035,474051,458903,932954
34,2035,477391,463686,941077
35,2035,478055,465595,943650
36,2035,479666,469676,949342
37,2035,480425,470591,951016
38,2035,481291,474292,955583
39,2035,482539,474625,957164
40,2035,484594,478643,963237
41,2035,484855,480287,965142
42,2035,485053,483142,968195
43,2035,356390,378690,735080
44,2035,356496,378690,735186
45,2035,356739,378690,735429
46,2035,356519,378690,735209
47,2035,357200,378690,735890
48,2035,357200,378690,735890
49,2035,357200,378690,735890
50,2035,357200,378690,735890
51,2035,357213,378690,735903
52,2035,356633,378690,735323
53,2035,357213,378690,735903
54,2035,357213,378690,735903
55,2035,357213,378690,735903
56,2035,318152,306041,624193
57,2035,318152,306041,624193
58,2035,318152,306041,624193
59,2035,318238,306041,624279
60,2035,318238,306041,624279
61,2035,324067,324360,648427
62,2035,324067,324360,648427
63,2035,323079,308212,631291
64,2035,316370,306032,622402
65,2035,316252,305769,622021
66,2035,318491,306041,624532
67,2035,313534,304454,617988
68,2035,283080,304564,587644
69,2035,278189,304160,582349
70,2035,276995,304160,581155
71,2035,276137,304160,580297
72,2035,278001,304407,582408
73,2035,269536,305154,574690
74,2035,272511,305154,577665
75,2035,269454,305354,574808
76,2035,272545,304578,577123
77,2035,283097,278840,561937
78,2035,312278,306087,618365
79,2035,305317,283183,588500
80,2035,306230,282904,589134
81,2035,306511,272385,578896
82,2035,309420,202690,512110
83,2035,309420,202690,512110
84,2035,309420,202780,512200
85,2035,309420,206240,515660
86,2035,309420,197748,507168
87,2035,309420,195285,504705
88,2035,309420,195285,504705
89,2035,309420,195285,504705
90,2035,309420,195285,504705
91,2035,309420,195285,504705
92,2035,309420,195285,504705
93,2035,309420,195285,504705
94,2035,309420,195285,504705
95,2035,309420,195285,504705
96,2035,309420,195285,504705
97,2035,309420,195285,504705
98,2035,309420,195285,504705
99,2035,309420,195285,504705
100,2035,309420,195285,504705
0,2035,264712,234609,499321
1,2035,266681,234890,501571
2,2035,266898,236754,503652
3,2035,263660,235080,498740
4,2035,267056,237296,504352
5,2035,261644,237086,498730
6,2035,265876,240269,506145
7,2035,266038,237968,504006
8,2035,271629,240482,512111
9,2035,269990,269722,539712
10,2035,291962,275615,567577
11,2035,292561,275926,568487
12,2035,292481,276180,568661
13,2035,293994,275759,569753
14,2035,292321,276103,568424
15,2035,282963,272882,555845
16,2035,277244,264977,542221
17,2035,311412,298732,610144
18,2035,310781,298458,609239
19,2035,314064,299539,613603
20,2035,311386,296229,607615
21,2035,311028,294728,605756
22,2035,314170,299712,613882
23,2035,315032,301379,616411
24,2035,315657,303682,619339
25,2035,361561,380613,742174
26,2035,365256,402172,767428
27,2035,367116,402041,769157
28,2035,469012,461210,930222
29,2035,469012,461210,930222
30,2035,474904,463048,937952
31,2035,470799,459217,930016
32,2035,472820,463096,935916
33,2035,474767,463126,937893
34,2035,475184,463970,939154
35,2035,476680,465745,942425
36,2035,481679,472721,954400
37,2035,481674,473315,954989
38,2035,482715,475630,958345
39,2035,483880,475935,959815
40,2035,486368,479386,965754
41,2035,486593,481283,967876
42,2035,486583,484046,970629
43,2035,485085,483993,969078
44,2035,361987,381135,743122
45,2035,361908,381134,743042
46,2035,361908,381135,743043
47,2035,361966,381134,743100
48,2035,361966,381134,743100
49,2035,361966,381134,743100
50,2035,361966,381134,743100
51,2035,361966,381134,743100
52,2035,361966,381135,743101
53,2035,361966,381134,743100
54,2035,483447,482387,965834
55,2035,361966,381134,743100
56,2035,356707,378694,735401
57,2035,322369,305431,627800
58,2035,321368,306839,628207
59,2035,318016,307086,625102
60,2035,317799,307022,624821
61,2035,312451,326150,638601
62,2035,322859,318285,641144
63,2035,345379,372532,717911
64,2035,321170,307150,628320
65,2035,320684,306212,626896
66,2035,284181,307126,591307
67,2035,319528,307210,626738
68,2035,284829,306826,591655
69,2035,269847,306412,576259
70,2035,268429,306412,574841
71,2035,267836,306668,574504
72,2035,267443,306536,573979
73,2035,267625,306588,574213
74,2035,267097,305930,573027
75,2035,266945,305821,572766
76,2035,267569,305517,573086
77,2035,267615,304241,571856
78,2035,320631,307414,628045
79,2035,308884,244248,553132
80,2035,308512,244248,552760
81,2035,308407,227049,535456
82,2035,308763,200618,509381
83,2035,308763,200618,509381
84,2035,308763,200618,509381
85,2035,308763,201495,510258
86,2035,308763,195178,503941
87,2035,308763,193070,501833
88,2035,308763,193070,501833
89,2035,308763,193070,501833
90,2035,308763,193070,501833
91,2035,309057,193070,502127
92,2035,309057,193070,502127
93,2035,309057,193070,502127
94,2035,309057,193070,502127
95,2035,309057,193070,502127
96,2035,309057,193070,502127
97,2035,309057,193070,502127
98,2035,309057,193070,502127
99,2035,309057,193070,502127
100,2035,309057,193070,502127
0,2035,282901,273799,556700
1,2035,255497,236606,492103
2,2035,274685,237605,512290
3,2035,274611,237393,512004
4,2035,268248,237360,505608
5,2035,274939,240945,515884
6,2035,275886,243405,519291
7,2035,267080,244820,511900
8,2035,260182,244692,504874
9,2035,263038,245324,508362
10,2035,269417,244497,513914
11,2035,269899,252162,522061
12,2035,293795,279729,573524
13,2035,294008,275538,569546
14,2035,295864,283192,579056
15,2035,294288,289827,584115
16,2035,283030,273639,556669
17,2035,303425,295409,598834
18,2035,308317,293090,601407
19,2035,310176,292651,602827
20,2035,308767,292214,600981
21,2035,310132,295723,605855
22,2035,310386,290602,600988
23,2035,314827,301711,616538
24,2035,315265,303529,618794
25,2035,312880,322994,635874
26,2035,319530,335721,655251
27,2035,351106,371108,722214
28,2035,361180,371541,732721
29,2035,477503,464118,941621
30,2035,477237,464038,941275
31,2035,477142,464227,941369
32,2035,476261,464292,940553
33,2035,476726,464292,941018
34,2035,477061,464645,941706
35,2035,479019,467219,946238
36,2035,482317,474669,956986
37,2035,482394,474951,957345
38,2035,483956,476259,960215
39,2035,485026,477100,962126
40,2035,486466,481697,968163
41,2035,486409,482936,969345
42,2035,486653,486007,972660
43,2035,486579,485418,971997
44,2035,485138,484241,969379
45,2035,424290,426508,850798
46,2035,357815,369687,727502
47,2035,320239,329127,649366
48,2035,314764,321801,636565
49,2035,309223,319110,628333
50,2035,309223,319170,628393
51,2035,305798,318668,624466
52,2035,306949,319281,626230
53,2035,306949,319281,626230
54,2035,363848,370834,734682
55,2035,333457,359825,693282
56,2035,361838,380576,742414
57,2035,356270,378440,734710
58,2035,322436,305324,627760
59,2035,319994,306266,626260
60,2035,319854,306076,625930
61,2035,316269,322368,638637
62,2035,329722,326295,656017
63,2035,310555,320942,631497
64,2035,323614,314076,637690
65,2035,322361,305577,627938
66,2035,319351,306538,625889
67,2035,296748,306752,603500
68,2035,318344,307787,626131
69,2035,269262,307234,576496
70,2035,267440,307234,574674
71,2035,266643,308870,575513
72,2035,266154,307780,573934
73,2035,266232,306359,572591
74,2035,265933,306179,572112
75,2035,265602,305722,571324
76,2035,268651,303602,572253
77,2035,282162,305905,588067
78,2035,293654,306371,600025
79,2035,282660,245138,527798
80,2035,282136,245138,527274
81,2035,283231,238029,521260
82,2035,282878,226730,509608
83,2035,282878,200874,483752
84,2035,282878,200874,483752
85,2035,282878,201740,484618
86,2035,282878,195188,478066
87,2035,282878,192711,475589
88,2035,282878,192711,475589
89,2035,282878,192711,475589
90,2035,282878,192711,475589
91,2035,282878,192711,475589
92,2035,282878,192711,475589
93,2035,282878,192711,475589
94,2035,282878,192711,475589
95,2035,282878,192711,475589
96,2035,282878,192711,475589
97,2035,282878,192711,475589
98,2035,282878,192711,475589
99,2035,282878,192711,475589
100,2035,282878,192711,475589
0,2035,279849,267198,547047
1,2035,277051,269431,546482
2,2035,267251,249711,516962
3,2035,267946,249677,517623
4,2035,270065,249936,520001
5,2035,264693,246149,510842
6,2035,254009,245566,499575
7,2035,274024,245732,519756
8,2035,241976,245892,487868
9,2035,251816,244119,495935
10,2035,267016,237878,504894
11,2035,284132,270180,554312
12,2035,269807,260648,530455
13,2035,294137,275969,570106
14,2035,289579,271744,561323
15,2035,295733,276460,572193
16,2035,295980,297046,593026
17,2035,283225,266264,549489
18,2035,306893,294176,601069
19,2035,306987,291638,598625
20,2035,311081,295753,606834
21,2035,308294,313401,621695
22,2035,309272,290875,600147
23,2035,315982,301920,617902
24,2035,315835,303524,619359
25,2035,321900,325661,647561
26,2035,307042,322693,629735
27,2035,310788,325727,636515
28,2035,323905,363967,687872
29,2035,365519,376877,742396
30,2035,470733,461988,932721
31,2035,470478,460888,931366
32,2035,437825,440547,878372
33,2035,461894,462786,924680
34,2035,436852,441052,877904
35,2035,437402,441186,878588
36,2035,468275,469143,937418
37,2035,470110,470129,940239
38,2035,471824,474718,946542
39,2035,472829,475005,947834
40,2035,475903,479309,955212
41,2035,476476,482971,959447
42,2035,478445,485155,963600
43,2035,486584,488972,975556
44,2035,486647,485965,972612
45,2035,485138,483993,969131
46,2035,394631,409979,804610
47,2035,352933,379108,732041
48,2035,347592,375506,723098
49,2035,344729,371683,716412
50,2035,324874,340103,664977
51,2035,324646,364256,688902
52,2035,324840,343876,668716
53,2035,325601,364204,689805
54,2035,302545,324362,626907
55,2035,303367,325896,629263
56,2035,306871,318213,625084
57,2035,361516,379781,741297
58,2035,356698,377640,734338
59,2035,322273,305446,627719
60,2035,322273,305894,628167
61,2035,327411,316680,644091
62,2035,326393,327741,654134
63,2035,321341,319869,641210
64,2035,313876,324978,638854
65,2035,318397,306045,624442
66,2035,322164,307557,629721
67,2035,320864,307242,628106
68,2035,283945,308560,592505
69,2035,285957,312944,598901
70,2035,267657,308973,576630
71,2035,266224,309671,575895
72,2035,265796,308004,573800
73,2035,264219,309290,573509
74,2035,278429,306719,585148
75,2035,264769,306301,571070
76,2035,268053,306354,574407
77,2035,268378,306845,575223
78,2035,323061,305901,628962
79,2035,283471,245002,528473
80,2035,283369,245002,528371
81,2035,294317,237298,531615
82,2035,251042,227953,478995
83,2035,250443,200954,451397
84,2035,250443,200954,451397
85,2035,250237,201952,452189
86,2035,246341,195188,441529
87,2035,243812,192646,436458
88,2035,243812,192646,436458
89,2035,243812,192646,436458
90,2035,243812,192646,436458
91,2035,246153,192646,438799
92,2035,246153,192646,438799
93,2035,246153,192646,438799
94,2035,246153,192646,438799
95,2035,246153,192646,438799
96,2035,246153,192646,438799
97,2035,246153,192646,438799
98,2035,246153,192646,438799
99,2035,246153,192646,438799
100,2035,246153,192646,438799
0,2035,279502,269519,549021
1,2035,280443,268351,548794
2,2035,282109,268841,550950
3,2035,281690,268789,550479
4,2035,273130,268216,541346
5,2035,281523,268780,550303
6,2035,279434,268839,548273
7,2035,271170,259965,531135
8,2035,268536,253324,521860
9,2035,271340,262707,534047
10,2035,263728,246345,510073
11,2035,283114,275330,558444
12,2035,274706,259531,534237
13,2035,293982,275969,569951
14,2035,294253,276381,570634
15,2035,295417,274123,569540
16,2035,297416,294264,591680
17,2035,314781,302887,617668
18,2035,301535,289453,590988
19,2035,307320,290621,597941
20,2035,309914,292229,602143
21,2035,306566,292575,599141
22,2035,307609,299451,607060
23,2035,311884,298626,610510
24,2035,312601,299731,612332
25,2035,325745,316593,642338
26,2035,329526,322911,652437
27,2035,330220,322098,652318
28,2035,332884,322522,655406
29,2035,333543,330084,663627
30,2035,347465,334701,682166
31,2035,366858,358780,725638
32,2035,367651,365880,733531
33,2035,366877,360156,727033
34,2035,370128,365383,735511
35,2035,468491,465135,933626
36,2035,466699,467358,934057
37,2035,466857,467308,934165
38,2035,471516,472124,943640
39,2035,473817,475154,948971
40,2035,474886,476978,951864
41,2035,475227,476915,952142
42,2035,475279,477842,953121
43,2035,478313,487431,965744
44,2035,486705,490099,976804
45,2035,486656,485574,972230
46,2035,485138,484151,969289
47,2035,485123,485948,971071
48,2035,409005,413091,822096
49,2035,409005,413116,822121
50,2035,387783,397990,785773
51,2035,388128,398014,786142
52,2035,387061,398216,785277
53,2035,384412,398261,782673
54,2035,365533,386266,751799
55,2035,366918,394555,761473
56,2035,326585,344638,671223
57,2035,309031,320097,629128
58,2035,363009,388906,751915
59,2035,358587,380839,739426
60,2035,357307,378839,736146
61,2035,327022,327875,654897
62,2035,331514,317008,648522
63,2035,331046,319232,650278
64,2035,326738,317046,643784
65,2035,324688,306811,631499
66,2035,322128,306771,628899
67,2035,324103,307802,631905
68,2035,319841,338525,658366
69,2035,282972,329649,612621
70,2035,269262,332678,601940
71,2035,268405,332243,600648
72,2035,267852,333877,601729
73,2035,267495,332305,599800
74,2035,267514,334257,601771
75,2035,269215,333874,603089
76,2035,266413,334543,600956
77,2035,267644,332406,600050
78,2035,278090,308165,586255
79,2035,257889,251341,509230
80,2035,257606,251716,509322
81,2035,247369,238126,485495
82,2035,231421,227505,458926
83,2035,223519,212840,436359
84,2035,223283,200907,424190
85,2035,223283,201946,425229
86,2035,221964,195188,417152
87,2035,221608,192646,414254
88,2035,221608,192646,414254
89,2035,221608,192646,414254
90,2035,221608,192646,414254
91,2035,221776,192646,414422
92,2035,221776,192646,414422
93,2035,221776,192646,414422
94,2035,221776,192646,414422
95,2035,221776,192646,414422
96,2035,221776,192646,414422
97,2035,221776,192646,414422
98,2035,221776,192646,414422
99,2035,221776,192646,414422
100,2035,221776,192646,414422
0,2035,283024,273940,556964
1,2035,279600,269426,549026
2,2035,279536,268543,548079
3,2035,279488,268543,548031
4,2035,280719,268285,549004
5,2035,279510,268174,547684
6,2035,279652,268233,547885
7,2035,282123,268055,550178
8,2035,282201,269245,551446
9,2035,270962,254143,525105
10,2035,282926,268634,551560
11,2035,265318,245089,510407
12,2035,283469,275341,558810
13,2035,269746,263942,533688
14,2035,295552,277350,572902
15,2035,295799,275992,571791
16,2035,311342,322849,634191
17,2035,308277,299362,607639
18,2035,302910,292056,594966
19,2035,309076,293271,602347
20,2035,307463,291660,599123
21,2035,311748,293826,605574
22,2035,310485,293960,604445
23,2035,312254,299502,611756
24,2035,312434,300521,612955
25,2035,323118,314040,637158
26,2035,328079,314341,642420
27,2035,330076,318957,649033
28,2035,330012,321205,651217
29,2035,331337,322449,653786
30,2035,333680,332003,665683
31,2035,343101,340138,683239
32,2035,361123,354054,715177
33,2035,361298,367506,728804
34,2035,361345,358328,719673
35,2035,382753,369557,752310
36,2035,370642,367423,738065
37,2035,463136,467245,930381
38,2035,467333,469156,936489
39,2035,470091,473866,943957
40,2035,472417,474677,947094
41,2035,472647,474472,947119
42,2035,472962,475714,948676
43,2035,474505,477028,951533
44,2035,478379,489504,967883
45,2035,487791,492466,980257
46,2035,486647,486299,972946
47,2035,486644,487200,973844
48,2035,485113,486524,971637
49,2035,484090,484985,969075
50,2035,444999,460473,905472
51,2035,444946,460473,905419
52,2035,439497,457332,896829
53,2035,422335,431848,854183
54,2035,366002,372609,738611
55,2035,374984,403994,778978
56,2035,345296,385520,730816
57,2035,327173,345797,672970
58,2035,314882,320561,635443
59,2035,363645,388977,752622
60,2035,363233,389049,752282
61,2035,360491,378204,738695
62,2035,328777,324044,652821
63,2035,329013,312555,641568
64,2035,329228,339423,668651
65,2035,325792,307533,633325
66,2035,314181,319358,633539
67,2035,326080,313052,639132
68,2035,310044,315397,625441
69,2035,299373,336271,635644
70,2035,269164,319906,589070
71,2035,270110,319083,589193
72,2035,271391,318841,590232
73,2035,269111,317977,587088
74,2035,268610,318918,587528
75,2035,267142,316947,584089
76,2035,262965,318154,581119
77,2035,264271,315793,580064
78,2035,277522,313850,591372
79,2035,247184,298759,545943
80,2035,243015,253556,496571
81,2035,234391,238632,473023
82,2035,223097,226616,449713
83,2035,217644,213798,431442
84,2035,217327,200907,418234
85,2035,217660,201757,419417
86,2035,215202,195188,410390
87,2035,214552,192646,407198
88,2035,214552,192646,407198
89,2035,214552,192646,407198
90,2035,214552,192646,407198
91,2035,215010,192646,407656
92,2035,215010,192646,407656
93,2035,215010,192646,407656
94,2035,215010,192646,407656
95,2035,215010,192646,407656
96,2035,215010,192646,407656
97,2035,215010,192646,407656
98,2035,215010,192646,407656
99,2035,215010,192646,407656
100,2035,215010,192646,407656
0,2035,291504,274826,566330
1,2035,282898,272015,554913
2,2035,280186,269062,549248
3,2035,279907,269438,549345
4,2035,280852,268307,549159
5,2035,279761,269042,548803
6,2035,279902,269054,548956
7,2035,280042,268499,548541
8,2035,279568,268230,547798
9,2035,281166,270367,551533
10,2035,279874,268356,548230
11,2035,285174,273483,558657
12,2035,283199,274423,557622
13,2035,284698,272502,557200
14,2035,292973,275258,568231
15,2035,300875,303733,604608
16,2035,316417,317192,633609
17,2035,309285,298139,607424
18,2035,305484,294965,600449
19,2035,310499,292402,602901
20,2035,307626,291548,599174
21,2035,313262,294412,607674
22,2035,312273,297956,610229
23,2035,315792,300686,616478
24,2035,314518,300857,615375
25,2035,322750,318430,641180
26,2035,325728,310385,636113
27,2035,326523,311397,637920
28,2035,329592,314725,644317
29,2035,330614,319439,650053
30,2035,331762,320673,652435
31,2035,340026,332786,672812
32,2035,345474,339173,684647
33,2035,408395,413952,822347
34,2035,474625,464034,938659
35,2035,434553,441370,875923
36,2035,465621,469041,934662
37,2035,382351,369849,752200
38,2035,463626,468861,932487
39,2035,464297,468989,933286
40,2035,469829,472984,942813
41,2035,468771,471573,940344
42,2035,470059,473420,943479
43,2035,472236,476347,948583
44,2035,475041,479140,954181
45,2035,478718,492381,971099
46,2035,486704,490009,976713
47,2035,486630,490806,977436
48,2035,486613,487561,974174
49,2035,486589,487762,974351
50,2035,486282,486957,973239
51,2035,386664,407044,793708
52,2035,394946,410151,805097
53,2035,407094,411826,818920
54,2035,387383,399387,786770
55,2035,386016,408388,794404
56,2035,363768,382008,745776
57,2035,345342,385787,731129
58,2035,326986,333402,660388
59,2035,306532,319904,626436
60,2035,360470,391533,752003
61,2035,369970,392193,762163
62,2035,360334,379040,739374
63,2035,329096,323752,652848
64,2035,328172,319702,647874
65,2035,325526,306259,631785
66,2035,327972,318371,646343
67,2035,318455,320287,638742
68,2035,318319,321842,640161
69,2035,286375,317609,603984
70,2035,298903,333795,632698
71,2035,274269,322311,596580
72,2035,271716,320220,591936
73,2035,271067,319946,591013
74,2035,270622,317299,587921
75,2035,272098,316105,588203
76,2035,270552,318354,588906
77,2035,271563,316313,587876
78,2035,272160,319803,591963
79,2035,236068,293218,529286
80,2035,234403,255789,490192
81,2035,229990,238204,468194
82,2035,216363,226646,443009
83,2035,213410,214267,427677
84,2035,212463,200907,413370
85,2035,212592,201946,414538
86,2035,213701,195188,408889
87,2035,213762,192646,406408
88,2035,213762,192646,406408
89,2035,213762,192646,406408
90,2035,213762,192646,406408
91,2035,213786,192646,406432
92,2035,213786,192646,406432
93,2035,213786,192646,406432
94,2035,213786,192646,406432
95,2035,213786,192646,406432
96,2035,213786,192646,406432
97,2035,213786,192646,406432
98,2035,213786,192646,406432
99,2035,213786,192646,406432
100,2035,213786,192646,406432
0,2035,291678,274244,565922
1,2035,291482,275024,566506
2,2035,291433,274999,566432
3,2035,291503,275043,566546
4,2035,291493,275477,566970
5,2035,283368,272993,556361
6,2035,283288,274524,557812
7,2035,282001,270661,552662
8,2035,274786,269435,544221
9,2035,281687,271288,552975
10,2035,280227,269061,549288
11,2035,283800,275351,559151
12,2035,282307,269725,552032
13,2035,283485,275714,559199
14,2035,271379,264019,535398
15,2035,292137,306740,598877
16,2035,311492,322477,633969
17,2035,315401,320889,636290
18,2035,307052,299707,606759
19,2035,311761,296926,608687
20,2035,309797,291586,601383
21,2035,309143,292895,602038
22,2035,311782,295480,607262
23,2035,313292,295929,609221
24,2035,313506,301177,614683
25,2035,313115,310845,623960
26,2035,325057,314267,639324
27,2035,325473,311059,636532
28,2035,326623,310704,637327
29,2035,329585,316563,646148
30,2035,329984,321731,651715
31,2035,336190,324142,660332
32,2035,339739,333970,673709
33,2035,346016,336131,682147
34,2035,402898,411586,814484
35,2035,419458,427094,846552
36,2035,457585,461937,919522
37,2035,460674,464522,925196
38,2035,458397,463527,921924
39,2035,458665,463123,921788
40,2035,466573,468842,935415
41,2035,466348,467142,933490
42,2035,469982,471018,941000
43,2035,469941,472687,942628
44,2035,472639,476390,949029
45,2035,480640,479171,959811
46,2035,478132,490057,968189
47,2035,478232,489613,967845
48,2035,486602,491067,977669
49,2035,488545,491217,979762
50,2035,488660,491215,979875
51,2035,486829,491076,977905
52,2035,487683,494086,981769
53,2035,438041,452770,890811
54,2035,407911,413042,820953
55,2035,403963,414780,818743
56,2035,375203,393658,768861
57,2035,363616,385173,748789
58,2035,343949,384644,728593
59,2035,326657,330673,657330
60,2035,304203,358394,662597
61,2035,375843,402306,778149
62,2035,373493,395510,769003
63,2035,360516,379493,740009
64,2035,327792,321510,649302
65,2035,326096,310718,636814
66,2035,327184,328993,656177
67,2035,328527,316224,644751
68,2035,323401,321854,645255
69,2035,317099,324660,641759
70,2035,293628,321579,615207
71,2035,283361,341317,624678
72,2035,270125,331613,601738
73,2035,270548,330433,600981
74,2035,272918,328574,601492
75,2035,270818,323612,594430
76,2035,269352,322114,591466
77,2035,271064,335726,606790
78,2035,267524,314440,581964
79,2035,240804,308064,548868
80,2035,232856,300919,533775
81,2035,219785,251666,471451
82,2035,214578,226608,441186
83,2035,215174,217977,433151
84,2035,214892,201080,415972
85,2035,214891,201930,416821
86,2035,214996,195270,410266
87,2035,214996,192727,407723
88,2035,214996,192727,407723
89,2035,214996,192727,407723
90,2035,214996,192727,407723
91,2035,214996,192727,407723
92,2035,214996,192727,407723
93,2035,214996,192727,407723
94,2035,214996,192727,407723
95,2035,214996,192727,407723
96,2035,214996,192727,407723
97,2035,214996,192727,407723
98,2035,214996,192727,407723
99,2035,214996,192727,407723
100,2035,214996,192727,407723
0,2035,271343,255082,526425
1,2035,291624,274238,565862
2,2035,291731,275154,566885
3,2035,291998,275409,567407
4,2035,292118,274669,566787
5,2035,291723,275112,566835
6,2035,283333,273533,556866
7,2035,283125,272065,555190
8,2035,283632,273966,557598
9,2035,288981,270398,559379
10,2035,283339,274219,557558
11,2035,280702,268283,548985
12,2035,283130,272251,555381
13,2035,282722,272234,554956
14,2035,284035,272612,556647
15,2035,289573,297504,587077
16,2035,313774,314404,628178
17,2035,313687,321133,634820
18,2035,305370,294959,600329
19,2035,318252,300092,618344
20,2035,308399,291644,600043
21,2035,311073,290949,602022
22,2035,312776,298069,610845
23,2035,312704,300058,612762
24,2035,311822,297862,609684
25,2035,310997,296076,607073
26,2035,326182,313375,639557
27,2035,323948,310037,633985
28,2035,327241,312717,639958
29,2035,329370,317610,646980
30,2035,329566,318635,648201
31,2035,328262,320284,648546
32,2035,330977,323998,654975
33,2035,330559,375034,705593
34,2035,361037,380565,741602
35,2035,364415,358074,722489
36,2035,436640,442626,879266
37,2035,458565,462419,920984
38,2035,457287,464666,921953
39,2035,457441,464073,921514
40,2035,458316,463178,921494
41,2035,457988,463211,921199
42,2035,462108,467579,929687
43,2035,470746,471197,941943
44,2035,470383,474485,944868
45,2035,472744,476752,949496
46,2035,475281,478414,953695
47,2035,475582,479286,954868
48,2035,479021,492634,971655
49,2035,479750,494315,974065
50,2035,485221,491948,977169
51,2035,484879,489226,974105
52,2035,484764,489195,973959
53,2035,484532,486231,970763
54,2035,462047,470353,932400
55,2035,435310,452123,887433
56,2035,408796,413205,822001
57,2035,375634,394360,769994
58,2035,364126,386993,751119
59,2035,347549,386076,733625
60,2035,323395,370208,693603
61,2035,304732,337511,642243
62,2035,378920,403672,782592
63,2035,367263,391206,758469
64,2035,358179,381598,739777
65,2035,327432,328935,656367
66,2035,329128,314628,643756
67,2035,328665,318120,646785
68,2035,329023,318864,647887
69,2035,324375,322110,646485
70,2035,303439,325060,628499
71,2035,302922,350305,653227
72,2035,271855,341834,613689
73,2035,274776,319336,594112
74,2035,272223,318554,590777
75,2035,273198,316441,589639
76,2035,273491,321372,594863
77,2035,274102,316654,590756
78,2035,270823,321607,592430
79,2035,248940,310012,558952
80,2035,228862,293524,522386
81,2035,216708,254001,470709
82,2035,215282,238713,453995
83,2035,215313,225539,440852
84,2035,214998,201080,416078
85,2035,214998,201930,416928
86,2035,215028,195270,410298
87,2035,215028,192727,407755
88,2035,215028,192727,407755
89,2035,215028,192727,407755
90,2035,215028,192727,407755
91,2035,215028,192727,407755
92,2035,215028,192727,407755
93,2035,215028,192727,407755
94,2035,215028,192727,407755
95,2035,215028,192727,407755
96,2035,215028,192727,407755
97,2035,215028,192727,407755
98,2035,215028,192727,407755
99,2035,215028,192727,407755
100,2035,215028,192727,407755
0,2035,270604,254986,525590
1,2035,271075,255082,526157
2,2035,291638,274643,566281
3,2035,291817,274538,566355
4,2035,291930,274739,566669
5,2035,292032,274194,566226
6,2035,291820,274473,566293
7,2035,291727,274713,566440
8,2035,283480,273466,556946
9,2035,291701,274523,566224
10,2035,291765,275230,566995
11,2035,291938,275422,567360
12,2035,292846,275960,568806
13,2035,293956,276298,570254
14,2035,294127,295956,590083
15,2035,292021,273417,565438
16,2035,318042,321979,640021
17,2035,317457,318796,636253
18,2035,306304,295868,602172
19,2035,315647,305351,620998
20,2035,304477,293810,598287
21,2035,310849,294363,605212
22,2035,311545,293908,605453
23,2035,309590,305861,615451
24,2035,310753,296838,607591
25,2035,311356,295924,607280
26,2035,321074,309528,630602
27,2035,320325,301852,622177
28,2035,327014,311512,638526
29,2035,328986,316085,645071
30,2035,329396,317749,647145
31,2035,331152,325515,656667
32,2035,328190,321809,649999
33,2035,339476,331061,670537
34,2035,333796,339315,673111
35,2035,344513,344444,688957
36,2035,375041,380083,755124
37,2035,364473,363169,727642
38,2035,457757,464782,922539
39,2035,457957,464551,922508
40,2035,458715,463657,922372
41,2035,457862,467051,924913
42,2035,457794,470603,928397
43,2035,457947,465660,923607
44,2035,470566,470645,941211
45,2035,472132,475480,947612
46,2035,472697,476215,948912
47,2035,473014,477439,950453
48,2035,474442,480010,954452
49,2035,481351,490765,972116
50,2035,479035,491245,970280
51,2035,485079,493542,978621
52,2035,486935,494335,981270
53,2035,486817,493064,979881
54,2035,486012,487983,973995
55,2035,483455,482987,966442
56,2035,436071,451582,887653
57,2035,408727,412992,821719
58,2035,377397,394909,772306
59,2035,364185,381419,745604
60,2035,364683,387855,752538
61,2035,323882,370711,694593
62,2035,307239,343861,651100
63,2035,376417,396540,772957
64,2035,376092,397110,773202
65,2035,333536,368113,701649
66,2035,327673,347465,675138
67,2035,328677,316255,644932
68,2035,327770,316635,644405
69,2035,328369,320439,648808
70,2035,310638,321785,632423
71,2035,281499,317753,599252
72,2035,299576,322898,622474
73,2035,273408,333218,606626
74,2035,271994,318371,590365
75,2035,272320,314742,587062
76,2035,271174,320629,591803
77,2035,270308,308661,578969
78,2035,268534,329906,598440
79,2035,244952,310858,555810
80,2035,237425,305258,542683
81,2035,216966,256601,473567
82,2035,215584,238514,454098
83,2035,215547,225722,441269
84,2035,215089,201472,416561
85,2035,215089,203886,418975
86,2035,215089,195270,410359
87,2035,215089,192727,407816
88,2035,215089,192727,407816
89,2035,215104,192727,407831
90,2035,215089,192727,407816
91,2035,215089,192727,407816
92,2035,215089,192727,407816
93,2035,215086,192727,407813
94,2035,215086,192727,407813
95,2035,215086,192727,407813
96,2035,215086,192727,407813
97,2035,215086,192727,407813
98,2035,215086,192727,407813
99,2035,215086,192727,407813
100,2035,215086,192727,407813
0,2035,266647,238196,504843
1,2035,284192,270120,554312
2,2035,271999,256100,528099
3,2035,290825,275470,566295
4,2035,291382,275191,566573
5,2035,292473,275209,567682
6,2035,292509,275344,567853
7,2035,292174,274981,567155
8,2035,291995,274637,566632
9,2035,280780,272037,552817
10,2035,291799,275185,566984
11,2035,292538,276938,569476
12,2035,293641,275290,568931
13,2035,295571,276375,571946
14,2035,296321,285847,582168
15,2035,295449,275936,571385
16,2035,304115,301240,605355
17,2035,306078,292058,598136
18,2035,302899,277102,580001
19,2035,316000,323450,639450
20,2035,311721,298467,610188
21,2035,306212,291078,597290
22,2035,311793,298982,610775
23,2035,312562,301602,614164
24,2035,312390,297186,609576
25,2035,311359,295858,607217
26,2035,313046,304763,617809
27,2035,315200,299146,614346
28,2035,325971,311312,637283
29,2035,328632,312958,641590
30,2035,329162,316316,645478
31,2035,329735,319322,649057
32,2035,332181,326527,658708
33,2035,328335,322467,650802
34,2035,338857,327438,666295
35,2035,344408,341681,686089
36,2035,354303,349945,704248
37,2035,356094,378362,734456
38,2035,380579,368944,749523
39,2035,458668,464794,923462
40,2035,457825,465416,923241
41,2035,391618,390277,781895
42,2035,457824,467119,924943
43,2035,457472,468299,925771
44,2035,458634,465564,924198
45,2035,466267,468678,934945
46,2035,470338,473038,943376
47,2035,472749,477241,949990
48,2035,472617,477194,949811
49,2035,476044,480571,956615
50,2035,473203,480314,953517
51,2035,475981,490043,966024
52,2035,478501,490781,969282
53,2035,487424,499676,987100
54,2035,487817,490930,978747
55,2035,486607,489727,976334
56,2035,462839,476001,938840
57,2035,438128,455645,893773
58,2035,386128,406399,792527
59,2035,374807,394263,769070
60,2035,365358,373177,738535
61,2035,364230,384180,748410
62,2035,328936,372747,701683
63,2035,304196,335733,639929
64,2035,378593,405036,783629
65,2035,361142,381649,742791
66,2035,334823,370223,705046
67,2035,327653,327862,655515
68,2035,327943,313226,641169
69,2035,324393,317197,641590
70,2035,329124,322904,652028
71,2035,313733,323014,636747
72,2035,279664,315050,594714
73,2035,283232,320924,604156
74,2035,269937,328872,598809
75,2035,284782,318821,603603
76,2035,270752,325457,596209
77,2035,271286,314875,586161
78,2035,269252,321346,590598
79,2035,257154,311510,568664
80,2035,242483,300688,543171
81,2035,224699,300201,524900
82,2035,216572,250569,467141
83,2035,215674,225569,441243
84,2035,215359,218045,433404
85,2035,215162,206876,422038
86,2035,215089,195270,410359
87,2035,214879,192727,407606
88,2035,214879,192727,407606
89,2035,214855,192727,407582
90,2035,214879,192727,407606
91,2035,214862,192727,407589
92,2035,214879,192727,407606
93,2035,214838,192727,407565
94,2035,214838,192727,407565
95,2035,214838,192727,407565
96,2035,214838,192727,407565
97,2035,214838,192727,407565
98,2035,214838,192727,407565
99,2035,214838,192727,407565
100,2035,214838,192727,407565
0,2035,257907,219002,476909
1,2035,267964,243807,511771
2,2035,283643,269951,553594
3,2035,269457,248786,518243
4,2035,291477,275548,567025
5,2035,291656,275403,567059
6,2035,292746,275115,567861
7,2035,292999,275837,568836
8,2035,292420,275317,567737
9,2035,292439,275387,567826
10,2035,292314,274827,567141
11,2035,285154,270540,555694
12,2035,294994,276114,571108
13,2035,292620,274307,566927
14,2035,293213,273642,566855
15,2035,295428,276120,571548
16,2035,303453,277859,581312
17,2035,302965,278445,581410
18,2035,310031,277438,587469
19,2035,304826,320014,624840
20,2035,309545,293672,603217
21,2035,317710,305881,623591
22,2035,312383,294575,606958
23,2035,313730,301083,614813
24,2035,315700,302068,617768
25,2035,314742,303600,618342
26,2035,310541,297705,608246
27,2035,311799,301782,613581
28,2035,325465,305331,630796
29,2035,328474,313655,642129
30,2035,327412,310862,638274
31,2035,330108,318098,648206
32,2035,329419,319314,648733
33,2035,329366,321523,650889
34,2035,332995,321164,654159
35,2035,335796,327872,663668
36,2035,344835,338503,683338
37,2035,352134,350159,702293
38,2035,363858,362394,726252
39,2035,458140,464651,922791
40,2035,457441,468863,926304
41,2035,460202,478216,938418
42,2035,457330,476519,933849
43,2035,456749,468734,925483
44,2035,457159,467150,924309
45,2035,462856,470606,933462
46,2035,460624,464124,924748
47,2035,469934,471924,941858
48,2035,469407,475455,944862
49,2035,472284,478201,950485
50,2035,472326,478141,950467
51,2035,473203,479893,953096
52,2035,479005,489386,968391
53,2035,479657,493080,972737
54,2035,486189,494245,980434
55,2035,486953,493667,980620
56,2035,487710,492124,979834
57,2035,473686,481852,955538
58,2035,434931,451365,886296
59,2035,382818,406436,789254
60,2035,381394,399682,781076
61,2035,364588,370100,734688
62,2035,363645,369397,733042
63,2035,324538,370505,695043
64,2035,322364,366143,688507
65,2035,375246,392649,767895
66,2035,361845,380943,742788
67,2035,328231,321152,649383
68,2035,327448,335588,663036
69,2035,328988,317062,646050
70,2035,326684,317384,644068
71,2035,327501,322350,649851
72,2035,277037,322553,599590
73,2035,282996,322686,605682
74,2035,282707,319919,602626
75,2035,272706,312499,585205
76,2035,270423,326060,596483
77,2035,273610,330893,604503
78,2035,269179,313173,582352
79,2035,259937,324794,584731
80,2035,240958,302956,543914
81,2035,221897,285840,507737
82,2035,217064,250298,467362
83,2035,215674,226276,441950
84,2035,215396,227574,442970
85,2035,215089,203843,418932
86,2035,215089,195270,410359
87,2035,215066,192727,407793
88,2035,215066,192727,407793
89,2035,215063,192727,407790
90,2035,215063,192727,407790
91,2035,215063,192727,407790
92,2035,215063,192727,407790
93,2035,215063,192727,407790
94,2035,215063,192727,407790
95,2035,214734,192727,407461
96,2035,214734,192727,407461
97,2035,214734,192727,407461
98,2035,214734,192727,407461
99,2035,214734,192727,407461
100,2035,214734,192727,407461
0,2036,292160,275407,567567
1,2036,292160,275407,567567
2,2036,292156,275407,567563
3,2036,292317,275433,567750
4,2036,292459,275435,567894
5,2036,292604,275460,568064
6,2036,292715,275538,568253
7,2036,292699,275529,568228
8,2036,292688,275503,568191
9,2036,292689,275485,568174
10,2036,292704,275551,568255
11,2036,292828,275972,568800
12,2036,293342,276256,569598
13,2036,293719,276375,570094
14,2036,293758,276281,570039
15,2036,293823,276272,570095
16,2036,294123,276355,570478
17,2036,294561,276410,570971
18,2036,295789,276733,572522
19,2036,296731,278188,574919
20,2036,296795,278225,575020
21,2036,296833,278284,575117
22,2036,296862,278532,575394
23,2036,296890,278545,575435
24,2036,296890,278545,575435
25,2036,296890,278545,575435
26,2036,296890,278545,575435
27,2036,296890,278545,575435
28,2036,296890,278545,575435
29,2036,296890,278545,575435
30,2036,296890,278545,575435
31,2036,296890,278545,575435
32,2036,296890,278545,575435
33,2036,296890,278545,575435
34,2036,296890,278545,575435
35,2036,296890,278545,575435
36,2036,296890,278545,575435
37,2036,296890,278545,575435
38,2036,296890,278545,575435
39,2036,296890,278545,575435
40,2036,296890,278545,575435
41,2036,296890,278545,575435
42,2036,296890,278545,575435
43,2036,296890,278545,575435
44,2036,296890,278545,575435
45,2036,296890,278545,575435
46,2036,296881,278545,575426
47,2036,296873,278545,575418
48,2036,296873,278545,575418
49,2036,296873,278545,575418
50,2036,296873,278545,575418
51,2036,296873,278595,575468
52,2036,296873,278595,575468
53,2036,296873,278595,575468
54,2036,296873,278595,575468
55,2036,296873,278595,575468
56,2036,296873,278595,575468
57,2036,296873,278595,575468
58,2036,296873,278595,575468
59,2036,296873,278595,575468
60,2036,296873,278595,575468
61,2036,296873,278595,575468
62,2036,296873,278595,575468
63,2036,296873,278595,575468
64,2036,296825,278595,575420
65,2036,296825,278595,575420
66,2036,296738,278595,575333
67,2036,296738,278595,575333
68,2036,296472,278595,575067
69,2036,296377,278595,574972
70,2036,296237,278595,574832
71,2036,295800,278595,574395
72,2036,295800,278595,574395
73,2036,295461,278595,574056
74,2036,295423,278595,574018
75,2036,295423,278595,574018
76,2036,295423,278595,574018
77,2036,295423,278595,574018
78,2036,295423,279554,574977
79,2036,295423,279363,574786
80,2036,295423,279614,575037
81,2036,295423,279743,575166
82,2036,295423,279743,575166
83,2036,295423,279743,575166
84,2036,295423,279743,575166
85,2036,295423,279743,575166
86,2036,295423,279743,575166
87,2036,295423,279743,575166
88,2036,295423,279743,575166
89,2036,295423,279743,575166
90,2036,295423,279743,575166
91,2036,295423,279743,575166
92,2036,295423,279743,575166
93,2036,295423,279743,575166
94,2036,295423,279743,575166
95,2036,295423,279743,575166
96,2036,295423,279743,575166
97,2036,295423,279743,575166
98,2036,295423,279743,575166
99,2036,295423,279743,575166
100,2036,295423,279743,575166
0,2036,292266,275259,567525
1,2036,292266,275259,567525
2,2036,292259,275259,567518
3,2036,292436,275274,567710
4,2036,292615,275193,567808
5,2036,292741,275299,568040
6,2036,292868,275406,568274
7,2036,292842,275390,568232
8,2036,292820,275364,568184
9,2036,292815,275344,568159
10,2036,292810,275474,568284
11,2036,292862,275699,568561
12,2036,293184,275754,568938
13,2036,293704,275708,569412
14,2036,293937,275800,569737
15,2036,294124,275792,569916
16,2036,294466,275859,570325
17,2036,295672,275850,571522
18,2036,297964,276497,574461
19,2036,298821,278322,577143
20,2036,299958,278491,578449
21,2036,300126,278538,578664
22,2036,300128,279006,579134
23,2036,300136,279020,579156
24,2036,300136,279020,579156
25,2036,300136,279020,579156
26,2036,300136,279020,579156
27,2036,300136,279020,579156
28,2036,300136,279020,579156
29,2036,300136,279020,579156
30,2036,300136,279020,579156
31,2036,300136,279020,579156
32,2036,300136,279020,579156
33,2036,300136,279020,579156
34,2036,300136,279020,579156
35,2036,300136,279020,579156
36,2036,300136,279020,579156
37,2036,300136,279020,579156
38,2036,300136,279020,579156
39,2036,300136,279020,579156
40,2036,300136,279020,579156
41,2036,300136,279020,579156
42,2036,300136,279020,579156
43,2036,300136,279020,579156
44,2036,300538,279020,579558
45,2036,300538,279020,579558
46,2036,300536,279020,579556
47,2036,300528,279020,579548
48,2036,300528,279020,579548
49,2036,300528,279020,579548
50,2036,300528,279020,579548
51,2036,300528,279059,579587
52,2036,300528,279059,579587
53,2036,300528,279059,579587
54,2036,300528,279059,579587
55,2036,300528,279059,579587
56,2036,300528,279059,579587
57,2036,300528,279059,579587
58,2036,300528,279059,579587
59,2036,300528,279059,579587
60,2036,300528,279059,579587
61,2036,300528,279059,579587
62,2036,300528,279059,579587
63,2036,300528,279059,579587
64,2036,300557,279059,579616
65,2036,300557,279059,579616
66,2036,300066,279059,579125
67,2036,300008,279059,579067
68,2036,299613,279059,578672
69,2036,299663,279059,578722
70,2036,299415,279037,578452
71,2036,298888,279037,577925
72,2036,298782,279037,577819
73,2036,298283,278963,577246
74,2036,298238,278963,577201
75,2036,298238,278963,577201
76,2036,298238,278963,577201
77,2036,298238,278963,577201
78,2036,298344,280269,578613
79,2036,298259,280078,578337
80,2036,298344,280826,579170
81,2036,298338,280568,578906
82,2036,298338,280568,578906
83,2036,298338,280568,578906
84,2036,298338,280568,578906
85,2036,298338,280568,578906
86,2036,298338,280568,578906
87,2036,298338,280568,578906
88,2036,298338,280568,578906
89,2036,298338,280568,578906
90,2036,298338,280568,578906
91,2036,298338,280568,578906
92,2036,298338,280568,578906
93,2036,298338,280568,578906
94,2036,298338,280568,578906
95,2036,298338,280568,578906
96,2036,298338,280568,578906
97,2036,298338,280568,578906
98,2036,298338,280568,578906
99,2036,298338,280568,578906
100,2036,298338,280568,578906
0,2036,292274,275413,567687
1,2036,292274,275413,567687
2,2036,292266,275413,567679
3,2036,292417,275347,567764
4,2036,292716,275394,568110
5,2036,292856,275450,568306
6,2036,292910,275526,568436
7,2036,292866,275510,568376
8,2036,292838,275471,568309
9,2036,292865,275477,568342
10,2036,292819,275561,568380
11,2036,292909,275804,568713
12,2036,293366,276259,569625
13,2036,294527,276216,570743
14,2036,294776,276418,571194
15,2036,295034,276413,571447
16,2036,296135,276482,572617
17,2036,297419,276524,573943
18,2036,299982,276890,576872
19,2036,300697,278092,578789
20,2036,300794,278561,579355
21,2036,301474,278636,580110
22,2036,301310,278941,580251
23,2036,301326,278955,580281
24,2036,301326,278955,580281
25,2036,301326,278955,580281
26,2036,301326,278955,580281
27,2036,301326,278955,580281
28,2036,301326,278955,580281
29,2036,301326,278955,580281
30,2036,301326,278955,580281
31,2036,301326,278955,580281
32,2036,301326,278955,580281
33,2036,301326,278955,580281
34,2036,301326,278955,580281
35,2036,301326,278955,580281
36,2036,301326,278955,580281
37,2036,301326,278955,580281
38,2036,301326,278955,580281
39,2036,301326,278955,580281
40,2036,301326,278955,580281
41,2036,301326,278955,580281
42,2036,301326,278955,580281
43,2036,301333,278955,580288
44,2036,303077,279111,582188
45,2036,303077,279111,582188
46,2036,302118,279111,581229
47,2036,302109,279111,581220
48,2036,302109,279111,581220
49,2036,302109,279111,581220
50,2036,302109,279111,581220
51,2036,302109,279149,581258
52,2036,302109,279149,581258
53,2036,302109,279149,581258
54,2036,302109,279149,581258
55,2036,302109,279149,581258
56,2036,302109,279149,581258
57,2036,302109,279149,581258
58,2036,302109,279149,581258
59,2036,302109,279149,581258
60,2036,302109,279149,581258
61,2036,302109,279149,581258
62,2036,302109,279149,581258
63,2036,302109,279149,581258
64,2036,303056,279149,582205
65,2036,303056,279149,582205
66,2036,301751,278994,580745
67,2036,301764,278926,580690
68,2036,301625,278926,580551
69,2036,301693,278926,580619
70,2036,301698,278926,580624
71,2036,302699,279051,581750
72,2036,302614,279051,581665
73,2036,301717,279129,580846
74,2036,301717,279129,580846
75,2036,301717,279129,580846
76,2036,301717,279129,580846
77,2036,301717,279129,580846
78,2036,301618,283834,585452
79,2036,301588,283520,585108
80,2036,301523,283856,585379
81,2036,301545,283856,585401
82,2036,301545,283856,585401
83,2036,301545,283856,585401
84,2036,301545,283856,585401
85,2036,301545,283856,585401
86,2036,301545,283856,585401
87,2036,301545,283856,585401
88,2036,301545,283856,585401
89,2036,301545,283856,585401
90,2036,301545,283856,585401
91,2036,301545,283856,585401
92,2036,301545,283856,585401
93,2036,301545,283856,585401
94,2036,301545,283856,585401
95,2036,301545,283856,585401
96,2036,301545,283856,585401
97,2036,301545,283856,585401
98,2036,301545,283856,585401
99,2036,301545,283856,585401
100,2036,301545,283856,585401
0,2036,292099,274901,567000
1,2036,292099,274901,567000
2,2036,292091,274901,566992
3,2036,292300,274901,567201
4,2036,292463,274931,567394
5,2036,292518,274983,567501
6,2036,292615,275035,567650
7,2036,292607,275057,567664
8,2036,292601,275043,567644
9,2036,292574,275024,567598
10,2036,292549,275055,567604
11,2036,292624,275339,567963
12,2036,293047,275490,568537
13,2036,294584,275590,570174
14,2036,295239,275679,570918
15,2036,297561,275661,573222
16,2036,296031,275360,571391
17,2036,298511,275281,573792
18,2036,300960,276311,577271
19,2036,318140,278178,596318
20,2036,318570,278704,597274
21,2036,307169,279147,586316
22,2036,306963,279195,586158
23,2036,307025,279209,586234
24,2036,307025,279209,586234
25,2036,307025,279209,586234
26,2036,307025,279209,586234
27,2036,307025,279209,586234
28,2036,307025,279209,586234
29,2036,307025,279209,586234
30,2036,307025,279209,586234
31,2036,307025,279209,586234
32,2036,307025,279209,586234
33,2036,307025,279209,586234
34,2036,307025,279209,586234
35,2036,307025,279209,586234
36,2036,307025,279209,586234
37,2036,307025,279209,586234
38,2036,307025,279209,586234
39,2036,307025,279209,586234
40,2036,307025,279209,586234
41,2036,307025,279209,586234
42,2036,307025,279209,586234
43,2036,307025,279209,586234
44,2036,309401,279433,588834
45,2036,309401,279433,588834
46,2036,308138,279364,587502
47,2036,308207,279364,587571
48,2036,308207,279364,587571
49,2036,308207,279364,587571
50,2036,308207,279364,587571
51,2036,308198,279402,587600
52,2036,308198,279402,587600
53,2036,308198,279402,587600
54,2036,308198,279402,587600
55,2036,308198,279402,587600
56,2036,308198,279402,587600
57,2036,308198,279402,587600
58,2036,308198,279402,587600
59,2036,308198,279402,587600
60,2036,308198,279402,587600
61,2036,308198,279402,587600
62,2036,308198,279402,587600
63,2036,308198,279402,587600
64,2036,309449,279472,588921
65,2036,309538,279472,589010
66,2036,307947,279400,587347
67,2036,308227,279400,587627
68,2036,307618,279138,586756
69,2036,307735,279232,586967
70,2036,307742,279123,586865
71,2036,309127,279187,588314
72,2036,308751,279129,587880
73,2036,307179,279129,586308
74,2036,307179,279129,586308
75,2036,307179,279129,586308
76,2036,307179,279129,586308
77,2036,307179,279129,586308
78,2036,306934,286413,593347
79,2036,306862,284996,591858
80,2036,306855,286432,593287
81,2036,306855,286432,593287
82,2036,306855,286432,593287
83,2036,306855,286432,593287
84,2036,306855,286432,593287
85,2036,306855,286432,593287
86,2036,306855,286432,593287
87,2036,306855,286432,593287
88,2036,306855,286432,593287
89,2036,306855,286432,593287
90,2036,306855,286432,593287
91,2036,306855,286432,593287
92,2036,306855,286432,593287
93,2036,306855,286432,593287
94,2036,306855,286432,593287
95,2036,306855,286432,593287
96,2036,306855,286432,593287
97,2036,306855,286432,593287
98,2036,306855,286432,593287
99,2036,306855,286432,593287
100,2036,306855,286432,593287
0,2036,292414,276267,568681
1,2036,292414,276267,568681
2,2036,292410,276267,568677
3,2036,292524,276267,568791
4,2036,292770,276374,569144
5,2036,292782,276405,569187
6,2036,292777,275836,568613
7,2036,292789,275833,568622
8,2036,292809,276105,568914
9,2036,292817,276218,569035
10,2036,292752,276008,568760
11,2036,292786,276013,568799
12,2036,292637,275836,568473
13,2036,294207,275567,569774
14,2036,297544,275452,572996
15,2036,296712,275491,572203
16,2036,295873,275344,571217
17,2036,298696,275638,574334
18,2036,308040,277244,585284
19,2036,310244,279250,589494
20,2036,310992,279343,590335
21,2036,309447,279369,588816
22,2036,309498,279517,589015
23,2036,309548,279517,589065
24,2036,309548,279517,589065
25,2036,309548,279517,589065
26,2036,309548,279517,589065
27,2036,309548,279517,589065
28,2036,309548,279517,589065
29,2036,309548,279517,589065
30,2036,309548,279517,589065
31,2036,309548,279517,589065
32,2036,309548,279517,589065
33,2036,309548,279517,589065
34,2036,309548,279517,589065
35,2036,309548,279517,589065
36,2036,309548,279517,589065
37,2036,309933,279517,589450
38,2036,309933,279517,589450
39,2036,309933,279517,589450
40,2036,309933,279517,589450
41,2036,309933,279517,589450
42,2036,309933,279517,589450
43,2036,309933,279517,589450
44,2036,311218,279445,590663
45,2036,311218,279445,590663
46,2036,311078,279485,590563
47,2036,311078,279485,590563
48,2036,311078,279485,590563
49,2036,311078,279485,590563
50,2036,311078,279485,590563
51,2036,311087,279523,590610
52,2036,311087,279523,590610
53,2036,311087,279523,590610
54,2036,311087,279523,590610
55,2036,311087,279523,590610
56,2036,311087,279523,590610
57,2036,311087,279523,590610
58,2036,311087,279523,590610
59,2036,311087,279523,590610
60,2036,311087,279523,590610
61,2036,311087,279523,590610
62,2036,311087,279523,590610
63,2036,311197,279523,590720
64,2036,311402,279483,590885
65,2036,311494,279483,590977
66,2036,311142,279522,590664
67,2036,311181,279522,590703
68,2036,310276,279498,589774
69,2036,310326,279498,589824
70,2036,310257,279585,589842
71,2036,310672,279598,590270
72,2036,310683,279572,590255
73,2036,309854,279579,589433
74,2036,309854,279579,589433
75,2036,309854,279579,589433
76,2036,309854,279579,589433
77,2036,309854,279579,589433
78,2036,309223,297053,606276
79,2036,309182,295170,604352
80,2036,309215,297002,606217
81,2036,309223,297359,606582
82,2036,309223,297359,606582
83,2036,309223,297359,606582
84,2036,309223,297359,606582
85,2036,309223,297359,606582
86,2036,309223,297359,606582
87,2036,309223,297359,606582
88,2036,309223,297359,606582
89,2036,309223,297359,606582
90,2036,309223,297359,606582
91,2036,309223,297359,606582
92,2036,309223,297359,606582
93,2036,309223,297359,606582
94,2036,309223,297359,606582
95,2036,309223,297359,606582
96,2036,309223,297359,606582
97,2036,309223,297359,606582
98,2036,309223,297359,606582
99,2036,309223,297359,606582
100,2036,309223,297359,606582
0,2036,290839,275033,565872
1,2036,290839,275033,565872
2,2036,290835,275033,565868
3,2036,290937,275233,566170
4,2036,291005,274937,565942
5,2036,291046,275155,566201
6,2036,292232,276240,568472
7,2036,292199,276233,568432
8,2036,291249,275661,566910
9,2036,291199,275601,566800
10,2036,292123,276191,568314
11,2036,292361,276048,568409
12,2036,293171,276060,569231
13,2036,294126,275531,569657
14,2036,296668,275937,572605
15,2036,295244,275388,570632
16,2036,296127,275713,571840
17,2036,298662,276231,574893
18,2036,305162,277907,583069
19,2036,309543,280666,590209
20,2036,310358,280573,590931
21,2036,310236,280007,590243
22,2036,310517,280086,590603
23,2036,310504,280086,590590
24,2036,310504,280086,590590
25,2036,310504,280086,590590
26,2036,310504,280086,590590
27,2036,310504,280086,590590
28,2036,310504,280086,590590
29,2036,310504,280086,590590
30,2036,310504,280086,590590
31,2036,310504,280086,590590
32,2036,310504,280086,590590
33,2036,310504,280086,590590
34,2036,310504,280086,590590
35,2036,310504,280086,590590
36,2036,310504,280086,590590
37,2036,310568,280086,590654
38,2036,310568,280086,590654
39,2036,310568,280086,590654
40,2036,310568,280086,590654
41,2036,310949,280086,591035
42,2036,310949,280086,591035
43,2036,310949,280086,591035
44,2036,311212,280770,591982
45,2036,311212,280770,591982
46,2036,311402,280718,592120
47,2036,311402,280718,592120
48,2036,311402,280718,592120
49,2036,311402,280718,592120
50,2036,311402,280718,592120
51,2036,311402,280757,592159
52,2036,311402,280757,592159
53,2036,311402,280757,592159
54,2036,311402,280757,592159
55,2036,311402,280757,592159
56,2036,311402,280757,592159
57,2036,311402,280757,592159
58,2036,311402,280757,592159
59,2036,311402,280757,592159
60,2036,311402,280757,592159
61,2036,311402,280757,592159
62,2036,311402,280757,592159
63,2036,311500,280757,592257
64,2036,311363,280826,592189
65,2036,311724,280826,592550
66,2036,311611,280757,592368
67,2036,311478,280757,592235
68,2036,311136,280282,591418
69,2036,311224,280386,591610
70,2036,311089,280359,591448
71,2036,311023,280782,591805
72,2036,311415,280757,592172
73,2036,310475,280113,590588
74,2036,310475,280113,590588
75,2036,310475,280113,590588
76,2036,310475,280113,590588
77,2036,310475,280113,590588
78,2036,312080,301426,613506
79,2036,311717,300216,611933
80,2036,312078,301550,613628
81,2036,312097,305369,617466
82,2036,312097,305369,617466
83,2036,312097,305369,617466
84,2036,312097,305369,617466
85,2036,312097,305369,617466
86,2036,312097,305369,617466
87,2036,312097,305369,617466
88,2036,312097,305369,617466
89,2036,312097,305369,617466
90,2036,312097,305369,617466
91,2036,312097,305369,617466
92,2036,312097,305369,617466
93,2036,312097,305369,617466
94,2036,312097,305369,617466
95,2036,312097,305369,617466
96,2036,312097,305369,617466
97,2036,312097,305369,617466
98,2036,312097,305369,617466
99,2036,312097,305369,617466
100,2036,312097,305369,617466
0,2036,289659,274603,564262
1,2036,289659,274603,564262
2,2036,289665,274603,564268
3,2036,290131,274992,565123
4,2036,290075,275018,565093
5,2036,290517,275453,565970
6,2036,291142,275727,566869
7,2036,291129,275727,566856
8,2036,291983,276029,568012
9,2036,291141,275810,566951
10,2036,291146,275616,566762
11,2036,292016,276074,568090
12,2036,292897,276138,569035
13,2036,294262,276019,570281
14,2036,294683,275572,570255
15,2036,297679,275397,573076
16,2036,295993,275946,571939
17,2036,298812,276626,575438
18,2036,303893,278118,582011
19,2036,307392,280296,587688
20,2036,308113,280287,588400
21,2036,310267,280533,590800
22,2036,310619,280734,591353
23,2036,310685,280734,591419
24,2036,310685,280734,591419
25,2036,310685,280734,591419
26,2036,310685,280734,591419
27,2036,310685,280734,591419
28,2036,310685,280734,591419
29,2036,310685,280734,591419
30,2036,310685,280734,591419
31,2036,310685,280734,591419
32,2036,310685,280734,591419
33,2036,310685,280734,591419
34,2036,310685,280734,591419
35,2036,310685,280734,591419
36,2036,310685,280734,591419
37,2036,310706,280734,591440
38,2036,310706,280734,591440
39,2036,310706,280734,591440
40,2036,310706,280734,591440
41,2036,311060,280758,591818
42,2036,311060,280758,591818
43,2036,311060,280758,591818
44,2036,310515,280639,591154
45,2036,310515,280639,591154
46,2036,310557,280639,591196
47,2036,310557,280639,591196
48,2036,310557,280639,591196
49,2036,310557,280639,591196
50,2036,310557,280639,591196
51,2036,310557,280639,591196
52,2036,310557,280639,591196
53,2036,310557,280639,591196
54,2036,310557,280639,591196
55,2036,310557,280639,591196
56,2036,310557,280639,591196
57,2036,310557,280639,591196
58,2036,310557,280639,591196
59,2036,310557,280639,591196
60,2036,310557,280639,591196
61,2036,310557,280639,591196
62,2036,310557,280639,591196
63,2036,310910,280639,591549
64,2036,310761,280639,591400
65,2036,311033,280639,591672
66,2036,311135,280672,591807
67,2036,310932,280639,591571
68,2036,311116,280771,591887
69,2036,311041,280703,591744
70,2036,310992,280666,591658
71,2036,310516,280639,591155
72,2036,310473,280639,591112
73,2036,311008,280697,591705
74,2036,311008,280697,591705
75,2036,311008,280697,591705
76,2036,311008,280697,591705
77,2036,311008,280697,591705
78,2036,314470,302480,616950
79,2036,314144,302411,616555
80,2036,314352,302829,617181
81,2036,316242,304224,620466
82,2036,316242,304224,620466
83,2036,316242,304224,620466
84,2036,316242,304224,620466
85,2036,316242,304224,620466
86,2036,316242,304224,620466
87,2036,316242,304224,620466
88,2036,316242,304224,620466
89,2036,316242,304224,620466
90,2036,316242,304224,620466
91,2036,316242,304224,620466
92,2036,316242,304224,620466
93,2036,316242,304224,620466
94,2036,316242,304224,620466
95,2036,316242,304224,620466
96,2036,316242,304224,620466
97,2036,316242,304224,620466
98,2036,316242,304224,620466
99,2036,316242,304224,620466
100,2036,316242,304224,620466
0,2036,289139,272661,561800
1,2036,289139,272661,561800
2,2036,289140,272661,561801
3,2036,289119,272764,561883
4,2036,289360,272455,561815
5,2036,290329,273837,564166
6,2036,290582,275044,565626
7,2036,290513,275001,565514
8,2036,291822,275327,567149
9,2036,292040,275205,567245
10,2036,290765,275121,565886
11,2036,291646,275629,567275
12,2036,292463,275852,568315
13,2036,293960,275907,569867
14,2036,294086,274870,568956
15,2036,297101,275906,573007
16,2036,295988,275549,571537
17,2036,299178,275915,575093
18,2036,303074,277430,580504
19,2036,305532,280384,585916
20,2036,307797,280492,588289
21,2036,309263,280395,589658
22,2036,309846,280601,590447
23,2036,310066,280601,590667
24,2036,310068,280601,590669
25,2036,310068,280601,590669
26,2036,310068,280601,590669
27,2036,310068,280601,590669
28,2036,310068,280601,590669
29,2036,310068,280601,590669
30,2036,310068,280601,590669
31,2036,310068,280601,590669
32,2036,310068,280601,590669
33,2036,310068,280601,590669
34,2036,310068,280601,590669
35,2036,310068,280601,590669
36,2036,310068,280601,590669
37,2036,310106,280601,590707
38,2036,310106,280601,590707
39,2036,310106,280601,590707
40,2036,310106,280601,590707
41,2036,310504,280601,591105
42,2036,310504,280601,591105
43,2036,310504,280601,591105
44,2036,310371,280615,590986
45,2036,310371,280615,590986
46,2036,310431,280601,591032
47,2036,310431,280601,591032
48,2036,310431,280601,591032
49,2036,310431,280601,591032
50,2036,310431,280601,591032
51,2036,310431,280601,591032
52,2036,310431,280601,591032
53,2036,310431,280601,591032
54,2036,310431,280601,591032
55,2036,310431,280601,591032
56,2036,310431,280601,591032
57,2036,310431,280601,591032
58,2036,310431,280601,591032
59,2036,310431,280601,591032
60,2036,310425,280601,591026
61,2036,310396,280601,590997
62,2036,310384,280601,590985
63,2036,310452,280601,591053
64,2036,310622,280615,591237
65,2036,310565,280615,591180
66,2036,310466,280601,591067
67,2036,310560,280601,591161
68,2036,310503,280601,591104
69,2036,310459,280601,591060
70,2036,310415,280601,591016
71,2036,310321,280601,590922
72,2036,310394,280611,591005
73,2036,310297,280601,590898
74,2036,310297,280601,590898
75,2036,310297,280601,590898
76,2036,310297,280601,590898
77,2036,310297,280601,590898
78,2036,316765,303090,619855
79,2036,316576,303067,619643
80,2036,316701,303735,620436
81,2036,316971,305349,622320
82,2036,316971,305349,622320
83,2036,316971,305349,622320
84,2036,316971,305349,622320
85,2036,316971,305349,622320
86,2036,316971,305349,622320
87,2036,316971,305349,622320
88,2036,316971,305349,622320
89,2036,316971,305349,622320
90,2036,316971,305349,622320
91,2036,316971,305349,622320
92,2036,316971,305349,622320
93,2036,316971,305349,622320
94,2036,316971,305349,622320
95,2036,316971,305349,622320
96,2036,316971,305349,622320
97,2036,316971,305349,622320
98,2036,316971,305349,622320
99,2036,316971,305349,622320
100,2036,316971,305349,622320
0,2036,290394,273022,563416
1,2036,290394,272960,563354
2,2036,290359,272960,563319
3,2036,290259,272886,563145
4,2036,290454,272808,563262
5,2036,291611,274441,566052
6,2036,290844,274238,565082
7,2036,290993,274439,565432
8,2036,292558,275788,568346
9,2036,292683,276220,568903
10,2036,290916,274282,565198
11,2036,292270,275799,568069
12,2036,292527,276121,568648
13,2036,293904,275836,569740
14,2036,293814,275619,569433
15,2036,296491,275550,572041
16,2036,296013,275404,571417
17,2036,300549,276014,576563
18,2036,303703,277256,580959
19,2036,304886,279668,584554
20,2036,307763,280642,588405
21,2036,308577,280432,589009
22,2036,309209,280601,589810
23,2036,309657,280601,590258
24,2036,309658,280601,590259
25,2036,309658,280601,590259
26,2036,309658,280601,590259
27,2036,309658,280601,590259
28,2036,309658,280601,590259
29,2036,309658,280601,590259
30,2036,309658,280601,590259
31,2036,309658,280601,590259
32,2036,309658,280601,590259
33,2036,309658,280601,590259
34,2036,309658,280601,590259
35,2036,309658,280601,590259
36,2036,309658,280601,590259
37,2036,309666,280681,590347
38,2036,309666,280681,590347
39,2036,309666,280681,590347
40,2036,309666,280681,590347
41,2036,310400,280705,591105
42,2036,310400,280705,591105
43,2036,310400,280705,591105
44,2036,310418,280719,591137
45,2036,310418,280719,591137
46,2036,310454,280719,591173
47,2036,310454,280719,591173
48,2036,310454,280719,591173
49,2036,310454,280719,591173
50,2036,310454,280719,591173
51,2036,310454,280719,591173
52,2036,310454,280719,591173
53,2036,310454,280719,591173
54,2036,310454,280719,591173
55,2036,310454,280719,591173
56,2036,310454,280719,591173
57,2036,310454,280719,591173
58,2036,310454,280719,591173
59,2036,310454,280719,591173
60,2036,310454,280719,591173
61,2036,310425,280719,591144
62,2036,310355,280719,591074
63,2036,310557,280719,591276
64,2036,310622,280709,591331
65,2036,310657,280709,591366
66,2036,310551,280719,591270
67,2036,310578,280709,591287
68,2036,310595,280719,591314
69,2036,310527,280719,591246
70,2036,310501,280719,591220
71,2036,310167,280719,590886
72,2036,310365,280719,591084
73,2036,310097,280705,590802
74,2036,310097,280705,590802
75,2036,310097,280705,590802
76,2036,310097,280705,590802
77,2036,310097,280705,590802
78,2036,316031,304649,620680
79,2036,316015,304523,620538
80,2036,316491,304884,621375
81,2036,317021,307179,624200
82,2036,317021,307179,624200
83,2036,317021,307179,624200
84,2036,317021,307179,624200
85,2036,317021,307179,624200
86,2036,317021,307179,624200
87,2036,317021,307179,624200
88,2036,317021,307179,624200
89,2036,317021,307179,624200
90,2036,317021,307179,624200
91,2036,317021,307179,624200
92,2036,317021,307179,624200
93,2036,317021,307179,624200
94,2036,317021,307179,624200
95,2036,317021,307179,624200
96,2036,317021,307179,624200
97,2036,317021,307179,624200
98,2036,317021,307179,624200
99,2036,317021,307179,624200
100,2036,317021,307179,624200
0,2036,291389,273588,564977
1,2036,291361,273588,564949
2,2036,291342,273588,564930
3,2036,290486,273473,563959
4,2036,291427,273538,564965
5,2036,292690,275544,568234
6,2036,291841,274747,566588
7,2036,291918,275199,567117
8,2036,292254,275800,568054
9,2036,291248,275379,566627
10,2036,292120,274848,566968
11,2036,292386,276244,568630
12,2036,292471,275750,568221
13,2036,293842,275635,569477
14,2036,294684,275923,570607
15,2036,295202,274951,570153
16,2036,296309,275544,571853
17,2036,300680,275961,576641
18,2036,306176,277396,583572
19,2036,304844,279082,583926
20,2036,307760,280252,588012
21,2036,308575,280608,589183
22,2036,309265,280695,589960
23,2036,309759,280695,590454
24,2036,309761,280695,590456
25,2036,309761,280695,590456
26,2036,309761,280695,590456
27,2036,309761,280695,590456
28,2036,309761,280695,590456
29,2036,309761,280695,590456
30,2036,309761,280695,590456
31,2036,309761,280695,590456
32,2036,309761,280695,590456
33,2036,309761,280695,590456
34,2036,309761,280695,590456
35,2036,309761,280695,590456
36,2036,309761,280695,590456
37,2036,309760,280695,590455
38,2036,309760,280695,590455
39,2036,309760,280695,590455
40,2036,309760,280695,590455
41,2036,310532,280719,591251
42,2036,310532,280719,591251
43,2036,310532,280719,591251
44,2036,310612,280709,591321
45,2036,310612,280709,591321
46,2036,310612,280709,591321
47,2036,310612,280709,591321
48,2036,310612,280709,591321
49,2036,310612,280709,591321
50,2036,310612,280709,591321
51,2036,310612,280709,591321
52,2036,310612,280709,591321
53,2036,310612,280709,591321
54,2036,310612,280709,591321
55,2036,310612,280709,591321
56,2036,310612,280709,591321
57,2036,310612,280709,591321
58,2036,310612,280709,591321
59,2036,310612,280709,591321
60,2036,310612,280709,591321
61,2036,310583,280709,591292
62,2036,310342,280719,591061
63,2036,310663,280709,591372
64,2036,310791,280709,591500
65,2036,310817,280709,591526
66,2036,310711,280709,591420
67,2036,310719,280709,591428
68,2036,310627,280709,591336
69,2036,310569,280709,591278
70,2036,310553,280709,591262
71,2036,310114,280719,590833
72,2036,310402,280719,591121
73,2036,310099,280695,590794
74,2036,310099,280695,590794
75,2036,310099,280695,590794
76,2036,310099,280695,590794
77,2036,310099,280695,590794
78,2036,316416,306500,622916
79,2036,316414,306851,623265
80,2036,317112,306603,623715
81,2036,320548,305311,625859
82,2036,320548,305311,625859
83,2036,320548,305311,625859
84,2036,320548,305311,625859
85,2036,320548,305311,625859
86,2036,320548,305311,625859
87,2036,320548,305311,625859
88,2036,320548,305311,625859
89,2036,320548,305311,625859
90,2036,320548,305311,625859
91,2036,320548,305311,625859
92,2036,320548,305311,625859
93,2036,320548,305311,625859
94,2036,320548,305311,625859
95,2036,320548,305311,625859
96,2036,320548,305311,625859
97,2036,320548,305311,625859
98,2036,320548,305311,625859
99,2036,320548,305311,625859
100,2036,320548,305311,625859
0,2036,292751,275522,568273
1,2036,292768,275518,568286
2,2036,292769,275518,568287
3,2036,291789,274356,566145
4,2036,293025,274710,567735
5,2036,292813,276399,569212
6,2036,292765,276223,568988
7,2036,292672,276268,568940
8,2036,292330,276276,568606
9,2036,291393,275989,567382
10,2036,292673,276157,568830
11,2036,291584,275622,567206
12,2036,292581,275830,568411
13,2036,294134,275933,570067
14,2036,295041,276344,571385
15,2036,297727,275310,573037
16,2036,296109,275747,571856
17,2036,313874,275931,589805
18,2036,305144,277547,582691
19,2036,305947,279202,585149
20,2036,308539,280233,588772
21,2036,309150,280634,589784
22,2036,309340,280727,590067
23,2036,309735,280695,590430
24,2036,309736,280695,590431
25,2036,309736,280695,590431
26,2036,309736,280695,590431
27,2036,309736,280695,590431
28,2036,309736,280695,590431
29,2036,309736,280695,590431
30,2036,309736,280695,590431
31,2036,309736,280695,590431
32,2036,309736,280695,590431
33,2036,309736,280695,590431
34,2036,309736,280695,590431
35,2036,309736,280695,590431
36,2036,309736,280695,590431
37,2036,309736,280695,590431
38,2036,309736,280695,590431
39,2036,309736,280695,590431
40,2036,309736,280695,590431
41,2036,310615,280709,591324
42,2036,310615,280709,591324
43,2036,310615,280709,591324
44,2036,310580,280709,591289
45,2036,310580,280709,591289
46,2036,310589,280709,591298
47,2036,310589,280709,591298
48,2036,310589,280709,591298
49,2036,310589,280709,591298
50,2036,310589,280709,591298
51,2036,310589,280709,591298
52,2036,310589,280709,591298
53,2036,310589,280709,591298
54,2036,310589,280709,591298
55,2036,310589,280709,591298
56,2036,310589,280709,591298
57,2036,310589,280709,591298
58,2036,310589,280709,591298
59,2036,310589,280709,591298
60,2036,310589,280709,591298
61,2036,310560,280709,591269
62,2036,310362,280719,591081
63,2036,310688,280709,591397
64,2036,310777,280709,591486
65,2036,310815,280709,591524
66,2036,310706,280709,591415
67,2036,310743,280709,591452
68,2036,310757,280709,591466
69,2036,310692,280709,591401
70,2036,310676,280709,591385
71,2036,310183,280695,590878
72,2036,310549,280719,591268
73,2036,310133,280695,590828
74,2036,310133,280695,590828
75,2036,310133,280695,590828
76,2036,310133,280695,590828
77,2036,310133,280695,590828
78,2036,319143,305453,624596
79,2036,319327,305676,625003
80,2036,319274,305068,624342
81,2036,318978,306401,625379
82,2036,318978,306401,625379
83,2036,318978,306401,625379
84,2036,318978,306401,625379
85,2036,318978,306401,625379
86,2036,318978,306401,625379
87,2036,318978,306401,625379
88,2036,318978,306401,625379
89,2036,318978,306401,625379
90,2036,318978,306401,625379
91,2036,318978,306401,625379
92,2036,318978,306401,625379
93,2036,318978,306401,625379
94,2036,318978,306401,625379
95,2036,318978,306401,625379
96,2036,318978,306401,625379
97,2036,318978,306401,625379
98,2036,318978,306401,625379
99,2036,318978,306401,625379
100,2036,318978,306401,625379
0,2036,292327,275510,567837
1,2036,292327,275659,567986
2,2036,292320,275647,567967
3,2036,292875,275527,568402
4,2036,292828,275721,568549
5,2036,291154,274409,565563
6,2036,291431,275516,566947
7,2036,291405,275336,566741
8,2036,290990,275061,566051
9,2036,292128,275695,567823
10,2036,291559,275769,567328
11,2036,291377,275586,566963
12,2036,293155,276000,569155
13,2036,294189,275958,570147
14,2036,295769,275717,571486
15,2036,297153,275649,572802
16,2036,295944,275372,571316
17,2036,307331,276682,584013
18,2036,304499,277441,581940
19,2036,307335,279222,586557
20,2036,309367,280247,589614
21,2036,309425,280514,589939
22,2036,309452,280752,590204
23,2036,309762,280695,590457
24,2036,309764,280695,590459
25,2036,309764,280695,590459
26,2036,309764,280695,590459
27,2036,309764,280695,590459
28,2036,309764,280695,590459
29,2036,309764,280695,590459
30,2036,309764,280695,590459
31,2036,309764,280695,590459
32,2036,309764,280695,590459
33,2036,309764,280695,590459
34,2036,309764,280695,590459
35,2036,309764,280695,590459
36,2036,309764,280695,590459
37,2036,309738,280695,590433
38,2036,309738,280695,590433
39,2036,309738,280695,590433
40,2036,309738,280695,590433
41,2036,310581,280709,591290
42,2036,310581,280709,591290
43,2036,310581,280709,591290
44,2036,310522,280709,591231
45,2036,310522,280709,591231
46,2036,310522,280709,591231
47,2036,310522,280709,591231
48,2036,310522,280709,591231
49,2036,310522,280709,591231
50,2036,310522,280709,591231
51,2036,310522,280709,591231
52,2036,310522,280709,591231
53,2036,310522,280709,591231
54,2036,310522,280709,591231
55,2036,310522,280709,591231
56,2036,310522,280709,591231
57,2036,310522,280709,591231
58,2036,310522,280709,591231
59,2036,310522,280709,591231
60,2036,310522,280709,591231
61,2036,310493,280709,591202
62,2036,310500,280719,591219
63,2036,310622,280709,591331
64,2036,310711,280709,591420
65,2036,310854,280709,591563
66,2036,310736,280709,591445
67,2036,310677,280709,591386
68,2036,310743,280709,591452
69,2036,310668,280709,591377
70,2036,310642,280709,591351
71,2036,310117,280719,590836
72,2036,310404,280709,591113
73,2036,310176,280695,590871
74,2036,310176,280695,590871
75,2036,310176,280695,590871
76,2036,310176,280695,590871
77,2036,310176,280695,590871
78,2036,317218,306629,623847
79,2036,317604,306070,623674
80,2036,317715,306312,624027
81,2036,319435,304795,624230
82,2036,319435,304795,624230
83,2036,319435,304795,624230
84,2036,319435,304795,624230
85,2036,319435,304795,624230
86,2036,319435,304795,624230
87,2036,319435,304795,624230
88,2036,319435,304795,624230
89,2036,319435,304795,624230
90,2036,319435,304795,624230
91,2036,319435,304795,624230
92,2036,319435,304795,624230
93,2036,319435,304795,624230
94,2036,319435,304795,624230
95,2036,319435,304795,624230
96,2036,319435,304795,624230
97,2036,319435,304795,624230
98,2036,319435,304795,624230
99,2036,319435,304795,624230
100,2036,319435,304795,624230
0,2036,269004,238830,507834
1,2036,269003,238830,507833
2,2036,268993,238828,507821
3,2036,268977,238828,507805
4,2036,268906,243674,512580
5,2036,269587,244202,513789
6,2036,267401,244381,511782
7,2036,268606,244494,513100
8,2036,268884,244670,513554
9,2036,270094,244611,514705
10,2036,291915,275595,567510
11,2036,292561,275926,568487
12,2036,269565,248768,518333
13,2036,293947,275772,569719
14,2036,271939,264032,535971
15,2036,279570,264775,544345
16,2036,296132,275359,571491
17,2036,302756,294218,596974
18,2036,306107,294299,600406
19,2036,310381,297264,607645
20,2036,310080,294303,604383
21,2036,310569,295329,605898
22,2036,311828,293513,605341
23,2036,311945,301724,613669
24,2036,313334,303122,616456
25,2036,356439,378118,734557
26,2036,448257,457877,906134
27,2036,449957,458848,908805
28,2036,449957,458848,908805
29,2036,449957,458848,908805
30,2036,452191,459376,911567
31,2036,462108,459064,921172
32,2036,469023,460412,929435
33,2036,469102,460412,929514
34,2036,477391,463686,941077
35,2036,478055,465595,943650
36,2036,479666,469676,949342
37,2036,480425,470591,951016
38,2036,481291,474292,955583
39,2036,482539,474625,957164
40,2036,484660,478430,963090
41,2036,484855,480287,965142
42,2036,485053,483142,968195
43,2036,356318,378640,734958
44,2036,356457,378690,735147
45,2036,356558,378690,735248
46,2036,356519,378690,735209
47,2036,357200,378690,735890
48,2036,357200,378690,735890
49,2036,357200,378690,735890
50,2036,357200,378690,735890
51,2036,357213,378690,735903
52,2036,356633,378690,735323
53,2036,357213,378690,735903
54,2036,357213,378690,735903
55,2036,357213,378690,735903
56,2036,316277,306017,622294
57,2036,316277,306017,622294
58,2036,316277,306017,622294
59,2036,316233,306017,622250
60,2036,316233,306017,622250
61,2036,323989,313052,637041
62,2036,324014,313052,637066
63,2036,322691,305551,628242
64,2036,316809,305769,622578
65,2036,315996,305769,621765
66,2036,316907,306017,622924
67,2036,312848,304518,617366
68,2036,283109,304564,587673
69,2036,281435,304160,585595
70,2036,277538,304160,581698
71,2036,276655,304160,580815
72,2036,281362,304160,585522
73,2036,271850,305154,577004
74,2036,268952,305154,574106
75,2036,270301,305354,575655
76,2036,272545,304578,577123
77,2036,281919,279022,560941
78,2036,315136,306208,621344
79,2036,305132,288342,593474
80,2036,305926,288691,594617
81,2036,306204,283100,589304
82,2036,308125,202690,510815
83,2036,308125,202690,510815
84,2036,308125,202780,510905
85,2036,308125,206240,514365
86,2036,308125,197748,505873
87,2036,308125,195285,503410
88,2036,308125,195285,503410
89,2036,308125,195285,503410
90,2036,308125,195285,503410
91,2036,308125,195285,503410
92,2036,308125,195285,503410
93,2036,308125,195285,503410
94,2036,308125,195285,503410
95,2036,308125,195285,503410
96,2036,308125,195285,503410
97,2036,308125,195285,503410
98,2036,308125,195285,503410
99,2036,308125,195285,503410
100,2036,308125,195285,503410
0,2036,277689,229148,506837
1,2036,266983,229315,496298
2,2036,266762,236760,503522
3,2036,269569,230961,500530
4,2036,267157,236876,504033
5,2036,262891,237387,500278
6,2036,265253,237973,503226
7,2036,265431,237674,503105
8,2036,266282,237968,504250
9,2036,265573,269689,535262
10,2036,292487,275697,568184
11,2036,292571,276455,569026
12,2036,292017,276013,568030
13,2036,293891,275625,569516
14,2036,292706,276054,568760
15,2036,283270,272846,556116
16,2036,272492,265220,537712
17,2036,307929,296000,603929
18,2036,310104,296646,606750
19,2036,312679,298732,611411
20,2036,311629,293624,605253
21,2036,311583,295877,607460
22,2036,313063,298266,611329
23,2036,315039,301379,616418
24,2036,315578,303510,619088
25,2036,361561,380613,742174
26,2036,365256,402172,767428
27,2036,365390,402172,767562
28,2036,472027,462871,934898
29,2036,472027,462871,934898
30,2036,475108,462264,937372
31,2036,469655,460767,930422
32,2036,474926,463211,938137
33,2036,475139,463250,938389
34,2036,475184,463970,939154
35,2036,476680,465745,942425
36,2036,481679,472721,954400
37,2036,481674,473487,955161
38,2036,482715,475630,958345
39,2036,483880,475935,959815
40,2036,486370,479386,965756
41,2036,486593,481283,967876
42,2036,486570,484385,970955
43,2036,485085,483993,969078
44,2036,361908,380809,742717
45,2036,361908,380809,742717
46,2036,361908,380809,742717
47,2036,361966,380808,742774
48,2036,361966,380808,742774
49,2036,361966,380808,742774
50,2036,361966,380808,742774
51,2036,361966,380808,742774
52,2036,361966,380809,742775
53,2036,361966,380808,742774
54,2036,484281,486376,970657
55,2036,361966,380808,742774
56,2036,356550,378690,735240
57,2036,321411,307082,628493
58,2036,322057,305853,627910
59,2036,318037,306048,624085
60,2036,317984,306093,624077
61,2036,312481,313061,625542
62,2036,325295,311514,636809
63,2036,345235,372457,717692
64,2036,321770,306177,627947
65,2036,319717,308933,628650
66,2036,284977,305991,590968
67,2036,319784,306174,625958
68,2036,284921,306826,591747
69,2036,269992,306574,576566
70,2036,268694,306574,575268
71,2036,267338,308288,575626
72,2036,267587,306412,573999
73,2036,267225,305329,572554
74,2036,267215,305873,573088
75,2036,266928,305763,572691
76,2036,266872,305262,572134
77,2036,273374,304553,577927
78,2036,321750,305193,626943
79,2036,308719,244248,552967
80,2036,308628,244248,552876
81,2036,308560,227049,535609
82,2036,308695,200618,509313
83,2036,308695,200618,509313
84,2036,308695,200618,509313
85,2036,308695,201495,510190
86,2036,308695,195178,503873
87,2036,308695,193070,501765
88,2036,308695,193070,501765
89,2036,308695,193070,501765
90,2036,308695,193070,501765
91,2036,308629,193070,501699
92,2036,308629,193070,501699
93,2036,308629,193070,501699
94,2036,308629,193070,501699
95,2036,308629,193070,501699
96,2036,308629,193070,501699
97,2036,308629,193070,501699
98,2036,308629,193070,501699
99,2036,308629,193070,501699
100,2036,308629,193070,501699
0,2036,285044,273953,558997
1,2036,259339,236814,496153
2,2036,269454,237384,506838
3,2036,271259,236824,508083
4,2036,266197,237214,503411
5,2036,268447,238223,506670
6,2036,270790,241108,511898
7,2036,265533,244989,510522
8,2036,259845,244731,504576
9,2036,260319,245245,505564
10,2036,269862,244052,513914
11,2036,267305,248424,515729
12,2036,293636,280242,573878
13,2036,294279,275933,570212
14,2036,295839,283425,579264
15,2036,294353,298652,593005
16,2036,283084,274179,557263
17,2036,302870,295844,598714
18,2036,306113,292326,598439
19,2036,308676,291426,600102
20,2036,307874,291956,599830
21,2036,310757,291742,602499
22,2036,310058,301701,611759
23,2036,315181,301813,616994
24,2036,315666,304205,619871
25,2036,305802,319123,624925
26,2036,313633,322880,636513
27,2036,344430,370067,714497
28,2036,361180,371541,732721
29,2036,476884,463896,940780
30,2036,476707,464038,940745
31,2036,477013,464176,941189
32,2036,476607,464470,941077
33,2036,476570,464427,940997
34,2036,477061,464645,941706
35,2036,479019,467219,946238
36,2036,482317,474669,956986
37,2036,482394,474951,957345
38,2036,483746,476689,960435
39,2036,485354,476761,962115
40,2036,486466,481697,968163
41,2036,486619,482936,969555
42,2036,486658,486014,972672
43,2036,486579,485418,971997
44,2036,485138,484241,969379
45,2036,424290,426508,850798
46,2036,357815,369708,727523
47,2036,314764,322298,637062
48,2036,309070,319110,628180
49,2036,305913,318607,624520
50,2036,305913,318668,624581
51,2036,313942,323420,637362
52,2036,305658,322036,627694
53,2036,305658,322036,627694
54,2036,364050,370740,734790
55,2036,321743,333110,654853
56,2036,361798,380577,742375
57,2036,356220,378431,734651
58,2036,321480,306470,627950
59,2036,320383,306922,627305
60,2036,319339,306793,626132
61,2036,316503,317105,633608
62,2036,325596,321175,646771
63,2036,305850,311960,617810
64,2036,322982,308457,631439
65,2036,321268,307031,628299
66,2036,319453,306424,625877
67,2036,310387,306211,616598
68,2036,318344,307787,626131
69,2036,269323,307199,576522
70,2036,267973,307199,575172
71,2036,266328,307593,573921
72,2036,266372,307252,573624
73,2036,266404,305855,572259
74,2036,265614,308122,573736
75,2036,265623,305505,571128
76,2036,268672,303773,572445
77,2036,286012,306554,592566
78,2036,306632,304945,611577
79,2036,283201,245138,528339
80,2036,283360,245138,528498
81,2036,282627,238029,520656
82,2036,282583,226467,509050
83,2036,282583,200874,483457
84,2036,282583,200874,483457
85,2036,282583,201929,484512
86,2036,282583,195188,477771
87,2036,282583,192711,475294
88,2036,282583,192711,475294
89,2036,282583,192711,475294
90,2036,282583,192711,475294
91,2036,282211,192711,474922
92,2036,282211,192711,474922
93,2036,282211,192711,474922
94,2036,282211,192711,474922
95,2036,282211,192711,474922
96,2036,282211,192711,474922
97,2036,282211,192711,474922
98,2036,282211,192711,474922
99,2036,282211,192711,474922
100,2036,282211,192711,474922
0,2036,280026,267198,547224
1,2036,268415,268440,536855
2,2036,263815,245574,509389
3,2036,265133,245500,510633
4,2036,264900,247358,512258
5,2036,273050,245160,518210
6,2036,254136,245339,499475
7,2036,264236,245809,510045
8,2036,241206,245719,486925
9,2036,248656,244262,492918
10,2036,264494,237674,502168
11,2036,284160,269992,554152
12,2036,269870,258496,528366
13,2036,294209,276077,570286
14,2036,288232,270721,558953
15,2036,295670,276486,572156
16,2036,296508,295460,591968
17,2036,283317,266247,549564
18,2036,304681,295558,600239
19,2036,303493,291527,595020
20,2036,310084,292215,602299
21,2036,316280,306582,622862
22,2036,308384,313543,621927
23,2036,315362,301937,617299
24,2036,315735,304168,619903
25,2036,322356,324811,647167
26,2036,303565,321211,624776
27,2036,305841,323316,629157
28,2036,320402,354357,674759
29,2036,365519,376877,742396
30,2036,471016,460976,931992
31,2036,460877,460990,921867
32,2036,437106,440184,877290
33,2036,462906,462648,925554
34,2036,436869,441052,877921
35,2036,437402,441186,878588
36,2036,468255,469143,937398
37,2036,470094,470129,940223
38,2036,471852,474610,946462
39,2036,472784,474967,947751
40,2036,476095,479564,955659
41,2036,476499,482971,959470
42,2036,478423,485155,963578
43,2036,486584,489349,975933
44,2036,486647,485965,972612
45,2036,485138,483993,969131
46,2036,383277,408177,791454
47,2036,347938,375442,723380
48,2036,344757,371683,716440
49,2036,343103,369590,712693
50,2036,324367,343926,668293
51,2036,322632,354403,677035
52,2036,324382,342981,667363
53,2036,323272,354403,677675
54,2036,302922,324289,627211
55,2036,302490,324073,626563
56,2036,305423,323418,628841
57,2036,361596,379753,741349
58,2036,356563,377630,734193
59,2036,321502,306651,628153
60,2036,321781,306984,628765
61,2036,327354,330666,658020
62,2036,326535,318231,644766
63,2036,321006,319134,640140
64,2036,313917,316466,630383
65,2036,318912,306727,625639
66,2036,322721,306311,629032
67,2036,320718,306978,627696
68,2036,283735,308620,592355
69,2036,286213,309522,595735
70,2036,267342,307018,574360
71,2036,265840,308224,574064
72,2036,265952,307496,573448
73,2036,277484,306897,584381
74,2036,282313,306579,588892
75,2036,269382,304842,574224
76,2036,265501,305949,571450
77,2036,266132,305784,571916
78,2036,322293,304768,627061
79,2036,282659,244933,527592
80,2036,282693,244933,527626
81,2036,293891,237344,531235
82,2036,258530,226466,484996
83,2036,256937,200954,457891
84,2036,256937,200954,457891
85,2036,257126,201762,458888
86,2036,249801,195188,444989
87,2036,249766,192646,442412
88,2036,249766,192646,442412
89,2036,249766,192646,442412
90,2036,249766,192646,442412
91,2036,249582,192646,442228
92,2036,249582,192646,442228
93,2036,249582,192646,442228
94,2036,249582,192646,442228
95,2036,249582,192646,442228
96,2036,249582,192646,442228
97,2036,249582,192646,442228
98,2036,249582,192646,442228
99,2036,249582,192646,442228
100,2036,249582,192646,442228
0,2036,280165,268482,548647
1,2036,280045,268509,548554
2,2036,282185,268683,550868
3,2036,281597,268715,550312
4,2036,272745,268948,541693
5,2036,281601,268557,550158
6,2036,277545,268549,546094
7,2036,271283,259211,530494
8,2036,268084,252890,520974
9,2036,270852,262744,533596
10,2036,268793,244977,513770
11,2036,283080,275069,558149
12,2036,274691,259670,534361
13,2036,294017,275695,569712
14,2036,293500,276084,569584
15,2036,295018,273854,568872
16,2036,297486,296377,593863
17,2036,312199,300867,613066
18,2036,300478,289769,590247
19,2036,304897,299446,604343
20,2036,308780,292109,600889
21,2036,305833,293249,599082
22,2036,310768,298623,609391
23,2036,312100,298916,611016
24,2036,312504,300452,612956
25,2036,325771,316903,642674
26,2036,329717,322621,652338
27,2036,330180,323631,653811
28,2036,331071,322706,653777
29,2036,329464,324634,654098
30,2036,343090,329533,672623
31,2036,363102,352641,715743
32,2036,366903,363800,730703
33,2036,366576,354290,720866
34,2036,367057,363570,730627
35,2036,468491,465135,933626
36,2036,466680,467358,934038
37,2036,467230,467730,934960
38,2036,471239,472180,943419
39,2036,473680,475154,948834
40,2036,475009,477475,952484
41,2036,475228,476915,952143
42,2036,475098,477121,952219
43,2036,478159,487432,965591
44,2036,486705,490099,976804
45,2036,486656,485574,972230
46,2036,485138,484432,969570
47,2036,485123,485948,971071
48,2036,409005,413116,822121
49,2036,409005,413116,822121
50,2036,387033,398013,785046
51,2036,387821,397959,785780
52,2036,387015,398072,785087
53,2036,385928,398111,784039
54,2036,359484,386136,745620
55,2036,369628,396525,766153
56,2036,326373,343301,669674
57,2036,306818,320362,627180
58,2036,362673,388871,751544
59,2036,357592,378589,736181
60,2036,357487,378585,736072
61,2036,328693,328142,656835
62,2036,329006,318802,647808
63,2036,329942,321924,651866
64,2036,328032,315049,643081
65,2036,323707,305067,628774
66,2036,323154,305925,629079
67,2036,323855,306640,630495
68,2036,319814,337779,657593
69,2036,283147,327335,610482
70,2036,269904,332384,602288
71,2036,268567,332243,600810
72,2036,267477,331285,598762
73,2036,268232,333133,601365
74,2036,267227,334090,601317
75,2036,267755,333874,601629
76,2036,266083,335178,601261
77,2036,266949,335543,602492
78,2036,290892,305754,596646
79,2036,267825,247124,514949
80,2036,267805,247183,514988
81,2036,252732,238180,490912
82,2036,231484,225659,457143
83,2036,223521,215528,439049
84,2036,223329,200907,424236
85,2036,223631,201757,425388
86,2036,222053,195188,417241
87,2036,221525,192646,414171
88,2036,221525,192646,414171
89,2036,221525,192646,414171
90,2036,221525,192646,414171
91,2036,221854,192646,414500
92,2036,221854,192646,414500
93,2036,221854,192646,414500
94,2036,221854,192646,414500
95,2036,221854,192646,414500
96,2036,221854,192646,414500
97,2036,221854,192646,414500
98,2036,221854,192646,414500
99,2036,221854,192646,414500
100,2036,221854,192646,414500
0,2036,282994,273940,556934
1,2036,279781,268949,548730
2,2036,280583,269028,549611
3,2036,280740,269033,549773
4,2036,280610,268161,548771
5,2036,280579,268822,549401
6,2036,280570,268847,549417
7,2036,281590,268297,549887
8,2036,282406,268507,550913
9,2036,270847,254436,525283
10,2036,282847,269496,552343
11,2036,265089,245336,510425
12,2036,283458,275133,558591
13,2036,269662,263942,533604
14,2036,295362,277056,572418
15,2036,296333,276313,572646
16,2036,310703,322979,633682
17,2036,309140,298171,607311
18,2036,303766,293894,597660
19,2036,308523,294212,602735
20,2036,306307,291102,597409
21,2036,310067,293649,603716
22,2036,312252,293727,605979
23,2036,312543,300009,612552
24,2036,312376,300599,612975
25,2036,323543,312806,636349
26,2036,327298,315292,642590
27,2036,329781,316085,645866
28,2036,330590,321063,651653
29,2036,329046,321812,650858
30,2036,329463,324348,653811
31,2036,339804,335880,675684
32,2036,351638,349943,701581
33,2036,359570,365403,724973
34,2036,352950,351254,704204
35,2036,370680,367277,737957
36,2036,367168,365818,732986
37,2036,463345,467245,930590
38,2036,467558,469056,936614
39,2036,470065,473505,943570
40,2036,471068,474502,945570
41,2036,472685,474437,947122
42,2036,472447,475878,948325
43,2036,475043,477081,952124
44,2036,478360,489504,967864
45,2036,487791,492466,980257
46,2036,486647,486299,972946
47,2036,486613,487200,973813
48,2036,485113,486524,971637
49,2036,485043,486241,971284
50,2036,462773,471117,933890
51,2036,462669,471117,933786
52,2036,444672,460473,905145
53,2036,426345,441807,868152
54,2036,365942,372610,738552
55,2036,381523,406733,788256
56,2036,345376,385450,730826
57,2036,327028,343802,670830
58,2036,310698,320499,631197
59,2036,363291,389049,752340
60,2036,363133,388915,752048
61,2036,360994,379215,740209
62,2036,328488,322162,650650
63,2036,328907,311017,639924
64,2036,327626,333295,660921
65,2036,324546,304140,628686
66,2036,317668,319945,637613
67,2036,323964,306456,630420
68,2036,308234,314074,622308
69,2036,299745,333223,632968
70,2036,270290,320072,590362
71,2036,269436,318471,587907
72,2036,268563,318537,587100
73,2036,269088,318204,587292
74,2036,268412,318542,586954
75,2036,267375,316353,583728
76,2036,263461,317688,581149
77,2036,275363,315623,590986
78,2036,283143,310352,593495
79,2036,248631,299281,547912
80,2036,246424,253442,499866
81,2036,235234,238624,473858
82,2036,223104,227087,450191
83,2036,217637,217161,434798
84,2036,217386,200907,418293
85,2036,217576,201946,419522
86,2036,215339,195188,410527
87,2036,214588,192646,407234
88,2036,214588,192646,407234
89,2036,214588,192646,407234
90,2036,214588,192646,407234
91,2036,214733,192646,407379
92,2036,214733,192646,407379
93,2036,214733,192646,407379
94,2036,214733,192646,407379
95,2036,214733,192646,407379
96,2036,214733,192646,407379
97,2036,214733,192646,407379
98,2036,214733,192646,407379
99,2036,214733,192646,407379
100,2036,214733,192646,407379
0,2036,291486,274766,566252
1,2036,283883,273451,557334
2,2036,279791,269465,549256
3,2036,280092,269105,549197
4,2036,279998,269472,549470
5,2036,279655,269109,548764
6,2036,279659,269309,548968
7,2036,280679,269933,550612
8,2036,279345,268389,547734
9,2036,281552,268920,550472
10,2036,279794,268356,548150
11,2036,285232,273835,559067
12,2036,282632,273467,556099
13,2036,284549,272820,557369
14,2036,293573,275282,568855
15,2036,309913,303733,613646
16,2036,316516,317043,633559
17,2036,307100,297611,604711
18,2036,305931,296849,602780
19,2036,309654,293056,602710
20,2036,307309,291116,598425
21,2036,312263,294967,607230
22,2036,312386,296096,608482
23,2036,314354,300917,615271
24,2036,314338,300682,615020
25,2036,323945,315825,639770
26,2036,322760,322680,645440
27,2036,325595,311566,637161
28,2036,328929,316633,645562
29,2036,331442,319717,651159
30,2036,330635,319804,650439
31,2036,333410,326004,659414
32,2036,343657,335381,679038
33,2036,407749,413952,821701
34,2036,474625,464034,938659
35,2036,434553,441370,875923
36,2036,465616,468976,934592
37,2036,370679,368080,738759
38,2036,463561,468572,932133
39,2036,463977,469170,933147
40,2036,468874,471659,940533
41,2036,468665,470977,939642
42,2036,470625,473815,944440
43,2036,472203,475062,947265
44,2036,474984,478799,953783
45,2036,478718,492381,971099
46,2036,486704,490009,976713
47,2036,486668,490789,977457
48,2036,486613,487561,974174
49,2036,486578,487600,974178
50,2036,486611,488237,974848
51,2036,379696,390170,769866
52,2036,390592,409475,800067
53,2036,397264,410217,807481
54,2036,387262,398920,786182
55,2036,387460,411090,798550
56,2036,363896,384571,748467
57,2036,345354,385787,731141
58,2036,327298,336431,663729
59,2036,305752,325356,631108
60,2036,359410,389967,749377
61,2036,369737,393897,763634
62,2036,360920,379718,740638
63,2036,326693,318193,644886
64,2036,329428,315691,645119
65,2036,323638,303862,627500
66,2036,327959,314726,642685
67,2036,320274,312446,632720
68,2036,319897,323018,642915
69,2036,282809,320660,603469
70,2036,300286,331251,631537
71,2036,272514,322051,594565
72,2036,272049,319077,591126
73,2036,271190,320371,591561
74,2036,270916,318407,589323
75,2036,271694,319409,591103
76,2036,270774,314428,585202
77,2036,272019,318432,590451
78,2036,268867,315471,584338
79,2036,240366,301913,542279
80,2036,237561,255764,493325
81,2036,233192,238204,471396
82,2036,216981,227861,444842
83,2036,213378,215804,429182
84,2036,212594,200907,413501
85,2036,212568,201757,414325
86,2036,213748,195188,408936
87,2036,213794,192646,406440
88,2036,213794,192646,406440
89,2036,213794,192646,406440
90,2036,213794,192646,406440
91,2036,213843,192646,406489
92,2036,213843,192646,406489
93,2036,213843,192646,406489
94,2036,213843,192646,406489
95,2036,213843,192646,406489
96,2036,213843,192646,406489
97,2036,213843,192646,406489
98,2036,213843,192646,406489
99,2036,213843,192646,406489
100,2036,213843,192646,406489
0,2036,291891,274593,566484
1,2036,291516,274872,566388
2,2036,291411,275013,566424
3,2036,291551,275014,566565
4,2036,291142,274763,565905
5,2036,283461,274012,557473
6,2036,282918,272203,555121
7,2036,281943,270768,552711
8,2036,274182,269645,543827
9,2036,282193,272024,554217
10,2036,279925,269448,549373
11,2036,283660,275379,559039
12,2036,282472,269473,551945
13,2036,283558,276007,559565
14,2036,272193,264135,536328
15,2036,292594,308050,600644
16,2036,311898,322651,634549
17,2036,315513,322224,637737
18,2036,307529,298290,605819
19,2036,310140,294324,604464
20,2036,309690,292310,602000
21,2036,308772,292602,601374
22,2036,312000,292534,604534
23,2036,312846,295162,608008
24,2036,313880,301220,615100
25,2036,319024,318753,637777
26,2036,322743,313458,636201
27,2036,324001,310748,634749
28,2036,325185,314005,639190
29,2036,329864,313140,643004
30,2036,331111,322145,653256
31,2036,330644,320465,651109
32,2036,334897,326518,661415
33,2036,341152,333069,674221
34,2036,405712,410778,816490
35,2036,415829,420504,836333
36,2036,457565,461814,919379
37,2036,460714,464529,925243
38,2036,458386,463883,922269
39,2036,458237,463251,921488
40,2036,457133,462921,920054
41,2036,457740,460433,918173
42,2036,461903,463317,925220
43,2036,470216,472854,943070
44,2036,472653,476451,949104
45,2036,480640,479171,959811
46,2036,478165,490027,968192
47,2036,478151,489613,967764
48,2036,486583,491067,977650
49,2036,486724,490994,977718
50,2036,488628,491279,979907
51,2036,486735,491125,977860
52,2036,486782,490888,977670
53,2036,444174,461795,905969
54,2036,407394,412796,820190
55,2036,405652,416055,821707
56,2036,373078,393786,766864
57,2036,363612,388099,751711
58,2036,343931,384443,728374
59,2036,326596,334518,661114
60,2036,304968,338034,643002
61,2036,376734,403138,779872
62,2036,374616,395752,770368
63,2036,360379,379694,740073
64,2036,328843,322215,651058
65,2036,324373,305429,629802
66,2036,327988,318656,646644
67,2036,328039,316138,644177
68,2036,323428,321973,645401
69,2036,317056,326454,643510
70,2036,293933,320996,614929
71,2036,283298,343144,626442
72,2036,269871,327874,597745
73,2036,269571,329142,598713
74,2036,268932,326412,595344
75,2036,269949,326362,596311
76,2036,270793,321347,592140
77,2036,267294,331850,599144
78,2036,274107,313300,587407
79,2036,240809,307352,548161
80,2036,233279,301124,534403
81,2036,220372,251524,471896
82,2036,214361,227752,442113
83,2036,215149,216190,431339
84,2036,214850,201080,415930
85,2036,214850,201930,416780
86,2036,214996,195270,410266
87,2036,214996,192727,407723
88,2036,214996,192727,407723
89,2036,214996,192727,407723
90,2036,214996,192727,407723
91,2036,214996,192727,407723
92,2036,214996,192727,407723
93,2036,214996,192727,407723
94,2036,214996,192727,407723
95,2036,214996,192727,407723
96,2036,214996,192727,407723
97,2036,214996,192727,407723
98,2036,214996,192727,407723
99,2036,214996,192727,407723
100,2036,214996,192727,407723
0,2036,271325,255082,526407
1,2036,291789,274688,566477
2,2036,291780,275332,567112
3,2036,292019,275220,567239
4,2036,292238,275239,567477
5,2036,291708,275002,566710
6,2036,283145,273797,556942
7,2036,283564,274404,557968
8,2036,283719,273260,556979
9,2036,288795,269691,558486
10,2036,282830,272472,555302
11,2036,280560,268283,548843
12,2036,283229,273768,556997
13,2036,283097,273014,556111
14,2036,284399,272681,557080
15,2036,289340,305264,594604
16,2036,315311,320505,635816
17,2036,313369,313321,626690
18,2036,304967,295818,600785
19,2036,312498,297614,610112
20,2036,308783,292610,601393
21,2036,309522,302230,611752
22,2036,312036,295208,607244
23,2036,312673,299823,612496
24,2036,311693,300988,612681
25,2036,310442,303000,613442
26,2036,323262,311336,634598
27,2036,323301,304127,627428
28,2036,324446,309068,633514
29,2036,328647,314385,643032
30,2036,329887,318188,648075
31,2036,328956,320237,649193
32,2036,328266,320741,649007
33,2036,326931,371824,698755
34,2036,361024,380234,741258
35,2036,359461,349453,708914
36,2036,436640,442603,879243
37,2036,458939,462419,921358
38,2036,457367,464668,922035
39,2036,458054,464319,922373
40,2036,458522,463321,921843
41,2036,458592,463211,921803
42,2036,457917,465216,923133
43,2036,461379,463356,924735
44,2036,470351,473492,943843
45,2036,472785,476776,949561
46,2036,475279,478696,953975
47,2036,474256,479012,953268
48,2036,478989,492634,971623
49,2036,479329,492656,971985
50,2036,485299,491422,976721
51,2036,484906,488859,973765
52,2036,484660,489217,973877
53,2036,485657,489457,975114
54,2036,483447,482387,965834
55,2036,439816,457857,897673
56,2036,408631,413177,821808
57,2036,373746,393941,767687
58,2036,364115,387344,751459
59,2036,347518,385894,733412
60,2036,323544,370234,693778
61,2036,305666,338143,643809
62,2036,379055,403467,782522
63,2036,366811,390166,756977
64,2036,358086,381695,739781
65,2036,326197,316265,642462
66,2036,328535,316690,645225
67,2036,328125,313530,641655
68,2036,329639,318825,648464
69,2036,322959,321615,644574
70,2036,301841,324724,626565
71,2036,302916,350151,653067
72,2036,272391,342622,615013
73,2036,274987,320747,595734
74,2036,272598,316046,588644
75,2036,272893,319556,592449
76,2036,272787,317546,590333
77,2036,272923,317942,590865
78,2036,269637,323766,593403
79,2036,252726,310888,563614
80,2036,233212,299869,533081
81,2036,217091,254160,471251
82,2036,215282,238713,453995
83,2036,215352,227678,443030
84,2036,214994,201080,416074
85,2036,214994,201930,416924
86,2036,215028,195270,410298
87,2036,215028,192727,407755
88,2036,215028,192727,407755
89,2036,215028,192727,407755
90,2036,215028,192727,407755
91,2036,215028,192727,407755
92,2036,215028,192727,407755
93,2036,215028,192727,407755
94,2036,215028,192727,407755
95,2036,215028,192727,407755
96,2036,215028,192727,407755
97,2036,215028,192727,407755
98,2036,215028,192727,407755
99,2036,215028,192727,407755
100,2036,215028,192727,407755
0,2036,270444,254849,525293
1,2036,271218,255124,526342
2,2036,291751,274577,566328
3,2036,291780,274588,566368
4,2036,291853,274145,565998
5,2036,292068,274380,566448
6,2036,291766,274393,566159
7,2036,291477,274216,565693
8,2036,283259,274112,557371
9,2036,292164,275293,567457
10,2036,291691,275550,567241
11,2036,291862,275708,567570
12,2036,292981,276072,569053
13,2036,293956,276125,570081
14,2036,294157,293880,588037
15,2036,291967,275470,567437
16,2036,319253,322448,641701
17,2036,317680,318592,636272
18,2036,305883,294670,600553
19,2036,314700,298746,613446
20,2036,305533,293876,599409
21,2036,310468,296089,606557
22,2036,310607,291465,602072
23,2036,314919,303767,618686
24,2036,312100,296784,608884
25,2036,310201,294788,604989
26,2036,321820,303427,625247
27,2036,316201,301331,617532
28,2036,324418,308781,633199
29,2036,329005,315931,644936
30,2036,329792,317087,646879
31,2036,329723,319333,649056
32,2036,329719,321159,650878
33,2036,334294,323232,657526
34,2036,330036,335260,665296
35,2036,339480,340414,679894
36,2036,368573,379842,748415
37,2036,364274,361481,725755
38,2036,457338,464782,922120
39,2036,457641,464757,922398
40,2036,457735,465889,923624
41,2036,456989,468251,925240
42,2036,457223,467189,924412
43,2036,460543,466229,926772
44,2036,462824,463814,926638
45,2036,472168,474658,946826
46,2036,472674,476215,948889
47,2036,472506,476645,949151
48,2036,474331,479970,954301
49,2036,480909,481329,962238
50,2036,478994,490744,969738
51,2036,484900,493266,978166
52,2036,485213,493630,978843
53,2036,487387,495042,982429
54,2036,485768,487797,973565
55,2036,484467,486076,970543
56,2036,440158,457414,897572
57,2036,408414,412963,821377
58,2036,375658,394054,769712
59,2036,364168,381635,745803
60,2036,364844,389389,754233
61,2036,324925,370964,695889
62,2036,305846,339838,645684
63,2036,375983,400578,776561
64,2036,378099,396323,774422
65,2036,330390,365314,695704
66,2036,328438,341348,669786
67,2036,328949,315036,643985
68,2036,328865,314392,643257
69,2036,328258,320658,648916
70,2036,305033,318660,623693
71,2036,289326,318231,607557
72,2036,299991,316968,616959
73,2036,270025,330091,600116
74,2036,271963,317432,589395
75,2036,271801,319846,591647
76,2036,270725,314308,585033
77,2036,277353,316766,594119
78,2036,270335,327592,597927
79,2036,250796,312061,562857
80,2036,238121,307398,545519
81,2036,218070,256348,474418
82,2036,215584,238514,454098
83,2036,215547,228324,443871
84,2036,215089,200988,416077
85,2036,215089,203886,418975
86,2036,215089,195270,410359
87,2036,215089,192727,407816
88,2036,215089,192727,407816
89,2036,215089,192727,407816
90,2036,215089,192727,407816
91,2036,215089,192727,407816
92,2036,215089,192727,407816
93,2036,215089,192727,407816
94,2036,215089,192727,407816
95,2036,215089,192727,407816
96,2036,215089,192727,407816
97,2036,215089,192727,407816
98,2036,215089,192727,407816
99,2036,215089,192727,407816
100,2036,215089,192727,407816
0,2036,265646,238196,503842
1,2036,284124,270131,554255
2,2036,271790,256097,527887
3,2036,291057,275015,566072
4,2036,292869,276970,569839
5,2036,292480,275009,567489
6,2036,292730,275902,568632
7,2036,292232,275288,567520
8,2036,291839,274532,566371
9,2036,280772,272205,552977
10,2036,291946,274584,566530
11,2036,292450,276869,569319
12,2036,294083,275461,569544
13,2036,295820,276837,572657
14,2036,294981,289366,584347
15,2036,295219,275947,571166
16,2036,306650,330734,637384
17,2036,303025,315064,618089
18,2036,303041,277222,580263
19,2036,315690,309447,625137
20,2036,311580,294758,606338
21,2036,306411,302975,609386
22,2036,311936,295541,607477
23,2036,313798,302165,615963
24,2036,312409,296413,608822
25,2036,310801,292670,603471
26,2036,313391,303860,617251
27,2036,311663,302850,614513
28,2036,323992,306237,630229
29,2036,326972,310148,637120
30,2036,329025,315860,644885
31,2036,329895,317334,647229
32,2036,329732,319394,649126
33,2036,327226,323228,650454
34,2036,334662,324050,658712
35,2036,344170,338000,682170
36,2036,345632,341805,687437
37,2036,351410,380116,731526
38,2036,370648,366749,737397
39,2036,458995,464879,923874
40,2036,457284,468291,925575
41,2036,387743,388506,776249
42,2036,456720,475525,932245
43,2036,457296,468483,925779
44,2036,460160,467118,927278
45,2036,468029,469250,937279
46,2036,470432,473072,943504
47,2036,469630,475035,944665
48,2036,472545,477005,949550
49,2036,472583,479479,952062
50,2036,473065,479645,952710
51,2036,475825,489966,965791
52,2036,477958,489987,967945
53,2036,486698,497601,984299
54,2036,487974,491234,979208
55,2036,487605,491534,979139
56,2036,483746,483197,966943
57,2036,441496,459873,901369
58,2036,387362,406907,794269
59,2036,373065,393883,766948
60,2036,365737,378999,744736
61,2036,364212,379326,743538
62,2036,329475,372345,701820
63,2036,304953,335463,640416
64,2036,379075,403728,782803
65,2036,360444,381572,742016
66,2036,334510,369833,704343
67,2036,327740,320898,648638
68,2036,327658,313959,641617
69,2036,324107,317382,641489
70,2036,328532,321283,649815
71,2036,312733,322664,635397
72,2036,282010,322951,604961
73,2036,283932,321313,605245
74,2036,271455,327791,599246
75,2036,284619,329231,613850
76,2036,271788,316657,588445
77,2036,270311,333539,603850
78,2036,271324,311076,582400
79,2036,260349,317116,577465
80,2036,245049,301411,546460
81,2036,224504,300369,524873
82,2036,216572,250569,467141
83,2036,215532,228167,443699
84,2036,215359,218045,433404
85,2036,215162,206876,422038
86,2036,215089,195270,410359
87,2036,214879,192727,407606
88,2036,214879,192727,407606
89,2036,214879,192727,407606
90,2036,214879,192727,407606
91,2036,214879,192727,407606
92,2036,214879,192727,407606
93,2036,214879,192727,407606
94,2036,214879,192727,407606
95,2036,214879,192727,407606
96,2036,214879,192727,407606
97,2036,214879,192727,407606
98,2036,214879,192727,407606
99,2036,214879,192727,407606
100,2036,214879,192727,407606
0,2037,292160,275407,567567
1,2037,292160,275407,567567
2,2037,292156,275407,567563
3,2037,292317,275433,567750
4,2037,292459,275435,567894
5,2037,292604,275460,568064
6,2037,292715,275538,568253
7,2037,292699,275529,568228
8,2037,292688,275503,568191
9,2037,292689,275485,568174
10,2037,292704,275551,568255
11,2037,292828,275972,568800
12,2037,293342,276256,569598
13,2037,293719,276375,570094
14,2037,293758,276281,570039
15,2037,293823,276272,570095
16,2037,294123,276355,570478
17,2037,294561,276410,570971
18,2037,295789,276733,572522
19,2037,296731,278188,574919
20,2037,296795,278225,575020
21,2037,296833,278284,575117
22,2037,296862,278532,575394
23,2037,296890,278545,575435
24,2037,296890,278545,575435
25,2037,296890,278545,575435
26,2037,296890,278545,575435
27,2037,296890,278545,575435
28,2037,296890,278545,575435
29,2037,296890,278545,575435
30,2037,296890,278545,575435
31,2037,296890,278545,575435
32,2037,296890,278545,575435
33,2037,296890,278545,575435
34,2037,296890,278545,575435
35,2037,296890,278545,575435
36,2037,296890,278545,575435
37,2037,296890,278545,575435
38,2037,296890,278545,575435
39,2037,296890,278545,575435
40,2037,296890,278545,575435
41,2037,296890,278545,575435
42,2037,296890,278545,575435
43,2037,296890,278545,575435
44,2037,296890,278545,575435
45,2037,296890,278545,575435
46,2037,296881,278545,575426
47,2037,296873,278545,575418
48,2037,296873,278545,575418
49,2037,296873,278545,575418
50,2037,296873,278545,575418
51,2037,296873,278595,575468
52,2037,296873,278595,575468
53,2037,296873,278595,575468
54,2037,296873,278595,575468
55,2037,296873,278595,575468
56,2037,296873,278595,575468
57,2037,296873,278595,575468
58,2037,296873,278595,575468
59,2037,296873,278595,575468
60,2037,296873,278595,575468
61,2037,296873,278595,575468
62,2037,296873,278595,575468
63,2037,296873,278595,575468
64,2037,296825,278595,575420
65,2037,296825,278595,575420
66,2037,296738,278595,575333
67,2037,296738,278595,575333
68,2037,296472,278595,575067
69,2037,296377,278595,574972
70,2037,296237,278595,574832
71,2037,295800,278595,574395
72,2037,295800,278595,574395
73,2037,295461,278595,574056
74,2037,295423,278595,574018
75,2037,295423,278595,574018
76,2037,295423,278595,574018
77,2037,295423,278595,574018
78,2037,295423,279554,574977
79,2037,295423,279363,574786
80,2037,295423,279614,575037
81,2037,295423,279743,575166
82,2037,295423,279743,575166
83,2037,295423,279743,575166
84,2037,295423,279743,575166
85,2037,295423,279743,575166
86,2037,295423,279743,575166
87,2037,295423,279743,575166
88,2037,295423,279743,575166
89,2037,295423,279743,575166
90,2037,295423,279743,575166
91,2037,295423,279743,575166
92,2037,295423,279743,575166
93,2037,295423,279743,575166
94,2037,295423,279743,575166
95,2037,295423,279743,575166
96,2037,295423,279743,575166
97,2037,295423,279743,575166
98,2037,295423,279743,575166
99,2037,295423,279743,575166
100,2037,295423,279743,575166
0,2037,292266,275259,567525
1,2037,292266,275259,567525
2,2037,292259,275259,567518
3,2037,292436,275274,567710
4,2037,292615,275193,567808
5,2037,292741,275299,568040
6,2037,292868,275406,568274
7,2037,292842,275390,568232
8,2037,292820,275364,568184
9,2037,292815,275344,568159
10,2037,292810,275474,568284
11,2037,292862,275699,568561
12,2037,293184,275754,568938
13,2037,293704,275708,569412
14,2037,293937,275800,569737
15,2037,294124,275792,569916
16,2037,294466,275859,570325
17,2037,295672,275850,571522
18,2037,297964,276497,574461
19,2037,298821,278322,577143
20,2037,299958,278491,578449
21,2037,300126,278538,578664
22,2037,300128,279006,579134
23,2037,300136,279020,579156
24,2037,300136,279020,579156
25,2037,300136,279020,579156
26,2037,300136,279020,579156
27,2037,300136,279020,579156
28,2037,300136,279020,579156
29,2037,300136,279020,579156
30,2037,300136,279020,579156
31,2037,300136,279020,579156
32,2037,300136,279020,579156
33,2037,300136,279020,579156
34,2037,300136,279020,579156
35,2037,300136,279020,579156
36,2037,300136,279020,579156
37,2037,300136,279020,579156
38,2037,300136,279020,579156
39,2037,300136,279020,579156
40,2037,300136,279020,579156
41,2037,300136,279020,579156
42,2037,300136,279020,579156
43,2037,300136,279020,579156
44,2037,300538,279020,579558
45,2037,300538,279020,579558
46,2037,300536,279020,579556
47,2037,300528,279020,579548
48,2037,300528,279020,579548
49,2037,300528,279020,579548
50,2037,300528,279020,579548
51,2037,300528,279059,579587
52,2037,300528,279059,579587
53,2037,300528,279059,579587
54,2037,300528,279059,579587
55,2037,300528,279059,579587
56,2037,300528,279059,579587
57,2037,300528,279059,579587
58,2037,300528,279059,579587
59,2037,300528,279059,579587
60,2037,300528,279059,579587
61,2037,300528,279059,579587
62,2037,300528,279059,579587
63,2037,300528,279059,579587
64,2037,300557,279059,579616
65,2037,300557,279059,579616
66,2037,300066,279059,579125
67,2037,300008,279059,579067
68,2037,299613,279059,578672
69,2037,299663,279059,578722
70,2037,299415,279037,578452
71,2037,298888,279037,577925
72,2037,298782,279037,577819
73,2037,298283,278963,577246
74,2037,298238,278963,577201
75,2037,298238,278963,577201
76,2037,298238,278963,577201
77,2037,298238,278963,577201
78,2037,298344,280269,578613
79,2037,298259,280078,578337
80,2037,298344,280826,579170
81,2037,298338,280568,578906
82,2037,298338,280568,578906
83,2037,298338,280568,578906
84,2037,298338,280568,578906
85,2037,298338,280568,578906
86,2037,298338,280568,578906
87,2037,298338,280568,578906
88,2037,298338,280568,578906
89,2037,298338,280568,578906
90,2037,298338,280568,578906
91,2037,298338,280568,578906
92,2037,298338,280568,578906
93,2037,298338,280568,578906
94,2037,298338,280568,578906
95,2037,298338,280568,578906
96,2037,298338,280568,578906
97,2037,298338,280568,578906
98,2037,298338,280568,578906
99,2037,298338,280568,578906
100,2037,298338,280568,578906
0,2037,292274,275413,567687
1,2037,292274,275413,567687
2,2037,292266,275413,567679
3,2037,292417,275347,567764
4,2037,292716,275394,568110
5,2037,292856,275450,568306
6,2037,292910,275526,568436
7,2037,292866,275510,568376
8,2037,292838,275471,568309
9,2037,292865,275477,568342
10,2037,292819,275561,568380
11,2037,292909,275804,568713
12,2037,293366,276259,569625
13,2037,294527,276216,570743
14,2037,294776,276418,571194
15,2037,295034,276413,571447
16,2037,296135,276482,572617
17,2037,297419,276524,573943
18,2037,299982,276890,576872
19,2037,300697,278092,578789
20,2037,300794,278561,579355
21,2037,301474,278636,580110
22,2037,301310,278941,580251
23,2037,301326,278955,580281
24,2037,301326,278955,580281
25,2037,301326,278955,580281
26,2037,301326,278955,580281
27,2037,301326,278955,580281
28,2037,301326,278955,580281
29,2037,301326,278955,580281
30,2037,301326,278955,580281
31,2037,301326,278955,580281
32,2037,301326,278955,580281
33,2037,301326,278955,580281
34,2037,301326,278955,580281
35,2037,301326,278955,580281
36,2037,301326,278955,580281
37,2037,301326,278955,580281
38,2037,301326,278955,580281
39,2037,301326,278955,580281
40,2037,301326,278955,580281
41,2037,301326,278955,580281
42,2037,301326,278955,580281
43,2037,301333,278955,580288
44,2037,303077,279111,582188
45,2037,303077,279111,582188
46,2037,302118,279111,581229
47,2037,302109,279111,581220
48,2037,302109,279111,581220
49,2037,302109,279111,581220
50,2037,302109,279111,581220
51,2037,302109,279149,581258
52,2037,302109,279149,581258
53,2037,302109,279149,581258
54,2037,302109,279149,581258
55,2037,302109,279149,581258
56,2037,302109,279149,581258
57,2037,302109,279149,581258
58,2037,302109,279149,581258
59,2037,302109,279149,581258
60,2037,302109,279149,581258
61,2037,302109,279149,581258
62,2037,302109,279149,581258
63,2037,302109,279149,581258
64,2037,303056,279149,582205
65,2037,303056,279149,582205
66,2037,301751,278994,580745
67,2037,301764,278926,580690
68,2037,301625,278926,580551
69,2037,301693,278926,580619
70,2037,301698,278926,580624
71,2037,302699,279051,581750
72,2037,302614,279051,581665
73,2037,301717,279129,580846
74,2037,301717,279129,580846
75,2037,301717,279129,580846
76,2037,301717,279129,580846
77,2037,301717,279129,580846
78,2037,301618,283834,585452
79,2037,301588,283520,585108
80,2037,301523,283856,585379
81,2037,301545,283856,585401
82,2037,301545,283856,585401
83,2037,301545,283856,585401
84,2037,301545,283856,585401
85,2037,301545,283856,585401
86,2037,301545,283856,585401
87,2037,301545,283856,585401
88,2037,301545,283856,585401
89,2037,301545,283856,585401
90,2037,301545,283856,585401
91,2037,301545,283856,585401
92,2037,301545,283856,585401
93,2037,301545,283856,585401
94,2037,301545,283856,585401
95,2037,301545,283856,585401
96,2037,301545,283856,585401
97,2037,301545,283856,585401
98,2037,301545,283856,585401
99,2037,301545,283856,585401
100,2037,301545,283856,585401
0,2037,292099,274901,567000
1,2037,292099,274901,567000
2,2037,292091,274901,566992
3,2037,292300,274901,567201
4,2037,292463,274931,567394
5,2037,292518,274983,567501
6,2037,292615,275035,567650
7,2037,292607,275057,567664
8,2037,292601,275043,567644
9,2037,292574,275024,567598
10,2037,292549,275055,567604
11,2037,292624,275339,567963
12,2037,293047,275490,568537
13,2037,294584,275590,570174
14,2037,295239,275679,570918
15,2037,297561,275661,573222
16,2037,296031,275360,571391
17,2037,298511,275281,573792
18,2037,300960,276311,577271
19,2037,318140,278178,596318
20,2037,318570,278704,597274
21,2037,307169,279147,586316
22,2037,306963,279195,586158
23,2037,307025,279209,586234
24,2037,307025,279209,586234
25,2037,307025,279209,586234
26,2037,307025,279209,586234
27,2037,307025,279209,586234
28,2037,307025,279209,586234
29,2037,307025,279209,586234
30,2037,307025,279209,586234
31,2037,307025,279209,586234
32,2037,307025,279209,586234
33,2037,307025,279209,586234
34,2037,307025,279209,586234
35,2037,307025,279209,586234
36,2037,307025,279209,586234
37,2037,307025,279209,586234
38,2037,307025,279209,586234
39,2037,307025,279209,586234
40,2037,307025,279209,586234
41,2037,307025,279209,586234
42,2037,307025,279209,586234
43,2037,307025,279209,586234
44,2037,309401,279433,588834
45,2037,309401,279433,588834
46,2037,308138,279364,587502
47,2037,308207,279364,587571
48,2037,308207,279364,587571
49,2037,308207,279364,587571
50,2037,308207,279364,587571
51,2037,308198,279402,587600
52,2037,308198,279402,587600
53,2037,308198,279402,587600
54,2037,308198,279402,587600
55,2037,308198,279402,587600
56,2037,308198,279402,587600
57,2037,308198,279402,587600
58,2037,308198,279402,587600
59,2037,308198,279402,587600
60,2037,308198,279402,587600
61,2037,308198,279402,587600
62,2037,308198,279402,587600
63,2037,308198,279402,587600
64,2037,309449,279472,588921
65,2037,309538,279472,589010
66,2037,307947,279400,587347
67,2037,308227,279400,587627
68,2037,307618,279138,586756
69,2037,307735,279232,586967
70,2037,307742,279123,586865
71,2037,309127,279187,588314
72,2037,308751,279129,587880
73,2037,307179,279129,586308
74,2037,307179,279129,586308
75,2037,307179,279129,586308
76,2037,307179,279129,586308
77,2037,307179,279129,586308
78,2037,306934,286413,593347
79,2037,306862,284996,591858
80,2037,306855,286432,593287
81,2037,306855,286432,593287
82,2037,306855,286432,593287
83,2037,306855,286432,593287
84,2037,306855,286432,593287
85,2037,306855,286432,593287
86,2037,306855,286432,593287
87,2037,306855,286432,593287
88,2037,306855,286432,593287
89,2037,306855,286432,593287
90,2037,306855,286432,593287
91,2037,306855,286432,593287
92,2037,306855,286432,593287
93,2037,306855,286432,593287
94,2037,306855,286432,593287
95,2037,306855,286432,593287
96,2037,306855,286432,593287
97,2037,306855,286432,593287
98,2037,306855,286432,593287
99,2037,306855,286432,593287
100,2037,306855,286432,593287
0,2037,292414,276267,568681
1,2037,292414,276267,568681
2,2037,292410,276267,568677
3,2037,292524,276267,568791
4,2037,292770,276374,569144
5,2037,292782,276405,569187
6,2037,292777,275836,568613
7,2037,292789,275833,568622
8,2037,292809,276105,568914
9,2037,292817,276218,569035
10,2037,292752,276008,568760
11,2037,292786,276013,568799
12,2037,292637,275836,568473
13,2037,294207,275567,569774
14,2037,297544,275452,572996
15,2037,296712,275491,572203
16,2037,295873,275344,571217
17,2037,298696,275638,574334
18,2037,308040,277244,585284
19,2037,310244,279250,589494
20,2037,310992,279343,590335
21,2037,309447,279369,588816
22,2037,309498,279517,589015
23,2037,309548,279517,589065
24,2037,309548,279517,589065
25,2037,309548,279517,589065
26,2037,309548,279517,589065
27,2037,309548,279517,589065
28,2037,309548,279517,589065
29,2037,309548,279517,589065
30,2037,309548,279517,589065
31,2037,309548,279517,589065
32,2037,309548,279517,589065
33,2037,309548,279517,589065
34,2037,309548,279517,589065
35,2037,309548,279517,589065
36,2037,309548,279517,589065
37,2037,309933,279517,589450
38,2037,309933,279517,589450
39,2037,309933,279517,589450
40,2037,309933,279517,589450
41,2037,309933,279517,589450
42,2037,309933,279517,589450
43,2037,309933,279517,589450
44,2037,311218,279445,590663
45,2037,311218,279445,590663
46,2037,311078,279485,590563
47,2037,311078,279485,590563
48,2037,311078,279485,590563
49,2037,311078,279485,590563
50,2037,311078,279485,590563
51,2037,311087,279523,590610
52,2037,311087,279523,590610
53,2037,311087,279523,590610
54,2037,311087,279523,590610
55,2037,311087,279523,590610
56,2037,311087,279523,590610
57,2037,311087,279523,590610
58,2037,311087,279523,590610
59,2037,311087,279523,590610
60,2037,311087,279523,590610
61,2037,311087,279523,590610
62,2037,311087,279523,590610
63,2037,311197,279523,590720
64,2037,311402,279483,590885
65,2037,311494,279483,590977
66,2037,311142,279522,590664
67,2037,311181,279522,590703
68,2037,310276,279498,589774
69,2037,310326,279498,589824
70,2037,310257,279585,589842
71,2037,310672,279598,590270
72,2037,310683,279572,590255
73,2037,309854,279579,589433
74,2037,309854,279579,589433
75,2037,309854,279579,589433
76,2037,309854,279579,589433
77,2037,309854,279579,589433
78,2037,309223,297053,606276
79,2037,309182,295170,604352
80,2037,309215,297002,606217
81,2037,309223,297359,606582
82,2037,309223,297359,606582
83,2037,309223,297359,606582
84,2037,309223,297359,606582
85,2037,309223,297359,606582
86,2037,309223,297359,606582
87,2037,309223,297359,606582
88,2037,309223,297359,606582
89,2037,309223,297359,606582
90,2037,309223,297359,606582
91,2037,309223,297359,606582
92,2037,309223,297359,606582
93,2037,309223,297359,606582
94,2037,309223,297359,606582
95,2037,309223,297359,606582
96,2037,309223,297359,606582
97,2037,309223,297359,606582
98,2037,309223,297359,606582
99,2037,309223,297359,606582
100,2037,309223,297359,606582
0,2037,290839,275033,565872
1,2037,290839,275033,565872
2,2037,290835,275033,565868
3,2037,290937,275233,566170
4,2037,291005,274937,565942
5,2037,291046,275155,566201
6,2037,292232,276240,568472
7,2037,292199,276233,568432
8,2037,291249,275661,566910
9,2037,291199,275601,566800
10,2037,292123,276191,568314
11,2037,292361,276048,568409
12,2037,293171,276060,569231
13,2037,294126,275531,569657
14,2037,296668,275937,572605
15,2037,295244,275388,570632
16,2037,296127,275713,571840
17,2037,298662,276231,574893
18,2037,305162,277907,583069
19,2037,309543,280666,590209
20,2037,310358,280573,590931
21,2037,310236,280007,590243
22,2037,310517,280086,590603
23,2037,310504,280086,590590
24,2037,310504,280086,590590
25,2037,310504,280086,590590
26,2037,310504,280086,590590
27,2037,310504,280086,590590
28,2037,310504,280086,590590
29,2037,310504,280086,590590
30,2037,310504,280086,590590
31,2037,310504,280086,590590
32,2037,310504,280086,590590
33,2037,310504,280086,590590
34,2037,310504,280086,590590
35,2037,310504,280086,590590
36,2037,310504,280086,590590
37,2037,310568,280086,590654
38,2037,310568,280086,590654
39,2037,310568,280086,590654
40,2037,310568,280086,590654
41,2037,310949,280086,591035
42,2037,310949,280086,591035
43,2037,310949,280086,591035
44,2037,311212,280770,591982
45,2037,311212,280770,591982
46,2037,311402,280718,592120
47,2037,311402,280718,592120
48,2037,311402,280718,592120
49,2037,311402,280718,592120
50,2037,311402,280718,592120
51,2037,311402,280757,592159
52,2037,311402,280757,592159
53,2037,311402,280757,592159
54,2037,311402,280757,592159
55,2037,311402,280757,592159
56,2037,311402,280757,592159
57,2037,311402,280757,592159
58,2037,311402,280757,592159
59,2037,311402,280757,592159
60,2037,311402,280757,592159
61,2037,311402,280757,592159
62,2037,311402,280757,592159
63,2037,311500,280757,592257
64,2037,311363,280826,592189
65,2037,311724,280826,592550
66,2037,311611,280757,592368
67,2037,311478,280757,592235
68,2037,311136,280282,591418
69,2037,311224,280386,591610
70,2037,311089,280359,591448
71,2037,311023,280782,591805
72,2037,311415,280757,592172
73,2037,310475,280113,590588
74,2037,310475,280113,590588
75,2037,310475,280113,590588
76,2037,310475,280113,590588
77,2037,310475,280113,590588
78,2037,312080,301426,613506
79,2037,311717,300216,611933
80,2037,312078,301550,613628
81,2037,312097,305369,617466
82,2037,312097,305369,617466
83,2037,312097,305369,617466
84,2037,312097,305369,617466
85,2037,312097,305369,617466
86,2037,312097,305369,617466
87,2037,312097,305369,617466
88,2037,312097,305369,617466
89,2037,312097,305369,617466
90,2037,312097,305369,617466
91,2037,312097,305369,617466
92,2037,312097,305369,617466
93,2037,312097,305369,617466
94,2037,312097,305369,617466
95,2037,312097,305369,617466
96,2037,312097,305369,617466
97,2037,312097,305369,617466
98,2037,312097,305369,617466
99,2037,312097,305369,617466
100,2037,312097,305369,617466
0,2037,289659,274603,564262
1,2037,289659,274603,564262
2,2037,289665,274603,564268
3,2037,290131,274992,565123
4,2037,290075,275018,565093
5,2037,290517,275453,565970
6,2037,291142,275727,566869
7,2037,291129,275727,566856
8,2037,291983,276029,568012
9,2037,291141,275810,566951
10,2037,291146,275616,566762
11,2037,292016,276074,568090
12,2037,292897,276138,569035
13,2037,294262,276019,570281
14,2037,294683,275572,570255
15,2037,297679,275397,573076
16,2037,295993,275946,571939
17,2037,298812,276626,575438
18,2037,303893,278118,582011
19,2037,307392,280296,587688
20,2037,308113,280287,588400
21,2037,310267,280533,590800
22,2037,310619,280734,591353
23,2037,310685,280734,591419
24,2037,310685,280734,591419
25,2037,310685,280734,591419
26,2037,310685,280734,591419
27,2037,310685,280734,591419
28,2037,310685,280734,591419
29,2037,310685,280734,591419
30,2037,310685,280734,591419
31,2037,310685,280734,591419
32,2037,310685,280734,591419
33,2037,310685,280734,591419
34,2037,310685,280734,591419
35,2037,310685,280734,591419
36,2037,310685,280734,591419
37,2037,310706,280734,591440
38,2037,310706,280734,591440
39,2037,310706,280734,591440
40,2037,310706,280734,591440
41,2037,311060,280758,591818
42,2037,311060,280758,591818
43,2037,311060,280758,591818
44,2037,310515,280639,591154
45,2037,310515,280639,591154
46,2037,310557,280639,591196
47,2037,310557,280639,591196
48,2037,310557,280639,591196
49,2037,310557,280639,591196
50,2037,310557,280639,591196
51,2037,310557,280639,591196
52,2037,310557,280639,591196
53,2037,310557,280639,591196
54,2037,310557,280639,591196
55,2037,310557,280639,591196
56,2037,310557,280639,591196
57,2037,310557,280639,591196
58,2037,310557,280639,591196
59,2037,310557,280639,591196
60,2037,310557,280639,591196
61,2037,310557,280639,591196
62,2037,310557,280639,591196
63,2037,310910,280639,591549
64,2037,310761,280639,591400
65,2037,311033,280639,591672
66,2037,311135,280672,591807
67,2037,310932,280639,591571
68,2037,311116,280771,591887
69,2037,311041,280703,591744
70,2037,310992,280666,591658
71,2037,310516,280639,591155
72,2037,310473,280639,591112
73,2037,311008,280697,591705
74,2037,311008,280697,591705
75,2037,311008,280697,591705
76,2037,311008,280697,591705
77,2037,311008,280697,591705
78,2037,314470,302480,616950
79,2037,314144,302411,616555
80,2037,314352,302829,617181
81,2037,316242,304224,620466
82,2037,316242,304224,620466
83,2037,316242,304224,620466
84,2037,316242,304224,620466
85,2037,316242,304224,620466
86,2037,316242,304224,620466
87,2037,316242,304224,620466
88,2037,316242,304224,620466
89,2037,316242,304224,620466
90,2037,316242,304224,620466
91,2037,316242,304224,620466
92,2037,316242,304224,620466
93,2037,316242,304224,620466
94,2037,316242,304224,620466
95,2037,316242,304224,620466
96,2037,316242,304224,620466
97,2037,316242,304224,620466
98,2037,316242,304224,620466
99,2037,316242,304224,620466
100,2037,316242,304224,620466
0,2037,289139,272661,561800
1,2037,289139,272661,561800
2,2037,289140,272661,561801
3,2037,289119,272764,561883
4,2037,289360,272455,561815
5,2037,290329,273837,564166
6,2037,290582,275044,565626
7,2037,290513,275001,565514
8,2037,291822,275327,567149
9,2037,292040,275205,567245
10,2037,290765,275121,565886
11,2037,291646,275629,567275
12,2037,292463,275852,568315
13,2037,293960,275907,569867
14,2037,294086,274870,568956
15,2037,297101,275906,573007
16,2037,295988,275549,571537
17,2037,299178,275915,575093
18,2037,303074,277430,580504
19,2037,305532,280384,585916
20,2037,307797,280492,588289
21,2037,309263,280395,589658
22,2037,309846,280601,590447
23,2037,310066,280601,590667
24,2037,310068,280601,590669
25,2037,310068,280601,590669
26,2037,310068,280601,590669
27,2037,310068,280601,590669
28,2037,310068,280601,590669
29,2037,310068,280601,590669
30,2037,310068,280601,590669
31,2037,310068,280601,590669
32,2037,310068,280601,590669
33,2037,310068,280601,590669
34,2037,310068,280601,590669
35,2037,310068,280601,590669
36,2037,310068,280601,590669
37,2037,310106,280601,590707
38,2037,310106,280601,590707
39,2037,310106,280601,590707
40,2037,310106,280601,590707
41,2037,310504,280601,591105
42,2037,310504,280601,591105
43,2037,310504,280601,591105
44,2037,310371,280615,590986
45,2037,310371,280615,590986
46,2037,310431,280601,591032
47,2037,310431,280601,591032
48,2037,310431,280601,591032
49,2037,310431,280601,591032
50,2037,310431,280601,591032
51,2037,310431,280601,591032
52,2037,310431,280601,591032
53,2037,310431,280601,591032
54,2037,310431,280601,591032
55,2037,310431,280601,591032
56,2037,310431,280601,591032
57,2037,310431,280601,591032
58,2037,310431,280601,591032
59,2037,310431,280601,591032
60,2037,310425,280601,591026
61,2037,310396,280601,590997
62,2037,310384,280601,590985
63,2037,310452,280601,591053
64,2037,310622,280615,591237
65,2037,310565,280615,591180
66,2037,310466,280601,591067
67,2037,310560,280601,591161
68,2037,310503,280601,591104
69,2037,310459,280601,591060
70,2037,310415,280601,591016
71,2037,310321,280601,590922
72,2037,310394,280611,591005
73,2037,310297,280601,590898
74,2037,310297,280601,590898
75,2037,310297,280601,590898
76,2037,310297,280601,590898
77,2037,310297,280601,590898
78,2037,316765,303090,619855
79,2037,316576,303067,619643
80,2037,316701,303735,620436
81,2037,316971,305349,622320
82,2037,316971,305349,622320
83,2037,316971,305349,622320
84,2037,316971,305349,622320
85,2037,316971,305349,622320
86,2037,316971,305349,622320
87,2037,316971,305349,622320
88,2037,316971,305349,622320
89,2037,316971,305349,622320
90,2037,316971,305349,622320
91,2037,316971,305349,622320
92,2037,316971,305349,622320
93,2037,316971,305349,622320
94,2037,316971,305349,622320
95,2037,316971,305349,622320
96,2037,316971,305349,622320
97,2037,316971,305349,622320
98,2037,316971,305349,622320
99,2037,316971,305349,622320
100,2037,316971,305349,622320
0,2037,290394,273022,563416
1,2037,290394,272960,563354
2,2037,290359,272960,563319
3,2037,290259,272886,563145
4,2037,290454,272808,563262
5,2037,291611,274441,566052
6,2037,290844,274238,565082
7,2037,290993,274439,565432
8,2037,292558,275788,568346
9,2037,292683,276220,568903
10,2037,290916,274282,565198
11,2037,292270,275799,568069
12,2037,292527,276121,568648
13,2037,293904,275836,569740
14,2037,293814,275619,569433
15,2037,296491,275550,572041
16,2037,296013,275404,571417
17,2037,300549,276014,576563
18,2037,303703,277256,580959
19,2037,304886,279668,584554
20,2037,307763,280642,588405
21,2037,308577,280432,589009
22,2037,309209,280601,589810
23,2037,309657,280601,590258
24,2037,309658,280601,590259
25,2037,309658,280601,590259
26,2037,309658,280601,590259
27,2037,309658,280601,590259
28,2037,309658,280601,590259
29,2037,309658,280601,590259
30,2037,309658,280601,590259
31,2037,309658,280601,590259
32,2037,309658,280601,590259
33,2037,309658,280601,590259
34,2037,309658,280601,590259
35,2037,309658,280601,590259
36,2037,309658,280601,590259
37,2037,309666,280681,590347
38,2037,309666,280681,590347
39,2037,309666,280681,590347
40,2037,309666,280681,590347
41,2037,310400,280705,591105
42,2037,310400,280705,591105
43,2037,310400,280705,591105
44,2037,310418,280719,591137
45,2037,310418,280719,591137
46,2037,310454,280719,591173
47,2037,310454,280719,591173
48,2037,310454,280719,591173
49,2037,310454,280719,591173
50,2037,310454,280719,591173
51,2037,310454,280719,591173
52,2037,310454,280719,591173
53,2037,310454,280719,591173
54,2037,310454,280719,591173
55,2037,310454,280719,591173
56,2037,310454,280719,591173
57,2037,310454,280719,591173
58,2037,310454,280719,591173
59,2037,310454,280719,591173
60,2037,310454,280719,591173
61,2037,310425,280719,591144
62,2037,310355,280719,591074
63,2037,310557,280719,591276
64,2037,310622,280709,591331
65,2037,310657,280709,591366
66,2037,310551,280719,591270
67,2037,310578,280709,591287
68,2037,310595,280719,591314
69,2037,310527,280719,591246
70,2037,310501,280719,591220
71,2037,310167,280719,590886
72,2037,310365,280719,591084
73,2037,310097,280705,590802
74,2037,310097,280705,590802
75,2037,310097,280705,590802
76,2037,310097,280705,590802
77,2037,310097,280705,590802
78,2037,316031,304649,620680
79,2037,316015,304523,620538
80,2037,316491,304884,621375
81,2037,317021,307179,624200
82,2037,317021,307179,624200
83,2037,317021,307179,624200
84,2037,317021,307179,624200
85,2037,317021,307179,624200
86,2037,317021,307179,624200
87,2037,317021,307179,624200
88,2037,317021,307179,624200
89,2037,317021,307179,624200
90,2037,317021,307179,624200
91,2037,317021,307179,624200
92,2037,317021,307179,624200
93,2037,317021,307179,624200
94,2037,317021,307179,624200
95,2037,317021,307179,624200
96,2037,317021,307179,624200
97,2037,317021,307179,624200
98,2037,317021,307179,624200
99,2037,317021,307179,624200
100,2037,317021,307179,624200
0,2037,291389,273588,564977
1,2037,291361,273588,564949
2,2037,291342,273588,564930
3,2037,290486,273473,563959
4,2037,291427,273538,564965
5,2037,292690,275544,568234
6,2037,291841,274747,566588
7,2037,291918,275199,567117
8,2037,292254,275800,568054
9,2037,291248,275379,566627
10,2037,292120,274848,566968
11,2037,292386,276244,568630
12,2037,292471,275750,568221
13,2037,293842,275635,569477
14,2037,294684,275923,570607
15,2037,295202,274951,570153
16,2037,296309,275544,571853
17,2037,300680,275961,576641
18,2037,306176,277396,583572
19,2037,304844,279082,583926
20,2037,307760,280252,588012
21,2037,308575,280608,589183
22,2037,309265,280695,589960
23,2037,309759,280695,590454
24,2037,309761,280695,590456
25,2037,309761,280695,590456
26,2037,309761,280695,590456
27,2037,309761,280695,590456
28,2037,309761,280695,590456
29,2037,309761,280695,590456
30,2037,309761,280695,590456
31,2037,309761,280695,590456
32,2037,309761,280695,590456
33,2037,309761,280695,590456
34,2037,309761,280695,590456
35,2037,309761,280695,590456
36,2037,309761,280695,590456
37,2037,309760,280695,590455
38,2037,309760,280695,590455
39,2037,309760,280695,590455
40,2037,309760,280695,590455
41,2037,310532,280719,591251
42,2037,310532,280719,591251
43,2037,310532,280719,591251
44,2037,310612,280709,591321
45,2037,310612,280709,591321
46,2037,310612,280709,591321
47,2037,310612,280709,591321
48,2037,310612,280709,591321
49,2037,310612,280709,591321
50,2037,310612,280709,591321
51,2037,310612,280709,591321
52,2037,310612,280709,591321
53,2037,310612,280709,591321
54,2037,310612,280709,591321
55,2037,310612,280709,591321
56,2037,310612,280709,591321
57,2037,310612,280709,591321
58,2037,310612,280709,591321
59,2037,310612,280709,591321
60,2037,310612,280709,591321
61,2037,310583,280709,591292
62,2037,310342,280719,591061
63,2037,310663,280709,591372
64,2037,310791,280709,591500
65,2037,310817,280709,591526
66,2037,310711,280709,591420
67,2037,310719,280709,591428
68,2037,310627,280709,591336
69,2037,310569,280709,591278
70,2037,310553,280709,591262
71,2037,310114,280719,590833
72,2037,310402,280719,591121
73,2037,310099,280695,590794
74,2037,310099,280695,590794
75,2037,310099,280695,590794
76,2037,310099,280695,590794
77,2037,310099,280695,590794
78,2037,316416,306500,622916
79,2037,316414,306851,623265
80,2037,317112,306603,623715
81,2037,320548,305311,625859
82,2037,320548,305311,625859
83,2037,320548,305311,625859
84,2037,320548,305311,625859
85,2037,320548,305311,625859
86,2037,320548,305311,625859
87,2037,320548,305311,625859
88,2037,320548,305311,625859
89,2037,320548,305311,625859
90,2037,320548,305311,625859
91,2037,320548,305311,625859
92,2037,320548,305311,625859
93,2037,320548,305311,625859
94,2037,320548,305311,625859
95,2037,320548,305311,625859
96,2037,320548,305311,625859
97,2037,320548,305311,625859
98,2037,320548,305311,625859
99,2037,320548,305311,625859
100,2037,320548,305311,625859
0,2037,292751,275522,568273
1,2037,292768,275518,568286
2,2037,292769,275518,568287
3,2037,291789,274356,566145
4,2037,293025,274710,567735
5,2037,292813,276399,569212
6,2037,292765,276223,568988
7,2037,292672,276268,568940
8,2037,292330,276276,568606
9,2037,291393,275989,567382
10,2037,292673,276157,568830
11,2037,291584,275622,567206
12,2037,292581,275830,568411
13,2037,294134,275933,570067
14,2037,295041,276344,571385
15,2037,297727,275310,573037
16,2037,296109,275747,571856
17,2037,313874,275931,589805
18,2037,305144,277547,582691
19,2037,305947,279202,585149
20,2037,308539,280233,588772
21,2037,309150,280634,589784
22,2037,309340,280727,590067
23,2037,309735,280695,590430
24,2037,309736,280695,590431
25,2037,309736,280695,590431
26,2037,309736,280695,590431
27,2037,309736,280695,590431
28,2037,309736,280695,590431
29,2037,309736,280695,590431
30,2037,309736,280695,590431
31,2037,309736,280695,590431
32,2037,309736,280695,590431
33,2037,309736,280695,590431
34,2037,309736,280695,590431
35,2037,309736,280695,590431
36,2037,309736,280695,590431
37,2037,309736,280695,590431
38,2037,309736,280695,590431
39,2037,309736,280695,590431
40,2037,309736,280695,590431
41,2037,310615,280709,591324
42,2037,310615,280709,591324
43,2037,310615,280709,591324
44,2037,310580,280709,591289
45,2037,310580,280709,591289
46,2037,310589,280709,591298
47,2037,310589,280709,591298
48,2037,310589,280709,591298
49,2037,310589,280709,591298
50,2037,310589,280709,591298
51,2037,310589,280709,591298
52,2037,310589,280709,591298
53,2037,310589,280709,591298
54,2037,310589,280709,591298
55,2037,310589,280709,591298
56,2037,310589,280709,591298
57,2037,310589,280709,591298
58,2037,310589,280709,591298
59,2037,310589,280709,591298
60,2037,310589,280709,591298
61,2037,310560,280709,591269
62,2037,310362,280719,591081
63,2037,310688,280709,591397
64,2037,310777,280709,591486
65,2037,310815,280709,591524
66,2037,310706,280709,591415
67,2037,310743,280709,591452
68,2037,310757,280709,591466
69,2037,310692,280709,591401
70,2037,310676,280709,591385
71,2037,310183,280695,590878
72,2037,310549,280719,591268
73,2037,310133,280695,590828
74,2037,310133,280695,590828
75,2037,310133,280695,590828
76,2037,310133,280695,590828
77,2037,310133,280695,590828
78,2037,319143,305453,624596
79,2037,319327,305676,625003
80,2037,319274,305068,624342
81,2037,318978,306401,625379
82,2037,318978,306401,625379
83,2037,318978,306401,625379
84,2037,318978,306401,625379
85,2037,318978,306401,625379
86,2037,318978,306401,625379
87,2037,318978,306401,625379
88,2037,318978,306401,625379
89,2037,318978,306401,625379
90,2037,318978,306401,625379
91,2037,318978,306401,625379
92,2037,318978,306401,625379
93,2037,318978,306401,625379
94,2037,318978,306401,625379
95,2037,318978,306401,625379
96,2037,318978,306401,625379
97,2037,318978,306401,625379
98,2037,318978,306401,625379
99,2037,318978,306401,625379
100,2037,318978,306401,625379
0,2037,292327,275510,567837
1,2037,292327,275659,567986
2,2037,292320,275647,567967
3,2037,292875,275527,568402
4,2037,292828,275721,568549
5,2037,291154,274409,565563
6,2037,291431,275516,566947
7,2037,291405,275336,566741
8,2037,290990,275061,566051
9,2037,292128,275695,567823
10,2037,291559,275769,567328
11,2037,291377,275586,566963
12,2037,293155,276000,569155
13,2037,294189,275958,570147
14,2037,295769,275717,571486
15,2037,297153,275649,572802
16,2037,295944,275372,571316
17,2037,307331,276682,584013
18,2037,304499,277441,581940
19,2037,307335,279222,586557
20,2037,309367,280247,589614
21,2037,309425,280514,589939
22,2037,309452,280752,590204
23,2037,309762,280695,590457
24,2037,309764,280695,590459
25,2037,309764,280695,590459
26,2037,309764,280695,590459
27,2037,309764,280695,590459
28,2037,309764,280695,590459
29,2037,309764,280695,590459
30,2037,309764,280695,590459
31,2037,309764,280695,590459
32,2037,309764,280695,590459
33,2037,309764,280695,590459
34,2037,309764,280695,590459
35,2037,309764,280695,590459
36,2037,309764,280695,590459
37,2037,309738,280695,590433
38,2037,309738,280695,590433
39,2037,309738,280695,590433
40,2037,309738,280695,590433
41,2037,310581,280709,591290
42,2037,310581,280709,591290
43,2037,310581,280709,591290
44,2037,310522,280709,591231
45,2037,310522,280709,591231
46,2037,310522,280709,591231
47,2037,310522,280709,591231
48,2037,310522,280709,591231
49,2037,310522,280709,591231
50,2037,310522,280709,591231
51,2037,310522,280709,591231
52,2037,310522,280709,591231
53,2037,310522,280709,591231
54,2037,310522,280709,591231
55,2037,310522,280709,591231
56,2037,310522,280709,591231
57,2037,310522,280709,591231
58,2037,310522,280709,591231
59,2037,310522,280709,591231
60,2037,310522,280709,591231
61,2037,310493,280709,591202
62,2037,310500,280719,591219
63,2037,310622,280709,591331
64,2037,310711,280709,591420
65,2037,310854,280709,591563
66,2037,310736,280709,591445
67,2037,310677,280709,591386
68,2037,310743,280709,591452
69,2037,310668,280709,591377
70,2037,310642,280709,591351
71,2037,310117,280719,590836
72,2037,310404,280709,591113
73,2037,310176,280695,590871
74,2037,310176,280695,590871
75,2037,310176,280695,590871
76,2037,310176,280695,590871
77,2037,310176,280695,590871
78,2037,317218,306629,623847
79,2037,317604,306070,623674
80,2037,317715,306312,624027
81,2037,319435,304795,624230
82,2037,319435,304795,624230
83,2037,319435,304795,624230
84,2037,319435,304795,624230
85,2037,319435,304795,624230
86,2037,319435,304795,624230
87,2037,319435,304795,624230
88,2037,319435,304795,624230
89,2037,319435,304795,624230
90,2037,319435,304795,624230
91,2037,319435,304795,624230
92,2037,319435,304795,624230
93,2037,319435,304795,624230
94,2037,319435,304795,624230
95,2037,319435,304795,624230
96,2037,319435,304795,624230
97,2037,319435,304795,624230
98,2037,319435,304795,624230
99,2037,319435,304795,624230
100,2037,319435,304795,624230
0,2037,292237,275533,567770
1,2037,292258,275489,567747
2,2037,292255,275489,567744
3,2037,292520,275565,568085
4,2037,292646,275922,568568
5,2037,290941,274761,565702
6,2037,291650,275540,567190
7,2037,291571,275602,567173
8,2037,290150,274568,564718
9,2037,292443,275886,568329
10,2037,291915,275595,567510
11,2037,292561,275926,568487
12,2037,293011,276402,569413
13,2037,293947,275772,569719
14,2037,294479,275523,570002
15,2037,297722,275788,573510
16,2037,296132,275359,571491
17,2037,303346,276680,580026
18,2037,304374,277451,581825
19,2037,307952,279352,587304
20,2037,309700,280525,590225
21,2037,308980,280464,589444
22,2037,309470,280601,590071
23,2037,309775,280616,590391
24,2037,309777,280616,590393
25,2037,309777,280616,590393
26,2037,309777,280616,590393
27,2037,309777,280616,590393
28,2037,309777,280616,590393
29,2037,309777,280616,590393
30,2037,309777,280616,590393
31,2037,309777,280616,590393
32,2037,309777,280616,590393
33,2037,309777,280616,590393
34,2037,309777,280616,590393
35,2037,309777,280616,590393
36,2037,309777,280616,590393
37,2037,309777,280616,590393
38,2037,309777,280616,590393
39,2037,309777,280616,590393
40,2037,309777,280616,590393
41,2037,310522,280709,591231
42,2037,310522,280709,591231
43,2037,310522,280709,591231
44,2037,310523,280709,591232
45,2037,310523,280709,591232
46,2037,310523,280709,591232
47,2037,310523,280709,591232
48,2037,310523,280709,591232
49,2037,310523,280709,591232
50,2037,310523,280709,591232
51,2037,310523,280709,591232
52,2037,310523,280709,591232
53,2037,310523,280709,591232
54,2037,310523,280709,591232
55,2037,310523,280709,591232
56,2037,310523,280709,591232
57,2037,310523,280709,591232
58,2037,310523,280709,591232
59,2037,310523,280709,591232
60,2037,310523,280709,591232
61,2037,310494,280709,591203
62,2037,310481,280709,591190
63,2037,310622,280709,591331
64,2037,310711,280709,591420
65,2037,310728,280709,591437
66,2037,310677,280709,591386
67,2037,310677,280709,591386
68,2037,310677,280709,591386
69,2037,310602,280709,591311
70,2037,310576,280709,591285
71,2037,310117,280695,590812
72,2037,310481,280719,591200
73,2037,310143,280719,590862
74,2037,310143,280719,590862
75,2037,310143,280719,590862
76,2037,310143,280719,590862
77,2037,310143,280719,590862
78,2037,319280,304872,624152
79,2037,317218,306403,623621
80,2037,318885,305538,624423
81,2037,315816,304901,620717
82,2037,315816,304901,620717
83,2037,315816,304901,620717
84,2037,315816,304901,620717
85,2037,315816,304901,620717
86,2037,315816,304901,620717
87,2037,315816,304901,620717
88,2037,315816,304901,620717
89,2037,315816,304901,620717
90,2037,315816,304901,620717
91,2037,315816,304901,620717
92,2037,315816,304901,620717
93,2037,315816,304901,620717
94,2037,315816,304901,620717
95,2037,315816,304901,620717
96,2037,315816,304901,620717
97,2037,315816,304901,620717
98,2037,315816,304901,620717
99,2037,315816,304901,620717
100,2037,315816,304901,620717
0,2037,269634,238846,508480
1,2037,269634,238846,508480
2,2037,269096,238851,507947
3,2037,269058,238851,507909
4,2037,269580,243697,513277
5,2037,270940,243774,514714
6,2037,268778,243441,512219
7,2037,269030,243879,512909
8,2037,268355,244465,512820
9,2037,266052,244321,510373
10,2037,292494,275697,568191
11,2037,292571,276455,569026
12,2037,269140,245367,514507
13,2037,293891,275625,569516
14,2037,269214,264118,533332
15,2037,279418,264584,544002
16,2037,296197,275623,571820
17,2037,302457,295267,597724
18,2037,305918,296804,602722
19,2037,310849,299408,610257
20,2037,309999,296577,606576
21,2037,310573,292655,603228
22,2037,309767,294553,604320
23,2037,311804,301724,613528
24,2037,313218,303618,616836
25,2037,356439,378118,734557
26,2037,449957,458848,908805
27,2037,458043,460310,918353
28,2037,458043,460310,918353
29,2037,458043,460310,918353
30,2037,462054,459064,921118
31,2037,466836,460487,927323
32,2037,474070,458903,932973
33,2037,474168,458903,933071
34,2037,477391,463686,941077
35,2037,478055,465595,943650
36,2037,479666,469676,949342
37,2037,480425,470591,951016
38,2037,481291,474292,955583
39,2037,482539,474625,957164
40,2037,484602,478939,963541
41,2037,484855,480287,965142
42,2037,485053,483142,968195
43,2037,356318,378640,734958
44,2037,356457,378690,735147
45,2037,356519,378690,735209
46,2037,356519,378690,735209
47,2037,357200,378690,735890
48,2037,357200,378690,735890
49,2037,357200,378690,735890
50,2037,357200,378690,735890
51,2037,357213,378690,735903
52,2037,356633,378690,735323
53,2037,357213,378690,735903
54,2037,357213,378690,735903
55,2037,357213,378690,735903
56,2037,316779,305769,622548
57,2037,316779,305769,622548
58,2037,316779,305769,622548
59,2037,316637,305769,622406
60,2037,316637,305769,622406
61,2037,323089,308212,631301
62,2037,323264,308212,631476
63,2037,320552,305956,626508
64,2037,315908,305769,621677
65,2037,316000,305769,621769
66,2037,316755,305769,622524
67,2037,313619,304981,618600
68,2037,283134,304564,587698
69,2037,284239,304318,588557
70,2037,277638,304160,581798
71,2037,276654,306185,582839
72,2037,283474,304318,587792
73,2037,269419,305097,574516
74,2037,269908,305097,575005
75,2037,270231,305296,575527
76,2037,272545,304520,577065
77,2037,283055,278840,561895
78,2037,317749,308576,626325
79,2037,305053,296831,601884
80,2037,306163,295194,601357
81,2037,305959,288990,594949
82,2037,307628,202690,510318
83,2037,307628,202690,510318
84,2037,307628,202780,510408
85,2037,307628,206240,513868
86,2037,307628,197748,505376
87,2037,307628,195285,502913
88,2037,307628,195285,502913
89,2037,307628,195285,502913
90,2037,307628,195285,502913
91,2037,307628,195285,502913
92,2037,307628,195285,502913
93,2037,307628,195285,502913
94,2037,307628,195285,502913
95,2037,307628,195285,502913
96,2037,307628,195285,502913
97,2037,307628,195285,502913
98,2037,307628,195285,502913
99,2037,307628,195285,502913
100,2037,307628,195285,502913
0,2037,271192,225162,496354
1,2037,266640,226491,493131
2,2037,266468,236736,503204
3,2037,269259,227565,496824
4,2037,266593,237065,503658
5,2037,263215,237258,500473
6,2037,267409,237674,505083
7,2037,266190,237674,503864
8,2037,266107,237674,503781
9,2037,268864,269660,538524
10,2037,292649,276206,568855
11,2037,291627,275325,566952
12,2037,292519,276318,568837
13,2037,294275,275933,570208
14,2037,292902,275819,568721
15,2037,282945,272901,555846
16,2037,268911,265220,534131
17,2037,306964,293326,600290
18,2037,309446,294340,603786
19,2037,312691,296508,609199
20,2037,310402,294574,604976
21,2037,311417,292916,604333
22,2037,312491,296370,608861
23,2037,315052,301261,616313
24,2037,315648,304056,619704
25,2037,361561,380613,742174
26,2037,365256,402172,767428
27,2037,365256,402172,767428
28,2037,475000,462308,937308
29,2037,475000,462308,937308
30,2037,472623,462264,934887
31,2037,471781,458396,930177
32,2037,474734,463211,937945
33,2037,474824,463211,938035
34,2037,475184,463970,939154
35,2037,476680,465745,942425
36,2037,481679,472721,954400
37,2037,481674,473315,954989
38,2037,482715,475630,958345
39,2037,483880,475935,959815
40,2037,486370,479386,965756
41,2037,486593,481283,967876
42,2037,486570,484046,970616
43,2037,485085,483993,969078
44,2037,361908,380809,742717
45,2037,361908,380809,742717
46,2037,361908,380809,742717
47,2037,361966,380808,742774
48,2037,361966,380808,742774
49,2037,361966,380808,742774
50,2037,361966,380808,742774
51,2037,361966,380808,742774
52,2037,361966,380809,742775
53,2037,361966,380808,742774
54,2037,484489,486261,970750
55,2037,361966,380808,742774
56,2037,356461,378690,735151
57,2037,322403,306089,628492
58,2037,321521,307278,628799
59,2037,317618,307260,624878
60,2037,317618,307260,624878
61,2037,314155,310645,624800
62,2037,324063,310715,634778
63,2037,345118,372457,717575
64,2037,321648,308986,630634
65,2037,320805,305450,626255
66,2037,285114,307075,592189
67,2037,319430,309596,629026
68,2037,284945,306826,591771
69,2037,271536,306412,577948
70,2037,268325,306412,574737
71,2037,267049,308587,575636
72,2037,268738,306574,575312
73,2037,268322,306940,575262
74,2037,267052,305873,572925
75,2037,267019,305763,572782
76,2037,267598,305460,573058
77,2037,272342,305504,577846
78,2037,320855,305226,626081
79,2037,308582,244248,552830
80,2037,308528,244248,552776
81,2037,308644,227049,535693
82,2037,308793,200618,509411
83,2037,308793,200618,509411
84,2037,308793,200618,509411
85,2037,308793,201495,510288
86,2037,308793,195178,503971
87,2037,308793,193070,501863
88,2037,308793,193070,501863
89,2037,308793,193070,501863
90,2037,308793,193070,501863
91,2037,308793,193070,501863
92,2037,308793,193070,501863
93,2037,308793,193070,501863
94,2037,308793,193070,501863
95,2037,308793,193070,501863
96,2037,308793,193070,501863
97,2037,308793,193070,501863
98,2037,308793,193070,501863
99,2037,308793,193070,501863
100,2037,308793,193070,501863
0,2037,283319,273772,557091
1,2037,261314,236818,498132
2,2037,265436,237279,502715
3,2037,266041,237231,503272
4,2037,264689,237635,502324
5,2037,262926,237910,500836
6,2037,263078,238367,501445
7,2037,261804,244977,506781
8,2037,260506,244955,505461
9,2037,259313,245027,504340
10,2037,266904,244670,511574
11,2037,268994,245367,514361
12,2037,293848,282524,576372
13,2037,294152,276089,570241
14,2037,295893,285552,581445
15,2037,294353,296066,590419
16,2037,284084,272623,556707
17,2037,303318,292908,596226
18,2037,303860,292864,596724
19,2037,306810,289212,596022
20,2037,307726,291288,599014
21,2037,309570,291001,600571
22,2037,312856,298692,611548
23,2037,316166,301813,617979
24,2037,315830,304405,620235
25,2037,309534,322906,632440
26,2037,305979,319123,625102
27,2037,337301,364983,702284
28,2037,361180,371541,732721
29,2037,476618,464222,940840
30,2037,476666,464179,940845
31,2037,475787,462737,938524
32,2037,477077,464139,941216
33,2037,477025,464139,941164
34,2037,477061,464645,941706
35,2037,479019,467219,946238
36,2037,482317,474669,956986
37,2037,482394,474951,957345
38,2037,483746,476763,960509
39,2037,485026,477100,962126
40,2037,486466,481697,968163
41,2037,486619,482936,969555
42,2037,486653,486014,972667
43,2037,486579,485418,971997
44,2037,485138,484241,969379
45,2037,424290,426508,850798
46,2037,357815,369971,727786
47,2037,308945,319110,628055
48,2037,306180,318607,624787
49,2037,309411,323359,632770
50,2037,308990,323420,632410
51,2037,307039,319281,626320
52,2037,304642,320726,625368
53,2037,304642,320726,625368
54,2037,364050,371003,735053
55,2037,317662,322990,640652
56,2037,361745,380903,742648
57,2037,356217,378430,734647
58,2037,322406,305368,627774
59,2037,320562,305706,626268
60,2037,319265,306079,625344
61,2037,318708,311463,630171
62,2037,324599,311957,636556
63,2037,314280,329045,643325
64,2037,322531,306499,629030
65,2037,322056,305850,627906
66,2037,319670,306753,626423
67,2037,317271,310271,627542
68,2037,318344,307787,626131
69,2037,269327,307199,576526
70,2037,267659,307199,574858
71,2037,266318,309289,575607
72,2037,266415,307199,573614
73,2037,266360,306871,573231
74,2037,266064,306190,572254
75,2037,265573,305611,571184
76,2037,268660,303773,572433
77,2037,284365,305184,589549
78,2037,311251,304540,615791
79,2037,282852,245138,527990
80,2037,283811,245138,528949
81,2037,282743,238029,520772
82,2037,282627,226730,509357
83,2037,282627,200874,483501
84,2037,282627,200874,483501
85,2037,282627,201740,484367
86,2037,282627,195188,477815
87,2037,282627,192711,475338
88,2037,282627,192711,475338
89,2037,282627,192711,475338
90,2037,282627,192711,475338
91,2037,282786,192711,475497
92,2037,282786,192711,475497
93,2037,282786,192711,475497
94,2037,282786,192711,475497
95,2037,282786,192711,475497
96,2037,282786,192711,475497
97,2037,282786,192711,475497
98,2037,282786,192711,475497
99,2037,282786,192711,475497
100,2037,282786,192711,475497
0,2037,279933,267222,547155
1,2037,265466,269490,534956
2,2037,265620,244420,510040
3,2037,263757,244850,508607
4,2037,263434,246455,509889
5,2037,266974,244986,511960
6,2037,254787,245444,500231
7,2037,274233,245810,520043
8,2037,238957,245655,484612
9,2037,247828,243916,491744
10,2037,277733,237674,515407
11,2037,284045,269752,553797
12,2037,268760,252829,521589
13,2037,293655,275675,569330
14,2037,284488,268702,553190
15,2037,295835,286134,581969
16,2037,296055,293858,589913
17,2037,283053,266247,549300
18,2037,303201,293401,596602
19,2037,303167,291102,594269
20,2037,308486,292930,601416
21,2037,316856,301648,618504
22,2037,316880,306194,623074
23,2037,316070,301937,618007
24,2037,316239,304068,620307
25,2037,321900,326670,648570
26,2037,316971,325020,641991
27,2037,306090,324349,630439
28,2037,317084,334268,651352
29,2037,365519,376877,742396
30,2037,460839,460855,921694
31,2037,459950,462625,922575
32,2037,436507,440114,876621
33,2037,462990,462759,925749
34,2037,436869,441052,877921
35,2037,437402,441186,878588
36,2037,468230,469143,937373
37,2037,470094,470129,940223
38,2037,471808,474610,946418
39,2037,472772,475005,947777
40,2037,476173,479564,955737
41,2037,477486,483040,960526
42,2037,478424,485155,963579
43,2037,486584,488972,975556
44,2037,486647,485965,972612
45,2037,485138,483993,969131
46,2037,378954,405402,784356
47,2037,344748,371619,716367
48,2037,343137,369590,712727
49,2037,339131,370180,709311
50,2037,324515,342783,667298
51,2037,325021,339699,664720
52,2037,324801,345215,670016
53,2037,324727,340288,665015
54,2037,302522,324289,626811
55,2037,303874,323708,627582
56,2037,302106,320780,622886
57,2037,361634,379753,741387
58,2037,356559,377640,734199
59,2037,322344,305164,627508
60,2037,322362,305647,628009
61,2037,325180,321523,646703
62,2037,326854,314829,641683
63,2037,321350,314992,636342
64,2037,316598,309479,626077
65,2037,319302,306024,625326
66,2037,322582,305982,628564
67,2037,321035,306668,627703
68,2037,283735,309262,592997
69,2037,286279,307781,594060
70,2037,267320,307306,574626
71,2037,266429,309043,575472
72,2037,265514,307385,572899
73,2037,270112,305642,575754
74,2037,285583,307698,593281
75,2037,267533,307674,575207
76,2037,264936,306193,571129
77,2037,265367,306243,571610
78,2037,321268,303879,625147
79,2037,282874,244933,527807
80,2037,282811,244933,527744
81,2037,293938,237298,531236
82,2037,260913,227293,488206
83,2037,259037,200954,459991
84,2037,259037,200954,459991
85,2037,259396,201952,461348
86,2037,255084,195188,450272
87,2037,255049,192646,447695
88,2037,255049,192646,447695
89,2037,255049,192646,447695
90,2037,255049,192646,447695
91,2037,255049,192646,447695
92,2037,255049,192646,447695
93,2037,255049,192646,447695
94,2037,255049,192646,447695
95,2037,255049,192646,447695
96,2037,255049,192646,447695
97,2037,255049,192646,447695
98,2037,255049,192646,447695
99,2037,255049,192646,447695
100,2037,255049,192646,447695
0,2037,280914,270082,550996
1,2037,281616,268167,549783
2,2037,282114,268761,550875
3,2037,282048,268659,550707
4,2037,272659,268499,541158
5,2037,280498,268745,549243
6,2037,272835,268837,541672
7,2037,271559,255543,527102
8,2037,267759,253163,520922
9,2037,269980,262733,532713
10,2037,266128,244989,511117
11,2037,283058,275423,558481
12,2037,274408,258221,532629
13,2037,293881,275589,569470
14,2037,293696,276314,570010
15,2037,295633,273745,569378
16,2037,297785,293622,591407
17,2037,310117,299850,609967
18,2037,298727,290442,589169
19,2037,307875,297829,605704
20,2037,308037,292580,600617
21,2037,306891,293067,599958
22,2037,313726,301285,615011
23,2037,312202,299193,611395
24,2037,313226,300902,614128
25,2037,325702,315399,641101
26,2037,328650,316568,645218
27,2037,329818,323695,653513
28,2037,331119,322182,653301
29,2037,328647,322566,651213
30,2037,338064,324121,662185
31,2037,359094,347441,706535
32,2037,366865,360156,727021
33,2037,360333,350671,711004
34,2037,366877,358945,725822
35,2037,468491,465135,933626
36,2037,466680,467358,934038
37,2037,467047,467558,934605
38,2037,471488,472095,943583
39,2037,473817,474800,948617
40,2037,474839,476978,951817
41,2037,475310,476944,952254
42,2037,474992,477044,952036
43,2037,478131,487432,965563
44,2037,486705,490099,976804
45,2037,486656,485574,972230
46,2037,485138,484151,969289
47,2037,485123,485948,971071
48,2037,409005,413116,822121
49,2037,409005,413116,822121
50,2037,387020,398108,785128
51,2037,387223,398145,785368
52,2037,387010,398225,785235
53,2037,386802,398264,785066
54,2037,357134,385782,742916
55,2037,374336,397028,771364
56,2037,326277,345916,672193
57,2037,305880,323281,629161
58,2037,362671,388871,751542
59,2037,357654,378594,736248
60,2037,357654,378594,736248
61,2037,327996,316649,644645
62,2037,328759,319855,648614
63,2037,329726,317280,647006
64,2037,326701,312275,638976
65,2037,322184,305817,628001
66,2037,321343,305889,627232
67,2037,323406,305447,628853
68,2037,319814,337779,657593
69,2037,282772,327117,609889
70,2037,269066,331948,601014
71,2037,268600,331963,600563
72,2037,268245,329803,598048
73,2037,267944,332923,600867
74,2037,268445,333825,602270
75,2037,266959,334756,601715
76,2037,266113,333969,600082
77,2037,268304,334547,602851
78,2037,295993,306916,602909
79,2037,270116,246747,516863
80,2037,270116,246242,516358
81,2037,262735,238180,500915
82,2037,232609,228504,461113
83,2037,224376,212897,437273
84,2037,224140,200958,425098
85,2037,224467,201997,426464
86,2037,222048,195188,417236
87,2037,221554,192646,414200
88,2037,221554,192646,414200
89,2037,221554,192646,414200
90,2037,221554,192646,414200
91,2037,221802,192646,414448
92,2037,221802,192646,414448
93,2037,221802,192646,414448
94,2037,221802,192646,414448
95,2037,221802,192646,414448
96,2037,221802,192646,414448
97,2037,221802,192646,414448
98,2037,221802,192646,414448
99,2037,221802,192646,414448
100,2037,221802,192646,414448
0,2037,283318,274007,557325
1,2037,279643,268794,548437
2,2037,280010,268599,548609
3,2037,280169,268681,548850
4,2037,280438,268320,548758
5,2037,279791,267868,547659
6,2037,280392,267957,548349
7,2037,281004,268245,549249
8,2037,282190,269266,551456
9,2037,270740,254476,525216
10,2037,283171,268610,551781
11,2037,263667,245734,509401
12,2037,283572,275268,558840
13,2037,271403,263942,535345
14,2037,295254,276706,571960
15,2037,296007,276434,572441
16,2037,308035,322718,630753
17,2037,309052,297548,606600
18,2037,305427,295341,600768
19,2037,310239,296186,606425
20,2037,306098,302836,608934
21,2037,308997,292567,601564
22,2037,311014,291704,602718
23,2037,312713,299918,612631
24,2037,312813,300587,613400
25,2037,322192,311391,633583
26,2037,327274,312912,640186
27,2037,330248,314546,644794
28,2037,330865,320427,651292
29,2037,330175,321868,652043
30,2037,328374,321732,650106
31,2037,336114,332552,668666
32,2037,345149,341627,686776
33,2037,357977,363255,721232
34,2037,346058,343270,689328
35,2037,367153,364560,731713
36,2037,366987,364173,731160
37,2037,463147,467214,930361
38,2037,466750,468843,935593
39,2037,470046,473146,943192
40,2037,471994,474097,946091
41,2037,472686,474437,947123
42,2037,472482,475404,947886
43,2037,474834,476905,951739
44,2037,478360,489504,967864
45,2037,487791,492466,980257
46,2037,486647,486299,972946
47,2037,486613,487200,973813
48,2037,485113,486524,971637
49,2037,485104,486562,971666
50,2037,483579,483082,966661
51,2037,483579,483089,966668
52,2037,462388,471117,933505
53,2037,434995,451426,886421
54,2037,366159,372746,738905
55,2037,386564,406687,793251
56,2037,345403,385161,730564
57,2037,327148,343870,671018
58,2037,307191,320131,627322
59,2037,363133,388915,752048
60,2037,363055,388880,751935
61,2037,360476,378581,739057
62,2037,329347,317914,647261
63,2037,327252,323592,650844
64,2037,327731,321474,649205
65,2037,321688,303043,624731
66,2037,318868,319825,638693
67,2037,324113,303176,627289
68,2037,311307,318119,629426
69,2037,301069,326744,627813
70,2037,269348,319730,589078
71,2037,270828,319192,590020
72,2037,269459,319282,588741
73,2037,269167,318327,587494
74,2037,269140,318464,587604
75,2037,267673,315674,583347
76,2037,262489,317301,579790
77,2037,270008,317876,587884
78,2037,313571,306911,620482
79,2037,255728,301730,557458
80,2037,247909,253460,501369
81,2037,238061,238632,476693
82,2037,223446,227423,450869
83,2037,217983,215474,433457
84,2037,217481,200907,418388
85,2037,217671,201757,419428
86,2037,215296,195188,410484
87,2037,214669,192646,407315
88,2037,214669,192646,407315
89,2037,214669,192646,407315
90,2037,214669,192646,407315
91,2037,214669,192646,407315
92,2037,214669,192646,407315
93,2037,214669,192646,407315
94,2037,214669,192646,407315
95,2037,214669,192646,407315
96,2037,214669,192646,407315
97,2037,214669,192646,407315
98,2037,214669,192646,407315
99,2037,214669,192646,407315
100,2037,214669,192646,407315
0,2037,291511,274905,566416
1,2037,282134,272796,554930
2,2037,280106,268785,548891
3,2037,279894,269488,549382
4,2037,279944,268432,548376
5,2037,280272,269768,550040
6,2037,279823,268920,548743
7,2037,280188,268200,548388
8,2037,278975,268230,547205
9,2037,281784,269469,551253
10,2037,279771,268356,548127
11,2037,285421,273626,559047
12,2037,282934,271279,554213
13,2037,284611,272502,557113
14,2037,293954,275605,569559
15,2037,309991,303602,613593
16,2037,316367,316718,633085
17,2037,304296,304823,609119
18,2037,307489,297093,604582
19,2037,310252,294918,605170
20,2037,306792,303860,610652
21,2037,311918,294514,606432
22,2037,312915,293110,606025
23,2037,314035,300929,614964
24,2037,314168,301171,615339
25,2037,322986,313413,636399
26,2037,323958,317581,641539
27,2037,324073,311275,635348
28,2037,329174,316753,645927
29,2037,331299,316590,647889
30,2037,331560,319125,650685
31,2037,330461,322141,652602
32,2037,341510,332382,673892
33,2037,407723,413952,821675
34,2037,474625,464034,938659
35,2037,434553,441370,875923
36,2037,465616,468976,934592
37,2037,367168,365840,733008
38,2037,463556,468733,932289
39,2037,463880,468989,932869
40,2037,467181,467863,935044
41,2037,468716,470977,939693
42,2037,470558,473399,943957
43,2037,472445,475212,947657
44,2037,475084,478799,953883
45,2037,478718,492381,971099
46,2037,486704,490009,976713
47,2037,486630,490789,977419
48,2037,486613,487561,974174
49,2037,486588,487600,974188
50,2037,486463,488101,974564
51,2037,375345,386494,761839
52,2037,383652,406909,790561
53,2037,394090,409500,803590
54,2037,387146,399060,786206
55,2037,394769,412489,807258
56,2037,363975,384958,748933
57,2037,345354,385503,730857
58,2037,326797,342474,669271
59,2037,305356,324975,630331
60,2037,357123,386737,743860
61,2037,370438,393034,763472
62,2037,360414,379543,739957
63,2037,327733,311948,639681
64,2037,328370,319288,647658
65,2037,321225,303192,624417
66,2037,328148,315701,643849
67,2037,321938,305318,627256
68,2037,323027,325259,648286
69,2037,281665,318606,600271
70,2037,299884,331107,630991
71,2037,272098,320448,592546
72,2037,271868,318633,590501
73,2037,271522,318840,590362
74,2037,270853,315421,586274
75,2037,270927,316117,587044
76,2037,272120,316567,588687
77,2037,271164,319284,590448
78,2037,275852,312371,588223
79,2037,244086,306746,550832
80,2037,240634,255652,496286
81,2037,233765,238204,471969
82,2037,218032,226936,444968
83,2037,213165,213985,427150
84,2037,212643,200907,413550
85,2037,212620,201946,414566
86,2037,213748,195188,408936
87,2037,213784,192646,406430
88,2037,213784,192646,406430
89,2037,213784,192646,406430
90,2037,213784,192646,406430
91,2037,213768,192646,406414
92,2037,213768,192646,406414
93,2037,213768,192646,406414
94,2037,213768,192646,406414
95,2037,213768,192646,406414
96,2037,213768,192646,406414
97,2037,213768,192646,406414
98,2037,213768,192646,406414
99,2037,213768,192646,406414
100,2037,213768,192646,406414
0,2037,291616,274436,566052
1,2037,291451,275060,566511
2,2037,291090,275037,566127
3,2037,291190,275101,566291
4,2037,290931,274702,565633
5,2037,283364,273212,556576
6,2037,283854,273761,557615
7,2037,282420,270205,552625
8,2037,273354,268827,542181
9,2037,282128,271807,553935
10,2037,280261,268965,549226
11,2037,283739,275440,559179
12,2037,282566,269752,552318
13,2037,283497,275647,559144
14,2037,272586,263691,536277
15,2037,293264,308244,601508
16,2037,311783,322605,634388
17,2037,314803,320584,635387
18,2037,307692,295398,603090
19,2037,310007,295951,605958
20,2037,309886,294955,604841
21,2037,308183,292703,600886
22,2037,310394,290855,601249
23,2037,312405,293839,606244
24,2037,314023,301220,615243
25,2037,320516,315757,636273
26,2037,324330,324201,648531
27,2037,324544,311221,635765
28,2037,326119,312284,638403
29,2037,328085,315381,643466
30,2037,330340,315963,646303
31,2037,330202,319332,649534
32,2037,331640,322615,654255
33,2037,334003,325922,659925
34,2037,405065,411046,816111
35,2037,413912,414791,828703
36,2037,457565,461937,919502
37,2037,460675,464558,925233
38,2037,457987,463825,921812
39,2037,458298,463251,921549
40,2037,457265,462921,920186
41,2037,457477,459063,916540
42,2037,464968,465448,930416
43,2037,468069,471562,939631
44,2037,472651,476453,949104
45,2037,480640,479171,959811
46,2037,478165,490006,968171
47,2037,478045,489613,967658
48,2037,486583,491067,977650
49,2037,486601,491217,977818
50,2037,488705,491282,979987
51,2037,486780,491135,977915
52,2037,486595,491125,977720
53,2037,465504,480393,945897
54,2037,405549,412796,818345
55,2037,407099,418216,825315
56,2037,371757,395897,767654
57,2037,363651,388602,752253
58,2037,344128,384374,728502
59,2037,326685,339197,665882
60,2037,304916,331822,636738
61,2037,378074,404792,782866
62,2037,375404,392142,767546
63,2037,360268,380443,740711
64,2037,328272,318745,647017
65,2037,322334,304564,626898
66,2037,328228,312876,641104
67,2037,326467,311963,638430
68,2037,323393,323937,647330
69,2037,317227,325677,642904
70,2037,294210,320716,614926
71,2037,283624,342467,626091
72,2037,270562,325931,596493
73,2037,272499,322882,595381
74,2037,271090,322626,593716
75,2037,269008,326318,595326
76,2037,269527,325274,594801
77,2037,268412,332426,600838
78,2037,275702,313044,588746
79,2037,242075,309933,552008
80,2037,235250,302344,537594
81,2037,222017,251524,473541
82,2037,214074,226537,440611
83,2037,215195,214161,429356
84,2037,214847,201080,415927
85,2037,214841,201757,416598
86,2037,214982,195270,410252
87,2037,214996,192727,407723
88,2037,214996,192727,407723
89,2037,214996,192727,407723
90,2037,214996,192727,407723
91,2037,214996,192727,407723
92,2037,214996,192727,407723
93,2037,214996,192727,407723
94,2037,214996,192727,407723
95,2037,214996,192727,407723
96,2037,214996,192727,407723
97,2037,214996,192727,407723
98,2037,214996,192727,407723
99,2037,214996,192727,407723
100,2037,214996,192727,407723
0,2037,271337,255082,526419
1,2037,291579,274195,565774
2,2037,291947,275234,567181
3,2037,292181,275434,567615
4,2037,292138,274985,567123
5,2037,292003,275234,567237
6,2037,283481,273612,557093
7,2037,283033,271542,554575
8,2037,284027,274507,558534
9,2037,288461,269756,558217
10,2037,283825,274045,557870
11,2037,280510,268283,548793
12,2037,283430,274644,558074
13,2037,283066,272223,555289
14,2037,283947,272801,556748
15,2037,290261,307742,598003
16,2037,317448,315480,632928
17,2037,313258,318950,632208
18,2037,304678,296499,601177
19,2037,311675,302266,613941
20,2037,309039,293189,602228
21,2037,313594,300038,613632
22,2037,309907,292717,602624
23,2037,312387,299361,611748
24,2037,313044,300968,614012
25,2037,314615,318815,633430
26,2037,324283,315630,639913
27,2037,320348,301253,621601
28,2037,325807,304891,630698
29,2037,327285,312215,639500
30,2037,329379,316874,646253
31,2037,330259,317992,648251
32,2037,328353,319868,648221
33,2037,326691,371792,698483
34,2037,361013,371500,732513
35,2037,352820,340776,693596
36,2037,436640,442603,879243
37,2037,458563,462538,921101
38,2037,457083,464666,921749
39,2037,457571,464065,921636
40,2037,458628,463304,921932
41,2037,458760,463940,922700
42,2037,458314,465521,923835
43,2037,463208,464807,928015
44,2037,470370,473492,943862
45,2037,472783,476755,949538
46,2037,475136,478536,953672
47,2037,474547,478833,953380
48,2037,478989,492634,971623
49,2037,478988,492608,971596
50,2037,478463,490971,969434
51,2037,474880,488727,963607
52,2037,484742,488774,973516
53,2037,485181,490771,975952
54,2037,484281,486376,970657
55,2037,444925,460283,905208
56,2037,408509,413125,821634
57,2037,372444,394541,766985
58,2037,364332,387281,751613
59,2037,347357,385899,733256
60,2037,324787,371249,696036
61,2037,306667,339343,646010
62,2037,379141,403471,782612
63,2037,366169,390662,756831
64,2037,357950,382145,740095
65,2037,325894,309599,635493
66,2037,329291,315636,644927
67,2037,326910,311681,638591
68,2037,328506,318584,647090
69,2037,322468,320197,642665
70,2037,303984,325500,629484
71,2037,302813,350851,653664
72,2037,270996,341393,612389
73,2037,274778,319705,594483
74,2037,272928,320631,593559
75,2037,273316,316253,589569
76,2037,271721,319153,590874
77,2037,272096,314225,586321
78,2037,269906,323341,593247
79,2037,256861,313452,570313
80,2037,233472,302472,535944
81,2037,217532,254160,471692
82,2037,215178,238713,453891
83,2037,215352,225762,441114
84,2037,214970,201080,416050
85,2037,214970,201930,416900
86,2037,215028,195270,410298
87,2037,215028,192727,407755
88,2037,215028,192727,407755
89,2037,215028,192727,407755
90,2037,215028,192727,407755
91,2037,215028,192727,407755
92,2037,215028,192727,407755
93,2037,215028,192727,407755
94,2037,215028,192727,407755
95,2037,215028,192727,407755
96,2037,215028,192727,407755
97,2037,215028,192727,407755
98,2037,215028,192727,407755
99,2037,215028,192727,407755
100,2037,215028,192727,407755
0,2037,270666,254849,525515
1,2037,271390,255110,526500
2,2037,291682,274634,566316
3,2037,291778,274633,566411
4,2037,292197,274249,566446
5,2037,292064,274275,566339
6,2037,291921,274529,566450
7,2037,292101,275175,567276
8,2037,282912,272769,555681
9,2037,291690,274547,566237
10,2037,291647,275402,567049
11,2037,291903,275754,567657
12,2037,293125,275926,569051
13,2037,293958,276370,570328
14,2037,294263,297025,591288
15,2037,292841,282209,575050
16,2037,319158,321598,640756
17,2037,318072,318812,636884
18,2037,306285,294353,600638
19,2037,311685,294029,605714
20,2037,306440,294231,600671
21,2037,312397,293274,605671
22,2037,309989,290417,600406
23,2037,315009,302025,617034
24,2037,312236,297361,609597
25,2037,309529,301090,610619
26,2037,318606,300960,619566
27,2037,312740,300026,612766
28,2037,322454,301598,624052
29,2037,328023,312681,640704
30,2037,328866,317047,645913
31,2037,330023,318741,648764
32,2037,330358,318237,648595
33,2037,331588,321278,652866
34,2037,326170,331692,657862
35,2037,334726,336310,671036
36,2037,365511,379626,745137
37,2037,362912,360767,723679
38,2037,457372,464782,922154
39,2037,457689,464609,922298
40,2037,457082,465820,922902
41,2037,457016,467917,924933
42,2037,456340,467014,923354
43,2037,457837,466254,924091
44,2037,463012,464917,927929
45,2037,472311,475106,947417
46,2037,472675,476212,948887
47,2037,472542,476181,948723
48,2037,474331,480061,954392
49,2037,474919,480514,955433
50,2037,479237,490053,969290
51,2037,484134,492211,976345
52,2037,484731,493254,977985
53,2037,487012,494218,981230
54,2037,485792,487404,973196
55,2037,485728,487115,972843
56,2037,444741,460442,905183
57,2037,408243,412912,821155
58,2037,374202,393711,767913
59,2037,364181,383608,747789
60,2037,364747,392257,757004
61,2037,326739,371063,697802
62,2037,307933,336671,644604
63,2037,375340,395501,770841
64,2037,378809,395691,774500
65,2037,328904,359341,688245
66,2037,328401,339418,667819
67,2037,327469,313161,640630
68,2037,328266,316792,645058
69,2037,328205,323320,651525
70,2037,307576,319293,626869
71,2037,284168,317685,601853
72,2037,305955,316863,622818
73,2037,271043,326223,597266
74,2037,272076,317915,589991
75,2037,271800,313824,585624
76,2037,270133,319711,589844
77,2037,273217,321933,595150
78,2037,268696,319210,587906
79,2037,256817,315501,572318
80,2037,238644,306784,545428
81,2037,217960,256368,474328
82,2037,215584,238514,454098
83,2037,215547,226015,441562
84,2037,215089,201080,416169
85,2037,215089,203886,418975
86,2037,215089,195270,410359
87,2037,215089,192727,407816
88,2037,215089,192727,407816
89,2037,215089,192727,407816
90,2037,215089,192727,407816
91,2037,215089,192727,407816
92,2037,215089,192727,407816
93,2037,215089,192727,407816
94,2037,215089,192727,407816
95,2037,215089,192727,407816
96,2037,215089,192727,407816
97,2037,215089,192727,407816
98,2037,215089,192727,407816
99,2037,215089,192727,407816
100,2037,215089,192727,407816
0,2038,292160,275407,567567
1,2038,292160,275407,567567
2,2038,292156,275407,567563
3,2038,292317,275433,567750
4,2038,292459,275435,567894
5,2038,292604,275460,568064
6,2038,292715,275538,568253
7,2038,292699,275529,568228
8,2038,292688,275503,568191
9,2038,292689,275485,568174
10,2038,292704,275551,568255
11,2038,292828,275972,568800
12,2038,293342,276256,569598
13,2038,293719,276375,570094
14,2038,293758,276281,570039
15,2038,293823,276272,570095
16,2038,294123,276355,570478
17,2038,294561,276410,570971
18,2038,295789,276733,572522
19,2038,296731,278188,574919
20,2038,296795,278225,575020
21,2038,296833,278284,575117
22,2038,296862,278532,575394
23,2038,296890,278545,575435
24,2038,296890,278545,575435
25,2038,296890,278545,575435
26,2038,296890,278545,575435
27,2038,296890,278545,575435
28,2038,296890,278545,575435
29,2038,296890,278545,575435
30,2038,296890,278545,575435
31,2038,296890,278545,575435
32,2038,296890,278545,575435
33,2038,296890,278545,575435
34,2038,296890,278545,575435
35,2038,296890,278545,575435
36,2038,296890,278545,575435
37,2038,296890,278545,575435
38,2038,296890,278545,575435
39,2038,296890,278545,575435
40,2038,296890,278545,575435
41,2038,296890,278545,575435
42,2038,296890,278545,575435
43,2038,296890,278545,575435
44,2038,296890,278545,575435
45,2038,296890,278545,575435
46,2038,296881,278545,575426
47,2038,296873,278545,575418
48,2038,296873,278545,575418
49,2038,296873,278545,575418
50,2038,296873,278545,575418
51,2038,296873,278595,575468
52,2038,296873,278595,575468
53,2038,296873,278595,575468
54,2038,296873,278595,575468
55,2038,296873,278595,575468
56,2038,296873,278595,575468
57,2038,296873,278595,575468
58,2038,296873,278595,575468
59,2038,296873,278595,575468
60,2038,296873,278595,575468
61,2038,296873,278595,575468
62,2038,296873,278595,575468
63,2038,296873,278595,575468
64,2038,296825,278595,575420
65,2038,296825,278595,575420
66,2038,296738,278595,575333
67,2038,296738,278595,575333
68,2038,296472,278595,575067
69,2038,296377,278595,574972
70,2038,296237,278595,574832
71,2038,295800,278595,574395
72,2038,295800,278595,574395
73,2038,295461,278595,574056
74,2038,295423,278595,574018
75,2038,295423,278595,574018
76,2038,295423,278595,574018
77,2038,295423,278595,574018
78,2038,295423,279554,574977
79,2038,295423,279363,574786
80,2038,295423,279614,575037
81,2038,295423,279743,575166
82,2038,295423,279743,575166
83,2038,295423,279743,575166
84,2038,295423,279743,575166
85,2038,295423,279743,575166
86,2038,295423,279743,575166
87,2038,295423,279743,575166
88,2038,295423,279743,575166
89,2038,295423,279743,575166
90,2038,295423,279743,575166
91,2038,295423,279743,575166
92,2038,295423,279743,575166
93,2038,295423,279743,575166
94,2038,295423,279743,575166
95,2038,295423,279743,575166
96,2038,295423,279743,575166
97,2038,295423,279743,575166
98,2038,295423,279743,575166
99,2038,295423,279743,575166
100,2038,295423,279743,575166
0,2038,292266,275259,567525
1,2038,292266,275259,567525
2,2038,292259,275259,567518
3,2038,292436,275274,567710
4,2038,292615,275193,567808
5,2038,292741,275299,568040
6,2038,292868,275406,568274
7,2038,292842,275390,568232
8,2038,292820,275364,568184
9,2038,292815,275344,568159
10,2038,292810,275474,568284
11,2038,292862,275699,568561
12,2038,293184,275754,568938
13,2038,293704,275708,569412
14,2038,293937,275800,569737
15,2038,294124,275792,569916
16,2038,294466,275859,570325
17,2038,295672,275850,571522
18,2038,297964,276497,574461
19,2038,298821,278322,577143
20,2038,299958,278491,578449
21,2038,300126,278538,578664
22,2038,300128,279006,579134
23,2038,300136,279020,579156
24,2038,300136,279020,579156
25,2038,300136,279020,579156
26,2038,300136,279020,579156
27,2038,300136,279020,579156
28,2038,300136,279020,579156
29,2038,300136,279020,579156
30,2038,300136,279020,579156
31,2038,300136,279020,579156
32,2038,300136,279020,579156
33,2038,300136,279020,579156
34,2038,300136,279020,579156
35,2038,300136,279020,579156
36,2038,300136,279020,579156
37,2038,300136,279020,579156
38,2038,300136,279020,579156
39,2038,300136,279020,579156
40,2038,300136,279020,579156
41,2038,300136,279020,579156
42,2038,300136,279020,579156
43,2038,300136,279020,579156
44,2038,300538,279020,579558
45,2038,300538,279020,579558
46,2038,300536,279020,579556
47,2038,300528,279020,579548
48,2038,300528,279020,579548
49,2038,300528,279020,579548
50,2038,300528,279020,579548
51,2038,300528,279059,579587
52,2038,300528,279059,579587
53,2038,300528,279059,579587
54,2038,300528,279059,579587
55,2038,300528,279059,579587
56,2038,300528,279059,579587
57,2038,300528,279059,579587
58,2038,300528,279059,579587
59,2038,300528,279059,579587
60,2038,300528,279059,579587
61,2038,300528,279059,579587
62,2038,300528,279059,579587
63,2038,300528,279059,579587
64,2038,300557,279059,579616
65,2038,300557,279059,579616
66,2038,300066,279059,579125
67,2038,300008,279059,579067
68,2038,299613,279059,578672
69,2038,299663,279059,578722
70,2038,299415,279037,578452
71,2038,298888,279037,577925
72,2038,298782,279037,577819
73,2038,298283,278963,577246
74,2038,298238,278963,577201
75,2038,298238,278963,577201
76,2038,298238,278963,577201
77,2038,298238,278963,577201
78,2038,298344,280269,578613
79,2038,298259,280078,578337
80,2038,298344,280826,579170
81,2038,298338,280568,578906
82,2038,298338,280568,578906
83,2038,298338,280568,578906
84,2038,298338,280568,578906
85,2038,298338,280568,578906
86,2038,298338,280568,578906
87,2038,298338,280568,578906
88,2038,298338,280568,578906
89,2038,298338,280568,578906
90,2038,298338,280568,578906
91,2038,298338,280568,578906
92,2038,298338,280568,578906
93,2038,298338,280568,578906
94,2038,298338,280568,578906
95,2038,298338,280568,578906
96,2038,298338,280568,578906
97,2038,298338,280568,578906
98,2038,298338,280568,578906
99,2038,298338,280568,578906
100,2038,298338,280568,578906
0,2038,292274,275413,567687
1,2038,292274,275413,567687
2,2038,292266,275413,567679
3,2038,292417,275347,567764
4,2038,292716,275394,568110
5,2038,292856,275450,568306
6,2038,292910,275526,568436
7,2038,292866,275510,568376
8,2038,292838,275471,568309
9,2038,292865,275477,568342
10,2038,292819,275561,568380
11,2038,292909,275804,568713
12,2038,293366,276259,569625
13,2038,294527,276216,570743
14,2038,294776,276418,571194
15,2038,295034,276413,571447
16,2038,296135,276482,572617
17,2038,297419,276524,573943
18,2038,299982,276890,576872
19,2038,300697,278092,578789
20,2038,300794,278561,579355
21,2038,301474,278636,580110
22,2038,301310,278941,580251
23,2038,301326,278955,580281
24,2038,301326,278955,580281
25,2038,301326,278955,580281
26,2038,301326,278955,580281
27,2038,301326,278955,580281
28,2038,301326,278955,580281
29,2038,301326,278955,580281
30,2038,301326,278955,580281
31,2038,301326,278955,580281
32,2038,301326,278955,580281
33,2038,301326,278955,580281
34,2038,301326,278955,580281
35,2038,301326,278955,580281
36,2038,301326,278955,580281
37,2038,301326,278955,580281
38,2038,301326,278955,580281
39,2038,301326,278955,580281
40,2038,301326,278955,580281
41,2038,301326,278955,580281
42,2038,301326,278955,580281
43,2038,301333,278955,580288
44,2038,303077,279111,582188
45,2038,303077,279111,582188
46,2038,302118,279111,581229
47,2038,302109,279111,581220
48,2038,302109,279111,581220
49,2038,302109,279111,581220
50,2038,302109,279111,581220
51,2038,302109,279149,581258
52,2038,302109,279149,581258
53,2038,302109,279149,581258
54,2038,302109,279149,581258
55,2038,302109,279149,581258
56,2038,302109,279149,581258
57,2038,302109,279149,581258
58,2038,302109,279149,581258
59,2038,302109,279149,581258
60,2038,302109,279149,581258
61,2038,302109,279149,581258
62,2038,302109,279149,581258
63,2038,302109,279149,581258
64,2038,303056,279149,582205
65,2038,303056,279149,582205
66,2038,301751,278994,580745
67,2038,301764,278926,580690
68,2038,301625,278926,580551
69,2038,301693,278926,580619
70,2038,301698,278926,580624
71,2038,302699,279051,581750
72,2038,302614,279051,581665
73,2038,301717,279129,580846
74,2038,301717,279129,580846
75,2038,301717,279129,580846
76,2038,301717,279129,580846
77,2038,301717,279129,580846
78,2038,301618,283834,585452
79,2038,301588,283520,585108
80,2038,301523,283856,585379
81,2038,301545,283856,585401
82,2038,301545,283856,585401
83,2038,301545,283856,585401
84,2038,301545,283856,585401
85,2038,301545,283856,585401
86,2038,301545,283856,585401
87,2038,301545,283856,585401
88,2038,301545,283856,585401
89,2038,301545,283856,585401
90,2038,301545,283856,585401
91,2038,301545,283856,585401
92,2038,301545,283856,585401
93,2038,301545,283856,585401
94,2038,301545,283856,585401
95,2038,301545,283856,585401
96,2038,301545,283856,585401
97,2038,301545,283856,585401
98,2038,301545,283856,585401
99,2038,301545,283856,585401
100,2038,301545,283856,585401
0,2038,292099,274901,567000
1,2038,292099,274901,567000
2,2038,292091,274901,566992
3,2038,292300,274901,567201
4,2038,292463,274931,567394
5,2038,292518,274983,567501
6,2038,292615,275035,567650
7,2038,292607,275057,567664
8,2038,292601,275043,567644
9,2038,292574,275024,567598
10,2038,292549,275055,567604
11,2038,292624,275339,567963
12,2038,293047,275490,568537
13,2038,294584,275590,570174
14,2038,295239,275679,570918
15,2038,297561,275661,573222
16,2038,296031,275360,571391
17,2038,298511,275281,573792
18,2038,300960,276311,577271
19,2038,318140,278178,596318
20,2038,318570,278704,597274
21,2038,307169,279147,586316
22,2038,306963,279195,586158
23,2038,307025,279209,586234
24,2038,307025,279209,586234
25,2038,307025,279209,586234
26,2038,307025,279209,586234
27,2038,307025,279209,586234
28,2038,307025,279209,586234
29,2038,307025,279209,586234
30,2038,307025,279209,586234
31,2038,307025,279209,586234
32,2038,307025,279209,586234
33,2038,307025,279209,586234
34,2038,307025,279209,586234
35,2038,307025,279209,586234
36,2038,307025,279209,586234
37,2038,307025,279209,586234
38,2038,307025,279209,586234
39,2038,307025,279209,586234
40,2038,307025,279209,586234
41,2038,307025,279209,586234
42,2038,307025,279209,586234
43,2038,307025,279209,586234
44,2038,309401,279433,588834
45,2038,309401,279433,588834
46,2038,308138,279364,587502
47,2038,308207,279364,587571
48,2038,308207,279364,587571
49,2038,308207,279364,587571
50,2038,308207,279364,587571
51,2038,308198,279402,587600
52,2038,308198,279402,587600
53,2038,308198,279402,587600
54,2038,308198,279402,587600
55,2038,308198,279402,587600
56,2038,308198,279402,587600
57,2038,308198,279402,587600
58,2038,308198,279402,587600
59,2038,308198,279402,587600
60,2038,308198,279402,587600
61,2038,308198,279402,587600
62,2038,308198,279402,587600
63,2038,308198,279402,587600
64,2038,309449,279472,588921
65,2038,309538,279472,589010
66,2038,307947,279400,587347
67,2038,308227,279400,587627
68,2038,307618,279138,586756
69,2038,307735,279232,586967
70,2038,307742,279123,586865
71,2038,309127,279187,588314
72,2038,308751,279129,587880
73,2038,307179,279129,586308
74,2038,307179,279129,586308
75,2038,307179,279129,586308
76,2038,307179,279129,586308
77,2038,307179,279129,586308
78,2038,306934,286413,593347
79,2038,306862,284996,591858
80,2038,306855,286432,593287
81,2038,306855,286432,593287
82,2038,306855,286432,593287
83,2038,306855,286432,593287
84,2038,306855,286432,593287
85,2038,306855,286432,593287
86,2038,306855,286432,593287
87,2038,306855,286432,593287
88,2038,306855,286432,593287
89,2038,306855,286432,593287
90,2038,306855,286432,593287
91,2038,306855,286432,593287
92,2038,306855,286432,593287
93,2038,306855,286432,593287
94,2038,306855,286432,593287
95,2038,306855,286432,593287
96,2038,306855,286432,593287
97,2038,306855,286432,593287
98,2038,306855,286432,593287
99,2038,306855,286432,593287
100,2038,306855,286432,593287
0,2038,292414,276267,568681
1,2038,292414,276267,568681
2,2038,292410,276267,568677
3,2038,292524,276267,568791
4,2038,292770,276374,569144
5,2038,292782,276405,569187
6,2038,292777,275836,568613
7,2038,292789,275833,568622
8,2038,292809,276105,568914
9,2038,292817,276218,569035
10,2038,292752,276008,568760
11,2038,292786,276013,568799
12,2038,292637,275836,568473
13,2038,294207,275567,569774
14,2038,297544,275452,572996
15,2038,296712,275491,572203
16,2038,295873,275344,571217
17,2038,298696,275638,574334
18,2038,308040,277244,585284
19,2038,310244,279250,589494
20,2038,310992,279343,590335
21,2038,309447,279369,588816
22,2038,309498,279517,589015
23,2038,309548,279517,589065
24,2038,309548,279517,589065
25,2038,309548,279517,589065
26,2038,309548,279517,589065
27,2038,309548,279517,589065
28,2038,309548,279517,589065
29,2038,309548,279517,589065
30,2038,309548,279517,589065
31,2038,309548,279517,589065
32,2038,309548,279517,589065
33,2038,309548,279517,589065
34,2038,309548,279517,589065
35,2038,309548,279517,589065
36,2038,309548,279517,589065
37,2038,309933,279517,589450
38,2038,309933,279517,589450
39,2038,309933,279517,589450
40,2038,309933,279517,589450
41,2038,309933,279517,589450
42,2038,309933,279517,589450
43,2038,309933,279517,589450
44,2038,311218,279445,590663
45,2038,311218,279445,590663
46,2038,311078,279485,590563
47,2038,311078,279485,590563
48,2038,311078,279485,590563
49,2038,311078,279485,590563
50,2038,311078,279485,590563
51,2038,311087,279523,590610
52,2038,311087,279523,590610
53,2038,311087,279523,590610
54,2038,311087,279523,590610
55,2038,311087,279523,590610
56,2038,311087,279523,590610
57,2038,311087,279523,590610
58,2038,311087,279523,590610
59,2038,311087,279523,590610
60,2038,311087,279523,590610
61,2038,311087,279523,590610
62,2038,311087,279523,590610
63,2038,311197,279523,590720
64,2038,311402,279483,590885
65,2038,311494,279483,590977
66,2038,311142,279522,590664
67,2038,311181,279522,590703
68,2038,310276,279498,589774
69,2038,310326,279498,589824
70,2038,310257,279585,589842
71,2038,310672,279598,590270
72,2038,310683,279572,590255
73,2038,309854,279579,589433
74,2038,309854,279579,589433
75,2038,309854,279579,589433
76,2038,309854,279579,589433
77,2038,309854,279579,589433
78,2038,309223,297053,606276
79,2038,309182,295170,604352
80,2038,309215,297002,606217
81,2038,309223,297359,606582
82,2038,309223,297359,606582
83,2038,309223,297359,606582
84,2038,309223,297359,606582
85,2038,309223,297359,606582
86,2038,309223,297359,606582
87,2038,309223,297359,606582
88,2038,309223,297359,606582
89,2038,309223,297359,606582
90,2038,309223,297359,606582
91,2038,309223,297359,606582
92,2038,309223,297359,606582
93,2038,309223,297359,606582
94,2038,309223,297359,606582
95,2038,309223,297359,606582
96,2038,309223,297359,606582
97,2038,309223,297359,606582
98,2038,309223,297359,606582
99,2038,309223,297359,606582
100,2038,309223,297359,606582
0,2038,290839,275033,565872
1,2038,290839,275033,565872
2,2038,290835,275033,565868
3,2038,290937,275233,566170
4,2038,291005,274937,565942
5,2038,291046,275155,566201
6,2038,292232,276240,568472
7,2038,292199,276233,568432
8,2038,291249,275661,566910
9,2038,291199,275601,566800
10,2038,292123,276191,568314
11,2038,292361,276048,568409
12,2038,293171,276060,569231
13,2038,294126,275531,569657
14,2038,296668,275937,572605
15,2038,295244,275388,570632
16,2038,296127,275713,571840
17,2038,298662,276231,574893
18,2038,305162,277907,583069
19,2038,309543,280666,590209
20,2038,310358,280573,590931
21,2038,310236,280007,590243
22,2038,310517,280086,590603
23,2038,310504,280086,590590
24,2038,310504,280086,590590
25,2038,310504,280086,590590
26,2038,310504,280086,590590
27,2038,310504,280086,590590
28,2038,310504,280086,590590
29,2038,310504,280086,590590
30,2038,310504,280086,590590
31,2038,310504,280086,590590
32,2038,310504,280086,590590
33,2038,310504,280086,590590
34,2038,310504,280086,590590
35,2038,310504,280086,590590
36,2038,310504,280086,590590
37,2038,310568,280086,590654
38,2038,310568,280086,590654
39,2038,310568,280086,590654
40,2038,310568,280086,590654
41,2038,310949,280086,591035
42,2038,310949,280086,591035
43,2038,310949,280086,591035
44,2038,311212,280770,591982
45,2038,311212,280770,591982
46,2038,311402,280718,592120
47,2038,311402,280718,592120
48,2038,311402,280718,592120
49,2038,311402,280718,592120
50,2038,311402,280718,592120
51,2038,311402,280757,592159
52,2038,311402,280757,592159
53,2038,311402,280757,592159
54,2038,311402,280757,592159
55,2038,311402,280757,592159
56,2038,311402,280757,592159
57,2038,311402,280757,592159
58,2038,311402,280757,592159
59,2038,311402,280757,592159
60,2038,311402,280757,592159
61,2038,311402,280757,592159
62,2038,311402,280757,592159
63,2038,311500,280757,592257
64,2038,311363,280826,592189
65,2038,311724,280826,592550
66,2038,311611,280757,592368
67,2038,311478,280757,592235
68,2038,311136,280282,591418
69,2038,311224,280386,591610
70,2038,311089,280359,591448
71,2038,311023,280782,591805
72,2038,311415,280757,592172
73,2038,310475,280113,590588
74,2038,310475,280113,590588
75,2038,310475,280113,590588
76,2038,310475,280113,590588
77,2038,310475,280113,590588
78,2038,312080,301426,613506
79,2038,311717,300216,611933
80,2038,312078,301550,613628
81,2038,312097,305369,617466
82,2038,312097,305369,617466
83,2038,312097,305369,617466
84,2038,312097,305369,617466
85,2038,312097,305369,617466
86,2038,312097,305369,617466
87,2038,312097,305369,617466
88,2038,312097,305369,617466
89,2038,312097,305369,617466
90,2038,312097,305369,617466
91,2038,312097,305369,617466
92,2038,312097,305369,617466
93,2038,312097,305369,617466
94,2038,312097,305369,617466
95,2038,312097,305369,617466
96,2038,312097,305369,617466
97,2038,312097,305369,617466
98,2038,312097,305369,617466
99,2038,312097,305369,617466
100,2038,312097,305369,617466
0,2038,289659,274603,564262
1,2038,289659,274603,564262
2,2038,289665,274603,564268
3,2038,290131,274992,565123
4,2038,290075,275018,565093
5,2038,290517,275453,565970
6,2038,291142,275727,566869
7,2038,291129,275727,566856
8,2038,291983,276029,568012
9,2038,291141,275810,566951
10,2038,291146,275616,566762
11,2038,292016,276074,568090
12,2038,292897,276138,569035
13,2038,294262,276019,570281
14,2038,294683,275572,570255
15,2038,297679,275397,573076
16,2038,295993,275946,571939
17,2038,298812,276626,575438
18,2038,303893,278118,582011
19,2038,307392,280296,587688
20,2038,308113,280287,588400
21,2038,310267,280533,590800
22,2038,310619,280734,591353
23,2038,310685,280734,591419
24,2038,310685,280734,591419
25,2038,310685,280734,591419
26,2038,310685,280734,591419
27,2038,310685,280734,591419
28,2038,310685,280734,591419
29,2038,310685,280734,591419
30,2038,310685,280734,591419
31,2038,310685,280734,591419
32,2038,310685,280734,591419
33,2038,310685,280734,591419
34,2038,310685,280734,591419
35,2038,310685,280734,591419
36,2038,310685,280734,591419
37,2038,310706,280734,591440
38,2038,310706,280734,591440
39,2038,310706,280734,591440
40,2038,310706,280734,591440
41,2038,311060,280758,591818
42,2038,311060,280758,591818
43,2038,311060,280758,591818
44,2038,310515,280639,591154
45,2038,310515,280639,591154
46,2038,310557,280639,591196
47,2038,310557,280639,591196
48,2038,310557,280639,591196
49,2038,310557,280639,591196
50,2038,310557,280639,591196
51,2038,310557,280639,591196
52,2038,310557,280639,591196
53,2038,310557,280639,591196
54,2038,310557,280639,591196
55,2038,310557,280639,591196
56,2038,310557,280639,591196
57,2038,310557,280639,591196
58,2038,310557,280639,591196
59,2038,310557,280639,591196
60,2038,310557,280639,591196
61,2038,310557,280639,591196
62,2038,310557,280639,591196
63,2038,310910,280639,591549
64,2038,310761,280639,591400
65,2038,311033,280639,591672
66,2038,311135,280672,591807
67,2038,310932,280639,591571
68,2038,311116,280771,591887
69,2038,311041,280703,591744
70,2038,310992,280666,591658
71,2038,310516,280639,591155
72,2038,310473,280639,591112
73,2038,311008,280697,591705
74,2038,311008,280697,591705
75,2038,311008,280697,591705
76,2038,311008,280697,591705
77,2038,311008,280697,591705
78,2038,314470,302480,616950
79,2038,314144,302411,616555
80,2038,314352,302829,617181
81,2038,316242,304224,620466
82,2038,316242,304224,620466
83,2038,316242,304224,620466
84,2038,316242,304224,620466
85,2038,316242,304224,620466
86,2038,316242,304224,620466
87,2038,316242,304224,620466
88,2038,316242,304224,620466
89,2038,316242,304224,620466
90,2038,316242,304224,620466
91,2038,316242,304224,620466
92,2038,316242,304224,620466
93,2038,316242,304224,620466
94,2038,316242,304224,620466
95,2038,316242,304224,620466
96,2038,316242,304224,620466
97,2038,316242,304224,620466
98,2038,316242,304224,620466
99,2038,316242,304224,620466
100,2038,316242,304224,620466
0,2038,289139,272661,561800
1,2038,289139,272661,561800
2,2038,289140,272661,561801
3,2038,289119,272764,561883
4,2038,289360,272455,561815
5,2038,290329,273837,564166
6,2038,290582,275044,565626
7,2038,290513,275001,565514
8,2038,291822,275327,567149
9,2038,292040,275205,567245
10,2038,290765,275121,565886
11,2038,291646,275629,567275
12,2038,292463,275852,568315
13,2038,293960,275907,569867
14,2038,294086,274870,568956
15,2038,297101,275906,573007
16,2038,295988,275549,571537
17,2038,299178,275915,575093
18,2038,303074,277430,580504
19,2038,305532,280384,585916
20,2038,307797,280492,588289
21,2038,309263,280395,589658
22,2038,309846,280601,590447
23,2038,310066,280601,590667
24,2038,310068,280601,590669
25,2038,310068,280601,590669
26,2038,310068,280601,590669
27,2038,310068,280601,590669
28,2038,310068,280601,590669
29,2038,310068,280601,590669
30,2038,310068,280601,590669
31,2038,310068,280601,590669
32,2038,310068,280601,590669
33,2038,310068,280601,590669
34,2038,310068,280601,590669
35,2038,310068,280601,590669
36,2038,310068,280601,590669
37,2038,310106,280601,590707
38,2038,310106,280601,590707
39,2038,310106,280601,590707
40,2038,310106,280601,590707
41,2038,310504,280601,591105
42,2038,310504,280601,591105
43,2038,310504,280601,591105
44,2038,310371,280615,590986
45,2038,310371,280615,590986
46,2038,310431,280601,591032
47,2038,310431,280601,591032
48,2038,310431,280601,591032
49,2038,310431,280601,591032
50,2038,310431,280601,591032
51,2038,310431,280601,591032
52,2038,310431,280601,591032
53,2038,310431,280601,591032
54,2038,310431,280601,591032
55,2038,310431,280601,591032
56,2038,310431,280601,591032
57,2038,310431,280601,591032
58,2038,310431,280601,591032
59,2038,310431,280601,591032
60,2038,310425,280601,591026
61,2038,310396,280601,590997
62,2038,310384,280601,590985
63,2038,310452,280601,591053
64,2038,310622,280615,591237
65,2038,310565,280615,591180
66,2038,310466,280601,591067
67,2038,310560,280601,591161
68,2038,310503,280601,591104
69,2038,310459,280601,591060
70,2038,310415,280601,591016
71,2038,310321,280601,590922
72,2038,310394,280611,591005
73,2038,310297,280601,590898
74,2038,310297,280601,590898
75,2038,310297,280601,590898
76,2038,310297,280601,590898
77,2038,310297,280601,590898
78,2038,316765,303090,619855
79,2038,316576,303067,619643
80,2038,316701,303735,620436
81,2038,316971,305349,622320
82,2038,316971,305349,622320
83,2038,316971,305349,622320
84,2038,316971,305349,622320
85,2038,316971,305349,622320
86,2038,316971,305349,622320
87,2038,316971,305349,622320
88,2038,316971,305349,622320
89,2038,316971,305349,622320
90,2038,316971,305349,622320
91,2038,316971,305349,622320
92,2038,316971,305349,622320
93,2038,316971,305349,622320
94,2038,316971,305349,622320
95,2038,316971,305349,622320
96,2038,316971,305349,622320
97,2038,316971,305349,622320
98,2038,316971,305349,622320
99,2038,316971,305349,622320
100,2038,316971,305349,622320
0,2038,290394,273022,563416
1,2038,290394,272960,563354
2,2038,290359,272960,563319
3,2038,290259,272886,563145
4,2038,290454,272808,563262
5,2038,291611,274441,566052
6,2038,290844,274238,565082
7,2038,290993,274439,565432
8,2038,292558,275788,568346
9,2038,292683,276220,568903
10,2038,290916,274282,565198
11,2038,292270,275799,568069
12,2038,292527,276121,568648
13,2038,293904,275836,569740
14,2038,293814,275619,569433
15,2038,296491,275550,572041
16,2038,296013,275404,571417
17,2038,300549,276014,576563
18,2038,303703,277256,580959
19,2038,304886,279668,584554
20,2038,307763,280642,588405
21,2038,308577,280432,589009
22,2038,309209,280601,589810
23,2038,309657,280601,590258
24,2038,309658,280601,590259
25,2038,309658,280601,590259
26,2038,309658,280601,590259
27,2038,309658,280601,590259
28,2038,309658,280601,590259
29,2038,309658,280601,590259
30,2038,309658,280601,590259
31,2038,309658,280601,590259
32,2038,309658,280601,590259
33,2038,309658,280601,590259
34,2038,309658,280601,590259
35,2038,309658,280601,590259
36,2038,309658,280601,590259
37,2038,309666,280681,590347
38,2038,309666,280681,590347
39,2038,309666,280681,590347
40,2038,309666,280681,590347
41,2038,310400,280705,591105
42,2038,310400,280705,591105
43,2038,310400,280705,591105
44,2038,310418,280719,591137
45,2038,310418,280719,591137
46,2038,310454,280719,591173
47,2038,310454,280719,591173
48,2038,310454,280719,591173
49,2038,310454,280719,591173
50,2038,310454,280719,591173
51,2038,310454,280719,591173
52,2038,310454,280719,591173
53,2038,310454,280719,591173
54,2038,310454,280719,591173
55,2038,310454,280719,591173
56,2038,310454,280719,591173
57,2038,310454,280719,591173
58,2038,310454,280719,591173
59,2038,310454,280719,591173
60,2038,310454,280719,591173
61,2038,310425,280719,591144
62,2038,310355,280719,591074
63,2038,310557,280719,591276
64,2038,310622,280709,591331
65,2038,310657,280709,591366
66,2038,310551,280719,591270
67,2038,310578,280709,591287
68,2038,310595,280719,591314
69,2038,310527,280719,591246
70,2038,310501,280719,591220
71,2038,310167,280719,590886
72,2038,310365,280719,591084
73,2038,310097,280705,590802
74,2038,310097,280705,590802
75,2038,310097,280705,590802
76,2038,310097,280705,590802
77,2038,310097,280705,590802
78,2038,316031,304649,620680
79,2038,316015,304523,620538
80,2038,316491,304884,621375
81,2038,317021,307179,624200
82,2038,317021,307179,624200
83,2038,317021,307179,624200
84,2038,317021,307179,624200
85,2038,317021,307179,624200
86,2038,317021,307179,624200
87,2038,317021,307179,624200
88,2038,317021,307179,624200
89,2038,317021,307179,624200
90,2038,317021,307179,624200
91,2038,317021,307179,624200
92,2038,317021,307179,624200
93,2038,317021,307179,624200
94,2038,317021,307179,624200
95,2038,317021,307179,624200
96,2038,317021,307179,624200
97,2038,317021,307179,624200
98,2038,317021,307179,624200
99,2038,317021,307179,624200
100,2038,317021,307179,624200
0,2038,291389,273588,564977
1,2038,291361,273588,564949
2,2038,291342,273588,564930
3,2038,290486,273473,563959
4,2038,291427,273538,564965
5,2038,292690,275544,568234
6,2038,291841,274747,566588
7,2038,291918,275199,567117
8,2038,292254,275800,568054
9,2038,291248,275379,566627
10,2038,292120,274848,566968
11,2038,292386,276244,568630
12,2038,292471,275750,568221
13,2038,293842,275635,569477
14,2038,294684,275923,570607
15,2038,295202,274951,570153
16,2038,296309,275544,571853
17,2038,300680,275961,576641
18,2038,306176,277396,583572
19,2038,304844,279082,583926
20,2038,307760,280252,588012
21,2038,308575,280608,589183
22,2038,309265,280695,589960
23,2038,309759,280695,590454
24,2038,309761,280695,590456
25,2038,309761,280695,590456
26,2038,309761,280695,590456
27,2038,309761,280695,590456
28,2038,309761,280695,590456
29,2038,309761,280695,590456
30,2038,309761,280695,590456
31,2038,309761,280695,590456
32,2038,309761,280695,590456
33,2038,309761,280695,590456
34,2038,309761,280695,590456
35,2038,309761,280695,590456
36,2038,309761,280695,590456
37,2038,309760,280695,590455
38,2038,309760,280695,590455
39,2038,309760,280695,590455
40,2038,309760,280695,590455
41,2038,310532,280719,591251
42,2038,310532,280719,591251
43,2038,310532,280719,591251
44,2038,310612,280709,591321
45,2038,310612,280709,591321
46,2038,310612,280709,591321
47,2038,310612,280709,591321
48,2038,310612,280709,591321
49,2038,310612,280709,591321
50,2038,310612,280709,591321
51,2038,310612,280709,591321
52,2038,310612,280709,591321
53,2038,310612,280709,591321
54,2038,310612,280709,591321
55,2038,310612,280709,591321
56,2038,310612,280709,591321
57,2038,310612,280709,591321
58,2038,310612,280709,591321
59,2038,310612,280709,591321
60,2038,310612,280709,591321
61,2038,310583,280709,591292
62,2038,310342,280719,591061
63,2038,310663,280709,591372
64,2038,310791,280709,591500
65,2038,310817,280709,591526
66,2038,310711,280709,591420
67,2038,310719,280709,591428
68,2038,310627,280709,591336
69,2038,310569,280709,591278
70,2038,310553,280709,591262
71,2038,310114,280719,590833
72,2038,310402,280719,591121
73,2038,310099,280695,590794
74,2038,310099,280695,590794
75,2038,310099,280695,590794
76,2038,310099,280695,590794
77,2038,310099,280695,590794
78,2038,316416,306500,622916
79,2038,316414,306851,623265
80,2038,317112,306603,623715
81,2038,320548,305311,625859
82,2038,320548,305311,625859
83,2038,320548,305311,625859
84,2038,320548,305311,625859
85,2038,320548,305311,625859
86,2038,320548,305311,625859
87,2038,320548,305311,625859
88,2038,320548,305311,625859
89,2038,320548,305311,625859
90,2038,320548,305311,625859
91,2038,320548,305311,625859
92,2038,320548,305311,625859
93,2038,320548,305311,625859
94,2038,320548,305311,625859
95,2038,320548,305311,625859
96,2038,320548,305311,625859
97,2038,320548,305311,625859
98,2038,320548,305311,625859
99,2038,320548,305311,625859
100,2038,320548,305311,625859
0,2038,292751,275522,568273
1,2038,292768,275518,568286
2,2038,292769,275518,568287
3,2038,291789,274356,566145
4,2038,293025,274710,567735
5,2038,292813,276399,569212
6,2038,292765,276223,568988
7,2038,292672,276268,568940
8,2038,292330,276276,568606
9,2038,291393,275989,567382
10,2038,292673,276157,568830
11,2038,291584,275622,567206
12,2038,292581,275830,568411
13,2038,294134,275933,570067
14,2038,295041,276344,571385
15,2038,297727,275310,573037
16,2038,296109,275747,571856
17,2038,313874,275931,589805
18,2038,305144,277547,582691
19,2038,305947,279202,585149
20,2038,308539,280233,588772
21,2038,309150,280634,589784
22,2038,309340,280727,590067
23,2038,309735,280695,590430
24,2038,309736,280695,590431
25,2038,309736,280695,590431
26,2038,309736,280695,590431
27,2038,309736,280695,590431
28,2038,309736,280695,590431
29,2038,309736,280695,590431
30,2038,309736,280695,590431
31,2038,309736,280695,590431
32,2038,309736,280695,590431
33,2038,309736,280695,590431
34,2038,309736,280695,590431
35,2038,309736,280695,590431
36,2038,309736,280695,590431
37,2038,309736,280695,590431
38,2038,309736,280695,590431
39,2038,309736,280695,590431
40,2038,309736,280695,590431
41,2038,310615,280709,591324
42,2038,310615,280709,591324
43,2038,310615,280709,591324
44,2038,310580,280709,591289
45,2038,310580,280709,591289
46,2038,310589,280709,591298
47,2038,310589,280709,591298
48,2038,310589,280709,591298
49,2038,310589,280709,591298
50,2038,310589,280709,591298
51,2038,310589,280709,591298
52,2038,310589,280709,591298
53,2038,310589,280709,591298
54,2038,310589,280709,591298
55,2038,310589,280709,591298
56,2038,310589,280709,591298
57,2038,310589,280709,591298
58,2038,310589,280709,591298
59,2038,310589,280709,591298
60,2038,310589,280709,591298
61,2038,310560,280709,591269
62,2038,310362,280719,591081
63,2038,310688,280709,591397
64,2038,310777,280709,591486
65,2038,310815,280709,591524
66,2038,310706,280709,591415
67,2038,310743,280709,591452
68,2038,310757,280709,591466
69,2038,310692,280709,591401
70,2038,310676,280709,591385
71,2038,310183,280695,590878
72,2038,310549,280719,591268
73,2038,310133,280695,590828
74,2038,310133,280695,590828
75,2038,310133,280695,590828
76,2038,310133,280695,590828
77,2038,310133,280695,590828
78,2038,319143,305453,624596
79,2038,319327,305676,625003
80,2038,319274,305068,624342
81,2038,318978,306401,625379
82,2038,318978,306401,625379
83,2038,318978,306401,625379
84,2038,318978,306401,625379
85,2038,318978,306401,625379
86,2038,318978,306401,625379
87,2038,318978,306401,625379
88,2038,318978,306401,625379
89,2038,318978,306401,625379
90,2038,318978,306401,625379
91,2038,318978,306401,625379
92,2038,318978,306401,625379
93,2038,318978,306401,625379
94,2038,318978,306401,625379
95,2038,318978,306401,625379
96,2038,318978,306401,625379
97,2038,318978,306401,625379
98,2038,318978,306401,625379
99,2038,318978,306401,625379
100,2038,318978,306401,625379
0,2038,292327,275510,567837
1,2038,292327,275659,567986
2,2038,292320,275647,567967
3,2038,292875,275527,568402
4,2038,292828,275721,568549
5,2038,291154,274409,565563
6,2038,291431,275516,566947
7,2038,291405,275336,566741
8,2038,290990,275061,566051
9,2038,292128,275695,567823
10,2038,291559,275769,567328
11,2038,291377,275586,566963
12,2038,293155,276000,569155
13,2038,294189,275958,570147
14,2038,295769,275717,571486
15,2038,297153,275649,572802
16,2038,295944,275372,571316
17,2038,307331,276682,584013
18,2038,304499,277441,581940
19,2038,307335,279222,586557
20,2038,309367,280247,589614
21,2038,309425,280514,589939
22,2038,309452,280752,590204
23,2038,309762,280695,590457
24,2038,309764,280695,590459
25,2038,309764,280695,590459
26,2038,309764,280695,590459
27,2038,309764,280695,590459
28,2038,309764,280695,590459
29,2038,309764,280695,590459
30,2038,309764,280695,590459
31,2038,309764,280695,590459
32,2038,309764,280695,590459
33,2038,309764,280695,590459
34,2038,309764,280695,590459
35,2038,309764,280695,590459
36,2038,309764,280695,590459
37,2038,309738,280695,590433
38,2038,309738,280695,590433
39,2038,309738,280695,590433
40,2038,309738,280695,590433
41,2038,310581,280709,591290
42,2038,310581,280709,591290
43,2038,310581,280709,591290
44,2038,310522,280709,591231
45,2038,310522,280709,591231
46,2038,310522,280709,591231
47,2038,310522,280709,591231
48,2038,310522,280709,591231
49,2038,310522,280709,591231
50,2038,310522,280709,591231
51,2038,310522,280709,591231
52,2038,310522,280709,591231
53,2038,310522,280709,591231
54,2038,310522,280709,591231
55,2038,310522,280709,591231
56,2038,310522,280709,591231
57,2038,310522,280709,591231
58,2038,310522,280709,591231
59,2038,310522,280709,591231
60,2038,310522,280709,591231
61,2038,310493,280709,591202
62,2038,310500,280719,591219
63,2038,310622,280709,591331
64,2038,310711,280709,591420
65,2038,310854,280709,591563
66,2038,310736,280709,591445
67,2038,310677,280709,591386
68,2038,310743,280709,591452
69,2038,310668,280709,591377
70,2038,310642,280709,591351
71,2038,310117,280719,590836
72,2038,310404,280709,591113
73,2038,310176,280695,590871
74,2038,310176,280695,590871
75,2038,310176,280695,590871
76,2038,310176,280695,590871
77,2038,310176,280695,590871
78,2038,317218,306629,623847
79,2038,317604,306070,623674
80,2038,317715,306312,624027
81,2038,319435,304795,624230
82,2038,319435,304795,624230
83,2038,319435,304795,624230
84,2038,319435,304795,624230
85,2038,319435,304795,624230
86,2038,319435,304795,624230
87,2038,319435,304795,624230
88,2038,319435,304795,624230
89,2038,319435,304795,624230
90,2038,319435,304795,624230
91,2038,319435,304795,624230
92,2038,319435,304795,624230
93,2038,319435,304795,624230
94,2038,319435,304795,624230
95,2038,319435,304795,624230
96,2038,319435,304795,624230
97,2038,319435,304795,624230
98,2038,319435,304795,624230
99,2038,319435,304795,624230
100,2038,319435,304795,624230
0,2038,292237,275533,567770
1,2038,292258,275489,567747
2,2038,292255,275489,567744
3,2038,292520,275565,568085
4,2038,292646,275922,568568
5,2038,290941,274761,565702
6,2038,291650,275540,567190
7,2038,291571,275602,567173
8,2038,290150,274568,564718
9,2038,292443,275886,568329
10,2038,291915,275595,567510
11,2038,292561,275926,568487
12,2038,293011,276402,569413
13,2038,293947,275772,569719
14,2038,294479,275523,570002
15,2038,297722,275788,573510
16,2038,296132,275359,571491
17,2038,303346,276680,580026
18,2038,304374,277451,581825
19,2038,307952,279352,587304
20,2038,309700,280525,590225
21,2038,308980,280464,589444
22,2038,309470,280601,590071
23,2038,309775,280616,590391
24,2038,309777,280616,590393
25,2038,309777,280616,590393
26,2038,309777,280616,590393
27,2038,309777,280616,590393
28,2038,309777,280616,590393
29,2038,309777,280616,590393
30,2038,309777,280616,590393
31,2038,309777,280616,590393
32,2038,309777,280616,590393
33,2038,309777,280616,590393
34,2038,309777,280616,590393
35,2038,309777,280616,590393
36,2038,309777,280616,590393
37,2038,309777,280616,590393
38,2038,309777,280616,590393
39,2038,309777,280616,590393
40,2038,309777,280616,590393
41,2038,310522,280709,591231
42,2038,310522,280709,591231
43,2038,310522,280709,591231
44,2038,310523,280709,591232
45,2038,310523,280709,591232
46,2038,310523,280709,591232
47,2038,310523,280709,591232
48,2038,310523,280709,591232
49,2038,310523,280709,591232
50,2038,310523,280709,591232
51,2038,310523,280709,591232
52,2038,310523,280709,591232
53,2038,310523,280709,591232
54,2038,310523,280709,591232
55,2038,310523,280709,591232
56,2038,310523,280709,591232
57,2038,310523,280709,591232
58,2038,310523,280709,591232
59,2038,310523,280709,591232
60,2038,310523,280709,591232
61,2038,310494,280709,591203
62,2038,310481,280709,591190
63,2038,310622,280709,591331
64,2038,310711,280709,591420
65,2038,310728,280709,591437
66,2038,310677,280709,591386
67,2038,310677,280709,591386
68,2038,310677,280709,591386
69,2038,310602,280709,591311
70,2038,310576,280709,591285
71,2038,310117,280695,590812
72,2038,310481,280719,591200
73,2038,310143,280719,590862
74,2038,310143,280719,590862
75,2038,310143,280719,590862
76,2038,310143,280719,590862
77,2038,310143,280719,590862
78,2038,319280,304872,624152
79,2038,317218,306403,623621
80,2038,318885,305538,624423
81,2038,315816,304901,620717
82,2038,315816,304901,620717
83,2038,315816,304901,620717
84,2038,315816,304901,620717
85,2038,315816,304901,620717
86,2038,315816,304901,620717
87,2038,315816,304901,620717
88,2038,315816,304901,620717
89,2038,315816,304901,620717
90,2038,315816,304901,620717
91,2038,315816,304901,620717
92,2038,315816,304901,620717
93,2038,315816,304901,620717
94,2038,315816,304901,620717
95,2038,315816,304901,620717
96,2038,315816,304901,620717
97,2038,315816,304901,620717
98,2038,315816,304901,620717
99,2038,315816,304901,620717
100,2038,315816,304901,620717
0,2038,292050,274642,566692
1,2038,291992,274566,566558
2,2038,292049,274566,566615
3,2038,292288,275393,567681
4,2038,292350,275433,567783
5,2038,291665,275418,567083
6,2038,292616,275683,568299
7,2038,292591,275714,568305
8,2038,289388,272724,562112
9,2038,292120,275796,567916
10,2038,292494,275697,568191
11,2038,292571,276455,569026
12,2038,292461,275605,568066
13,2038,293891,275625,569516
14,2038,294576,275565,570141
15,2038,296947,275357,572304
16,2038,296197,275623,571820
17,2038,302139,276579,578718
18,2038,304368,277408,581776
19,2038,309074,279536,588610
20,2038,308796,280425,589221
21,2038,308818,280514,589332
22,2038,309431,280601,590032
23,2038,309749,280616,590365
24,2038,309751,280616,590367
25,2038,309751,280616,590367
26,2038,309751,280616,590367
27,2038,309751,280616,590367
28,2038,309751,280616,590367
29,2038,309751,280616,590367
30,2038,309751,280616,590367
31,2038,309751,280616,590367
32,2038,309751,280616,590367
33,2038,309751,280616,590367
34,2038,309751,280616,590367
35,2038,309751,280616,590367
36,2038,309751,280616,590367
37,2038,309751,280616,590367
38,2038,309751,280616,590367
39,2038,309751,280616,590367
40,2038,309751,280616,590367
41,2038,310523,280709,591232
42,2038,310523,280709,591232
43,2038,310523,280709,591232
44,2038,310523,280709,591232
45,2038,310523,280709,591232
46,2038,310523,280709,591232
47,2038,310523,280709,591232
48,2038,310523,280709,591232
49,2038,310523,280709,591232
50,2038,310523,280709,591232
51,2038,310523,280709,591232
52,2038,310523,280709,591232
53,2038,310523,280709,591232
54,2038,310523,280709,591232
55,2038,310523,280709,591232
56,2038,310523,280709,591232
57,2038,310523,280709,591232
58,2038,310523,280709,591232
59,2038,310523,280709,591232
60,2038,310523,280709,591232
61,2038,310502,280709,591211
62,2038,310533,280709,591242
63,2038,310629,280709,591338
64,2038,310711,280709,591420
65,2038,310748,280709,591457
66,2038,310677,280709,591386
67,2038,310677,280709,591386
68,2038,310677,280709,591386
69,2038,310602,280709,591311
70,2038,310576,280709,591285
71,2038,310117,280695,590812
72,2038,310465,280709,591174
73,2038,310117,280719,590836
74,2038,310117,280719,590836
75,2038,310117,280719,590836
76,2038,310117,280719,590836
77,2038,310117,280719,590836
78,2038,317018,305496,622514
79,2038,319763,304916,624679
80,2038,316558,305659,622217
81,2038,315093,304229,619322
82,2038,315093,304229,619322
83,2038,315093,304229,619322
84,2038,315093,304229,619322
85,2038,315093,304229,619322
86,2038,315093,304229,619322
87,2038,315093,304229,619322
88,2038,315093,304229,619322
89,2038,315093,304229,619322
90,2038,315093,304229,619322
91,2038,315093,304229,619322
92,2038,315093,304229,619322
93,2038,315093,304229,619322
94,2038,315093,304229,619322
95,2038,315093,304229,619322
96,2038,315093,304229,619322
97,2038,315093,304229,619322
98,2038,315093,304229,619322
99,2038,315093,304229,619322
100,2038,315093,304229,619322
0,2038,270978,238819,509797
1,2038,270991,238819,509810
2,2038,268995,238825,507820
3,2038,269652,238851,508503
4,2038,270947,243796,514743
5,2038,267950,244405,512355
6,2038,268960,242165,511125
7,2038,268794,244670,513464
8,2038,268711,244052,512763
9,2038,268055,243953,512008
10,2038,292649,276206,568855
11,2038,291627,275325,566952
12,2038,268769,244611,513380
13,2038,294275,275933,570208
14,2038,269728,264298,534026
15,2038,279209,264657,543866
16,2038,296083,275608,571691
17,2038,302605,293248,595853
18,2038,306842,295281,602123
19,2038,310764,298941,609705
20,2038,310135,293254,603389
21,2038,309578,293573,603151
22,2038,310460,296304,606764
23,2038,311830,301724,613554
24,2038,313226,303708,616934
25,2038,356439,378118,734557
26,2038,458043,460310,918353
27,2038,468351,459401,927752
28,2038,468351,459401,927752
29,2038,468351,459401,927752
30,2038,466821,460487,927308
31,2038,474205,459209,933414
32,2038,469023,460412,929435
33,2038,469102,460412,929514
34,2038,477391,463686,941077
35,2038,478055,465595,943650
36,2038,479666,469676,949342
37,2038,480425,470591,951016
38,2038,481291,474292,955583
39,2038,482539,474625,957164
40,2038,484656,478643,963299
41,2038,484855,480287,965142
42,2038,485053,483142,968195
43,2038,356318,378640,734958
44,2038,356457,378690,735147
45,2038,356519,378690,735209
46,2038,356519,378690,735209
47,2038,357200,378690,735890
48,2038,357200,378690,735890
49,2038,357200,378690,735890
50,2038,357200,378690,735890
51,2038,357213,378690,735903
52,2038,356633,378690,735323
53,2038,357213,378690,735903
54,2038,357213,378690,735903
55,2038,357213,378690,735903
56,2038,315714,305769,621483
57,2038,315714,305769,621483
58,2038,315714,305769,621483
59,2038,315571,305769,621340
60,2038,315571,305769,621340
61,2038,322691,305551,628242
62,2038,322691,305551,628242
63,2038,318391,306041,624432
64,2038,315983,305769,621752
65,2038,315983,305769,621752
66,2038,315811,305769,621580
67,2038,313466,304841,618307
68,2038,283134,304564,587698
69,2038,283160,304318,587478
70,2038,277638,304160,581798
71,2038,271720,309222,580942
72,2038,282484,304318,586802
73,2038,270745,305097,575842
74,2038,270190,305097,575287
75,2038,270219,305296,575515
76,2038,272545,304520,577065
77,2038,281959,279022,560981
78,2038,318474,306405,624879
79,2038,307258,298243,605501
80,2038,307491,293877,601368
81,2038,306392,295099,601491
82,2038,307283,202690,509973
83,2038,307283,202690,509973
84,2038,307283,202780,510063
85,2038,307283,206240,513523
86,2038,307283,197748,505031
87,2038,307283,195285,502568
88,2038,307283,195285,502568
89,2038,307283,195285,502568
90,2038,307283,195285,502568
91,2038,307283,195285,502568
92,2038,307283,195285,502568
93,2038,307283,195285,502568
94,2038,307283,195285,502568
95,2038,307283,195285,502568
96,2038,307283,195285,502568
97,2038,307283,195285,502568
98,2038,307283,195285,502568
99,2038,307283,195285,502568
100,2038,307283,195285,502568
0,2038,266244,225046,491290
1,2038,265634,225406,491040
2,2038,265681,236736,502417
3,2038,266708,226221,492929
4,2038,265545,237285,502830
5,2038,262031,237589,499620
6,2038,263954,237674,501628
7,2038,263831,237674,501505
8,2038,262979,237674,500653
9,2038,269755,269579,539334
10,2038,291207,275214,566421
11,2038,291288,275553,566841
12,2038,292258,276262,568520
13,2038,294152,276089,570241
14,2038,293189,276066,569255
15,2038,283259,272852,556111
16,2038,269814,264977,534791
17,2038,305574,294903,600477
18,2038,309016,297225,606241
19,2038,312850,295138,607988
20,2038,310942,295951,606893
21,2038,310054,293878,603932
22,2038,312602,294617,607219
23,2038,315037,301261,616298
24,2038,315744,304093,619837
25,2038,361561,380613,742174
26,2038,365256,402172,767428
27,2038,365256,402172,767428
28,2038,472570,462074,934644
29,2038,472570,462074,934644
30,2038,472424,461260,933684
31,2038,464571,460236,924807
32,2038,475049,463250,938299
33,2038,475139,463250,938389
34,2038,475184,463970,939154
35,2038,476680,465745,942425
36,2038,481679,472721,954400
37,2038,481674,473487,955161
38,2038,482715,475630,958345
39,2038,483880,475935,959815
40,2038,486370,479386,965756
41,2038,486593,481283,967876
42,2038,486570,484385,970955
43,2038,485085,483993,969078
44,2038,361908,381135,743043
45,2038,361908,381135,743043
46,2038,361908,381135,743043
47,2038,361966,381134,743100
48,2038,361966,381134,743100
49,2038,361966,381134,743100
50,2038,361966,381134,743100
51,2038,361966,381134,743100
52,2038,361966,381135,743101
53,2038,361966,381134,743100
54,2038,484550,486261,970811
55,2038,361966,381134,743100
56,2038,356461,378690,735151
57,2038,321780,307278,629058
58,2038,322602,306177,628779
59,2038,318150,306504,624654
60,2038,318150,306504,624654
61,2038,317097,307315,624412
62,2038,322983,307232,630215
63,2038,345118,372476,717594
64,2038,322551,305412,627963
65,2038,318421,307029,625450
66,2038,285075,306101,591176
67,2038,319962,305521,625483
68,2038,284945,306826,591771
69,2038,270656,306574,577230
70,2038,268712,306574,575286
71,2038,267110,308688,575798
72,2038,268633,306412,575045
73,2038,266595,305428,572023
74,2038,267085,305873,572958
75,2038,267038,305763,572801
76,2038,266872,305689,572561
77,2038,267091,305597,572688
78,2038,317632,304109,621741
79,2038,308330,248530,556860
80,2038,308436,245951,554387
81,2038,308543,227049,535592
82,2038,308847,200618,509465
83,2038,308847,200618,509465
84,2038,308847,200618,509465
85,2038,308847,201495,510342
86,2038,308847,195178,504025
87,2038,308847,193070,501917
88,2038,308847,193070,501917
89,2038,308847,193070,501917
90,2038,308847,193070,501917
91,2038,308847,193070,501917
92,2038,308847,193070,501917
93,2038,308847,193070,501917
94,2038,308847,193070,501917
95,2038,308847,193070,501917
96,2038,308847,193070,501917
97,2038,308847,193070,501917
98,2038,308847,193070,501917
99,2038,308847,193070,501917
100,2038,308847,193070,501917
0,2038,284418,274018,558436
1,2038,259172,236818,495990
2,2038,264505,237279,501784
3,2038,264057,237443,501500
4,2038,275708,237396,513104
5,2038,258474,237910,496384
6,2038,259415,238054,497469
7,2038,258459,245001,503460
8,2038,258282,244777,503059
9,2038,261870,245245,507115
10,2038,268646,244461,513107
11,2038,269413,244611,514024
12,2038,293775,283166,576941
13,2038,293667,275662,569329
14,2038,295870,293140,589010
15,2038,294383,293964,588347
16,2038,285076,273136,558212
17,2038,302218,292372,594590
18,2038,302423,293144,595567
19,2038,302948,292754,595702
20,2038,306619,290030,596649
21,2038,309141,302248,611389
22,2038,312810,295382,608192
23,2038,315476,301813,617289
24,2038,316178,304644,620822
25,2038,304009,319049,623058
26,2038,306960,323160,630120
27,2038,326465,360506,686971
28,2038,361180,371541,732721
29,2038,476527,463513,940040
30,2038,476116,463487,939603
31,2038,475902,463694,939596
32,2038,476243,464235,940478
33,2038,476191,464361,940552
34,2038,477061,464645,941706
35,2038,479019,467219,946238
36,2038,482317,474669,956986
37,2038,482394,474951,957345
38,2038,483746,476763,960509
39,2038,485354,476761,962115
40,2038,486466,481697,968163
41,2038,486619,482936,969555
42,2038,486658,486014,972672
43,2038,486579,485418,971997
44,2038,485138,484241,969379
45,2038,424290,426508,850798
46,2038,357815,369971,727786
47,2038,306180,318607,624787
48,2038,308925,323359,632284
49,2038,304052,319147,623199
50,2038,303369,319207,622576
51,2038,305658,320406,626064
52,2038,304385,322125,626510
53,2038,304385,322125,626510
54,2038,364047,371003,735050
55,2038,310065,319336,629401
56,2038,361785,380903,742688
57,2038,356217,378421,734638
58,2038,321469,306962,628431
59,2038,318985,307393,626378
60,2038,318395,307424,625819
61,2038,319135,308293,627428
62,2038,323171,307856,631027
63,2038,310150,314638,624788
64,2038,322404,306770,629174
65,2038,321613,307372,628985
66,2038,320987,307230,628217
67,2038,318051,307757,625808
68,2038,318344,307787,626131
69,2038,269413,307188,576601
70,2038,267559,307199,574758
71,2038,265807,307414,573221
72,2038,266818,307188,574006
73,2038,266334,306007,572341
74,2038,265997,308180,574177
75,2038,265533,305780,571313
76,2038,268672,303831,572503
77,2038,284511,306805,591316
78,2038,313009,304631,617640
79,2038,283840,245138,528978
80,2038,283855,245138,528993
81,2038,283770,238029,521799
82,2038,282601,226467,509068
83,2038,282601,200874,483475
84,2038,282601,200874,483475
85,2038,282601,201929,484530
86,2038,282601,195188,477789
87,2038,282601,192711,475312
88,2038,282601,192711,475312
89,2038,282601,192711,475312
90,2038,282601,192711,475312
91,2038,282601,192711,475312
92,2038,282601,192711,475312
93,2038,282601,192711,475312
94,2038,282601,192711,475312
95,2038,282601,192711,475312
96,2038,282601,192711,475312
97,2038,282601,192711,475312
98,2038,282601,192711,475312
99,2038,282601,192711,475312
100,2038,282601,192711,475312
0,2038,280087,267198,547285
1,2038,263192,268142,531334
2,2038,261711,242939,504650
3,2038,265526,244439,509965
4,2038,254856,244710,499566
5,2038,264055,244986,509041
6,2038,248620,245444,494064
7,2038,266405,245809,512214
8,2038,238616,245703,484319
9,2038,242627,244265,486892
10,2038,272019,237674,509693
11,2038,284236,270352,554588
12,2038,266626,250962,517588
13,2038,293958,275737,569695
14,2038,280112,264884,544996
15,2038,295806,290051,585857
16,2038,296006,297046,593052
17,2038,282654,266264,548918
18,2038,301911,293221,595132
19,2038,303055,302171,605226
20,2038,308204,293646,601850
21,2038,311646,299577,611223
22,2038,317613,303101,620714
23,2038,315353,301933,617286
24,2038,316505,304068,620573
25,2038,322236,326684,648920
26,2038,319439,326600,646039
27,2038,304463,324277,628740
28,2038,310908,327010,637918
29,2038,365519,376877,742396
30,2038,459613,462011,921624
31,2038,461938,461787,923725
32,2038,435922,440184,876106
33,2038,463121,462431,925552
34,2038,436869,441052,877921
35,2038,437402,441186,878588
36,2038,468230,469143,937373
37,2038,470094,470129,940223
38,2038,471748,474610,946358
39,2038,472739,474967,947706
40,2038,476083,479182,955265
41,2038,477527,483040,960567
42,2038,478423,485155,963578
43,2038,486584,489349,975933
44,2038,486647,485965,972612
45,2038,485138,483993,969131
46,2038,374542,392526,767068
47,2038,343106,369526,712632
48,2038,339056,370180,709236
49,2038,335739,368640,704379
50,2038,324674,345218,669892
51,2038,324507,343923,668430
52,2038,324767,344062,668829
53,2038,324622,344909,669531
54,2038,302922,324289,627211
55,2038,314591,325686,640277
56,2038,309370,321600,630970
57,2038,361634,379753,741387
58,2038,356529,377630,734159
59,2038,321575,306341,627916
60,2038,321598,306842,628440
61,2038,324330,312210,636540
62,2038,325199,310056,635255
63,2038,320176,330909,651085
64,2038,318043,305130,623173
65,2038,319297,306818,626115
66,2038,322096,307547,629643
67,2038,321523,306152,627675
68,2038,283935,306711,590646
69,2038,286168,308766,594934
70,2038,267257,307385,574642
71,2038,265953,311649,577602
72,2038,265832,307385,573217
73,2038,266080,306922,573002
74,2038,285491,308023,593514
75,2038,265325,306446,571771
76,2038,266839,308116,574955
77,2038,265836,305809,571645
78,2038,319685,301711,621396
79,2038,283411,244933,528344
80,2038,283174,244933,528107
81,2038,294245,237298,531543
82,2038,263841,226475,490316
83,2038,262667,200954,463621
84,2038,262667,200954,463621
85,2038,263210,201762,464972
86,2038,259413,195188,454601
87,2038,259677,192646,452323
88,2038,259677,192646,452323
89,2038,259677,192646,452323
90,2038,259677,192646,452323
91,2038,259677,192646,452323
92,2038,259677,192646,452323
93,2038,259677,192646,452323
94,2038,259677,192646,452323
95,2038,259677,192646,452323
96,2038,259677,192646,452323
97,2038,259677,192646,452323
98,2038,259677,192646,452323
99,2038,259677,192646,452323
100,2038,259677,192646,452323
0,2038,280589,268722,549311
1,2038,281821,268319,550140
2,2038,282156,268711,550867
3,2038,282450,268761,551211
4,2038,274211,268913,543124
5,2038,281466,268524,549990
6,2038,269490,268555,538045
7,2038,270383,252856,523239
8,2038,267491,253168,520659
9,2038,270796,262306,533102
10,2038,264359,244723,509082
11,2038,283203,275009,558212
12,2038,273298,258058,531356
13,2038,294183,275749,569932
14,2038,293491,276143,569634
15,2038,294612,273033,567645
16,2038,297297,294370,591667
17,2038,308625,299800,608425
18,2038,298177,292690,590867
19,2038,310082,300411,610493
20,2038,309726,292726,602452
21,2038,306060,291801,597861
22,2038,314059,300938,614997
23,2038,312215,299684,611899
24,2038,313115,300820,613935
25,2038,326073,314562,640635
26,2038,329542,317917,647459
27,2038,330068,323652,653720
28,2038,330847,322201,653048
29,2038,328561,322530,651091
30,2038,333135,322593,655728
31,2038,353208,339963,693171
32,2038,366564,354222,720786
33,2038,357330,342261,699591
34,2038,365513,352780,718293
35,2038,468491,465135,933626
36,2038,466680,467358,934038
37,2038,467184,467730,934914
38,2038,471500,472101,943601
39,2038,473709,474806,948515
40,2038,475029,477482,952511
41,2038,475311,477021,952332
42,2038,475172,477209,952381
43,2038,478154,487432,965586
44,2038,486705,490099,976804
45,2038,486656,485574,972230
46,2038,485138,484432,969570
47,2038,485123,485948,971071
48,2038,409005,413116,822121
49,2038,409005,413116,822121
50,2038,387040,398261,785301
51,2038,387026,398068,785094
52,2038,387010,398072,785082
53,2038,387022,398063,785085
54,2038,356538,385542,742080
55,2038,378433,397196,775629
56,2038,325896,344569,670465
57,2038,305946,323846,629792
58,2038,362665,388871,751536
59,2038,357584,378585,736169
60,2038,357584,378585,736169
61,2038,328599,318137,646736
62,2038,327427,313424,640851
63,2038,329056,321251,650307
64,2038,324640,307247,631887
65,2038,321904,306087,627991
66,2038,320668,305625,626293
67,2038,322305,306509,628814
68,2038,319879,338067,657946
69,2038,282651,322976,605627
70,2038,269723,331647,601370
71,2038,268529,331664,600193
72,2038,268844,328890,597734
73,2038,268037,333319,601356
74,2038,268406,332980,601386
75,2038,266534,334638,601172
76,2038,266084,333704,599788
77,2038,267693,334281,601974
78,2038,300686,304098,604784
79,2038,273834,246764,520598
80,2038,273834,245939,519773
81,2038,265527,238484,504011
82,2038,232694,225638,458332
83,2038,225402,215610,441012
84,2038,225211,200958,426169
85,2038,225380,201808,427188
86,2038,222048,195188,417236
87,2038,221598,192646,414244
88,2038,221598,192646,414244
89,2038,221598,192646,414244
90,2038,221598,192646,414244
91,2038,221821,192646,414467
92,2038,221821,192646,414467
93,2038,221821,192646,414467
94,2038,221821,192646,414467
95,2038,221821,192646,414467
96,2038,221821,192646,414467
97,2038,221821,192646,414467
98,2038,221821,192646,414467
99,2038,221821,192646,414467
100,2038,221821,192646,414467
0,2038,283240,273651,556891
1,2038,279500,269321,548821
2,2038,279508,268543,548051
3,2038,279714,268337,548051
4,2038,280414,268161,548575
5,2038,279484,268298,547782
6,2038,280409,268267,548676
7,2038,280738,269214,549952
8,2038,282251,268493,550744
9,2038,270670,254441,525111
10,2038,282520,269494,552014
11,2038,266313,245732,512045
12,2038,283704,275133,558837
13,2038,268580,263970,532550
14,2038,298570,277053,575623
15,2038,295601,275237,570838
16,2038,302446,321762,624208
17,2038,308727,301180,609907
18,2038,305824,294351,600175
19,2038,311283,294367,605650
20,2038,312206,298996,611202
21,2038,307996,292090,600086
22,2038,309455,287999,597454
23,2038,312661,300221,612882
24,2038,312279,300737,613016
25,2038,322873,312390,635263
26,2038,324929,311637,636566
27,2038,329792,316369,646161
28,2038,330823,319826,650649
29,2038,330710,322033,652743
30,2038,328357,321336,649693
31,2038,332038,326323,658361
32,2038,343073,337526,680599
33,2038,356797,359038,715835
34,2038,343122,340206,683328
35,2038,366962,362896,729858
36,2038,366950,362177,729127
37,2038,463317,467245,930562
38,2038,467613,469530,937143
39,2038,470115,473511,943626
40,2038,472145,474413,946558
41,2038,472723,474472,947195
42,2038,472665,475270,947935
43,2038,475039,477081,952120
44,2038,478360,489504,967864
45,2038,487791,492466,980257
46,2038,486647,486299,972946
47,2038,486613,487200,973813
48,2038,485113,486524,971637
49,2038,485095,486562,971657
50,2038,484751,486522,971273
51,2038,484579,486522,971101
52,2038,483505,483089,966594
53,2038,439809,457332,897141
54,2038,366210,372506,738716
55,2038,389755,407247,797002
56,2038,345272,385262,730534
57,2038,326995,344962,671957
58,2038,306344,321640,627984
59,2038,363055,388880,751935
60,2038,362899,388880,751779
61,2038,360388,378538,738926
62,2038,328819,315744,644563
63,2038,329350,314542,643892
64,2038,327209,314353,641562
65,2038,321125,303487,624612
66,2038,319897,319814,639711
67,2038,321270,302855,624125
68,2038,309247,315485,624732
69,2038,304383,321190,625573
70,2038,270949,320171,591120
71,2038,269529,318999,588528
72,2038,269546,319060,588606
73,2038,269301,318127,587428
74,2038,269506,318372,587878
75,2038,267449,315623,583072
76,2038,262963,317128,580091
77,2038,266499,315322,581821
78,2038,318951,305245,624196
79,2038,256067,306630,562697
80,2038,248358,253460,501818
81,2038,240466,238632,479098
82,2038,223470,225855,449325
83,2038,217778,213798,431576
84,2038,217481,200907,418388
85,2038,217671,202199,419870
86,2038,215296,195188,410484
87,2038,214669,192646,407315
88,2038,214669,192646,407315
89,2038,214669,192646,407315
90,2038,214669,192646,407315
91,2038,214669,192646,407315
92,2038,214669,192646,407315
93,2038,214669,192646,407315
94,2038,214669,192646,407315
95,2038,214669,192646,407315
96,2038,214669,192646,407315
97,2038,214669,192646,407315
98,2038,214669,192646,407315
99,2038,214669,192646,407315
100,2038,214669,192646,407315
0,2038,291324,274052,565376
1,2038,282518,272608,555126
2,2038,279639,269609,549248
3,2038,279953,268799,548752
4,2038,279649,269413,549062
5,2038,280128,268648,548776
6,2038,279608,268980,548588
7,2038,280575,269607,550182
8,2038,278484,268849,547333
9,2038,282015,269025,551040
10,2038,280960,268918,549878
11,2038,285227,273948,559175
12,2038,282023,270833,552856
13,2038,284232,272674,556906
14,2038,293880,274987,568867
15,2038,310486,305362,615848
16,2038,316192,318522,634714
17,2038,307321,300230,607551
18,2038,308022,296339,604361
19,2038,309576,295231,604807
20,2038,311182,299012,610194
21,2038,311299,294985,606284
22,2038,308905,290751,599656
23,2038,313723,300929,614652
24,2038,313647,301171,614818
25,2038,321446,312360,633806
26,2038,324696,314226,638922
27,2038,324285,313979,638264
28,2038,329013,316002,645015
29,2038,331131,317624,648755
30,2038,331736,316723,648459
31,2038,330014,320881,650895
32,2038,337833,325525,663358
33,2038,407723,413952,821675
34,2038,474625,464034,938659
35,2038,434553,441370,875923
36,2038,465616,468976,934592
37,2038,366987,364374,731361
38,2038,463675,468733,932408
39,2038,464390,469169,933559
40,2038,467361,470732,938093
41,2038,468659,470925,939584
42,2038,470267,472277,942544
43,2038,472495,474495,946990
44,2038,475084,478799,953883
45,2038,478718,492381,971099
46,2038,486704,490009,976713
47,2038,486630,490789,977419
48,2038,486613,487561,974174
49,2038,486588,487600,974188
50,2038,486539,487600,974139
51,2038,371306,376258,747564
52,2038,378102,389875,767977
53,2038,383841,407050,790891
54,2038,387115,399036,786151
55,2038,399227,413897,813124
56,2038,364100,386196,750296
57,2038,345354,385376,730730
58,2038,326927,344585,671512
59,2038,303645,324730,628375
60,2038,355567,374910,730477
61,2038,370664,391810,762474
62,2038,360332,379777,740109
63,2038,328576,327978,656554
64,2038,328657,314500,643157
65,2038,319289,302226,621515
66,2038,328236,315753,643989
67,2038,321023,303475,624498
68,2038,324687,325961,650648
69,2038,282426,317440,599866
70,2038,299857,332406,632263
71,2038,272277,321859,594136
72,2038,271869,318817,590686
73,2038,270933,319010,589943
74,2038,270783,317111,587894
75,2038,271139,319881,591020
76,2038,270576,318748,589324
77,2038,272421,314757,587178
78,2038,282476,308423,590899
79,2038,247903,312044,559947
80,2038,241530,254109,495639
81,2038,234233,238204,472437
82,2038,218671,227339,446010
83,2038,213013,218023,431036
84,2038,212643,200907,413550
85,2038,212744,201757,414501
86,2038,213833,195188,409021
87,2038,213869,192646,406515
88,2038,213869,192646,406515
89,2038,213869,192646,406515
90,2038,213869,192646,406515
91,2038,213872,192646,406518
92,2038,213872,192646,406518
93,2038,213872,192646,406518
94,2038,213872,192646,406518
95,2038,213872,192646,406518
96,2038,213872,192646,406518
97,2038,213872,192646,406518
98,2038,213872,192646,406518
99,2038,213872,192646,406518
100,2038,213872,192646,406518
0,2038,292140,274783,566923
1,2038,291361,274982,566343
2,2038,291212,275106,566318
3,2038,291317,274972,566289
4,2038,290498,274333,564831
5,2038,283583,274523,558106
6,2038,282457,273462,555919
7,2038,281291,269483,550774
8,2038,270850,269825,540675
9,2038,281463,271778,553241
10,2038,279908,269075,548983
11,2038,283702,275461,559163
12,2038,282567,269834,552401
13,2038,283418,276214,559632
14,2038,273363,263666,537029
15,2038,293647,308232,601879
16,2038,311430,322466,633896
17,2038,315568,323677,639245
18,2038,307150,294560,601710
19,2038,309957,292641,602598
20,2038,311292,295111,606403
21,2038,308602,293474,602076
22,2038,309346,313013,622359
23,2038,310689,293406,604095
24,2038,313839,301220,615059
25,2038,321933,313444,635377
26,2038,324859,319250,644109
27,2038,324076,311924,636000
28,2038,325710,318380,644090
29,2038,329177,311040,640217
30,2038,330760,312343,643103
31,2038,332132,320700,652832
32,2038,329909,320445,650354
33,2038,330675,323138,653813
34,2038,405559,411046,816605
35,2038,407261,410434,817695
36,2038,457565,461814,919379
37,2038,460714,464529,925243
38,2038,458093,463853,921946
39,2038,458133,463243,921376
40,2038,458480,463451,921931
41,2038,453965,457282,911247
42,2038,466114,465564,931678
43,2038,469465,471389,940854
44,2038,472630,476451,949081
45,2038,480640,479171,959811
46,2038,478165,490006,968171
47,2038,478073,489613,967686
48,2038,486583,491067,977650
49,2038,486555,491106,977661
50,2038,486608,491076,977684
51,2038,484439,490952,975391
52,2038,486669,491135,977804
53,2038,487666,494024,981690
54,2038,405247,412796,818043
55,2038,408176,418767,826943
56,2038,370042,393866,763908
57,2038,363845,390724,754569
58,2038,344200,384229,728429
59,2038,326745,345772,672517
60,2038,304517,330731,635248
61,2038,377149,402452,779601
62,2038,375114,391703,766817
63,2038,360271,380246,740517
64,2038,329359,314694,644053
65,2038,321390,304007,625397
66,2038,326880,310963,637843
67,2038,324333,305077,629410
68,2038,322457,323293,645750
69,2038,317827,326214,644041
70,2038,293675,320417,614092
71,2038,284301,343507,627808
72,2038,271402,323785,595187
73,2038,270519,323751,594270
74,2038,270864,323071,593935
75,2038,270145,327560,597705
76,2038,270915,322917,593832
77,2038,268679,330449,599128
78,2038,283895,311531,595426
79,2038,242935,309866,552801
80,2038,237826,303408,541234
81,2038,223973,251172,475145
82,2038,214061,227752,441813
83,2038,215066,217852,432918
84,2038,214841,200907,415748
85,2038,214674,201946,416620
86,2038,214962,195270,410232
87,2038,214962,192727,407689
88,2038,214962,192727,407689
89,2038,214962,192727,407689
90,2038,214962,192727,407689
91,2038,214962,192727,407689
92,2038,214962,192727,407689
93,2038,214962,192727,407689
94,2038,214962,192727,407689
95,2038,214962,192727,407689
96,2038,214962,192727,407689
97,2038,214962,192727,407689
98,2038,214962,192727,407689
99,2038,214962,192727,407689
100,2038,214962,192727,407689
0,2038,271311,255082,526393
1,2038,291776,274540,566316
2,2038,291687,275307,566994
3,2038,292048,275282,567330
4,2038,292050,275239,567289
5,2038,291500,273711,565211
6,2038,283337,273822,557159
7,2038,283590,273631,557221
8,2038,283473,272008,555481
9,2038,285215,269591,554806
10,2038,283359,273276,556635
11,2038,280568,268283,548851
12,2038,282834,272394,555228
13,2038,282649,273097,555746
14,2038,283865,272609,556474
15,2038,290709,309217,599926
16,2038,317454,320824,638278
17,2038,314419,312912,627331
18,2038,304653,295854,600507
19,2038,312982,297952,610934
20,2038,309514,293327,602841
21,2038,311434,298528,609962
22,2038,309255,293037,602292
23,2038,312472,300077,612549
24,2038,313193,300796,613989
25,2038,318476,312971,631447
26,2038,326218,319910,646128
27,2038,316168,302726,618894
28,2038,322434,307475,629909
29,2038,326577,310278,636855
30,2038,328275,313763,642038
31,2038,330040,317083,647123
32,2038,331065,321040,652105
33,2038,327147,371493,698640
34,2038,361376,370031,731407
35,2038,345859,336678,682537
36,2038,436640,442603,879243
37,2038,458944,462419,921363
38,2038,457501,464666,922167
39,2038,457958,464319,922277
40,2038,458324,463461,921785
41,2038,458585,463940,922525
42,2038,458272,465754,924026
43,2038,462516,464796,927312
44,2038,470370,473492,943862
45,2038,472783,476755,949538
46,2038,475217,478671,953888
47,2038,474390,478818,953208
48,2038,478989,492634,971623
49,2038,478989,492608,971597
50,2038,478502,489940,968442
51,2038,473937,487379,961316
52,2038,474836,488643,963479
53,2038,484349,489068,973417
54,2038,484489,486261,970750
55,2038,460781,469427,930208
56,2038,408436,413125,821561
57,2038,371437,397154,768591
58,2038,364114,387114,751228
59,2038,347335,385911,733246
60,2038,326394,372184,698578
61,2038,303682,336234,639916
62,2038,378976,402499,781475
63,2038,366218,391836,758054
64,2038,357988,381261,739249
65,2038,323850,302261,626111
66,2038,327783,313371,641154
67,2038,325403,306076,631479
68,2038,330281,315526,645807
69,2038,322830,322474,645304
70,2038,304042,325508,629550
71,2038,303232,351768,655000
72,2038,270205,341714,611919
73,2038,274870,320686,595556
74,2038,272176,319689,591865
75,2038,272248,323300,595548
76,2038,272502,318235,590737
77,2038,272793,319966,592759
78,2038,269126,316663,585789
79,2038,258069,318657,576726
80,2038,233807,302334,536141
81,2038,218020,254160,472180
82,2038,215221,238713,453934
83,2038,215314,227316,442630
84,2038,214970,201080,416050
85,2038,214970,201930,416900
86,2038,215028,195270,410298
87,2038,215028,192727,407755
88,2038,215028,192727,407755
89,2038,215028,192727,407755
90,2038,215028,192727,407755
91,2038,215028,192727,407755
92,2038,215028,192727,407755
93,2038,215028,192727,407755
94,2038,215028,192727,407755
95,2038,215028,192727,407755
96,2038,215028,192727,407755
97,2038,215028,192727,407755
98,2038,215028,192727,407755
99,2038,215028,192727,407755
100,2038,215028,192727,407755
0,2039,292160,275407,567567
1,2039,292160,275407,567567
2,2039,292156,275407,567563
3,2039,292317,275433,567750
4,2039,292459,275435,567894
5,2039,292604,275460,568064
6,2039,292715,275538,568253
7,2039,292699,275529,568228
8,2039,292688,275503,568191
9,2039,292689,275485,568174
10,2039,292704,275551,568255
11,2039,292828,275972,568800
12,2039,293342,276256,569598
13,2039,293719,276375,570094
14,2039,293758,276281,570039
15,2039,293823,276272,570095
16,2039,294123,276355,570478
17,2039,294561,276410,570971
18,2039,295789,276733,572522
19,2039,296731,278188,574919
20,2039,296795,278225,575020
21,2039,296833,278284,575117
22,2039,296862,278532,575394
23,2039,296890,278545,575435
24,2039,296890,278545,575435
25,2039,296890,278545,575435
26,2039,296890,278545,575435
27,2039,296890,278545,575435
28,2039,296890,278545,575435
29,2039,296890,278545,575435
30,2039,296890,278545,575435
31,2039,296890,278545,575435
32,2039,296890,278545,575435
33,2039,296890,278545,575435
34,2039,296890,278545,575435
35,2039,296890,278545,575435
36,2039,296890,278545,575435
37,2039,296890,278545,575435
38,2039,296890,278545,575435
39,2039,296890,278545,575435
40,2039,296890,278545,575435
41,2039,296890,278545,575435
42,2039,296890,278545,575435
43,2039,296890,278545,575435
44,2039,296890,278545,575435
45,2039,296890,278545,575435
46,2039,296881,278545,575426
47,2039,296873,278545,575418
48,2039,296873,278545,575418
49,2039,296873,278545,575418
50,2039,296873,278545,575418
51,2039,296873,278595,575468
52,2039,296873,278595,575468
53,2039,296873,278595,575468
54,2039,296873,278595,575468
55,2039,296873,278595,575468
56,2039,296873,278595,575468
57,2039,296873,278595,575468
58,2039,296873,278595,575468
59,2039,296873,278595,575468
60,2039,296873,278595,575468
61,2039,296873,278595,575468
62,2039,296873,278595,575468
63,2039,296873,278595,575468
64,2039,296825,278595,575420
65,2039,296825,278595,575420
66,2039,296738,278595,575333
67,2039,296738,278595,575333
68,2039,296472,278595,575067
69,2039,296377,278595,574972
70,2039,296237,278595,574832
71,2039,295800,278595,574395
72,2039,295800,278595,574395
73,2039,295461,278595,574056
74,2039,295423,278595,574018
75,2039,295423,278595,574018
76,2039,295423,278595,574018
77,2039,295423,278595,574018
78,2039,295423,279554,574977
79,2039,295423,279363,574786
80,2039,295423,279614,575037
81,2039,295423,279743,575166
82,2039,295423,279743,575166
83,2039,295423,279743,575166
84,2039,295423,279743,575166
85,2039,295423,279743,575166
86,2039,295423,279743,575166
87,2039,295423,279743,575166
88,2039,295423,279743,575166
89,2039,295423,279743,575166
90,2039,295423,279743,575166
91,2039,295423,279743,575166
92,2039,295423,279743,575166
93,2039,295423,279743,575166
94,2039,295423,279743,575166
95,2039,295423,279743,575166
96,2039,295423,279743,575166
97,2039,295423,279743,575166
98,2039,295423,279743,575166
99,2039,295423,279743,575166
100,2039,295423,279743,575166
0,2039,292266,275259,567525
1,2039,292266,275259,567525
2,2039,292259,275259,567518
3,2039,292436,275274,567710
4,2039,292615,275193,567808
5,2039,292741,275299,568040
6,2039,292868,275406,568274
7,2039,292842,275390,568232
8,2039,292820,275364,568184
9,2039,292815,275344,568159
10,2039,292810,275474,568284
11,2039,292862,275699,568561
12,2039,293184,275754,568938
13,2039,293704,275708,569412
14,2039,293937,275800,569737
15,2039,294124,275792,569916
16,2039,294466,275859,570325
17,2039,295672,275850,571522
18,2039,297964,276497,574461
19,2039,298821,278322,577143
20,2039,299958,278491,578449
21,2039,300126,278538,578664
22,2039,300128,279006,579134
23,2039,300136,279020,579156
24,2039,300136,279020,579156
25,2039,300136,279020,579156
26,2039,300136,279020,579156
27,2039,300136,279020,579156
28,2039,300136,279020,579156
29,2039,300136,279020,579156
30,2039,300136,279020,579156
31,2039,300136,279020,579156
32,2039,300136,279020,579156
33,2039,300136,279020,579156
34,2039,300136,279020,579156
35,2039,300136,279020,579156
36,2039,300136,279020,579156
37,2039,300136,279020,579156
38,2039,300136,279020,579156
39,2039,300136,279020,579156
40,2039,300136,279020,579156
41,2039,300136,279020,579156
42,2039,300136,279020,579156
43,2039,300136,279020,579156
44,2039,300538,279020,579558
45,2039,300538,279020,579558
46,2039,300536,279020,579556
47,2039,300528,279020,579548
48,2039,300528,279020,579548
49,2039,300528,279020,579548
50,2039,300528,279020,579548
51,2039,300528,279059,579587
52,2039,300528,279059,579587
53,2039,300528,279059,579587
54,2039,300528,279059,579587
55,2039,300528,279059,579587
56,2039,300528,279059,579587
57,2039,300528,279059,579587
58,2039,300528,279059,579587
59,2039,300528,279059,579587
60,2039,300528,279059,579587
61,2039,300528,279059,579587
62,2039,300528,279059,579587
63,2039,300528,279059,579587
64,2039,300557,279059,579616
65,2039,300557,279059,579616
66,2039,300066,279059,579125
67,2039,300008,279059,579067
68,2039,299613,279059,578672
69,2039,299663,279059,578722
70,2039,299415,279037,578452
71,2039,298888,279037,577925
72,2039,298782,279037,577819
73,2039,298283,278963,577246
74,2039,298238,278963,577201
75,2039,298238,278963,577201
76,2039,298238,278963,577201
77,2039,298238,278963,577201
78,2039,298344,280269,578613
79,2039,298259,280078,578337
80,2039,298344,280826,579170
81,2039,298338,280568,578906
82,2039,298338,280568,578906
83,2039,298338,280568,578906
84,2039,298338,280568,578906
85,2039,298338,280568,578906
86,2039,298338,280568,578906
87,2039,298338,280568,578906
88,2039,298338,280568,578906
89,2039,298338,280568,578906
90,2039,298338,280568,578906
91,2039,298338,280568,578906
92,2039,298338,280568,578906
93,2039,298338,280568,578906
94,2039,298338,280568,578906
95,2039,298338,280568,578906
96,2039,298338,280568,578906
97,2039,298338,280568,578906
98,2039,298338,280568,578906
99,2039,298338,280568,578906
100,2039,298338,280568,578906
0,2039,292274,275413,567687
1,2039,292274,275413,567687
2,2039,292266,275413,567679
3,2039,292417,275347,567764
4,2039,292716,275394,568110
5,2039,292856,275450,568306
6,2039,292910,275526,568436
7,2039,292866,275510,568376
8,2039,292838,275471,568309
9,2039,292865,275477,568342
10,2039,292819,275561,568380
11,2039,292909,275804,568713
12,2039,293366,276259,569625
13,2039,294527,276216,570743
14,2039,294776,276418,571194
15,2039,295034,276413,571447
16,2039,296135,276482,572617
17,2039,297419,276524,573943
18,2039,299982,276890,576872
19,2039,300697,278092,578789
20,2039,300794,278561,579355
21,2039,301474,278636,580110
22,2039,301310,278941,580251
23,2039,301326,278955,580281
24,2039,301326,278955,580281
25,2039,301326,278955,580281
26,2039,301326,278955,580281
27,2039,301326,278955,580281
28,2039,301326,278955,580281
29,2039,301326,278955,580281
30,2039,301326,278955,580281
31,2039,301326,278955,580281
32,2039,301326,278955,580281
33,2039,301326,278955,580281
34,2039,301326,278955,580281
35,2039,301326,278955,580281
36,2039,301326,278955,580281
37,2039,301326,278955,580281
38,2039,301326,278955,580281
39,2039,301326,278955,580281
40,2039,301326,278955,580281
41,2039,301326,278955,580281
42,2039,301326,278955,580281
43,2039,301333,278955,580288
44,2039,303077,279111,582188
45,2039,303077,279111,582188
46,2039,302118,279111,581229
47,2039,302109,279111,581220
48,2039,302109,279111,581220
49,2039,302109,279111,581220
50,2039,302109,279111,581220
51,2039,302109,279149,581258
52,2039,302109,279149,581258
53,2039,302109,279149,581258
54,2039,302109,279149,581258
55,2039,302109,279149,581258
56,2039,302109,279149,581258
57,2039,302109,279149,581258
58,2039,302109,279149,581258
59,2039,302109,279149,581258
60,2039,302109,279149,581258
61,2039,302109,279149,581258
62,2039,302109,279149,581258
63,2039,302109,279149,581258
64,2039,303056,279149,582205
65,2039,303056,279149,582205
66,2039,301751,278994,580745
67,2039,301764,278926,580690
68,2039,301625,278926,580551
69,2039,301693,278926,580619
70,2039,301698,278926,580624
71,2039,302699,279051,581750
72,2039,302614,279051,581665
73,2039,301717,279129,580846
74,2039,301717,279129,580846
75,2039,301717,279129,580846
76,2039,301717,279129,580846
77,2039,301717,279129,580846
78,2039,301618,283834,585452
79,2039,301588,283520,585108
80,2039,301523,283856,585379
81,2039,301545,283856,585401
82,2039,301545,283856,585401
83,2039,301545,283856,585401
84,2039,301545,283856,585401
85,2039,301545,283856,585401
86,2039,301545,283856,585401
87,2039,301545,283856,585401
88,2039,301545,283856,585401
89,2039,301545,283856,585401
90,2039,301545,283856,585401
91,2039,301545,283856,585401
92,2039,301545,283856,585401
93,2039,301545,283856,585401
94,2039,301545,283856,585401
95,2039,301545,283856,585401
96,2039,301545,283856,585401
97,2039,301545,283856,585401
98,2039,301545,283856,585401
99,2039,301545,283856,585401
100,2039,301545,283856,585401
0,2039,292099,274901,567000
1,2039,292099,274901,567000
2,2039,292091,274901,566992
3,2039,292300,274901,567201
4,2039,292463,274931,567394
5,2039,292518,274983,567501
6,2039,292615,275035,567650
7,2039,292607,275057,567664
8,2039,292601,275043,567644
9,2039,292574,275024,567598
10,2039,292549,275055,567604
11,2039,292624,275339,567963
12,2039,293047,275490,568537
13,2039,294584,275590,570174
14,2039,295239,275679,570918
15,2039,297561,275661,573222
16,2039,296031,275360,571391
17,2039,298511,275281,573792
18,2039,300960,276311,577271
19,2039,318140,278178,596318
20,2039,318570,278704,597274
21,2039,307169,279147,586316
22,2039,306963,279195,586158
23,2039,307025,279209,586234
24,2039,307025,279209,586234
25,2039,307025,279209,586234
26,2039,307025,279209,586234
27,2039,307025,279209,586234
28,2039,307025,279209,586234
29,2039,307025,279209,586234
30,2039,307025,279209,586234
31,2039,307025,279209,586234
32,2039,307025,279209,586234
33,2039,307025,279209,586234
34,2039,307025,279209,586234
35,2039,307025,279209,586234
36,2039,307025,279209,586234
37,2039,307025,279209,586234
38,2039,307025,279209,586234
39,2039,307025,279209,586234
40,2039,307025,279209,586234
41,2039,307025,279209,586234
42,2039,307025,279209,586234
43,2039,307025,279209,586234
44,2039,309401,279433,588834
45,2039,309401,279433,588834
46,2039,308138,279364,587502
47,2039,308207,279364,587571
48,2039,308207,279364,587571
49,2039,308207,279364,587571
50,2039,308207,279364,587571
51,2039,308198,279402,587600
52,2039,308198,279402,587600
53,2039,308198,279402,587600
54,2039,308198,279402,587600
55,2039,308198,279402,587600
56,2039,308198,279402,587600
57,2039,308198,279402,587600
58,2039,308198,279402,587600
59,2039,308198,279402,587600
60,2039,308198,279402,587600
61,2039,308198,279402,587600
62,2039,308198,279402,587600
63,2039,308198,279402,587600
64,2039,309449,279472,588921
65,2039,309538,279472,589010
66,2039,307947,279400,587347
67,2039,308227,279400,587627
68,2039,307618,279138,586756
69,2039,307735,279232,586967
70,2039,307742,279123,586865
71,2039,309127,279187,588314
72,2039,308751,279129,587880
73,2039,307179,279129,586308
74,2039,307179,279129,586308
75,2039,307179,279129,586308
76,2039,307179,279129,586308
77,2039,307179,279129,586308
78,2039,306934,286413,593347
79,2039,306862,284996,591858
80,2039,306855,286432,593287
81,2039,306855,286432,593287
82,2039,306855,286432,593287
83,2039,306855,286432,593287
84,2039,306855,286432,593287
85,2039,306855,286432,593287
86,2039,306855,286432,593287
87,2039,306855,286432,593287
88,2039,306855,286432,593287
89,2039,306855,286432,593287
90,2039,306855,286432,593287
91,2039,306855,286432,593287
92,2039,306855,286432,593287
93,2039,306855,286432,593287
94,2039,306855,286432,593287
95,2039,306855,286432,593287
96,2039,306855,286432,593287
97,2039,306855,286432,593287
98,2039,306855,286432,593287
99,2039,306855,286432,593287
100,2039,306855,286432,593287
0,2039,292414,276267,568681
1,2039,292414,276267,568681
2,2039,292410,276267,568677
3,2039,292524,276267,568791
4,2039,292770,276374,569144
5,2039,292782,276405,569187
6,2039,292777,275836,568613
7,2039,292789,275833,568622
8,2039,292809,276105,568914
9,2039,292817,276218,569035
10,2039,292752,276008,568760
11,2039,292786,276013,568799
12,2039,292637,275836,568473
13,2039,294207,275567,569774
14,2039,297544,275452,572996
15,2039,296712,275491,572203
16,2039,295873,275344,571217
17,2039,298696,275638,574334
18,2039,308040,277244,585284
19,2039,310244,279250,589494
20,2039,310992,279343,590335
21,2039,309447,279369,588816
22,2039,309498,279517,589015
23,2039,309548,279517,589065
24,2039,309548,279517,589065
25,2039,309548,279517,589065
26,2039,309548,279517,589065
27,2039,309548,279517,589065
28,2039,309548,279517,589065
29,2039,309548,279517,589065
30,2039,309548,279517,589065
31,2039,309548,279517,589065
32,2039,309548,279517,589065
33,2039,309548,279517,589065
34,2039,309548,279517,589065
35,2039,309548,279517,589065
36,2039,309548,279517,589065
37,2039,309933,279517,589450
38,2039,309933,279517,589450
39,2039,309933,279517,589450
40,2039,309933,279517,589450
41,2039,309933,279517,589450
42,2039,309933,279517,589450
43,2039,309933,279517,589450
44,2039,311218,279445,590663
45,2039,311218,279445,590663
46,2039,311078,279485,590563
47,2039,311078,279485,590563
48,2039,311078,279485,590563
49,2039,311078,279485,590563
50,2039,311078,279485,590563
51,2039,311087,279523,590610
52,2039,311087,279523,590610
53,2039,311087,279523,590610
54,2039,311087,279523,590610
55,2039,311087,279523,590610
56,2039,311087,279523,590610
57,2039,311087,279523,590610
58,2039,311087,279523,590610
59,2039,311087,279523,590610
60,2039,311087,279523,590610
61,2039,311087,279523,590610
62,2039,311087,279523,590610
63,2039,311197,279523,590720
64,2039,311402,279483,590885
65,2039,311494,279483,590977
66,2039,311142,279522,590664
67,2039,311181,279522,590703
68,2039,310276,279498,589774
69,2039,310326,279498,589824
70,2039,310257,279585,589842
71,2039,310672,279598,590270
72,2039,310683,279572,590255
73,2039,309854,279579,589433
74,2039,309854,279579,589433
75,2039,309854,279579,589433
76,2039,309854,279579,589433
77,2039,309854,279579,589433
78,2039,309223,297053,606276
79,2039,309182,295170,604352
80,2039,309215,297002,606217
81,2039,309223,297359,606582
82,2039,309223,297359,606582
83,2039,309223,297359,606582
84,2039,309223,297359,606582
85,2039,309223,297359,606582
86,2039,309223,297359,606582
87,2039,309223,297359,606582
88,2039,309223,297359,606582
89,2039,309223,297359,606582
90,2039,309223,297359,606582
91,2039,309223,297359,606582
92,2039,309223,297359,606582
93,2039,309223,297359,606582
94,2039,309223,297359,606582
95,2039,309223,297359,606582
96,2039,309223,297359,606582
97,2039,309223,297359,606582
98,2039,309223,297359,606582
99,2039,309223,297359,606582
100,2039,309223,297359,606582
0,2039,290839,275033,565872
1,2039,290839,275033,565872
2,2039,290835,275033,565868
3,2039,290937,275233,566170
4,2039,291005,274937,565942
5,2039,291046,275155,566201
6,2039,292232,276240,568472
7,2039,292199,276233,568432
8,2039,291249,275661,566910
9,2039,291199,275601,566800
10,2039,292123,276191,568314
11,2039,292361,276048,568409
12,2039,293171,276060,569231
13,2039,294126,275531,569657
14,2039,296668,275937,572605
15,2039,295244,275388,570632
16,2039,296127,275713,571840
17,2039,298662,276231,574893
18,2039,305162,277907,583069
19,2039,309543,280666,590209
20,2039,310358,280573,590931
21,2039,310236,280007,590243
22,2039,310517,280086,590603
23,2039,310504,280086,590590
24,2039,310504,280086,590590
25,2039,310504,280086,590590
26,2039,310504,280086,590590
27,2039,310504,280086,590590
28,2039,310504,280086,590590
29,2039,310504,280086,590590
30,2039,310504,280086,590590
31,2039,310504,280086,590590
32,2039,310504,280086,590590
33,2039,310504,280086,590590
34,2039,310504,280086,590590
35,2039,310504,280086,590590
36,2039,310504,280086,590590
37,2039,310568,280086,590654
38,2039,310568,280086,590654
39,2039,310568,280086,590654
40,2039,310568,280086,590654
41,2039,310949,280086,591035
42,2039,310949,280086,591035
43,2039,310949,280086,591035
44,2039,311212,280770,591982
45,2039,311212,280770,591982
46,2039,311402,280718,592120
47,2039,311402,280718,592120
48,2039,311402,280718,592120
49,2039,311402,280718,592120
50,2039,311402,280718,592120
51,2039,311402,280757,592159
52,2039,311402,280757,592159
53,2039,311402,280757,592159
54,2039,311402,280757,592159
55,2039,311402,280757,592159
56,2039,311402,280757,592159
57,2039,311402,280757,592159
58,2039,311402,280757,592159
59,2039,311402,280757,592159
60,2039,311402,280757,592159
61,2039,311402,280757,592159
62,2039,311402,280757,592159
63,2039,311500,280757,592257
64,2039,311363,280826,592189
65,2039,311724,280826,592550
66,2039,311611,280757,592368
67,2039,311478,280757,592235
68,2039,311136,280282,591418
69,2039,311224,280386,591610
70,2039,311089,280359,591448
71,2039,311023,280782,591805
72,2039,311415,280757,592172
73,2039,310475,280113,590588
74,2039,310475,280113,590588
75,2039,310475,280113,590588
76,2039,310475,280113,590588
77,2039,310475,280113,590588
78,2039,312080,301426,613506
79,2039,311717,300216,611933
80,2039,312078,301550,613628
81,2039,312097,305369,617466
82,2039,312097,305369,617466
83,2039,312097,305369,617466
84,2039,312097,305369,617466
85,2039,312097,305369,617466
86,2039,312097,305369,617466
87,2039,312097,305369,617466
88,2039,312097,305369,617466
89,2039,312097,305369,617466
90,2039,312097,305369,617466
91,2039,312097,305369,617466
92,2039,312097,305369,617466
93,2039,312097,305369,617466
94,2039,312097,305369,617466
95,2039,312097,305369,617466
96,2039,312097,305369,617466
97,2039,312097,305369,617466
98,2039,312097,305369,617466
99,2039,312097,305369,617466
100,2039,312097,305369,617466
0,2039,289659,274603,564262
1,2039,289659,274603,564262
2,2039,289665,274603,564268
3,2039,290131,274992,565123
4,2039,290075,275018,565093
5,2039,290517,275453,565970
6,2039,291142,275727,566869
7,2039,291129,275727,566856
8,2039,291983,276029,568012
9,2039,291141,275810,566951
10,2039,291146,275616,566762
11,2039,292016,276074,568090
12,2039,292897,276138,569035
13,2039,294262,276019,570281
14,2039,294683,275572,570255
15,2039,297679,275397,573076
16,2039,295993,275946,571939
17,2039,298812,276626,575438
18,2039,303893,278118,582011
19,2039,307392,280296,587688
20,2039,308113,280287,588400
21,2039,310267,280533,590800
22,2039,310619,280734,591353
23,2039,310685,280734,591419
24,2039,310685,280734,591419
25,2039,310685,280734,591419
26,2039,310685,280734,591419
27,2039,310685,280734,591419
28,2039,310685,280734,591419
29,2039,310685,280734,591419
30,2039,310685,280734,591419
31,2039,310685,280734,591419
32,2039,310685,280734,591419
33,2039,310685,280734,591419
34,2039,310685,280734,591419
35,2039,310685,280734,591419
36,2039,310685,280734,591419
37,2039,310706,280734,591440
38,2039,310706,280734,591440
39,2039,310706,280734,591440
40,2039,310706,280734,591440
41,2039,311060,280758,591818
42,2039,311060,280758,591818
43,2039,311060,280758,591818
44,2039,310515,280639,591154
45,2039,310515,280639,591154
46,2039,310557,280639,591196
47,2039,310557,280639,591196
48,2039,310557,280639,591196
49,2039,310557,280639,591196
50,2039,310557,280639,591196
51,2039,310557,280639,591196
52,2039,310557,280639,591196
53,2039,310557,280639,591196
54,2039,310557,280639,591196
55,2039,310557,280639,591196
56,2039,310557,280639,591196
57,2039,310557,280639,591196
58,2039,310557,280639,591196
59,2039,310557,280639,591196
60,2039,310557,280639,591196
61,2039,310557,280639,591196
62,2039,310557,280639,591196
63,2039,310910,280639,591549
64,2039,310761,280639,591400
65,2039,311033,280639,591672
66,2039,311135,280672,591807
67,2039,310932,280639,591571
68,2039,311116,280771,591887
69,2039,311041,280703,591744
70,2039,310992,280666,591658
71,2039,310516,280639,591155
72,2039,310473,280639,591112
73,2039,311008,280697,591705
74,2039,311008,280697,591705
75,2039,311008,280697,591705
76,2039,311008,280697,591705
77,2039,311008,280697,591705
78,2039,314470,302480,616950
79,2039,314144,302411,616555
80,2039,314352,302829,617181
81,2039,316242,304224,620466
82,2039,316242,304224,620466
83,2039,316242,304224,620466
84,2039,316242,304224,620466
85,2039,316242,304224,620466
86,2039,316242,304224,620466
87,2039,316242,304224,620466
88,2039,316242,304224,620466
89,2039,316242,304224,620466
90,2039,316242,304224,620466
91,2039,316242,304224,620466
92,2039,316242,304224,620466
93,2039,316242,304224,620466
94,2039,316242,304224,620466
95,2039,316242,304224,620466
96,2039,316242,304224,620466
97,2039,316242,304224,620466
98,2039,316242,304224,620466
99,2039,316242,304224,620466
100,2039,316242,304224,620466
0,2039,289139,272661,561800
1,2039,289139,272661,561800
2,2039,289140,272661,561801
3,2039,289119,272764,561883
4,2039,289360,272455,561815
5,2039,290329,273837,564166
6,2039,290582,275044,565626
7,2039,290513,275001,565514
8,2039,291822,275327,567149
9,2039,292040,275205,567245
10,2039,290765,275121,565886
11,2039,291646,275629,567275
12,2039,292463,275852,568315
13,2039,293960,275907,569867
14,2039,294086,274870,568956
15,2039,297101,275906,573007
16,2039,295988,275549,571537
17,2039,299178,275915,575093
18,2039,303074,277430,580504
19,2039,305532,280384,585916
20,2039,307797,280492,588289
21,2039,309263,280395,589658
22,2039,309846,280601,590447
23,2039,310066,280601,590667
24,2039,310068,280601,590669
25,2039,310068,280601,590669
26,2039,310068,280601,590669
27,2039,310068,280601,590669
28,2039,310068,280601,590669
29,2039,310068,280601,590669
30,2039,310068,280601,590669
31,2039,310068,280601,590669
32,2039,310068,280601,590669
33,2039,310068,280601,590669
34,2039,310068,280601,590669
35,2039,310068,280601,590669
36,2039,310068,280601,590669
37,2039,310106,280601,590707
38,2039,310106,280601,590707
39,2039,310106,280601,590707
40,2039,310106,280601,590707
41,2039,310504,280601,591105
42,2039,310504,280601,591105
43,2039,310504,280601,591105
44,2039,310371,280615,590986
45,2039,310371,280615,590986
46,2039,310431,280601,591032
47,2039,310431,280601,591032
48,2039,310431,280601,591032
49,2039,310431,280601,591032
50,2039,310431,280601,591032
51,2039,310431,280601,591032
52,2039,310431,280601,591032
53,2039,310431,280601,591032
54,2039,310431,280601,591032
55,2039,310431,280601,591032
56,2039,310431,280601,591032
57,2039,310431,280601,591032
58,2039,310431,280601,591032
59,2039,310431,280601,591032
60,2039,310425,280601,591026
61,2039,310396,280601,590997
62,2039,310384,280601,590985
63,2039,310452,280601,591053
64,2039,310622,280615,591237
65,2039,310565,280615,591180
66,2039,310466,280601,591067
67,2039,310560,280601,591161
68,2039,310503,280601,591104
69,2039,310459,280601,591060
70,2039,310415,280601,591016
71,2039,310321,280601,590922
72,2039,310394,280611,591005
73,2039,310297,280601,590898
74,2039,310297,280601,590898
75,2039,310297,280601,590898
76,2039,310297,280601,590898
77,2039,310297,280601,590898
78,2039,316765,303090,619855
79,2039,316576,303067,619643
80,2039,316701,303735,620436
81,2039,316971,305349,622320
82,2039,316971,305349,622320
83,2039,316971,305349,622320
84,2039,316971,305349,622320
85,2039,316971,305349,622320
86,2039,316971,305349,622320
87,2039,316971,305349,622320
88,2039,316971,305349,622320
89,2039,316971,305349,622320
90,2039,316971,305349,622320
91,2039,316971,305349,622320
92,2039,316971,305349,622320
93,2039,316971,305349,622320
94,2039,316971,305349,622320
95,2039,316971,305349,622320
96,2039,316971,305349,622320
97,2039,316971,305349,622320
98,2039,316971,305349,622320
99,2039,316971,305349,622320
100,2039,316971,305349,622320
0,2039,290394,273022,563416
1,2039,290394,272960,563354
2,2039,290359,272960,563319
3,2039,290259,272886,563145
4,2039,290454,272808,563262
5,2039,291611,274441,566052
6,2039,290844,274238,565082
7,2039,290993,274439,565432
8,2039,292558,275788,568346
9,2039,292683,276220,568903
10,2039,290916,274282,565198
11,2039,292270,275799,568069
12,2039,292527,276121,568648
13,2039,293904,275836,569740
14,2039,293814,275619,569433
15,2039,296491,275550,572041
16,2039,296013,275404,571417
17,2039,300549,276014,576563
18,2039,303703,277256,580959
19,2039,304886,279668,584554
20,2039,307763,280642,588405
21,2039,308577,280432,589009
22,2039,309209,280601,589810
23,2039,309657,280601,590258
24,2039,309658,280601,590259
25,2039,309658,280601,590259
26,2039,309658,280601,590259
27,2039,309658,280601,590259
28,2039,309658,280601,590259
29,2039,309658,280601,590259
30,2039,309658,280601,590259
31,2039,309658,280601,590259
32,2039,309658,280601,590259
33,2039,309658,280601,590259
34,2039,309658,280601,590259
35,2039,309658,280601,590259
36,2039,309658,280601,590259
37,2039,309666,280681,590347
38,2039,309666,280681,590347
39,2039,309666,280681,590347
40,2039,309666,280681,590347
41,2039,310400,280705,591105
42,2039,310400,280705,591105
43,2039,310400,280705,591105
44,2039,310418,280719,591137
45,2039,310418,280719,591137
46,2039,310454,280719,591173
47,2039,310454,280719,591173
48,2039,310454,280719,591173
49,2039,310454,280719,591173
50,2039,310454,280719,591173
51,2039,310454,280719,591173
52,2039,310454,280719,591173
53,2039,310454,280719,591173
54,2039,310454,280719,591173
55,2039,310454,280719,591173
56,2039,310454,280719,591173
57,2039,310454,280719,591173
58,2039,310454,280719,591173
59,2039,310454,280719,591173
60,2039,310454,280719,591173
61,2039,310425,280719,591144
62,2039,310355,280719,591074
63,2039,310557,280719,591276
64,2039,310622,280709,591331
65,2039,310657,280709,591366
66,2039,310551,280719,591270
67,2039,310578,280709,591287
68,2039,310595,280719,591314
69,2039,310527,280719,591246
70,2039,310501,280719,591220
71,2039,310167,280719,590886
72,2039,310365,280719,591084
73,2039,310097,280705,590802
74,2039,310097,280705,590802
75,2039,310097,280705,590802
76,2039,310097,280705,590802
77,2039,310097,280705,590802
78,2039,316031,304649,620680
79,2039,316015,304523,620538
80,2039,316491,304884,621375
81,2039,317021,307179,624200
82,2039,317021,307179,624200
83,2039,317021,307179,624200
84,2039,317021,307179,624200
85,2039,317021,307179,624200
86,2039,317021,307179,624200
87,2039,317021,307179,624200
88,2039,317021,307179,624200
89,2039,317021,307179,624200
90,2039,317021,307179,624200
91,2039,317021,307179,624200
92,2039,317021,307179,624200
93,2039,317021,307179,624200
94,2039,317021,307179,624200
95,2039,317021,307179,624200
96,2039,317021,307179,624200
97,2039,317021,307179,624200
98,2039,317021,307179,624200
99,2039,317021,307179,624200
100,2039,317021,307179,624200
0,2039,291389,273588,564977
1,2039,291361,273588,564949
2,2039,291342,273588,564930
3,2039,290486,273473,563959
4,2039,291427,273538,564965
5,2039,292690,275544,568234
6,2039,291841,274747,566588
7,2039,291918,275199,567117
8,2039,292254,275800,568054
9,2039,291248,275379,566627
10,2039,292120,274848,566968
11,2039,292386,276244,568630
12,2039,292471,275750,568221
13,2039,293842,275635,569477
14,2039,294684,275923,570607
15,2039,295202,274951,570153
16,2039,296309,275544,571853
17,2039,300680,275961,576641
18,2039,306176,277396,583572
19,2039,304844,279082,583926
20,2039,307760,280252,588012
21,2039,308575,280608,589183
22,2039,309265,280695,589960
23,2039,309759,280695,590454
24,2039,309761,280695,590456
25,2039,309761,280695,590456
26,2039,309761,280695,590456
27,2039,309761,280695,590456
28,2039,309761,280695,590456
29,2039,309761,280695,590456
30,2039,309761,280695,590456
31,2039,309761,280695,590456
32,2039,309761,280695,590456
33,2039,309761,280695,590456
34,2039,309761,280695,590456
35,2039,309761,280695,590456
36,2039,309761,280695,590456
37,2039,309760,280695,590455
38,2039,309760,280695,590455
39,2039,309760,280695,590455
40,2039,309760,280695,590455
41,2039,310532,280719,591251
42,2039,310532,280719,591251
43,2039,310532,280719,591251
44,2039,310612,280709,591321
45,2039,310612,280709,591321
46,2039,310612,280709,591321
47,2039,310612,280709,591321
48,2039,310612,280709,591321
49,2039,310612,280709,591321
50,2039,310612,280709,591321
51,2039,310612,280709,591321
52,2039,310612,280709,591321
53,2039,310612,280709,591321
54,2039,310612,280709,591321
55,2039,310612,280709,591321
56,2039,310612,280709,591321
57,2039,310612,280709,591321
58,2039,310612,280709,591321
59,2039,310612,280709,591321
60,2039,310612,280709,591321
61,2039,310583,280709,591292
62,2039,310342,280719,591061
63,2039,310663,280709,591372
64,2039,310791,280709,591500
65,2039,310817,280709,591526
66,2039,310711,280709,591420
67,2039,310719,280709,591428
68,2039,310627,280709,591336
69,2039,310569,280709,591278
70,2039,310553,280709,591262
71,2039,310114,280719,590833
72,2039,310402,280719,591121
73,2039,310099,280695,590794
74,2039,310099,280695,590794
75,2039,310099,280695,590794
76,2039,310099,280695,590794
77,2039,310099,280695,590794
78,2039,316416,306500,622916
79,2039,316414,306851,623265
80,2039,317112,306603,623715
81,2039,320548,305311,625859
82,2039,320548,305311,625859
83,2039,320548,305311,625859
84,2039,320548,305311,625859
85,2039,320548,305311,625859
86,2039,320548,305311,625859
87,2039,320548,305311,625859
88,2039,320548,305311,625859
89,2039,320548,305311,625859
90,2039,320548,305311,625859
91,2039,320548,305311,625859
92,2039,320548,305311,625859
93,2039,320548,305311,625859
94,2039,320548,305311,625859
95,2039,320548,305311,625859
96,2039,320548,305311,625859
97,2039,320548,305311,625859
98,2039,320548,305311,625859
99,2039,320548,305311,625859
100,2039,320548,305311,625859
0,2039,292751,275522,568273
1,2039,292768,275518,568286
2,2039,292769,275518,568287
3,2039,291789,274356,566145
4,2039,293025,274710,567735
5,2039,292813,276399,569212
6,2039,292765,276223,568988
7,2039,292672,276268,568940
8,2039,292330,276276,568606
9,2039,291393,275989,567382
10,2039,292673,276157,568830
11,2039,291584,275622,567206
12,2039,292581,275830,568411
13,2039,294134,275933,570067
14,2039,295041,276344,571385
15,2039,297727,275310,573037
16,2039,296109,275747,571856
17,2039,313874,275931,589805
18,2039,305144,277547,582691
19,2039,305947,279202,585149
20,2039,308539,280233,588772
21,2039,309150,280634,589784
22,2039,309340,280727,590067
23,2039,309735,280695,590430
24,2039,309736,280695,590431
25,2039,309736,280695,590431
26,2039,309736,280695,590431
27,2039,309736,280695,590431
28,2039,309736,280695,590431
29,2039,309736,280695,590431
30,2039,309736,280695,590431
31,2039,309736,280695,590431
32,2039,309736,280695,590431
33,2039,309736,280695,590431
34,2039,309736,280695,590431
35,2039,309736,280695,590431
36,2039,309736,280695,590431
37,2039,309736,280695,590431
38,2039,309736,280695,590431
39,2039,309736,280695,590431
40,2039,309736,280695,590431
41,2039,310615,280709,591324
42,2039,310615,280709,591324
43,2039,310615,280709,591324
44,2039,310580,280709,591289
45,2039,310580,280709,591289
46,2039,310589,280709,591298
47,2039,310589,280709,591298
48,2039,310589,280709,591298
49,2039,310589,280709,591298
50,2039,310589,280709,591298
51,2039,310589,280709,591298
52,2039,310589,280709,591298
53,2039,310589,280709,591298
54,2039,310589,280709,591298
55,2039,310589,280709,591298
56,2039,310589,280709,591298
57,2039,310589,280709,591298
58,2039,310589,280709,591298
59,2039,310589,280709,591298
60,2039,310589,280709,591298
61,2039,310560,280709,591269
62,2039,310362,280719,591081
63,2039,310688,280709,591397
64,2039,310777,280709,591486
65,2039,310815,280709,591524
66,2039,310706,280709,591415
67,2039,310743,280709,591452
68,2039,310757,280709,591466
69,2039,310692,280709,591401
70,2039,310676,280709,591385
71,2039,310183,280695,590878
72,2039,310549,280719,591268
73,2039,310133,280695,590828
74,2039,310133,280695,590828
75,2039,310133,280695,590828
76,2039,310133,280695,590828
77,2039,310133,280695,590828
78,2039,319143,305453,624596
79,2039,319327,305676,625003
80,2039,319274,305068,624342
81,2039,318978,306401,625379
82,2039,318978,306401,625379
83,2039,318978,306401,625379
84,2039,318978,306401,625379
85,2039,318978,306401,625379
86,2039,318978,306401,625379
87,2039,318978,306401,625379
88,2039,318978,306401,625379
89,2039,318978,306401,625379
90,2039,318978,306401,625379
91,2039,318978,306401,625379
92,2039,318978,306401,625379
93,2039,318978,306401,625379
94,2039,318978,306401,625379
95,2039,318978,306401,625379
96,2039,318978,306401,625379
97,2039,318978,306401,625379
98,2039,318978,306401,625379
99,2039,318978,306401,625379
100,2039,318978,306401,625379
0,2039,292327,275510,567837
1,2039,292327,275659,567986
2,2039,292320,275647,567967
3,2039,292875,275527,568402
4,2039,292828,275721,568549
5,2039,291154,274409,565563
6,2039,291431,275516,566947
7,2039,291405,275336,566741
8,2039,290990,275061,566051
9,2039,292128,275695,567823
10,2039,291559,275769,567328
11,2039,291377,275586,566963
12,2039,293155,276000,569155
13,2039,294189,275958,570147
14,2039,295769,275717,571486
15,2039,297153,275649,572802
16,2039,295944,275372,571316
17,2039,307331,276682,584013
18,2039,304499,277441,581940
19,2039,307335,279222,586557
20,2039,309367,280247,589614
21,2039,309425,280514,589939
22,2039,309452,280752,590204
23,2039,309762,280695,590457
24,2039,309764,280695,590459
25,2039,309764,280695,590459
26,2039,309764,280695,590459
27,2039,309764,280695,590459
28,2039,309764,280695,590459
29,2039,309764,280695,590459
30,2039,309764,280695,590459
31,2039,309764,280695,590459
32,2039,309764,280695,590459
33,2039,309764,280695,590459
34,2039,309764,280695,590459
35,2039,309764,280695,590459
36,2039,309764,280695,590459
37,2039,309738,280695,590433
38,2039,309738,280695,590433
39,2039,309738,280695,590433
40,2039,309738,280695,590433
41,2039,310581,280709,591290
42,2039,310581,280709,591290
43,2039,310581,280709,591290
44,2039,310522,280709,591231
45,2039,310522,280709,591231
46,2039,310522,280709,591231
47,2039,310522,280709,591231
48,2039,310522,280709,591231
49,2039,310522,280709,591231
50,2039,310522,280709,591231
51,2039,310522,280709,591231
52,2039,310522,280709,591231
53,2039,310522,280709,591231
54,2039,310522,280709,591231
55,2039,310522,280709,591231
56,2039,310522,280709,591231
57,2039,310522,280709,591231
58,2039,310522,280709,591231
59,2039,310522,280709,591231
60,2039,310522,280709,591231
61,2039,310493,280709,591202
62,2039,310500,280719,591219
63,2039,310622,280709,591331
64,2039,310711,280709,591420
65,2039,310854,280709,591563
66,2039,310736,280709,591445
67,2039,310677,280709,591386
68,2039,310743,280709,591452
69,2039,310668,280709,591377
70,2039,310642,280709,591351
71,2039,310117,280719,590836
72,2039,310404,280709,591113
73,2039,310176,280695,590871
74,2039,310176,280695,590871
75,2039,310176,280695,590871
76,2039,310176,280695,590871
77,2039,310176,280695,590871
78,2039,317218,306629,623847
79,2039,317604,306070,623674
80,2039,317715,306312,624027
81,2039,319435,304795,624230
82,2039,319435,304795,624230
83,2039,319435,304795,624230
84,2039,319435,304795,624230
85,2039,319435,304795,624230
86,2039,319435,304795,624230
87,2039,319435,304795,624230
88,2039,319435,304795,624230
89,2039,319435,304795,624230
90,2039,319435,304795,624230
91,2039,319435,304795,624230
92,2039,319435,304795,624230
93,2039,319435,304795,624230
94,2039,319435,304795,624230
95,2039,319435,304795,624230
96,2039,319435,304795,624230
97,2039,319435,304795,624230
98,2039,319435,304795,624230
99,2039,319435,304795,624230
100,2039,319435,304795,624230
0,2039,292237,275533,567770
1,2039,292258,275489,567747
2,2039,292255,275489,567744
3,2039,292520,275565,568085
4,2039,292646,275922,568568
5,2039,290941,274761,565702
6,2039,291650,275540,567190
7,2039,291571,275602,567173
8,2039,290150,274568,564718
9,2039,292443,275886,568329
10,2039,291915,275595,567510
11,2039,292561,275926,568487
12,2039,293011,276402,569413
13,2039,293947,275772,569719
14,2039,294479,275523,570002
15,2039,297722,275788,573510
16,2039,296132,275359,571491
17,2039,303346,276680,580026
18,2039,304374,277451,581825
19,2039,307952,279352,587304
20,2039,309700,280525,590225
21,2039,308980,280464,589444
22,2039,309470,280601,590071
23,2039,309775,280616,590391
24,2039,309777,280616,590393
25,2039,309777,280616,590393
26,2039,309777,280616,590393
27,2039,309777,280616,590393
28,2039,309777,280616,590393
29,2039,309777,280616,590393
30,2039,309777,280616,590393
31,2039,309777,280616,590393
32,2039,309777,280616,590393
33,2039,309777,280616,590393
34,2039,309777,280616,590393
35,2039,309777,280616,590393
36,2039,309777,280616,590393
37,2039,309777,280616,590393
38,2039,309777,280616,590393
39,2039,309777,280616,590393
40,2039,309777,280616,590393
41,2039,310522,280709,591231
42,2039,310522,280709,591231
43,2039,310522,280709,591231
44,2039,310523,280709,591232
45,2039,310523,280709,591232
46,2039,310523,280709,591232
47,2039,310523,280709,591232
48,2039,310523,280709,591232
49,2039,310523,280709,591232
50,2039,310523,280709,591232
51,2039,310523,280709,591232
52,2039,310523,280709,591232
53,2039,310523,280709,591232
54,2039,310523,280709,591232
55,2039,310523,280709,591232
56,2039,310523,280709,591232
57,2039,310523,280709,591232
58,2039,310523,280709,591232
59,2039,310523,280709,591232
60,2039,310523,280709,591232
61,2039,310494,280709,591203
62,2039,310481,280709,591190
63,2039,310622,280709,591331
64,2039,310711,280709,591420
65,2039,310728,280709,591437
66,2039,310677,280709,591386
67,2039,310677,280709,591386
68,2039,310677,280709,591386
69,2039,310602,280709,591311
70,2039,310576,280709,591285
71,2039,310117,280695,590812
72,2039,310481,280719,591200
73,2039,310143,280719,590862
74,2039,310143,280719,590862
75,2039,310143,280719,590862
76,2039,310143,280719,590862
77,2039,310143,280719,590862
78,2039,319280,304872,624152
79,2039,317218,306403,623621
80,2039,318885,305538,624423
81,2039,315816,304901,620717
82,2039,315816,304901,620717
83,2039,315816,304901,620717
84,2039,315816,304901,620717
85,2039,315816,304901,620717
86,2039,315816,304901,620717
87,2039,315816,304901,620717
88,2039,315816,304901,620717
89,2039,315816,304901,620717
90,2039,315816,304901,620717
91,2039,315816,304901,620717
92,2039,315816,304901,620717
93,2039,315816,304901,620717
94,2039,315816,304901,620717
95,2039,315816,304901,620717
96,2039,315816,304901,620717
97,2039,315816,304901,620717
98,2039,315816,304901,620717
99,2039,315816,304901,620717
100,2039,315816,304901,620717
0,2039,292050,274642,566692
1,2039,291992,274566,566558
2,2039,292049,274566,566615
3,2039,292288,275393,567681
4,2039,292350,275433,567783
5,2039,291665,275418,567083
6,2039,292616,275683,568299
7,2039,292591,275714,568305
8,2039,289388,272724,562112
9,2039,292120,275796,567916
10,2039,292494,275697,568191
11,2039,292571,276455,569026
12,2039,292461,275605,568066
13,2039,293891,275625,569516
14,2039,294576,275565,570141
15,2039,296947,275357,572304
16,2039,296197,275623,571820
17,2039,302139,276579,578718
18,2039,304368,277408,581776
19,2039,309074,279536,588610
20,2039,308796,280425,589221
21,2039,308818,280514,589332
22,2039,309431,280601,590032
23,2039,309749,280616,590365
24,2039,309751,280616,590367
25,2039,309751,280616,590367
26,2039,309751,280616,590367
27,2039,309751,280616,590367
28,2039,309751,280616,590367
29,2039,309751,280616,590367
30,2039,309751,280616,590367
31,2039,309751,280616,590367
32,2039,309751,280616,590367
33,2039,309751,280616,590367
34,2039,309751,280616,590367
35,2039,309751,280616,590367
36,2039,309751,280616,590367
37,2039,309751,280616,590367
38,2039,309751,280616,590367
39,2039,309751,280616,590367
40,2039,309751,280616,590367
41,2039,310523,280709,591232
42,2039,310523,280709,591232
43,2039,310523,280709,591232
44,2039,310523,280709,591232
45,2039,310523,280709,591232
46,2039,310523,280709,591232
47,2039,310523,280709,591232
48,2039,310523,280709,591232
49,2039,310523,280709,591232
50,2039,310523,280709,591232
51,2039,310523,280709,591232
52,2039,310523,280709,591232
53,2039,310523,280709,591232
54,2039,310523,280709,591232
55,2039,310523,280709,591232
56,2039,310523,280709,591232
57,2039,310523,280709,591232
58,2039,310523,280709,591232
59,2039,310523,280709,591232
60,2039,310523,280709,591232
61,2039,310502,280709,591211
62,2039,310533,280709,591242
63,2039,310629,280709,591338
64,2039,310711,280709,591420
65,2039,310748,280709,591457
66,2039,310677,280709,591386
67,2039,310677,280709,591386
68,2039,310677,280709,591386
69,2039,310602,280709,591311
70,2039,310576,280709,591285
71,2039,310117,280695,590812
72,2039,310465,280709,591174
73,2039,310117,280719,590836
74,2039,310117,280719,590836
75,2039,310117,280719,590836
76,2039,310117,280719,590836
77,2039,310117,280719,590836
78,2039,317018,305496,622514
79,2039,319763,304916,624679
80,2039,316558,305659,622217
81,2039,315093,304229,619322
82,2039,315093,304229,619322
83,2039,315093,304229,619322
84,2039,315093,304229,619322
85,2039,315093,304229,619322
86,2039,315093,304229,619322
87,2039,315093,304229,619322
88,2039,315093,304229,619322
89,2039,315093,304229,619322
90,2039,315093,304229,619322
91,2039,315093,304229,619322
92,2039,315093,304229,619322
93,2039,315093,304229,619322
94,2039,315093,304229,619322
95,2039,315093,304229,619322
96,2039,315093,304229,619322
97,2039,315093,304229,619322
98,2039,315093,304229,619322
99,2039,315093,304229,619322
100,2039,315093,304229,619322
0,2039,292467,275809,568276
1,2039,292460,275777,568237
2,2039,292457,275777,568234
3,2039,292245,275154,567399
4,2039,292274,275644,567918
5,2039,292620,276606,569226
6,2039,292731,276392,569123
7,2039,292547,276434,568981
8,2039,290424,273014,563438
9,2039,292125,275680,567805
10,2039,292649,276206,568855
11,2039,291627,275325,566952
12,2039,292214,276093,568307
13,2039,294275,275933,570208
14,2039,294898,275677,570575
15,2039,296696,275498,572194
16,2039,296083,275608,571691
17,2039,302392,276114,578506
18,2039,304800,277408,582208
19,2039,308341,280112,588453
20,2039,308246,280444,588690
21,2039,308721,280514,589235
22,2039,309400,280616,590016
23,2039,309775,280616,590391
24,2039,309777,280616,590393
25,2039,309777,280616,590393
26,2039,309777,280616,590393
27,2039,309777,280616,590393
28,2039,309777,280616,590393
29,2039,309777,280616,590393
30,2039,309777,280616,590393
31,2039,309777,280616,590393
32,2039,309777,280616,590393
33,2039,309777,280616,590393
34,2039,309777,280616,590393
35,2039,309777,280616,590393
36,2039,309777,280616,590393
37,2039,309751,280616,590367
38,2039,309751,280616,590367
39,2039,309751,280616,590367
40,2039,309751,280616,590367
41,2039,310523,280709,591232
42,2039,310523,280709,591232
43,2039,310523,280709,591232
44,2039,310523,280709,591232
45,2039,310523,280709,591232
46,2039,310523,280709,591232
47,2039,310523,280709,591232
48,2039,310523,280709,591232
49,2039,310523,280709,591232
50,2039,310523,280709,591232
51,2039,310523,280709,591232
52,2039,310523,280709,591232
53,2039,310523,280709,591232
54,2039,310523,280709,591232
55,2039,310523,280709,591232
56,2039,310523,280709,591232
57,2039,310523,280709,591232
58,2039,310523,280709,591232
59,2039,310523,280709,591232
60,2039,310523,280709,591232
61,2039,310502,280709,591211
62,2039,310490,280709,591199
63,2039,310629,280709,591338
64,2039,310711,280709,591420
65,2039,310728,280709,591437
66,2039,310677,280709,591386
67,2039,310677,280709,591386
68,2039,310677,280709,591386
69,2039,310609,280709,591318
70,2039,310583,280709,591292
71,2039,310117,280695,590812
72,2039,310465,280709,591174
73,2039,310117,280695,590812
74,2039,310117,280695,590812
75,2039,310117,280695,590812
76,2039,310117,280695,590812
77,2039,310117,280695,590812
78,2039,315589,306728,622317
79,2039,317850,304290,622140
80,2039,315286,304700,619986
81,2039,313486,303270,616756
82,2039,313486,303270,616756
83,2039,313486,303270,616756
84,2039,313486,303270,616756
85,2039,313486,303270,616756
86,2039,313486,303270,616756
87,2039,313486,303270,616756
88,2039,313486,303270,616756
89,2039,313486,303270,616756
90,2039,313486,303270,616756
91,2039,313486,303270,616756
92,2039,313486,303270,616756
93,2039,313486,303270,616756
94,2039,313486,303270,616756
95,2039,313486,303270,616756
96,2039,313486,303270,616756
97,2039,313486,303270,616756
98,2039,313486,303270,616756
99,2039,313486,303270,616756
100,2039,313486,303270,616756
0,2039,268277,238812,507089
1,2039,268277,238812,507089
2,2039,268293,238817,507110
3,2039,270764,238817,509581
4,2039,268282,244004,512286
5,2039,264854,243460,508314
6,2039,266245,239743,505988
7,2039,266245,244465,510710
8,2039,265611,244670,510281
9,2039,268547,244670,513217
10,2039,291207,275214,566421
11,2039,291288,275553,566841
12,2039,268588,244321,512909
13,2039,294152,276089,570241
14,2039,267981,264069,532050
15,2039,278552,264734,543286
16,2039,296009,275276,571285
17,2039,302923,294350,597273
18,2039,306353,293540,599893
19,2039,310336,296803,607139
20,2039,309304,294486,603790
21,2039,309855,293875,603730
22,2039,311399,294006,605405
23,2039,311830,301724,613554
24,2039,313226,303708,616934
25,2039,356439,378118,734557
26,2039,468351,459401,927752
27,2039,471848,458204,930052
28,2039,471848,458204,930052
29,2039,471848,458204,930052
30,2039,474205,459209,933414
31,2039,471254,459778,931032
32,2039,474070,458903,932973
33,2039,474168,458903,933071
34,2039,477391,463686,941077
35,2039,478055,465595,943650
36,2039,479666,469676,949342
37,2039,480425,470591,951016
38,2039,481291,474292,955583
39,2039,482539,474625,957164
40,2039,484660,478430,963090
41,2039,484855,480287,965142
42,2039,485053,483142,968195
43,2039,356318,378640,734958
44,2039,356457,378690,735147
45,2039,356519,378690,735209
46,2039,356519,378690,735209
47,2039,357200,378690,735890
48,2039,357200,378690,735890
49,2039,357200,378690,735890
50,2039,357200,378690,735890
51,2039,357213,378690,735903
52,2039,356633,378690,735323
53,2039,357213,378690,735903
54,2039,357213,378690,735903
55,2039,357213,378690,735903
56,2039,315852,305769,621621
57,2039,315852,305769,621621
58,2039,315852,305769,621621
59,2039,315709,305769,621478
60,2039,315709,305769,621478
61,2039,320552,305956,626508
62,2039,320552,305956,626508
63,2039,316506,306017,622523
64,2039,315983,305769,621752
65,2039,315983,305769,621752
66,2039,315983,305769,621752
67,2039,313017,304841,617858
68,2039,283134,304564,587698
69,2039,282997,304318,587315
70,2039,277638,304160,581798
71,2039,269925,307458,577383
72,2039,282653,304318,586971
73,2039,269850,305097,574947
74,2039,270221,305097,575318
75,2039,270219,305296,575515
76,2039,272545,304520,577065
77,2039,282638,278840,561478
78,2039,318501,302774,621275
79,2039,308030,299453,607483
80,2039,307552,292289,599841
81,2039,307239,296151,603390
82,2039,306628,202690,509318
83,2039,306628,202690,509318
84,2039,306628,202780,509408
85,2039,306628,206240,512868
86,2039,306628,197748,504376
87,2039,306628,195285,501913
88,2039,306628,195285,501913
89,2039,306628,195285,501913
90,2039,306628,195285,501913
91,2039,306628,195285,501913
92,2039,306628,195285,501913
93,2039,306628,195285,501913
94,2039,306628,195285,501913
95,2039,306628,195285,501913
96,2039,306628,195285,501913
97,2039,306628,195285,501913
98,2039,306628,195285,501913
99,2039,306628,195285,501913
100,2039,306628,195285,501913
0,2039,265786,223510,489296
1,2039,265496,225211,490707
2,2039,265458,236736,502194
3,2039,265726,227113,492839
4,2039,265139,236849,501988
5,2039,261714,237483,499197
6,2039,272566,237703,510269
7,2039,270870,237674,508544
8,2039,261069,237674,498743
9,2039,269746,269504,539250
10,2039,291191,275417,566608
11,2039,292570,276264,568834
12,2039,292164,276165,568329
13,2039,293667,275662,569329
14,2039,293186,276022,569208
15,2039,283250,272855,556105
16,2039,269617,265135,534752
17,2039,306129,296047,602176
18,2039,309065,295671,604736
19,2039,311247,294438,605685
20,2039,311397,293298,604695
21,2039,310717,294166,604883
22,2039,311843,296403,608246
23,2039,315037,301261,616298
24,2039,315770,304093,619863
25,2039,361561,380613,742174
26,2039,365256,402172,767428
27,2039,365256,402172,767428
28,2039,472406,463088,935494
29,2039,472406,463088,935494
30,2039,471543,462240,933783
31,2039,470562,461010,931572
32,2039,474734,463211,937945
33,2039,474824,463211,938035
34,2039,475184,463970,939154
35,2039,476680,465745,942425
36,2039,481679,472721,954400
37,2039,481674,473315,954989
38,2039,482715,475630,958345
39,2039,483880,475935,959815
40,2039,486370,479386,965756
41,2039,486593,481283,967876
42,2039,486570,484046,970616
43,2039,485085,483993,969078
44,2039,361908,381135,743043
45,2039,361908,381135,743043
46,2039,361908,381135,743043
47,2039,361966,381134,743100
48,2039,361966,381134,743100
49,2039,361966,381134,743100
50,2039,361966,381134,743100
51,2039,361966,381134,743100
52,2039,361966,381135,743101
53,2039,361966,381134,743100
54,2039,484550,486261,970811
55,2039,361966,381134,743100
56,2039,356462,378690,735152
57,2039,322619,306148,628767
58,2039,321742,308966,630708
59,2039,317946,305941,623887
60,2039,317946,305941,623887
61,2039,320173,306212,626385
62,2039,322443,305763,628206
63,2039,345118,372476,717594
64,2039,321131,307062,628193
65,2039,318583,305931,624514
66,2039,284773,307055,591828
67,2039,318625,307803,626428
68,2039,284945,306826,591771
69,2039,271115,306412,577527
70,2039,268332,306412,574744
71,2039,266768,312411,579179
72,2039,268561,306574,575135
73,2039,267508,306991,574499
74,2039,267179,305930,573109
75,2039,267038,305821,572859
76,2039,266863,305108,571971
77,2039,268283,305654,573937
78,2039,314484,303664,618148
79,2039,308762,258711,567473
80,2039,309099,246506,555605
81,2039,308306,229285,537591
82,2039,308882,200618,509500
83,2039,308882,200618,509500
84,2039,308882,200618,509500
85,2039,308882,201495,510377
86,2039,308882,195178,504060
87,2039,308882,193070,501952
88,2039,308882,193070,501952
89,2039,308882,193070,501952
90,2039,308882,193070,501952
91,2039,308882,193070,501952
92,2039,308882,193070,501952
93,2039,308882,193070,501952
94,2039,308882,193070,501952
95,2039,308882,193070,501952
96,2039,308882,193070,501952
97,2039,308882,193070,501952
98,2039,308882,193070,501952
99,2039,308882,193070,501952
100,2039,308882,193070,501952
0,2039,284661,273612,558273
1,2039,260425,236818,497243
2,2039,275214,237279,512493
3,2039,275270,237021,512291
4,2039,269364,237214,506578
5,2039,257083,237576,494659
6,2039,262486,237720,500206
7,2039,261689,244955,506644
8,2039,258018,244873,502891
9,2039,259348,245414,504762
10,2039,269214,244052,513266
11,2039,269083,244321,513404
12,2039,293717,282968,576685
13,2039,293958,275737,569695
14,2039,296263,295491,591754
15,2039,294326,297103,591429
16,2039,284718,273064,557782
17,2039,301924,291800,593724
18,2039,302071,293759,595830
19,2039,302359,292311,594670
20,2039,304670,291431,596101
21,2039,313121,297841,610962
22,2039,311758,293361,605119
23,2039,316192,301813,618005
24,2039,316319,304935,621254
25,2039,312871,322994,635865
26,2039,302405,320679,623084
27,2039,319571,335721,655292
28,2039,361180,371541,732721
29,2039,476034,464182,940216
30,2039,475887,463657,939544
31,2039,475778,464448,940226
32,2039,476672,464139,940811
33,2039,477034,464139,941173
34,2039,477061,464645,941706
35,2039,479019,467219,946238
36,2039,482317,474669,956986
37,2039,482394,474951,957345
38,2039,483746,476763,960509
39,2039,485026,477100,962126
40,2039,486466,481697,968163
41,2039,486619,482936,969555
42,2039,486653,486014,972667
43,2039,486579,485418,971997
44,2039,485138,484241,969379
45,2039,424290,426508,850798
46,2039,357815,369971,727786
47,2039,308925,323359,632284
48,2039,303287,319147,622434
49,2039,313118,323260,636378
50,2039,310964,323321,634285
51,2039,306517,322130,628647
52,2039,303657,322352,626009
53,2039,303657,322352,626009
54,2039,364047,371003,735050
55,2039,306074,318885,624959
56,2039,361785,380903,742688
57,2039,356217,378430,734647
58,2039,322407,305760,628167
59,2039,319341,306405,625746
60,2039,318611,306428,625039
61,2039,318317,305582,623899
62,2039,322313,305750,628063
63,2039,307565,318153,625718
64,2039,322273,305760,628033
65,2039,322430,306345,628775
66,2039,321025,307441,628466
67,2039,317907,306772,624679
68,2039,318344,307787,626131
69,2039,269399,307188,576587
70,2039,267969,307199,575168
71,2039,265915,308746,574661
72,2039,266478,307199,573677
73,2039,266374,306871,573245
74,2039,266161,306190,572351
75,2039,265587,305580,571167
76,2039,268660,303652,572312
77,2039,285865,305542,591407
78,2039,312925,303956,616881
79,2039,283729,244916,528645
80,2039,283817,245015,528832
81,2039,283667,238029,521696
82,2039,282483,226730,509213
83,2039,282483,200874,483357
84,2039,282483,200874,483357
85,2039,282483,201740,484223
86,2039,282483,195188,477671
87,2039,282483,192711,475194
88,2039,282483,192711,475194
89,2039,282483,192711,475194
90,2039,282483,192711,475194
91,2039,282483,192711,475194
92,2039,282483,192711,475194
93,2039,282483,192711,475194
94,2039,282483,192711,475194
95,2039,282483,192711,475194
96,2039,282483,192711,475194
97,2039,282483,192711,475194
98,2039,282483,192711,475194
99,2039,282483,192711,475194
100,2039,282483,192711,475194
0,2039,279856,267198,547054
1,2039,254331,269490,523821
2,2039,252716,238713,491429
3,2039,263485,242947,506432
4,2039,251737,244431,496168
5,2039,271515,245140,516655
6,2039,245240,245426,490666
7,2039,262354,245821,508175
8,2039,238849,245701,484550
9,2039,243370,243916,487286
10,2039,266545,237674,504219
11,2039,284457,270267,554724
12,2039,268146,249747,517893
13,2039,294133,275848,569981
14,2039,279439,264417,543856
15,2039,296054,293855,589909
16,2039,296519,295460,591979
17,2039,281554,266264,547818
18,2039,301568,293937,595505
19,2039,308240,298936,607176
20,2039,308330,294119,602449
21,2039,313334,298394,611728
22,2039,314793,299782,614575
23,2039,316016,301937,617953
24,2039,316539,304068,620607
25,2039,322000,328860,650860
26,2039,321500,326497,647997
27,2039,303944,323780,627724
28,2039,305943,324440,630383
29,2039,365519,376877,742396
30,2039,460056,462277,922333
31,2039,460533,460679,921212
32,2039,436460,440114,876574
33,2039,461916,462671,924587
34,2039,436869,441052,877921
35,2039,437402,441186,878588
36,2039,468230,469143,937373
37,2039,470094,470129,940223
38,2039,471748,474610,946358
39,2039,472772,475005,947777
40,2039,476083,479564,955647
41,2039,477527,483040,960567
42,2039,478424,485155,963579
43,2039,486584,488972,975556
44,2039,486647,485965,972612
45,2039,485138,483993,969131
46,2039,373330,391209,764539
47,2039,339020,370032,709052
48,2039,335516,368640,704156
49,2039,330900,367732,698632
50,2039,324575,342783,667358
51,2039,324658,343291,667949
52,2039,324794,344260,669054
53,2039,324708,344260,668968
54,2039,302522,324289,626811
55,2039,318798,326868,645666
56,2039,303569,318931,622500
57,2039,361634,379753,741387
58,2039,356424,377640,734064
59,2039,322302,305417,627719
60,2039,322390,305906,628296
61,2039,323145,307446,630591
62,2039,322706,305306,628012
63,2039,321223,323248,644471
64,2039,317756,306750,624506
65,2039,319589,305954,625543
66,2039,322733,306211,628944
67,2039,321524,307251,628775
68,2039,283735,308682,592417
69,2039,285910,308382,594292
70,2039,267257,307385,574642
71,2039,265991,310701,576692
72,2039,265522,307385,572907
73,2039,265388,305653,571041
74,2039,285283,308162,593445
75,2039,265579,304773,570352
76,2039,265137,306297,571434
77,2039,265602,305840,571442
78,2039,316693,301732,618425
79,2039,282992,245241,528233
80,2039,282987,244933,527920
81,2039,294225,237344,531569
82,2039,281793,227293,509086
83,2039,266323,200954,467277
84,2039,266323,200954,467277
85,2039,267497,201952,469449
86,2039,262940,195188,458128
87,2039,267974,192646,460620
88,2039,267974,192646,460620
89,2039,267974,192646,460620
90,2039,267974,192646,460620
91,2039,267974,192646,460620
92,2039,267974,192646,460620
93,2039,267974,192646,460620
94,2039,267974,192646,460620
95,2039,267974,192646,460620
96,2039,267974,192646,460620
97,2039,267974,192646,460620
98,2039,267974,192646,460620
99,2039,267974,192646,460620
100,2039,267974,192646,460620
0,2039,280008,269501,549509
1,2039,279710,268161,547871
2,2039,279469,268711,548180
3,2039,282262,268711,550973
4,2039,270938,268511,539449
5,2039,281864,268780,550644
6,2039,270056,268861,538917
7,2039,270032,253310,523342
8,2039,267253,253168,520421
9,2039,270942,262531,533473
10,2039,274240,244753,518993
11,2039,283058,275104,558162
12,2039,272199,258047,530246
13,2039,294293,275888,570181
14,2039,293313,276131,569444
15,2039,293540,272708,566248
16,2039,298803,296008,594811
17,2039,308489,299351,607840
18,2039,297866,292830,590696
19,2039,312378,297001,609379
20,2039,310489,293865,604354
21,2039,305372,290804,596176
22,2039,313806,299308,613114
23,2039,312571,300415,612986
24,2039,313203,300820,614023
25,2039,325952,316322,642274
26,2039,329772,315146,644918
27,2039,330256,322961,653217
28,2039,330662,323566,654228
29,2039,328579,322530,651109
30,2039,329344,322599,651943
31,2039,347609,335805,683414
32,2039,360040,350602,710642
33,2039,352877,338473,691350
34,2039,359424,347795,707219
35,2039,468491,465135,933626
36,2039,466680,467358,934038
37,2039,467047,467558,934605
38,2039,471500,472101,943601
39,2039,473674,474806,948480
40,2039,474822,476971,951793
41,2039,475266,477021,952287
42,2039,474992,477044,952036
43,2039,478131,487432,965563
44,2039,486705,490099,976804
45,2039,486656,485574,972230
46,2039,485138,484151,969289
47,2039,485123,485948,971071
48,2039,409005,413116,822121
49,2039,409005,413116,822121
50,2039,387025,398108,785133
51,2039,387022,398077,785099
52,2039,387010,398225,785235
53,2039,387022,398225,785247
54,2039,356091,385542,741633
55,2039,381128,397656,778784
56,2039,326097,344603,670700
57,2039,304353,324112,628465
58,2039,362671,388759,751430
59,2039,357630,378594,736224
60,2039,357630,378594,736224
61,2039,326702,310543,637245
62,2039,325765,308914,634679
63,2039,329255,318527,647782
64,2039,324151,305362,629513
65,2039,322216,306501,628717
66,2039,318939,306637,625576
67,2039,323285,304512,627797
68,2039,319827,337653,657480
69,2039,283005,325066,608071
70,2039,269524,331157,600681
71,2039,268806,332842,601648
72,2039,268853,327900,596753
73,2039,267963,332522,600485
74,2039,268416,333054,601470
75,2039,266563,333707,600270
76,2039,265474,333812,599286
77,2039,267539,334067,601606
78,2039,321101,302808,623909
79,2039,275451,246465,521916
80,2039,273695,245878,519573
81,2039,272714,238484,511198
82,2039,236645,228444,465089
83,2039,228227,212963,441190
84,2039,228077,200958,429035
85,2039,228946,201997,430943
86,2039,223953,195188,419141
87,2039,222710,192646,415356
88,2039,222710,192646,415356
89,2039,222710,192646,415356
90,2039,222710,192646,415356
91,2039,222934,192646,415580
92,2039,222934,192646,415580
93,2039,222934,192646,415580
94,2039,222934,192646,415580
95,2039,222934,192646,415580
96,2039,222934,192646,415580
97,2039,222934,192646,415580
98,2039,222934,192646,415580
99,2039,222934,192646,415580
100,2039,222934,192646,415580
0,2039,283062,274801,557863
1,2039,279649,268388,548037
2,2039,279798,268543,548341
3,2039,279614,268543,548157
4,2039,281320,268809,550129
5,2039,279297,268174,547471
6,2039,281459,268054,549513
7,2039,281481,268493,549974
8,2039,282219,269110,551329
9,2039,270883,254304,525187
10,2039,282976,268610,551586
11,2039,266480,245605,512085
12,2039,283978,275268,559246
13,2039,269052,263509,532561
14,2039,296965,280049,577014
15,2039,295589,275446,571035
16,2039,303120,321340,624460
17,2039,310478,299580,610058
18,2039,307285,296787,604072
19,2039,310698,296574,607272
20,2039,311206,293950,605156
21,2039,308292,290751,599043
22,2039,307905,294568,602473
23,2039,312978,300679,613657
24,2039,312168,300737,612905
25,2039,322081,312568,634649
26,2039,324841,318025,642866
27,2039,329899,315015,644914
28,2039,330648,316759,647407
29,2039,330606,322033,652639
30,2039,329542,321406,650948
31,2039,329753,323470,653223
32,2039,339510,334034,673544
33,2039,353410,352993,706403
34,2039,339612,336017,675629
35,2039,366924,359202,726126
36,2039,366878,359643,726521
37,2039,463147,467214,930361
38,2039,467328,469156,936484
39,2039,470112,473511,943623
40,2039,472083,474350,946433
41,2039,472745,474472,947217
42,2039,472700,475418,948118
43,2039,474836,476905,951741
44,2039,478360,489504,967864
45,2039,487791,492466,980257
46,2039,486647,486299,972946
47,2039,486613,487200,973813
48,2039,485113,486524,971637
49,2039,485095,486562,971657
50,2039,485066,486562,971628
51,2039,484866,486498,971364
52,2039,484511,486522,971033
53,2039,444644,460442,905086
54,2039,366210,372506,738716
55,2039,393268,406848,800116
56,2039,345272,385638,730910
57,2039,326979,344871,671850
58,2039,304053,323385,627438
59,2039,362819,388880,751699
60,2039,362819,388880,751699
61,2039,360245,378506,738751
62,2039,327377,312914,640291
63,2039,330472,325066,655538
64,2039,325563,308929,634492
65,2039,319292,303204,622496
66,2039,321338,319818,641156
67,2039,319571,303613,623184
68,2039,308517,315757,624274
69,2039,302787,321262,624049
70,2039,269177,319844,589021
71,2039,270557,319386,589943
72,2039,270744,318948,589692
73,2039,269321,318033,587354
74,2039,270541,317970,588511
75,2039,267455,315764,583219
76,2039,263421,317154,580575
77,2039,266603,314569,581172
78,2039,316375,305836,622211
79,2039,255797,306541,562338
80,2039,249157,253272,502429
81,2039,241881,238618,480499
82,2039,224790,228945,453735
83,2039,217790,217161,434951
84,2039,217520,200907,418427
85,2039,217685,201757,419442
86,2039,215296,195188,410484
87,2039,214669,192646,407315
88,2039,214669,192646,407315
89,2039,214669,192646,407315
90,2039,214669,192646,407315
91,2039,214669,192646,407315
92,2039,214669,192646,407315
93,2039,214669,192646,407315
94,2039,214669,192646,407315
95,2039,214669,192646,407315
96,2039,214669,192646,407315
97,2039,214669,192646,407315
98,2039,214669,192646,407315
99,2039,214669,192646,407315
100,2039,214669,192646,407315
0,2039,291561,274376,565937
1,2039,282439,272342,554781
2,2039,280027,268676,548703
3,2039,279720,269533,549253
4,2039,279764,268722,548486
5,2039,279719,269251,548970
6,2039,279390,268965,548355
7,2039,280244,268021,548265
8,2039,278649,267925,546574
9,2039,282349,269639,551988
10,2039,280485,268622,549107
11,2039,285340,273511,558851
12,2039,281812,270300,552112
13,2039,284812,272808,557620
14,2039,292576,274646,567222
15,2039,311054,305849,616903
16,2039,316499,314738,631237
17,2039,306679,299620,606299
18,2039,308863,295376,604239
19,2039,309520,291608,601128
20,2039,312593,295708,608301
21,2039,312002,295465,607467
22,2039,308015,312906,620921
23,2039,313996,300929,614925
24,2039,313407,301171,614578
25,2039,321737,311224,632961
26,2039,323441,313592,637033
27,2039,324728,309330,634058
28,2039,328863,310787,639650
29,2039,331163,315424,646587
30,2039,332103,317717,649820
31,2039,330918,319776,650694
32,2039,333231,322807,656038
33,2039,407723,413952,821675
34,2039,474625,464034,938659
35,2039,434553,441370,875923
36,2039,465616,468976,934592
37,2039,366987,363497,730484
38,2039,463518,468733,932251
39,2039,463875,468938,932813
40,2039,468638,470745,939383
41,2039,468646,470925,939571
42,2039,470430,472026,942456
43,2039,472517,475191,947708
44,2039,475084,478799,953883
45,2039,478718,492381,971099
46,2039,486704,490009,976713
47,2039,486630,490789,977419
48,2039,486613,487561,974174
49,2039,486588,487600,974188
50,2039,486535,487600,974135
51,2039,360538,369342,729880
52,2039,372947,384073,757020
53,2039,379299,390165,769464
54,2039,387115,399036,786151
55,2039,404290,415398,819688
56,2039,363930,387846,751776
57,2039,345354,385180,730534
58,2039,326848,344839,671687
59,2039,309162,324605,633767
60,2039,355460,368788,724248
61,2039,368134,389927,758061
62,2039,360022,379767,739789
63,2039,327316,323646,650962
64,2039,327068,312375,639443
65,2039,314574,303372,617946
66,2039,328331,315343,643674
67,2039,317376,303083,620459
68,2039,324125,329046,653171
69,2039,282805,317929,600734
70,2039,299758,330856,630614
71,2039,272591,320140,592731
72,2039,271858,319630,591488
73,2039,271553,319049,590602
74,2039,270574,318392,588966
75,2039,270858,319359,590217
76,2039,270698,315770,586468
77,2039,270707,316740,587447
78,2039,287782,305977,593759
79,2039,248522,310717,559239
80,2039,242570,254078,496648
81,2039,234323,238204,472527
82,2039,219582,227275,446857
83,2039,213297,215854,429151
84,2039,212861,200907,413768
85,2039,213160,202199,415359
86,2039,213804,195188,408992
87,2039,213847,192646,406493
88,2039,213847,192646,406493
89,2039,213847,192646,406493
90,2039,213847,192646,406493
91,2039,213850,192646,406496
92,2039,213850,192646,406496
93,2039,213850,192646,406496
94,2039,213850,192646,406496
95,2039,213850,192646,406496
96,2039,213850,192646,406496
97,2039,213850,192646,406496
98,2039,213850,192646,406496
99,2039,213850,192646,406496
100,2039,213850,192646,406496
0,2039,291741,274183,565924
1,2039,291382,274824,566206
2,2039,291393,274898,566291
3,2039,291189,274968,566157
4,2039,289287,274094,563381
5,2039,282936,272258,555194
6,2039,281813,273373,555186
7,2039,280761,269199,549960
8,2039,271571,268871,540442
9,2039,280123,271846,551969
10,2039,279889,269409,549298
11,2039,283665,275380,559045
12,2039,281992,269796,551788
13,2039,283384,275643,559027
14,2039,273835,263550,537385
15,2039,293950,308323,602273
16,2039,311440,321399,632839
17,2039,315004,323770,638774
18,2039,306304,296197,602501
19,2039,308122,290664,598786
20,2039,310235,293253,603488
21,2039,309227,294532,603759
22,2039,316815,305762,622577
23,2039,311032,293384,604416
24,2039,313779,301329,615108
25,2039,321525,313062,634587
26,2039,325398,317158,642556
27,2039,325490,313066,638556
28,2039,327116,315133,642249
29,2039,327186,318245,645431
30,2039,328429,311307,639736
31,2039,330790,316955,647745
32,2039,329481,319602,649083
33,2039,328368,323600,651968
34,2039,405501,411046,816547
35,2039,403305,411535,814840
36,2039,457565,461937,919502
37,2039,460675,464558,925233
38,2039,458297,463527,921824
39,2039,458327,463251,921578
40,2039,458040,463477,921517
41,2039,438265,436811,875076
42,2039,463871,464027,927898
43,2039,467966,471185,939151
44,2039,472630,476451,949081
45,2039,480640,479171,959811
46,2039,478165,490006,968171
47,2039,478073,489613,967686
48,2039,486583,491067,977650
49,2039,486555,491106,977661
50,2039,486504,491085,977589
51,2039,484367,490660,975027
52,2039,484371,490918,975289
53,2039,486494,490807,977301
54,2039,405247,412796,818043
55,2039,414442,423245,837687
56,2039,371321,394373,765694
57,2039,364006,394228,758234
58,2039,344200,384439,728639
59,2039,326464,345010,671474
60,2039,304466,330413,634879
61,2039,375305,402456,777761
62,2039,373077,390264,763341
63,2039,360845,380764,741609
64,2039,327022,313131,640153
65,2039,319737,303150,622887
66,2039,326315,312312,638627
67,2039,321889,304285,626174
68,2039,322959,321592,644551
69,2039,318236,330119,648355
70,2039,293795,320417,614212
71,2039,283987,344989,628976
72,2039,272089,323374,595463
73,2039,271115,323152,594267
74,2039,270974,320305,591279
75,2039,269179,325544,594723
76,2039,269455,323184,592639
77,2039,269322,334133,603455
78,2039,311519,308931,620450
79,2039,244320,310118,554438
80,2039,239160,303115,542275
81,2039,224216,251063,475279
82,2039,213937,226537,440474
83,2039,215010,216125,431135
84,2039,214662,200907,415569
85,2039,214122,201757,415879
86,2039,214956,195188,410144
87,2039,214956,192646,407602
88,2039,214956,192646,407602
89,2039,214956,192646,407602
90,2039,214956,192646,407602
91,2039,214956,192646,407602
92,2039,214956,192646,407602
93,2039,214956,192646,407602
94,2039,214956,192646,407602
95,2039,214956,192646,407602
96,2039,214956,192646,407602
97,2039,214956,192646,407602
98,2039,214956,192646,407602
99,2039,214956,192646,407602
100,2039,214956,192646,407602
0,2040,292160,275407,567567
1,2040,292160,275407,567567
2,2040,292156,275407,567563
3,2040,292317,275433,567750
4,2040,292459,275435,567894
5,2040,292604,275460,568064
6,2040,292715,275538,568253
7,2040,292699,275529,568228
8,2040,292688,275503,568191
9,2040,292689,275485,568174
10,2040,292704,275551,568255
11,2040,292828,275972,568800
12,2040,293342,276256,569598
13,2040,293719,276375,570094
14,2040,293758,276281,570039
15,2040,293823,276272,570095
16,2040,294123,276355,570478
17,2040,294561,276410,570971
18,2040,295789,276733,572522
19,2040,296731,278188,574919
20,2040,296795,278225,575020
21,2040,296833,278284,575117
22,2040,296862,278532,575394
23,2040,296890,278545,575435
24,2040,296890,278545,575435
25,2040,296890,278545,575435
26,2040,296890,278545,575435
27,2040,296890,278545,575435
28,2040,296890,278545,575435
29,2040,296890,278545,575435
30,2040,296890,278545,575435
31,2040,296890,278545,575435
32,2040,296890,278545,575435
33,2040,296890,278545,575435
34,2040,296890,278545,575435
35,2040,296890,278545,575435
36,2040,296890,278545,575435
37,2040,296890,278545,575435
38,2040,296890,278545,575435
39,2040,296890,278545,575435
40,2040,296890,278545,575435
41,2040,296890,278545,575435
42,2040,296890,278545,575435
43,2040,296890,278545,575435
44,2040,296890,278545,575435
45,2040,296890,278545,575435
46,2040,296881,278545,575426
47,2040,296873,278545,575418
48,2040,296873,278545,575418
49,2040,296873,278545,575418
50,2040,296873,278545,575418
51,2040,296873,278595,575468
52,2040,296873,278595,575468
53,2040,296873,278595,575468
54,2040,296873,278595,575468
55,2040,296873,278595,575468
56,2040,296873,278595,575468
57,2040,296873,278595,575468
58,2040,296873,278595,575468
59,2040,296873,278595,575468
60,2040,296873,278595,575468
61,2040,296873,278595,575468
62,2040,296873,278595,575468
63,2040,296873,278595,575468
64,2040,296825,278595,575420
65,2040,296825,278595,575420
66,2040,296738,278595,575333
67,2040,296738,278595,575333
68,2040,296472,278595,575067
69,2040,296377,278595,574972
70,2040,296237,278595,574832
71,2040,295800,278595,574395
72,2040,295800,278595,574395
73,2040,295461,278595,574056
74,2040,295423,278595,574018
75,2040,295423,278595,574018
76,2040,295423,278595,574018
77,2040,295423,278595,574018
78,2040,295423,279554,574977
79,2040,295423,279363,574786
80,2040,295423,279614,575037
81,2040,295423,279743,575166
82,2040,295423,279743,575166
83,2040,295423,279743,575166
84,2040,295423,279743,575166
85,2040,295423,279743,575166
86,2040,295423,279743,575166
87,2040,295423,279743,575166
88,2040,295423,279743,575166
89,2040,295423,279743,575166
90,2040,295423,279743,575166
91,2040,295423,279743,575166
92,2040,295423,279743,575166
93,2040,295423,279743,575166
94,2040,295423,279743,575166
95,2040,295423,279743,575166
96,2040,295423,279743,575166
97,2040,295423,279743,575166
98,2040,295423,279743,575166
99,2040,295423,279743,575166
100,2040,295423,279743,575166
0,2040,292266,275259,567525
1,2040,292266,275259,567525
2,2040,292259,275259,567518
3,2040,292436,275274,567710
4,2040,292615,275193,567808
5,2040,292741,275299,568040
6,2040,292868,275406,568274
7,2040,292842,275390,568232
8,2040,292820,275364,568184
9,2040,292815,275344,568159
10,2040,292810,275474,568284
11,2040,292862,275699,568561
12,2040,293184,275754,568938
13,2040,293704,275708,569412
14,2040,293937,275800,569737
15,2040,294124,275792,569916
16,2040,294466,275859,570325
17,2040,295672,275850,571522
18,2040,297964,276497,574461
19,2040,298821,278322,577143
20,2040,299958,278491,578449
21,2040,300126,278538,578664
22,2040,300128,279006,579134
23,2040,300136,279020,579156
24,2040,300136,279020,579156
25,2040,300136,279020,579156
26,2040,300136,279020,579156
27,2040,300136,279020,579156
28,2040,300136,279020,579156
29,2040,300136,279020,579156
30,2040,300136,279020,579156
31,2040,300136,279020,579156
32,2040,300136,279020,579156
33,2040,300136,279020,579156
34,2040,300136,279020,579156
35,2040,300136,279020,579156
36,2040,300136,279020,579156
37,2040,300136,279020,579156
38,2040,300136,279020,579156
39,2040,300136,279020,579156
40,2040,300136,279020,579156
41,2040,300136,279020,579156
42,2040,300136,279020,579156
43,2040,300136,279020,579156
44,2040,300538,279020,579558
45,2040,300538,279020,579558
46,2040,300536,279020,579556
47,2040,300528,279020,579548
48,2040,300528,279020,579548
49,2040,300528,279020,579548
50,2040,300528,279020,579548
51,2040,300528,279059,579587
52,2040,300528,279059,579587
53,2040,300528,279059,579587
54,2040,300528,279059,579587
55,2040,300528,279059,579587
56,2040,300528,279059,579587
57,2040,300528,279059,579587
58,2040,300528,279059,579587
59,2040,300528,279059,579587
60,2040,300528,279059,579587
61,2040,300528,279059,579587
62,2040,300528,279059,579587
63,2040,300528,279059,579587
64,2040,300557,279059,579616
65,2040,300557,279059,579616
66,2040,300066,279059,579125
67,2040,300008,279059,579067
68,2040,299613,279059,578672
69,2040,299663,279059,578722
70,2040,299415,279037,578452
71,2040,298888,279037,577925
72,2040,298782,279037,577819
73,2040,298283,278963,577246
74,2040,298238,278963,577201
75,2040,298238,278963,577201
76,2040,298238,278963,577201
77,2040,298238,278963,577201
78,2040,298344,280269,578613
79,2040,298259,280078,578337
80,2040,298344,280826,579170
81,2040,298338,280568,578906
82,2040,298338,280568,578906
83,2040,298338,280568,578906
84,2040,298338,280568,578906
85,2040,298338,280568,578906
86,2040,298338,280568,578906
87,2040,298338,280568,578906
88,2040,298338,280568,578906
89,2040,298338,280568,578906
90,2040,298338,280568,578906
91,2040,298338,280568,578906
92,2040,298338,280568,578906
93,2040,298338,280568,578906
94,2040,298338,280568,578906
95,2040,298338,280568,578906
96,2040,298338,280568,578906
97,2040,298338,280568,578906
98,2040,298338,280568,578906
99,2040,298338,280568,578906
100,2040,298338,280568,578906
0,2040,292274,275413,567687
1,2040,292274,275413,567687
2,2040,292266,275413,567679
3,2040,292417,275347,567764
4,2040,292716,275394,568110
5,2040,292856,275450,568306
6,2040,292910,275526,568436
7,2040,292866,275510,568376
8,2040,292838,275471,568309
9,2040,292865,275477,568342
10,2040,292819,275561,568380
11,2040,292909,275804,568713
12,2040,293366,276259,569625
13,2040,294527,276216,570743
14,2040,294776,276418,571194
15,2040,295034,276413,571447
16,2040,296135,276482,572617
17,2040,297419,276524,573943
18,2040,299982,276890,576872
19,2040,300697,278092,578789
20,2040,300794,278561,579355
21,2040,301474,278636,580110
22,2040,301310,278941,580251
23,2040,301326,278955,580281
24,2040,301326,278955,580281
25,2040,301326,278955,580281
26,2040,301326,278955,580281
27,2040,301326,278955,580281
28,2040,301326,278955,580281
29,2040,301326,278955,580281
30,2040,301326,278955,580281
31,2040,301326,278955,580281
32,2040,301326,278955,580281
33,2040,301326,278955,580281
34,2040,301326,278955,580281
35,2040,301326,278955,580281
36,2040,301326,278955,580281
37,2040,301326,278955,580281
38,2040,301326,278955,580281
39,2040,301326,278955,580281
40,2040,301326,278955,580281
41,2040,301326,278955,580281
42,2040,301326,278955,580281
43,2040,301333,278955,580288
44,2040,303077,279111,582188
45,2040,303077,279111,582188
46,2040,302118,279111,581229
47,2040,302109,279111,581220
48,2040,302109,279111,581220
49,2040,302109,279111,581220
50,2040,302109,279111,581220
51,2040,302109,279149,581258
52,2040,302109,279149,581258
53,2040,302109,279149,581258
54,2040,302109,279149,581258
55,2040,302109,279149,581258
56,2040,302109,279149,581258
57,2040,302109,279149,581258
58,2040,302109,279149,581258
59,2040,302109,279149,581258
60,2040,302109,279149,581258
61,2040,302109,279149,581258
62,2040,302109,279149,581258
63,2040,302109,279149,581258
64,2040,303056,279149,582205
65,2040,303056,279149,582205
66,2040,301751,278994,580745
67,2040,301764,278926,580690
68,2040,301625,278926,580551
69,2040,301693,278926,580619
70,2040,301698,278926,580624
71,2040,302699,279051,581750
72,2040,302614,279051,581665
73,2040,301717,279129,580846
74,2040,301717,279129,580846
75,2040,301717,279129,580846
76,2040,301717,279129,580846
77,2040,301717,279129,580846
78,2040,301618,283834,585452
79,2040,301588,283520,585108
80,2040,301523,283856,585379
81,2040,301545,283856,585401
82,2040,301545,283856,585401
83,2040,301545,283856,585401
84,2040,301545,283856,585401
85,2040,301545,283856,585401
86,2040,301545,283856,585401
87,2040,301545,283856,585401
88,2040,301545,283856,585401
89,2040,301545,283856,585401
90,2040,301545,283856,585401
91,2040,301545,283856,585401
92,2040,301545,283856,585401
93,2040,301545,283856,585401
94,2040,301545,283856,585401
95,2040,301545,283856,585401
96,2040,301545,283856,585401
97,2040,301545,283856,585401
98,2040,301545,283856,585401
99,2040,301545,283856,585401
100,2040,301545,283856,585401
0,2040,292099,274901,567000
1,2040,292099,274901,567000
2,2040,292091,274901,566992
3,2040,292300,274901,567201
4,2040,292463,274931,567394
5,2040,292518,274983,567501
6,2040,292615,275035,567650
7,2040,292607,275057,567664
8,2040,292601,275043,567644
9,2040,292574,275024,567598
10,2040,292549,275055,567604
11,2040,292624,275339,567963
12,2040,293047,275490,568537
13,2040,294584,275590,570174
14,2040,295239,275679,570918
15,2040,297561,275661,573222
16,2040,296031,275360,571391
17,2040,298511,275281,573792
18,2040,300960,276311,577271
19,2040,318140,278178,596318
20,2040,318570,278704,597274
21,2040,307169,279147,586316
22,2040,306963,279195,586158
23,2040,307025,279209,586234
24,2040,307025,279209,586234
25,2040,307025,279209,586234
26,2040,307025,279209,586234
27,2040,307025,279209,586234
28,2040,307025,279209,586234
29,2040,307025,279209,586234
30,2040,307025,279209,586234
31,2040,307025,279209,586234
32,2040,307025,279209,586234
33,2040,307025,279209,586234
34,2040,307025,279209,586234
35,2040,307025,279209,586234
36,2040,307025,279209,586234
37,2040,307025,279209,586234
38,2040,307025,279209,586234
39,2040,307025,279209,586234
40,2040,307025,279209,586234
41,2040,307025,279209,586234
42,2040,307025,279209,586234
43,2040,307025,279209,586234
44,2040,309401,279433,588834
45,2040,309401,279433,588834
46,2040,308138,279364,587502
47,2040,308207,279364,587571
48,2040,308207,279364,587571
49,2040,308207,279364,587571
50,2040,308207,279364,587571
51,2040,308198,279402,587600
52,2040,308198,279402,587600
53,2040,308198,279402,587600
54,2040,308198,279402,587600
55,2040,308198,279402,587600
56,2040,308198,279402,587600
57,2040,308198,279402,587600
58,2040,308198,279402,587600
59,2040,308198,279402,587600
60,2040,308198,279402,587600
61,2040,308198,279402,587600
62,2040,308198,279402,587600
63,2040,308198,279402,587600
64,2040,309449,279472,588921
65,2040,309538,279472,589010
66,2040,307947,279400,587347
67,2040,308227,279400,587627
68,2040,307618,279138,586756
69,2040,307735,279232,586967
70,2040,307742,279123,586865
71,2040,309127,279187,588314
72,2040,308751,279129,587880
73,2040,307179,279129,586308
74,2040,307179,279129,586308
75,2040,307179,279129,586308
76,2040,307179,279129,586308
77,2040,307179,279129,586308
78,2040,306934,286413,593347
79,2040,306862,284996,591858
80,2040,306855,286432,593287
81,2040,306855,286432,593287
82,2040,306855,286432,593287
83,2040,306855,286432,593287
84,2040,306855,286432,593287
85,2040,306855,286432,593287
86,2040,306855,286432,593287
87,2040,306855,286432,593287
88,2040,306855,286432,593287
89,2040,306855,286432,593287
90,2040,306855,286432,593287
91,2040,306855,286432,593287
92,2040,306855,286432,593287
93,2040,306855,286432,593287
94,2040,306855,286432,593287
95,2040,306855,286432,593287
96,2040,306855,286432,593287
97,2040,306855,286432,593287
98,2040,306855,286432,593287
99,2040,306855,286432,593287
100,2040,306855,286432,593287
0,2040,292414,276267,568681
1,2040,292414,276267,568681
2,2040,292410,276267,568677
3,2040,292524,276267,568791
4,2040,292770,276374,569144
5,2040,292782,276405,569187
6,2040,292777,275836,568613
7,2040,292789,275833,568622
8,2040,292809,276105,568914
9,2040,292817,276218,569035
10,2040,292752,276008,568760
11,2040,292786,276013,568799
12,2040,292637,275836,568473
13,2040,294207,275567,569774
14,2040,297544,275452,572996
15,2040,296712,275491,572203
16,2040,295873,275344,571217
17,2040,298696,275638,574334
18,2040,308040,277244,585284
19,2040,310244,279250,589494
20,2040,310992,279343,590335
21,2040,309447,279369,588816
22,2040,309498,279517,589015
23,2040,309548,279517,589065
24,2040,309548,279517,589065
25,2040,309548,279517,589065
26,2040,309548,279517,589065
27,2040,309548,279517,589065
28,2040,309548,279517,589065
29,2040,309548,279517,589065
30,2040,309548,279517,589065
31,2040,309548,279517,589065
32,2040,309548,279517,589065
33,2040,309548,279517,589065
34,2040,309548,279517,589065
35,2040,309548,279517,589065
36,2040,309548,279517,589065
37,2040,309933,279517,589450
38,2040,309933,279517,589450
39,2040,309933,279517,589450
40,2040,309933,279517,589450
41,2040,309933,279517,589450
42,2040,309933,279517,589450
43,2040,309933,279517,589450
44,2040,311218,279445,590663
45,2040,311218,279445,590663
46,2040,311078,279485,590563
47,2040,311078,279485,590563
48,2040,311078,279485,590563
49,2040,311078,279485,590563
50,2040,311078,279485,590563
51,2040,311087,279523,590610
52,2040,311087,279523,590610
53,2040,311087,279523,590610
54,2040,311087,279523,590610
55,2040,311087,279523,590610
56,2040,311087,279523,590610
57,2040,311087,279523,590610
58,2040,311087,279523,590610
59,2040,311087,279523,590610
60,2040,311087,279523,590610
61,2040,311087,279523,590610
62,2040,311087,279523,590610
63,2040,311197,279523,590720
64,2040,311402,279483,590885
65,2040,311494,279483,590977
66,2040,311142,279522,590664
67,2040,311181,279522,590703
68,2040,310276,279498,589774
69,2040,310326,279498,589824
70,2040,310257,279585,589842
71,2040,310672,279598,590270
72,2040,310683,279572,590255
73,2040,309854,279579,589433
74,2040,309854,279579,589433
75,2040,309854,279579,589433
76,2040,309854,279579,589433
77,2040,309854,279579,589433
78,2040,309223,297053,606276
79,2040,309182,295170,604352
80,2040,309215,297002,606217
81,2040,309223,297359,606582
82,2040,309223,297359,606582
83,2040,309223,297359,606582
84,2040,309223,297359,606582
85,2040,309223,297359,606582
86,2040,309223,297359,606582
87,2040,309223,297359,606582
88,2040,309223,297359,606582
89,2040,309223,297359,606582
90,2040,309223,297359,606582
91,2040,309223,297359,606582
92,2040,309223,297359,606582
93,2040,309223,297359,606582
94,2040,309223,297359,606582
95,2040,309223,297359,606582
96,2040,309223,297359,606582
97,2040,309223,297359,606582
98,2040,309223,297359,606582
99,2040,309223,297359,606582
100,2040,309223,297359,606582
0,2040,290839,275033,565872
1,2040,290839,275033,565872
2,2040,290835,275033,565868
3,2040,290937,275233,566170
4,2040,291005,274937,565942
5,2040,291046,275155,566201
6,2040,292232,276240,568472
7,2040,292199,276233,568432
8,2040,291249,275661,566910
9,2040,291199,275601,566800
10,2040,292123,276191,568314
11,2040,292361,276048,568409
12,2040,293171,276060,569231
13,2040,294126,275531,569657
14,2040,296668,275937,572605
15,2040,295244,275388,570632
16,2040,296127,275713,571840
17,2040,298662,276231,574893
18,2040,305162,277907,583069
19,2040,309543,280666,590209
20,2040,310358,280573,590931
21,2040,310236,280007,590243
22,2040,310517,280086,590603
23,2040,310504,280086,590590
24,2040,310504,280086,590590
25,2040,310504,280086,590590
26,2040,310504,280086,590590
27,2040,310504,280086,590590
28,2040,310504,280086,590590
29,2040,310504,280086,590590
30,2040,310504,280086,590590
31,2040,310504,280086,590590
32,2040,310504,280086,590590
33,2040,310504,280086,590590
34,2040,310504,280086,590590
35,2040,310504,280086,590590
36,2040,310504,280086,590590
37,2040,310568,280086,590654
38,2040,310568,280086,590654
39,2040,310568,280086,590654
40,2040,310568,280086,590654
41,2040,310949,280086,591035
42,2040,310949,280086,591035
43,2040,310949,280086,591035
44,2040,311212,280770,591982
45,2040,311212,280770,591982
46,2040,311402,280718,592120
47,2040,311402,280718,592120
48,2040,311402,280718,592120
49,2040,311402,280718,592120
50,2040,311402,280718,592120
51,2040,311402,280757,592159
52,2040,311402,280757,592159
53,2040,311402,280757,592159
54,2040,311402,280757,592159
55,2040,311402,280757,592159
56,2040,311402,280757,592159
57,2040,311402,280757,592159
58,2040,311402,280757,592159
59,2040,311402,280757,592159
60,2040,311402,280757,592159
61,2040,311402,280757,592159
62,2040,311402,280757,592159
63,2040,311500,280757,592257
64,2040,311363,280826,592189
65,2040,311724,280826,592550
66,2040,311611,280757,592368
67,2040,311478,280757,592235
68,2040,311136,280282,591418
69,2040,311224,280386,591610
70,2040,311089,280359,591448
71,2040,311023,280782,591805
72,2040,311415,280757,592172
73,2040,310475,280113,590588
74,2040,310475,280113,590588
75,2040,310475,280113,590588
76,2040,310475,280113,590588
77,2040,310475,280113,590588
78,2040,312080,301426,613506
79,2040,311717,300216,611933
80,2040,312078,301550,613628
81,2040,312097,305369,617466
82,2040,312097,305369,617466
83,2040,312097,305369,617466
84,2040,312097,305369,617466
85,2040,312097,305369,617466
86,2040,312097,305369,617466
87,2040,312097,305369,617466
88,2040,312097,305369,617466
89,2040,312097,305369,617466
90,2040,312097,305369,617466
91,2040,312097,305369,617466
92,2040,312097,305369,617466
93,2040,312097,305369,617466
94,2040,312097,305369,617466
95,2040,312097,305369,617466
96,2040,312097,305369,617466
97,2040,312097,305369,617466
98,2040,312097,305369,617466
99,2040,312097,305369,617466
100,2040,312097,305369,617466
0,2040,289659,274603,564262
1,2040,289659,274603,564262
2,2040,289665,274603,564268
3,2040,290131,274992,565123
4,2040,290075,275018,565093
5,2040,290517,275453,565970
6,2040,291142,275727,566869
7,2040,291129,275727,566856
8,2040,291983,276029,568012
9,2040,291141,275810,566951
10,2040,291146,275616,566762
11,2040,292016,276074,568090
12,2040,292897,276138,569035
13,2040,294262,276019,570281
14,2040,294683,275572,570255
15,2040,297679,275397,573076
16,2040,295993,275946,571939
17,2040,298812,276626,575438
18,2040,303893,278118,582011
19,2040,307392,280296,587688
20,2040,308113,280287,588400
21,2040,310267,280533,590800
22,2040,310619,280734,591353
23,2040,310685,280734,591419
24,2040,310685,280734,591419
25,2040,310685,280734,591419
26,2040,310685,280734,591419
27,2040,310685,280734,591419
28,2040,310685,280734,591419
29,2040,310685,280734,591419
30,2040,310685,280734,591419
31,2040,310685,280734,591419
32,2040,310685,280734,591419
33,2040,310685,280734,591419
34,2040,310685,280734,591419
35,2040,310685,280734,591419
36,2040,310685,280734,591419
37,2040,310706,280734,591440
38,2040,310706,280734,591440
39,2040,310706,280734,591440
40,2040,310706,280734,591440
41,2040,311060,280758,591818
42,2040,311060,280758,591818
43,2040,311060,280758,591818
44,2040,310515,280639,591154
45,2040,310515,280639,591154
46,2040,310557,280639,591196
47,2040,310557,280639,591196
48,2040,310557,280639,591196
49,2040,310557,280639,591196
50,2040,310557,280639,591196
51,2040,310557,280639,591196
52,2040,310557,280639,591196
53,2040,310557,280639,591196
54,2040,310557,280639,591196
55,2040,310557,280639,591196
56,2040,310557,280639,591196
57,2040,310557,280639,591196
58,2040,310557,280639,591196
59,2040,310557,280639,591196
60,2040,310557,280639,591196
61,2040,310557,280639,591196
62,2040,310557,280639,591196
63,2040,310910,280639,591549
64,2040,310761,280639,591400
65,2040,311033,280639,591672
66,2040,311135,280672,591807
67,2040,310932,280639,591571
68,2040,311116,280771,591887
69,2040,311041,280703,591744
70,2040,310992,280666,591658
71,2040,310516,280639,591155
72,2040,310473,280639,591112
73,2040,311008,280697,591705
74,2040,311008,280697,591705
75,2040,311008,280697,591705
76,2040,311008,280697,591705
77,2040,311008,280697,591705
78,2040,314470,302480,616950
79,2040,314144,302411,616555
80,2040,314352,302829,617181
81,2040,316242,304224,620466
82,2040,316242,304224,620466
83,2040,316242,304224,620466
84,2040,316242,304224,620466
85,2040,316242,304224,620466
86,2040,316242,304224,620466
87,2040,316242,304224,620466
88,2040,316242,304224,620466
89,2040,316242,304224,620466
90,2040,316242,304224,620466
91,2040,316242,304224,620466
92,2040,316242,304224,620466
93,2040,316242,304224,620466
94,2040,316242,304224,620466
95,2040,316242,304224,620466
96,2040,316242,304224,620466
97,2040,316242,304224,620466
98,2040,316242,304224,620466
99,2040,316242,304224,620466
100,2040,316242,304224,620466
0,2040,289139,272661,561800
1,2040,289139,272661,561800
2,2040,289140,272661,561801
3,2040,289119,272764,561883
4,2040,289360,272455,561815
5,2040,290329,273837,564166
6,2040,290582,275044,565626
7,2040,290513,275001,565514
8,2040,291822,275327,567149
9,2040,292040,275205,567245
10,2040,290765,275121,565886
11,2040,291646,275629,567275
12,2040,292463,275852,568315
13,2040,293960,275907,569867
14,2040,294086,274870,568956
15,2040,297101,275906,573007
16,2040,295988,275549,571537
17,2040,299178,275915,575093
18,2040,303074,277430,580504
19,2040,305532,280384,585916
20,2040,307797,280492,588289
21,2040,309263,280395,589658
22,2040,309846,280601,590447
23,2040,310066,280601,590667
24,2040,310068,280601,590669
25,2040,310068,280601,590669
26,2040,310068,280601,590669
27,2040,310068,280601,590669
28,2040,310068,280601,590669
29,2040,310068,280601,590669
30,2040,310068,280601,590669
31,2040,310068,280601,590669
32,2040,310068,280601,590669
33,2040,310068,280601,590669
34,2040,310068,280601,590669
35,2040,310068,280601,590669
36,2040,310068,280601,590669
37,2040,310106,280601,590707
38,2040,310106,280601,590707
39,2040,310106,280601,590707
40,2040,310106,280601,590707
41,2040,310504,280601,591105
42,2040,310504,280601,591105
43,2040,310504,280601,591105
44,2040,310371,280615,590986
45,2040,310371,280615,590986
46,2040,310431,280601,591032
47,2040,310431,280601,591032
48,2040,310431,280601,591032
49,2040,310431,280601,591032
50,2040,310431,280601,591032
51,2040,310431,280601,591032
52,2040,310431,280601,591032
53,2040,310431,280601,591032
54,2040,310431,280601,591032
55,2040,310431,280601,591032
56,2040,310431,280601,591032
57,2040,310431,280601,591032
58,2040,310431,280601,591032
59,2040,310431,280601,591032
60,2040,310425,280601,591026
61,2040,310396,280601,590997
62,2040,310384,280601,590985
63,2040,310452,280601,591053
64,2040,310622,280615,591237
65,2040,310565,280615,591180
66,2040,310466,280601,591067
67,2040,310560,280601,591161
68,2040,310503,280601,591104
69,2040,310459,280601,591060
70,2040,310415,280601,591016
71,2040,310321,280601,590922
72,2040,310394,280611,591005
73,2040,310297,280601,590898
74,2040,310297,280601,590898
75,2040,310297,280601,590898
76,2040,310297,280601,590898
77,2040,310297,280601,590898
78,2040,316765,303090,619855
79,2040,316576,303067,619643
80,2040,316701,303735,620436
81,2040,316971,305349,622320
82,2040,316971,305349,622320
83,2040,316971,305349,622320
84,2040,316971,305349,622320
85,2040,316971,305349,622320
86,2040,316971,305349,622320
87,2040,316971,305349,622320
88,2040,316971,305349,622320
89,2040,316971,305349,622320
90,2040,316971,305349,622320
91,2040,316971,305349,622320
92,2040,316971,305349,622320
93,2040,316971,305349,622320
94,2040,316971,305349,622320
95,2040,316971,305349,622320
96,2040,316971,305349,622320
97,2040,316971,305349,622320
98,2040,316971,305349,622320
99,2040,316971,305349,622320
100,2040,316971,305349,622320
0,2040,290394,273022,563416
1,2040,290394,272960,563354
2,2040,290359,272960,563319
3,2040,290259,272886,563145
4,2040,290454,272808,563262
5,2040,291611,274441,566052
6,2040,290844,274238,565082
7,2040,290993,274439,565432
8,2040,292558,275788,568346
9,2040,292683,276220,568903
10,2040,290916,274282,565198
11,2040,292270,275799,568069
12,2040,292527,276121,568648
13,2040,293904,275836,569740
14,2040,293814,275619,569433
15,2040,296491,275550,572041
16,2040,296013,275404,571417
17,2040,300549,276014,576563
18,2040,303703,277256,580959
19,2040,304886,279668,584554
20,2040,307763,280642,588405
21,2040,308577,280432,589009
22,2040,309209,280601,589810
23,2040,309657,280601,590258
24,2040,309658,280601,590259
25,2040,309658,280601,590259
26,2040,309658,280601,590259
27,2040,309658,280601,590259
28,2040,309658,280601,590259
29,2040,309658,280601,590259
30,2040,309658,280601,590259
31,2040,309658,280601,590259
32,2040,309658,280601,590259
33,2040,309658,280601,590259
34,2040,309658,280601,590259
35,2040,309658,280601,590259
36,2040,309658,280601,590259
37,2040,309666,280681,590347
38,2040,309666,280681,590347
39,2040,309666,280681,590347
40,2040,309666,280681,590347
41,2040,310400,280705,591105
42,2040,310400,280705,591105
43,2040,310400,280705,591105
44,2040,310418,280719,591137
45,2040,310418,280719,591137
46,2040,310454,280719,591173
47,2040,310454,280719,591173
48,2040,310454,280719,591173
49,2040,310454,280719,591173
50,2040,310454,280719,591173
51,2040,310454,280719,591173
52,2040,310454,280719,591173
53,2040,310454,280719,591173
54,2040,310454,280719,591173
55,2040,310454,280719,591173
56,2040,310454,280719,591173
57,2040,310454,280719,591173
58,2040,310454,280719,591173
59,2040,310454,280719,591173
60,2040,310454,280719,591173
61,2040,310425,280719,591144
62,2040,310355,280719,591074
63,2040,310557,280719,591276
64,2040,310622,280709,591331
65,2040,310657,280709,591366
66,2040,310551,280719,591270
67,2040,310578,280709,591287
68,2040,310595,280719,591314
69,2040,310527,280719,591246
70,2040,310501,280719,591220
71,2040,310167,280719,590886
72,2040,310365,280719,591084
73,2040,310097,280705,590802
74,2040,310097,280705,590802
75,2040,310097,280705,590802
76,2040,310097,280705,590802
77,2040,310097,280705,590802
78,2040,316031,304649,620680
79,2040,316015,304523,620538
80,2040,316491,304884,621375
81,2040,317021,307179,624200
82,2040,317021,307179,624200
83,2040,317021,307179,624200
84,2040,317021,307179,624200
85,2040,317021,307179,624200
86,2040,317021,307179,624200
87,2040,317021,307179,624200
88,2040,317021,307179,624200
89,2040,317021,307179,624200
90,2040,317021,307179,624200
91,2040,317021,307179,624200
92,2040,317021,307179,624200
93,2040,317021,307179,624200
94,2040,317021,307179,624200
95,2040,317021,307179,624200
96,2040,317021,307179,624200
97,2040,317021,307179,624200
98,2040,317021,307179,624200
99,2040,317021,307179,624200
100,2040,317021,307179,624200
0,2040,291389,273588,564977
1,2040,291361,273588,564949
2,2040,291342,273588,564930
3,2040,290486,273473,563959
4,2040,291427,273538,564965
5,2040,292690,275544,568234
6,2040,291841,274747,566588
7,2040,291918,275199,567117
8,2040,292254,275800,568054
9,2040,291248,275379,566627
10,2040,292120,274848,566968
11,2040,292386,276244,568630
12,2040,292471,275750,568221
13,2040,293842,275635,569477
14,2040,294684,275923,570607
15,2040,295202,274951,570153
16,2040,296309,275544,571853
17,2040,300680,275961,576641
18,2040,306176,277396,583572
19,2040,304844,279082,583926
20,2040,307760,280252,588012
21,2040,308575,280608,589183
22,2040,309265,280695,589960
23,2040,309759,280695,590454
24,2040,309761,280695,590456
25,2040,309761,280695,590456
26,2040,309761,280695,590456
27,2040,309761,280695,590456
28,2040,309761,280695,590456
29,2040,309761,280695,590456
30,2040,309761,280695,590456
31,2040,309761,280695,590456
32,2040,309761,280695,590456
33,2040,309761,280695,590456
34,2040,309761,280695,590456
35,2040,309761,280695,590456
36,2040,309761,280695,590456
37,2040,309760,280695,590455
38,2040,309760,280695,590455
39,2040,309760,280695,590455
40,2040,309760,280695,590455
41,2040,310532,280719,591251
42,2040,310532,280719,591251
43,2040,310532,280719,591251
44,2040,310612,280709,591321
45,2040,310612,280709,591321
46,2040,310612,280709,591321
47,2040,310612,280709,591321
48,2040,310612,280709,591321
49,2040,310612,280709,591321
50,2040,310612,280709,591321
51,2040,310612,280709,591321
52,2040,310612,280709,591321
53,2040,310612,280709,591321
54,2040,310612,280709,591321
55,2040,310612,280709,591321
56,2040,310612,280709,591321
57,2040,310612,280709,591321
58,2040,310612,280709,591321
59,2040,310612,280709,591321
60,2040,310612,280709,591321
61,2040,310583,280709,591292
62,2040,310342,280719,591061
63,2040,310663,280709,591372
64,2040,310791,280709,591500
65,2040,310817,280709,591526
66,2040,310711,280709,591420
67,2040,310719,280709,591428
68,2040,310627,280709,591336
69,2040,310569,280709,591278
70,2040,310553,280709,591262
71,2040,310114,280719,590833
72,2040,310402,280719,591121
73,2040,310099,280695,590794
74,2040,310099,280695,590794
75,2040,310099,280695,590794
76,2040,310099,280695,590794
77,2040,310099,280695,590794
78,2040,316416,306500,622916
79,2040,316414,306851,623265
80,2040,317112,306603,623715
81,2040,320548,305311,625859
82,2040,320548,305311,625859
83,2040,320548,305311,625859
84,2040,320548,305311,625859
85,2040,320548,305311,625859
86,2040,320548,305311,625859
87,2040,320548,305311,625859
88,2040,320548,305311,625859
89,2040,320548,305311,625859
90,2040,320548,305311,625859
91,2040,320548,305311,625859
92,2040,320548,305311,625859
93,2040,320548,305311,625859
94,2040,320548,305311,625859
95,2040,320548,305311,625859
96,2040,320548,305311,625859
97,2040,320548,305311,625859
98,2040,320548,305311,625859
99,2040,320548,305311,625859
100,2040,320548,305311,625859
0,2040,292751,275522,568273
1,2040,292768,275518,568286
2,2040,292769,275518,568287
3,2040,291789,274356,566145
4,2040,293025,274710,567735
5,2040,292813,276399,569212
6,2040,292765,276223,568988
7,2040,292672,276268,568940
8,2040,292330,276276,568606
9,2040,291393,275989,567382
10,2040,292673,276157,568830
11,2040,291584,275622,567206
12,2040,292581,275830,568411
13,2040,294134,275933,570067
14,2040,295041,276344,571385
15,2040,297727,275310,573037
16,2040,296109,275747,571856
17,2040,313874,275931,589805
18,2040,305144,277547,582691
19,2040,305947,279202,585149
20,2040,308539,280233,588772
21,2040,309150,280634,589784
22,2040,309340,280727,590067
23,2040,309735,280695,590430
24,2040,309736,280695,590431
25,2040,309736,280695,590431
26,2040,309736,280695,590431
27,2040,309736,280695,590431
28,2040,309736,280695,590431
29,2040,309736,280695,590431
30,2040,309736,280695,590431
31,2040,309736,280695,590431
32,2040,309736,280695,590431
33,2040,309736,280695,590431
34,2040,309736,280695,590431
35,2040,309736,280695,590431
36,2040,309736,280695,590431
37,2040,309736,280695,590431
38,2040,309736,280695,590431
39,2040,309736,280695,590431
40,2040,309736,280695,590431
41,2040,310615,280709,591324
42,2040,310615,280709,591324
43,2040,310615,280709,591324
44,2040,310580,280709,591289
45,2040,310580,280709,591289
46,2040,310589,280709,591298
47,2040,310589,280709,591298
48,2040,310589,280709,591298
49,2040,310589,280709,591298
50,2040,310589,280709,591298
51,2040,310589,280709,591298
52,2040,310589,280709,591298
53,2040,310589,280709,591298
54,2040,310589,280709,591298
55,2040,310589,280709,591298
56,2040,310589,280709,591298
57,2040,310589,280709,591298
58,2040,310589,280709,591298
59,2040,310589,280709,591298
60,2040,310589,280709,591298
61,2040,310560,280709,591269
62,2040,310362,280719,591081
63,2040,310688,280709,591397
64,2040,310777,280709,591486
65,2040,310815,280709,591524
66,2040,310706,280709,591415
67,2040,310743,280709,591452
68,2040,310757,280709,591466
69,2040,310692,280709,591401
70,2040,310676,280709,591385
71,2040,310183,280695,590878
72,2040,310549,280719,591268
73,2040,310133,280695,590828
74,2040,310133,280695,590828
75,2040,310133,280695,590828
76,2040,310133,280695,590828
77,2040,310133,280695,590828
78,2040,319143,305453,624596
79,2040,319327,305676,625003
80,2040,319274,305068,624342
81,2040,318978,306401,625379
82,2040,318978,306401,625379
83,2040,318978,306401,625379
84,2040,318978,306401,625379
85,2040,318978,306401,625379
86,2040,318978,306401,625379
87,2040,318978,306401,625379
88,2040,318978,306401,625379
89,2040,318978,306401,625379
90,2040,318978,306401,625379
91,2040,318978,306401,625379
92,2040,318978,306401,625379
93,2040,318978,306401,625379
94,2040,318978,306401,625379
95,2040,318978,306401,625379
96,2040,318978,306401,625379
97,2040,318978,306401,625379
98,2040,318978,306401,625379
99,2040,318978,306401,625379
100,2040,318978,306401,625379
0,2040,292327,275510,567837
1,2040,292327,275659,567986
2,2040,292320,275647,567967
3,2040,292875,275527,568402
4,2040,292828,275721,568549
5,2040,291154,274409,565563
6,2040,291431,275516,566947
7,2040,291405,275336,566741
8,2040,290990,275061,566051
9,2040,292128,275695,567823
10,2040,291559,275769,567328
11,2040,291377,275586,566963
12,2040,293155,276000,569155
13,2040,294189,275958,570147
14,2040,295769,275717,571486
15,2040,297153,275649,572802
16,2040,295944,275372,571316
17,2040,307331,276682,584013
18,2040,304499,277441,581940
19,2040,307335,279222,586557
20,2040,309367,280247,589614
21,2040,309425,280514,589939
22,2040,309452,280752,590204
23,2040,309762,280695,590457
24,2040,309764,280695,590459
25,2040,309764,280695,590459
26,2040,309764,280695,590459
27,2040,309764,280695,590459
28,2040,309764,280695,590459
29,2040,309764,280695,590459
30,2040,309764,280695,590459
31,2040,309764,280695,590459
32,2040,309764,280695,590459
33,2040,309764,280695,590459
34,2040,309764,280695,590459
35,2040,309764,280695,590459
36,2040,309764,280695,590459
37,2040,309738,280695,590433
38,2040,309738,280695,590433
39,2040,309738,280695,590433
40,2040,309738,280695,590433
41,2040,310581,280709,591290
42,2040,310581,280709,591290
43,2040,310581,280709,591290
44,2040,310522,280709,591231
45,2040,310522,280709,591231
46,2040,310522,280709,591231
47,2040,310522,280709,591231
48,2040,310522,280709,591231
49,2040,310522,280709,591231
50,2040,310522,280709,591231
51,2040,310522,280709,591231
52,2040,310522,280709,591231
53,2040,310522,280709,591231
54,2040,310522,280709,591231
55,2040,310522,280709,591231
56,2040,310522,280709,591231
57,2040,310522,280709,591231
58,2040,310522,280709,591231
59,2040,310522,280709,591231
60,2040,310522,280709,591231
61,2040,310493,280709,591202
62,2040,310500,280719,591219
63,2040,310622,280709,591331
64,2040,310711,280709,591420
65,2040,310854,280709,591563
66,2040,310736,280709,591445
67,2040,310677,280709,591386
68,2040,310743,280709,591452
69,2040,310668,280709,591377
70,2040,310642,280709,591351
71,2040,310117,280719,590836
72,2040,310404,280709,591113
73,2040,310176,280695,590871
74,2040,310176,280695,590871
75,2040,310176,280695,590871
76,2040,310176,280695,590871
77,2040,310176,280695,590871
78,2040,317218,306629,623847
79,2040,317604,306070,623674
80,2040,317715,306312,624027
81,2040,319435,304795,624230
82,2040,319435,304795,624230
83,2040,319435,304795,624230
84,2040,319435,304795,624230
85,2040,319435,304795,624230
86,2040,319435,304795,624230
87,2040,319435,304795,624230
88,2040,319435,304795,624230
89,2040,319435,304795,624230
90,2040,319435,304795,624230
91,2040,319435,304795,624230
92,2040,319435,304795,624230
93,2040,319435,304795,624230
94,2040,319435,304795,624230
95,2040,319435,304795,624230
96,2040,319435,304795,624230
97,2040,319435,304795,624230
98,2040,319435,304795,624230
99,2040,319435,304795,624230
100,2040,319435,304795,624230
0,2040,292237,275533,567770
1,2040,292258,275489,567747
2,2040,292255,275489,567744
3,2040,292520,275565,568085
4,2040,292646,275922,568568
5,2040,290941,274761,565702
6,2040,291650,275540,567190
7,2040,291571,275602,567173
8,2040,290150,274568,564718
9,2040,292443,275886,568329
10,2040,291915,275595,567510
11,2040,292561,275926,568487
12,2040,293011,276402,569413
13,2040,293947,275772,569719
14,2040,294479,275523,570002
15,2040,297722,275788,573510
16,2040,296132,275359,571491
17,2040,303346,276680,580026
18,2040,304374,277451,581825
19,2040,307952,279352,587304
20,2040,309700,280525,590225
21,2040,308980,280464,589444
22,2040,309470,280601,590071
23,2040,309775,280616,590391
24,2040,309777,280616,590393
25,2040,309777,280616,590393
26,2040,309777,280616,590393
27,2040,309777,280616,590393
28,2040,309777,280616,590393
29,2040,309777,280616,590393
30,2040,309777,280616,590393
31,2040,309777,280616,590393
32,2040,309777,280616,590393
33,2040,309777,280616,590393
34,2040,309777,280616,590393
35,2040,309777,280616,590393
36,2040,309777,280616,590393
37,2040,309777,280616,590393
38,2040,309777,280616,590393
39,2040,309777,280616,590393
40,2040,309777,280616,590393
41,2040,310522,280709,591231
42,2040,310522,280709,591231
43,2040,310522,280709,591231
44,2040,310523,280709,591232
45,2040,310523,280709,591232
46,2040,310523,280709,591232
47,2040,310523,280709,591232
48,2040,310523,280709,591232
49,2040,310523,280709,591232
50,2040,310523,280709,591232
51,2040,310523,280709,591232
52,2040,310523,280709,591232
53,2040,310523,280709,591232
54,2040,310523,280709,591232
55,2040,310523,280709,591232
56,2040,310523,280709,591232
57,2040,310523,280709,591232
58,2040,310523,280709,591232
59,2040,310523,280709,591232
60,2040,310523,280709,591232
61,2040,310494,280709,591203
62,2040,310481,280709,591190
63,2040,310622,280709,591331
64,2040,310711,280709,591420
65,2040,310728,280709,591437
66,2040,310677,280709,591386
67,2040,310677,280709,591386
68,2040,310677,280709,591386
69,2040,310602,280709,591311
70,2040,310576,280709,591285
71,2040,310117,280695,590812
72,2040,310481,280719,591200
73,2040,310143,280719,590862
74,2040,310143,280719,590862
75,2040,310143,280719,590862
76,2040,310143,280719,590862
77,2040,310143,280719,590862
78,2040,319280,304872,624152
79,2040,317218,306403,623621
80,2040,318885,305538,624423
81,2040,315816,304901,620717
82,2040,315816,304901,620717
83,2040,315816,304901,620717
84,2040,315816,304901,620717
85,2040,315816,304901,620717
86,2040,315816,304901,620717
87,2040,315816,304901,620717
88,2040,315816,304901,620717
89,2040,315816,304901,620717
90,2040,315816,304901,620717
91,2040,315816,304901,620717
92,2040,315816,304901,620717
93,2040,315816,304901,620717
94,2040,315816,304901,620717
95,2040,315816,304901,620717
96,2040,315816,304901,620717
97,2040,315816,304901,620717
98,2040,315816,304901,620717
99,2040,315816,304901,620717
100,2040,315816,304901,620717
0,2040,292050,274642,566692
1,2040,291992,274566,566558
2,2040,292049,274566,566615
3,2040,292288,275393,567681
4,2040,292350,275433,567783
5,2040,291665,275418,567083
6,2040,292616,275683,568299
7,2040,292591,275714,568305
8,2040,289388,272724,562112
9,2040,292120,275796,567916
10,2040,292494,275697,568191
11,2040,292571,276455,569026
12,2040,292461,275605,568066
13,2040,293891,275625,569516
14,2040,294576,275565,570141
15,2040,296947,275357,572304
16,2040,296197,275623,571820
17,2040,302139,276579,578718
18,2040,304368,277408,581776
19,2040,309074,279536,588610
20,2040,308796,280425,589221
21,2040,308818,280514,589332
22,2040,309431,280601,590032
23,2040,309749,280616,590365
24,2040,309751,280616,590367
25,2040,309751,280616,590367
26,2040,309751,280616,590367
27,2040,309751,280616,590367
28,2040,309751,280616,590367
29,2040,309751,280616,590367
30,2040,309751,280616,590367
31,2040,309751,280616,590367
32,2040,309751,280616,590367
33,2040,309751,280616,590367
34,2040,309751,280616,590367
35,2040,309751,280616,590367
36,2040,309751,280616,590367
37,2040,309751,280616,590367
38,2040,309751,280616,590367
39,2040,309751,280616,590367
40,2040,309751,280616,590367
41,2040,310523,280709,591232
42,2040,310523,280709,591232
43,2040,310523,280709,591232
44,2040,310523,280709,591232
45,2040,310523,280709,591232
46,2040,310523,280709,591232
47,2040,310523,280709,591232
48,2040,310523,280709,591232
49,2040,310523,280709,591232
50,2040,310523,280709,591232
51,2040,310523,280709,591232
52,2040,310523,280709,591232
53,2040,310523,280709,591232
54,2040,310523,280709,591232
55,2040,310523,280709,591232
56,2040,310523,280709,591232
57,2040,310523,280709,591232
58,2040,310523,280709,591232
59,2040,310523,280709,591232
60,2040,310523,280709,591232
61,2040,310502,280709,591211
62,2040,310533,280709,591242
63,2040,310629,280709,591338
64,2040,310711,280709,591420
65,2040,310748,280709,591457
66,2040,310677,280709,591386
67,2040,310677,280709,591386
68,2040,310677,280709,591386
69,2040,310602,280709,591311
70,2040,310576,280709,591285
71,2040,310117,280695,590812
72,2040,310465,280709,591174
73,2040,310117,280719,590836
74,2040,310117,280719,590836
75,2040,310117,280719,590836
76,2040,310117,280719,590836
77,2040,310117,280719,590836
78,2040,317018,305496,622514
79,2040,319763,304916,624679
80,2040,316558,305659,622217
81,2040,315093,304229,619322
82,2040,315093,304229,619322
83,2040,315093,304229,619322
84,2040,315093,304229,619322
85,2040,315093,304229,619322
86,2040,315093,304229,619322
87,2040,315093,304229,619322
88,2040,315093,304229,619322
89,2040,315093,304229,619322
90,2040,315093,304229,619322
91,2040,315093,304229,619322
92,2040,315093,304229,619322
93,2040,315093,304229,619322
94,2040,315093,304229,619322
95,2040,315093,304229,619322
96,2040,315093,304229,619322
97,2040,315093,304229,619322
98,2040,315093,304229,619322
99,2040,315093,304229,619322
100,2040,315093,304229,619322
0,2040,292467,275809,568276
1,2040,292460,275777,568237
2,2040,292457,275777,568234
3,2040,292245,275154,567399
4,2040,292274,275644,567918
5,2040,292620,276606,569226
6,2040,292731,276392,569123
7,2040,292547,276434,568981
8,2040,290424,273014,563438
9,2040,292125,275680,567805
10,2040,292649,276206,568855
11,2040,291627,275325,566952
12,2040,292214,276093,568307
13,2040,294275,275933,570208
14,2040,294898,275677,570575
15,2040,296696,275498,572194
16,2040,296083,275608,571691
17,2040,302392,276114,578506
18,2040,304800,277408,582208
19,2040,308341,280112,588453
20,2040,308246,280444,588690
21,2040,308721,280514,589235
22,2040,309400,280616,590016
23,2040,309775,280616,590391
24,2040,309777,280616,590393
25,2040,309777,280616,590393
26,2040,309777,280616,590393
27,2040,309777,280616,590393
28,2040,309777,280616,590393
29,2040,309777,280616,590393
30,2040,309777,280616,590393
31,2040,309777,280616,590393
32,2040,309777,280616,590393
33,2040,309777,280616,590393
34,2040,309777,280616,590393
35,2040,309777,280616,590393
36,2040,309777,280616,590393
37,2040,309751,280616,590367
38,2040,309751,280616,590367
39,2040,309751,280616,590367
40,2040,309751,280616,590367
41,2040,310523,280709,591232
42,2040,310523,280709,591232
43,2040,310523,280709,591232
44,2040,310523,280709,591232
45,2040,310523,280709,591232
46,2040,310523,280709,591232
47,2040,310523,280709,591232
48,2040,310523,280709,591232
49,2040,310523,280709,591232
50,2040,310523,280709,591232
51,2040,310523,280709,591232
52,2040,310523,280709,591232
53,2040,310523,280709,591232
54,2040,310523,280709,591232
55,2040,310523,280709,591232
56,2040,310523,280709,591232
57,2040,310523,280709,591232
58,2040,310523,280709,591232
59,2040,310523,280709,591232
60,2040,310523,280709,591232
61,2040,310502,280709,591211
62,2040,310490,280709,591199
63,2040,310629,280709,591338
64,2040,310711,280709,591420
65,2040,310728,280709,591437
66,2040,310677,280709,591386
67,2040,310677,280709,591386
68,2040,310677,280709,591386
69,2040,310609,280709,591318
70,2040,310583,280709,591292
71,2040,310117,280695,590812
72,2040,310465,280709,591174
73,2040,310117,280695,590812
74,2040,310117,280695,590812
75,2040,310117,280695,590812
76,2040,310117,280695,590812
77,2040,310117,280695,590812
78,2040,315589,306728,622317
79,2040,317850,304290,622140
80,2040,315286,304700,619986
81,2040,313486,303270,616756
82,2040,313486,303270,616756
83,2040,313486,303270,616756
84,2040,313486,303270,616756
85,2040,313486,303270,616756
86,2040,313486,303270,616756
87,2040,313486,303270,616756
88,2040,313486,303270,616756
89,2040,313486,303270,616756
90,2040,313486,303270,616756
91,2040,313486,303270,616756
92,2040,313486,303270,616756
93,2040,313486,303270,616756
94,2040,313486,303270,616756
95,2040,313486,303270,616756
96,2040,313486,303270,616756
97,2040,313486,303270,616756
98,2040,313486,303270,616756
99,2040,313486,303270,616756
100,2040,313486,303270,616756
0,2040,292071,275839,567910
1,2040,292089,275900,567989
2,2040,292086,275900,567986
3,2040,292381,275949,568330
4,2040,292447,276194,568641
5,2040,291076,274117,565193
6,2040,291032,274854,565886
7,2040,290997,274886,565883
8,2040,291455,273560,565015
9,2040,292220,275875,568095
10,2040,291207,275214,566421
11,2040,291288,275553,566841
12,2040,293021,276358,569379
13,2040,294152,276089,570241
14,2040,295132,275773,570905
15,2040,295672,275405,571077
16,2040,296009,275276,571285
17,2040,303498,276207,579705
18,2040,304580,277399,581979
19,2040,307593,280366,587959
20,2040,308648,280447,589095
21,2040,309185,280529,589714
22,2040,309411,280647,590058
23,2040,309775,280616,590391
24,2040,309777,280624,590401
25,2040,309777,280624,590401
26,2040,309777,280624,590401
27,2040,309777,280624,590401
28,2040,309777,280624,590401
29,2040,309777,280624,590401
30,2040,309777,280624,590401
31,2040,309777,280624,590401
32,2040,309777,280624,590401
33,2040,309777,280624,590401
34,2040,309777,280624,590401
35,2040,309777,280624,590401
36,2040,309777,280624,590401
37,2040,309777,280616,590393
38,2040,309777,280616,590393
39,2040,309777,280616,590393
40,2040,309777,280616,590393
41,2040,310523,280709,591232
42,2040,310523,280709,591232
43,2040,310523,280709,591232
44,2040,310523,280709,591232
45,2040,310523,280709,591232
46,2040,310523,280709,591232
47,2040,310523,280709,591232
48,2040,310523,280709,591232
49,2040,310523,280709,591232
50,2040,310523,280709,591232
51,2040,310523,280709,591232
52,2040,310523,280709,591232
53,2040,310523,280709,591232
54,2040,310523,280709,591232
55,2040,310523,280709,591232
56,2040,310523,280709,591232
57,2040,310523,280709,591232
58,2040,310523,280709,591232
59,2040,310523,280709,591232
60,2040,310523,280709,591232
61,2040,310502,280709,591211
62,2040,310482,280709,591191
63,2040,310622,280709,591331
64,2040,310711,280709,591420
65,2040,310776,280709,591485
66,2040,310677,280709,591386
67,2040,310677,280709,591386
68,2040,310677,280709,591386
69,2040,310609,280709,591318
70,2040,310583,280709,591292
71,2040,310117,280695,590812
72,2040,310465,280709,591174
73,2040,310117,280695,590812
74,2040,310117,280695,590812
75,2040,310117,280695,590812
76,2040,310117,280695,590812
77,2040,310117,280695,590812
78,2040,319253,303696,622949
79,2040,314882,303302,618184
80,2040,314483,304209,618692
81,2040,313400,302807,616207
82,2040,313400,302807,616207
83,2040,313400,302807,616207
84,2040,313400,302807,616207
85,2040,313400,302807,616207
86,2040,313400,302807,616207
87,2040,313400,302807,616207
88,2040,313400,302807,616207
89,2040,313400,302807,616207
90,2040,313400,302807,616207
91,2040,313400,302807,616207
92,2040,313400,302807,616207
93,2040,313400,302807,616207
94,2040,313400,302807,616207
95,2040,313400,302807,616207
96,2040,313400,302807,616207
97,2040,313400,302807,616207
98,2040,313400,302807,616207
99,2040,313400,302807,616207
100,2040,313400,302807,616207
0,2040,268214,238812,507026
1,2040,268190,238812,507002
2,2040,268210,238817,507027
3,2040,268260,238817,507077
4,2040,268209,244004,512213
5,2040,267515,241985,509500
6,2040,267991,239841,507832
7,2040,267973,244049,512022
8,2040,266130,244289,510419
9,2040,268985,244465,513450
10,2040,291191,275417,566608
11,2040,292570,276264,568834
12,2040,268183,244129,512312
13,2040,293667,275662,569329
14,2040,269444,264083,533527
15,2040,278323,264829,543152
16,2040,296079,275458,571537
17,2040,303614,296298,599912
18,2040,305220,294465,599685
19,2040,309718,294446,604164
20,2040,309655,296351,606006
21,2040,310028,293555,603583
22,2040,310366,294450,604816
23,2040,311830,301724,613554
24,2040,313226,303708,616934
25,2040,356439,378118,734557
26,2040,471848,458204,930052
27,2040,464977,458848,923825
28,2040,464977,458848,923825
29,2040,464977,458848,923825
30,2040,471254,459778,931032
31,2040,472230,458633,930863
32,2040,469023,460412,929435
33,2040,469102,460412,929514
34,2040,477391,463686,941077
35,2040,478055,465595,943650
36,2040,479666,469676,949342
37,2040,480425,470591,951016
38,2040,481291,474292,955583
39,2040,482539,474625,957164
40,2040,484602,478939,963541
41,2040,484855,480287,965142
42,2040,485053,483142,968195
43,2040,356318,378640,734958
44,2040,356457,378690,735147
45,2040,356519,378690,735209
46,2040,356519,378690,735209
47,2040,357200,378690,735890
48,2040,357200,378690,735890
49,2040,357200,378690,735890
50,2040,357200,378690,735890
51,2040,357213,378690,735903
52,2040,356633,378690,735323
53,2040,357213,378690,735903
54,2040,357213,378690,735903
55,2040,357213,378690,735903
56,2040,315885,305769,621654
57,2040,315885,305769,621654
58,2040,315885,305769,621654
59,2040,315709,305769,621478
60,2040,315709,305769,621478
61,2040,318263,306041,624304
62,2040,318263,306041,624304
63,2040,316637,305769,622406
64,2040,315983,305769,621752
65,2040,315983,305769,621752
66,2040,315983,305769,621752
67,2040,312976,304841,617817
68,2040,283134,304564,587698
69,2040,282997,304318,587315
70,2040,277638,304160,581798
71,2040,270921,306348,577269
72,2040,282801,304318,587119
73,2040,270563,305154,575717
74,2040,270221,305154,575375
75,2040,270219,305354,575573
76,2040,272545,304578,577123
77,2040,281942,279022,560964
78,2040,314976,302431,617407
79,2040,309780,301029,610809
80,2040,307240,291248,598488
81,2040,308267,295149,603416
82,2040,306172,202690,508862
83,2040,306172,202690,508862
84,2040,306172,202780,508952
85,2040,306172,206240,512412
86,2040,306172,197748,503920
87,2040,306172,195285,501457
88,2040,306172,195285,501457
89,2040,306172,195285,501457
90,2040,306172,195285,501457
91,2040,306172,195285,501457
92,2040,306172,195285,501457
93,2040,306172,195285,501457
94,2040,306172,195285,501457
95,2040,306172,195285,501457
96,2040,306172,195285,501457
97,2040,306172,195285,501457
98,2040,306172,195285,501457
99,2040,306172,195285,501457
100,2040,306172,195285,501457
0,2040,264951,221043,485994
1,2040,264973,225211,490184
2,2040,265032,236826,501858
3,2040,265402,226221,491623
4,2040,267000,237065,504065
5,2040,262017,237267,499284
6,2040,266652,237802,504454
7,2040,266442,237674,504116
8,2040,259980,237499,497479
9,2040,268858,269398,538256
10,2040,292198,275741,567939
11,2040,291715,275941,567656
12,2040,292115,275941,568056
13,2040,293958,275737,569695
14,2040,293030,276289,569319
15,2040,283209,272850,556059
16,2040,271225,265220,536445
17,2040,306683,294506,601189
18,2040,308979,293935,602914
19,2040,310171,296933,607104
20,2040,310338,294490,604828
21,2040,311439,296421,607860
22,2040,312847,294665,607512
23,2040,315037,301261,616298
24,2040,315770,304093,619863
25,2040,361561,380613,742174
26,2040,365256,402172,767428
27,2040,365256,402172,767428
28,2040,474572,463247,937819
29,2040,474572,463247,937819
30,2040,472425,463511,935936
31,2040,471561,460535,932096
32,2040,475049,463250,938299
33,2040,475139,463250,938389
34,2040,475184,463970,939154
35,2040,476680,465745,942425
36,2040,481679,472721,954400
37,2040,481674,473487,955161
38,2040,482715,475630,958345
39,2040,483880,475935,959815
40,2040,486370,479386,965756
41,2040,486593,481283,967876
42,2040,486570,484385,970955
43,2040,485085,483993,969078
44,2040,361908,381135,743043
45,2040,361908,381135,743043
46,2040,361908,381135,743043
47,2040,361966,381134,743100
48,2040,361966,381134,743100
49,2040,361966,381134,743100
50,2040,361966,381134,743100
51,2040,361966,381134,743100
52,2040,361966,381135,743101
53,2040,361966,381134,743100
54,2040,484550,486261,970811
55,2040,361966,381134,743100
56,2040,356461,378690,735151
57,2040,321742,307258,629000
58,2040,322685,305412,628097
59,2040,317450,307371,624821
60,2040,317450,307371,624821
61,2040,319736,308796,628532
62,2040,321280,307121,628401
63,2040,345123,372476,717599
64,2040,321680,306060,627740
65,2040,318122,307224,625346
66,2040,285087,306072,591159
67,2040,319143,307275,626418
68,2040,284945,306826,591771
69,2040,271162,306574,577736
70,2040,268712,306574,575286
71,2040,267454,310070,577524
72,2040,268561,306412,574973
73,2040,266856,305428,572284
74,2040,267179,305873,573052
75,2040,267038,305763,572801
76,2040,267598,305024,572622
77,2040,268290,305385,573675
78,2040,313758,302161,615919
79,2040,308444,262147,570591
80,2040,309008,246487,555495
81,2040,308865,230206,539071
82,2040,308713,200618,509331
83,2040,308713,200618,509331
84,2040,308713,200618,509331
85,2040,308713,201495,510208
86,2040,308713,195178,503891
87,2040,308713,193070,501783
88,2040,308713,193070,501783
89,2040,308713,193070,501783
90,2040,308713,193070,501783
91,2040,308713,193070,501783
92,2040,308713,193070,501783
93,2040,308713,193070,501783
94,2040,308713,193070,501783
95,2040,308713,193070,501783
96,2040,308713,193070,501783
97,2040,308713,193070,501783
98,2040,308713,193070,501783
99,2040,308713,193070,501783
100,2040,308713,193070,501783
0,2040,284820,274038,558858
1,2040,259115,236700,495815
2,2040,269196,237161,506357
3,2040,268625,237443,506068
4,2040,265419,237635,503054
5,2040,256489,237386,493875
6,2040,259944,237961,497905
7,2040,259415,244989,504404
8,2040,257317,244868,502185
9,2040,261756,245247,507003
10,2040,269070,244670,513740
11,2040,266294,244129,510423
12,2040,293755,283062,576817
13,2040,294133,275848,569981
14,2040,296222,293645,589867
15,2040,294347,295460,589807
16,2040,285083,272921,558004
17,2040,300933,291235,592168
18,2040,302754,294025,596779
19,2040,303372,292362,595734
20,2040,303937,291357,595294
21,2040,312058,300393,612451
22,2040,310401,292842,603243
23,2040,315476,301813,617289
24,2040,316623,304993,621616
25,2040,305802,319123,624925
26,2040,308880,321486,630366
27,2040,314734,322880,637614
28,2040,361180,371541,732721
29,2040,476095,464227,940322
30,2040,475937,464470,940407
31,2040,476718,464540,941258
32,2040,476243,464427,940670
33,2040,476191,464361,940552
34,2040,477061,464645,941706
35,2040,479019,467219,946238
36,2040,482317,474669,956986
37,2040,482394,474951,957345
38,2040,483746,476763,960509
39,2040,485354,476761,962115
40,2040,486466,481697,968163
41,2040,486619,482936,969555
42,2040,486658,486014,972672
43,2040,486579,485418,971997
44,2040,485138,484241,969379
45,2040,424290,426508,850798
46,2040,357815,369971,727786
47,2040,303287,319147,622434
48,2040,310964,323260,634224
49,2040,305845,319221,625066
50,2040,305209,319694,624903
51,2040,302363,320726,623089
52,2040,308648,322352,631000
53,2040,308648,322352,631000
54,2040,364047,371003,735050
55,2040,308416,323420,631836
56,2040,361785,380903,742688
57,2040,356217,378421,734638
58,2040,321803,308347,630150
59,2040,319242,306026,625268
60,2040,318930,305921,624851
61,2040,316781,306890,623671
62,2040,321426,306716,628142
63,2040,305059,310906,615965
64,2040,321460,307341,628801
65,2040,322252,305898,628150
66,2040,321502,307508,629010
67,2040,317808,307041,624849
68,2040,318344,307787,626131
69,2040,269400,307188,576588
70,2040,267663,307199,574862
71,2040,265935,311262,577197
72,2040,266354,307188,573542
73,2040,266459,305995,572454
74,2040,265783,308122,573905
75,2040,265580,305722,571302
76,2040,268660,303773,572433
77,2040,285945,306799,592744
78,2040,312995,303041,616036
79,2040,283020,244047,527067
80,2040,283294,245015,528309
81,2040,282726,238029,520755
82,2040,281698,226467,508165
83,2040,281698,200874,482572
84,2040,281698,200874,482572
85,2040,281698,201929,483627
86,2040,281698,195188,476886
87,2040,281698,192711,474409
88,2040,281698,192711,474409
89,2040,281698,192711,474409
90,2040,281698,192711,474409
91,2040,281698,192711,474409
92,2040,281698,192711,474409
93,2040,281698,192711,474409
94,2040,281698,192711,474409
95,2040,281698,192711,474409
96,2040,281698,192711,474409
97,2040,281698,192711,474409
98,2040,281698,192711,474409
99,2040,281698,192711,474409
100,2040,281698,192711,474409
0,2040,280026,267244,547270
1,2040,248891,268142,517033
2,2040,249990,236512,486502
3,2040,257213,238692,495905
4,2040,250849,243282,494131
5,2040,261951,245203,507154
6,2040,240609,245268,485877
7,2040,252801,245821,498622
8,2040,237654,245725,483379
9,2040,243350,244265,487615
10,2040,263820,237674,501494
11,2040,284260,269746,554006
12,2040,268092,246375,514467
13,2040,294243,276045,570288
14,2040,278763,264161,542924
15,2040,296022,294134,590156
16,2040,296024,293858,589882
17,2040,282460,266264,548724
18,2040,302157,294400,596557
19,2040,309275,295320,604595
20,2040,308954,298385,607339
21,2040,312962,295170,608132
22,2040,312789,299041,611830
23,2040,315353,301933,617286
24,2040,316505,304068,620573
25,2040,322536,327942,650478
26,2040,322878,326732,649610
27,2040,303826,323304,627130
28,2040,304507,324545,629052
29,2040,365519,376877,742396
30,2040,460257,462047,922304
31,2040,459571,460895,920466
32,2040,435922,440184,876106
33,2040,463115,462648,925763
34,2040,436869,441052,877921
35,2040,437402,441186,878588
36,2040,468230,469143,937373
37,2040,470094,470129,940223
38,2040,471748,474610,946358
39,2040,472739,474967,947706
40,2040,476173,479564,955737
41,2040,477527,483040,960567
42,2040,478423,485155,963578
43,2040,486584,489349,975933
44,2040,486647,485965,972612
45,2040,485138,483993,969131
46,2040,372675,390478,763153
47,2040,335347,369428,704775
48,2040,330776,367676,698452
49,2040,325556,364204,689760
50,2040,324783,345218,670001
51,2040,324767,345218,669985
52,2040,324794,344260,669054
53,2040,324718,344260,668978
54,2040,302922,324289,627211
55,2040,321317,329275,650592
56,2040,311419,323156,634575
57,2040,361634,379753,741387
58,2040,356479,377590,734069
59,2040,321576,306630,628206
60,2040,321840,306963,628803
61,2040,322379,305809,628188
62,2040,321139,306305,627444
63,2040,320177,319444,639621
64,2040,319822,306238,626060
65,2040,319980,306749,626729
66,2040,322224,309231,631455
67,2040,322295,305711,628006
68,2040,283735,309262,592997
69,2040,285905,308766,594671
70,2040,267257,307385,574642
71,2040,264661,310360,575021
72,2040,265817,307385,573202
73,2040,266452,306783,573235
74,2040,285535,308023,593558
75,2040,265752,306360,572112
76,2040,267085,306537,573622
77,2040,265778,305594,571372
78,2040,314389,302488,616877
79,2040,282887,244995,527882
80,2040,283028,245057,528085
81,2040,294569,237348,531917
82,2040,283036,226475,509511
83,2040,280358,200954,481312
84,2040,280358,200954,481312
85,2040,280394,201762,482156
86,2040,268009,195188,463197
87,2040,280661,192646,473307
88,2040,280661,192646,473307
89,2040,280661,192646,473307
90,2040,280661,192646,473307
91,2040,280661,192646,473307
92,2040,280661,192646,473307
93,2040,280661,192646,473307
94,2040,280661,192646,473307
95,2040,280661,192646,473307
96,2040,280661,192646,473307
97,2040,280661,192646,473307
98,2040,280661,192646,473307
99,2040,280661,192646,473307
100,2040,280661,192646,473307
0,2040,280199,268530,548729
1,2040,276904,268361,545265
2,2040,277314,268723,546037
3,2040,282140,268735,550875
4,2040,269993,268948,538941
5,2040,281414,268559,549973
6,2040,269757,268946,538703
7,2040,269234,253168,522402
8,2040,267197,253168,520365
9,2040,270763,262578,533341
10,2040,268318,244832,513150
11,2040,283072,275229,558301
12,2040,271995,257930,529925
13,2040,293939,275731,569670
14,2040,293426,276131,569557
15,2040,292633,275093,567726
16,2040,298517,293686,592203
17,2040,308326,299329,607655
18,2040,297725,294002,591727
19,2040,312334,295070,607404
20,2040,311281,295054,606335
21,2040,303705,314856,618561
22,2040,313016,297859,610875
23,2040,313285,300706,613991
24,2040,313220,300701,613921
25,2040,325694,316671,642365
26,2040,329636,316790,646426
27,2040,330609,321879,652488
28,2040,330235,323626,653861
29,2040,328579,322530,651109
30,2040,328484,322369,650853
31,2040,343187,332716,675903
32,2040,355480,342205,697685
33,2040,347470,335047,682517
34,2040,353501,340075,693576
35,2040,468491,465135,933626
36,2040,466680,467358,934038
37,2040,467184,467730,934914
38,2040,471500,472101,943601
39,2040,473709,474800,948509
40,2040,475050,477482,952532
41,2040,475266,476944,952210
42,2040,475172,477209,952381
43,2040,478154,487432,965586
44,2040,486705,490099,976804
45,2040,486656,485574,972230
46,2040,485138,484432,969570
47,2040,485123,485948,971071
48,2040,409005,413116,822121
49,2040,409005,413116,822121
50,2040,387063,398261,785324
51,2040,387022,398230,785252
52,2040,387010,398215,785225
53,2040,387022,398215,785237
54,2040,356057,385542,741599
55,2040,383524,397917,781441
56,2040,325863,343123,668986
57,2040,303908,324183,628091
58,2040,362684,388751,751435
59,2040,357600,378585,736185
60,2040,357600,378585,736185
61,2040,324439,305374,629813
62,2040,324312,303491,627803
63,2040,330083,317224,647307
64,2040,322265,305710,627975
65,2040,323422,304582,628004
66,2040,319385,305280,624665
67,2040,321466,305585,627051
68,2040,319814,336381,656195
69,2040,282670,326194,608864
70,2040,270617,331157,601774
71,2040,269354,332100,601454
72,2040,269103,327887,596990
73,2040,268015,332527,600542
74,2040,268417,332980,601397
75,2040,266701,333828,600529
76,2040,266749,333804,600553
77,2040,267599,334067,601666
78,2040,318626,304102,622728
79,2040,280719,245356,526075
80,2040,273659,245878,519537
81,2040,274245,238484,512729
82,2040,237438,225626,463064
83,2040,230752,215610,446362
84,2040,230643,200958,431601
85,2040,231587,201808,433395
86,2040,225015,195188,420203
87,2040,225586,192646,418232
88,2040,225586,192646,418232
89,2040,225586,192646,418232
90,2040,225586,192646,418232
91,2040,225586,192646,418232
92,2040,225586,192646,418232
93,2040,225586,192646,418232
94,2040,225586,192646,418232
95,2040,225586,192646,418232
96,2040,225586,192646,418232
97,2040,225586,192646,418232
98,2040,225586,192646,418232
99,2040,225586,192646,418232
100,2040,225586,192646,418232
0,2040,282581,272579,555160
1,2040,279633,269374,549007
2,2040,280622,268999,549621
3,2040,280610,269033,549643
4,2040,281415,267865,549280
5,2040,278781,268332,547113
6,2040,281579,268192,549771
7,2040,281656,269179,550835
8,2040,282235,269139,551374
9,2040,270615,254349,524964
10,2040,281585,269496,551081
11,2040,264368,245748,510116
12,2040,284240,275133,559373
13,2040,269969,263942,533911
14,2040,296868,284731,581599
15,2040,295578,275424,571002
16,2040,303630,321340,624970
17,2040,310904,299072,609976
18,2040,307549,294853,602402
19,2040,310115,292542,602657
20,2040,309908,294641,604549
21,2040,307968,313300,621268
22,2040,308525,294405,602930
23,2040,312912,300650,613562
24,2040,312043,300737,612780
25,2040,323012,313789,636801
26,2040,325370,312460,637830
27,2040,329621,314794,644415
28,2040,331290,315231,646521
29,2040,330576,322033,652609
30,2040,330560,321841,652401
31,2040,328859,322198,651057
32,2040,334976,327534,662510
33,2040,346861,349743,696604
34,2040,335935,332473,668408
35,2040,365732,353317,719049
36,2040,366176,353620,719796
37,2040,463317,467245,930562
38,2040,467301,469056,936357
39,2040,470123,473511,943634
40,2040,472058,474413,946471
41,2040,472745,474472,947217
42,2040,472622,475270,947892
43,2040,475039,477081,952120
44,2040,478360,489504,967864
45,2040,487791,492466,980257
46,2040,486647,486299,972946
47,2040,486613,487200,973813
48,2040,485113,486524,971637
49,2040,485095,486562,971657
50,2040,485062,486562,971624
51,2040,484866,486562,971428
52,2040,484782,486498,971280
53,2040,462148,470447,932595
54,2040,366210,372531,738741
55,2040,396028,408414,804442
56,2040,345403,385356,730759
57,2040,326979,344871,671850
58,2040,304051,325738,629789
59,2040,362819,388880,751699
60,2040,362899,388880,751779
61,2040,360237,378662,738899
62,2040,325419,304975,630394
63,2040,328629,313375,642004
64,2040,324305,303967,628272
65,2040,316371,303594,619965
66,2040,322000,319784,641784
67,2040,316716,302518,619234
68,2040,310503,315784,626287
69,2040,309146,320224,629370
70,2040,271029,320222,591251
71,2040,269229,319742,588971
72,2040,268269,318948,587217
73,2040,269679,318010,587689
74,2040,268964,317811,586775
75,2040,267793,315754,583547
76,2040,262184,317205,579389
77,2040,266784,316160,582944
78,2040,316915,306681,623596
79,2040,256592,308208,564800
80,2040,253031,253272,506303
81,2040,244091,238512,482603
82,2040,228184,225646,453830
83,2040,217979,215474,433453
84,2040,217543,200907,418450
85,2040,217957,202199,420156
86,2040,215350,195188,410538
87,2040,214765,192646,407411
88,2040,214765,192646,407411
89,2040,214765,192646,407411
90,2040,214765,192646,407411
91,2040,214765,192646,407411
92,2040,214765,192646,407411
93,2040,214765,192646,407411
94,2040,214765,192646,407411
95,2040,214765,192646,407411
96,2040,214765,192646,407411
97,2040,214765,192646,407411
98,2040,214765,192646,407411
99,2040,214765,192646,407411
100,2040,214765,192646,407411
0,2040,291494,274566,566060
1,2040,282013,272140,554153
2,2040,279526,269402,548928
3,2040,279955,268780,548735
4,2040,279615,269386,549001
5,2040,281301,269155,550456
6,2040,279112,268835,547947
7,2040,279606,268233,547839
8,2040,278534,268849,547383
9,2040,282104,268922,551026
10,2040,279884,268356,548240
11,2040,285234,273842,559076
12,2040,281398,268353,549751
13,2040,284764,272604,557368
14,2040,291577,274379,565956
15,2040,311990,306304,618294
16,2040,315934,319937,635871
17,2040,305373,299470,604843
18,2040,308987,295047,604034
19,2040,307358,289266,596624
20,2040,311837,293404,605241
21,2040,311352,293366,604718
22,2040,317354,305419,622773
23,2040,313758,301181,614939
24,2040,313363,301171,614534
25,2040,322199,312228,634427
26,2040,324395,319574,643969
27,2040,324214,323163,647377
28,2040,324679,315622,640301
29,2040,331259,316898,648157
30,2040,331500,315708,647208
31,2040,331724,320597,652321
32,2040,330599,321675,652274
33,2040,407667,413952,821619
34,2040,474625,464034,938659
35,2040,434553,441370,875923
36,2040,465616,468976,934592
37,2040,366950,362889,729839
38,2040,463556,468733,932289
39,2040,464047,468938,932985
40,2040,468385,470893,939278
41,2040,468646,470925,939571
42,2040,470312,471992,942304
43,2040,472495,474495,946990
44,2040,475084,478799,953883
45,2040,478718,492381,971099
46,2040,486704,490009,976713
47,2040,486630,490789,977419
48,2040,486613,487561,974174
49,2040,486588,487600,974188
50,2040,486535,487600,974135
51,2040,359780,368538,728318
52,2040,364758,374689,739447
53,2040,373399,385991,759390
54,2040,387115,399036,786151
55,2040,406724,416011,822735
56,2040,364139,388485,752624
57,2040,345223,385282,730505
58,2040,326734,344599,671333
59,2040,304839,321613,626452
60,2040,355297,365739,721036
61,2040,366056,389710,755766
62,2040,358797,379705,738502
63,2040,328713,319141,647854
64,2040,325118,304610,629728
65,2040,312733,303340,616073
66,2040,328184,315343,643527
67,2040,314048,304033,618081
68,2040,324492,328355,652847
69,2040,282762,319396,602158
70,2040,300045,330722,630767
71,2040,272406,320608,593014
72,2040,272683,320056,592739
73,2040,270944,318947,589891
74,2040,270982,316725,587707
75,2040,270625,316471,587096
76,2040,272248,317429,589677
77,2040,271469,317911,589380
78,2040,315563,306318,621881
79,2040,259965,312573,572538
80,2040,244799,254078,498877
81,2040,236051,238204,474255
82,2040,222675,226477,449152
83,2040,213935,214147,428082
84,2040,213394,200907,414301
85,2040,213404,201757,415161
86,2040,213804,195188,408992
87,2040,213967,192646,406613
88,2040,213967,192646,406613
89,2040,213967,192646,406613
90,2040,213967,192646,406613
91,2040,213967,192646,406613
92,2040,213967,192646,406613
93,2040,213967,192646,406613
94,2040,213967,192646,406613
95,2040,213967,192646,406613
96,2040,213967,192646,406613
97,2040,213967,192646,406613
98,2040,213967,192646,406613
99,2040,213967,192646,406613
100,2040,213967,192646,406613
0,2041,292160,275407,567567
1,2041,292160,275407,567567
2,2041,292156,275407,567563
3,2041,292317,275433,567750
4,2041,292459,275435,567894
5,2041,292604,275460,568064
6,2041,292715,275538,568253
7,2041,292699,275529,568228
8,2041,292688,275503,568191
9,2041,292689,275485,568174
10,2041,292704,275551,568255
11,2041,292828,275972,568800
12,2041,293342,276256,569598
13,2041,293719,276375,570094
14,2041,293758,276281,570039
15,2041,293823,276272,570095
16,2041,294123,276355,570478
17,2041,294561,276410,570971
18,2041,295789,276733,572522
19,2041,296731,278188,574919
20,2041,296795,278225,575020
21,2041,296833,278284,575117
22,2041,296862,278532,575394
23,2041,296890,278545,575435
24,2041,296890,278545,575435
25,2041,296890,278545,575435
26,2041,296890,278545,575435
27,2041,296890,278545,575435
28,2041,296890,278545,575435
29,2041,296890,278545,575435
30,2041,296890,278545,575435
31,2041,296890,278545,575435
32,2041,296890,278545,575435
33,2041,296890,278545,575435
34,2041,296890,278545,575435
35,2041,296890,278545,575435
36,2041,296890,278545,575435
37,2041,296890,278545,575435
38,2041,296890,278545,575435
39,2041,296890,278545,575435
40,2041,296890,278545,575435
41,2041,296890,278545,575435
42,2041,296890,278545,575435
43,2041,296890,278545,575435
44,2041,296890,278545,575435
45,2041,296890,278545,575435
46,2041,296881,278545,575426
47,2041,296873,278545,575418
48,2041,296873,278545,575418
49,2041,296873,278545,575418
50,2041,296873,278545,575418
51,2041,296873,278595,575468
52,2041,296873,278595,575468
53,2041,296873,278595,575468
54,2041,296873,278595,575468
55,2041,296873,278595,575468
56,2041,296873,278595,575468
57,2041,296873,278595,575468
58,2041,296873,278595,575468
59,2041,296873,278595,575468
60,2041,296873,278595,575468
61,2041,296873,278595,575468
62,2041,296873,278595,575468
63,2041,296873,278595,575468
64,2041,296825,278595,575420
65,2041,296825,278595,575420
66,2041,296738,278595,575333
67,2041,296738,278595,575333
68,2041,296472,278595,575067
69,2041,296377,278595,574972
70,2041,296237,278595,574832
71,2041,295800,278595,574395
72,2041,295800,278595,574395
73,2041,295461,278595,574056
74,2041,295423,278595,574018
75,2041,295423,278595,574018
76,2041,295423,278595,574018
77,2041,295423,278595,574018
78,2041,295423,279554,574977
79,2041,295423,279363,574786
80,2041,295423,279614,575037
81,2041,295423,279743,575166
82,2041,295423,279743,575166
83,2041,295423,279743,575166
84,2041,295423,279743,575166
85,2041,295423,279743,575166
86,2041,295423,279743,575166
87,2041,295423,279743,575166
88,2041,295423,279743,575166
89,2041,295423,279743,575166
90,2041,295423,279743,575166
91,2041,295423,279743,575166
92,2041,295423,279743,575166
93,2041,295423,279743,575166
94,2041,295423,279743,575166
95,2041,295423,279743,575166
96,2041,295423,279743,575166
97,2041,295423,279743,575166
98,2041,295423,279743,575166
99,2041,295423,279743,575166
100,2041,295423,279743,575166
0,2041,292266,275259,567525
1,2041,292266,275259,567525
2,2041,292259,275259,567518
3,2041,292436,275274,567710
4,2041,292615,275193,567808
5,2041,292741,275299,568040
6,2041,292868,275406,568274
7,2041,292842,275390,568232
8,2041,292820,275364,568184
9,2041,292815,275344,568159
10,2041,292810,275474,568284
11,2041,292862,275699,568561
12,2041,293184,275754,568938
13,2041,293704,275708,569412
14,2041,293937,275800,569737
15,2041,294124,275792,569916
16,2041,294466,275859,570325
17,2041,295672,275850,571522
18,2041,297964,276497,574461
19,2041,298821,278322,577143
20,2041,299958,278491,578449
21,2041,300126,278538,578664
22,2041,300128,279006,579134
23,2041,300136,279020,579156
24,2041,300136,279020,579156
25,2041,300136,279020,579156
26,2041,300136,279020,579156
27,2041,300136,279020,579156
28,2041,300136,279020,579156
29,2041,300136,279020,579156
30,2041,300136,279020,579156
31,2041,300136,279020,579156
32,2041,300136,279020,579156
33,2041,300136,279020,579156
34,2041,300136,279020,579156
35,2041,300136,279020,579156
36,2041,300136,279020,579156
37,2041,300136,279020,579156
38,2041,300136,279020,579156
39,2041,300136,279020,579156
40,2041,300136,279020,579156
41,2041,300136,279020,579156
42,2041,300136,279020,579156
43,2041,300136,279020,579156
44,2041,300538,279020,579558
45,2041,300538,279020,579558
46,2041,300536,279020,579556
47,2041,300528,279020,579548
48,2041,300528,279020,579548
49,2041,300528,279020,579548
50,2041,300528,279020,579548
51,2041,300528,279059,579587
52,2041,300528,279059,579587
53,2041,300528,279059,579587
54,2041,300528,279059,579587
55,2041,300528,279059,579587
56,2041,300528,279059,579587
57,2041,300528,279059,579587
58,2041,300528,279059,579587
59,2041,300528,279059,579587
60,2041,300528,279059,579587
61,2041,300528,279059,579587
62,2041,300528,279059,579587
63,2041,300528,279059,579587
64,2041,300557,279059,579616
65,2041,300557,279059,579616
66,2041,300066,279059,579125
67,2041,300008,279059,579067
68,2041,299613,279059,578672
69,2041,299663,279059,578722
70,2041,299415,279037,578452
71,2041,298888,279037,577925
72,2041,298782,279037,577819
73,2041,298283,278963,577246
74,2041,298238,278963,577201
75,2041,298238,278963,577201
76,2041,298238,278963,577201
77,2041,298238,278963,577201
78,2041,298344,280269,578613
79,2041,298259,280078,578337
80,2041,298344,280826,579170
81,2041,298338,280568,578906
82,2041,298338,280568,578906
83,2041,298338,280568,578906
84,2041,298338,280568,578906
85,2041,298338,280568,578906
86,2041,298338,280568,578906
87,2041,298338,280568,578906
88,2041,298338,280568,578906
89,2041,298338,280568,578906
90,2041,298338,280568,578906
91,2041,298338,280568,578906
92,2041,298338,280568,578906
93,2041,298338,280568,578906
94,2041,298338,280568,578906
95,2041,298338,280568,578906
96,2041,298338,280568,578906
97,2041,298338,280568,578906
98,2041,298338,280568,578906
99,2041,298338,280568,578906
100,2041,298338,280568,578906
0,2041,292274,275413,567687
1,2041,292274,275413,567687
2,2041,292266,275413,567679
3,2041,292417,275347,567764
4,2041,292716,275394,568110
5,2041,292856,275450,568306
6,2041,292910,275526,568436
7,2041,292866,275510,568376
8,2041,292838,275471,568309
9,2041,292865,275477,568342
10,2041,292819,275561,568380
11,2041,292909,275804,568713
12,2041,293366,276259,569625
13,2041,294527,276216,570743
14,2041,294776,276418,571194
15,2041,295034,276413,571447
16,2041,296135,276482,572617
17,2041,297419,276524,573943
18,2041,299982,276890,576872
19,2041,300697,278092,578789
20,2041,300794,278561,579355
21,2041,301474,278636,580110
22,2041,301310,278941,580251
23,2041,301326,278955,580281
24,2041,301326,278955,580281
25,2041,301326,278955,580281
26,2041,301326,278955,580281
27,2041,301326,278955,580281
28,2041,301326,278955,580281
29,2041,301326,278955,580281
30,2041,301326,278955,580281
31,2041,301326,278955,580281
32,2041,301326,278955,580281
33,2041,301326,278955,580281
34,2041,301326,278955,580281
35,2041,301326,278955,580281
36,2041,301326,278955,580281
37,2041,301326,278955,580281
38,2041,301326,278955,580281
39,2041,301326,278955,580281
40,2041,301326,278955,580281
41,2041,301326,278955,580281
42,2041,301326,278955,580281
43,2041,301333,278955,580288
44,2041,303077,279111,582188
45,2041,303077,279111,582188
46,2041,302118,279111,581229
47,2041,302109,279111,581220
48,2041,302109,279111,581220
49,2041,302109,279111,581220
50,2041,302109,279111,581220
51,2041,302109,279149,581258
52,2041,302109,279149,581258
53,2041,302109,279149,581258
54,2041,302109,279149,581258
55,2041,302109,279149,581258
56,2041,302109,279149,581258
57,2041,302109,279149,581258
58,2041,302109,279149,581258
59,2041,302109,279149,581258
60,2041,302109,279149,581258
61,2041,302109,279149,581258
62,2041,302109,279149,581258
63,2041,302109,279149,581258
64,2041,303056,279149,582205
65,2041,303056,279149,582205
66,2041,301751,278994,580745
67,2041,301764,278926,580690
68,2041,301625,278926,580551
69,2041,301693,278926,580619
70,2041,301698,278926,580624
71,2041,302699,279051,581750
72,2041,302614,279051,581665
73,2041,301717,279129,580846
74,2041,301717,279129,580846
75,2041,301717,279129,580846
76,2041,301717,279129,580846
77,2041,301717,279129,580846
78,2041,301618,283834,585452
79,2041,301588,283520,585108
80,2041,301523,283856,585379
81,2041,301545,283856,585401
82,2041,301545,283856,585401
83,2041,301545,283856,585401
84,2041,301545,283856,585401
85,2041,301545,283856,585401
86,2041,301545,283856,585401
87,2041,301545,283856,585401
88,2041,301545,283856,585401
89,2041,301545,283856,585401
90,2041,301545,283856,585401
91,2041,301545,283856,585401
92,2041,301545,283856,585401
93,2041,301545,283856,585401
94,2041,301545,283856,585401
95,2041,301545,283856,585401
96,2041,301545,283856,585401
97,2041,301545,283856,585401
98,2041,301545,283856,585401
99,2041,301545,283856,585401
100,2041,301545,283856,585401
0,2041,292099,274901,567000
1,2041,292099,274901,567000
2,2041,292091,274901,566992
3,2041,292300,274901,567201
4,2041,292463,274931,567394
5,2041,292518,274983,567501
6,2041,292615,275035,567650
7,2041,292607,275057,567664
8,2041,292601,275043,567644
9,2041,292574,275024,567598
10,2041,292549,275055,567604
11,2041,292624,275339,567963
12,2041,293047,275490,568537
13,2041,294584,275590,570174
14,2041,295239,275679,570918
15,2041,297561,275661,573222
16,2041,296031,275360,571391
17,2041,298511,275281,573792
18,2041,300960,276311,577271
19,2041,318140,278178,596318
20,2041,318570,278704,597274
21,2041,307169,279147,586316
22,2041,306963,279195,586158
23,2041,307025,279209,586234
24,2041,307025,279209,586234
25,2041,307025,279209,586234
26,2041,307025,279209,586234
27,2041,307025,279209,586234
28,2041,307025,279209,586234
29,2041,307025,279209,586234
30,2041,307025,279209,586234
31,2041,307025,279209,586234
32,2041,307025,279209,586234
33,2041,307025,279209,586234
34,2041,307025,279209,586234
35,2041,307025,279209,586234
36,2041,307025,279209,586234
37,2041,307025,279209,586234
38,2041,307025,279209,586234
39,2041,307025,279209,586234
40,2041,307025,279209,586234
41,2041,307025,279209,586234
42,2041,307025,279209,586234
43,2041,307025,279209,586234
44,2041,309401,279433,588834
45,2041,309401,279433,588834
46,2041,308138,279364,587502
47,2041,308207,279364,587571
48,2041,308207,279364,587571
49,2041,308207,279364,587571
50,2041,308207,279364,587571
51,2041,308198,279402,587600
52,2041,308198,279402,587600
53,2041,308198,279402,587600
54,2041,308198,279402,587600
55,2041,308198,279402,587600
56,2041,308198,279402,587600
57,2041,308198,279402,587600
58,2041,308198,279402,587600
59,2041,308198,279402,587600
60,2041,308198,279402,587600
61,2041,308198,279402,587600
62,2041,308198,279402,587600
63,2041,308198,279402,587600
64,2041,309449,279472,588921
65,2041,309538,279472,589010
66,2041,307947,279400,587347
67,2041,308227,279400,587627
68,2041,307618,279138,586756
69,2041,307735,279232,586967
70,2041,307742,279123,586865
71,2041,309127,279187,588314
72,2041,308751,279129,587880
73,2041,307179,279129,586308
74,2041,307179,279129,586308
75,2041,307179,279129,586308
76,2041,307179,279129,586308
77,2041,307179,279129,586308
78,2041,306934,286413,593347
79,2041,306862,284996,591858
80,2041,306855,286432,593287
81,2041,306855,286432,593287
82,2041,306855,286432,593287
83,2041,306855,286432,593287
84,2041,306855,286432,593287
85,2041,306855,286432,593287
86,2041,306855,286432,593287
87,2041,306855,286432,593287
88,2041,306855,286432,593287
89,2041,306855,286432,593287
90,2041,306855,286432,593287
91,2041,306855,286432,593287
92,2041,306855,286432,593287
93,2041,306855,286432,593287
94,2041,306855,286432,593287
95,2041,306855,286432,593287
96,2041,306855,286432,593287
97,2041,306855,286432,593287
98,2041,306855,286432,593287
99,2041,306855,286432,593287
100,2041,306855,286432,593287
0,2041,292414,276267,568681
1,2041,292414,276267,568681
2,2041,292410,276267,568677
3,2041,292524,276267,568791
4,2041,292770,276374,569144
5,2041,292782,276405,569187
6,2041,292777,275836,568613
7,2041,292789,275833,568622
8,2041,292809,276105,568914
9,2041,292817,276218,569035
10,2041,292752,276008,568760
11,2041,292786,276013,568799
12,2041,292637,275836,568473
13,2041,294207,275567,569774
14,2041,297544,275452,572996
15,2041,296712,275491,572203
16,2041,295873,275344,571217
17,2041,298696,275638,574334
18,2041,308040,277244,585284
19,2041,310244,279250,589494
20,2041,310992,279343,590335
21,2041,309447,279369,588816
22,2041,309498,279517,589015
23,2041,309548,279517,589065
24,2041,309548,279517,589065
25,2041,309548,279517,589065
26,2041,309548,279517,589065
27,2041,309548,279517,589065
28,2041,309548,279517,589065
29,2041,309548,279517,589065
30,2041,309548,279517,589065
31,2041,309548,279517,589065
32,2041,309548,279517,589065
33,2041,309548,279517,589065
34,2041,309548,279517,589065
35,2041,309548,279517,589065
36,2041,309548,279517,589065
37,2041,309933,279517,589450
38,2041,309933,279517,589450
39,2041,309933,279517,589450
40,2041,309933,279517,589450
41,2041,309933,279517,589450
42,2041,309933,279517,589450
43,2041,309933,279517,589450
44,2041,311218,279445,590663
45,2041,311218,279445,590663
46,2041,311078,279485,590563
47,2041,311078,279485,590563
48,2041,311078,279485,590563
49,2041,311078,279485,590563
50,2041,311078,279485,590563
51,2041,311087,279523,590610
52,2041,311087,279523,590610
53,2041,311087,279523,590610
54,2041,311087,279523,590610
55,2041,311087,279523,590610
56,2041,311087,279523,590610
57,2041,311087,279523,590610
58,2041,311087,279523,590610
59,2041,311087,279523,590610
60,2041,311087,279523,590610
61,2041,311087,279523,590610
62,2041,311087,279523,590610
63,2041,311197,279523,590720
64,2041,311402,279483,590885
65,2041,311494,279483,590977
66,2041,311142,279522,590664
67,2041,311181,279522,590703
68,2041,310276,279498,589774
69,2041,310326,279498,589824
70,2041,310257,279585,589842
71,2041,310672,279598,590270
72,2041,310683,279572,590255
73,2041,309854,279579,589433
74,2041,309854,279579,589433
75,2041,309854,279579,589433
76,2041,309854,279579,589433
77,2041,309854,279579,589433
78,2041,309223,297053,606276
79,2041,309182,295170,604352
80,2041,309215,297002,606217
81,2041,309223,297359,606582
82,2041,309223,297359,606582
83,2041,309223,297359,606582
84,2041,309223,297359,606582
85,2041,309223,297359,606582
86,2041,309223,297359,606582
87,2041,309223,297359,606582
88,2041,309223,297359,606582
89,2041,309223,297359,606582
90,2041,309223,297359,606582
91,2041,309223,297359,606582
92,2041,309223,297359,606582
93,2041,309223,297359,606582
94,2041,309223,297359,606582
95,2041,309223,297359,606582
96,2041,309223,297359,606582
97,2041,309223,297359,606582
98,2041,309223,297359,606582
99,2041,309223,297359,606582
100,2041,309223,297359,606582
0,2041,290839,275033,565872
1,2041,290839,275033,565872
2,2041,290835,275033,565868
3,2041,290937,275233,566170
4,2041,291005,274937,565942
5,2041,291046,275155,566201
6,2041,292232,276240,568472
7,2041,292199,276233,568432
8,2041,291249,275661,566910
9,2041,291199,275601,566800
10,2041,292123,276191,568314
11,2041,292361,276048,568409
12,2041,293171,276060,569231
13,2041,294126,275531,569657
14,2041,296668,275937,572605
15,2041,295244,275388,570632
16,2041,296127,275713,571840
17,2041,298662,276231,574893
18,2041,305162,277907,583069
19,2041,309543,280666,590209
20,2041,310358,280573,590931
21,2041,310236,280007,590243
22,2041,310517,280086,590603
23,2041,310504,280086,590590
24,2041,310504,280086,590590
25,2041,310504,280086,590590
26,2041,310504,280086,590590
27,2041,310504,280086,590590
28,2041,310504,280086,590590
29,2041,310504,280086,590590
30,2041,310504,280086,590590
31,2041,310504,280086,590590
32,2041,310504,280086,590590
33,2041,310504,280086,590590
34,2041,310504,280086,590590
35,2041,310504,280086,590590
36,2041,310504,280086,590590
37,2041,310568,280086,590654
38,2041,310568,280086,590654
39,2041,310568,280086,590654
40,2041,310568,280086,590654
41,2041,310949,280086,591035
42,2041,310949,280086,591035
43,2041,310949,280086,591035
44,2041,311212,280770,591982
45,2041,311212,280770,591982
46,2041,311402,280718,592120
47,2041,311402,280718,592120
48,2041,311402,280718,592120
49,2041,311402,280718,592120
50,2041,311402,280718,592120
51,2041,311402,280757,592159
52,2041,311402,280757,592159
53,2041,311402,280757,592159
54,2041,311402,280757,592159
55,2041,311402,280757,592159
56,2041,311402,280757,592159
57,2041,311402,280757,592159
58,2041,311402,280757,592159
59,2041,311402,280757,592159
60,2041,311402,280757,592159
61,2041,311402,280757,592159
62,2041,311402,280757,592159
63,2041,311500,280757,592257
64,2041,311363,280826,592189
65,2041,311724,280826,592550
66,2041,311611,280757,592368
67,2041,311478,280757,592235
68,2041,311136,280282,591418
69,2041,311224,280386,591610
70,2041,311089,280359,591448
71,2041,311023,280782,591805
72,2041,311415,280757,592172
73,2041,310475,280113,590588
74,2041,310475,280113,590588
75,2041,310475,280113,590588
76,2041,310475,280113,590588
77,2041,310475,280113,590588
78,2041,312080,301426,613506
79,2041,311717,300216,611933
80,2041,312078,301550,613628
81,2041,312097,305369,617466
82,2041,312097,305369,617466
83,2041,312097,305369,617466
84,2041,312097,305369,617466
85,2041,312097,305369,617466
86,2041,312097,305369,617466
87,2041,312097,305369,617466
88,2041,312097,305369,617466
89,2041,312097,305369,617466
90,2041,312097,305369,617466
91,2041,312097,305369,617466
92,2041,312097,305369,617466
93,2041,312097,305369,617466
94,2041,312097,305369,617466
95,2041,312097,305369,617466
96,2041,312097,305369,617466
97,2041,312097,305369,617466
98,2041,312097,305369,617466
99,2041,312097,305369,617466
100,2041,312097,305369,617466
0,2041,289659,274603,564262
1,2041,289659,274603,564262
2,2041,289665,274603,564268
3,2041,290131,274992,565123
4,2041,290075,275018,565093
5,2041,290517,275453,565970
6,2041,291142,275727,566869
7,2041,291129,275727,566856
8,2041,291983,276029,568012
9,2041,291141,275810,566951
10,2041,291146,275616,566762
11,2041,292016,276074,568090
12,2041,292897,276138,569035
13,2041,294262,276019,570281
14,2041,294683,275572,570255
15,2041,297679,275397,573076
16,2041,295993,275946,571939
17,2041,298812,276626,575438
18,2041,303893,278118,582011
19,2041,307392,280296,587688
20,2041,308113,280287,588400
21,2041,310267,280533,590800
22,2041,310619,280734,591353
23,2041,310685,280734,591419
24,2041,310685,280734,591419
25,2041,310685,280734,591419
26,2041,310685,280734,591419
27,2041,310685,280734,591419
28,2041,310685,280734,591419
29,2041,310685,280734,591419
30,2041,310685,280734,591419
31,2041,310685,280734,591419
32,2041,310685,280734,591419
33,2041,310685,280734,591419
34,2041,310685,280734,591419
35,2041,310685,280734,591419
36,2041,310685,280734,591419
37,2041,310706,280734,591440
38,2041,310706,280734,591440
39,2041,310706,280734,591440
40,2041,310706,280734,591440
41,2041,311060,280758,591818
42,2041,311060,280758,591818
43,2041,311060,280758,591818
44,2041,310515,280639,591154
45,2041,310515,280639,591154
46,2041,310557,280639,591196
47,2041,310557,280639,591196
48,2041,310557,280639,591196
49,2041,310557,280639,591196
50,2041,310557,280639,591196
51,2041,310557,280639,591196
52,2041,310557,280639,591196
53,2041,310557,280639,591196
54,2041,310557,280639,591196
55,2041,310557,280639,591196
56,2041,310557,280639,591196
57,2041,310557,280639,591196
58,2041,310557,280639,591196
59,2041,310557,280639,591196
60,2041,310557,280639,591196
61,2041,310557,280639,591196
62,2041,310557,280639,591196
63,2041,310910,280639,591549
64,2041,310761,280639,591400
65,2041,311033,280639,591672
66,2041,311135,280672,591807
67,2041,310932,280639,591571
68,2041,311116,280771,591887
69,2041,311041,280703,591744
70,2041,310992,280666,591658
71,2041,310516,280639,591155
72,2041,310473,280639,591112
73,2041,311008,280697,591705
74,2041,311008,280697,591705
75,2041,311008,280697,591705
76,2041,311008,280697,591705
77,2041,311008,280697,591705
78,2041,314470,302480,616950
79,2041,314144,302411,616555
80,2041,314352,302829,617181
81,2041,316242,304224,620466
82,2041,316242,304224,620466
83,2041,316242,304224,620466
84,2041,316242,304224,620466
85,2041,316242,304224,620466
86,2041,316242,304224,620466
87,2041,316242,304224,620466
88,2041,316242,304224,620466
89,2041,316242,304224,620466
90,2041,316242,304224,620466
91,2041,316242,304224,620466
92,2041,316242,304224,620466
93,2041,316242,304224,620466
94,2041,316242,304224,620466
95,2041,316242,304224,620466
96,2041,316242,304224,620466
97,2041,316242,304224,620466
98,2041,316242,304224,620466
99,2041,316242,304224,620466
100,2041,316242,304224,620466
0,2041,289139,272661,561800
1,2041,289139,272661,561800
2,2041,289140,272661,561801
3,2041,289119,272764,561883
4,2041,289360,272455,561815
5,2041,290329,273837,564166
6,2041,290582,275044,565626
7,2041,290513,275001,565514
8,2041,291822,275327,567149
9,2041,292040,275205,567245
10,2041,290765,275121,565886
11,2041,291646,275629,567275
12,2041,292463,275852,568315
13,2041,293960,275907,569867
14,2041,294086,274870,568956
15,2041,297101,275906,573007
16,2041,295988,275549,571537
17,2041,299178,275915,575093
18,2041,303074,277430,580504
19,2041,305532,280384,585916
20,2041,307797,280492,588289
21,2041,309263,280395,589658
22,2041,309846,280601,590447
23,2041,310066,280601,590667
24,2041,310068,280601,590669
25,2041,310068,280601,590669
26,2041,310068,280601,590669
27,2041,310068,280601,590669
28,2041,310068,280601,590669
29,2041,310068,280601,590669
30,2041,310068,280601,590669
31,2041,310068,280601,590669
32,2041,310068,280601,590669
33,2041,310068,280601,590669
34,2041,310068,280601,590669
35,2041,310068,280601,590669
36,2041,310068,280601,590669
37,2041,310106,280601,590707
38,2041,310106,280601,590707
39,2041,310106,280601,590707
40,2041,310106,280601,590707
41,2041,310504,280601,591105
42,2041,310504,280601,591105
43,2041,310504,280601,591105
44,2041,310371,280615,590986
45,2041,310371,280615,590986
46,2041,310431,280601,591032
47,2041,310431,280601,591032
48,2041,310431,280601,591032
49,2041,310431,280601,591032
50,2041,310431,280601,591032
51,2041,310431,280601,591032
52,2041,310431,280601,591032
53,2041,310431,280601,591032
54,2041,310431,280601,591032
55,2041,310431,280601,591032
56,2041,310431,280601,591032
57,2041,310431,280601,591032
58,2041,310431,280601,591032
59,2041,310431,280601,591032
60,2041,310425,280601,591026
61,2041,310396,280601,590997
62,2041,310384,280601,590985
63,2041,310452,280601,591053
64,2041,310622,280615,591237
65,2041,310565,280615,591180
66,2041,310466,280601,591067
67,2041,310560,280601,591161
68,2041,310503,280601,591104
69,2041,310459,280601,591060
70,2041,310415,280601,591016
71,2041,310321,280601,590922
72,2041,310394,280611,591005
73,2041,310297,280601,590898
74,2041,310297,280601,590898
75,2041,310297,280601,590898
76,2041,310297,280601,590898
77,2041,310297,280601,590898
78,2041,316765,303090,619855
79,2041,316576,303067,619643
80,2041,316701,303735,620436
81,2041,316971,305349,622320
82,2041,316971,305349,622320
83,2041,316971,305349,622320
84,2041,316971,305349,622320
85,2041,316971,305349,622320
86,2041,316971,305349,622320
87,2041,316971,305349,622320
88,2041,316971,305349,622320
89,2041,316971,305349,622320
90,2041,316971,305349,622320
91,2041,316971,305349,622320
92,2041,316971,305349,622320
93,2041,316971,305349,622320
94,2041,316971,305349,622320
95,2041,316971,305349,622320
96,2041,316971,305349,622320
97,2041,316971,305349,622320
98,2041,316971,305349,622320
99,2041,316971,305349,622320
100,2041,316971,305349,622320
0,2041,290394,273022,563416
1,2041,290394,272960,563354
2,2041,290359,272960,563319
3,2041,290259,272886,563145
4,2041,290454,272808,563262
5,2041,291611,274441,566052
6,2041,290844,274238,565082
7,2041,290993,274439,565432
8,2041,292558,275788,568346
9,2041,292683,276220,568903
10,2041,290916,274282,565198
11,2041,292270,275799,568069
12,2041,292527,276121,568648
13,2041,293904,275836,569740
14,2041,293814,275619,569433
15,2041,296491,275550,572041
16,2041,296013,275404,571417
17,2041,300549,276014,576563
18,2041,303703,277256,580959
19,2041,304886,279668,584554
20,2041,307763,280642,588405
21,2041,308577,280432,589009
22,2041,309209,280601,589810
23,2041,309657,280601,590258
24,2041,309658,280601,590259
25,2041,309658,280601,590259
26,2041,309658,280601,590259
27,2041,309658,280601,590259
28,2041,309658,280601,590259
29,2041,309658,280601,590259
30,2041,309658,280601,590259
31,2041,309658,280601,590259
32,2041,309658,280601,590259
33,2041,309658,280601,590259
34,2041,309658,280601,590259
35,2041,309658,280601,590259
36,2041,309658,280601,590259
37,2041,309666,280681,590347
38,2041,309666,280681,590347
39,2041,309666,280681,590347
40,2041,309666,280681,590347
41,2041,310400,280705,591105
42,2041,310400,280705,591105
43,2041,310400,280705,591105
44,2041,310418,280719,591137
45,2041,310418,280719,591137
46,2041,310454,280719,591173
47,2041,310454,280719,591173
48,2041,310454,280719,591173
49,2041,310454,280719,591173
50,2041,310454,280719,591173
51,2041,310454,280719,591173
52,2041,310454,280719,591173
53,2041,310454,280719,591173
54,2041,310454,280719,591173
55,2041,310454,280719,591173
56,2041,310454,280719,591173
57,2041,310454,280719,591173
58,2041,310454,280719,591173
59,2041,310454,280719,591173
60,2041,310454,280719,591173
61,2041,310425,280719,591144
62,2041,310355,280719,591074
63,2041,310557,280719,591276
64,2041,310622,280709,591331
65,2041,310657,280709,591366
66,2041,310551,280719,591270
67,2041,310578,280709,591287
68,2041,310595,280719,591314
69,2041,310527,280719,591246
70,2041,310501,280719,591220
71,2041,310167,280719,590886
72,2041,310365,280719,591084
73,2041,310097,280705,590802
74,2041,310097,280705,590802
75,2041,310097,280705,590802
76,2041,310097,280705,590802
77,2041,310097,280705,590802
78,2041,316031,304649,620680
79,2041,316015,304523,620538
80,2041,316491,304884,621375
81,2041,317021,307179,624200
82,2041,317021,307179,624200
83,2041,317021,307179,624200
84,2041,317021,307179,624200
85,2041,317021,307179,624200
86,2041,317021,307179,624200
87,2041,317021,307179,624200
88,2041,317021,307179,624200
89,2041,317021,307179,624200
90,2041,317021,307179,624200
91,2041,317021,307179,624200
92,2041,317021,307179,624200
93,2041,317021,307179,624200
94,2041,317021,307179,624200
95,2041,317021,307179,624200
96,2041,317021,307179,624200
97,2041,317021,307179,624200
98,2041,317021,307179,624200
99,2041,317021,307179,624200
100,2041,317021,307179,624200
0,2041,291389,273588,564977
1,2041,291361,273588,564949
2,2041,291342,273588,564930
3,2041,290486,273473,563959
4,2041,291427,273538,564965
5,2041,292690,275544,568234
6,2041,291841,274747,566588
7,2041,291918,275199,567117
8,2041,292254,275800,568054
9,2041,291248,275379,566627
10,2041,292120,274848,566968
11,2041,292386,276244,568630
12,2041,292471,275750,568221
13,2041,293842,275635,569477
14,2041,294684,275923,570607
15,2041,295202,274951,570153
16,2041,296309,275544,571853
17,2041,300680,275961,576641
18,2041,306176,277396,583572
19,2041,304844,279082,583926
20,2041,307760,280252,588012
21,2041,308575,280608,589183
22,2041,309265,280695,589960
23,2041,309759,280695,590454
24,2041,309761,280695,590456
25,2041,309761,280695,590456
26,2041,309761,280695,590456
27,2041,309761,280695,590456
28,2041,309761,280695,590456
29,2041,309761,280695,590456
30,2041,309761,280695,590456
31,2041,309761,280695,590456
32,2041,309761,280695,590456
33,2041,309761,280695,590456
34,2041,309761,280695,590456
35,2041,309761,280695,590456
36,2041,309761,280695,590456
37,2041,309760,280695,590455
38,2041,309760,280695,590455
39,2041,309760,280695,590455
40,2041,309760,280695,590455
41,2041,310532,280719,591251
42,2041,310532,280719,591251
43,2041,310532,280719,591251
44,2041,310612,280709,591321
45,2041,310612,280709,591321
46,2041,310612,280709,591321
47,2041,310612,280709,591321
48,2041,310612,280709,591321
49,2041,310612,280709,591321
50,2041,310612,280709,591321
51,2041,310612,280709,591321
52,2041,310612,280709,591321
53,2041,310612,280709,591321
54,2041,310612,280709,591321
55,2041,310612,280709,591321
56,2041,310612,280709,591321
57,2041,310612,280709,591321
58,2041,310612,280709,591321
59,2041,310612,280709,591321
60,2041,310612,280709,591321
61,2041,310583,280709,591292
62,2041,310342,280719,591061
63,2041,310663,280709,591372
64,2041,310791,280709,591500
65,2041,310817,280709,591526
66,2041,310711,280709,591420
67,2041,310719,280709,591428
68,2041,310627,280709,591336
69,2041,310569,280709,591278
70,2041,310553,280709,591262
71,2041,310114,280719,590833
72,2041,310402,280719,591121
73,2041,310099,280695,590794
74,2041,310099,280695,590794
75,2041,310099,280695,590794
76,2041,310099,280695,590794
77,2041,310099,280695,590794
78,2041,316416,306500,622916
79,2041,316414,306851,623265
80,2041,317112,306603,623715
81,2041,320548,305311,625859
82,2041,320548,305311,625859
83,2041,320548,305311,625859
84,2041,320548,305311,625859
85,2041,320548,305311,625859
86,2041,320548,305311,625859
87,2041,320548,305311,625859
88,2041,320548,305311,625859
89,2041,320548,305311,625859
90,2041,320548,305311,625859
91,2041,320548,305311,625859
92,2041,320548,305311,625859
93,2041,320548,305311,625859
94,2041,320548,305311,625859
95,2041,320548,305311,625859
96,2041,320548,305311,625859
97,2041,320548,305311,625859
98,2041,320548,305311,625859
99,2041,320548,305311,625859
100,2041,320548,305311,625859
0,2041,292751,275522,568273
1,2041,292768,275518,568286
2,2041,292769,275518,568287
3,2041,291789,274356,566145
4,2041,293025,274710,567735
5,2041,292813,276399,569212
6,2041,292765,276223,568988
7,2041,292672,276268,568940
8,2041,292330,276276,568606
9,2041,291393,275989,567382
10,2041,292673,276157,568830
11,2041,291584,275622,567206
12,2041,292581,275830,568411
13,2041,294134,275933,570067
14,2041,295041,276344,571385
15,2041,297727,275310,573037
16,2041,296109,275747,571856
17,2041,313874,275931,589805
18,2041,305144,277547,582691
19,2041,305947,279202,585149
20,2041,308539,280233,588772
21,2041,309150,280634,589784
22,2041,309340,280727,590067
23,2041,309735,280695,590430
24,2041,309736,280695,590431
25,2041,309736,280695,590431
26,2041,309736,280695,590431
27,2041,309736,280695,590431
28,2041,309736,280695,590431
29,2041,309736,280695,590431
30,2041,309736,280695,590431
31,2041,309736,280695,590431
32,2041,309736,280695,590431
33,2041,309736,280695,590431
34,2041,309736,280695,590431
35,2041,309736,280695,590431
36,2041,309736,280695,590431
37,2041,309736,280695,590431
38,2041,309736,280695,590431
39,2041,309736,280695,590431
40,2041,309736,280695,590431
41,2041,310615,280709,591324
42,2041,310615,280709,591324
43,2041,310615,280709,591324
44,2041,310580,280709,591289
45,2041,310580,280709,591289
46,2041,310589,280709,591298
47,2041,310589,280709,591298
48,2041,310589,280709,591298
49,2041,310589,280709,591298
50,2041,310589,280709,591298
51,2041,310589,280709,591298
52,2041,310589,280709,591298
53,2041,310589,280709,591298
54,2041,310589,280709,591298
55,2041,310589,280709,591298
56,2041,310589,280709,591298
57,2041,310589,280709,591298
58,2041,310589,280709,591298
59,2041,310589,280709,591298
60,2041,310589,280709,591298
61,2041,310560,280709,591269
62,2041,310362,280719,591081
63,2041,310688,280709,591397
64,2041,310777,280709,591486
65,2041,310815,280709,591524
66,2041,310706,280709,591415
67,2041,310743,280709,591452
68,2041,310757,280709,591466
69,2041,310692,280709,591401
70,2041,310676,280709,591385
71,2041,310183,280695,590878
72,2041,310549,280719,591268
73,2041,310133,280695,590828
74,2041,310133,280695,590828
75,2041,310133,280695,590828
76,2041,310133,280695,590828
77,2041,310133,280695,590828
78,2041,319143,305453,624596
79,2041,319327,305676,625003
80,2041,319274,305068,624342
81,2041,318978,306401,625379
82,2041,318978,306401,625379
83,2041,318978,306401,625379
84,2041,318978,306401,625379
85,2041,318978,306401,625379
86,2041,318978,306401,625379
87,2041,318978,306401,625379
88,2041,318978,306401,625379
89,2041,318978,306401,625379
90,2041,318978,306401,625379
91,2041,318978,306401,625379
92,2041,318978,306401,625379
93,2041,318978,306401,625379
94,2041,318978,306401,625379
95,2041,318978,306401,625379
96,2041,318978,306401,625379
97,2041,318978,306401,625379
98,2041,318978,306401,625379
99,2041,318978,306401,625379
100,2041,318978,306401,625379
0,2041,292327,275510,567837
1,2041,292327,275659,567986
2,2041,292320,275647,567967
3,2041,292875,275527,568402
4,2041,292828,275721,568549
5,2041,291154,274409,565563
6,2041,291431,275516,566947
7,2041,291405,275336,566741
8,2041,290990,275061,566051
9,2041,292128,275695,567823
10,2041,291559,275769,567328
11,2041,291377,275586,566963
12,2041,293155,276000,569155
13,2041,294189,275958,570147
14,2041,295769,275717,571486
15,2041,297153,275649,572802
16,2041,295944,275372,571316
17,2041,307331,276682,584013
18,2041,304499,277441,581940
19,2041,307335,279222,586557
20,2041,309367,280247,589614
21,2041,309425,280514,589939
22,2041,309452,280752,590204
23,2041,309762,280695,590457
24,2041,309764,280695,590459
25,2041,309764,280695,590459
26,2041,309764,280695,590459
27,2041,309764,280695,590459
28,2041,309764,280695,590459
29,2041,309764,280695,590459
30,2041,309764,280695,590459
31,2041,309764,280695,590459
32,2041,309764,280695,590459
33,2041,309764,280695,590459
34,2041,309764,280695,590459
35,2041,309764,280695,590459
36,2041,309764,280695,590459
37,2041,309738,280695,590433
38,2041,309738,280695,590433
39,2041,309738,280695,590433
40,2041,309738,280695,590433
41,2041,310581,280709,591290
42,2041,310581,280709,591290
43,2041,310581,280709,591290
44,2041,310522,280709,591231
45,2041,310522,280709,591231
46,2041,310522,280709,591231
47,2041,310522,280709,591231
48,2041,310522,280709,591231
49,2041,310522,280709,591231
50,2041,310522,280709,591231
51,2041,310522,280709,591231
52,2041,310522,280709,591231
53,2041,310522,280709,591231
54,2041,310522,280709,591231
55,2041,310522,280709,591231
56,2041,310522,280709,591231
57,2041,310522,280709,591231
58,2041,310522,280709,591231
59,2041,310522,280709,591231
60,2041,310522,280709,591231
61,2041,310493,280709,591202
62,2041,310500,280719,591219
63,2041,310622,280709,591331
64,2041,310711,280709,591420
65,2041,310854,280709,591563
66,2041,310736,280709,591445
67,2041,310677,280709,591386
68,2041,310743,280709,591452
69,2041,310668,280709,591377
70,2041,310642,280709,591351
71,2041,310117,280719,590836
72,2041,310404,280709,591113
73,2041,310176,280695,590871
74,2041,310176,280695,590871
75,2041,310176,280695,590871
76,2041,310176,280695,590871
77,2041,310176,280695,590871
78,2041,317218,306629,623847
79,2041,317604,306070,623674
80,2041,317715,306312,624027
81,2041,319435,304795,624230
82,2041,319435,304795,624230
83,2041,319435,304795,624230
84,2041,319435,304795,624230
85,2041,319435,304795,624230
86,2041,319435,304795,624230
87,2041,319435,304795,624230
88,2041,319435,304795,624230
89,2041,319435,304795,624230
90,2041,319435,304795,624230
91,2041,319435,304795,624230
92,2041,319435,304795,624230
93,2041,319435,304795,624230
94,2041,319435,304795,624230
95,2041,319435,304795,624230
96,2041,319435,304795,624230
97,2041,319435,304795,624230
98,2041,319435,304795,624230
99,2041,319435,304795,624230
100,2041,319435,304795,624230
0,2041,292237,275533,567770
1,2041,292258,275489,567747
2,2041,292255,275489,567744
3,2041,292520,275565,568085
4,2041,292646,275922,568568
5,2041,290941,274761,565702
6,2041,291650,275540,567190
7,2041,291571,275602,567173
8,2041,290150,274568,564718
9,2041,292443,275886,568329
10,2041,291915,275595,567510
11,2041,292561,275926,568487
12,2041,293011,276402,569413
13,2041,293947,275772,569719
14,2041,294479,275523,570002
15,2041,297722,275788,573510
16,2041,296132,275359,571491
17,2041,303346,276680,580026
18,2041,304374,277451,581825
19,2041,307952,279352,587304
20,2041,309700,280525,590225
21,2041,308980,280464,589444
22,2041,309470,280601,590071
23,2041,309775,280616,590391
24,2041,309777,280616,590393
25,2041,309777,280616,590393
26,2041,309777,280616,590393
27,2041,309777,280616,590393
28,2041,309777,280616,590393
29,2041,309777,280616,590393
30,2041,309777,280616,590393
31,2041,309777,280616,590393
32,2041,309777,280616,590393
33,2041,309777,280616,590393
34,2041,309777,280616,590393
35,2041,309777,280616,590393
36,2041,309777,280616,590393
37,2041,309777,280616,590393
38,2041,309777,280616,590393
39,2041,309777,280616,590393
40,2041,309777,280616,590393
41,2041,310522,280709,591231
42,2041,310522,280709,591231
43,2041,310522,280709,591231
44,2041,310523,280709,591232
45,2041,310523,280709,591232
46,2041,310523,280709,591232
47,2041,310523,280709,591232
48,2041,310523,280709,591232
49,2041,310523,280709,591232
50,2041,310523,280709,591232
51,2041,310523,280709,591232
52,2041,310523,280709,591232
53,2041,310523,280709,591232
54,2041,310523,280709,591232
55,2041,310523,280709,591232
56,2041,310523,280709,591232
57,2041,310523,280709,591232
58,2041,310523,280709,591232
59,2041,310523,280709,591232
60,2041,310523,280709,591232
61,2041,310494,280709,591203
62,2041,310481,280709,591190
63,2041,310622,280709,591331
64,2041,310711,280709,591420
65,2041,310728,280709,591437
66,2041,310677,280709,591386
67,2041,310677,280709,591386
68,2041,310677,280709,591386
69,2041,310602,280709,591311
70,2041,310576,280709,591285
71,2041,310117,280695,590812
72,2041,310481,280719,591200
73,2041,310143,280719,590862
74,2041,310143,280719,590862
75,2041,310143,280719,590862
76,2041,310143,280719,590862
77,2041,310143,280719,590862
78,2041,319280,304872,624152
79,2041,317218,306403,623621
80,2041,318885,305538,624423
81,2041,315816,304901,620717
82,2041,315816,304901,620717
83,2041,315816,304901,620717
84,2041,315816,304901,620717
85,2041,315816,304901,620717
86,2041,315816,304901,620717
87,2041,315816,304901,620717
88,2041,315816,304901,620717
89,2041,315816,304901,620717
90,2041,315816,304901,620717
91,2041,315816,304901,620717
92,2041,315816,304901,620717
93,2041,315816,304901,620717
94,2041,315816,304901,620717
95,2041,315816,304901,620717
96,2041,315816,304901,620717
97,2041,315816,304901,620717
98,2041,315816,304901,620717
99,2041,315816,304901,620717
100,2041,315816,304901,620717
0,2041,292050,274642,566692
1,2041,291992,274566,566558
2,2041,292049,274566,566615
3,2041,292288,275393,567681
4,2041,292350,275433,567783
5,2041,291665,275418,567083
6,2041,292616,275683,568299
7,2041,292591,275714,568305
8,2041,289388,272724,562112
9,2041,292120,275796,567916
10,2041,292494,275697,568191
11,2041,292571,276455,569026
12,2041,292461,275605,568066
13,2041,293891,275625,569516
14,2041,294576,275565,570141
15,2041,296947,275357,572304
16,2041,296197,275623,571820
17,2041,302139,276579,578718
18,2041,304368,277408,581776
19,2041,309074,279536,588610
20,2041,308796,280425,589221
21,2041,308818,280514,589332
22,2041,309431,280601,590032
23,2041,309749,280616,590365
24,2041,309751,280616,590367
25,2041,309751,280616,590367
26,2041,309751,280616,590367
27,2041,309751,280616,590367
28,2041,309751,280616,590367
29,2041,309751,280616,590367
30,2041,309751,280616,590367
31,2041,309751,280616,590367
32,2041,309751,280616,590367
33,2041,309751,280616,590367
34,2041,309751,280616,590367
35,2041,309751,280616,590367
36,2041,309751,280616,590367
37,2041,309751,280616,590367
38,2041,309751,280616,590367
39,2041,309751,280616,590367
40,2041,309751,280616,590367
41,2041,310523,280709,591232
42,2041,310523,280709,591232
43,2041,310523,280709,591232
44,2041,310523,280709,591232
45,2041,310523,280709,591232
46,2041,310523,280709,591232
47,2041,310523,280709,591232
48,2041,310523,280709,591232
49,2041,310523,280709,591232
50,2041,310523,280709,591232
51,2041,310523,280709,591232
52,2041,310523,280709,591232
53,2041,310523,280709,591232
54,2041,310523,280709,591232
55,2041,310523,280709,591232
56,2041,310523,280709,591232
57,2041,310523,280709,591232
58,2041,310523,280709,591232
59,2041,310523,280709,591232
60,2041,310523,280709,591232
61,2041,310502,280709,591211
62,2041,310533,280709,591242
63,2041,310629,280709,591338
64,2041,310711,280709,591420
65,2041,310748,280709,591457
66,2041,310677,280709,591386
67,2041,310677,280709,591386
68,2041,310677,280709,591386
69,2041,310602,280709,591311
70,2041,310576,280709,591285
71,2041,310117,280695,590812
72,2041,310465,280709,591174
73,2041,310117,280719,590836
74,2041,310117,280719,590836
75,2041,310117,280719,590836
76,2041,310117,280719,590836
77,2041,310117,280719,590836
78,2041,317018,305496,622514
79,2041,319763,304916,624679
80,2041,316558,305659,622217
81,2041,315093,304229,619322
82,2041,315093,304229,619322
83,2041,315093,304229,619322
84,2041,315093,304229,619322
85,2041,315093,304229,619322
86,2041,315093,304229,619322
87,2041,315093,304229,619322
88,2041,315093,304229,619322
89,2041,315093,304229,619322
90,2041,315093,304229,619322
91,2041,315093,304229,619322
92,2041,315093,304229,619322
93,2041,315093,304229,619322
94,2041,315093,304229,619322
95,2041,315093,304229,619322
96,2041,315093,304229,619322
97,2041,315093,304229,619322
98,2041,315093,304229,619322
99,2041,315093,304229,619322
100,2041,315093,304229,619322
0,2041,292467,275809,568276
1,2041,292460,275777,568237
2,2041,292457,275777,568234
3,2041,292245,275154,567399
4,2041,292274,275644,567918
5,2041,292620,276606,569226
6,2041,292731,276392,569123
7,2041,292547,276434,568981
8,2041,290424,273014,563438
9,2041,292125,275680,567805
10,2041,292649,276206,568855
11,2041,291627,275325,566952
12,2041,292214,276093,568307
13,2041,294275,275933,570208
14,2041,294898,275677,570575
15,2041,296696,275498,572194
16,2041,296083,275608,571691
17,2041,302392,276114,578506
18,2041,304800,277408,582208
19,2041,308341,280112,588453
20,2041,308246,280444,588690
21,2041,308721,280514,589235
22,2041,309400,280616,590016
23,2041,309775,280616,590391
24,2041,309777,280616,590393
25,2041,309777,280616,590393
26,2041,309777,280616,590393
27,2041,309777,280616,590393
28,2041,309777,280616,590393
29,2041,309777,280616,590393
30,2041,309777,280616,590393
31,2041,309777,280616,590393
32,2041,309777,280616,590393
33,2041,309777,280616,590393
34,2041,309777,280616,590393
35,2041,309777,280616,590393
36,2041,309777,280616,590393
37,2041,309751,280616,590367
38,2041,309751,280616,590367
39,2041,309751,280616,590367
40,2041,309751,280616,590367
41,2041,310523,280709,591232
42,2041,310523,280709,591232
43,2041,310523,280709,591232
44,2041,310523,280709,591232
45,2041,310523,280709,591232
46,2041,310523,280709,591232
47,2041,310523,280709,591232
48,2041,310523,280709,591232
49,2041,310523,280709,591232
50,2041,310523,280709,591232
51,2041,310523,280709,591232
52,2041,310523,280709,591232
53,2041,310523,280709,591232
54,2041,310523,280709,591232
55,2041,310523,280709,591232
56,2041,310523,280709,591232
57,2041,310523,280709,591232
58,2041,310523,280709,591232
59,2041,310523,280709,591232
60,2041,310523,280709,591232
61,2041,310502,280709,591211
62,2041,310490,280709,591199
63,2041,310629,280709,591338
64,2041,310711,280709,591420
65,2041,310728,280709,591437
66,2041,310677,280709,591386
67,2041,310677,280709,591386
68,2041,310677,280709,591386
69,2041,310609,280709,591318
70,2041,310583,280709,591292
71,2041,310117,280695,590812
72,2041,310465,280709,591174
73,2041,310117,280695,590812
74,2041,310117,280695,590812
75,2041,310117,280695,590812
76,2041,310117,280695,590812
77,2041,310117,280695,590812
78,2041,315589,306728,622317
79,2041,317850,304290,622140
80,2041,315286,304700,619986
81,2041,313486,303270,616756
82,2041,313486,303270,616756
83,2041,313486,303270,616756
84,2041,313486,303270,616756
85,2041,313486,303270,616756
86,2041,313486,303270,616756
87,2041,313486,303270,616756
88,2041,313486,303270,616756
89,2041,313486,303270,616756
90,2041,313486,303270,616756
91,2041,313486,303270,616756
92,2041,313486,303270,616756
93,2041,313486,303270,616756
94,2041,313486,303270,616756
95,2041,313486,303270,616756
96,2041,313486,303270,616756
97,2041,313486,303270,616756
98,2041,313486,303270,616756
99,2041,313486,303270,616756
100,2041,313486,303270,616756
0,2041,292071,275839,567910
1,2041,292089,275900,567989
2,2041,292086,275900,567986
3,2041,292381,275949,568330
4,2041,292447,276194,568641
5,2041,291076,274117,565193
6,2041,291032,274854,565886
7,2041,290997,274886,565883
8,2041,291455,273560,565015
9,2041,292220,275875,568095
10,2041,291207,275214,566421
11,2041,291288,275553,566841
12,2041,293021,276358,569379
13,2041,294152,276089,570241
14,2041,295132,275773,570905
15,2041,295672,275405,571077
16,2041,296009,275276,571285
17,2041,303498,276207,579705
18,2041,304580,277399,581979
19,2041,307593,280366,587959
20,2041,308648,280447,589095
21,2041,309185,280529,589714
22,2041,309411,280647,590058
23,2041,309775,280616,590391
24,2041,309777,280624,590401
25,2041,309777,280624,590401
26,2041,309777,280624,590401
27,2041,309777,280624,590401
28,2041,309777,280624,590401
29,2041,309777,280624,590401
30,2041,309777,280624,590401
31,2041,309777,280624,590401
32,2041,309777,280624,590401
33,2041,309777,280624,590401
34,2041,309777,280624,590401
35,2041,309777,280624,590401
36,2041,309777,280624,590401
37,2041,309777,280616,590393
38,2041,309777,280616,590393
39,2041,309777,280616,590393
40,2041,309777,280616,590393
41,2041,310523,280709,591232
42,2041,310523,280709,591232
43,2041,310523,280709,591232
44,2041,310523,280709,591232
45,2041,310523,280709,591232
46,2041,310523,280709,591232
47,2041,310523,280709,591232
48,2041,310523,280709,591232
49,2041,310523,280709,591232
50,2041,310523,280709,591232
51,2041,310523,280709,591232
52,2041,310523,280709,591232
53,2041,310523,280709,591232
54,2041,310523,280709,591232
55,2041,310523,280709,591232
56,2041,310523,280709,591232
57,2041,310523,280709,591232
58,2041,310523,280709,591232
59,2041,310523,280709,591232
60,2041,310523,280709,591232
61,2041,310502,280709,591211
62,2041,310482,280709,591191
63,2041,310622,280709,591331
64,2041,310711,280709,591420
65,2041,310776,280709,591485
66,2041,310677,280709,591386
67,2041,310677,280709,591386
68,2041,310677,280709,591386
69,2041,310609,280709,591318
70,2041,310583,280709,591292
71,2041,310117,280695,590812
72,2041,310465,280709,591174
73,2041,310117,280695,590812
74,2041,310117,280695,590812
75,2041,310117,280695,590812
76,2041,310117,280695,590812
77,2041,310117,280695,590812
78,2041,319253,303696,622949
79,2041,314882,303302,618184
80,2041,314483,304209,618692
81,2041,313400,302807,616207
82,2041,313400,302807,616207
83,2041,313400,302807,616207
84,2041,313400,302807,616207
85,2041,313400,302807,616207
86,2041,313400,302807,616207
87,2041,313400,302807,616207
88,2041,313400,302807,616207
89,2041,313400,302807,616207
90,2041,313400,302807,616207
91,2041,313400,302807,616207
92,2041,313400,302807,616207
93,2041,313400,302807,616207
94,2041,313400,302807,616207
95,2041,313400,302807,616207
96,2041,313400,302807,616207
97,2041,313400,302807,616207
98,2041,313400,302807,616207
99,2041,313400,302807,616207
100,2041,313400,302807,616207
0,2041,291929,276118,568047
1,2041,292050,276184,568234
2,2041,292024,276184,568208
3,2041,292099,275673,567772
4,2041,291120,275219,566339
5,2041,290898,274381,565279
6,2041,290201,274869,565070
7,2041,289966,274416,564382
8,2041,293136,274868,568004
9,2041,292151,275983,568134
10,2041,291191,275417,566608
11,2041,292570,276264,568834
12,2041,292503,275712,568215
13,2041,293667,275662,569329
14,2041,296166,275731,571897
15,2041,295497,275115,570612
16,2041,296079,275458,571537
17,2041,303229,276582,579811
18,2041,304477,277399,581876
19,2041,306568,280199,586767
20,2041,308456,280490,588946
21,2041,309412,280464,589876
22,2041,309419,280647,590066
23,2041,309775,280624,590399
24,2041,309777,280624,590401
25,2041,309777,280624,590401
26,2041,309777,280624,590401
27,2041,309777,280624,590401
28,2041,309777,280624,590401
29,2041,309777,280624,590401
30,2041,309777,280624,590401
31,2041,309777,280624,590401
32,2041,309777,280624,590401
33,2041,309777,280624,590401
34,2041,309777,280624,590401
35,2041,309777,280624,590401
36,2041,309777,280624,590401
37,2041,309777,280624,590401
38,2041,309777,280624,590401
39,2041,309777,280624,590401
40,2041,309777,280624,590401
41,2041,310523,280709,591232
42,2041,310523,280709,591232
43,2041,310523,280709,591232
44,2041,310523,280709,591232
45,2041,310523,280709,591232
46,2041,310523,280709,591232
47,2041,310523,280709,591232
48,2041,310523,280709,591232
49,2041,310523,280709,591232
50,2041,310523,280709,591232
51,2041,310523,280709,591232
52,2041,310523,280709,591232
53,2041,310523,280709,591232
54,2041,310523,280709,591232
55,2041,310523,280709,591232
56,2041,310523,280709,591232
57,2041,310523,280709,591232
58,2041,310523,280709,591232
59,2041,310523,280709,591232
60,2041,310523,280709,591232
61,2041,310502,280709,591211
62,2041,310542,280709,591251
63,2041,310622,280709,591331
64,2041,310711,280709,591420
65,2041,310776,280709,591485
66,2041,310677,280709,591386
67,2041,310677,280709,591386
68,2041,310677,280709,591386
69,2041,310609,280709,591318
70,2041,310583,280709,591292
71,2041,310117,280695,590812
72,2041,310465,280709,591174
73,2041,310117,280695,590812
74,2041,310117,280695,590812
75,2041,310117,280695,590812
76,2041,310117,280695,590812
77,2041,310117,280695,590812
78,2041,315391,302409,617800
79,2041,313281,301886,615167
80,2041,313582,303403,616985
81,2041,313300,302781,616081
82,2041,313300,302781,616081
83,2041,313300,302781,616081
84,2041,313300,302781,616081
85,2041,313300,302781,616081
86,2041,313300,302781,616081
87,2041,313300,302781,616081
88,2041,313300,302781,616081
89,2041,313300,302781,616081
90,2041,313300,302781,616081
91,2041,313300,302781,616081
92,2041,313300,302781,616081
93,2041,313300,302781,616081
94,2041,313300,302781,616081
95,2041,313300,302781,616081
96,2041,313300,302781,616081
97,2041,313300,302781,616081
98,2041,313300,302781,616081
99,2041,313300,302781,616081
100,2041,313300,302781,616081
0,2041,268560,238812,507372
1,2041,268445,238812,507257
2,2041,268503,238817,507320
3,2041,268171,238817,506988
4,2041,268144,244004,512148
5,2041,268875,239544,508419
6,2041,268367,239841,508208
7,2041,268321,244670,512991
8,2041,267160,244033,511193
9,2041,268500,244052,512552
10,2041,292198,275741,567939
11,2041,291715,275941,567656
12,2041,266420,244657,511077
13,2041,293958,275737,569695
14,2041,270011,264083,534094
15,2041,278723,265051,543774
16,2041,296316,275830,572146
17,2041,310706,293613,604319
18,2041,305368,296561,601929
19,2041,309102,296259,605361
20,2041,310551,293658,604209
21,2041,309547,293875,603422
22,2041,310865,296930,607795
23,2041,311830,301724,613554
24,2041,313226,303708,616934
25,2041,356439,378118,734557
26,2041,464977,458848,923825
27,2041,468845,460027,928872
28,2041,468845,460027,928872
29,2041,468845,460027,928872
30,2041,472230,458633,930863
31,2041,468027,459604,927631
32,2041,474070,458903,932973
33,2041,474168,458903,933071
34,2041,477391,463686,941077
35,2041,478055,465595,943650
36,2041,479666,469676,949342
37,2041,480425,470591,951016
38,2041,481291,474292,955583
39,2041,482539,474625,957164
40,2041,484656,478643,963299
41,2041,484855,480287,965142
42,2041,485053,483142,968195
43,2041,356318,378640,734958
44,2041,356457,378690,735147
45,2041,356519,378690,735209
46,2041,356519,378690,735209
47,2041,357200,378690,735890
48,2041,357200,378690,735890
49,2041,357200,378690,735890
50,2041,357200,378690,735890
51,2041,357213,378690,735903
52,2041,356633,378690,735323
53,2041,357213,378690,735903
54,2041,357213,378690,735903
55,2041,357213,378690,735903
56,2041,315885,305769,621654
57,2041,315885,305769,621654
58,2041,315885,305769,621654
59,2041,315709,305769,621478
60,2041,315709,305769,621478
61,2041,316379,306017,622396
62,2041,316427,306017,622444
63,2041,315777,305769,621546
64,2041,315983,305769,621752
65,2041,315983,305769,621752
66,2041,315983,305769,621752
67,2041,312976,304841,617817
68,2041,283134,304564,587698
69,2041,282997,304318,587315
70,2041,277638,304160,581798
71,2041,270139,306170,576309
72,2041,282486,304318,586804
73,2041,269845,305097,574942
74,2041,270221,305097,575318
75,2041,270219,305296,575515
76,2041,272545,304520,577065
77,2041,282598,278840,561438
78,2041,314689,302133,616822
79,2041,310865,301187,612052
80,2041,306520,291288,597808
81,2041,308962,295121,604083
82,2041,306510,202690,509200
83,2041,306510,202690,509200
84,2041,306510,202780,509290
85,2041,306510,206240,512750
86,2041,306510,197748,504258
87,2041,306510,195285,501795
88,2041,306510,195285,501795
89,2041,306510,195285,501795
90,2041,306510,195285,501795
91,2041,306510,195285,501795
92,2041,306510,195285,501795
93,2041,306510,195285,501795
94,2041,306510,195285,501795
95,2041,306510,195285,501795
96,2041,306510,195285,501795
97,2041,306510,195285,501795
98,2041,306510,195285,501795
99,2041,306510,195285,501795
100,2041,306510,195285,501795
0,2041,267061,211965,479026
1,2041,267062,225211,492273
2,2041,267055,236826,503881
3,2041,265967,227113,493080
4,2041,265832,237285,503117
5,2041,262260,237292,499552
6,2041,265249,237712,502961
7,2041,265267,237674,502941
8,2041,261666,237211,498877
9,2041,269417,269509,538926
10,2041,292516,276305,568821
11,2041,291831,275642,567473
12,2041,292495,276174,568669
13,2041,294133,275848,569981
14,2041,292942,276151,569093
15,2041,282841,272842,555683
16,2041,269205,265220,534425
17,2041,305901,296659,602560
18,2041,308614,294468,603082
19,2041,310724,294537,605261
20,2041,310856,296943,607799
21,2041,312393,293182,605575
22,2041,311821,296837,608658
23,2041,315037,301261,616298
24,2041,315770,304093,619863
25,2041,361561,380613,742174
26,2041,365256,402172,767428
27,2041,365256,402172,767428
28,2041,474651,461552,936203
29,2041,474651,461552,936203
30,2041,474468,463247,937715
31,2041,471607,460065,931672
32,2041,474734,463211,937945
33,2041,474824,463211,938035
34,2041,475184,463970,939154
35,2041,476680,465745,942425
36,2041,481679,472721,954400
37,2041,481674,473315,954989
38,2041,482715,475630,958345
39,2041,483880,475935,959815
40,2041,486370,479386,965756
41,2041,486593,481283,967876
42,2041,486570,484046,970616
43,2041,485085,483993,969078
44,2041,361908,381135,743043
45,2041,361908,381135,743043
46,2041,361908,381135,743043
47,2041,361966,381134,743100
48,2041,361966,381134,743100
49,2041,361966,381134,743100
50,2041,361966,381134,743100
51,2041,361966,381134,743100
52,2041,361966,381135,743101
53,2041,361966,381134,743100
54,2041,484550,486261,970811
55,2041,361966,381134,743100
56,2041,356461,378690,735151
57,2041,322602,306148,628750
58,2041,321394,307062,628456
59,2041,318147,306510,624657
60,2041,318147,306510,624657
61,2041,320786,305324,626110
62,2041,322054,305992,628046
63,2041,345123,372476,717599
64,2041,321549,307258,628807
65,2041,317869,306292,624161
66,2041,284773,307055,591828
67,2041,319257,307210,626467
68,2041,284945,306826,591771
69,2041,271162,306412,577574
70,2041,268332,306412,574744
71,2041,267079,309010,576089
72,2041,268561,306574,575135
73,2041,267539,307170,574709
74,2041,267179,305873,573052
75,2041,267038,305763,572801
76,2041,267606,305260,572866
77,2041,268290,305704,573994
78,2041,312972,302349,615321
79,2041,308139,265155,573294
80,2041,308867,244784,553651
81,2041,309423,230745,540168
82,2041,309165,200618,509783
83,2041,309165,200618,509783
84,2041,309165,200618,509783
85,2041,309165,201495,510660
86,2041,309165,195178,504343
87,2041,309165,193070,502235
88,2041,309165,193070,502235
89,2041,309165,193070,502235
90,2041,309165,193070,502235
91,2041,309165,193070,502235
92,2041,309165,193070,502235
93,2041,309165,193070,502235
94,2041,309165,193070,502235
95,2041,309165,193070,502235
96,2041,309165,193070,502235
97,2041,309165,193070,502235
98,2041,309165,193070,502235
99,2041,309165,193070,502235
100,2041,309165,193070,502235
0,2041,284678,273618,558296
1,2041,261134,237132,498266
2,2041,265288,237583,502871
3,2041,265528,236903,502431
4,2041,264512,237396,501908
5,2041,255078,237386,492464
6,2041,258861,237720,496581
7,2041,260744,244966,505710
8,2041,256031,244856,500887
9,2041,259506,245396,504902
10,2041,266109,244465,510574
11,2041,267794,244666,512460
12,2041,293925,283440,577365
13,2041,294243,276045,570288
14,2041,296144,295500,591644
15,2041,294354,293858,588212
16,2041,284496,272942,557438
17,2041,301754,288893,590647
18,2041,302861,293410,596271
19,2041,302897,292165,595062
20,2041,304087,291353,595440
21,2041,312914,297218,610132
22,2041,310787,292515,603302
23,2041,316192,301813,618005
24,2041,316483,304993,621476
25,2041,309534,322906,632440
26,2041,303379,318938,622317
27,2041,309067,319201,628268
28,2041,361180,371541,732721
29,2041,476370,463657,940027
30,2041,476851,464292,941143
31,2041,476913,464233,941146
32,2041,477077,464139,941216
33,2041,477034,464139,941173
34,2041,477061,464645,941706
35,2041,479019,467219,946238
36,2041,482317,474669,956986
37,2041,482394,474951,957345
38,2041,483746,476763,960509
39,2041,485026,477100,962126
40,2041,486466,481697,968163
41,2041,486619,482936,969555
42,2041,486653,486014,972667
43,2041,486579,485418,971997
44,2041,485138,484241,969379
45,2041,424290,426508,850798
46,2041,357815,369971,727786
47,2041,310964,323260,634224
48,2041,305209,319634,624843
49,2041,309470,323356,632826
50,2041,307558,323637,631195
51,2041,309589,321644,631233
52,2041,303588,319096,622684
53,2041,303588,319096,622684
54,2041,364047,371003,735050
55,2041,303588,319207,622795
56,2041,361785,380903,742688
57,2041,356217,378430,734647
58,2041,322645,306363,629008
59,2041,318552,307519,626071
60,2041,318522,307576,626098
61,2041,319439,305683,625122
62,2041,322242,305480,627722
63,2041,312610,328884,641494
64,2041,322396,306113,628509
65,2041,321612,307610,629222
66,2041,322801,307462,630263
67,2041,317816,306820,624636
68,2041,318344,307787,626131
69,2041,269400,307188,576588
70,2041,267555,307199,574754
71,2041,265841,311659,577500
72,2041,266384,307188,573572
73,2041,266288,306871,573159
74,2041,266150,306190,572340
75,2041,265635,305505,571140
76,2041,268672,303773,572445
77,2041,286024,305492,591516
78,2041,313783,303326,617109
79,2041,282125,244416,526541
80,2041,283321,245015,528336
81,2041,283056,238029,521085
82,2041,282696,226730,509426
83,2041,282696,200874,483570
84,2041,282696,200874,483570
85,2041,282696,201740,484436
86,2041,282696,195188,477884
87,2041,282696,192711,475407
88,2041,282696,192711,475407
89,2041,282696,192711,475407
90,2041,282696,192711,475407
91,2041,282696,192711,475407
92,2041,282696,192711,475407
93,2041,282696,192711,475407
94,2041,282696,192711,475407
95,2041,282696,192711,475407
96,2041,282696,192711,475407
97,2041,282696,192711,475407
98,2041,282696,192711,475407
99,2041,282696,192711,475407
100,2041,282696,192711,475407
0,2041,279945,267039,546984
1,2041,243384,269490,512874
2,2041,247653,235673,483326
3,2041,249960,236584,486544
4,2041,248218,240513,488731
5,2041,251406,244820,496226
6,2041,237196,245125,482321
7,2041,246168,245655,491823
8,2041,236596,245808,482404
9,2041,243680,243916,487596
10,2041,270622,237674,508296
11,2041,284338,270180,554518
12,2041,265778,245761,511539
13,2041,293818,275668,569486
14,2041,277620,264253,541873
15,2041,296027,297481,593508
16,2041,296022,297046,593068
17,2041,282218,265446,547664
18,2041,303292,297260,600552
19,2041,309010,293201,602211
20,2041,310150,295144,605294
21,2041,311681,291897,603578
22,2041,311639,296747,608386
23,2041,316016,301937,617953
24,2041,316670,304068,620738
25,2041,321973,329233,651206
26,2041,323007,326851,649858
27,2041,315337,325398,640735
28,2041,304210,324540,628750
29,2041,365519,376877,742396
30,2041,460383,462744,923127
31,2041,459598,460895,920493
32,2041,436460,440114,876574
33,2041,462930,462729,925659
34,2041,436869,441052,877921
35,2041,437402,441186,878588
36,2041,468230,469143,937373
37,2041,470094,470129,940223
38,2041,471748,474610,946358
39,2041,472772,475005,947777
40,2041,476083,479182,955265
41,2041,477527,483040,960567
42,2041,478424,485155,963579
43,2041,486584,488972,975556
44,2041,486647,485965,972612
45,2041,485138,483993,969131
46,2041,371058,389876,760934
47,2041,331081,369040,700121
48,2041,325658,364204,689862
49,2041,323239,354403,677642
50,2041,324684,343093,667777
51,2041,324729,344062,668791
52,2041,325077,344263,669340
53,2041,325001,344263,669264
54,2041,302522,324289,626811
55,2041,324794,327995,652789
56,2041,304627,319529,624156
57,2041,361634,379753,741387
58,2041,356591,377640,734231
59,2041,322355,305331,627686
60,2041,322355,305427,627782
61,2041,321550,306947,628497
62,2041,321457,305315,626772
63,2041,321668,315368,637036
64,2041,320616,308626,629242
65,2041,321151,305372,626523
66,2041,322801,304748,627549
67,2041,321554,306939,628493
68,2041,283935,306711,590646
69,2041,285905,308382,594287
70,2041,267257,307385,574642
71,2041,276676,310697,587373
72,2041,265511,307385,572896
73,2041,266140,305805,571945
74,2041,285390,308162,593552
75,2041,264783,305074,569857
76,2041,265525,305788,571313
77,2041,265473,305903,571376
78,2041,314833,303943,618776
79,2041,282532,244975,527507
80,2041,282805,245057,527862
81,2041,295257,237302,532559
82,2041,282478,227293,509771
83,2041,282775,200954,483729
84,2041,282775,200954,483729
85,2041,282775,201952,484727
86,2041,280608,195188,475796
87,2041,282644,192646,475290
88,2041,282644,192646,475290
89,2041,282644,192646,475290
90,2041,282644,192646,475290
91,2041,282644,192646,475290
92,2041,282644,192646,475290
93,2041,282644,192646,475290
94,2041,282644,192646,475290
95,2041,282644,192646,475290
96,2041,282644,192646,475290
97,2041,282644,192646,475290
98,2041,282644,192646,475290
99,2041,282644,192646,475290
100,2041,282644,192646,475290
0,2041,279883,269608,549491
1,2041,271599,268325,539924
2,2041,272293,268698,540991
3,2041,278969,268746,547715
4,2041,270390,268534,538924
5,2041,279057,268780,547837
6,2041,270196,268821,539017
7,2041,268419,253168,521587
8,2041,266809,253168,519977
9,2041,270899,262531,533430
10,2041,268017,244820,512837
11,2041,283084,275095,558179
12,2041,272224,257913,530137
13,2041,293891,275625,569516
14,2041,293013,276131,569144
15,2041,292584,275655,568239
16,2041,297422,294379,591801
17,2041,308004,299778,607782
18,2041,297700,294413,592113
19,2041,311284,294135,605419
20,2041,312153,295354,607507
21,2041,317595,307260,624855
22,2041,313210,298666,611876
23,2041,312968,300776,613744
24,2041,313120,300701,613821
25,2041,325964,314985,640949
26,2041,329510,315321,644831
27,2041,329763,315756,645519
28,2041,330349,323648,653997
29,2041,328579,322530,651109
30,2041,328364,322252,650616
31,2041,338621,326416,665037
32,2041,351023,338261,689284
33,2041,343142,331905,675047
34,2041,347668,335951,683619
35,2041,468491,465135,933626
36,2041,466680,467358,934038
37,2041,467047,467558,934605
38,2041,471500,472101,943601
39,2041,473674,474806,948480
40,2041,474836,476978,951814
41,2041,475311,476944,952255
42,2041,474992,477044,952036
43,2041,478131,487432,965563
44,2041,486705,490099,976804
45,2041,486656,485574,972230
46,2041,485138,484151,969289
47,2041,485123,485948,971071
48,2041,409005,413116,822121
49,2041,409005,413116,822121
50,2041,387025,398108,785133
51,2041,387022,398077,785099
52,2041,387010,398225,785235
53,2041,387022,398225,785247
54,2041,356057,385542,741599
55,2041,384851,398287,783138
56,2041,326225,345558,671783
57,2041,304360,324107,628467
58,2041,362724,388751,751475
59,2041,357630,378594,736224
60,2041,357630,378585,736215
61,2041,322255,304154,626409
62,2041,321597,303497,625094
63,2041,329311,315556,644867
64,2041,321592,306281,627873
65,2041,321282,305289,626571
66,2041,317346,309654,627000
67,2041,321585,306204,627789
68,2041,319963,336197,656160
69,2041,282934,326194,609128
70,2041,269182,331157,600339
71,2041,268963,331587,600550
72,2041,268749,327887,596636
73,2041,267963,332499,600462
74,2041,268416,333054,601470
75,2041,266869,333878,600747
76,2041,266334,335249,601583
77,2041,268011,334067,602078
78,2041,316081,304579,620660
79,2041,281816,245484,527300
80,2041,271691,245878,517569
81,2041,274512,238486,512998
82,2041,237969,228492,466461
83,2041,232291,213143,445434
84,2041,232204,200958,433162
85,2041,232536,201997,434533
86,2041,227860,195188,423048
87,2041,229563,192646,422209
88,2041,229563,192646,422209
89,2041,229563,192646,422209
90,2041,229563,192646,422209
91,2041,229563,192646,422209
92,2041,229563,192646,422209
93,2041,229563,192646,422209
94,2041,229563,192646,422209
95,2041,229563,192646,422209
96,2041,229563,192646,422209
97,2041,229563,192646,422209
98,2041,229563,192646,422209
99,2041,229563,192646,422209
100,2041,229563,192646,422209
0,2041,283283,274295,557578
1,2041,280111,268241,548352
2,2041,280124,268549,548673
3,2041,279838,268599,548437
4,2041,281711,268265,549976
5,2041,278563,268174,546737
6,2041,281486,268062,549548
7,2041,281770,268493,550263
8,2041,282316,268493,550809
9,2041,270978,254429,525407
10,2041,282852,268563,551415
11,2041,274499,245734,520233
12,2041,284494,275268,559762
13,2041,269362,263942,533304
14,2041,296444,294478,590922
15,2041,295498,275227,570725
16,2041,312853,321544,634397
17,2041,309976,297735,607711
18,2041,307872,295890,603762
19,2041,308287,292803,601090
20,2041,310167,295274,605441
21,2041,316559,306128,622687
22,2041,309661,294857,604518
23,2041,312833,300732,613565
24,2041,312119,300737,612856
25,2041,322722,313051,635773
26,2041,324419,313920,638339
27,2041,329156,314534,643690
28,2041,331457,314849,646306
29,2041,330576,322033,652609
30,2041,330786,321858,652644
31,2041,328843,322143,650986
32,2041,331790,323963,655753
33,2041,343717,346655,690372
34,2041,331760,326289,658049
35,2041,359547,349104,708651
36,2041,359701,349961,709662
37,2041,463147,467214,930361
38,2041,467447,469056,936503
39,2041,470112,473511,943623
40,2041,472153,474411,946564
41,2041,472751,474472,947223
42,2041,472753,475418,948171
43,2041,474836,476905,951741
44,2041,478360,489504,967864
45,2041,487791,492466,980257
46,2041,486647,486299,972946
47,2041,486613,487200,973813
48,2041,485113,486524,971637
49,2041,485095,486562,971657
50,2041,485062,486562,971624
51,2041,484866,486562,971428
52,2041,484782,486562,971344
53,2041,483351,482543,965894
54,2041,366210,372531,738741
55,2041,398390,421591,819981
56,2041,345428,385536,730964
57,2041,326979,344868,671847
58,2041,303761,324549,628310
59,2041,362899,388880,751779
60,2041,362899,388880,751779
61,2041,359929,379822,739751
62,2041,322093,303708,625801
63,2041,327311,311047,638358
64,2041,321542,303315,624857
65,2041,314901,303768,618669
66,2041,322340,320582,642922
67,2041,313869,303307,617176
68,2041,308948,314244,623192
69,2041,309910,319831,629741
70,2041,269273,319864,589137
71,2041,271219,320374,591593
72,2041,269124,319450,588574
73,2041,270815,317582,588397
74,2041,269719,318456,588175
75,2041,267598,315764,583362
76,2041,262903,317736,580639
77,2041,266866,314578,581444
78,2041,319521,305468,624989
79,2041,256789,306446,563235
80,2041,254650,253272,507922
81,2041,244738,238512,483250
82,2041,230395,228878,459273
83,2041,218654,213798,432452
84,2041,218201,200907,419108
85,2041,218363,201757,420120
86,2041,215398,195188,410586
87,2041,215473,192646,408119
88,2041,215473,192646,408119
89,2041,215473,192646,408119
90,2041,215473,192646,408119
91,2041,215473,192646,408119
92,2041,215473,192646,408119
93,2041,215473,192646,408119
94,2041,215473,192646,408119
95,2041,215473,192646,408119
96,2041,215473,192646,408119
97,2041,215473,192646,408119
98,2041,215473,192646,408119
99,2041,215473,192646,408119
100,2041,215473,192646,408119
0,2042,292160,275407,567567
1,2042,292160,275407,567567
2,2042,292156,275407,567563
3,2042,292317,275433,567750
4,2042,292459,275435,567894
5,2042,292604,275460,568064
6,2042,292715,275538,568253
7,2042,292699,275529,568228
8,2042,292688,275503,568191
9,2042,292689,275485,568174
10,2042,292704,275551,568255
11,2042,292828,275972,568800
12,2042,293342,276256,569598
13,2042,293719,276375,570094
14,2042,293758,276281,570039
15,2042,293823,276272,570095
16,2042,294123,276355,570478
17,2042,294561,276410,570971
18,2042,295789,276733,572522
19,2042,296731,278188,574919
20,2042,296795,278225,575020
21,2042,296833,278284,575117
22,2042,296862,278532,575394
23,2042,296890,278545,575435
24,2042,296890,278545,575435
25,2042,296890,278545,575435
26,2042,296890,278545,575435
27,2042,296890,278545,575435
28,2042,296890,278545,575435
29,2042,296890,278545,575435
30,2042,296890,278545,575435
31,2042,296890,278545,575435
32,2042,296890,278545,575435
33,2042,296890,278545,575435
34,2042,296890,278545,575435
35,2042,296890,278545,575435
36,2042,296890,278545,575435
37,2042,296890,278545,575435
38,2042,296890,278545,575435
39,2042,296890,278545,575435
40,2042,296890,278545,575435
41,2042,296890,278545,575435
42,2042,296890,278545,575435
43,2042,296890,278545,575435
44,2042,296890,278545,575435
45,2042,296890,278545,575435
46,2042,296881,278545,575426
47,2042,296873,278545,575418
48,2042,296873,278545,575418
49,2042,296873,278545,575418
50,2042,296873,278545,575418
51,2042,296873,278595,575468
52,2042,296873,278595,575468
53,2042,296873,278595,575468
54,2042,296873,278595,575468
55,2042,296873,278595,575468
56,2042,296873,278595,575468
57,2042,296873,278595,575468
58,2042,296873,278595,575468
59,2042,296873,278595,575468
60,2042,296873,278595,575468
61,2042,296873,278595,575468
62,2042,296873,278595,575468
63,2042,296873,278595,575468
64,2042,296825,278595,575420
65,2042,296825,278595,575420
66,2042,296738,278595,575333
67,2042,296738,278595,575333
68,2042,296472,278595,575067
69,2042,296377,278595,574972
70,2042,296237,278595,574832
71,2042,295800,278595,574395
72,2042,295800,278595,574395
73,2042,295461,278595,574056
74,2042,295423,278595,574018
75,2042,295423,278595,574018
76,2042,295423,278595,574018
77,2042,295423,278595,574018
78,2042,295423,279554,574977
79,2042,295423,279363,574786
80,2042,295423,279614,575037
81,2042,295423,279743,575166
82,2042,295423,279743,575166
83,2042,295423,279743,575166
84,2042,295423,279743,575166
85,2042,295423,279743,575166
86,2042,295423,279743,575166
87,2042,295423,279743,575166
88,2042,295423,279743,575166
89,2042,295423,279743,575166
90,2042,295423,279743,575166
91,2042,295423,279743,575166
92,2042,295423,279743,575166
93,2042,295423,279743,575166
94,2042,295423,279743,575166
95,2042,295423,279743,575166
96,2042,295423,279743,575166
97,2042,295423,279743,575166
98,2042,295423,279743,575166
99,2042,295423,279743,575166
100,2042,295423,279743,575166
0,2042,292266,275259,567525
1,2042,292266,275259,567525
2,2042,292259,275259,567518
3,2042,292436,275274,567710
4,2042,292615,275193,567808
5,2042,292741,275299,568040
6,2042,292868,275406,568274
7,2042,292842,275390,568232
8,2042,292820,275364,568184
9,2042,292815,275344,568159
10,2042,292810,275474,568284
11,2042,292862,275699,568561
12,2042,293184,275754,568938
13,2042,293704,275708,569412
14,2042,293937,275800,569737
15,2042,294124,275792,569916
16,2042,294466,275859,570325
17,2042,295672,275850,571522
18,2042,297964,276497,574461
19,2042,298821,278322,577143
20,2042,299958,278491,578449
21,2042,300126,278538,578664
22,2042,300128,279006,579134
23,2042,300136,279020,579156
24,2042,300136,279020,579156
25,2042,300136,279020,579156
26,2042,300136,279020,579156
27,2042,300136,279020,579156
28,2042,300136,279020,579156
29,2042,300136,279020,579156
30,2042,300136,279020,579156
31,2042,300136,279020,579156
32,2042,300136,279020,579156
33,2042,300136,279020,579156
34,2042,300136,279020,579156
35,2042,300136,279020,579156
36,2042,300136,279020,579156
37,2042,300136,279020,579156
38,2042,300136,279020,579156
39,2042,300136,279020,579156
40,2042,300136,279020,579156
41,2042,300136,279020,579156
42,2042,300136,279020,579156
43,2042,300136,279020,579156
44,2042,300538,279020,579558
45,2042,300538,279020,579558
46,2042,300536,279020,579556
47,2042,300528,279020,579548
48,2042,300528,279020,579548
49,2042,300528,279020,579548
50,2042,300528,279020,579548
51,2042,300528,279059,579587
52,2042,300528,279059,579587
53,2042,300528,279059,579587
54,2042,300528,279059,579587
55,2042,300528,279059,579587
56,2042,300528,279059,579587
57,2042,300528,279059,579587
58,2042,300528,279059,579587
59,2042,300528,279059,579587
60,2042,300528,279059,579587
61,2042,300528,279059,579587
62,2042,300528,279059,579587
63,2042,300528,279059,579587
64,2042,300557,279059,579616
65,2042,300557,279059,579616
66,2042,300066,279059,579125
67,2042,300008,279059,579067
68,2042,299613,279059,578672
69,2042,299663,279059,578722
70,2042,299415,279037,578452
71,2042,298888,279037,577925
72,2042,298782,279037,577819
73,2042,298283,278963,577246
74,2042,298238,278963,577201
75,2042,298238,278963,577201
76,2042,298238,278963,577201
77,2042,298238,278963,577201
78,2042,298344,280269,578613
79,2042,298259,280078,578337
80,2042,298344,280826,579170
81,2042,298338,280568,578906
82,2042,298338,280568,578906
83,2042,298338,280568,578906
84,2042,298338,280568,578906
85,2042,298338,280568,578906
86,2042,298338,280568,578906
87,2042,298338,280568,578906
88,2042,298338,280568,578906
89,2042,298338,280568,578906
90,2042,298338,280568,578906
91,2042,298338,280568,578906
92,2042,298338,280568,578906
93,2042,298338,280568,578906
94,2042,298338,280568,578906
95,2042,298338,280568,578906
96,2042,298338,280568,578906
97,2042,298338,280568,578906
98,2042,298338,280568,578906
99,2042,298338,280568,578906
100,2042,298338,280568,578906
0,2042,292274,275413,567687
1,2042,292274,275413,567687
2,2042,292266,275413,567679
3,2042,292417,275347,567764
4,2042,292716,275394,568110
5,2042,292856,275450,568306
6,2042,292910,275526,568436
7,2042,292866,275510,568376
8,2042,292838,275471,568309
9,2042,292865,275477,568342
10,2042,292819,275561,568380
11,2042,292909,275804,568713
12,2042,293366,276259,569625
13,2042,294527,276216,570743
14,2042,294776,276418,571194
15,2042,295034,276413,571447
16,2042,296135,276482,572617
17,2042,297419,276524,573943
18,2042,299982,276890,576872
19,2042,300697,278092,578789
20,2042,300794,278561,579355
21,2042,301474,278636,580110
22,2042,301310,278941,580251
23,2042,301326,278955,580281
24,2042,301326,278955,580281
25,2042,301326,278955,580281
26,2042,301326,278955,580281
27,2042,301326,278955,580281
28,2042,301326,278955,580281
29,2042,301326,278955,580281
30,2042,301326,278955,580281
31,2042,301326,278955,580281
32,2042,301326,278955,580281
33,2042,301326,278955,580281
34,2042,301326,278955,580281
35,2042,301326,278955,580281
36,2042,301326,278955,580281
37,2042,301326,278955,580281
38,2042,301326,278955,580281
39,2042,301326,278955,580281
40,2042,301326,278955,580281
41,2042,301326,278955,580281
42,2042,301326,278955,580281
43,2042,301333,278955,580288
44,2042,303077,279111,582188
45,2042,303077,279111,582188
46,2042,302118,279111,581229
47,2042,302109,279111,581220
48,2042,302109,279111,581220
49,2042,302109,279111,581220
50,2042,302109,279111,581220
51,2042,302109,279149,581258
52,2042,302109,279149,581258
53,2042,302109,279149,581258
54,2042,302109,279149,581258
55,2042,302109,279149,581258
56,2042,302109,279149,581258
57,2042,302109,279149,581258
58,2042,302109,279149,581258
59,2042,302109,279149,581258
60,2042,302109,279149,581258
61,2042,302109,279149,581258
62,2042,302109,279149,581258
63,2042,302109,279149,581258
64,2042,303056,279149,582205
65,2042,303056,279149,582205
66,2042,301751,278994,580745
67,2042,301764,278926,580690
68,2042,301625,278926,580551
69,2042,301693,278926,580619
70,2042,301698,278926,580624
71,2042,302699,279051,581750
72,2042,302614,279051,581665
73,2042,301717,279129,580846
74,2042,301717,279129,580846
75,2042,301717,279129,580846
76,2042,301717,279129,580846
77,2042,301717,279129,580846
78,2042,301618,283834,585452
79,2042,301588,283520,585108
80,2042,301523,283856,585379
81,2042,301545,283856,585401
82,2042,301545,283856,585401
83,2042,301545,283856,585401
84,2042,301545,283856,585401
85,2042,301545,283856,585401
86,2042,301545,283856,585401
87,2042,301545,283856,585401
88,2042,301545,283856,585401
89,2042,301545,283856,585401
90,2042,301545,283856,585401
91,2042,301545,283856,585401
92,2042,301545,283856,585401
93,2042,301545,283856,585401
94,2042,301545,283856,585401
95,2042,301545,283856,585401
96,2042,301545,283856,585401
97,2042,301545,283856,585401
98,2042,301545,283856,585401
99,2042,301545,283856,585401
100,2042,301545,283856,585401
0,2042,292099,274901,567000
1,2042,292099,274901,567000
2,2042,292091,274901,566992
3,2042,292300,274901,567201
4,2042,292463,274931,567394
5,2042,292518,274983,567501
6,2042,292615,275035,567650
7,2042,292607,275057,567664
8,2042,292601,275043,567644
9,2042,292574,275024,567598
10,2042,292549,275055,567604
11,2042,292624,275339,567963
12,2042,293047,275490,568537
13,2042,294584,275590,570174
14,2042,295239,275679,570918
15,2042,297561,275661,573222
16,2042,296031,275360,571391
17,2042,298511,275281,573792
18,2042,300960,276311,577271
19,2042,318140,278178,596318
20,2042,318570,278704,597274
21,2042,307169,279147,586316
22,2042,306963,279195,586158
23,2042,307025,279209,586234
24,2042,307025,279209,586234
25,2042,307025,279209,586234
26,2042,307025,279209,586234
27,2042,307025,279209,586234
28,2042,307025,279209,586234
29,2042,307025,279209,586234
30,2042,307025,279209,586234
31,2042,307025,279209,586234
32,2042,307025,279209,586234
33,2042,307025,279209,586234
34,2042,307025,279209,586234
35,2042,307025,279209,586234
36,2042,307025,279209,586234
37,2042,307025,279209,586234
38,2042,307025,279209,586234
39,2042,307025,279209,586234
40,2042,307025,279209,586234
41,2042,307025,279209,586234
42,2042,307025,279209,586234
43,2042,307025,279209,586234
44,2042,309401,279433,588834
45,2042,309401,279433,588834
46,2042,308138,279364,587502
47,2042,308207,279364,587571
48,2042,308207,279364,587571
49,2042,308207,279364,587571
50,2042,308207,279364,587571
51,2042,308198,279402,587600
52,2042,308198,279402,587600
53,2042,308198,279402,587600
54,2042,308198,279402,587600
55,2042,308198,279402,587600
56,2042,308198,279402,587600
57,2042,308198,279402,587600
58,2042,308198,279402,587600
59,2042,308198,279402,587600
60,2042,308198,279402,587600
61,2042,308198,279402,587600
62,2042,308198,279402,587600
63,2042,308198,279402,587600
64,2042,309449,279472,588921
65,2042,309538,279472,589010
66,2042,307947,279400,587347
67,2042,308227,279400,587627
68,2042,307618,279138,586756
69,2042,307735,279232,586967
70,2042,307742,279123,586865
71,2042,309127,279187,588314
72,2042,308751,279129,587880
73,2042,307179,279129,586308
74,2042,307179,279129,586308
75,2042,307179,279129,586308
76,2042,307179,279129,586308
77,2042,307179,279129,586308
78,2042,306934,286413,593347
79,2042,306862,284996,591858
80,2042,306855,286432,593287
81,2042,306855,286432,593287
82,2042,306855,286432,593287
83,2042,306855,286432,593287
84,2042,306855,286432,593287
85,2042,306855,286432,593287
86,2042,306855,286432,593287
87,2042,306855,286432,593287
88,2042,306855,286432,593287
89,2042,306855,286432,593287
90,2042,306855,286432,593287
91,2042,306855,286432,593287
92,2042,306855,286432,593287
93,2042,306855,286432,593287
94,2042,306855,286432,593287
95,2042,306855,286432,593287
96,2042,306855,286432,593287
97,2042,306855,286432,593287
98,2042,306855,286432,593287
99,2042,306855,286432,593287
100,2042,306855,286432,593287
0,2042,292414,276267,568681
1,2042,292414,276267,568681
2,2042,292410,276267,568677
3,2042,292524,276267,568791
4,2042,292770,276374,569144
5,2042,292782,276405,569187
6,2042,292777,275836,568613
7,2042,292789,275833,568622
8,2042,292809,276105,568914
9,2042,292817,276218,569035
10,2042,292752,276008,568760
11,2042,292786,276013,568799
12,2042,292637,275836,568473
13,2042,294207,275567,569774
14,2042,297544,275452,572996
15,2042,296712,275491,572203
16,2042,295873,275344,571217
17,2042,298696,275638,574334
18,2042,308040,277244,585284
19,2042,310244,279250,589494
20,2042,310992,279343,590335
21,2042,309447,279369,588816
22,2042,309498,279517,589015
23,2042,309548,279517,589065
24,2042,309548,279517,589065
25,2042,309548,279517,589065
26,2042,309548,279517,589065
27,2042,309548,279517,589065
28,2042,309548,279517,589065
29,2042,309548,279517,589065
30,2042,309548,279517,589065
31,2042,309548,279517,589065
32,2042,309548,279517,589065
33,2042,309548,279517,589065
34,2042,309548,279517,589065
35,2042,309548,279517,589065
36,2042,309548,279517,589065
37,2042,309933,279517,589450
38,2042,309933,279517,589450
39,2042,309933,279517,589450
40,2042,309933,279517,589450
41,2042,309933,279517,589450
42,2042,309933,279517,589450
43,2042,309933,279517,589450
44,2042,311218,279445,590663
45,2042,311218,279445,590663
46,2042,311078,279485,590563
47,2042,311078,279485,590563
48,2042,311078,279485,590563
49,2042,311078,279485,590563
50,2042,311078,279485,590563
51,2042,311087,279523,590610
52,2042,311087,279523,590610
53,2042,311087,279523,590610
54,2042,311087,279523,590610
55,2042,311087,279523,590610
56,2042,311087,279523,590610
57,2042,311087,279523,590610
58,2042,311087,279523,590610
59,2042,311087,279523,590610
60,2042,311087,279523,590610
61,2042,311087,279523,590610
62,2042,311087,279523,590610
63,2042,311197,279523,590720
64,2042,311402,279483,590885
65,2042,311494,279483,590977
66,2042,311142,279522,590664
67,2042,311181,279522,590703
68,2042,310276,279498,589774
69,2042,310326,279498,589824
70,2042,310257,279585,589842
71,2042,310672,279598,590270
72,2042,310683,279572,590255
73,2042,309854,279579,589433
74,2042,309854,279579,589433
75,2042,309854,279579,589433
76,2042,309854,279579,589433
77,2042,309854,279579,589433
78,2042,309223,297053,606276
79,2042,309182,295170,604352
80,2042,309215,297002,606217
81,2042,309223,297359,606582
82,2042,309223,297359,606582
83,2042,309223,297359,606582
84,2042,309223,297359,606582
85,2042,309223,297359,606582
86,2042,309223,297359,606582
87,2042,309223,297359,606582
88,2042,309223,297359,606582
89,2042,309223,297359,606582
90,2042,309223,297359,606582
91,2042,309223,297359,606582
92,2042,309223,297359,606582
93,2042,309223,297359,606582
94,2042,309223,297359,606582
95,2042,309223,297359,606582
96,2042,309223,297359,606582
97,2042,309223,297359,606582
98,2042,309223,297359,606582
99,2042,309223,297359,606582
100,2042,309223,297359,606582
0,2042,290839,275033,565872
1,2042,290839,275033,565872
2,2042,290835,275033,565868
3,2042,290937,275233,566170
4,2042,291005,274937,565942
5,2042,291046,275155,566201
6,2042,292232,276240,568472
7,2042,292199,276233,568432
8,2042,291249,275661,566910
9,2042,291199,275601,566800
10,2042,292123,276191,568314
11,2042,292361,276048,568409
12,2042,293171,276060,569231
13,2042,294126,275531,569657
14,2042,296668,275937,572605
15,2042,295244,275388,570632
16,2042,296127,275713,571840
17,2042,298662,276231,574893
18,2042,305162,277907,583069
19,2042,309543,280666,590209
20,2042,310358,280573,590931
21,2042,310236,280007,590243
22,2042,310517,280086,590603
23,2042,310504,280086,590590
24,2042,310504,280086,590590
25,2042,310504,280086,590590
26,2042,310504,280086,590590
27,2042,310504,280086,590590
28,2042,310504,280086,590590
29,2042,310504,280086,590590
30,2042,310504,280086,590590
31,2042,310504,280086,590590
32,2042,310504,280086,590590
33,2042,310504,280086,590590
34,2042,310504,280086,590590
35,2042,310504,280086,590590
36,2042,310504,280086,590590
37,2042,310568,280086,590654
38,2042,310568,280086,590654
39,2042,310568,280086,590654
40,2042,310568,280086,590654
41,2042,310949,280086,591035
42,2042,310949,280086,591035
43,2042,310949,280086,591035
44,2042,311212,280770,591982
45,2042,311212,280770,591982
46,2042,311402,280718,592120
47,2042,311402,280718,592120
48,2042,311402,280718,592120
49,2042,311402,280718,592120
50,2042,311402,280718,592120
51,2042,311402,280757,592159
52,2042,311402,280757,592159
53,2042,311402,280757,592159
54,2042,311402,280757,592159
55,2042,311402,280757,592159
56,2042,311402,280757,592159
57,2042,311402,280757,592159
58,2042,311402,280757,592159
59,2042,311402,280757,592159
60,2042,311402,280757,592159
61,2042,311402,280757,592159
62,2042,311402,280757,592159
63,2042,311500,280757,592257
64,2042,311363,280826,592189
65,2042,311724,280826,592550
66,2042,311611,280757,592368
67,2042,311478,280757,592235
68,2042,311136,280282,591418
69,2042,311224,280386,591610
70,2042,311089,280359,591448
71,2042,311023,280782,591805
72,2042,311415,280757,592172
73,2042,310475,280113,590588
74,2042,310475,280113,590588
75,2042,310475,280113,590588
76,2042,310475,280113,590588
77,2042,310475,280113,590588
78,2042,312080,301426,613506
79,2042,311717,300216,611933
80,2042,312078,301550,613628
81,2042,312097,305369,617466
82,2042,312097,305369,617466
83,2042,312097,305369,617466
84,2042,312097,305369,617466
85,2042,312097,305369,617466
86,2042,312097,305369,617466
87,2042,312097,305369,617466
88,2042,312097,305369,617466
89,2042,312097,305369,617466
90,2042,312097,305369,617466
91,2042,312097,305369,617466
92,2042,312097,305369,617466
93,2042,312097,305369,617466
94,2042,312097,305369,617466
95,2042,312097,305369,617466
96,2042,312097,305369,617466
97,2042,312097,305369,617466
98,2042,312097,305369,617466
99,2042,312097,305369,617466
100,2042,312097,305369,617466
0,2042,289659,274603,564262
1,2042,289659,274603,564262
2,2042,289665,274603,564268
3,2042,290131,274992,565123
4,2042,290075,275018,565093
5,2042,290517,275453,565970
6,2042,291142,275727,566869
7,2042,291129,275727,566856
8,2042,291983,276029,568012
9,2042,291141,275810,566951
10,2042,291146,275616,566762
11,2042,292016,276074,568090
12,2042,292897,276138,569035
13,2042,294262,276019,570281
14,2042,294683,275572,570255
15,2042,297679,275397,573076
16,2042,295993,275946,571939
17,2042,298812,276626,575438
18,2042,303893,278118,582011
19,2042,307392,280296,587688
20,2042,308113,280287,588400
21,2042,310267,280533,590800
22,2042,310619,280734,591353
23,2042,310685,280734,591419
24,2042,310685,280734,591419
25,2042,310685,280734,591419
26,2042,310685,280734,591419
27,2042,310685,280734,591419
28,2042,310685,280734,591419
29,2042,310685,280734,591419
30,2042,310685,280734,591419
31,2042,310685,280734,591419
32,2042,310685,280734,591419
33,2042,310685,280734,591419
34,2042,310685,280734,591419
35,2042,310685,280734,591419
36,2042,310685,280734,591419
37,2042,310706,280734,591440
38,2042,310706,280734,591440
39,2042,310706,280734,591440
40,2042,310706,280734,591440
41,2042,311060,280758,591818
42,2042,311060,280758,591818
43,2042,311060,280758,591818
44,2042,310515,280639,591154
45,2042,310515,280639,591154
46,2042,310557,280639,591196
47,2042,310557,280639,591196
48,2042,310557,280639,591196
49,2042,310557,280639,591196
50,2042,310557,280639,591196
51,2042,310557,280639,591196
52,2042,310557,280639,591196
53,2042,310557,280639,591196
54,2042,310557,280639,591196
55,2042,310557,280639,591196
56,2042,310557,280639,591196
57,2042,310557,280639,591196
58,2042,310557,280639,591196
59,2042,310557,280639,591196
60,2042,310557,280639,591196
61,2042,310557,280639,591196
62,2042,310557,280639,591196
63,2042,310910,280639,591549
64,2042,310761,280639,591400
65,2042,311033,280639,591672
66,2042,311135,280672,591807
67,2042,310932,280639,591571
68,2042,311116,280771,591887
69,2042,311041,280703,591744
70,2042,310992,280666,591658
71,2042,310516,280639,591155
72,2042,310473,280639,591112
73,2042,311008,280697,591705
74,2042,311008,280697,591705
75,2042,311008,280697,591705
76,2042,311008,280697,591705
77,2042,311008,280697,591705
78,2042,314470,302480,616950
79,2042,314144,302411,616555
80,2042,314352,302829,617181
81,2042,316242,304224,620466
82,2042,316242,304224,620466
83,2042,316242,304224,620466
84,2042,316242,304224,620466
85,2042,316242,304224,620466
86,2042,316242,304224,620466
87,2042,316242,304224,620466
88,2042,316242,304224,620466
89,2042,316242,304224,620466
90,2042,316242,304224,620466
91,2042,316242,304224,620466
92,2042,316242,304224,620466
93,2042,316242,304224,620466
94,2042,316242,304224,620466
95,2042,316242,304224,620466
96,2042,316242,304224,620466
97,2042,316242,304224,620466
98,2042,316242,304224,620466
99,2042,316242,304224,620466
100,2042,316242,304224,620466
0,2042,289139,272661,561800
1,2042,289139,272661,561800
2,2042,289140,272661,561801
3,2042,289119,272764,561883
4,2042,289360,272455,561815
5,2042,290329,273837,564166
6,2042,290582,275044,565626
7,2042,290513,275001,565514
8,2042,291822,275327,567149
9,2042,292040,275205,567245
10,2042,290765,275121,565886
11,2042,291646,275629,567275
12,2042,292463,275852,568315
13,2042,293960,275907,569867
14,2042,294086,274870,568956
15,2042,297101,275906,573007
16,2042,295988,275549,571537
17,2042,299178,275915,575093
18,2042,303074,277430,580504
19,2042,305532,280384,585916
20,2042,307797,280492,588289
21,2042,309263,280395,589658
22,2042,309846,280601,590447
23,2042,310066,280601,590667
24,2042,310068,280601,590669
25,2042,310068,280601,590669
26,2042,310068,280601,590669
27,2042,310068,280601,590669
28,2042,310068,280601,590669
29,2042,310068,280601,590669
30,2042,310068,280601,590669
31,2042,310068,280601,590669
32,2042,310068,280601,590669
33,2042,310068,280601,590669
34,2042,310068,280601,590669
35,2042,310068,280601,590669
36,2042,310068,280601,590669
37,2042,310106,280601,590707
38,2042,310106,280601,590707
39,2042,310106,280601,590707
40,2042,310106,280601,590707
41,2042,310504,280601,591105
42,2042,310504,280601,591105
43,2042,310504,280601,591105
44,2042,310371,280615,590986
45,2042,310371,280615,590986
46,2042,310431,280601,591032
47,2042,310431,280601,591032
48,2042,310431,280601,591032
49,2042,310431,280601,591032
50,2042,310431,280601,591032
51,2042,310431,280601,591032
52,2042,310431,280601,591032
53,2042,310431,280601,591032
54,2042,310431,280601,591032
55,2042,310431,280601,591032
56,2042,310431,280601,591032
57,2042,310431,280601,591032
58,2042,310431,280601,591032
59,2042,310431,280601,591032
60,2042,310425,280601,591026
61,2042,310396,280601,590997
62,2042,310384,280601,590985
63,2042,310452,280601,591053
64,2042,310622,280615,591237
65,2042,310565,280615,591180
66,2042,310466,280601,591067
67,2042,310560,280601,591161
68,2042,310503,280601,591104
69,2042,310459,280601,591060
70,2042,310415,280601,591016
71,2042,310321,280601,590922
72,2042,310394,280611,591005
73,2042,310297,280601,590898
74,2042,310297,280601,590898
75,2042,310297,280601,590898
76,2042,310297,280601,590898
77,2042,310297,280601,590898
78,2042,316765,303090,619855
79,2042,316576,303067,619643
80,2042,316701,303735,620436
81,2042,316971,305349,622320
82,2042,316971,305349,622320
83,2042,316971,305349,622320
84,2042,316971,305349,622320
85,2042,316971,305349,622320
86,2042,316971,305349,622320
87,2042,316971,305349,622320
88,2042,316971,305349,622320
89,2042,316971,305349,622320
90,2042,316971,305349,622320
91,2042,316971,305349,622320
92,2042,316971,305349,622320
93,2042,316971,305349,622320
94,2042,316971,305349,622320
95,2042,316971,305349,622320
96,2042,316971,305349,622320
97,2042,316971,305349,622320
98,2042,316971,305349,622320
99,2042,316971,305349,622320
100,2042,316971,305349,622320
0,2042,290394,273022,563416
1,2042,290394,272960,563354
2,2042,290359,272960,563319
3,2042,290259,272886,563145
4,2042,290454,272808,563262
5,2042,291611,274441,566052
6,2042,290844,274238,565082
7,2042,290993,274439,565432
8,2042,292558,275788,568346
9,2042,292683,276220,568903
10,2042,290916,274282,565198
11,2042,292270,275799,568069
12,2042,292527,276121,568648
13,2042,293904,275836,569740
14,2042,293814,275619,569433
15,2042,296491,275550,572041
16,2042,296013,275404,571417
17,2042,300549,276014,576563
18,2042,303703,277256,580959
19,2042,304886,279668,584554
20,2042,307763,280642,588405
21,2042,308577,280432,589009
22,2042,309209,280601,589810
23,2042,309657,280601,590258
24,2042,309658,280601,590259
25,2042,309658,280601,590259
26,2042,309658,280601,590259
27,2042,309658,280601,590259
28,2042,309658,280601,590259
29,2042,309658,280601,590259
30,2042,309658,280601,590259
31,2042,309658,280601,590259
32,2042,309658,280601,590259
33,2042,309658,280601,590259
34,2042,309658,280601,590259
35,2042,309658,280601,590259
36,2042,309658,280601,590259
37,2042,309666,280681,590347
38,2042,309666,280681,590347
39,2042,309666,280681,590347
40,2042,309666,280681,590347
41,2042,310400,280705,591105
42,2042,310400,280705,591105
43,2042,310400,280705,591105
44,2042,310418,280719,591137
45,2042,310418,280719,591137
46,2042,310454,280719,591173
47,2042,310454,280719,591173
48,2042,310454,280719,591173
49,2042,310454,280719,591173
50,2042,310454,280719,591173
51,2042,310454,280719,591173
52,2042,310454,280719,591173
53,2042,310454,280719,591173
54,2042,310454,280719,591173
55,2042,310454,280719,591173
56,2042,310454,280719,591173
57,2042,310454,280719,591173
58,2042,310454,280719,591173
59,2042,310454,280719,591173
60,2042,310454,280719,591173
61,2042,310425,280719,591144
62,2042,310355,280719,591074
63,2042,310557,280719,591276
64,2042,310622,280709,591331
65,2042,310657,280709,591366
66,2042,310551,280719,591270
67,2042,310578,280709,591287
68,2042,310595,280719,591314
69,2042,310527,280719,591246
70,2042,310501,280719,591220
71,2042,310167,280719,590886
72,2042,310365,280719,591084
73,2042,310097,280705,590802
74,2042,310097,280705,590802
75,2042,310097,280705,590802
76,2042,310097,280705,590802
77,2042,310097,280705,590802
78,2042,316031,304649,620680
79,2042,316015,304523,620538
80,2042,316491,304884,621375
81,2042,317021,307179,624200
82,2042,317021,307179,624200
83,2042,317021,307179,624200
84,2042,317021,307179,624200
85,2042,317021,307179,624200
86,2042,317021,307179,624200
87,2042,317021,307179,624200
88,2042,317021,307179,624200
89,2042,317021,307179,624200
90,2042,317021,307179,624200
91,2042,317021,307179,624200
92,2042,317021,307179,624200
93,2042,317021,307179,624200
94,2042,317021,307179,624200
95,2042,317021,307179,624200
96,2042,317021,307179,624200
97,2042,317021,307179,624200
98,2042,317021,307179,624200
99,2042,317021,307179,624200
100,2042,317021,307179,624200
0,2042,291389,273588,564977
1,2042,291361,273588,564949
2,2042,291342,273588,564930
3,2042,290486,273473,563959
4,2042,291427,273538,564965
5,2042,292690,275544,568234
6,2042,291841,274747,566588
7,2042,291918,275199,567117
8,2042,292254,275800,568054
9,2042,291248,275379,566627
10,2042,292120,274848,566968
11,2042,292386,276244,568630
12,2042,292471,275750,568221
13,2042,293842,275635,569477
14,2042,294684,275923,570607
15,2042,295202,274951,570153
16,2042,296309,275544,571853
17,2042,300680,275961,576641
18,2042,306176,277396,583572
19,2042,304844,279082,583926
20,2042,307760,280252,588012
21,2042,308575,280608,589183
22,2042,309265,280695,589960
23,2042,309759,280695,590454
24,2042,309761,280695,590456
25,2042,309761,280695,590456
26,2042,309761,280695,590456
27,2042,309761,280695,590456
28,2042,309761,280695,590456
29,2042,309761,280695,590456
30,2042,309761,280695,590456
31,2042,309761,280695,590456
32,2042,309761,280695,590456
33,2042,309761,280695,590456
34,2042,309761,280695,590456
35,2042,309761,280695,590456
36,2042,309761,280695,590456
37,2042,309760,280695,590455
38,2042,309760,280695,590455
39,2042,309760,280695,590455
40,2042,309760,280695,590455
41,2042,310532,280719,591251
42,2042,310532,280719,591251
43,2042,310532,280719,591251
44,2042,310612,280709,591321
45,2042,310612,280709,591321
46,2042,310612,280709,591321
47,2042,310612,280709,591321
48,2042,310612,280709,591321
49,2042,310612,280709,591321
50,2042,310612,280709,591321
51,2042,310612,280709,591321
52,2042,310612,280709,591321
53,2042,310612,280709,591321
54,2042,310612,280709,591321
55,2042,310612,280709,591321
56,2042,310612,280709,591321
57,2042,310612,280709,591321
58,2042,310612,280709,591321
59,2042,310612,280709,591321
60,2042,310612,280709,591321
61,2042,310583,280709,591292
62,2042,310342,280719,591061
63,2042,310663,280709,591372
64,2042,310791,280709,591500
65,2042,310817,280709,591526
66,2042,310711,280709,591420
67,2042,310719,280709,591428
68,2042,310627,280709,591336
69,2042,310569,280709,591278
70,2042,310553,280709,591262
71,2042,310114,280719,590833
72,2042,310402,280719,591121
73,2042,310099,280695,590794
74,2042,310099,280695,590794
75,2042,310099,280695,590794
76,2042,310099,280695,590794
77,2042,310099,280695,590794
78,2042,316416,306500,622916
79,2042,316414,306851,623265
80,2042,317112,306603,623715
81,2042,320548,305311,625859
82,2042,320548,305311,625859
83,2042,320548,305311,625859
84,2042,320548,305311,625859
85,2042,320548,305311,625859
86,2042,320548,305311,625859
87,2042,320548,305311,625859
88,2042,320548,305311,625859
89,2042,320548,305311,625859
90,2042,320548,305311,625859
91,2042,320548,305311,625859
92,2042,320548,305311,625859
93,2042,320548,305311,625859
94,2042,320548,305311,625859
95,2042,320548,305311,625859
96,2042,320548,305311,625859
97,2042,320548,305311,625859
98,2042,320548,305311,625859
99,2042,320548,305311,625859
100,2042,320548,305311,625859
0,2042,292751,275522,568273
1,2042,292768,275518,568286
2,2042,292769,275518,568287
3,2042,291789,274356,566145
4,2042,293025,274710,567735
5,2042,292813,276399,569212
6,2042,292765,276223,568988
7,2042,292672,276268,568940
8,2042,292330,276276,568606
9,2042,291393,275989,567382
10,2042,292673,276157,568830
11,2042,291584,275622,567206
12,2042,292581,275830,568411
13,2042,294134,275933,570067
14,2042,295041,276344,571385
15,2042,297727,275310,573037
16,2042,296109,275747,571856
17,2042,313874,275931,589805
18,2042,305144,277547,582691
19,2042,305947,279202,585149
20,2042,308539,280233,588772
21,2042,309150,280634,589784
22,2042,309340,280727,590067
23,2042,309735,280695,590430
24,2042,309736,280695,590431
25,2042,309736,280695,590431
26,2042,309736,280695,590431
27,2042,309736,280695,590431
28,2042,309736,280695,590431
29,2042,309736,280695,590431
30,2042,309736,280695,590431
31,2042,309736,280695,590431
32,2042,309736,280695,590431
33,2042,309736,280695,590431
34,2042,309736,280695,590431
35,2042,309736,280695,590431
36,2042,309736,280695,590431
37,2042,309736,280695,590431
38,2042,309736,280695,590431
39,2042,309736,280695,590431
40,2042,309736,280695,590431
41,2042,310615,280709,591324
42,2042,310615,280709,591324
43,2042,310615,280709,591324
44,2042,310580,280709,591289
45,2042,310580,280709,591289
46,2042,310589,280709,591298
47,2042,310589,280709,591298
48,2042,310589,280709,591298
49,2042,310589,280709,591298
50,2042,310589,280709,591298
51,2042,310589,280709,591298
52,2042,310589,280709,591298
53,2042,310589,280709,591298
54,2042,310589,280709,591298
55,2042,310589,280709,591298
56,2042,310589,280709,591298
57,2042,310589,280709,591298
58,2042,310589,280709,591298
59,2042,310589,280709,591298
60,2042,310589,280709,591298
61,2042,310560,280709,591269
62,2042,310362,280719,591081
63,2042,310688,280709,591397
64,2042,310777,280709,591486
65,2042,310815,280709,591524
66,2042,310706,280709,591415
67,2042,310743,280709,591452
68,2042,310757,280709,591466
69,2042,310692,280709,591401
70,2042,310676,280709,591385
71,2042,310183,280695,590878
72,2042,310549,280719,591268
73,2042,310133,280695,590828
74,2042,310133,280695,590828
75,2042,310133,280695,590828
76,2042,310133,280695,590828
77,2042,310133,280695,590828
78,2042,319143,305453,624596
79,2042,319327,305676,625003
80,2042,319274,305068,624342
81,2042,318978,306401,625379
82,2042,318978,306401,625379
83,2042,318978,306401,625379
84,2042,318978,306401,625379
85,2042,318978,306401,625379
86,2042,318978,306401,625379
87,2042,318978,306401,625379
88,2042,318978,306401,625379
89,2042,318978,306401,625379
90,2042,318978,306401,625379
91,2042,318978,306401,625379
92,2042,318978,306401,625379
93,2042,318978,306401,625379
94,2042,318978,306401,625379
95,2042,318978,306401,625379
96,2042,318978,306401,625379
97,2042,318978,306401,625379
98,2042,318978,306401,625379
99,2042,318978,306401,625379
100,2042,318978,306401,625379
0,2042,292327,275510,567837
1,2042,292327,275659,567986
2,2042,292320,275647,567967
3,2042,292875,275527,568402
4,2042,292828,275721,568549
5,2042,291154,274409,565563
6,2042,291431,275516,566947
7,2042,291405,275336,566741
8,2042,290990,275061,566051
9,2042,292128,275695,567823
10,2042,291559,275769,567328
11,2042,291377,275586,566963
12,2042,293155,276000,569155
13,2042,294189,275958,570147
14,2042,295769,275717,571486
15,2042,297153,275649,572802
16,2042,295944,275372,571316
17,2042,307331,276682,584013
18,2042,304499,277441,581940
19,2042,307335,279222,586557
20,2042,309367,280247,589614
21,2042,309425,280514,589939
22,2042,309452,280752,590204
23,2042,309762,280695,590457
24,2042,309764,280695,590459
25,2042,309764,280695,590459
26,2042,309764,280695,590459
27,2042,309764,280695,590459
28,2042,309764,280695,590459
29,2042,309764,280695,590459
30,2042,309764,280695,590459
31,2042,309764,280695,590459
32,2042,309764,280695,590459
33,2042,309764,280695,590459
34,2042,309764,280695,590459
35,2042,309764,280695,590459
36,2042,309764,280695,590459
37,2042,309738,280695,590433
38,2042,309738,280695,590433
39,2042,309738,280695,590433
40,2042,309738,280695,590433
41,2042,310581,280709,591290
42,2042,310581,280709,591290
43,2042,310581,280709,591290
44,2042,310522,280709,591231
45,2042,310522,280709,591231
46,2042,310522,280709,591231
47,2042,310522,280709,591231
48,2042,310522,280709,591231
49,2042,310522,280709,591231
50,2042,310522,280709,591231
51,2042,310522,280709,591231
52,2042,310522,280709,591231
53,2042,310522,280709,591231
54,2042,310522,280709,591231
55,2042,310522,280709,591231
56,2042,310522,280709,591231
57,2042,310522,280709,591231
58,2042,310522,280709,591231
59,2042,310522,280709,591231
60,2042,310522,280709,591231
61,2042,310493,280709,591202
62,2042,310500,280719,591219
63,2042,310622,280709,591331
64,2042,310711,280709,591420
65,2042,310854,280709,591563
66,2042,310736,280709,591445
67,2042,310677,280709,591386
68,2042,310743,280709,591452
69,2042,310668,280709,591377
70,2042,310642,280709,591351
71,2042,310117,280719,590836
72,2042,310404,280709,591113
73,2042,310176,280695,590871
74,2042,310176,280695,590871
75,2042,310176,280695,590871
76,2042,310176,280695,590871
77,2042,310176,280695,590871
78,2042,317218,306629,623847
79,2042,317604,306070,623674
80,2042,317715,306312,624027
81,2042,319435,304795,624230
82,2042,319435,304795,624230
83,2042,319435,304795,624230
84,2042,319435,304795,624230
85,2042,319435,304795,624230
86,2042,319435,304795,624230
87,2042,319435,304795,624230
88,2042,319435,304795,624230
89,2042,319435,304795,624230
90,2042,319435,304795,624230
91,2042,319435,304795,624230
92,2042,319435,304795,624230
93,2042,319435,304795,624230
94,2042,319435,304795,624230
95,2042,319435,304795,624230
96,2042,319435,304795,624230
97,2042,319435,304795,624230
98,2042,319435,304795,624230
99,2042,319435,304795,624230
100,2042,319435,304795,624230
0,2042,292237,275533,567770
1,2042,292258,275489,567747
2,2042,292255,275489,567744
3,2042,292520,275565,568085
4,2042,292646,275922,568568
5,2042,290941,274761,565702
6,2042,291650,275540,567190
7,2042,291571,275602,567173
8,2042,290150,274568,564718
9,2042,292443,275886,568329
10,2042,291915,275595,567510
11,2042,292561,275926,568487
12,2042,293011,276402,569413
13,2042,293947,275772,569719
14,2042,294479,275523,570002
15,2042,297722,275788,573510
16,2042,296132,275359,571491
17,2042,303346,276680,580026
18,2042,304374,277451,581825
19,2042,307952,279352,587304
20,2042,309700,280525,590225
21,2042,308980,280464,589444
22,2042,309470,280601,590071
23,2042,309775,280616,590391
24,2042,309777,280616,590393
25,2042,309777,280616,590393
26,2042,309777,280616,590393
27,2042,309777,280616,590393
28,2042,309777,280616,590393
29,2042,309777,280616,590393
30,2042,309777,280616,590393
31,2042,309777,280616,590393
32,2042,309777,280616,590393
33,2042,309777,280616,590393
34,2042,309777,280616,590393
35,2042,309777,280616,590393
36,2042,309777,280616,590393
37,2042,309777,280616,590393
38,2042,309777,280616,590393
39,2042,309777,280616,590393
40,2042,309777,280616,590393
41,2042,310522,280709,591231
42,2042,310522,280709,591231
43,2042,310522,280709,591231
44,2042,310523,280709,591232
45,2042,310523,280709,591232
46,2042,310523,280709,591232
47,2042,310523,280709,591232
48,2042,310523,280709,591232
49,2042,310523,280709,591232
50,2042,310523,280709,591232
51,2042,310523,280709,591232
52,2042,310523,280709,591232
53,2042,310523,280709,591232
54,2042,310523,280709,591232
55,2042,310523,280709,591232
56,2042,310523,280709,591232
57,2042,310523,280709,591232
58,2042,310523,280709,591232
59,2042,310523,280709,591232
60,2042,310523,280709,591232
61,2042,310494,280709,591203
62,2042,310481,280709,591190
63,2042,310622,280709,591331
64,2042,310711,280709,591420
65,2042,310728,280709,591437
66,2042,310677,280709,591386
67,2042,310677,280709,591386
68,2042,310677,280709,591386
69,2042,310602,280709,591311
70,2042,310576,280709,591285
71,2042,310117,280695,590812
72,2042,310481,280719,591200
73,2042,310143,280719,590862
74,2042,310143,280719,590862
75,2042,310143,280719,590862
76,2042,310143,280719,590862
77,2042,310143,280719,590862
78,2042,319280,304872,624152
79,2042,317218,306403,623621
80,2042,318885,305538,624423
81,2042,315816,304901,620717
82,2042,315816,304901,620717
83,2042,315816,304901,620717
84,2042,315816,304901,620717
85,2042,315816,304901,620717
86,2042,315816,304901,620717
87,2042,315816,304901,620717
88,2042,315816,304901,620717
89,2042,315816,304901,620717
90,2042,315816,304901,620717
91,2042,315816,304901,620717
92,2042,315816,304901,620717
93,2042,315816,304901,620717
94,2042,315816,304901,620717
95,2042,315816,304901,620717
96,2042,315816,304901,620717
97,2042,315816,304901,620717
98,2042,315816,304901,620717
99,2042,315816,304901,620717
100,2042,315816,304901,620717
0,2042,292050,274642,566692
1,2042,291992,274566,566558
2,2042,292049,274566,566615
3,2042,292288,275393,567681
4,2042,292350,275433,567783
5,2042,291665,275418,567083
6,2042,292616,275683,568299
7,2042,292591,275714,568305
8,2042,289388,272724,562112
9,2042,292120,275796,567916
10,2042,292494,275697,568191
11,2042,292571,276455,569026
12,2042,292461,275605,568066
13,2042,293891,275625,569516
14,2042,294576,275565,570141
15,2042,296947,275357,572304
16,2042,296197,275623,571820
17,2042,302139,276579,578718
18,2042,304368,277408,581776
19,2042,309074,279536,588610
20,2042,308796,280425,589221
21,2042,308818,280514,589332
22,2042,309431,280601,590032
23,2042,309749,280616,590365
24,2042,309751,280616,590367
25,2042,309751,280616,590367
26,2042,309751,280616,590367
27,2042,309751,280616,590367
28,2042,309751,280616,590367
29,2042,309751,280616,590367
30,2042,309751,280616,590367
31,2042,309751,280616,590367
32,2042,309751,280616,590367
33,2042,309751,280616,590367
34,2042,309751,280616,590367
35,2042,309751,280616,590367
36,2042,309751,280616,590367
37,2042,309751,280616,590367
38,2042,309751,280616,590367
39,2042,309751,280616,590367
40,2042,309751,280616,590367
41,2042,310523,280709,591232
42,2042,310523,280709,591232
43,2042,310523,280709,591232
44,2042,310523,280709,591232
45,2042,310523,280709,591232
46,2042,310523,280709,591232
47,2042,310523,280709,591232
48,2042,310523,280709,591232
49,2042,310523,280709,591232
50,2042,310523,280709,591232
51,2042,310523,280709,591232
52,2042,310523,280709,591232
53,2042,310523,280709,591232
54,2042,310523,280709,591232
55,2042,310523,280709,591232
56,2042,310523,280709,591232
57,2042,310523,280709,591232
58,2042,310523,280709,591232
59,2042,310523,280709,591232
60,2042,310523,280709,591232
61,2042,310502,280709,591211
62,2042,310533,280709,591242
63,2042,310629,280709,591338
64,2042,310711,280709,591420
65,2042,310748,280709,591457
66,2042,310677,280709,591386
67,2042,310677,280709,591386
68,2042,310677,280709,591386
69,2042,310602,280709,591311
70,2042,310576,280709,591285
71,2042,310117,280695,590812
72,2042,310465,280709,591174
73,2042,310117,280719,590836
74,2042,310117,280719,590836
75,2042,310117,280719,590836
76,2042,310117,280719,590836
77,2042,310117,280719,590836
78,2042,317018,305496,622514
79,2042,319763,304916,624679
80,2042,316558,305659,622217
81,2042,315093,304229,619322
82,2042,315093,304229,619322
83,2042,315093,304229,619322
84,2042,315093,304229,619322
85,2042,315093,304229,619322
86,2042,315093,304229,619322
87,2042,315093,304229,619322
88,2042,315093,304229,619322
89,2042,315093,304229,619322
90,2042,315093,304229,619322
91,2042,315093,304229,619322
92,2042,315093,304229,619322
93,2042,315093,304229,619322
94,2042,315093,304229,619322
95,2042,315093,304229,619322
96,2042,315093,304229,619322
97,2042,315093,304229,619322
98,2042,315093,304229,619322
99,2042,315093,304229,619322
100,2042,315093,304229,619322
0,2042,292467,275809,568276
1,2042,292460,275777,568237
2,2042,292457,275777,568234
3,2042,292245,275154,567399
4,2042,292274,275644,567918
5,2042,292620,276606,569226
6,2042,292731,276392,569123
7,2042,292547,276434,568981
8,2042,290424,273014,563438
9,2042,292125,275680,567805
10,2042,292649,276206,568855
11,2042,291627,275325,566952
12,2042,292214,276093,568307
13,2042,294275,275933,570208
14,2042,294898,275677,570575
15,2042,296696,275498,572194
16,2042,296083,275608,571691
17,2042,302392,276114,578506
18,2042,304800,277408,582208
19,2042,308341,280112,588453
20,2042,308246,280444,588690
21,2042,308721,280514,589235
22,2042,309400,280616,590016
23,2042,309775,280616,590391
24,2042,309777,280616,590393
25,2042,309777,280616,590393
26,2042,309777,280616,590393
27,2042,309777,280616,590393
28,2042,309777,280616,590393
29,2042,309777,280616,590393
30,2042,309777,280616,590393
31,2042,309777,280616,590393
32,2042,309777,280616,590393
33,2042,309777,280616,590393
34,2042,309777,280616,590393
35,2042,309777,280616,590393
36,2042,309777,280616,590393
37,2042,309751,280616,590367
38,2042,309751,280616,590367
39,2042,309751,280616,590367
40,2042,309751,280616,590367
41,2042,310523,280709,591232
42,2042,310523,280709,591232
43,2042,310523,280709,591232
44,2042,310523,280709,591232
45,2042,310523,280709,591232
46,2042,310523,280709,591232
47,2042,310523,280709,591232
48,2042,310523,280709,591232
49,2042,310523,280709,591232
50,2042,310523,280709,591232
51,2042,310523,280709,591232
52,2042,310523,280709,591232
53,2042,310523,280709,591232
54,2042,310523,280709,591232
55,2042,310523,280709,591232
56,2042,310523,280709,591232
57,2042,310523,280709,591232
58,2042,310523,280709,591232
59,2042,310523,280709,591232
60,2042,310523,280709,591232
61,2042,310502,280709,591211
62,2042,310490,280709,591199
63,2042,310629,280709,591338
64,2042,310711,280709,591420
65,2042,310728,280709,591437
66,2042,310677,280709,591386
67,2042,310677,280709,591386
68,2042,310677,280709,591386
69,2042,310609,280709,591318
70,2042,310583,280709,591292
71,2042,310117,280695,590812
72,2042,310465,280709,591174
73,2042,310117,280695,590812
74,2042,310117,280695,590812
75,2042,310117,280695,590812
76,2042,310117,280695,590812
77,2042,310117,280695,590812
78,2042,315589,306728,622317
79,2042,317850,304290,622140
80,2042,315286,304700,619986
81,2042,313486,303270,616756
82,2042,313486,303270,616756
83,2042,313486,303270,616756
84,2042,313486,303270,616756
85,2042,313486,303270,616756
86,2042,313486,303270,616756
87,2042,313486,303270,616756
88,2042,313486,303270,616756
89,2042,313486,303270,616756
90,2042,313486,303270,616756
91,2042,313486,303270,616756
92,2042,313486,303270,616756
93,2042,313486,303270,616756
94,2042,313486,303270,616756
95,2042,313486,303270,616756
96,2042,313486,303270,616756
97,2042,313486,303270,616756
98,2042,313486,303270,616756
99,2042,313486,303270,616756
100,2042,313486,303270,616756
0,2042,292071,275839,567910
1,2042,292089,275900,567989
2,2042,292086,275900,567986
3,2042,292381,275949,568330
4,2042,292447,276194,568641
5,2042,291076,274117,565193
6,2042,291032,274854,565886
7,2042,290997,274886,565883
8,2042,291455,273560,565015
9,2042,292220,275875,568095
10,2042,291207,275214,566421
11,2042,291288,275553,566841
12,2042,293021,276358,569379
13,2042,294152,276089,570241
14,2042,295132,275773,570905
15,2042,295672,275405,571077
16,2042,296009,275276,571285
17,2042,303498,276207,579705
18,2042,304580,277399,581979
19,2042,307593,280366,587959
20,2042,308648,280447,589095
21,2042,309185,280529,589714
22,2042,309411,280647,590058
23,2042,309775,280616,590391
24,2042,309777,280624,590401
25,2042,309777,280624,590401
26,2042,309777,280624,590401
27,2042,309777,280624,590401
28,2042,309777,280624,590401
29,2042,309777,280624,590401
30,2042,309777,280624,590401
31,2042,309777,280624,590401
32,2042,309777,280624,590401
33,2042,309777,280624,590401
34,2042,309777,280624,590401
35,2042,309777,280624,590401
36,2042,309777,280624,590401
37,2042,309777,280616,590393
38,2042,309777,280616,590393
39,2042,309777,280616,590393
40,2042,309777,280616,590393
41,2042,310523,280709,591232
42,2042,310523,280709,591232
43,2042,310523,280709,591232
44,2042,310523,280709,591232
45,2042,310523,280709,591232
46,2042,310523,280709,591232
47,2042,310523,280709,591232
48,2042,310523,280709,591232
49,2042,310523,280709,591232
50,2042,310523,280709,591232
51,2042,310523,280709,591232
52,2042,310523,280709,591232
53,2042,310523,280709,591232
54,2042,310523,280709,591232
55,2042,310523,280709,591232
56,2042,310523,280709,591232
57,2042,310523,280709,591232
58,2042,310523,280709,591232
59,2042,310523,280709,591232
60,2042,310523,280709,591232
61,2042,310502,280709,591211
62,2042,310482,280709,591191
63,2042,310622,280709,591331
64,2042,310711,280709,591420
65,2042,310776,280709,591485
66,2042,310677,280709,591386
67,2042,310677,280709,591386
68,2042,310677,280709,591386
69,2042,310609,280709,591318
70,2042,310583,280709,591292
71,2042,310117,280695,590812
72,2042,310465,280709,591174
73,2042,310117,280695,590812
74,2042,310117,280695,590812
75,2042,310117,280695,590812
76,2042,310117,280695,590812
77,2042,310117,280695,590812
78,2042,319253,303696,622949
79,2042,314882,303302,618184
80,2042,314483,304209,618692
81,2042,313400,302807,616207
82,2042,313400,302807,616207
83,2042,313400,302807,616207
84,2042,313400,302807,616207
85,2042,313400,302807,616207
86,2042,313400,302807,616207
87,2042,313400,302807,616207
88,2042,313400,302807,616207
89,2042,313400,302807,616207
90,2042,313400,302807,616207
91,2042,313400,302807,616207
92,2042,313400,302807,616207
93,2042,313400,302807,616207
94,2042,313400,302807,616207
95,2042,313400,302807,616207
96,2042,313400,302807,616207
97,2042,313400,302807,616207
98,2042,313400,302807,616207
99,2042,313400,302807,616207
100,2042,313400,302807,616207
0,2042,291929,276118,568047
1,2042,292050,276184,568234
2,2042,292024,276184,568208
3,2042,292099,275673,567772
4,2042,291120,275219,566339
5,2042,290898,274381,565279
6,2042,290201,274869,565070
7,2042,289966,274416,564382
8,2042,293136,274868,568004
9,2042,292151,275983,568134
10,2042,291191,275417,566608
11,2042,292570,276264,568834
12,2042,292503,275712,568215
13,2042,293667,275662,569329
14,2042,296166,275731,571897
15,2042,295497,275115,570612
16,2042,296079,275458,571537
17,2042,303229,276582,579811
18,2042,304477,277399,581876
19,2042,306568,280199,586767
20,2042,308456,280490,588946
21,2042,309412,280464,589876
22,2042,309419,280647,590066
23,2042,309775,280624,590399
24,2042,309777,280624,590401
25,2042,309777,280624,590401
26,2042,309777,280624,590401
27,2042,309777,280624,590401
28,2042,309777,280624,590401
29,2042,309777,280624,590401
30,2042,309777,280624,590401
31,2042,309777,280624,590401
32,2042,309777,280624,590401
33,2042,309777,280624,590401
34,2042,309777,280624,590401
35,2042,309777,280624,590401
36,2042,309777,280624,590401
37,2042,309777,280624,590401
38,2042,309777,280624,590401
39,2042,309777,280624,590401
40,2042,309777,280624,590401
41,2042,310523,280709,591232
42,2042,310523,280709,591232
43,2042,310523,280709,591232
44,2042,310523,280709,591232
45,2042,310523,280709,591232
46,2042,310523,280709,591232
47,2042,310523,280709,591232
48,2042,310523,280709,591232
49,2042,310523,280709,591232
50,2042,310523,280709,591232
51,2042,310523,280709,591232
52,2042,310523,280709,591232
53,2042,310523,280709,591232
54,2042,310523,280709,591232
55,2042,310523,280709,591232
56,2042,310523,280709,591232
57,2042,310523,280709,591232
58,2042,310523,280709,591232
59,2042,310523,280709,591232
60,2042,310523,280709,591232
61,2042,310502,280709,591211
62,2042,310542,280709,591251
63,2042,310622,280709,591331
64,2042,310711,280709,591420
65,2042,310776,280709,591485
66,2042,310677,280709,591386
67,2042,310677,280709,591386
68,2042,310677,280709,591386
69,2042,310609,280709,591318
70,2042,310583,280709,591292
71,2042,310117,280695,590812
72,2042,310465,280709,591174
73,2042,310117,280695,590812
74,2042,310117,280695,590812
75,2042,310117,280695,590812
76,2042,310117,280695,590812
77,2042,310117,280695,590812
78,2042,315391,302409,617800
79,2042,313281,301886,615167
80,2042,313582,303403,616985
81,2042,313300,302781,616081
82,2042,313300,302781,616081
83,2042,313300,302781,616081
84,2042,313300,302781,616081
85,2042,313300,302781,616081
86,2042,313300,302781,616081
87,2042,313300,302781,616081
88,2042,313300,302781,616081
89,2042,313300,302781,616081
90,2042,313300,302781,616081
91,2042,313300,302781,616081
92,2042,313300,302781,616081
93,2042,313300,302781,616081
94,2042,313300,302781,616081
95,2042,313300,302781,616081
96,2042,313300,302781,616081
97,2042,313300,302781,616081
98,2042,313300,302781,616081
99,2042,313300,302781,616081
100,2042,313300,302781,616081
0,2042,290678,274865,565543
1,2042,290646,274600,565246
2,2042,290646,274600,565246
3,2042,292028,275935,567963
4,2042,290806,274931,565737
5,2042,291693,275335,567028
6,2042,289512,272972,562484
7,2042,289426,272773,562199
8,2042,292970,275895,568865
9,2042,292042,275514,567556
10,2042,292198,275741,567939
11,2042,291715,275941,567656
12,2042,292280,275815,568095
13,2042,293958,275737,569695
14,2042,295390,275951,571341
15,2042,295576,275625,571201
16,2042,296316,275830,572146
17,2042,302965,276281,579246
18,2042,304630,277408,582038
19,2042,305272,279385,584657
20,2042,308843,280475,589318
21,2042,308966,280464,589430
22,2042,309419,280616,590035
23,2042,309775,280616,590391
24,2042,309777,280616,590393
25,2042,309777,280616,590393
26,2042,309777,280616,590393
27,2042,309777,280616,590393
28,2042,309777,280616,590393
29,2042,309777,280616,590393
30,2042,309777,280616,590393
31,2042,309777,280616,590393
32,2042,309777,280616,590393
33,2042,309777,280616,590393
34,2042,309777,280616,590393
35,2042,309777,280616,590393
36,2042,309777,280616,590393
37,2042,309777,280616,590393
38,2042,309777,280616,590393
39,2042,309777,280616,590393
40,2042,309777,280616,590393
41,2042,310523,280709,591232
42,2042,310523,280709,591232
43,2042,310523,280709,591232
44,2042,310523,280709,591232
45,2042,310523,280709,591232
46,2042,310523,280709,591232
47,2042,310523,280709,591232
48,2042,310523,280709,591232
49,2042,310523,280709,591232
50,2042,310523,280709,591232
51,2042,310523,280709,591232
52,2042,310523,280709,591232
53,2042,310523,280709,591232
54,2042,310523,280709,591232
55,2042,310523,280709,591232
56,2042,310523,280709,591232
57,2042,310523,280709,591232
58,2042,310523,280709,591232
59,2042,310523,280709,591232
60,2042,310523,280709,591232
61,2042,310502,280709,591211
62,2042,310490,280709,591199
63,2042,310629,280709,591338
64,2042,310711,280709,591420
65,2042,310776,280709,591485
66,2042,310677,280709,591386
67,2042,310677,280709,591386
68,2042,310677,280709,591386
69,2042,310609,280709,591318
70,2042,310583,280709,591292
71,2042,310117,280695,590812
72,2042,310465,280709,591174
73,2042,310117,280695,590812
74,2042,310117,280695,590812
75,2042,310117,280695,590812
76,2042,310117,280695,590812
77,2042,310117,280695,590812
78,2042,314163,302133,616296
79,2042,313574,301568,615142
80,2042,313325,302887,616212
81,2042,314143,304623,618766
82,2042,314143,304623,618766
83,2042,314143,304623,618766
84,2042,314143,304623,618766
85,2042,314143,304623,618766
86,2042,314143,304623,618766
87,2042,314143,304623,618766
88,2042,314143,304623,618766
89,2042,314143,304623,618766
90,2042,314143,304623,618766
91,2042,314143,304623,618766
92,2042,314143,304623,618766
93,2042,314143,304623,618766
94,2042,314143,304623,618766
95,2042,314143,304623,618766
96,2042,314143,304623,618766
97,2042,314143,304623,618766
98,2042,314143,304623,618766
99,2042,314143,304623,618766
100,2042,314143,304623,618766
0,2042,268928,238812,507740
1,2042,268938,238812,507750
2,2042,268928,238817,507745
3,2042,268318,238817,507135
4,2042,268312,244004,512316
5,2042,267976,239438,507414
6,2042,267842,239841,507683
7,2042,267843,244465,512308
8,2042,268946,244569,513515
9,2042,268978,244670,513648
10,2042,292516,276305,568821
11,2042,291831,275642,567473
12,2042,268499,244461,512960
13,2042,294133,275848,569981
14,2042,269511,264076,533587
15,2042,278887,264980,543867
16,2042,296104,275804,571908
17,2042,305810,293737,599547
18,2042,306019,294116,600135
19,2042,309427,293351,602778
20,2042,309627,293811,603438
21,2042,309679,294261,603940
22,2042,311520,294657,606177
23,2042,311830,301724,613554
24,2042,313226,303708,616934
25,2042,356439,378118,734557
26,2042,468845,460027,928872
27,2042,472391,458336,930727
28,2042,472391,458336,930727
29,2042,472391,458336,930727
30,2042,468027,459604,927631
31,2042,472391,458204,930595
32,2042,469023,460412,929435
33,2042,469102,460412,929514
34,2042,477391,463686,941077
35,2042,478055,465595,943650
36,2042,479666,469676,949342
37,2042,480425,470591,951016
38,2042,481291,474292,955583
39,2042,482539,474625,957164
40,2042,484660,478430,963090
41,2042,484855,480287,965142
42,2042,485053,483142,968195
43,2042,356318,378640,734958
44,2042,356457,378690,735147
45,2042,356519,378690,735209
46,2042,356519,378690,735209
47,2042,357200,378690,735890
48,2042,357200,378690,735890
49,2042,357200,378690,735890
50,2042,357200,378690,735890
51,2042,357213,378690,735903
52,2042,356633,378690,735323
53,2042,357213,378690,735903
54,2042,357213,378690,735903
55,2042,357213,378690,735903
56,2042,315885,305769,621654
57,2042,315885,305769,621654
58,2042,315885,305769,621654
59,2042,315709,305769,621478
60,2042,315709,305769,621478
61,2042,316586,305769,622355
62,2042,316586,305769,622355
63,2042,315914,305769,621683
64,2042,315983,305769,621752
65,2042,315983,305769,621752
66,2042,315983,305769,621752
67,2042,312976,304841,617817
68,2042,283134,304564,587698
69,2042,282997,304318,587315
70,2042,277638,304160,581798
71,2042,270416,309222,579638
72,2042,282684,304318,587002
73,2042,270563,305097,575660
74,2042,270221,305097,575318
75,2042,270219,305296,575515
76,2042,272545,304520,577065
77,2042,281902,279022,560924
78,2042,313272,302255,615527
79,2042,312542,301697,614239
80,2042,306054,290872,596926
81,2042,309719,299014,608733
82,2042,306662,202690,509352
83,2042,306662,202690,509352
84,2042,306662,202780,509442
85,2042,306662,206240,512902
86,2042,306662,197748,504410
87,2042,306662,195285,501947
88,2042,306662,195285,501947
89,2042,306662,195285,501947
90,2042,306662,195285,501947
91,2042,306662,195285,501947
92,2042,306662,195285,501947
93,2042,306662,195285,501947
94,2042,306662,195285,501947
95,2042,306662,195285,501947
96,2042,306662,195285,501947
97,2042,306662,195285,501947
98,2042,306662,195285,501947
99,2042,306662,195285,501947
100,2042,306662,195285,501947
0,2042,265615,207256,472871
1,2042,265660,225211,490871
2,2042,265660,236736,502396
3,2042,265437,226221,491658
4,2042,265342,236849,502191
5,2042,261848,237295,499143
6,2042,264363,237712,502075
7,2042,263983,237674,501657
8,2042,261926,237653,499579
9,2042,269833,269303,539136
10,2042,291218,275119,566337
11,2042,292350,275661,568011
12,2042,292108,276272,568380
13,2042,294243,276045,570288
14,2042,292761,275888,568649
15,2042,283131,272635,555766
16,2042,270375,264977,535352
17,2042,306662,295424,602086
18,2042,308751,296870,605621
19,2042,311152,297061,608213
20,2042,311606,294668,606274
21,2042,310730,294071,604801
22,2042,312742,295715,608457
23,2042,315037,301261,616298
24,2042,315770,304093,619863
25,2042,361561,380613,742174
26,2042,365256,402172,767428
27,2042,365256,402172,767428
28,2042,471476,463093,934569
29,2042,471476,463093,934569
30,2042,474756,463287,938043
31,2042,470360,459862,930222
32,2042,475049,463250,938299
33,2042,475139,463250,938389
34,2042,475184,463970,939154
35,2042,476680,465745,942425
36,2042,481679,472721,954400
37,2042,481674,473487,955161
38,2042,482715,475630,958345
39,2042,483880,475935,959815
40,2042,486370,479386,965756
41,2042,486593,481283,967876
42,2042,486570,484385,970955
43,2042,485085,483993,969078
44,2042,361908,381135,743043
45,2042,361908,381135,743043
46,2042,361908,381135,743043
47,2042,361966,381134,743100
48,2042,361966,381134,743100
49,2042,361966,381134,743100
50,2042,361966,381134,743100
51,2042,361966,381134,743100
52,2042,361966,381135,743101
53,2042,361966,381134,743100
54,2042,484550,486261,970811
55,2042,361966,381134,743100
56,2042,356461,378690,735151
57,2042,321742,307258,629000
58,2042,322358,306060,628418
59,2042,317946,305941,623887
60,2042,317946,305941,623887
61,2042,318430,307140,625570
62,2042,321335,307278,628613
63,2042,345123,372476,717599
64,2042,322469,306148,628617
65,2042,319386,307997,627383
66,2042,285087,306072,591159
67,2042,319257,307210,626467
68,2042,284945,306826,591771
69,2042,271162,306574,577736
70,2042,268712,306574,575286
71,2042,267233,307569,574802
72,2042,268561,306412,574973
73,2042,266856,305633,572489
74,2042,267179,305873,573052
75,2042,267038,305763,572801
76,2042,267606,305460,573066
77,2042,268290,305385,573675
78,2042,314457,303031,617488
79,2042,308218,274507,582725
80,2042,308801,244803,553604
81,2042,309789,230474,540263
82,2042,309476,200618,510094
83,2042,309476,200618,510094
84,2042,309476,200618,510094
85,2042,309476,201495,510971
86,2042,309476,195178,504654
87,2042,309476,193070,502546
88,2042,309476,193070,502546
89,2042,309476,193070,502546
90,2042,309476,193070,502546
91,2042,309476,193070,502546
92,2042,309476,193070,502546
93,2042,309476,193070,502546
94,2042,309476,193070,502546
95,2042,309476,193070,502546
96,2042,309476,193070,502546
97,2042,309476,193070,502546
98,2042,309476,193070,502546
99,2042,309476,193070,502546
100,2042,309476,193070,502546
0,2042,284736,274059,558795
1,2042,259218,236911,496129
2,2042,265613,237161,502774
3,2042,263989,237113,501102
4,2042,273942,237214,511156
5,2042,255342,237388,492730
6,2042,260029,237720,497749
7,2042,258119,244777,502896
8,2042,256442,244981,501423
9,2042,265345,245256,510601
10,2042,267094,243876,510970
11,2042,269140,244292,513432
12,2042,293793,285239,579032
13,2042,293818,275668,569486
14,2042,296152,293707,589859
15,2042,294365,297046,591411
16,2042,285091,272937,558028
17,2042,300052,290411,590463
18,2042,302757,293323,596080
19,2042,303248,292861,596109
20,2042,303612,291620,595232
21,2042,311471,293845,605316
22,2042,310229,292070,602299
23,2042,315476,301813,617289
24,2042,316604,304993,621597
25,2042,304009,319049,623058
26,2042,310398,323060,633458
27,2042,305680,318588,624268
28,2042,361180,371541,732721
29,2042,476019,464139,940158
30,2042,476514,464226,940740
31,2042,476426,464182,940608
32,2042,476243,464235,940478
33,2042,476191,464361,940552
34,2042,477061,464645,941706
35,2042,479019,467219,946238
36,2042,482317,474669,956986
37,2042,482394,474951,957345
38,2042,483746,476763,960509
39,2042,485354,476761,962115
40,2042,486466,481697,968163
41,2042,486619,482936,969555
42,2042,486658,486014,972672
43,2042,486579,485418,971997
44,2042,485138,484241,969379
45,2042,424290,426508,850798
46,2042,357815,369971,727786
47,2042,305209,319634,624843
48,2042,308238,323577,631815
49,2042,304052,319147,623199
50,2042,303108,319207,622315
51,2042,304177,319096,623273
52,2042,311775,323321,635096
53,2042,311775,323321,635096
54,2042,364047,371003,735050
55,2042,311775,323321,635096
56,2042,361785,380903,742688
57,2042,356217,378421,734638
58,2042,322413,305920,628333
59,2042,318861,306428,625289
60,2042,318861,306428,625289
61,2042,318141,306898,625039
62,2042,321254,306613,627867
63,2042,307216,314579,621795
64,2042,321693,307341,629034
65,2042,322430,306360,628790
66,2042,322896,307469,630365
67,2042,317803,307035,624838
68,2042,318344,307787,626131
69,2042,269400,307188,576588
70,2042,267972,307199,575171
71,2042,266090,310533,576623
72,2042,266399,307199,573598
73,2042,266060,305995,572055
74,2042,265783,308122,573905
75,2042,265584,305611,571195
76,2042,268672,303773,572445
77,2042,285956,307226,593182
78,2042,314216,303350,617566
79,2042,281652,244205,525857
80,2042,282413,245138,527551
81,2042,282695,238029,520724
82,2042,281240,226467,507707
83,2042,281240,200874,482114
84,2042,281240,200874,482114
85,2042,281240,201929,483169
86,2042,281240,195188,476428
87,2042,281240,192711,473951
88,2042,281240,192711,473951
89,2042,281240,192711,473951
90,2042,281240,192711,473951
91,2042,281240,192711,473951
92,2042,281240,192711,473951
93,2042,281240,192711,473951
94,2042,281240,192711,473951
95,2042,281240,192711,473951
96,2042,281240,192711,473951
97,2042,281240,192711,473951
98,2042,281240,192711,473951
99,2042,281240,192711,473951
100,2042,281240,192711,473951
0,2042,279968,267184,547152
1,2042,239630,268142,507772
2,2042,242558,234506,477064
3,2042,247258,235277,482535
4,2042,243883,237040,480923
5,2042,244708,244620,489328
6,2042,235111,245139,480250
7,2042,241293,245703,486996
8,2042,234062,245798,479860
9,2042,243222,244265,487487
10,2042,267494,237674,505168
11,2042,284338,270180,554518
12,2042,265028,245754,510782
13,2042,293942,275538,569480
14,2042,270828,264360,535188
15,2042,296475,299623,596098
16,2042,296517,295460,591977
17,2042,282430,265220,547650
18,2042,304264,300711,604975
19,2042,308074,292576,600650
20,2042,309552,293382,602934
21,2042,310272,292023,602295
22,2042,311163,292876,604039
23,2042,315353,301933,617286
24,2042,316528,304068,620596
25,2042,322268,327942,650210
26,2042,322596,328910,651506
27,2042,319685,326657,646342
28,2042,303712,324540,628252
29,2042,365519,376877,742396
30,2042,462735,462389,925124
31,2042,459848,460978,920826
32,2042,435922,440184,876106
33,2042,463121,462431,925552
34,2042,436869,441052,877921
35,2042,437402,441186,878588
36,2042,468230,469143,937373
37,2042,470094,470129,940223
38,2042,471748,474610,946358
39,2042,472739,474967,947706
40,2042,476083,479564,955647
41,2042,477527,483040,960567
42,2042,478423,485155,963578
43,2042,486584,489349,975933
44,2042,486647,485965,972612
45,2042,485138,483993,969131
46,2042,367765,389078,756843
47,2042,324775,365414,690189
48,2042,323179,354403,677582
49,2042,324771,340012,664783
50,2042,324630,345218,669848
51,2042,324772,344263,669035
52,2042,324434,342783,667217
53,2042,324410,342783,667193
54,2042,302922,324289,627211
55,2042,324548,329422,653970
56,2042,311684,323467,635151
57,2042,361634,379753,741387
58,2042,356559,377630,734189
59,2042,321586,306797,628383
60,2042,321614,306761,628375
61,2042,322270,305617,627887
62,2042,321355,306045,627400
63,2042,320482,333307,653789
64,2042,320840,306994,627834
65,2042,320713,306742,627455
66,2042,321862,307263,629125
67,2042,322200,305479,627679
68,2042,283735,308682,592417
69,2042,285905,308766,594671
70,2042,267257,307385,574642
71,2042,269711,312298,582009
72,2042,265817,307385,573202
73,2042,265641,306857,572498
74,2042,285452,308023,593475
75,2042,266924,306453,573377
76,2042,264936,306135,571071
77,2042,266111,305594,571705
78,2042,315211,305013,620224
79,2042,283013,244975,527988
80,2042,283202,245057,528259
81,2042,299219,237348,536567
82,2042,282381,226475,508856
83,2042,282381,200954,483335
84,2042,282381,200954,483335
85,2042,282381,201762,484143
86,2042,282510,195188,477698
87,2042,282381,192646,475027
88,2042,282381,192646,475027
89,2042,282381,192646,475027
90,2042,282381,192646,475027
91,2042,282381,192646,475027
92,2042,282381,192646,475027
93,2042,282381,192646,475027
94,2042,282381,192646,475027
95,2042,282381,192646,475027
96,2042,282381,192646,475027
97,2042,282381,192646,475027
98,2042,282381,192646,475027
99,2042,282381,192646,475027
100,2042,282381,192646,475027
0,2042,280211,268453,548664
1,2042,269189,268483,537672
2,2042,270122,268722,538844
3,2042,276025,268698,544723
4,2042,269925,268948,538873
5,2042,275992,268521,544513
6,2042,269198,268929,538127
7,2042,267938,253168,521106
8,2042,266679,253168,519847
9,2042,270791,262578,533369
10,2042,266053,244977,511030
11,2042,283056,275229,558285
12,2042,272170,257937,530107
13,2042,294261,275802,570063
14,2042,292838,276085,568923
15,2042,292892,279850,572742
16,2042,297484,296008,593492
17,2042,308466,298100,606566
18,2042,298201,296396,594597
19,2042,310968,297992,608960
20,2042,311745,292636,604381
21,2042,316534,302417,618951
22,2042,312648,294312,606960
23,2042,313292,300776,614068
24,2042,313307,300701,614008
25,2042,325618,316366,641984
26,2042,329662,315264,644926
27,2042,330807,317158,647965
28,2042,330269,323648,653917
29,2042,328579,322530,651109
30,2042,328330,322353,650683
31,2042,333788,323289,657077
32,2042,346303,334957,681260
33,2042,338553,324674,663227
34,2042,343323,332608,675931
35,2042,468491,465135,933626
36,2042,466680,467358,934038
37,2042,467184,467730,934914
38,2042,471500,472101,943601
39,2042,473709,474800,948509
40,2042,475015,477475,952490
41,2042,475311,477021,952332
42,2042,475172,477209,952381
43,2042,478154,487432,965586
44,2042,486705,490099,976804
45,2042,486656,485574,972230
46,2042,485138,484432,969570
47,2042,485123,485948,971071
48,2042,409005,413116,822121
49,2042,409004,413116,822120
50,2042,387020,398261,785281
51,2042,387041,398077,785118
52,2042,387010,398072,785082
53,2042,387022,398072,785094
54,2042,356057,385542,741599
55,2042,386258,398140,784398
56,2042,325921,343380,669301
57,2042,303968,324183,628151
58,2042,362665,388751,751416
59,2042,357600,378585,736185
60,2042,357600,378585,736185
61,2042,320719,304765,625484
62,2042,320674,304461,625135
63,2042,328342,324616,652958
64,2042,323825,306794,630619
65,2042,320862,305571,626433
66,2042,318470,305281,623751
67,2042,322252,308527,630779
68,2042,319910,336553,656463
69,2042,282670,326194,608864
70,2042,270825,331467,602292
71,2042,268477,330348,598825
72,2042,269052,327887,596939
73,2042,267979,332918,600897
74,2042,268417,332980,601397
75,2042,266870,333828,600698
76,2042,266166,333969,600135
77,2042,267754,334067,601821
78,2042,315754,306377,622131
79,2042,282250,245138,527388
80,2042,270705,245939,516644
81,2042,274815,238486,513301
82,2042,238703,225626,464329
83,2042,232640,215667,448307
84,2042,232597,200958,433555
85,2042,232612,201808,434420
86,2042,230574,195188,425762
87,2042,230130,192646,422776
88,2042,230130,192646,422776
89,2042,230130,192646,422776
90,2042,230130,192646,422776
91,2042,230130,192646,422776
92,2042,230130,192646,422776
93,2042,230130,192646,422776
94,2042,230130,192646,422776
95,2042,230130,192646,422776
96,2042,230130,192646,422776
97,2042,230130,192646,422776
98,2042,230130,192646,422776
99,2042,230130,192646,422776
100,2042,230130,192646,422776
0,2043,292160,275407,567567
1,2043,292160,275407,567567
2,2043,292156,275407,567563
3,2043,292317,275433,567750
4,2043,292459,275435,567894
5,2043,292604,275460,568064
6,2043,292715,275538,568253
7,2043,292699,275529,568228
8,2043,292688,275503,568191
9,2043,292689,275485,568174
10,2043,292704,275551,568255
11,2043,292828,275972,568800
12,2043,293342,276256,569598
13,2043,293719,276375,570094
14,2043,293758,276281,570039
15,2043,293823,276272,570095
16,2043,294123,276355,570478
17,2043,294561,276410,570971
18,2043,295789,276733,572522
19,2043,296731,278188,574919
20,2043,296795,278225,575020
21,2043,296833,278284,575117
22,2043,296862,278532,575394
23,2043,296890,278545,575435
24,2043,296890,278545,575435
25,2043,296890,278545,575435
26,2043,296890,278545,575435
27,2043,296890,278545,575435
28,2043,296890,278545,575435
29,2043,296890,278545,575435
30,2043,296890,278545,575435
31,2043,296890,278545,575435
32,2043,296890,278545,575435
33,2043,296890,278545,575435
34,2043,296890,278545,575435
35,2043,296890,278545,575435
36,2043,296890,278545,575435
37,2043,296890,278545,575435
38,2043,296890,278545,575435
39,2043,296890,278545,575435
40,2043,296890,278545,575435
41,2043,296890,278545,575435
42,2043,296890,278545,575435
43,2043,296890,278545,575435
44,2043,296890,278545,575435
45,2043,296890,278545,575435
46,2043,296881,278545,575426
47,2043,296873,278545,575418
48,2043,296873,278545,575418
49,2043,296873,278545,575418
50,2043,296873,278545,575418
51,2043,296873,278595,575468
52,2043,296873,278595,575468
53,2043,296873,278595,575468
54,2043,296873,278595,575468
55,2043,296873,278595,575468
56,2043,296873,278595,575468
57,2043,296873,278595,575468
58,2043,296873,278595,575468
59,2043,296873,278595,575468
60,2043,296873,278595,575468
61,2043,296873,278595,575468
62,2043,296873,278595,575468
63,2043,296873,278595,575468
64,2043,296825,278595,575420
65,2043,296825,278595,575420
66,2043,296738,278595,575333
67,2043,296738,278595,575333
68,2043,296472,278595,575067
69,2043,296377,278595,574972
70,2043,296237,278595,574832
71,2043,295800,278595,574395
72,2043,295800,278595,574395
73,2043,295461,278595,574056
74,2043,295423,278595,574018
75,2043,295423,278595,574018
76,2043,295423,278595,574018
77,2043,295423,278595,574018
78,2043,295423,279554,574977
79,2043,295423,279363,574786
80,2043,295423,279614,575037
81,2043,295423,279743,575166
82,2043,295423,279743,575166
83,2043,295423,279743,575166
84,2043,295423,279743,575166
85,2043,295423,279743,575166
86,2043,295423,279743,575166
87,2043,295423,279743,575166
88,2043,295423,279743,575166
89,2043,295423,279743,575166
90,2043,295423,279743,575166
91,2043,295423,279743,575166
92,2043,295423,279743,575166
93,2043,295423,279743,575166
94,2043,295423,279743,575166
95,2043,295423,279743,575166
96,2043,295423,279743,575166
97,2043,295423,279743,575166
98,2043,295423,279743,575166
99,2043,295423,279743,575166
100,2043,295423,279743,575166
0,2043,292266,275259,567525
1,2043,292266,275259,567525
2,2043,292259,275259,567518
3,2043,292436,275274,567710
4,2043,292615,275193,567808
5,2043,292741,275299,568040
6,2043,292868,275406,568274
7,2043,292842,275390,568232
8,2043,292820,275364,568184
9,2043,292815,275344,568159
10,2043,292810,275474,568284
11,2043,292862,275699,568561
12,2043,293184,275754,568938
13,2043,293704,275708,569412
14,2043,293937,275800,569737
15,2043,294124,275792,569916
16,2043,294466,275859,570325
17,2043,295672,275850,571522
18,2043,297964,276497,574461
19,2043,298821,278322,577143
20,2043,299958,278491,578449
21,2043,300126,278538,578664
22,2043,300128,279006,579134
23,2043,300136,279020,579156
24,2043,300136,279020,579156
25,2043,300136,279020,579156
26,2043,300136,279020,579156
27,2043,300136,279020,579156
28,2043,300136,279020,579156
29,2043,300136,279020,579156
30,2043,300136,279020,579156
31,2043,300136,279020,579156
32,2043,300136,279020,579156
33,2043,300136,279020,579156
34,2043,300136,279020,579156
35,2043,300136,279020,579156
36,2043,300136,279020,579156
37,2043,300136,279020,579156
38,2043,300136,279020,579156
39,2043,300136,279020,579156
40,2043,300136,279020,579156
41,2043,300136,279020,579156
42,2043,300136,279020,579156
43,2043,300136,279020,579156
44,2043,300538,279020,579558
45,2043,300538,279020,579558
46,2043,300536,279020,579556
47,2043,300528,279020,579548
48,2043,300528,279020,579548
49,2043,300528,279020,579548
50,2043,300528,279020,579548
51,2043,300528,279059,579587
52,2043,300528,279059,579587
53,2043,300528,279059,579587
54,2043,300528,279059,579587
55,2043,300528,279059,579587
56,2043,300528,279059,579587
57,2043,300528,279059,579587
58,2043,300528,279059,579587
59,2043,300528,279059,579587
60,2043,300528,279059,579587
61,2043,300528,279059,579587
62,2043,300528,279059,579587
63,2043,300528,279059,579587
64,2043,300557,279059,579616
65,2043,300557,279059,579616
66,2043,300066,279059,579125
67,2043,300008,279059,579067
68,2043,299613,279059,578672
69,2043,299663,279059,578722
70,2043,299415,279037,578452
71,2043,298888,279037,577925
72,2043,298782,279037,577819
73,2043,298283,278963,577246
74,2043,298238,278963,577201
75,2043,298238,278963,577201
76,2043,298238,278963,577201
77,2043,298238,278963,577201
78,2043,298344,280269,578613
79,2043,298259,280078,578337
80,2043,298344,280826,579170
81,2043,298338,280568,578906
82,2043,298338,280568,578906
83,2043,298338,280568,578906
84,2043,298338,280568,578906
85,2043,298338,280568,578906
86,2043,298338,280568,578906
87,2043,298338,280568,578906
88,2043,298338,280568,578906
89,2043,298338,280568,578906
90,2043,298338,280568,578906
91,2043,298338,280568,578906
92,2043,298338,280568,578906
93,2043,298338,280568,578906
94,2043,298338,280568,578906
95,2043,298338,280568,578906
96,2043,298338,280568,578906
97,2043,298338,280568,578906
98,2043,298338,280568,578906
99,2043,298338,280568,578906
100,2043,298338,280568,578906
0,2043,292274,275413,567687
1,2043,292274,275413,567687
2,2043,292266,275413,567679
3,2043,292417,275347,567764
4,2043,292716,275394,568110
5,2043,292856,275450,568306
6,2043,292910,275526,568436
7,2043,292866,275510,568376
8,2043,292838,275471,568309
9,2043,292865,275477,568342
10,2043,292819,275561,568380
11,2043,292909,275804,568713
12,2043,293366,276259,569625
13,2043,294527,276216,570743
14,2043,294776,276418,571194
15,2043,295034,276413,571447
16,2043,296135,276482,572617
17,2043,297419,276524,573943
18,2043,299982,276890,576872
19,2043,300697,278092,578789
20,2043,300794,278561,579355
21,2043,301474,278636,580110
22,2043,301310,278941,580251
23,2043,301326,278955,580281
24,2043,301326,278955,580281
25,2043,301326,278955,580281
26,2043,301326,278955,580281
27,2043,301326,278955,580281
28,2043,301326,278955,580281
29,2043,301326,278955,580281
30,2043,301326,278955,580281
31,2043,301326,278955,580281
32,2043,301326,278955,580281
33,2043,301326,278955,580281
34,2043,301326,278955,580281
35,2043,301326,278955,580281
36,2043,301326,278955,580281
37,2043,301326,278955,580281
38,2043,301326,278955,580281
39,2043,301326,278955,580281
40,2043,301326,278955,580281
41,2043,301326,278955,580281
42,2043,301326,278955,580281
43,2043,301333,278955,580288
44,2043,303077,279111,582188
45,2043,303077,279111,582188
46,2043,302118,279111,581229
47,2043,302109,279111,581220
48,2043,302109,279111,581220
49,2043,302109,279111,581220
50,2043,302109,279111,581220
51,2043,302109,279149,581258
52,2043,302109,279149,581258
53,2043,302109,279149,581258
54,2043,302109,279149,581258
55,2043,302109,279149,581258
56,2043,302109,279149,581258
57,2043,302109,279149,581258
58,2043,302109,279149,581258
59,2043,302109,279149,581258
60,2043,302109,279149,581258
61,2043,302109,279149,581258
62,2043,302109,279149,581258
63,2043,302109,279149,581258
64,2043,303056,279149,582205
65,2043,303056,279149,582205
66,2043,301751,278994,580745
67,2043,301764,278926,580690
68,2043,301625,278926,580551
69,2043,301693,278926,580619
70,2043,301698,278926,580624
71,2043,302699,279051,581750
72,2043,302614,279051,581665
73,2043,301717,279129,580846
74,2043,301717,279129,580846
75,2043,301717,279129,580846
76,2043,301717,279129,580846
77,2043,301717,279129,580846
78,2043,301618,283834,585452
79,2043,301588,283520,585108
80,2043,301523,283856,585379
81,2043,301545,283856,585401
82,2043,301545,283856,585401
83,2043,301545,283856,585401
84,2043,301545,283856,585401
85,2043,301545,283856,585401
86,2043,301545,283856,585401
87,2043,301545,283856,585401
88,2043,301545,283856,585401
89,2043,301545,283856,585401
90,2043,301545,283856,585401
91,2043,301545,283856,585401
92,2043,301545,283856,585401
93,2043,301545,283856,585401
94,2043,301545,283856,585401
95,2043,301545,283856,585401
96,2043,301545,283856,585401
97,2043,301545,283856,585401
98,2043,301545,283856,585401
99,2043,301545,283856,585401
100,2043,301545,283856,585401
0,2043,292099,274901,567000
1,2043,292099,274901,567000
2,2043,292091,274901,566992
3,2043,292300,274901,567201
4,2043,292463,274931,567394
5,2043,292518,274983,567501
6,2043,292615,275035,567650
7,2043,292607,275057,567664
8,2043,292601,275043,567644
9,2043,292574,275024,567598
10,2043,292549,275055,567604
11,2043,292624,275339,567963
12,2043,293047,275490,568537
13,2043,294584,275590,570174
14,2043,295239,275679,570918
15,2043,297561,275661,573222
16,2043,296031,275360,571391
17,2043,298511,275281,573792
18,2043,300960,276311,577271
19,2043,318140,278178,596318
20,2043,318570,278704,597274
21,2043,307169,279147,586316
22,2043,306963,279195,586158
23,2043,307025,279209,586234
24,2043,307025,279209,586234
25,2043,307025,279209,586234
26,2043,307025,279209,586234
27,2043,307025,279209,586234
28,2043,307025,279209,586234
29,2043,307025,279209,586234
30,2043,307025,279209,586234
31,2043,307025,279209,586234
32,2043,307025,279209,586234
33,2043,307025,279209,586234
34,2043,307025,279209,586234
35,2043,307025,279209,586234
36,2043,307025,279209,586234
37,2043,307025,279209,586234
38,2043,307025,279209,586234
39,2043,307025,279209,586234
40,2043,307025,279209,586234
41,2043,307025,279209,586234
42,2043,307025,279209,586234
43,2043,307025,279209,586234
44,2043,309401,279433,588834
45,2043,309401,279433,588834
46,2043,308138,279364,587502
47,2043,308207,279364,587571
48,2043,308207,279364,587571
49,2043,308207,279364,587571
50,2043,308207,279364,587571
51,2043,308198,279402,587600
52,2043,308198,279402,587600
53,2043,308198,279402,587600
54,2043,308198,279402,587600
55,2043,308198,279402,587600
56,2043,308198,279402,587600
57,2043,308198,279402,587600
58,2043,308198,279402,587600
59,2043,308198,279402,587600
60,2043,308198,279402,587600
61,2043,308198,279402,587600
62,2043,308198,279402,587600
63,2043,308198,279402,587600
64,2043,309449,279472,588921
65,2043,309538,279472,589010
66,2043,307947,279400,587347
67,2043,308227,279400,587627
68,2043,307618,279138,586756
69,2043,307735,279232,586967
70,2043,307742,279123,586865
71,2043,309127,279187,588314
72,2043,308751,279129,587880
73,2043,307179,279129,586308
74,2043,307179,279129,586308
75,2043,307179,279129,586308
76,2043,307179,279129,586308
77,2043,307179,279129,586308
78,2043,306934,286413,593347
79,2043,306862,284996,591858
80,2043,306855,286432,593287
81,2043,306855,286432,593287
82,2043,306855,286432,593287
83,2043,306855,286432,593287
84,2043,306855,286432,593287
85,2043,306855,286432,593287
86,2043,306855,286432,593287
87,2043,306855,286432,593287
88,2043,306855,286432,593287
89,2043,306855,286432,593287
90,2043,306855,286432,593287
91,2043,306855,286432,593287
92,2043,306855,286432,593287
93,2043,306855,286432,593287
94,2043,306855,286432,593287
95,2043,306855,286432,593287
96,2043,306855,286432,593287
97,2043,306855,286432,593287
98,2043,306855,286432,593287
99,2043,306855,286432,593287
100,2043,306855,286432,593287
0,2043,292414,276267,568681
1,2043,292414,276267,568681
2,2043,292410,276267,568677
3,2043,292524,276267,568791
4,2043,292770,276374,569144
5,2043,292782,276405,569187
6,2043,292777,275836,568613
7,2043,292789,275833,568622
8,2043,292809,276105,568914
9,2043,292817,276218,569035
10,2043,292752,276008,568760
11,2043,292786,276013,568799
12,2043,292637,275836,568473
13,2043,294207,275567,569774
14,2043,297544,275452,572996
15,2043,296712,275491,572203
16,2043,295873,275344,571217
17,2043,298696,275638,574334
18,2043,308040,277244,585284
19,2043,310244,279250,589494
20,2043,310992,279343,590335
21,2043,309447,279369,588816
22,2043,309498,279517,589015
23,2043,309548,279517,589065
24,2043,309548,279517,589065
25,2043,309548,279517,589065
26,2043,309548,279517,589065
27,2043,309548,279517,589065
28,2043,309548,279517,589065
29,2043,309548,279517,589065
30,2043,309548,279517,589065
31,2043,309548,279517,589065
32,2043,309548,279517,589065
33,2043,309548,279517,589065
34,2043,309548,279517,589065
35,2043,309548,279517,589065
36,2043,309548,279517,589065
37,2043,309933,279517,589450
38,2043,309933,279517,589450
39,2043,309933,279517,589450
40,2043,309933,279517,589450
41,2043,309933,279517,589450
42,2043,309933,279517,589450
43,2043,309933,279517,589450
44,2043,311218,279445,590663
45,2043,311218,279445,590663
46,2043,311078,279485,590563
47,2043,311078,279485,590563
48,2043,311078,279485,590563
49,2043,311078,279485,590563
50,2043,311078,279485,590563
51,2043,311087,279523,590610
52,2043,311087,279523,590610
53,2043,311087,279523,590610
54,2043,311087,279523,590610
55,2043,311087,279523,590610
56,2043,311087,279523,590610
57,2043,311087,279523,590610
58,2043,311087,279523,590610
59,2043,311087,279523,590610
60,2043,311087,279523,590610
61,2043,311087,279523,590610
62,2043,311087,279523,590610
63,2043,311197,279523,590720
64,2043,311402,279483,590885
65,2043,311494,279483,590977
66,2043,311142,279522,590664
67,2043,311181,279522,590703
68,2043,310276,279498,589774
69,2043,310326,279498,589824
70,2043,310257,279585,589842
71,2043,310672,279598,590270
72,2043,310683,279572,590255
73,2043,309854,279579,589433
74,2043,309854,279579,589433
75,2043,309854,279579,589433
76,2043,309854,279579,589433
77,2043,309854,279579,589433
78,2043,309223,297053,606276
79,2043,309182,295170,604352
80,2043,309215,297002,606217
81,2043,309223,297359,606582
82,2043,309223,297359,606582
83,2043,309223,297359,606582
84,2043,309223,297359,606582
85,2043,309223,297359,606582
86,2043,309223,297359,606582
87,2043,309223,297359,606582
88,2043,309223,297359,606582
89,2043,309223,297359,606582
90,2043,309223,297359,606582
91,2043,309223,297359,606582
92,2043,309223,297359,606582
93,2043,309223,297359,606582
94,2043,309223,297359,606582
95,2043,309223,297359,606582
96,2043,309223,297359,606582
97,2043,309223,297359,606582
98,2043,309223,297359,606582
99,2043,309223,297359,606582
100,2043,309223,297359,606582
0,2043,290839,275033,565872
1,2043,290839,275033,565872
2,2043,290835,275033,565868
3,2043,290937,275233,566170
4,2043,291005,274937,565942
5,2043,291046,275155,566201
6,2043,292232,276240,568472
7,2043,292199,276233,568432
8,2043,291249,275661,566910
9,2043,291199,275601,566800
10,2043,292123,276191,568314
11,2043,292361,276048,568409
12,2043,293171,276060,569231
13,2043,294126,275531,569657
14,2043,296668,275937,572605
15,2043,295244,275388,570632
16,2043,296127,275713,571840
17,2043,298662,276231,574893
18,2043,305162,277907,583069
19,2043,309543,280666,590209
20,2043,310358,280573,590931
21,2043,310236,280007,590243
22,2043,310517,280086,590603
23,2043,310504,280086,590590
24,2043,310504,280086,590590
25,2043,310504,280086,590590
26,2043,310504,280086,590590
27,2043,310504,280086,590590
28,2043,310504,280086,590590
29,2043,310504,280086,590590
30,2043,310504,280086,590590
31,2043,310504,280086,590590
32,2043,310504,280086,590590
33,2043,310504,280086,590590
34,2043,310504,280086,590590
35,2043,310504,280086,590590
36,2043,310504,280086,590590
37,2043,310568,280086,590654
38,2043,310568,280086,590654
39,2043,310568,280086,590654
40,2043,310568,280086,590654
41,2043,310949,280086,591035
42,2043,310949,280086,591035
43,2043,310949,280086,591035
44,2043,311212,280770,591982
45,2043,311212,280770,591982
46,2043,311402,280718,592120
47,2043,311402,280718,592120
48,2043,311402,280718,592120
49,2043,311402,280718,592120
50,2043,311402,280718,592120
51,2043,311402,280757,592159
52,2043,311402,280757,592159
53,2043,311402,280757,592159
54,2043,311402,280757,592159
55,2043,311402,280757,592159
56,2043,311402,280757,592159
57,2043,311402,280757,592159
58,2043,311402,280757,592159
59,2043,311402,280757,592159
60,2043,311402,280757,592159
61,2043,311402,280757,592159
62,2043,311402,280757,592159
63,2043,311500,280757,592257
64,2043,311363,280826,592189
65,2043,311724,280826,592550
66,2043,311611,280757,592368
67,2043,311478,280757,592235
68,2043,311136,280282,591418
69,2043,311224,280386,591610
70,2043,311089,280359,591448
71,2043,311023,280782,591805
72,2043,311415,280757,592172
73,2043,310475,280113,590588
74,2043,310475,280113,590588
75,2043,310475,280113,590588
76,2043,310475,280113,590588
77,2043,310475,280113,590588
78,2043,312080,301426,613506
79,2043,311717,300216,611933
80,2043,312078,301550,613628
81,2043,312097,305369,617466
82,2043,312097,305369,617466
83,2043,312097,305369,617466
84,2043,312097,305369,617466
85,2043,312097,305369,617466
86,2043,312097,305369,617466
87,2043,312097,305369,617466
88,2043,312097,305369,617466
89,2043,312097,305369,617466
90,2043,312097,305369,617466
91,2043,312097,305369,617466
92,2043,312097,305369,617466
93,2043,312097,305369,617466
94,2043,312097,305369,617466
95,2043,312097,305369,617466
96,2043,312097,305369,617466
97,2043,312097,305369,617466
98,2043,312097,305369,617466
99,2043,312097,305369,617466
100,2043,312097,305369,617466
0,2043,289659,274603,564262
1,2043,289659,274603,564262
2,2043,289665,274603,564268
3,2043,290131,274992,565123
4,2043,290075,275018,565093
5,2043,290517,275453,565970
6,2043,291142,275727,566869
7,2043,291129,275727,566856
8,2043,291983,276029,568012
9,2043,291141,275810,566951
10,2043,291146,275616,566762
11,2043,292016,276074,568090
12,2043,292897,276138,569035
13,2043,294262,276019,570281
14,2043,294683,275572,570255
15,2043,297679,275397,573076
16,2043,295993,275946,571939
17,2043,298812,276626,575438
18,2043,303893,278118,582011
19,2043,307392,280296,587688
20,2043,308113,280287,588400
21,2043,310267,280533,590800
22,2043,310619,280734,591353
23,2043,310685,280734,591419
24,2043,310685,280734,591419
25,2043,310685,280734,591419
26,2043,310685,280734,591419
27,2043,310685,280734,591419
28,2043,310685,280734,591419
29,2043,310685,280734,591419
30,2043,310685,280734,591419
31,2043,310685,280734,591419
32,2043,310685,280734,591419
33,2043,310685,280734,591419
34,2043,310685,280734,591419
35,2043,310685,280734,591419
36,2043,310685,280734,591419
37,2043,310706,280734,591440
38,2043,310706,280734,591440
39,2043,310706,280734,591440
40,2043,310706,280734,591440
41,2043,311060,280758,591818
42,2043,311060,280758,591818
43,2043,311060,280758,591818
44,2043,310515,280639,591154
45,2043,310515,280639,591154
46,2043,310557,280639,591196
47,2043,310557,280639,591196
48,2043,310557,280639,591196
49,2043,310557,280639,591196
50,2043,310557,280639,591196
51,2043,310557,280639,591196
52,2043,310557,280639,591196
53,2043,310557,280639,591196
54,2043,310557,280639,591196
55,2043,310557,280639,591196
56,2043,310557,280639,591196
57,2043,310557,280639,591196
58,2043,310557,280639,591196
59,2043,310557,280639,591196
60,2043,310557,280639,591196
61,2043,310557,280639,591196
62,2043,310557,280639,591196
63,2043,310910,280639,591549
64,2043,310761,280639,591400
65,2043,311033,280639,591672
66,2043,311135,280672,591807
67,2043,310932,280639,591571
68,2043,311116,280771,591887
69,2043,311041,280703,591744
70,2043,310992,280666,591658
71,2043,310516,280639,591155
72,2043,310473,280639,591112
73,2043,311008,280697,591705
74,2043,311008,280697,591705
75,2043,311008,280697,591705
76,2043,311008,280697,591705
77,2043,311008,280697,591705
78,2043,314470,302480,616950
79,2043,314144,302411,616555
80,2043,314352,302829,617181
81,2043,316242,304224,620466
82,2043,316242,304224,620466
83,2043,316242,304224,620466
84,2043,316242,304224,620466
85,2043,316242,304224,620466
86,2043,316242,304224,620466
87,2043,316242,304224,620466
88,2043,316242,304224,620466
89,2043,316242,304224,620466
90,2043,316242,304224,620466
91,2043,316242,304224,620466
92,2043,316242,304224,620466
93,2043,316242,304224,620466
94,2043,316242,304224,620466
95,2043,316242,304224,620466
96,2043,316242,304224,620466
97,2043,316242,304224,620466
98,2043,316242,304224,620466
99,2043,316242,304224,620466
100,2043,316242,304224,620466
0,2043,289139,272661,561800
1,2043,289139,272661,561800
2,2043,289140,272661,561801
3,2043,289119,272764,561883
4,2043,289360,272455,561815
5,2043,290329,273837,564166
6,2043,290582,275044,565626
7,2043,290513,275001,565514
8,2043,291822,275327,567149
9,2043,292040,275205,567245
10,2043,290765,275121,565886
11,2043,291646,275629,567275
12,2043,292463,275852,568315
13,2043,293960,275907,569867
14,2043,294086,274870,568956
15,2043,297101,275906,573007
16,2043,295988,275549,571537
17,2043,299178,275915,575093
18,2043,303074,277430,580504
19,2043,305532,280384,585916
20,2043,307797,280492,588289
21,2043,309263,280395,589658
22,2043,309846,280601,590447
23,2043,310066,280601,590667
24,2043,310068,280601,590669
25,2043,310068,280601,590669
26,2043,310068,280601,590669
27,2043,310068,280601,590669
28,2043,310068,280601,590669
29,2043,310068,280601,590669
30,2043,310068,280601,590669
31,2043,310068,280601,590669
32,2043,310068,280601,590669
33,2043,310068,280601,590669
34,2043,310068,280601,590669
35,2043,310068,280601,590669
36,2043,310068,280601,590669
37,2043,310106,280601,590707
38,2043,310106,280601,590707
39,2043,310106,280601,590707
40,2043,310106,280601,590707
41,2043,310504,280601,591105
42,2043,310504,280601,591105
43,2043,310504,280601,591105
44,2043,310371,280615,590986
45,2043,310371,280615,590986
46,2043,310431,280601,591032
47,2043,310431,280601,591032
48,2043,310431,280601,591032
49,2043,310431,280601,591032
50,2043,310431,280601,591032
51,2043,310431,280601,591032
52,2043,310431,280601,591032
53,2043,310431,280601,591032
54,2043,310431,280601,591032
55,2043,310431,280601,591032
56,2043,310431,280601,591032
57,2043,310431,280601,591032
58,2043,310431,280601,591032
59,2043,310431,280601,591032
60,2043,310425,280601,591026
61,2043,310396,280601,590997
62,2043,310384,280601,590985
63,2043,310452,280601,591053
64,2043,310622,280615,591237
65,2043,310565,280615,591180
66,2043,310466,280601,591067
67,2043,310560,280601,591161
68,2043,310503,280601,591104
69,2043,310459,280601,591060
70,2043,310415,280601,591016
71,2043,310321,280601,590922
72,2043,310394,280611,591005
73,2043,310297,280601,590898
74,2043,310297,280601,590898
75,2043,310297,280601,590898
76,2043,310297,280601,590898
77,2043,310297,280601,590898
78,2043,316765,303090,619855
79,2043,316576,303067,619643
80,2043,316701,303735,620436
81,2043,316971,305349,622320
82,2043,316971,305349,622320
83,2043,316971,305349,622320
84,2043,316971,305349,622320
85,2043,316971,305349,622320
86,2043,316971,305349,622320
87,2043,316971,305349,622320
88,2043,316971,305349,622320
89,2043,316971,305349,622320
90,2043,316971,305349,622320
91,2043,316971,305349,622320
92,2043,316971,305349,622320
93,2043,316971,305349,622320
94,2043,316971,305349,622320
95,2043,316971,305349,622320
96,2043,316971,305349,622320
97,2043,316971,305349,622320
98,2043,316971,305349,622320
99,2043,316971,305349,622320
100,2043,316971,305349,622320
0,2043,290394,273022,563416
1,2043,290394,272960,563354
2,2043,290359,272960,563319
3,2043,290259,272886,563145
4,2043,290454,272808,563262
5,2043,291611,274441,566052
6,2043,290844,274238,565082
7,2043,290993,274439,565432
8,2043,292558,275788,568346
9,2043,292683,276220,568903
10,2043,290916,274282,565198
11,2043,292270,275799,568069
12,2043,292527,276121,568648
13,2043,293904,275836,569740
14,2043,293814,275619,569433
15,2043,296491,275550,572041
16,2043,296013,275404,571417
17,2043,300549,276014,576563
18,2043,303703,277256,580959
19,2043,304886,279668,584554
20,2043,307763,280642,588405
21,2043,308577,280432,589009
22,2043,309209,280601,589810
23,2043,309657,280601,590258
24,2043,309658,280601,590259
25,2043,309658,280601,590259
26,2043,309658,280601,590259
27,2043,309658,280601,590259
28,2043,309658,280601,590259
29,2043,309658,280601,590259
30,2043,309658,280601,590259
31,2043,309658,280601,590259
32,2043,309658,280601,590259
33,2043,309658,280601,590259
34,2043,309658,280601,590259
35,2043,309658,280601,590259
36,2043,309658,280601,590259
37,2043,309666,280681,590347
38,2043,309666,280681,590347
39,2043,309666,280681,590347
40,2043,309666,280681,590347
41,2043,310400,280705,591105
42,2043,310400,280705,591105
43,2043,310400,280705,591105
44,2043,310418,280719,591137
45,2043,310418,280719,591137
46,2043,310454,280719,591173
47,2043,310454,280719,591173
48,2043,310454,280719,591173
49,2043,310454,280719,591173
50,2043,310454,280719,591173
51,2043,310454,280719,591173
52,2043,310454,280719,591173
53,2043,310454,280719,591173
54,2043,310454,280719,591173
55,2043,310454,280719,591173
56,2043,310454,280719,591173
57,2043,310454,280719,591173
58,2043,310454,280719,591173
59,2043,310454,280719,591173
60,2043,310454,280719,591173
61,2043,310425,280719,591144
62,2043,310355,280719,591074
63,2043,310557,280719,591276
64,2043,310622,280709,591331
65,2043,310657,280709,591366
66,2043,310551,280719,591270
67,2043,310578,280709,591287
68,2043,310595,280719,591314
69,2043,310527,280719,591246
70,2043,310501,280719,591220
71,2043,310167,280719,590886
72,2043,310365,280719,591084
73,2043,310097,280705,590802
74,2043,310097,280705,590802
75,2043,310097,280705,590802
76,2043,310097,280705,590802
77,2043,310097,280705,590802
78,2043,316031,304649,620680
79,2043,316015,304523,620538
80,2043,316491,304884,621375
81,2043,317021,307179,624200
82,2043,317021,307179,624200
83,2043,317021,307179,624200
84,2043,317021,307179,624200
85,2043,317021,307179,624200
86,2043,317021,307179,624200
87,2043,317021,307179,624200
88,2043,317021,307179,624200
89,2043,317021,307179,624200
90,2043,317021,307179,624200
91,2043,317021,307179,624200
92,2043,317021,307179,624200
93,2043,317021,307179,624200
94,2043,317021,307179,624200
95,2043,317021,307179,624200
96,2043,317021,307179,624200
97,2043,317021,307179,624200
98,2043,317021,307179,624200
99,2043,317021,307179,624200
100,2043,317021,307179,624200
0,2043,291389,273588,564977
1,2043,291361,273588,564949
2,2043,291342,273588,564930
3,2043,290486,273473,563959
4,2043,291427,273538,564965
5,2043,292690,275544,568234
6,2043,291841,274747,566588
7,2043,291918,275199,567117
8,2043,292254,275800,568054
9,2043,291248,275379,566627
10,2043,292120,274848,566968
11,2043,292386,276244,568630
12,2043,292471,275750,568221
13,2043,293842,275635,569477
14,2043,294684,275923,570607
15,2043,295202,274951,570153
16,2043,296309,275544,571853
17,2043,300680,275961,576641
18,2043,306176,277396,583572
19,2043,304844,279082,583926
20,2043,307760,280252,588012
21,2043,308575,280608,589183
22,2043,309265,280695,589960
23,2043,309759,280695,590454
24,2043,309761,280695,590456
25,2043,309761,280695,590456
26,2043,309761,280695,590456
27,2043,309761,280695,590456
28,2043,309761,280695,590456
29,2043,309761,280695,590456
30,2043,309761,280695,590456
31,2043,309761,280695,590456
32,2043,309761,280695,590456
33,2043,309761,280695,590456
34,2043,309761,280695,590456
35,2043,309761,280695,590456
36,2043,309761,280695,590456
37,2043,309760,280695,590455
38,2043,309760,280695,590455
39,2043,309760,280695,590455
40,2043,309760,280695,590455
41,2043,310532,280719,591251
42,2043,310532,280719,591251
43,2043,310532,280719,591251
44,2043,310612,280709,591321
45,2043,310612,280709,591321
46,2043,310612,280709,591321
47,2043,310612,280709,591321
48,2043,310612,280709,591321
49,2043,310612,280709,591321
50,2043,310612,280709,591321
51,2043,310612,280709,591321
52,2043,310612,280709,591321
53,2043,310612,280709,591321
54,2043,310612,280709,591321
55,2043,310612,280709,591321
56,2043,310612,280709,591321
57,2043,310612,280709,591321
58,2043,310612,280709,591321
59,2043,310612,280709,591321
60,2043,310612,280709,591321
61,2043,310583,280709,591292
62,2043,310342,280719,591061
63,2043,310663,280709,591372
64,2043,310791,280709,591500
65,2043,310817,280709,591526
66,2043,310711,280709,591420
67,2043,310719,280709,591428
68,2043,310627,280709,591336
69,2043,310569,280709,591278
70,2043,310553,280709,591262
71,2043,310114,280719,590833
72,2043,310402,280719,591121
73,2043,310099,280695,590794
74,2043,310099,280695,590794
75,2043,310099,280695,590794
76,2043,310099,280695,590794
77,2043,310099,280695,590794
78,2043,316416,306500,622916
79,2043,316414,306851,623265
80,2043,317112,306603,623715
81,2043,320548,305311,625859
82,2043,320548,305311,625859
83,2043,320548,305311,625859
84,2043,320548,305311,625859
85,2043,320548,305311,625859
86,2043,320548,305311,625859
87,2043,320548,305311,625859
88,2043,320548,305311,625859
89,2043,320548,305311,625859
90,2043,320548,305311,625859
91,2043,320548,305311,625859
92,2043,320548,305311,625859
93,2043,320548,305311,625859
94,2043,320548,305311,625859
95,2043,320548,305311,625859
96,2043,320548,305311,625859
97,2043,320548,305311,625859
98,2043,320548,305311,625859
99,2043,320548,305311,625859
100,2043,320548,305311,625859
0,2043,292751,275522,568273
1,2043,292768,275518,568286
2,2043,292769,275518,568287
3,2043,291789,274356,566145
4,2043,293025,274710,567735
5,2043,292813,276399,569212
6,2043,292765,276223,568988
7,2043,292672,276268,568940
8,2043,292330,276276,568606
9,2043,291393,275989,567382
10,2043,292673,276157,568830
11,2043,291584,275622,567206
12,2043,292581,275830,568411
13,2043,294134,275933,570067
14,2043,295041,276344,571385
15,2043,297727,275310,573037
16,2043,296109,275747,571856
17,2043,313874,275931,589805
18,2043,305144,277547,582691
19,2043,305947,279202,585149
20,2043,308539,280233,588772
21,2043,309150,280634,589784
22,2043,309340,280727,590067
23,2043,309735,280695,590430
24,2043,309736,280695,590431
25,2043,309736,280695,590431
26,2043,309736,280695,590431
27,2043,309736,280695,590431
28,2043,309736,280695,590431
29,2043,309736,280695,590431
30,2043,309736,280695,590431
31,2043,309736,280695,590431
32,2043,309736,280695,590431
33,2043,309736,280695,590431
34,2043,309736,280695,590431
35,2043,309736,280695,590431
36,2043,309736,280695,590431
37,2043,309736,280695,590431
38,2043,309736,280695,590431
39,2043,309736,280695,590431
40,2043,309736,280695,590431
41,2043,310615,280709,591324
42,2043,310615,280709,591324
43,2043,310615,280709,591324
44,2043,310580,280709,591289
45,2043,310580,280709,591289
46,2043,310589,280709,591298
47,2043,310589,280709,591298
48,2043,310589,280709,591298
49,2043,310589,280709,591298
50,2043,310589,280709,591298
51,2043,310589,280709,591298
52,2043,310589,280709,591298
53,2043,310589,280709,591298
54,2043,310589,280709,591298
55,2043,310589,280709,591298
56,2043,310589,280709,591298
57,2043,310589,280709,591298
58,2043,310589,280709,591298
59,2043,310589,280709,591298
60,2043,310589,280709,591298
61,2043,310560,280709,591269
62,2043,310362,280719,591081
63,2043,310688,280709,591397
64,2043,310777,280709,591486
65,2043,310815,280709,591524
66,2043,310706,280709,591415
67,2043,310743,280709,591452
68,2043,310757,280709,591466
69,2043,310692,280709,591401
70,2043,310676,280709,591385
71,2043,310183,280695,590878
72,2043,310549,280719,591268
73,2043,310133,280695,590828
74,2043,310133,280695,590828
75,2043,310133,280695,590828
76,2043,310133,280695,590828
77,2043,310133,280695,590828
78,2043,319143,305453,624596
79,2043,319327,305676,625003
80,2043,319274,305068,624342
81,2043,318978,306401,625379
82,2043,318978,306401,625379
83,2043,318978,306401,625379
84,2043,318978,306401,625379
85,2043,318978,306401,625379
86,2043,318978,306401,625379
87,2043,318978,306401,625379
88,2043,318978,306401,625379
89,2043,318978,306401,625379
90,2043,318978,306401,625379
91,2043,318978,306401,625379
92,2043,318978,306401,625379
93,2043,318978,306401,625379
94,2043,318978,306401,625379
95,2043,318978,306401,625379
96,2043,318978,306401,625379
97,2043,318978,306401,625379
98,2043,318978,306401,625379
99,2043,318978,306401,625379
100,2043,318978,306401,625379
0,2043,292327,275510,567837
1,2043,292327,275659,567986
2,2043,292320,275647,567967
3,2043,292875,275527,568402
4,2043,292828,275721,568549
5,2043,291154,274409,565563
6,2043,291431,275516,566947
7,2043,291405,275336,566741
8,2043,290990,275061,566051
9,2043,292128,275695,567823
10,2043,291559,275769,567328
11,2043,291377,275586,566963
12,2043,293155,276000,569155
13,2043,294189,275958,570147
14,2043,295769,275717,571486
15,2043,297153,275649,572802
16,2043,295944,275372,571316
17,2043,307331,276682,584013
18,2043,304499,277441,581940
19,2043,307335,279222,586557
20,2043,309367,280247,589614
21,2043,309425,280514,589939
22,2043,309452,280752,590204
23,2043,309762,280695,590457
24,2043,309764,280695,590459
25,2043,309764,280695,590459
26,2043,309764,280695,590459
27,2043,309764,280695,590459
28,2043,309764,280695,590459
29,2043,309764,280695,590459
30,2043,309764,280695,590459
31,2043,309764,280695,590459
32,2043,309764,280695,590459
33,2043,309764,280695,590459
34,2043,309764,280695,590459
35,2043,309764,280695,590459
36,2043,309764,280695,590459
37,2043,309738,280695,590433
38,2043,309738,280695,590433
39,2043,309738,280695,590433
40,2043,309738,280695,590433
41,2043,310581,280709,591290
42,2043,310581,280709,591290
43,2043,310581,280709,591290
44,2043,310522,280709,591231
45,2043,310522,280709,591231
46,2043,310522,280709,591231
47,2043,310522,280709,591231
48,2043,310522,280709,591231
49,2043,310522,280709,591231
50,2043,310522,280709,591231
51,2043,310522,280709,591231
52,2043,310522,280709,591231
53,2043,310522,280709,591231
54,2043,310522,280709,591231
55,2043,310522,280709,591231
56,2043,310522,280709,591231
57,2043,310522,280709,591231
58,2043,310522,280709,591231
59,2043,310522,280709,591231
60,2043,310522,280709,591231
61,2043,310493,280709,591202
62,2043,310500,280719,591219
63,2043,310622,280709,591331
64,2043,310711,280709,591420
65,2043,310854,280709,591563
66,2043,310736,280709,591445
67,2043,310677,280709,591386
68,2043,310743,280709,591452
69,2043,310668,280709,591377
70,2043,310642,280709,591351
71,2043,310117,280719,590836
72,2043,310404,280709,591113
73,2043,310176,280695,590871
74,2043,310176,280695,590871
75,2043,310176,280695,590871
76,2043,310176,280695,590871
77,2043,310176,280695,590871
78,2043,317218,306629,623847
79,2043,317604,306070,623674
80,2043,317715,306312,624027
81,2043,319435,304795,624230
82,2043,319435,304795,624230
83,2043,319435,304795,624230
84,2043,319435,304795,624230
85,2043,319435,304795,624230
86,2043,319435,304795,624230
87,2043,319435,304795,624230
88,2043,319435,304795,624230
89,2043,319435,304795,624230
90,2043,319435,304795,624230
91,2043,319435,304795,624230
92,2043,319435,304795,624230
93,2043,319435,304795,624230
94,2043,319435,304795,624230
95,2043,319435,304795,624230
96,2043,319435,304795,624230
97,2043,319435,304795,624230
98,2043,319435,304795,624230
99,2043,319435,304795,624230
100,2043,319435,304795,624230
0,2043,292237,275533,567770
1,2043,292258,275489,567747
2,2043,292255,275489,567744
3,2043,292520,275565,568085
4,2043,292646,275922,568568
5,2043,290941,274761,565702
6,2043,291650,275540,567190
7,2043,291571,275602,567173
8,2043,290150,274568,564718
9,2043,292443,275886,568329
10,2043,291915,275595,567510
11,2043,292561,275926,568487
12,2043,293011,276402,569413
13,2043,293947,275772,569719
14,2043,294479,275523,570002
15,2043,297722,275788,573510
16,2043,296132,275359,571491
17,2043,303346,276680,580026
18,2043,304374,277451,581825
19,2043,307952,279352,587304
20,2043,309700,280525,590225
21,2043,308980,280464,589444
22,2043,309470,280601,590071
23,2043,309775,280616,590391
24,2043,309777,280616,590393
25,2043,309777,280616,590393
26,2043,309777,280616,590393
27,2043,309777,280616,590393
28,2043,309777,280616,590393
29,2043,309777,280616,590393
30,2043,309777,280616,590393
31,2043,309777,280616,590393
32,2043,309777,280616,590393
33,2043,309777,280616,590393
34,2043,309777,280616,590393
35,2043,309777,280616,590393
36,2043,309777,280616,590393
37,2043,309777,280616,590393
38,2043,309777,280616,590393
39,2043,309777,280616,590393
40,2043,309777,280616,590393
41,2043,310522,280709,591231
42,2043,310522,280709,591231
43,2043,310522,280709,591231
44,2043,310523,280709,591232
45,2043,310523,280709,591232
46,2043,310523,280709,591232
47,2043,310523,280709,591232
48,2043,310523,280709,591232
49,2043,310523,280709,591232
50,2043,310523,280709,591232
51,2043,310523,280709,591232
52,2043,310523,280709,591232
53,2043,310523,280709,591232
54,2043,310523,280709,591232
55,2043,310523,280709,591232
56,2043,310523,280709,591232
57,2043,310523,280709,591232
58,2043,310523,280709,591232
59,2043,310523,280709,591232
60,2043,310523,280709,591232
61,2043,310494,280709,591203
62,2043,310481,280709,591190
63,2043,310622,280709,591331
64,2043,310711,280709,591420
65,2043,310728,280709,591437
66,2043,310677,280709,591386
67,2043,310677,280709,591386
68,2043,310677,280709,591386
69,2043,310602,280709,591311
70,2043,310576,280709,591285
71,2043,310117,280695,590812
72,2043,310481,280719,591200
73,2043,310143,280719,590862
74,2043,310143,280719,590862
75,2043,310143,280719,590862
76,2043,310143,280719,590862
77,2043,310143,280719,590862
78,2043,319280,304872,624152
79,2043,317218,306403,623621
80,2043,318885,305538,624423
81,2043,315816,304901,620717
82,2043,315816,304901,620717
83,2043,315816,304901,620717
84,2043,315816,304901,620717
85,2043,315816,304901,620717
86,2043,315816,304901,620717
87,2043,315816,304901,620717
88,2043,315816,304901,620717
89,2043,315816,304901,620717
90,2043,315816,304901,620717
91,2043,315816,304901,620717
92,2043,315816,304901,620717
93,2043,315816,304901,620717
94,2043,315816,304901,620717
95,2043,315816,304901,620717
96,2043,315816,304901,620717
97,2043,315816,304901,620717
98,2043,315816,304901,620717
99,2043,315816,304901,620717
100,2043,315816,304901,620717
0,2043,292050,274642,566692
1,2043,291992,274566,566558
2,2043,292049,274566,566615
3,2043,292288,275393,567681
4,2043,292350,275433,567783
5,2043,291665,275418,567083
6,2043,292616,275683,568299
7,2043,292591,275714,568305
8,2043,289388,272724,562112
9,2043,292120,275796,567916
10,2043,292494,275697,568191
11,2043,292571,276455,569026
12,2043,292461,275605,568066
13,2043,293891,275625,569516
14,2043,294576,275565,570141
15,2043,296947,275357,572304
16,2043,296197,275623,571820
17,2043,302139,276579,578718
18,2043,304368,277408,581776
19,2043,309074,279536,588610
20,2043,308796,280425,589221
21,2043,308818,280514,589332
22,2043,309431,280601,590032
23,2043,309749,280616,590365
24,2043,309751,280616,590367
25,2043,309751,280616,590367
26,2043,309751,280616,590367
27,2043,309751,280616,590367
28,2043,309751,280616,590367
29,2043,309751,280616,590367
30,2043,309751,280616,590367
31,2043,309751,280616,590367
32,2043,309751,280616,590367
33,2043,309751,280616,590367
34,2043,309751,280616,590367
35,2043,309751,280616,590367
36,2043,309751,280616,590367
37,2043,309751,280616,590367
38,2043,309751,280616,590367
39,2043,309751,280616,590367
40,2043,309751,280616,590367
41,2043,310523,280709,591232
42,2043,310523,280709,591232
43,2043,310523,280709,591232
44,2043,310523,280709,591232
45,2043,310523,280709,591232
46,2043,310523,280709,591232
47,2043,310523,280709,591232
48,2043,310523,280709,591232
49,2043,310523,280709,591232
50,2043,310523,280709,591232
51,2043,310523,280709,591232
52,2043,310523,280709,591232
53,2043,310523,280709,591232
54,2043,310523,280709,591232
55,2043,310523,280709,591232
56,2043,310523,280709,591232
57,2043,310523,280709,591232
58,2043,310523,280709,591232
59,2043,310523,280709,591232
60,2043,310523,280709,591232
61,2043,310502,280709,591211
62,2043,310533,280709,591242
63,2043,310629,280709,591338
64,2043,310711,280709,591420
65,2043,310748,280709,591457
66,2043,310677,280709,591386
67,2043,310677,280709,591386
68,2043,310677,280709,591386
69,2043,310602,280709,591311
70,2043,310576,280709,591285
71,2043,310117,280695,590812
72,2043,310465,280709,591174
73,2043,310117,280719,590836
74,2043,310117,280719,590836
75,2043,310117,280719,590836
76,2043,310117,280719,590836
77,2043,310117,280719,590836
78,2043,317018,305496,622514
79,2043,319763,304916,624679
80,2043,316558,305659,622217
81,2043,315093,304229,619322
82,2043,315093,304229,619322
83,2043,315093,304229,619322
84,2043,315093,304229,619322
85,2043,315093,304229,619322
86,2043,315093,304229,619322
87,2043,315093,304229,619322
88,2043,315093,304229,619322
89,2043,315093,304229,619322
90,2043,315093,304229,619322
91,2043,315093,304229,619322
92,2043,315093,304229,619322
93,2043,315093,304229,619322
94,2043,315093,304229,619322
95,2043,315093,304229,619322
96,2043,315093,304229,619322
97,2043,315093,304229,619322
98,2043,315093,304229,619322
99,2043,315093,304229,619322
100,2043,315093,304229,619322
0,2043,292467,275809,568276
1,2043,292460,275777,568237
2,2043,292457,275777,568234
3,2043,292245,275154,567399
4,2043,292274,275644,567918
5,2043,292620,276606,569226
6,2043,292731,276392,569123
7,2043,292547,276434,568981
8,2043,290424,273014,563438
9,2043,292125,275680,567805
10,2043,292649,276206,568855
11,2043,291627,275325,566952
12,2043,292214,276093,568307
13,2043,294275,275933,570208
14,2043,294898,275677,570575
15,2043,296696,275498,572194
16,2043,296083,275608,571691
17,2043,302392,276114,578506
18,2043,304800,277408,582208
19,2043,308341,280112,588453
20,2043,308246,280444,588690
21,2043,308721,280514,589235
22,2043,309400,280616,590016
23,2043,309775,280616,590391
24,2043,309777,280616,590393
25,2043,309777,280616,590393
26,2043,309777,280616,590393
27,2043,309777,280616,590393
28,2043,309777,280616,590393
29,2043,309777,280616,590393
30,2043,309777,280616,590393
31,2043,309777,280616,590393
32,2043,309777,280616,590393
33,2043,309777,280616,590393
34,2043,309777,280616,590393
35,2043,309777,280616,590393
36,2043,309777,280616,590393
37,2043,309751,280616,590367
38,2043,309751,280616,590367
39,2043,309751,280616,590367
40,2043,309751,280616,590367
41,2043,310523,280709,591232
42,2043,310523,280709,591232
43,2043,310523,280709,591232
44,2043,310523,280709,591232
45,2043,310523,280709,591232
46,2043,310523,280709,591232
47,2043,310523,280709,591232
48,2043,310523,280709,591232
49,2043,310523,280709,591232
50,2043,310523,280709,591232
51,2043,310523,280709,591232
52,2043,310523,280709,591232
53,2043,310523,280709,591232
54,2043,310523,280709,591232
55,2043,310523,280709,591232
56,2043,310523,280709,591232
57,2043,310523,280709,591232
58,2043,310523,280709,591232
59,2043,310523,280709,591232
60,2043,310523,280709,591232
61,2043,310502,280709,591211
62,2043,310490,280709,591199
63,2043,310629,280709,591338
64,2043,310711,280709,591420
65,2043,310728,280709,591437
66,2043,310677,280709,591386
67,2043,310677,280709,591386
68,2043,310677,280709,591386
69,2043,310609,280709,591318
70,2043,310583,280709,591292
71,2043,310117,280695,590812
72,2043,310465,280709,591174
73,2043,310117,280695,590812
74,2043,310117,280695,590812
75,2043,310117,280695,590812
76,2043,310117,280695,590812
77,2043,310117,280695,590812
78,2043,315589,306728,622317
79,2043,317850,304290,622140
80,2043,315286,304700,619986
81,2043,313486,303270,616756
82,2043,313486,303270,616756
83,2043,313486,303270,616756
84,2043,313486,303270,616756
85,2043,313486,303270,616756
86,2043,313486,303270,616756
87,2043,313486,303270,616756
88,2043,313486,303270,616756
89,2043,313486,303270,616756
90,2043,313486,303270,616756
91,2043,313486,303270,616756
92,2043,313486,303270,616756
93,2043,313486,303270,616756
94,2043,313486,303270,616756
95,2043,313486,303270,616756
96,2043,313486,303270,616756
97,2043,313486,303270,616756
98,2043,313486,303270,616756
99,2043,313486,303270,616756
100,2043,313486,303270,616756
0,2043,292071,275839,567910
1,2043,292089,275900,567989
2,2043,292086,275900,567986
3,2043,292381,275949,568330
4,2043,292447,276194,568641
5,2043,291076,274117,565193
6,2043,291032,274854,565886
7,2043,290997,274886,565883
8,2043,291455,273560,565015
9,2043,292220,275875,568095
10,2043,291207,275214,566421
11,2043,291288,275553,566841
12,2043,293021,276358,569379
13,2043,294152,276089,570241
14,2043,295132,275773,570905
15,2043,295672,275405,571077
16,2043,296009,275276,571285
17,2043,303498,276207,579705
18,2043,304580,277399,581979
19,2043,307593,280366,587959
20,2043,308648,280447,589095
21,2043,309185,280529,589714
22,2043,309411,280647,590058
23,2043,309775,280616,590391
24,2043,309777,280624,590401
25,2043,309777,280624,590401
26,2043,309777,280624,590401
27,2043,309777,280624,590401
28,2043,309777,280624,590401
29,2043,309777,280624,590401
30,2043,309777,280624,590401
31,2043,309777,280624,590401
32,2043,309777,280624,590401
33,2043,309777,280624,590401
34,2043,309777,280624,590401
35,2043,309777,280624,590401
36,2043,309777,280624,590401
37,2043,309777,280616,590393
38,2043,309777,280616,590393
39,2043,309777,280616,590393
40,2043,309777,280616,590393
41,2043,310523,280709,591232
42,2043,310523,280709,591232
43,2043,310523,280709,591232
44,2043,310523,280709,591232
45,2043,310523,280709,591232
46,2043,310523,280709,591232
47,2043,310523,280709,591232
48,2043,310523,280709,591232
49,2043,310523,280709,591232
50,2043,310523,280709,591232
51,2043,310523,280709,591232
52,2043,310523,280709,591232
53,2043,310523,280709,591232
54,2043,310523,280709,591232
55,2043,310523,280709,591232
56,2043,310523,280709,591232
57,2043,310523,280709,591232
58,2043,310523,280709,591232
59,2043,310523,280709,591232
60,2043,310523,280709,591232
61,2043,310502,280709,591211
62,2043,310482,280709,591191
63,2043,310622,280709,591331
64,2043,310711,280709,591420
65,2043,310776,280709,591485
66,2043,310677,280709,591386
67,2043,310677,280709,591386
68,2043,310677,280709,591386
69,2043,310609,280709,591318
70,2043,310583,280709,591292
71,2043,310117,280695,590812
72,2043,310465,280709,591174
73,2043,310117,280695,590812
74,2043,310117,280695,590812
75,2043,310117,280695,590812
76,2043,310117,280695,590812
77,2043,310117,280695,590812
78,2043,319253,303696,622949
79,2043,314882,303302,618184
80,2043,314483,304209,618692
81,2043,313400,302807,616207
82,2043,313400,302807,616207
83,2043,313400,302807,616207
84,2043,313400,302807,616207
85,2043,313400,302807,616207
86,2043,313400,302807,616207
87,2043,313400,302807,616207
88,2043,313400,302807,616207
89,2043,313400,302807,616207
90,2043,313400,302807,616207
91,2043,313400,302807,616207
92,2043,313400,302807,616207
93,2043,313400,302807,616207
94,2043,313400,302807,616207
95,2043,313400,302807,616207
96,2043,313400,302807,616207
97,2043,313400,302807,616207
98,2043,313400,302807,616207
99,2043,313400,302807,616207
100,2043,313400,302807,616207
0,2043,291929,276118,568047
1,2043,292050,276184,568234
2,2043,292024,276184,568208
3,2043,292099,275673,567772
4,2043,291120,275219,566339
5,2043,290898,274381,565279
6,2043,290201,274869,565070
7,2043,289966,274416,564382
8,2043,293136,274868,568004
9,2043,292151,275983,568134
10,2043,291191,275417,566608
11,2043,292570,276264,568834
12,2043,292503,275712,568215
13,2043,293667,275662,569329
14,2043,296166,275731,571897
15,2043,295497,275115,570612
16,2043,296079,275458,571537
17,2043,303229,276582,579811
18,2043,304477,277399,581876
19,2043,306568,280199,586767
20,2043,308456,280490,588946
21,2043,309412,280464,589876
22,2043,309419,280647,590066
23,2043,309775,280624,590399
24,2043,309777,280624,590401
25,2043,309777,280624,590401
26,2043,309777,280624,590401
27,2043,309777,280624,590401
28,2043,309777,280624,590401
29,2043,309777,280624,590401
30,2043,309777,280624,590401
31,2043,309777,280624,590401
32,2043,309777,280624,590401
33,2043,309777,280624,590401
34,2043,309777,280624,590401
35,2043,309777,280624,590401
36,2043,309777,280624,590401
37,2043,309777,280624,590401
38,2043,309777,280624,590401
39,2043,309777,280624,590401
40,2043,309777,280624,590401
41,2043,310523,280709,591232
42,2043,310523,280709,591232
43,2043,310523,280709,591232
44,2043,310523,280709,591232
45,2043,310523,280709,591232
46,2043,310523,280709,591232
47,2043,310523,280709,591232
48,2043,310523,280709,591232
49,2043,310523,280709,591232
50,2043,310523,280709,591232
51,2043,310523,280709,591232
52,2043,310523,280709,591232
53,2043,310523,280709,591232
54,2043,310523,280709,591232
55,2043,310523,280709,591232
56,2043,310523,280709,591232
57,2043,310523,280709,591232
58,2043,310523,280709,591232
59,2043,310523,280709,591232
60,2043,310523,280709,591232
61,2043,310502,280709,591211
62,2043,310542,280709,591251
63,2043,310622,280709,591331
64,2043,310711,280709,591420
65,2043,310776,280709,591485
66,2043,310677,280709,591386
67,2043,310677,280709,591386
68,2043,310677,280709,591386
69,2043,310609,280709,591318
70,2043,310583,280709,591292
71,2043,310117,280695,590812
72,2043,310465,280709,591174
73,2043,310117,280695,590812
74,2043,310117,280695,590812
75,2043,310117,280695,590812
76,2043,310117,280695,590812
77,2043,310117,280695,590812
78,2043,315391,302409,617800
79,2043,313281,301886,615167
80,2043,313582,303403,616985
81,2043,313300,302781,616081
82,2043,313300,302781,616081
83,2043,313300,302781,616081
84,2043,313300,302781,616081
85,2043,313300,302781,616081
86,2043,313300,302781,616081
87,2043,313300,302781,616081
88,2043,313300,302781,616081
89,2043,313300,302781,616081
90,2043,313300,302781,616081
91,2043,313300,302781,616081
92,2043,313300,302781,616081
93,2043,313300,302781,616081
94,2043,313300,302781,616081
95,2043,313300,302781,616081
96,2043,313300,302781,616081
97,2043,313300,302781,616081
98,2043,313300,302781,616081
99,2043,313300,302781,616081
100,2043,313300,302781,616081
0,2043,290678,274865,565543
1,2043,290646,274600,565246
2,2043,290646,274600,565246
3,2043,292028,275935,567963
4,2043,290806,274931,565737
5,2043,291693,275335,567028
6,2043,289512,272972,562484
7,2043,289426,272773,562199
8,2043,292970,275895,568865
9,2043,292042,275514,567556
10,2043,292198,275741,567939
11,2043,291715,275941,567656
12,2043,292280,275815,568095
13,2043,293958,275737,569695
14,2043,295390,275951,571341
15,2043,295576,275625,571201
16,2043,296316,275830,572146
17,2043,302965,276281,579246
18,2043,304630,277408,582038
19,2043,305272,279385,584657
20,2043,308843,280475,589318
21,2043,308966,280464,589430
22,2043,309419,280616,590035
23,2043,309775,280616,590391
24,2043,309777,280616,590393
25,2043,309777,280616,590393
26,2043,309777,280616,590393
27,2043,309777,280616,590393
28,2043,309777,280616,590393
29,2043,309777,280616,590393
30,2043,309777,280616,590393
31,2043,309777,280616,590393
32,2043,309777,280616,590393
33,2043,309777,280616,590393
34,2043,309777,280616,590393
35,2043,309777,280616,590393
36,2043,309777,280616,590393
37,2043,309777,280616,590393
38,2043,309777,280616,590393
39,2043,309777,280616,590393
40,2043,309777,280616,590393
41,2043,310523,280709,591232
42,2043,310523,280709,591232
43,2043,310523,280709,591232
44,2043,310523,280709,591232
45,2043,310523,280709,591232
46,2043,310523,280709,591232
47,2043,310523,280709,591232
48,2043,310523,280709,591232
49,2043,310523,280709,591232
50,2043,310523,280709,591232
51,2043,310523,280709,591232
52,2043,310523,280709,591232
53,2043,310523,280709,591232
54,2043,310523,280709,591232
55,2043,310523,280709,591232
56,2043,310523,280709,591232
57,2043,310523,280709,591232
58,2043,310523,280709,591232
59,2043,310523,280709,591232
60,2043,310523,280709,591232
61,2043,310502,280709,591211
62,2043,310490,280709,591199
63,2043,310629,280709,591338
64,2043,310711,280709,591420
65,2043,310776,280709,591485
66,2043,310677,280709,591386
67,2043,310677,280709,591386
68,2043,310677,280709,591386
69,2043,310609,280709,591318
70,2043,310583,280709,591292
71,2043,310117,280695,590812
72,2043,310465,280709,591174
73,2043,310117,280695,590812
74,2043,310117,280695,590812
75,2043,310117,280695,590812
76,2043,310117,280695,590812
77,2043,310117,280695,590812
78,2043,314163,302133,616296
79,2043,313574,301568,615142
80,2043,313325,302887,616212
81,2043,314143,304623,618766
82,2043,314143,304623,618766
83,2043,314143,304623,618766
84,2043,314143,304623,618766
85,2043,314143,304623,618766
86,2043,314143,304623,618766
87,2043,314143,304623,618766
88,2043,314143,304623,618766
89,2043,314143,304623,618766
90,2043,314143,304623,618766
91,2043,314143,304623,618766
92,2043,314143,304623,618766
93,2043,314143,304623,618766
94,2043,314143,304623,618766
95,2043,314143,304623,618766
96,2043,314143,304623,618766
97,2043,314143,304623,618766
98,2043,314143,304623,618766
99,2043,314143,304623,618766
100,2043,314143,304623,618766
0,2043,289630,273527,563157
1,2043,289084,272978,562062
2,2043,289096,272978,562074
3,2043,291944,275546,567490
4,2043,290744,274239,564983
5,2043,292628,276596,569224
6,2043,290215,273130,563345
7,2043,290379,273170,563549
8,2043,292789,275868,568657
9,2043,292007,275599,567606
10,2043,292516,276305,568821
11,2043,291831,275642,567473
12,2043,293193,276213,569406
13,2043,294133,275848,569981
14,2043,294756,275557,570313
15,2043,295875,275849,571724
16,2043,296104,275804,571908
17,2043,302976,276373,579349
18,2043,304434,277399,581833
19,2043,305026,279291,584317
20,2043,308802,280475,589277
21,2043,308820,280514,589334
22,2043,309407,280616,590023
23,2043,309775,280624,590399
24,2043,309777,280624,590401
25,2043,309777,280624,590401
26,2043,309777,280624,590401
27,2043,309777,280624,590401
28,2043,309777,280624,590401
29,2043,309777,280624,590401
30,2043,309777,280624,590401
31,2043,309777,280624,590401
32,2043,309777,280624,590401
33,2043,309777,280624,590401
34,2043,309777,280624,590401
35,2043,309777,280624,590401
36,2043,309777,280624,590401
37,2043,309777,280616,590393
38,2043,309777,280616,590393
39,2043,309777,280616,590393
40,2043,309777,280616,590393
41,2043,310523,280709,591232
42,2043,310523,280709,591232
43,2043,310523,280709,591232
44,2043,310523,280709,591232
45,2043,310523,280709,591232
46,2043,310523,280709,591232
47,2043,310523,280709,591232
48,2043,310523,280709,591232
49,2043,310523,280709,591232
50,2043,310523,280709,591232
51,2043,310523,280709,591232
52,2043,310523,280709,591232
53,2043,310523,280709,591232
54,2043,310523,280709,591232
55,2043,310523,280709,591232
56,2043,310523,280709,591232
57,2043,310523,280709,591232
58,2043,310523,280709,591232
59,2043,310523,280709,591232
60,2043,310523,280709,591232
61,2043,310502,280709,591211
62,2043,310482,280709,591191
63,2043,310629,280709,591338
64,2043,310711,280709,591420
65,2043,310776,280709,591485
66,2043,310677,280709,591386
67,2043,310677,280709,591386
68,2043,310677,280709,591386
69,2043,310609,280709,591318
70,2043,310583,280709,591292
71,2043,310117,280695,590812
72,2043,310465,280709,591174
73,2043,310117,280695,590812
74,2043,310117,280695,590812
75,2043,310117,280695,590812
76,2043,310117,280695,590812
77,2043,310117,280695,590812
78,2043,312824,302255,615079
79,2043,312361,301855,614216
80,2043,313545,304204,617749
81,2043,315175,307024,622199
82,2043,315175,307024,622199
83,2043,315175,307024,622199
84,2043,315175,307024,622199
85,2043,315175,307024,622199
86,2043,315175,307024,622199
87,2043,315175,307024,622199
88,2043,315175,307024,622199
89,2043,315175,307024,622199
90,2043,315175,307024,622199
91,2043,315175,307024,622199
92,2043,315175,307024,622199
93,2043,315175,307024,622199
94,2043,315175,307024,622199
95,2043,315175,307024,622199
96,2043,315175,307024,622199
97,2043,315175,307024,622199
98,2043,315175,307024,622199
99,2043,315175,307024,622199
100,2043,315175,307024,622199
0,2043,268186,238812,506998
1,2043,268244,238812,507056
2,2043,268244,238817,507061
3,2043,268749,238817,507566
4,2043,268631,244004,512635
5,2043,264724,239438,504162
6,2043,265209,239841,505050
7,2043,265208,244052,509260
8,2043,269731,244281,514012
9,2043,268984,244465,513449
10,2043,291218,275119,566337
11,2043,292350,275661,568011
12,2043,268691,244052,512743
13,2043,294243,276045,570288
14,2043,269722,264230,533952
15,2043,278809,264822,543631
16,2043,295745,275365,571110
17,2043,304036,294425,598461
18,2043,305766,296888,602654
19,2043,309494,295196,604690
20,2043,309484,294626,604110
21,2043,310192,296083,606275
22,2043,310597,296419,607016
23,2043,311830,301724,613554
24,2043,313226,303708,616934
25,2043,356439,378118,734557
26,2043,472391,458336,930727
27,2043,465818,459135,924953
28,2043,465818,459135,924953
29,2043,465818,459135,924953
30,2043,472391,458204,930595
31,2043,464977,458848,923825
32,2043,474070,458903,932973
33,2043,474168,458903,933071
34,2043,477391,463686,941077
35,2043,478055,465595,943650
36,2043,479666,469676,949342
37,2043,480425,470591,951016
38,2043,481291,474292,955583
39,2043,482539,474625,957164
40,2043,484602,478939,963541
41,2043,484855,480287,965142
42,2043,485053,483142,968195
43,2043,356318,378640,734958
44,2043,356457,378690,735147
45,2043,356519,378690,735209
46,2043,356519,378690,735209
47,2043,357200,378690,735890
48,2043,357200,378690,735890
49,2043,357200,378690,735890
50,2043,357200,378690,735890
51,2043,357213,378690,735903
52,2043,356633,378690,735323
53,2043,357213,378690,735903
54,2043,357213,378690,735903
55,2043,357213,378690,735903
56,2043,315885,305769,621654
57,2043,315885,305769,621654
58,2043,315885,305769,621654
59,2043,315709,305769,621478
60,2043,315709,305769,621478
61,2043,315588,305769,621357
62,2043,315588,305769,621357
63,2043,315948,305769,621717
64,2043,315983,305769,621752
65,2043,315983,305769,621752
66,2043,315983,305769,621752
67,2043,312976,304841,617817
68,2043,283134,304564,587698
69,2043,282997,304318,587315
70,2043,277638,304160,581798
71,2043,270285,307458,577743
72,2043,282803,304318,587121
73,2043,269845,305097,574942
74,2043,270221,305097,575318
75,2043,270219,305296,575515
76,2043,272545,304520,577065
77,2043,283055,278840,561895
78,2043,314165,303031,617196
79,2043,312782,303178,615960
80,2043,306329,320666,626995
81,2043,312064,303236,615300
82,2043,306612,202690,509302
83,2043,306612,202690,509302
84,2043,306612,202780,509392
85,2043,306612,206240,512852
86,2043,306612,197748,504360
87,2043,306612,195285,501897
88,2043,306612,195285,501897
89,2043,306612,195285,501897
90,2043,306612,195285,501897
91,2043,306612,195285,501897
92,2043,306612,195285,501897
93,2043,306612,195285,501897
94,2043,306612,195285,501897
95,2043,306612,195285,501897
96,2043,306612,195285,501897
97,2043,306612,195285,501897
98,2043,306612,195285,501897
99,2043,306612,195285,501897
100,2043,306612,195285,501897
0,2043,264819,203529,468348
1,2043,264966,225211,490177
2,2043,264966,236736,501702
3,2043,265824,227113,492937
4,2043,263287,237065,500352
5,2043,261689,237295,498984
6,2043,276278,237712,513990
7,2043,271431,237674,509105
8,2043,262955,237677,500632
9,2043,269250,269621,538871
10,2043,291305,275231,566536
11,2043,292658,276470,569128
12,2043,292088,275813,567901
13,2043,293818,275668,569486
14,2043,293072,276231,569303
15,2043,282917,273033,555950
16,2043,269225,265066,534291
17,2043,306090,294313,600403
18,2043,309072,295440,604512
19,2043,311932,295794,607726
20,2043,311145,296024,607169
21,2043,311021,294355,605376
22,2043,312276,294142,606418
23,2043,315037,301261,616298
24,2043,315770,304093,619863
25,2043,361561,380613,742174
26,2043,365256,402172,767428
27,2043,365256,402172,767428
28,2043,474586,463247,937833
29,2043,474586,463247,937833
30,2043,474684,462577,937261
31,2043,470601,460488,931089
32,2043,474734,463211,937945
33,2043,474824,463211,938035
34,2043,475184,463970,939154
35,2043,476680,465745,942425
36,2043,481679,472721,954400
37,2043,481674,473315,954989
38,2043,482715,475630,958345
39,2043,483880,475935,959815
40,2043,486370,479386,965756
41,2043,486593,481283,967876
42,2043,486570,484046,970616
43,2043,485085,483993,969078
44,2043,361908,381135,743043
45,2043,361908,381135,743043
46,2043,361908,381135,743043
47,2043,361966,381134,743100
48,2043,361966,381134,743100
49,2043,361966,381134,743100
50,2043,361966,381134,743100
51,2043,361966,381134,743100
52,2043,361966,381135,743101
53,2043,361966,381134,743100
54,2043,484550,486261,970811
55,2043,361966,381134,743100
56,2043,356461,378690,735151
57,2043,322602,306148,628750
58,2043,321714,307258,628972
59,2043,317450,307371,624821
60,2043,317450,307371,624821
61,2043,318753,306305,625058
62,2043,322096,306177,628273
63,2043,345123,372476,717599
64,2043,321550,307258,628808
65,2043,319705,306318,626023
66,2043,284773,307055,591828
67,2043,319257,307210,626467
68,2043,284945,306826,591771
69,2043,271162,306412,577574
70,2043,268332,306412,574744
71,2043,267008,311806,578814
72,2043,268561,306574,575135
73,2043,267539,306530,574069
74,2043,267179,305873,573052
75,2043,267038,305763,572801
76,2043,266872,305689,572561
77,2043,268340,305704,574044
78,2043,314564,303350,617914
79,2043,308247,286168,594415
80,2043,309167,244803,553970
81,2043,309608,243756,553364
82,2043,309374,200618,509992
83,2043,309374,200618,509992
84,2043,309374,200618,509992
85,2043,309374,201495,510869
86,2043,309374,195178,504552
87,2043,309374,193070,502444
88,2043,309374,193070,502444
89,2043,309374,193070,502444
90,2043,309374,193070,502444
91,2043,309374,193070,502444
92,2043,309374,193070,502444
93,2043,309374,193070,502444
94,2043,309374,193070,502444
95,2043,309374,193070,502444
96,2043,309374,193070,502444
97,2043,309374,193070,502444
98,2043,309374,193070,502444
99,2043,309374,193070,502444
100,2043,309374,193070,502444
0,2043,284748,273424,558172
1,2043,260232,236818,497050
2,2043,261374,237701,499075
3,2043,270005,237325,507330
4,2043,267065,237635,504700
5,2043,255638,237388,493026
6,2043,258791,237720,496511
7,2043,260849,244861,505710
8,2043,256457,244958,501415
9,2043,265138,245399,510537
10,2043,269108,244494,513602
11,2043,267025,244129,511154
12,2043,293715,293298,587013
13,2043,293942,275538,569480
14,2043,296000,295509,591509
15,2043,294350,295460,589810
16,2043,284692,272937,557629
17,2043,297617,290127,587744
18,2043,302575,293792,596367
19,2043,302809,292874,595683
20,2043,310436,291327,601763
21,2043,310719,292657,603376
22,2043,309826,291551,601377
23,2043,316192,301813,618005
24,2043,316516,304993,621509
25,2043,312871,322994,635865
26,2043,304949,319049,623998
27,2043,313174,323340,636514
28,2043,361180,371541,732721
29,2043,476095,464343,940438
30,2043,476433,464139,940572
31,2043,475844,464409,940253
32,2043,476672,464139,940811
33,2043,477034,464139,941173
34,2043,477061,464645,941706
35,2043,479019,467219,946238
36,2043,482317,474669,956986
37,2043,482394,474951,957345
38,2043,483746,476763,960509
39,2043,485026,477100,962126
40,2043,486466,481697,968163
41,2043,486619,482936,969555
42,2043,486653,486014,972667
43,2043,486579,485418,971997
44,2043,485138,484241,969379
45,2043,424290,426508,850798
46,2043,357815,369971,727786
47,2043,308238,323577,631815
48,2043,303631,319147,622778
49,2043,313118,323260,636378
50,2043,310944,323321,634265
51,2043,313125,323321,636446
52,2043,305644,319694,625338
53,2043,305644,319694,625338
54,2043,364047,371003,735050
55,2043,305644,319694,625338
56,2043,361785,380903,742688
57,2043,356217,378430,734647
58,2043,321748,307295,629043
59,2043,319175,305869,625044
60,2043,319175,305869,625044
61,2043,317823,306056,623879
62,2043,321983,305670,627653
63,2043,309862,321274,631136
64,2043,322354,306134,628488
65,2043,322272,306007,628279
66,2043,322881,307423,630304
67,2043,317798,306820,624618
68,2043,318344,307787,626131
69,2043,269400,307188,576588
70,2043,267659,307199,574858
71,2043,265881,309345,575226
72,2043,266384,307188,573572
73,2043,266278,306921,573199
74,2043,266150,306190,572340
75,2043,265580,305722,571302
76,2043,268672,303773,572445
77,2043,286043,305541,591584
78,2043,315316,304926,620242
79,2043,282907,244214,527121
80,2043,282776,245138,527914
81,2043,283654,238029,521683
82,2043,282717,226730,509447
83,2043,282717,200874,483591
84,2043,282717,200874,483591
85,2043,282717,201740,484457
86,2043,282717,195188,477905
87,2043,282717,192711,475428
88,2043,282717,192711,475428
89,2043,282717,192711,475428
90,2043,282717,192711,475428
91,2043,282717,192711,475428
92,2043,282717,192711,475428
93,2043,282717,192711,475428
94,2043,282717,192711,475428
95,2043,282717,192711,475428
96,2043,282717,192711,475428
97,2043,282717,192711,475428
98,2043,282717,192711,475428
99,2043,282717,192711,475428
100,2043,282717,192711,475428
0,2043,280011,267000,547011
1,2043,236436,269490,505926
2,2043,242364,229151,471515
3,2043,243427,231138,474565
4,2043,243640,237150,480790
5,2043,238895,244421,483316
6,2043,234156,245172,479328
7,2043,239080,245701,484781
8,2043,232625,245798,478423
9,2043,245846,243914,489760
10,2043,266712,237674,504386
11,2043,284473,270049,554522
12,2043,265906,245747,511653
13,2043,294261,275802,570063
14,2043,268361,264360,532721
15,2043,296844,300264,597108
16,2043,296018,293858,589876
17,2043,282221,265220,547441
18,2043,306033,298944,604977
19,2043,307513,292601,600114
20,2043,308817,294502,603319
21,2043,310009,292290,602299
22,2043,309484,292982,602466
23,2043,316016,301937,617953
24,2043,316670,304068,620738
25,2043,321902,329233,651135
26,2043,323049,327948,650997
27,2043,324398,328965,653363
28,2043,305099,324540,629639
29,2043,365519,376877,742396
30,2043,461473,462640,924113
31,2043,459515,461493,921008
32,2043,436460,440114,876574
33,2043,461916,462671,924587
34,2043,436869,441052,877921
35,2043,437402,441186,878588
36,2043,468230,469143,937373
37,2043,470094,470129,940223
38,2043,471748,474610,946358
39,2043,472772,475005,947777
40,2043,476173,479564,955737
41,2043,477527,483040,960567
42,2043,478424,485155,963579
43,2043,486584,488972,975556
44,2043,486647,485965,972612
45,2043,485138,483993,969131
46,2043,362499,387173,749672
47,2043,322546,358967,681513
48,2043,324466,340012,664478
49,2043,324613,343724,668337
50,2043,324584,342783,667367
51,2043,324579,342783,667362
52,2043,324913,345218,670131
53,2043,324879,345218,670097
54,2043,302522,324289,626811
55,2043,324760,330349,655109
56,2043,305183,319529,624712
57,2043,361634,379753,741387
58,2043,356394,377630,734024
59,2043,322362,305771,628133
60,2043,322362,305771,628133
61,2043,321599,306691,628290
62,2043,321349,306803,628152
63,2043,321258,324118,645376
64,2043,320324,305359,625683
65,2043,320955,305609,626564
66,2043,322871,306248,629119
67,2043,321516,306664,628180
68,2043,283735,309262,592997
69,2043,285905,308382,594287
70,2043,267257,307385,574642
71,2043,269283,311294,580577
72,2043,265511,307385,572896
73,2043,265410,305809,571219
74,2043,285348,308162,593510
75,2043,265665,305937,571602
76,2043,266839,306135,572974
77,2043,265473,305948,571421
78,2043,316315,307162,623477
79,2043,283230,245153,528383
80,2043,283377,244933,528310
81,2043,301932,237302,539234
82,2043,282031,227293,509324
83,2043,282031,200954,482985
84,2043,282031,200954,482985
85,2043,282031,201952,483983
86,2043,282031,195188,477219
87,2043,282031,192646,474677
88,2043,282031,192646,474677
89,2043,282031,192646,474677
90,2043,282031,192646,474677
91,2043,282031,192646,474677
92,2043,282031,192646,474677
93,2043,282031,192646,474677
94,2043,282031,192646,474677
95,2043,282031,192646,474677
96,2043,282031,192646,474677
97,2043,282031,192646,474677
98,2043,282031,192646,474677
99,2043,282031,192646,474677
100,2043,282031,192646,474677
0,2044,292160,275407,567567
1,2044,292160,275407,567567
2,2044,292156,275407,567563
3,2044,292317,275433,567750
4,2044,292459,275435,567894
5,2044,292604,275460,568064
6,2044,292715,275538,568253
7,2044,292699,275529,568228
8,2044,292688,275503,568191
9,2044,292689,275485,568174
10,2044,292704,275551,568255
11,2044,292828,275972,568800
12,2044,293342,276256,569598
13,2044,293719,276375,570094
14,2044,293758,276281,570039
15,2044,293823,276272,570095
16,2044,294123,276355,570478
17,2044,294561,276410,570971
18,2044,295789,276733,572522
19,2044,296731,278188,574919
20,2044,296795,278225,575020
21,2044,296833,278284,575117
22,2044,296862,278532,575394
23,2044,296890,278545,575435
24,2044,296890,278545,575435
25,2044,296890,278545,575435
26,2044,296890,278545,575435
27,2044,296890,278545,575435
28,2044,296890,278545,575435
29,2044,296890,278545,575435
30,2044,296890,278545,575435
31,2044,296890,278545,575435
32,2044,296890,278545,575435
33,2044,296890,278545,575435
34,2044,296890,278545,575435
35,2044,296890,278545,575435
36,2044,296890,278545,575435
37,2044,296890,278545,575435
38,2044,296890,278545,575435
39,2044,296890,278545,575435
40,2044,296890,278545,575435
41,2044,296890,278545,575435
42,2044,296890,278545,575435
43,2044,296890,278545,575435
44,2044,296890,278545,575435
45,2044,296890,278545,575435
46,2044,296881,278545,575426
47,2044,296873,278545,575418
48,2044,296873,278545,575418
49,2044,296873,278545,575418
50,2044,296873,278545,575418
51,2044,296873,278595,575468
52,2044,296873,278595,575468
53,2044,296873,278595,575468
54,2044,296873,278595,575468
55,2044,296873,278595,575468
56,2044,296873,278595,575468
57,2044,296873,278595,575468
58,2044,296873,278595,575468
59,2044,296873,278595,575468
60,2044,296873,278595,575468
61,2044,296873,278595,575468
62,2044,296873,278595,575468
63,2044,296873,278595,575468
64,2044,296825,278595,575420
65,2044,296825,278595,575420
66,2044,296738,278595,575333
67,2044,296738,278595,575333
68,2044,296472,278595,575067
69,2044,296377,278595,574972
70,2044,296237,278595,574832
71,2044,295800,278595,574395
72,2044,295800,278595,574395
73,2044,295461,278595,574056
74,2044,295423,278595,574018
75,2044,295423,278595,574018
76,2044,295423,278595,574018
77,2044,295423,278595,574018
78,2044,295423,279554,574977
79,2044,295423,279363,574786
80,2044,295423,279614,575037
81,2044,295423,279743,575166
82,2044,295423,279743,575166
83,2044,295423,279743,575166
84,2044,295423,279743,575166
85,2044,295423,279743,575166
86,2044,295423,279743,575166
87,2044,295423,279743,575166
88,2044,295423,279743,575166
89,2044,295423,279743,575166
90,2044,295423,279743,575166
91,2044,295423,279743,575166
92,2044,295423,279743,575166
93,2044,295423,279743,575166
94,2044,295423,279743,575166
95,2044,295423,279743,575166
96,2044,295423,279743,575166
97,2044,295423,279743,575166
98,2044,295423,279743,575166
99,2044,295423,279743,575166
100,2044,295423,279743,575166
0,2044,292266,275259,567525
1,2044,292266,275259,567525
2,2044,292259,275259,567518
3,2044,292436,275274,567710
4,2044,292615,275193,567808
5,2044,292741,275299,568040
6,2044,292868,275406,568274
7,2044,292842,275390,568232
8,2044,292820,275364,568184
9,2044,292815,275344,568159
10,2044,292810,275474,568284
11,2044,292862,275699,568561
12,2044,293184,275754,568938
13,2044,293704,275708,569412
14,2044,293937,275800,569737
15,2044,294124,275792,569916
16,2044,294466,275859,570325
17,2044,295672,275850,571522
18,2044,297964,276497,574461
19,2044,298821,278322,577143
20,2044,299958,278491,578449
21,2044,300126,278538,578664
22,2044,300128,279006,579134
23,2044,300136,279020,579156
24,2044,300136,279020,579156
25,2044,300136,279020,579156
26,2044,300136,279020,579156
27,2044,300136,279020,579156
28,2044,300136,279020,579156
29,2044,300136,279020,579156
30,2044,300136,279020,579156
31,2044,300136,279020,579156
32,2044,300136,279020,579156
33,2044,300136,279020,579156
34,2044,300136,279020,579156
35,2044,300136,279020,579156
36,2044,300136,279020,579156
37,2044,300136,279020,579156
38,2044,300136,279020,579156
39,2044,300136,279020,579156
40,2044,300136,279020,579156
41,2044,300136,279020,579156
42,2044,300136,279020,579156
43,2044,300136,279020,579156
44,2044,300538,279020,579558
45,2044,300538,279020,579558
46,2044,300536,279020,579556
47,2044,300528,279020,579548
48,2044,300528,279020,579548
49,2044,300528,279020,579548
50,2044,300528,279020,579548
51,2044,300528,279059,579587
52,2044,300528,279059,579587
53,2044,300528,279059,579587
54,2044,300528,279059,579587
55,2044,300528,279059,579587
56,2044,300528,279059,579587
57,2044,300528,279059,579587
58,2044,300528,279059,579587
59,2044,300528,279059,579587
60,2044,300528,279059,579587
61,2044,300528,279059,579587
62,2044,300528,279059,579587
63,2044,300528,279059,579587
64,2044,300557,279059,579616
65,2044,300557,279059,579616
66,2044,300066,279059,579125
67,2044,300008,279059,579067
68,2044,299613,279059,578672
69,2044,299663,279059,578722
70,2044,299415,279037,578452
71,2044,298888,279037,577925
72,2044,298782,279037,577819
73,2044,298283,278963,577246
74,2044,298238,278963,577201
75,2044,298238,278963,577201
76,2044,298238,278963,577201
77,2044,298238,278963,577201
78,2044,298344,280269,578613
79,2044,298259,280078,578337
80,2044,298344,280826,579170
81,2044,298338,280568,578906
82,2044,298338,280568,578906
83,2044,298338,280568,578906
84,2044,298338,280568,578906
85,2044,298338,280568,578906
86,2044,298338,280568,578906
87,2044,298338,280568,578906
88,2044,298338,280568,578906
89,2044,298338,280568,578906
90,2044,298338,280568,578906
91,2044,298338,280568,578906
92,2044,298338,280568,578906
93,2044,298338,280568,578906
94,2044,298338,280568,578906
95,2044,298338,280568,578906
96,2044,298338,280568,578906
97,2044,298338,280568,578906
98,2044,298338,280568,578906
99,2044,298338,280568,578906
100,2044,298338,280568,578906
0,2044,292274,275413,567687
1,2044,292274,275413,567687
2,2044,292266,275413,567679
3,2044,292417,275347,567764
4,2044,292716,275394,568110
5,2044,292856,275450,568306
6,2044,292910,275526,568436
7,2044,292866,275510,568376
8,2044,292838,275471,568309
9,2044,292865,275477,568342
10,2044,292819,275561,568380
11,2044,292909,275804,568713
12,2044,293366,276259,569625
13,2044,294527,276216,570743
14,2044,294776,276418,571194
15,2044,295034,276413,571447
16,2044,296135,276482,572617
17,2044,297419,276524,573943
18,2044,299982,276890,576872
19,2044,300697,278092,578789
20,2044,300794,278561,579355
21,2044,301474,278636,580110
22,2044,301310,278941,580251
23,2044,301326,278955,580281
24,2044,301326,278955,580281
25,2044,301326,278955,580281
26,2044,301326,278955,580281
27,2044,301326,278955,580281
28,2044,301326,278955,580281
29,2044,301326,278955,580281
30,2044,301326,278955,580281
31,2044,301326,278955,580281
32,2044,301326,278955,580281
33,2044,301326,278955,580281
34,2044,301326,278955,580281
35,2044,301326,278955,580281
36,2044,301326,278955,580281
37,2044,301326,278955,580281
38,2044,301326,278955,580281
39,2044,301326,278955,580281
40,2044,301326,278955,580281
41,2044,301326,278955,580281
42,2044,301326,278955,580281
43,2044,301333,278955,580288
44,2044,303077,279111,582188
45,2044,303077,279111,582188
46,2044,302118,279111,581229
47,2044,302109,279111,581220
48,2044,302109,279111,581220
49,2044,302109,279111,581220
50,2044,302109,279111,581220
51,2044,302109,279149,581258
52,2044,302109,279149,581258
53,2044,302109,279149,581258
54,2044,302109,279149,581258
55,2044,302109,279149,581258
56,2044,302109,279149,581258
57,2044,302109,279149,581258
58,2044,302109,279149,581258
59,2044,302109,279149,581258
60,2044,302109,279149,581258
61,2044,302109,279149,581258
62,2044,302109,279149,581258
63,2044,302109,279149,581258
64,2044,303056,279149,582205
65,2044,303056,279149,582205
66,2044,301751,278994,580745
67,2044,301764,278926,580690
68,2044,301625,278926,580551
69,2044,301693,278926,580619
70,2044,301698,278926,580624
71,2044,302699,279051,581750
72,2044,302614,279051,581665
73,2044,301717,279129,580846
74,2044,301717,279129,580846
75,2044,301717,279129,580846
76,2044,301717,279129,580846
77,2044,301717,279129,580846
78,2044,301618,283834,585452
79,2044,301588,283520,585108
80,2044,301523,283856,585379
81,2044,301545,283856,585401
82,2044,301545,283856,585401
83,2044,301545,283856,585401
84,2044,301545,283856,585401
85,2044,301545,283856,585401
86,2044,301545,283856,585401
87,2044,301545,283856,585401
88,2044,301545,283856,585401
89,2044,301545,283856,585401
90,2044,301545,283856,585401
91,2044,301545,283856,585401
92,2044,301545,283856,585401
93,2044,301545,283856,585401
94,2044,301545,283856,585401
95,2044,301545,283856,585401
96,2044,301545,283856,585401
97,2044,301545,283856,585401
98,2044,301545,283856,585401
99,2044,301545,283856,585401
100,2044,301545,283856,585401
0,2044,292099,274901,567000
1,2044,292099,274901,567000
2,2044,292091,274901,566992
3,2044,292300,274901,567201
4,2044,292463,274931,567394
5,2044,292518,274983,567501
6,2044,292615,275035,567650
7,2044,292607,275057,567664
8,2044,292601,275043,567644
9,2044,292574,275024,567598
10,2044,292549,275055,567604
11,2044,292624,275339,567963
12,2044,293047,275490,568537
13,2044,294584,275590,570174
14,2044,295239,275679,570918
15,2044,297561,275661,573222
16,2044,296031,275360,571391
17,2044,298511,275281,573792
18,2044,300960,276311,577271
19,2044,318140,278178,596318
20,2044,318570,278704,597274
21,2044,307169,279147,586316
22,2044,306963,279195,586158
23,2044,307025,279209,586234
24,2044,307025,279209,586234
25,2044,307025,279209,586234
26,2044,307025,279209,586234
27,2044,307025,279209,586234
28,2044,307025,279209,586234
29,2044,307025,279209,586234
30,2044,307025,279209,586234
31,2044,307025,279209,586234
32,2044,307025,279209,586234
33,2044,307025,279209,586234
34,2044,307025,279209,586234
35,2044,307025,279209,586234
36,2044,307025,279209,586234
37,2044,307025,279209,586234
38,2044,307025,279209,586234
39,2044,307025,279209,586234
40,2044,307025,279209,586234
41,2044,307025,279209,586234
42,2044,307025,279209,586234
43,2044,307025,279209,586234
44,2044,309401,279433,588834
45,2044,309401,279433,588834
46,2044,308138,279364,587502
47,2044,308207,279364,587571
48,2044,308207,279364,587571
49,2044,308207,279364,587571
50,2044,308207,279364,587571
51,2044,308198,279402,587600
52,2044,308198,279402,587600
53,2044,308198,279402,587600
54,2044,308198,279402,587600
55,2044,308198,279402,587600
56,2044,308198,279402,587600
57,2044,308198,279402,587600
58,2044,308198,279402,587600
59,2044,308198,279402,587600
60,2044,308198,279402,587600
61,2044,308198,279402,587600
62,2044,308198,279402,587600
63,2044,308198,279402,587600
64,2044,309449,279472,588921
65,2044,309538,279472,589010
66,2044,307947,279400,587347
67,2044,308227,279400,587627
68,2044,307618,279138,586756
69,2044,307735,279232,586967
70,2044,307742,279123,586865
71,2044,309127,279187,588314
72,2044,308751,279129,587880
73,2044,307179,279129,586308
74,2044,307179,279129,586308
75,2044,307179,279129,586308
76,2044,307179,279129,586308
77,2044,307179,279129,586308
78,2044,306934,286413,593347
79,2044,306862,284996,591858
80,2044,306855,286432,593287
81,2044,306855,286432,593287
82,2044,306855,286432,593287
83,2044,306855,286432,593287
84,2044,306855,286432,593287
85,2044,306855,286432,593287
86,2044,306855,286432,593287
87,2044,306855,286432,593287
88,2044,306855,286432,593287
89,2044,306855,286432,593287
90,2044,306855,286432,593287
91,2044,306855,286432,593287
92,2044,306855,286432,593287
93,2044,306855,286432,593287
94,2044,306855,286432,593287
95,2044,306855,286432,593287
96,2044,306855,286432,593287
97,2044,306855,286432,593287
98,2044,306855,286432,593287
99,2044,306855,286432,593287
100,2044,306855,286432,593287
0,2044,292414,276267,568681
1,2044,292414,276267,568681
2,2044,292410,276267,568677
3,2044,292524,276267,568791
4,2044,292770,276374,569144
5,2044,292782,276405,569187
6,2044,292777,275836,568613
7,2044,292789,275833,568622
8,2044,292809,276105,568914
9,2044,292817,276218,569035
10,2044,292752,276008,568760
11,2044,292786,276013,568799
12,2044,292637,275836,568473
13,2044,294207,275567,569774
14,2044,297544,275452,572996
15,2044,296712,275491,572203
16,2044,295873,275344,571217
17,2044,298696,275638,574334
18,2044,308040,277244,585284
19,2044,310244,279250,589494
20,2044,310992,279343,590335
21,2044,309447,279369,588816
22,2044,309498,279517,589015
23,2044,309548,279517,589065
24,2044,309548,279517,589065
25,2044,309548,279517,589065
26,2044,309548,279517,589065
27,2044,309548,279517,589065
28,2044,309548,279517,589065
29,2044,309548,279517,589065
30,2044,309548,279517,589065
31,2044,309548,279517,589065
32,2044,309548,279517,589065
33,2044,309548,279517,589065
34,2044,309548,279517,589065
35,2044,309548,279517,589065
36,2044,309548,279517,589065
37,2044,309933,279517,589450
38,2044,309933,279517,589450
39,2044,309933,279517,589450
40,2044,309933,279517,589450
41,2044,309933,279517,589450
42,2044,309933,279517,589450
43,2044,309933,279517,589450
44,2044,311218,279445,590663
45,2044,311218,279445,590663
46,2044,311078,279485,590563
47,2044,311078,279485,590563
48,2044,311078,279485,590563
49,2044,311078,279485,590563
50,2044,311078,279485,590563
51,2044,311087,279523,590610
52,2044,311087,279523,590610
53,2044,311087,279523,590610
54,2044,311087,279523,590610
55,2044,311087,279523,590610
56,2044,311087,279523,590610
57,2044,311087,279523,590610
58,2044,311087,279523,590610
59,2044,311087,279523,590610
60,2044,311087,279523,590610
61,2044,311087,279523,590610
62,2044,311087,279523,590610
63,2044,311197,279523,590720
64,2044,311402,279483,590885
65,2044,311494,279483,590977
66,2044,311142,279522,590664
67,2044,311181,279522,590703
68,2044,310276,279498,589774
69,2044,310326,279498,589824
70,2044,310257,279585,589842
71,2044,310672,279598,590270
72,2044,310683,279572,590255
73,2044,309854,279579,589433
74,2044,309854,279579,589433
75,2044,309854,279579,589433
76,2044,309854,279579,589433
77,2044,309854,279579,589433
78,2044,309223,297053,606276
79,2044,309182,295170,604352
80,2044,309215,297002,606217
81,2044,309223,297359,606582
82,2044,309223,297359,606582
83,2044,309223,297359,606582
84,2044,309223,297359,606582
85,2044,309223,297359,606582
86,2044,309223,297359,606582
87,2044,309223,297359,606582
88,2044,309223,297359,606582
89,2044,309223,297359,606582
90,2044,309223,297359,606582
91,2044,309223,297359,606582
92,2044,309223,297359,606582
93,2044,309223,297359,606582
94,2044,309223,297359,606582
95,2044,309223,297359,606582
96,2044,309223,297359,606582
97,2044,309223,297359,606582
98,2044,309223,297359,606582
99,2044,309223,297359,606582
100,2044,309223,297359,606582
0,2044,290839,275033,565872
1,2044,290839,275033,565872
2,2044,290835,275033,565868
3,2044,290937,275233,566170
4,2044,291005,274937,565942
5,2044,291046,275155,566201
6,2044,292232,276240,568472
7,2044,292199,276233,568432
8,2044,291249,275661,566910
9,2044,291199,275601,566800
10,2044,292123,276191,568314
11,2044,292361,276048,568409
12,2044,293171,276060,569231
13,2044,294126,275531,569657
14,2044,296668,275937,572605
15,2044,295244,275388,570632
16,2044,296127,275713,571840
17,2044,298662,276231,574893
18,2044,305162,277907,583069
19,2044,309543,280666,590209
20,2044,310358,280573,590931
21,2044,310236,280007,590243
22,2044,310517,280086,590603
23,2044,310504,280086,590590
24,2044,310504,280086,590590
25,2044,310504,280086,590590
26,2044,310504,280086,590590
27,2044,310504,280086,590590
28,2044,310504,280086,590590
29,2044,310504,280086,590590
30,2044,310504,280086,590590
31,2044,310504,280086,590590
32,2044,310504,280086,590590
33,2044,310504,280086,590590
34,2044,310504,280086,590590
35,2044,310504,280086,590590
36,2044,310504,280086,590590
37,2044,310568,280086,590654
38,2044,310568,280086,590654
39,2044,310568,280086,590654
40,2044,310568,280086,590654
41,2044,310949,280086,591035
42,2044,310949,280086,591035
43,2044,310949,280086,591035
44,2044,311212,280770,591982
45,2044,311212,280770,591982
46,2044,311402,280718,592120
47,2044,311402,280718,592120
48,2044,311402,280718,592120
49,2044,311402,280718,592120
50,2044,311402,280718,592120
51,2044,311402,280757,592159
52,2044,311402,280757,592159
53,2044,311402,280757,592159
54,2044,311402,280757,592159
55,2044,311402,280757,592159
56,2044,311402,280757,592159
57,2044,311402,280757,592159
58,2044,311402,280757,592159
59,2044,311402,280757,592159
60,2044,311402,280757,592159
61,2044,311402,280757,592159
62,2044,311402,280757,592159
63,2044,311500,280757,592257
64,2044,311363,280826,592189
65,2044,311724,280826,592550
66,2044,311611,280757,592368
67,2044,311478,280757,592235
68,2044,311136,280282,591418
69,2044,311224,280386,591610
70,2044,311089,280359,591448
71,2044,311023,280782,591805
72,2044,311415,280757,592172
73,2044,310475,280113,590588
74,2044,310475,280113,590588
75,2044,310475,280113,590588
76,2044,310475,280113,590588
77,2044,310475,280113,590588
78,2044,312080,301426,613506
79,2044,311717,300216,611933
80,2044,312078,301550,613628
81,2044,312097,305369,617466
82,2044,312097,305369,617466
83,2044,312097,305369,617466
84,2044,312097,305369,617466
85,2044,312097,305369,617466
86,2044,312097,305369,617466
87,2044,312097,305369,617466
88,2044,312097,305369,617466
89,2044,312097,305369,617466
90,2044,312097,305369,617466
91,2044,312097,305369,617466
92,2044,312097,305369,617466
93,2044,312097,305369,617466
94,2044,312097,305369,617466
95,2044,312097,305369,617466
96,2044,312097,305369,617466
97,2044,312097,305369,617466
98,2044,312097,305369,617466
99,2044,312097,305369,617466
100,2044,312097,305369,617466
0,2044,289659,274603,564262
1,2044,289659,274603,564262
2,2044,289665,274603,564268
3,2044,290131,274992,565123
4,2044,290075,275018,565093
5,2044,290517,275453,565970
6,2044,291142,275727,566869
7,2044,291129,275727,566856
8,2044,291983,276029,568012
9,2044,291141,275810,566951
10,2044,291146,275616,566762
11,2044,292016,276074,568090
12,2044,292897,276138,569035
13,2044,294262,276019,570281
14,2044,294683,275572,570255
15,2044,297679,275397,573076
16,2044,295993,275946,571939
17,2044,298812,276626,575438
18,2044,303893,278118,582011
19,2044,307392,280296,587688
20,2044,308113,280287,588400
21,2044,310267,280533,590800
22,2044,310619,280734,591353
23,2044,310685,280734,591419
24,2044,310685,280734,591419
25,2044,310685,280734,591419
26,2044,310685,280734,591419
27,2044,310685,280734,591419
28,2044,310685,280734,591419
29,2044,310685,280734,591419
30,2044,310685,280734,591419
31,2044,310685,280734,591419
32,2044,310685,280734,591419
33,2044,310685,280734,591419
34,2044,310685,280734,591419
35,2044,310685,280734,591419
36,2044,310685,280734,591419
37,2044,310706,280734,591440
38,2044,310706,280734,591440
39,2044,310706,280734,591440
40,2044,310706,280734,591440
41,2044,311060,280758,591818
42,2044,311060,280758,591818
43,2044,311060,280758,591818
44,2044,310515,280639,591154
45,2044,310515,280639,591154
46,2044,310557,280639,591196
47,2044,310557,280639,591196
48,2044,310557,280639,591196
49,2044,310557,280639,591196
50,2044,310557,280639,591196
51,2044,310557,280639,591196
52,2044,310557,280639,591196
53,2044,310557,280639,591196
54,2044,310557,280639,591196
55,2044,310557,280639,591196
56,2044,310557,280639,591196
57,2044,310557,280639,591196
58,2044,310557,280639,591196
59,2044,310557,280639,591196
60,2044,310557,280639,591196
61,2044,310557,280639,591196
62,2044,310557,280639,591196
63,2044,310910,280639,591549
64,2044,310761,280639,591400
65,2044,311033,280639,591672
66,2044,311135,280672,591807
67,2044,310932,280639,591571
68,2044,311116,280771,591887
69,2044,311041,280703,591744
70,2044,310992,280666,591658
71,2044,310516,280639,591155
72,2044,310473,280639,591112
73,2044,311008,280697,591705
74,2044,311008,280697,591705
75,2044,311008,280697,591705
76,2044,311008,280697,591705
77,2044,311008,280697,591705
78,2044,314470,302480,616950
79,2044,314144,302411,616555
80,2044,314352,302829,617181
81,2044,316242,304224,620466
82,2044,316242,304224,620466
83,2044,316242,304224,620466
84,2044,316242,304224,620466
85,2044,316242,304224,620466
86,2044,316242,304224,620466
87,2044,316242,304224,620466
88,2044,316242,304224,620466
89,2044,316242,304224,620466
90,2044,316242,304224,620466
91,2044,316242,304224,620466
92,2044,316242,304224,620466
93,2044,316242,304224,620466
94,2044,316242,304224,620466
95,2044,316242,304224,620466
96,2044,316242,304224,620466
97,2044,316242,304224,620466
98,2044,316242,304224,620466
99,2044,316242,304224,620466
100,2044,316242,304224,620466
0,2044,289139,272661,561800
1,2044,289139,272661,561800
2,2044,289140,272661,561801
3,2044,289119,272764,561883
4,2044,289360,272455,561815
5,2044,290329,273837,564166
6,2044,290582,275044,565626
7,2044,290513,275001,565514
8,2044,291822,275327,567149
9,2044,292040,275205,567245
10,2044,290765,275121,565886
11,2044,291646,275629,567275
12,2044,292463,275852,568315
13,2044,293960,275907,569867
14,2044,294086,274870,568956
15,2044,297101,275906,573007
16,2044,295988,275549,571537
17,2044,299178,275915,575093
18,2044,303074,277430,580504
19,2044,305532,280384,585916
20,2044,307797,280492,588289
21,2044,309263,280395,589658
22,2044,309846,280601,590447
23,2044,310066,280601,590667
24,2044,310068,280601,590669
25,2044,310068,280601,590669
26,2044,310068,280601,590669
27,2044,310068,280601,590669
28,2044,310068,280601,590669
29,2044,310068,280601,590669
30,2044,310068,280601,590669
31,2044,310068,280601,590669
32,2044,310068,280601,590669
33,2044,310068,280601,590669
34,2044,310068,280601,590669
35,2044,310068,280601,590669
36,2044,310068,280601,590669
37,2044,310106,280601,590707
38,2044,310106,280601,590707
39,2044,310106,280601,590707
40,2044,310106,280601,590707
41,2044,310504,280601,591105
42,2044,310504,280601,591105
43,2044,310504,280601,591105
44,2044,310371,280615,590986
45,2044,310371,280615,590986
46,2044,310431,280601,591032
47,2044,310431,280601,591032
48,2044,310431,280601,591032
49,2044,310431,280601,591032
50,2044,310431,280601,591032
51,2044,310431,280601,591032
52,2044,310431,280601,591032
53,2044,310431,280601,591032
54,2044,310431,280601,591032
55,2044,310431,280601,591032
56,2044,310431,280601,591032
57,2044,310431,280601,591032
58,2044,310431,280601,591032
59,2044,310431,280601,591032
60,2044,310425,280601,591026
61,2044,310396,280601,590997
62,2044,310384,280601,590985
63,2044,310452,280601,591053
64,2044,310622,280615,591237
65,2044,310565,280615,591180
66,2044,310466,280601,591067
67,2044,310560,280601,591161
68,2044,310503,280601,591104
69,2044,310459,280601,591060
70,2044,310415,280601,591016
71,2044,310321,280601,590922
72,2044,310394,280611,591005
73,2044,310297,280601,590898
74,2044,310297,280601,590898
75,2044,310297,280601,590898
76,2044,310297,280601,590898
77,2044,310297,280601,590898
78,2044,316765,303090,619855
79,2044,316576,303067,619643
80,2044,316701,303735,620436
81,2044,316971,305349,622320
82,2044,316971,305349,622320
83,2044,316971,305349,622320
84,2044,316971,305349,622320
85,2044,316971,305349,622320
86,2044,316971,305349,622320
87,2044,316971,305349,622320
88,2044,316971,305349,622320
89,2044,316971,305349,622320
90,2044,316971,305349,622320
91,2044,316971,305349,622320
92,2044,316971,305349,622320
93,2044,316971,305349,622320
94,2044,316971,305349,622320
95,2044,316971,305349,622320
96,2044,316971,305349,622320
97,2044,316971,305349,622320
98,2044,316971,305349,622320
99,2044,316971,305349,622320
100,2044,316971,305349,622320
0,2044,290394,273022,563416
1,2044,290394,272960,563354
2,2044,290359,272960,563319
3,2044,290259,272886,563145
4,2044,290454,272808,563262
5,2044,291611,274441,566052
6,2044,290844,274238,565082
7,2044,290993,274439,565432
8,2044,292558,275788,568346
9,2044,292683,276220,568903
10,2044,290916,274282,565198
11,2044,292270,275799,568069
12,2044,292527,276121,568648
13,2044,293904,275836,569740
14,2044,293814,275619,569433
15,2044,296491,275550,572041
16,2044,296013,275404,571417
17,2044,300549,276014,576563
18,2044,303703,277256,580959
19,2044,304886,279668,584554
20,2044,307763,280642,588405
21,2044,308577,280432,589009
22,2044,309209,280601,589810
23,2044,309657,280601,590258
24,2044,309658,280601,590259
25,2044,309658,280601,590259
26,2044,309658,280601,590259
27,2044,309658,280601,590259
28,2044,309658,280601,590259
29,2044,309658,280601,590259
30,2044,309658,280601,590259
31,2044,309658,280601,590259
32,2044,309658,280601,590259
33,2044,309658,280601,590259
34,2044,309658,280601,590259
35,2044,309658,280601,590259
36,2044,309658,280601,590259
37,2044,309666,280681,590347
38,2044,309666,280681,590347
39,2044,309666,280681,590347
40,2044,309666,280681,590347
41,2044,310400,280705,591105
42,2044,310400,280705,591105
43,2044,310400,280705,591105
44,2044,310418,280719,591137
45,2044,310418,280719,591137
46,2044,310454,280719,591173
47,2044,310454,280719,591173
48,2044,310454,280719,591173
49,2044,310454,280719,591173
50,2044,310454,280719,591173
51,2044,310454,280719,591173
52,2044,310454,280719,591173
53,2044,310454,280719,591173
54,2044,310454,280719,591173
55,2044,310454,280719,591173
56,2044,310454,280719,591173
57,2044,310454,280719,591173
58,2044,310454,280719,591173
59,2044,310454,280719,591173
60,2044,310454,280719,591173
61,2044,310425,280719,591144
62,2044,310355,280719,591074
63,2044,310557,280719,591276
64,2044,310622,280709,591331
65,2044,310657,280709,591366
66,2044,310551,280719,591270
67,2044,310578,280709,591287
68,2044,310595,280719,591314
69,2044,310527,280719,591246
70,2044,310501,280719,591220
71,2044,310167,280719,590886
72,2044,310365,280719,591084
73,2044,310097,280705,590802
74,2044,310097,280705,590802
75,2044,310097,280705,590802
76,2044,310097,280705,590802
77,2044,310097,280705,590802
78,2044,316031,304649,620680
79,2044,316015,304523,620538
80,2044,316491,304884,621375
81,2044,317021,307179,624200
82,2044,317021,307179,624200
83,2044,317021,307179,624200
84,2044,317021,307179,624200
85,2044,317021,307179,624200
86,2044,317021,307179,624200
87,2044,317021,307179,624200
88,2044,317021,307179,624200
89,2044,317021,307179,624200
90,2044,317021,307179,624200
91,2044,317021,307179,624200
92,2044,317021,307179,624200
93,2044,317021,307179,624200
94,2044,317021,307179,624200
95,2044,317021,307179,624200
96,2044,317021,307179,624200
97,2044,317021,307179,624200
98,2044,317021,307179,624200
99,2044,317021,307179,624200
100,2044,317021,307179,624200
0,2044,291389,273588,564977
1,2044,291361,273588,564949
2,2044,291342,273588,564930
3,2044,290486,273473,563959
4,2044,291427,273538,564965
5,2044,292690,275544,568234
6,2044,291841,274747,566588
7,2044,291918,275199,567117
8,2044,292254,275800,568054
9,2044,291248,275379,566627
10,2044,292120,274848,566968
11,2044,292386,276244,568630
12,2044,292471,275750,568221
13,2044,293842,275635,569477
14,2044,294684,275923,570607
15,2044,295202,274951,570153
16,2044,296309,275544,571853
17,2044,300680,275961,576641
18,2044,306176,277396,583572
19,2044,304844,279082,583926
20,2044,307760,280252,588012
21,2044,308575,280608,589183
22,2044,309265,280695,589960
23,2044,309759,280695,590454
24,2044,309761,280695,590456
25,2044,309761,280695,590456
26,2044,309761,280695,590456
27,2044,309761,280695,590456
28,2044,309761,280695,590456
29,2044,309761,280695,590456
30,2044,309761,280695,590456
31,2044,309761,280695,590456
32,2044,309761,280695,590456
33,2044,309761,280695,590456
34,2044,309761,280695,590456
35,2044,309761,280695,590456
36,2044,309761,280695,590456
37,2044,309760,280695,590455
38,2044,309760,280695,590455
39,2044,309760,280695,590455
40,2044,309760,280695,590455
41,2044,310532,280719,591251
42,2044,310532,280719,591251
43,2044,310532,280719,591251
44,2044,310612,280709,591321
45,2044,310612,280709,591321
46,2044,310612,280709,591321
47,2044,310612,280709,591321
48,2044,310612,280709,591321
49,2044,310612,280709,591321
50,2044,310612,280709,591321
51,2044,310612,280709,591321
52,2044,310612,280709,591321
53,2044,310612,280709,591321
54,2044,310612,280709,591321
55,2044,310612,280709,591321
56,2044,310612,280709,591321
57,2044,310612,280709,591321
58,2044,310612,280709,591321
59,2044,310612,280709,591321
60,2044,310612,280709,591321
61,2044,310583,280709,591292
62,2044,310342,280719,591061
63,2044,310663,280709,591372
64,2044,310791,280709,591500
65,2044,310817,280709,591526
66,2044,310711,280709,591420
67,2044,310719,280709,591428
68,2044,310627,280709,591336
69,2044,310569,280709,591278
70,2044,310553,280709,591262
71,2044,310114,280719,590833
72,2044,310402,280719,591121
73,2044,310099,280695,590794
74,2044,310099,280695,590794
75,2044,310099,280695,590794
76,2044,310099,280695,590794
77,2044,310099,280695,590794
78,2044,316416,306500,622916
79,2044,316414,306851,623265
80,2044,317112,306603,623715
81,2044,320548,305311,625859
82,2044,320548,305311,625859
83,2044,320548,305311,625859
84,2044,320548,305311,625859
85,2044,320548,305311,625859
86,2044,320548,305311,625859
87,2044,320548,305311,625859
88,2044,320548,305311,625859
89,2044,320548,305311,625859
90,2044,320548,305311,625859
91,2044,320548,305311,625859
92,2044,320548,305311,625859
93,2044,320548,305311,625859
94,2044,320548,305311,625859
95,2044,320548,305311,625859
96,2044,320548,305311,625859
97,2044,320548,305311,625859
98,2044,320548,305311,625859
99,2044,320548,305311,625859
100,2044,320548,305311,625859
0,2044,292751,275522,568273
1,2044,292768,275518,568286
2,2044,292769,275518,568287
3,2044,291789,274356,566145
4,2044,293025,274710,567735
5,2044,292813,276399,569212
6,2044,292765,276223,568988
7,2044,292672,276268,568940
8,2044,292330,276276,568606
9,2044,291393,275989,567382
10,2044,292673,276157,568830
11,2044,291584,275622,567206
12,2044,292581,275830,568411
13,2044,294134,275933,570067
14,2044,295041,276344,571385
15,2044,297727,275310,573037
16,2044,296109,275747,571856
17,2044,313874,275931,589805
18,2044,305144,277547,582691
19,2044,305947,279202,585149
20,2044,308539,280233,588772
21,2044,309150,280634,589784
22,2044,309340,280727,590067
23,2044,309735,280695,590430
24,2044,309736,280695,590431
25,2044,309736,280695,590431
26,2044,309736,280695,590431
27,2044,309736,280695,590431
28,2044,309736,280695,590431
29,2044,309736,280695,590431
30,2044,309736,280695,590431
31,2044,309736,280695,590431
32,2044,309736,280695,590431
33,2044,309736,280695,590431
34,2044,309736,280695,590431
35,2044,309736,280695,590431
36,2044,309736,280695,590431
37,2044,309736,280695,590431
38,2044,309736,280695,590431
39,2044,309736,280695,590431
40,2044,309736,280695,590431
41,2044,310615,280709,591324
42,2044,310615,280709,591324
43,2044,310615,280709,591324
44,2044,310580,280709,591289
45,2044,310580,280709,591289
46,2044,310589,280709,591298
47,2044,310589,280709,591298
48,2044,310589,280709,591298
49,2044,310589,280709,591298
50,2044,310589,280709,591298
51,2044,310589,280709,591298
52,2044,310589,280709,591298
53,2044,310589,280709,591298
54,2044,310589,280709,591298
55,2044,310589,280709,591298
56,2044,310589,280709,591298
57,2044,310589,280709,591298
58,2044,310589,280709,591298
59,2044,310589,280709,591298
60,2044,310589,280709,591298
61,2044,310560,280709,591269
62,2044,310362,280719,591081
63,2044,310688,280709,591397
64,2044,310777,280709,591486
65,2044,310815,280709,591524
66,2044,310706,280709,591415
67,2044,310743,280709,591452
68,2044,310757,280709,591466
69,2044,310692,280709,591401
70,2044,310676,280709,591385
71,2044,310183,280695,590878
72,2044,310549,280719,591268
73,2044,310133,280695,590828
74,2044,310133,280695,590828
75,2044,310133,280695,590828
76,2044,310133,280695,590828
77,2044,310133,280695,590828
78,2044,319143,305453,624596
79,2044,319327,305676,625003
80,2044,319274,305068,624342
81,2044,318978,306401,625379
82,2044,318978,306401,625379
83,2044,318978,306401,625379
84,2044,318978,306401,625379
85,2044,318978,306401,625379
86,2044,318978,306401,625379
87,2044,318978,306401,625379
88,2044,318978,306401,625379
89,2044,318978,306401,625379
90,2044,318978,306401,625379
91,2044,318978,306401,625379
92,2044,318978,306401,625379
93,2044,318978,306401,625379
94,2044,318978,306401,625379
95,2044,318978,306401,625379
96,2044,318978,306401,625379
97,2044,318978,306401,625379
98,2044,318978,306401,625379
99,2044,318978,306401,625379
100,2044,318978,306401,625379
0,2044,292327,275510,567837
1,2044,292327,275659,567986
2,2044,292320,275647,567967
3,2044,292875,275527,568402
4,2044,292828,275721,568549
5,2044,291154,274409,565563
6,2044,291431,275516,566947
7,2044,291405,275336,566741
8,2044,290990,275061,566051
9,2044,292128,275695,567823
10,2044,291559,275769,567328
11,2044,291377,275586,566963
12,2044,293155,276000,569155
13,2044,294189,275958,570147
14,2044,295769,275717,571486
15,2044,297153,275649,572802
16,2044,295944,275372,571316
17,2044,307331,276682,584013
18,2044,304499,277441,581940
19,2044,307335,279222,586557
20,2044,309367,280247,589614
21,2044,309425,280514,589939
22,2044,309452,280752,590204
23,2044,309762,280695,590457
24,2044,309764,280695,590459
25,2044,309764,280695,590459
26,2044,309764,280695,590459
27,2044,309764,280695,590459
28,2044,309764,280695,590459
29,2044,309764,280695,590459
30,2044,309764,280695,590459
31,2044,309764,280695,590459
32,2044,309764,280695,590459
33,2044,309764,280695,590459
34,2044,309764,280695,590459
35,2044,309764,280695,590459
36,2044,309764,280695,590459
37,2044,309738,280695,590433
38,2044,309738,280695,590433
39,2044,309738,280695,590433
40,2044,309738,280695,590433
41,2044,310581,280709,591290
42,2044,310581,280709,591290
43,2044,310581,280709,591290
44,2044,310522,280709,591231
45,2044,310522,280709,591231
46,2044,310522,280709,591231
47,2044,310522,280709,591231
48,2044,310522,280709,591231
49,2044,310522,280709,591231
50,2044,310522,280709,591231
51,2044,310522,280709,591231
52,2044,310522,280709,591231
53,2044,310522,280709,591231
54,2044,310522,280709,591231
55,2044,310522,280709,591231
56,2044,310522,280709,591231
57,2044,310522,280709,591231
58,2044,310522,280709,591231
59,2044,310522,280709,591231
60,2044,310522,280709,591231
61,2044,310493,280709,591202
62,2044,310500,280719,591219
63,2044,310622,280709,591331
64,2044,310711,280709,591420
65,2044,310854,280709,591563
66,2044,310736,280709,591445
67,2044,310677,280709,591386
68,2044,310743,280709,591452
69,2044,310668,280709,591377
70,2044,310642,280709,591351
71,2044,310117,280719,590836
72,2044,310404,280709,591113
73,2044,310176,280695,590871
74,2044,310176,280695,590871
75,2044,310176,280695,590871
76,2044,310176,280695,590871
77,2044,310176,280695,590871
78,2044,317218,306629,623847
79,2044,317604,306070,623674
80,2044,317715,306312,624027
81,2044,319435,304795,624230
82,2044,319435,304795,624230
83,2044,319435,304795,624230
84,2044,319435,304795,624230
85,2044,319435,304795,624230
86,2044,319435,304795,624230
87,2044,319435,304795,624230
88,2044,319435,304795,624230
89,2044,319435,304795,624230
90,2044,319435,304795,624230
91,2044,319435,304795,624230
92,2044,319435,304795,624230
93,2044,319435,304795,624230
94,2044,319435,304795,624230
95,2044,319435,304795,624230
96,2044,319435,304795,624230
97,2044,319435,304795,624230
98,2044,319435,304795,624230
99,2044,319435,304795,624230
100,2044,319435,304795,624230
0,2044,292237,275533,567770
1,2044,292258,275489,567747
2,2044,292255,275489,567744
3,2044,292520,275565,568085
4,2044,292646,275922,568568
5,2044,290941,274761,565702
6,2044,291650,275540,567190
7,2044,291571,275602,567173
8,2044,290150,274568,564718
9,2044,292443,275886,568329
10,2044,291915,275595,567510
11,2044,292561,275926,568487
12,2044,293011,276402,569413
13,2044,293947,275772,569719
14,2044,294479,275523,570002
15,2044,297722,275788,573510
16,2044,296132,275359,571491
17,2044,303346,276680,580026
18,2044,304374,277451,581825
19,2044,307952,279352,587304
20,2044,309700,280525,590225
21,2044,308980,280464,589444
22,2044,309470,280601,590071
23,2044,309775,280616,590391
24,2044,309777,280616,590393
25,2044,309777,280616,590393
26,2044,309777,280616,590393
27,2044,309777,280616,590393
28,2044,309777,280616,590393
29,2044,309777,280616,590393
30,2044,309777,280616,590393
31,2044,309777,280616,590393
32,2044,309777,280616,590393
33,2044,309777,280616,590393
34,2044,309777,280616,590393
35,2044,309777,280616,590393
36,2044,309777,280616,590393
37,2044,309777,280616,590393
38,2044,309777,280616,590393
39,2044,309777,280616,590393
40,2044,309777,280616,590393
41,2044,310522,280709,591231
42,2044,310522,280709,591231
43,2044,310522,280709,591231
44,2044,310523,280709,591232
45,2044,310523,280709,591232
46,2044,310523,280709,591232
47,2044,310523,280709,591232
48,2044,310523,280709,591232
49,2044,310523,280709,591232
50,2044,310523,280709,591232
51,2044,310523,280709,591232
52,2044,310523,280709,591232
53,2044,310523,280709,591232
54,2044,310523,280709,591232
55,2044,310523,280709,591232
56,2044,310523,280709,591232
57,2044,310523,280709,591232
58,2044,310523,280709,591232
59,2044,310523,280709,591232
60,2044,310523,280709,591232
61,2044,310494,280709,591203
62,2044,310481,280709,591190
63,2044,310622,280709,591331
64,2044,310711,280709,591420
65,2044,310728,280709,591437
66,2044,310677,280709,591386
67,2044,310677,280709,591386
68,2044,310677,280709,591386
69,2044,310602,280709,591311
70,2044,310576,280709,591285
71,2044,310117,280695,590812
72,2044,310481,280719,591200
73,2044,310143,280719,590862
74,2044,310143,280719,590862
75,2044,310143,280719,590862
76,2044,310143,280719,590862
77,2044,310143,280719,590862
78,2044,319280,304872,624152
79,2044,317218,306403,623621
80,2044,318885,305538,624423
81,2044,315816,304901,620717
82,2044,315816,304901,620717
83,2044,315816,304901,620717
84,2044,315816,304901,620717
85,2044,315816,304901,620717
86,2044,315816,304901,620717
87,2044,315816,304901,620717
88,2044,315816,304901,620717
89,2044,315816,304901,620717
90,2044,315816,304901,620717
91,2044,315816,304901,620717
92,2044,315816,304901,620717
93,2044,315816,304901,620717
94,2044,315816,304901,620717
95,2044,315816,304901,620717
96,2044,315816,304901,620717
97,2044,315816,304901,620717
98,2044,315816,304901,620717
99,2044,315816,304901,620717
100,2044,315816,304901,620717
0,2044,292050,274642,566692
1,2044,291992,274566,566558
2,2044,292049,274566,566615
3,2044,292288,275393,567681
4,2044,292350,275433,567783
5,2044,291665,275418,567083
6,2044,292616,275683,568299
7,2044,292591,275714,568305
8,2044,289388,272724,562112
9,2044,292120,275796,567916
10,2044,292494,275697,568191
11,2044,292571,276455,569026
12,2044,292461,275605,568066
13,2044,293891,275625,569516
14,2044,294576,275565,570141
15,2044,296947,275357,572304
16,2044,296197,275623,571820
17,2044,302139,276579,578718
18,2044,304368,277408,581776
19,2044,309074,279536,588610
20,2044,308796,280425,589221
21,2044,308818,280514,589332
22,2044,309431,280601,590032
23,2044,309749,280616,590365
24,2044,309751,280616,590367
25,2044,309751,280616,590367
26,2044,309751,280616,590367
27,2044,309751,280616,590367
28,2044,309751,280616,590367
29,2044,309751,280616,590367
30,2044,309751,280616,590367
31,2044,309751,280616,590367
32,2044,309751,280616,590367
33,2044,309751,280616,590367
34,2044,309751,280616,590367
35,2044,309751,280616,590367
36,2044,309751,280616,590367
37,2044,309751,280616,590367
38,2044,309751,280616,590367
39,2044,309751,280616,590367
40,2044,309751,280616,590367
41,2044,310523,280709,591232
42,2044,310523,280709,591232
43,2044,310523,280709,591232
44,2044,310523,280709,591232
45,2044,310523,280709,591232
46,2044,310523,280709,591232
47,2044,310523,280709,591232
48,2044,310523,280709,591232
49,2044,310523,280709,591232
50,2044,310523,280709,591232
51,2044,310523,280709,591232
52,2044,310523,280709,591232
53,2044,310523,280709,591232
54,2044,310523,280709,591232
55,2044,310523,280709,591232
56,2044,310523,280709,591232
57,2044,310523,280709,591232
58,2044,310523,280709,591232
59,2044,310523,280709,591232
60,2044,310523,280709,591232
61,2044,310502,280709,591211
62,2044,310533,280709,591242
63,2044,310629,280709,591338
64,2044,310711,280709,591420
65,2044,310748,280709,591457
66,2044,310677,280709,591386
67,2044,310677,280709,591386
68,2044,310677,280709,591386
69,2044,310602,280709,591311
70,2044,310576,280709,591285
71,2044,310117,280695,590812
72,2044,310465,280709,591174
73,2044,310117,280719,590836
74,2044,310117,280719,590836
75,2044,310117,280719,590836
76,2044,310117,280719,590836
77,2044,310117,280719,590836
78,2044,317018,305496,622514
79,2044,319763,304916,624679
80,2044,316558,305659,622217
81,2044,315093,304229,619322
82,2044,315093,304229,619322
83,2044,315093,304229,619322
84,2044,315093,304229,619322
85,2044,315093,304229,619322
86,2044,315093,304229,619322
87,2044,315093,304229,619322
88,2044,315093,304229,619322
89,2044,315093,304229,619322
90,2044,315093,304229,619322
91,2044,315093,304229,619322
92,2044,315093,304229,619322
93,2044,315093,304229,619322
94,2044,315093,304229,619322
95,2044,315093,304229,619322
96,2044,315093,304229,619322
97,2044,315093,304229,619322
98,2044,315093,304229,619322
99,2044,315093,304229,619322
100,2044,315093,304229,619322
0,2044,292467,275809,568276
1,2044,292460,275777,568237
2,2044,292457,275777,568234
3,2044,292245,275154,567399
4,2044,292274,275644,567918
5,2044,292620,276606,569226
6,2044,292731,276392,569123
7,2044,292547,276434,568981
8,2044,290424,273014,563438
9,2044,292125,275680,567805
10,2044,292649,276206,568855
11,2044,291627,275325,566952
12,2044,292214,276093,568307
13,2044,294275,275933,570208
14,2044,294898,275677,570575
15,2044,296696,275498,572194
16,2044,296083,275608,571691
17,2044,302392,276114,578506
18,2044,304800,277408,582208
19,2044,308341,280112,588453
20,2044,308246,280444,588690
21,2044,308721,280514,589235
22,2044,309400,280616,590016
23,2044,309775,280616,590391
24,2044,309777,280616,590393
25,2044,309777,280616,590393
26,2044,309777,280616,590393
27,2044,309777,280616,590393
28,2044,309777,280616,590393
29,2044,309777,280616,590393
30,2044,309777,280616,590393
31,2044,309777,280616,590393
32,2044,309777,280616,590393
33,2044,309777,280616,590393
34,2044,309777,280616,590393
35,2044,309777,280616,590393
36,2044,309777,280616,590393
37,2044,309751,280616,590367
38,2044,309751,280616,590367
39,2044,309751,280616,590367
40,2044,309751,280616,590367
41,2044,310523,280709,591232
42,2044,310523,280709,591232
43,2044,310523,280709,591232
44,2044,310523,280709,591232
45,2044,310523,280709,591232
46,2044,310523,280709,591232
47,2044,310523,280709,591232
48,2044,310523,280709,591232
49,2044,310523,280709,591232
50,2044,310523,280709,591232
51,2044,310523,280709,591232
52,2044,310523,280709,591232
53,2044,310523,280709,591232
54,2044,310523,280709,591232
55,2044,310523,280709,591232
56,2044,310523,280709,591232
57,2044,310523,280709,591232
58,2044,310523,280709,591232
59,2044,310523,280709,591232
60,2044,310523,280709,591232
61,2044,310502,280709,591211
62,2044,310490,280709,591199
63,2044,310629,280709,591338
64,2044,310711,280709,591420
65,2044,310728,280709,591437
66,2044,310677,280709,591386
67,2044,310677,280709,591386
68,2044,310677,280709,591386
69,2044,310609,280709,591318
70,2044,310583,280709,591292
71,2044,310117,280695,590812
72,2044,310465,280709,591174
73,2044,310117,280695,590812
74,2044,310117,280695,590812
75,2044,310117,280695,590812
76,2044,310117,280695,590812
77,2044,310117,280695,590812
78,2044,315589,306728,622317
79,2044,317850,304290,622140
80,2044,315286,304700,619986
81,2044,313486,303270,616756
82,2044,313486,303270,616756
83,2044,313486,303270,616756
84,2044,313486,303270,616756
85,2044,313486,303270,616756
86,2044,313486,303270,616756
87,2044,313486,303270,616756
88,2044,313486,303270,616756
89,2044,313486,303270,616756
90,2044,313486,303270,616756
91,2044,313486,303270,616756
92,2044,313486,303270,616756
93,2044,313486,303270,616756
94,2044,313486,303270,616756
95,2044,313486,303270,616756
96,2044,313486,303270,616756
97,2044,313486,303270,616756
98,2044,313486,303270,616756
99,2044,313486,303270,616756
100,2044,313486,303270,616756
0,2044,292071,275839,567910
1,2044,292089,275900,567989
2,2044,292086,275900,567986
3,2044,292381,275949,568330
4,2044,292447,276194,568641
5,2044,291076,274117,565193
6,2044,291032,274854,565886
7,2044,290997,274886,565883
8,2044,291455,273560,565015
9,2044,292220,275875,568095
10,2044,291207,275214,566421
11,2044,291288,275553,566841
12,2044,293021,276358,569379
13,2044,294152,276089,570241
14,2044,295132,275773,570905
15,2044,295672,275405,571077
16,2044,296009,275276,571285
17,2044,303498,276207,579705
18,2044,304580,277399,581979
19,2044,307593,280366,587959
20,2044,308648,280447,589095
21,2044,309185,280529,589714
22,2044,309411,280647,590058
23,2044,309775,280616,590391
24,2044,309777,280624,590401
25,2044,309777,280624,590401
26,2044,309777,280624,590401
27,2044,309777,280624,590401
28,2044,309777,280624,590401
29,2044,309777,280624,590401
30,2044,309777,280624,590401
31,2044,309777,280624,590401
32,2044,309777,280624,590401
33,2044,309777,280624,590401
34,2044,309777,280624,590401
35,2044,309777,280624,590401
36,2044,309777,280624,590401
37,2044,309777,280616,590393
38,2044,309777,280616,590393
39,2044,309777,280616,590393
40,2044,309777,280616,590393
41,2044,310523,280709,591232
42,2044,310523,280709,591232
43,2044,310523,280709,591232
44,2044,310523,280709,591232
45,2044,310523,280709,591232
46,2044,310523,280709,591232
47,2044,310523,280709,591232
48,2044,310523,280709,591232
49,2044,310523,280709,591232
50,2044,310523,280709,591232
51,2044,310523,280709,591232
52,2044,310523,280709,591232
53,2044,310523,280709,591232
54,2044,310523,280709,591232
55,2044,310523,280709,591232
56,2044,310523,280709,591232
57,2044,310523,280709,591232
58,2044,310523,280709,591232
59,2044,310523,280709,591232
60,2044,310523,280709,591232
61,2044,310502,280709,591211
62,2044,310482,280709,591191
63,2044,310622,280709,591331
64,2044,310711,280709,591420
65,2044,310776,280709,591485
66,2044,310677,280709,591386
67,2044,310677,280709,591386
68,2044,310677,280709,591386
69,2044,310609,280709,591318
70,2044,310583,280709,591292
71,2044,310117,280695,590812
72,2044,310465,280709,591174
73,2044,310117,280695,590812
74,2044,310117,280695,590812
75,2044,310117,280695,590812
76,2044,310117,280695,590812
77,2044,310117,280695,590812
78,2044,319253,303696,622949
79,2044,314882,303302,618184
80,2044,314483,304209,618692
81,2044,313400,302807,616207
82,2044,313400,302807,616207
83,2044,313400,302807,616207
84,2044,313400,302807,616207
85,2044,313400,302807,616207
86,2044,313400,302807,616207
87,2044,313400,302807,616207
88,2044,313400,302807,616207
89,2044,313400,302807,616207
90,2044,313400,302807,616207
91,2044,313400,302807,616207
92,2044,313400,302807,616207
93,2044,313400,302807,616207
94,2044,313400,302807,616207
95,2044,313400,302807,616207
96,2044,313400,302807,616207
97,2044,313400,302807,616207
98,2044,313400,302807,616207
99,2044,313400,302807,616207
100,2044,313400,302807,616207
0,2044,291929,276118,568047
1,2044,292050,276184,568234
2,2044,292024,276184,568208
3,2044,292099,275673,567772
4,2044,291120,275219,566339
5,2044,290898,274381,565279
6,2044,290201,274869,565070
7,2044,289966,274416,564382
8,2044,293136,274868,568004
9,2044,292151,275983,568134
10,2044,291191,275417,566608
11,2044,292570,276264,568834
12,2044,292503,275712,568215
13,2044,293667,275662,569329
14,2044,296166,275731,571897
15,2044,295497,275115,570612
16,2044,296079,275458,571537
17,2044,303229,276582,579811
18,2044,304477,277399,581876
19,2044,306568,280199,586767
20,2044,308456,280490,588946
21,2044,309412,280464,589876
22,2044,309419,280647,590066
23,2044,309775,280624,590399
24,2044,309777,280624,590401
25,2044,309777,280624,590401
26,2044,309777,280624,590401
27,2044,309777,280624,590401
28,2044,309777,280624,590401
29,2044,309777,280624,590401
30,2044,309777,280624,590401
31,2044,309777,280624,590401
32,2044,309777,280624,590401
33,2044,309777,280624,590401
34,2044,309777,280624,590401
35,2044,309777,280624,590401
36,2044,309777,280624,590401
37,2044,309777,280624,590401
38,2044,309777,280624,590401
39,2044,309777,280624,590401
40,2044,309777,280624,590401
41,2044,310523,280709,591232
42,2044,310523,280709,591232
43,2044,310523,280709,591232
44,2044,310523,280709,591232
45,2044,310523,280709,591232
46,2044,310523,280709,591232
47,2044,310523,280709,591232
48,2044,310523,280709,591232
49,2044,310523,280709,591232
50,2044,310523,280709,591232
51,2044,310523,280709,591232
52,2044,310523,280709,591232
53,2044,310523,280709,591232
54,2044,310523,280709,591232
55,2044,310523,280709,591232
56,2044,310523,280709,591232
57,2044,310523,280709,591232
58,2044,310523,280709,591232
59,2044,310523,280709,591232
60,2044,310523,280709,591232
61,2044,310502,280709,591211
62,2044,310542,280709,591251
63,2044,310622,280709,591331
64,2044,310711,280709,591420
65,2044,310776,280709,591485
66,2044,310677,280709,591386
67,2044,310677,280709,591386
68,2044,310677,280709,591386
69,2044,310609,280709,591318
70,2044,310583,280709,591292
71,2044,310117,280695,590812
72,2044,310465,280709,591174
73,2044,310117,280695,590812
74,2044,310117,280695,590812
75,2044,310117,280695,590812
76,2044,310117,280695,590812
77,2044,310117,280695,590812
78,2044,315391,302409,617800
79,2044,313281,301886,615167
80,2044,313582,303403,616985
81,2044,313300,302781,616081
82,2044,313300,302781,616081
83,2044,313300,302781,616081
84,2044,313300,302781,616081
85,2044,313300,302781,616081
86,2044,313300,302781,616081
87,2044,313300,302781,616081
88,2044,313300,302781,616081
89,2044,313300,302781,616081
90,2044,313300,302781,616081
91,2044,313300,302781,616081
92,2044,313300,302781,616081
93,2044,313300,302781,616081
94,2044,313300,302781,616081
95,2044,313300,302781,616081
96,2044,313300,302781,616081
97,2044,313300,302781,616081
98,2044,313300,302781,616081
99,2044,313300,302781,616081
100,2044,313300,302781,616081
0,2044,290678,274865,565543
1,2044,290646,274600,565246
2,2044,290646,274600,565246
3,2044,292028,275935,567963
4,2044,290806,274931,565737
5,2044,291693,275335,567028
6,2044,289512,272972,562484
7,2044,289426,272773,562199
8,2044,292970,275895,568865
9,2044,292042,275514,567556
10,2044,292198,275741,567939
11,2044,291715,275941,567656
12,2044,292280,275815,568095
13,2044,293958,275737,569695
14,2044,295390,275951,571341
15,2044,295576,275625,571201
16,2044,296316,275830,572146
17,2044,302965,276281,579246
18,2044,304630,277408,582038
19,2044,305272,279385,584657
20,2044,308843,280475,589318
21,2044,308966,280464,589430
22,2044,309419,280616,590035
23,2044,309775,280616,590391
24,2044,309777,280616,590393
25,2044,309777,280616,590393
26,2044,309777,280616,590393
27,2044,309777,280616,590393
28,2044,309777,280616,590393
29,2044,309777,280616,590393
30,2044,309777,280616,590393
31,2044,309777,280616,590393
32,2044,309777,280616,590393
33,2044,309777,280616,590393
34,2044,309777,280616,590393
35,2044,309777,280616,590393
36,2044,309777,280616,590393
37,2044,309777,280616,590393
38,2044,309777,280616,590393
39,2044,309777,280616,590393
40,2044,309777,280616,590393
41,2044,310523,280709,591232
42,2044,310523,280709,591232
43,2044,310523,280709,591232
44,2044,310523,280709,591232
45,2044,310523,280709,591232
46,2044,310523,280709,591232
47,2044,310523,280709,591232
48,2044,310523,280709,591232
49,2044,310523,280709,591232
50,2044,310523,280709,591232
51,2044,310523,280709,591232
52,2044,310523,280709,591232
53,2044,310523,280709,591232
54,2044,310523,280709,591232
55,2044,310523,280709,591232
56,2044,310523,280709,591232
57,2044,310523,280709,591232
58,2044,310523,280709,591232
59,2044,310523,280709,591232
60,2044,310523,280709,591232
61,2044,310502,280709,591211
62,2044,310490,280709,591199
63,2044,310629,280709,591338
64,2044,310711,280709,591420
65,2044,310776,280709,591485
66,2044,310677,280709,591386
67,2044,310677,280709,591386
68,2044,310677,280709,591386
69,2044,310609,280709,591318
70,2044,310583,280709,591292
71,2044,310117,280695,590812
72,2044,310465,280709,591174
73,2044,310117,280695,590812
74,2044,310117,280695,590812
75,2044,310117,280695,590812
76,2044,310117,280695,590812
77,2044,310117,280695,590812
78,2044,314163,302133,616296
79,2044,313574,301568,615142
80,2044,313325,302887,616212
81,2044,314143,304623,618766
82,2044,314143,304623,618766
83,2044,314143,304623,618766
84,2044,314143,304623,618766
85,2044,314143,304623,618766
86,2044,314143,304623,618766
87,2044,314143,304623,618766
88,2044,314143,304623,618766
89,2044,314143,304623,618766
90,2044,314143,304623,618766
91,2044,314143,304623,618766
92,2044,314143,304623,618766
93,2044,314143,304623,618766
94,2044,314143,304623,618766
95,2044,314143,304623,618766
96,2044,314143,304623,618766
97,2044,314143,304623,618766
98,2044,314143,304623,618766
99,2044,314143,304623,618766
100,2044,314143,304623,618766
0,2044,289630,273527,563157
1,2044,289084,272978,562062
2,2044,289096,272978,562074
3,2044,291944,275546,567490
4,2044,290744,274239,564983
5,2044,292628,276596,569224
6,2044,290215,273130,563345
7,2044,290379,273170,563549
8,2044,292789,275868,568657
9,2044,292007,275599,567606
10,2044,292516,276305,568821
11,2044,291831,275642,567473
12,2044,293193,276213,569406
13,2044,294133,275848,569981
14,2044,294756,275557,570313
15,2044,295875,275849,571724
16,2044,296104,275804,571908
17,2044,302976,276373,579349
18,2044,304434,277399,581833
19,2044,305026,279291,584317
20,2044,308802,280475,589277
21,2044,308820,280514,589334
22,2044,309407,280616,590023
23,2044,309775,280624,590399
24,2044,309777,280624,590401
25,2044,309777,280624,590401
26,2044,309777,280624,590401
27,2044,309777,280624,590401
28,2044,309777,280624,590401
29,2044,309777,280624,590401
30,2044,309777,280624,590401
31,2044,309777,280624,590401
32,2044,309777,280624,590401
33,2044,309777,280624,590401
34,2044,309777,280624,590401
35,2044,309777,280624,590401
36,2044,309777,280624,590401
37,2044,309777,280616,590393
38,2044,309777,280616,590393
39,2044,309777,280616,590393
40,2044,309777,280616,590393
41,2044,310523,280709,591232
42,2044,310523,280709,591232
43,2044,310523,280709,591232
44,2044,310523,280709,591232
45,2044,310523,280709,591232
46,2044,310523,280709,591232
47,2044,310523,280709,591232
48,2044,310523,280709,591232
49,2044,310523,280709,591232
50,2044,310523,280709,591232
51,2044,310523,280709,591232
52,2044,310523,280709,591232
53,2044,310523,280709,591232
54,2044,310523,280709,591232
55,2044,310523,280709,591232
56,2044,310523,280709,591232
57,2044,310523,280709,591232
58,2044,310523,280709,591232
59,2044,310523,280709,591232
60,2044,310523,280709,591232
61,2044,310502,280709,591211
62,2044,310482,280709,591191
63,2044,310629,280709,591338
64,2044,310711,280709,591420
65,2044,310776,280709,591485
66,2044,310677,280709,591386
67,2044,310677,280709,591386
68,2044,310677,280709,591386
69,2044,310609,280709,591318
70,2044,310583,280709,591292
71,2044,310117,280695,590812
72,2044,310465,280709,591174
73,2044,310117,280695,590812
74,2044,310117,280695,590812
75,2044,310117,280695,590812
76,2044,310117,280695,590812
77,2044,310117,280695,590812
78,2044,312824,302255,615079
79,2044,312361,301855,614216
80,2044,313545,304204,617749
81,2044,315175,307024,622199
82,2044,315175,307024,622199
83,2044,315175,307024,622199
84,2044,315175,307024,622199
85,2044,315175,307024,622199
86,2044,315175,307024,622199
87,2044,315175,307024,622199
88,2044,315175,307024,622199
89,2044,315175,307024,622199
90,2044,315175,307024,622199
91,2044,315175,307024,622199
92,2044,315175,307024,622199
93,2044,315175,307024,622199
94,2044,315175,307024,622199
95,2044,315175,307024,622199
96,2044,315175,307024,622199
97,2044,315175,307024,622199
98,2044,315175,307024,622199
99,2044,315175,307024,622199
100,2044,315175,307024,622199
0,2044,289931,272729,562660
1,2044,289934,272911,562845
2,2044,289982,272952,562934
3,2044,292195,275576,567771
4,2044,291187,274432,565619
5,2044,291032,274005,565037
6,2044,290574,273727,564301
7,2044,291554,273847,565401
8,2044,292191,275275,567466
9,2044,292300,275900,568200
10,2044,291218,275119,566337
11,2044,292350,275661,568011
12,2044,292533,276111,568644
13,2044,294243,276045,570288
14,2044,294509,275322,569831
15,2044,295696,275954,571650
16,2044,295745,275365,571110
17,2044,302787,276624,579411
18,2044,304700,277408,582108
19,2044,305830,279172,585002
20,2044,308798,280475,589273
21,2044,308721,280514,589235
22,2044,309400,280616,590016
23,2044,309775,280624,590399
24,2044,309777,280624,590401
25,2044,309777,280624,590401
26,2044,309777,280624,590401
27,2044,309777,280624,590401
28,2044,309777,280624,590401
29,2044,309777,280624,590401
30,2044,309777,280624,590401
31,2044,309777,280624,590401
32,2044,309777,280624,590401
33,2044,309777,280624,590401
34,2044,309777,280624,590401
35,2044,309777,280624,590401
36,2044,309777,280624,590401
37,2044,309777,280624,590401
38,2044,309777,280624,590401
39,2044,309777,280624,590401
40,2044,309777,280624,590401
41,2044,310523,280709,591232
42,2044,310523,280709,591232
43,2044,310523,280709,591232
44,2044,310523,280709,591232
45,2044,310523,280709,591232
46,2044,310523,280709,591232
47,2044,310523,280709,591232
48,2044,310523,280709,591232
49,2044,310523,280709,591232
50,2044,310523,280709,591232
51,2044,310523,280709,591232
52,2044,310523,280709,591232
53,2044,310523,280709,591232
54,2044,310523,280709,591232
55,2044,310523,280709,591232
56,2044,310523,280709,591232
57,2044,310523,280709,591232
58,2044,310523,280709,591232
59,2044,310523,280709,591232
60,2044,310523,280709,591232
61,2044,310502,280709,591211
62,2044,310542,280709,591251
63,2044,310622,280709,591331
64,2044,310711,280709,591420
65,2044,310776,280709,591485
66,2044,310677,280709,591386
67,2044,310677,280709,591386
68,2044,310677,280709,591386
69,2044,310609,280709,591318
70,2044,310583,280709,591292
71,2044,310117,280695,590812
72,2044,310465,280709,591174
73,2044,310117,280695,590812
74,2044,310117,280695,590812
75,2044,310117,280695,590812
76,2044,310117,280695,590812
77,2044,310117,280695,590812
78,2044,314312,303031,617343
79,2044,314087,303226,617313
80,2044,313783,305497,619280
81,2044,319234,305827,625061
82,2044,319234,305827,625061
83,2044,319234,305827,625061
84,2044,319234,305827,625061
85,2044,319234,305827,625061
86,2044,319234,305827,625061
87,2044,319234,305827,625061
88,2044,319234,305827,625061
89,2044,319234,305827,625061
90,2044,319234,305827,625061
91,2044,319234,305827,625061
92,2044,319234,305827,625061
93,2044,319234,305827,625061
94,2044,319234,305827,625061
95,2044,319234,305827,625061
96,2044,319234,305827,625061
97,2044,319234,305827,625061
98,2044,319234,305827,625061
99,2044,319234,305827,625061
100,2044,319234,305827,625061
0,2044,268199,238812,507011
1,2044,268193,238812,507005
2,2044,268193,238817,507010
3,2044,268042,238817,506859
4,2044,265370,244004,509374
5,2044,277894,239445,517339
6,2044,267191,239841,507032
7,2044,267196,244468,511664
8,2044,270016,244152,514168
9,2044,268925,244052,512977
10,2044,291305,275231,566536
11,2044,292658,276470,569128
12,2044,266779,244657,511436
13,2044,293818,275668,569486
14,2044,269645,264387,534032
15,2044,278537,264822,543359
16,2044,296065,275365,571430
17,2044,304169,296583,600752
18,2044,307116,295281,602397
19,2044,310120,294437,604557
20,2044,310108,295908,606016
21,2044,311062,292798,603860
22,2044,311376,293627,605003
23,2044,311830,301724,613554
24,2044,313226,303708,616934
25,2044,356439,378118,734557
26,2044,465818,459135,924953
27,2044,471113,459668,930781
28,2044,471113,459668,930781
29,2044,471113,459668,930781
30,2044,464977,458848,923825
31,2044,468860,460027,928887
32,2044,469023,460412,929435
33,2044,469102,460412,929514
34,2044,477391,463686,941077
35,2044,478055,465595,943650
36,2044,479666,469676,949342
37,2044,480425,470591,951016
38,2044,481291,474292,955583
39,2044,482539,474625,957164
40,2044,484656,478643,963299
41,2044,484855,480287,965142
42,2044,485053,483142,968195
43,2044,356318,378640,734958
44,2044,356457,378690,735147
45,2044,356519,378690,735209
46,2044,356519,378690,735209
47,2044,357200,378690,735890
48,2044,357200,378690,735890
49,2044,357200,378690,735890
50,2044,357200,378690,735890
51,2044,357213,378690,735903
52,2044,356633,378690,735323
53,2044,357213,378690,735903
54,2044,357213,378690,735903
55,2044,357213,378690,735903
56,2044,315885,305769,621654
57,2044,315885,305769,621654
58,2044,315885,305769,621654
59,2044,315709,305769,621478
60,2044,315709,305769,621478
61,2044,315726,305769,621495
62,2044,315774,305769,621543
63,2044,315948,305769,621717
64,2044,315983,305769,621752
65,2044,315983,305769,621752
66,2044,315983,305769,621752
67,2044,312976,304841,617817
68,2044,283134,304564,587698
69,2044,282997,304318,587315
70,2044,277638,304160,581798
71,2044,270964,306348,577312
72,2044,282486,304318,586804
73,2044,270563,305097,575660
74,2044,270221,305097,575318
75,2044,270219,305296,575515
76,2044,272545,304520,577065
77,2044,281919,279022,560941
78,2044,314406,303350,617756
79,2044,314694,303919,618613
80,2044,310482,313401,623883
81,2044,315143,306720,621863
82,2044,306333,202690,509023
83,2044,306333,202690,509023
84,2044,306333,202780,509113
85,2044,306333,206240,512573
86,2044,306333,197748,504081
87,2044,306333,195285,501618
88,2044,306333,195285,501618
89,2044,306333,195285,501618
90,2044,306333,195285,501618
91,2044,306333,195285,501618
92,2044,306333,195285,501618
93,2044,306333,195285,501618
94,2044,306333,195285,501618
95,2044,306333,195285,501618
96,2044,306333,195285,501618
97,2044,306333,195285,501618
98,2044,306333,195285,501618
99,2044,306333,195285,501618
100,2044,306333,195285,501618
0,2044,263847,202072,465919
1,2044,263938,225211,489149
2,2044,263935,236826,500761
3,2044,265327,226221,491548
4,2044,262103,237285,499388
5,2044,261995,237186,499181
6,2044,270420,237802,508222
7,2044,266892,237710,504602
8,2044,263969,237674,501643
9,2044,269687,269709,539396
10,2044,292373,275869,568242
11,2044,291521,275321,566842
12,2044,292577,276251,568828
13,2044,293942,275538,569480
14,2044,292938,276009,568947
15,2044,283228,272878,556106
16,2044,270448,265288,535736
17,2044,306009,297239,603248
18,2044,308898,294472,603370
19,2044,311798,294420,606218
20,2044,311525,293321,604846
21,2044,311423,296248,607671
22,2044,311784,298363,610147
23,2044,315037,301261,616298
24,2044,315770,304093,619863
25,2044,361561,380613,742174
26,2044,365256,402172,767428
27,2044,365256,402172,767428
28,2044,474641,461552,936193
29,2044,474641,461552,936193
30,2044,473978,463287,937265
31,2044,471783,458914,930697
32,2044,475049,463250,938299
33,2044,475139,463250,938389
34,2044,475184,463970,939154
35,2044,476680,465745,942425
36,2044,481679,472721,954400
37,2044,481674,473487,955161
38,2044,482715,475630,958345
39,2044,483880,475935,959815
40,2044,486370,479386,965756
41,2044,486593,481283,967876
42,2044,486570,484385,970955
43,2044,485085,483993,969078
44,2044,361908,381135,743043
45,2044,361908,381135,743043
46,2044,361908,381135,743043
47,2044,361966,381134,743100
48,2044,361966,381134,743100
49,2044,361966,381134,743100
50,2044,361966,381134,743100
51,2044,361966,381134,743100
52,2044,361966,381135,743101
53,2044,361966,381134,743100
54,2044,484550,486261,970811
55,2044,361966,381134,743100
56,2044,356461,378690,735151
57,2044,321742,307258,629000
58,2044,322602,306148,628750
59,2044,318147,306510,624657
60,2044,318147,306510,624657
61,2044,319194,306099,625293
62,2044,321552,308966,630518
63,2044,345123,372476,717599
64,2044,322469,306148,628617
65,2044,320381,305908,626289
66,2044,285087,306072,591159
67,2044,319257,307210,626467
68,2044,284945,306826,591771
69,2044,271162,306574,577736
70,2044,268712,306574,575286
71,2044,267454,310070,577524
72,2044,268561,306412,574973
73,2044,267225,305329,572554
74,2044,267179,305873,573052
75,2044,267038,305763,572801
76,2044,266863,305050,571913
77,2044,268290,305385,573675
78,2044,314783,304905,619688
79,2044,308418,296083,604501
80,2044,309425,257583,567008
81,2044,308822,256997,565819
82,2044,309058,200618,509676
83,2044,309058,200618,509676
84,2044,309058,200618,509676
85,2044,309058,201495,510553
86,2044,309058,195178,504236
87,2044,309058,193070,502128
88,2044,309058,193070,502128
89,2044,309058,193070,502128
90,2044,309058,193070,502128
91,2044,309058,193070,502128
92,2044,309058,193070,502128
93,2044,309058,193070,502128
94,2044,309058,193070,502128
95,2044,309058,193070,502128
96,2044,309058,193070,502128
97,2044,309058,193070,502128
98,2044,309058,193070,502128
99,2044,309058,193070,502128
100,2044,309058,193070,502128
0,2044,284904,273219,558123
1,2044,258044,236700,494744
2,2044,257810,237092,494902
3,2044,265554,237021,502575
4,2044,266749,237396,504145
5,2044,256233,237388,493621
6,2044,259967,237638,497605
7,2044,258578,244698,503276
8,2044,257059,244958,502017
9,2044,266637,245397,512034
10,2044,269045,244052,513097
11,2044,268493,244666,513159
12,2044,293956,295542,589498
13,2044,294261,275802,570063
14,2044,296223,293707,589930
15,2044,294392,293858,588250
16,2044,285154,272921,558075
17,2044,296572,290865,587437
18,2044,302400,293533,595933
19,2044,302767,292177,594944
20,2044,309331,290956,600287
21,2044,310021,291819,601840
22,2044,309938,290645,600583
23,2044,315476,301813,617289
24,2044,316530,304993,621523
25,2044,305802,319123,624925
26,2044,312029,323160,635189
27,2044,305881,319201,625082
28,2044,361180,371541,732721
29,2044,476371,463657,940028
30,2044,476127,464300,940427
31,2044,476622,463803,940425
32,2044,476243,464427,940670
33,2044,476191,464361,940552
34,2044,477061,464645,941706
35,2044,479019,467219,946238
36,2044,482317,474669,956986
37,2044,482394,474951,957345
38,2044,483746,476763,960509
39,2044,485354,476761,962115
40,2044,486466,481697,968163
41,2044,486619,482936,969555
42,2044,486658,486014,972672
43,2044,486579,485418,971997
44,2044,485138,484241,969379
45,2044,424290,426508,850798
46,2044,357815,369971,727786
47,2044,303631,319147,622778
48,2044,319451,323260,642711
49,2044,305845,319221,625066
50,2044,305209,319694,624903
51,2044,305845,319281,625126
52,2044,307423,322146,629569
53,2044,307423,322146,629569
54,2044,364047,371003,735050
55,2044,307423,322146,629569
56,2044,361785,380903,742688
57,2044,356217,378421,734638
58,2044,322598,306180,628778
59,2044,318274,307576,625850
60,2044,318274,307576,625850
61,2044,317991,307809,625800
62,2044,321326,307025,628351
63,2044,305099,311754,616853
64,2044,321684,307341,629025
65,2044,321711,307564,629275
66,2044,322888,307469,630357
67,2044,317803,307035,624838
68,2044,318344,307787,626131
69,2044,269400,307188,576588
70,2044,267559,307199,574758
71,2044,265308,309646,574954
72,2044,266384,307188,573572
73,2044,266443,305793,572236
74,2044,265783,308122,573905
75,2044,265635,305505,571140
76,2044,268660,303823,572483
77,2044,285956,306799,592755
78,2044,316312,307162,623474
79,2044,282830,244214,527044
80,2044,308735,245138,553873
81,2044,283158,237785,520943
82,2044,281716,226467,508183
83,2044,281716,200874,482590
84,2044,281716,200874,482590
85,2044,281716,201929,483645
86,2044,281716,195188,476904
87,2044,281716,192711,474427
88,2044,281716,192711,474427
89,2044,281716,192711,474427
90,2044,281716,192711,474427
91,2044,281716,192711,474427
92,2044,281716,192711,474427
93,2044,281716,192711,474427
94,2044,281716,192711,474427
95,2044,281716,192711,474427
96,2044,281716,192711,474427
97,2044,281716,192711,474427
98,2044,281716,192711,474427
99,2044,281716,192711,474427
100,2044,281716,192711,474427
0,2045,292160,275407,567567
1,2045,292160,275407,567567
2,2045,292156,275407,567563
3,2045,292317,275433,567750
4,2045,292459,275435,567894
5,2045,292604,275460,568064
6,2045,292715,275538,568253
7,2045,292699,275529,568228
8,2045,292688,275503,568191
9,2045,292689,275485,568174
10,2045,292704,275551,568255
11,2045,292828,275972,568800
12,2045,293342,276256,569598
13,2045,293719,276375,570094
14,2045,293758,276281,570039
15,2045,293823,276272,570095
16,2045,294123,276355,570478
17,2045,294561,276410,570971
18,2045,295789,276733,572522
19,2045,296731,278188,574919
20,2045,296795,278225,575020
21,2045,296833,278284,575117
22,2045,296862,278532,575394
23,2045,296890,278545,575435
24,2045,296890,278545,575435
25,2045,296890,278545,575435
26,2045,296890,278545,575435
27,2045,296890,278545,575435
28,2045,296890,278545,575435
29,2045,296890,278545,575435
30,2045,296890,278545,575435
31,2045,296890,278545,575435
32,2045,296890,278545,575435
33,2045,296890,278545,575435
34,2045,296890,278545,575435
35,2045,296890,278545,575435
36,2045,296890,278545,575435
37,2045,296890,278545,575435
38,2045,296890,278545,575435
39,2045,296890,278545,575435
40,2045,296890,278545,575435
41,2045,296890,278545,575435
42,2045,296890,278545,575435
43,2045,296890,278545,575435
44,2045,296890,278545,575435
45,2045,296890,278545,575435
46,2045,296881,278545,575426
47,2045,296873,278545,575418
48,2045,296873,278545,575418
49,2045,296873,278545,575418
50,2045,296873,278545,575418
51,2045,296873,278595,575468
52,2045,296873,278595,575468
53,2045,296873,278595,575468
54,2045,296873,278595,575468
55,2045,296873,278595,575468
56,2045,296873,278595,575468
57,2045,296873,278595,575468
58,2045,296873,278595,575468
59,2045,296873,278595,575468
60,2045,296873,278595,575468
61,2045,296873,278595,575468
62,2045,296873,278595,575468
63,2045,296873,278595,575468
64,2045,296825,278595,575420
65,2045,296825,278595,575420
66,2045,296738,278595,575333
67,2045,296738,278595,575333
68,2045,296472,278595,575067
69,2045,296377,278595,574972
70,2045,296237,278595,574832
71,2045,295800,278595,574395
72,2045,295800,278595,574395
73,2045,295461,278595,574056
74,2045,295423,278595,574018
75,2045,295423,278595,574018
76,2045,295423,278595,574018
77,2045,295423,278595,574018
78,2045,295423,279554,574977
79,2045,295423,279363,574786
80,2045,295423,279614,575037
81,2045,295423,279743,575166
82,2045,295423,279743,575166
83,2045,295423,279743,575166
84,2045,295423,279743,575166
85,2045,295423,279743,575166
86,2045,295423,279743,575166
87,2045,295423,279743,575166
88,2045,295423,279743,575166
89,2045,295423,279743,575166
90,2045,295423,279743,575166
91,2045,295423,279743,575166
92,2045,295423,279743,575166
93,2045,295423,279743,575166
94,2045,295423,279743,575166
95,2045,295423,279743,575166
96,2045,295423,279743,575166
97,2045,295423,279743,575166
98,2045,295423,279743,575166
99,2045,295423,279743,575166
100,2045,295423,279743,575166
0,2045,292266,275259,567525
1,2045,292266,275259,567525
2,2045,292259,275259,567518
3,2045,292436,275274,567710
4,2045,292615,275193,567808
5,2045,292741,275299,568040
6,2045,292868,275406,568274
7,2045,292842,275390,568232
8,2045,292820,275364,568184
9,2045,292815,275344,568159
10,2045,292810,275474,568284
11,2045,292862,275699,568561
12,2045,293184,275754,568938
13,2045,293704,275708,569412
14,2045,293937,275800,569737
15,2045,294124,275792,569916
16,2045,294466,275859,570325
17,2045,295672,275850,571522
18,2045,297964,276497,574461
19,2045,298821,278322,577143
20,2045,299958,278491,578449
21,2045,300126,278538,578664
22,2045,300128,279006,579134
23,2045,300136,279020,579156
24,2045,300136,279020,579156
25,2045,300136,279020,579156
26,2045,300136,279020,579156
27,2045,300136,279020,579156
28,2045,300136,279020,579156
29,2045,300136,279020,579156
30,2045,300136,279020,579156
31,2045,300136,279020,579156
32,2045,300136,279020,579156
33,2045,300136,279020,579156
34,2045,300136,279020,579156
35,2045,300136,279020,579156
36,2045,300136,279020,579156
37,2045,300136,279020,579156
38,2045,300136,279020,579156
39,2045,300136,279020,579156
40,2045,300136,279020,579156
41,2045,300136,279020,579156
42,2045,300136,279020,579156
43,2045,300136,279020,579156
44,2045,300538,279020,579558
45,2045,300538,279020,579558
46,2045,300536,279020,579556
47,2045,300528,279020,579548
48,2045,300528,279020,579548
49,2045,300528,279020,579548
50,2045,300528,279020,579548
51,2045,300528,279059,579587
52,2045,300528,279059,579587
53,2045,300528,279059,579587
54,2045,300528,279059,579587
55,2045,300528,279059,579587
56,2045,300528,279059,579587
57,2045,300528,279059,579587
58,2045,300528,279059,579587
59,2045,300528,279059,579587
60,2045,300528,279059,579587
61,2045,300528,279059,579587
62,2045,300528,279059,579587
63,2045,300528,279059,579587
64,2045,300557,279059,579616
65,2045,300557,279059,579616
66,2045,300066,279059,579125
67,2045,300008,279059,579067
68,2045,299613,279059,578672
69,2045,299663,279059,578722
70,2045,299415,279037,578452
71,2045,298888,279037,577925
72,2045,298782,279037,577819
73,2045,298283,278963,577246
74,2045,298238,278963,577201
75,2045,298238,278963,577201
76,2045,298238,278963,577201
77,2045,298238,278963,577201
78,2045,298344,280269,578613
79,2045,298259,280078,578337
80,2045,298344,280826,579170
81,2045,298338,280568,578906
82,2045,298338,280568,578906
83,2045,298338,280568,578906
84,2045,298338,280568,578906
85,2045,298338,280568,578906
86,2045,298338,280568,578906
87,2045,298338,280568,578906
88,2045,298338,280568,578906
89,2045,298338,280568,578906
90,2045,298338,280568,578906
91,2045,298338,280568,578906
92,2045,298338,280568,578906
93,2045,298338,280568,578906
94,2045,298338,280568,578906
95,2045,298338,280568,578906
96,2045,298338,280568,578906
97,2045,298338,280568,578906
98,2045,298338,280568,578906
99,2045,298338,280568,578906
100,2045,298338,280568,578906
0,2045,292274,275413,567687
1,2045,292274,275413,567687
2,2045,292266,275413,567679
3,2045,292417,275347,567764
4,2045,292716,275394,568110
5,2045,292856,275450,568306
6,2045,292910,275526,568436
7,2045,292866,275510,568376
8,2045,292838,275471,568309
9,2045,292865,275477,568342
10,2045,292819,275561,568380
11,2045,292909,275804,568713
12,2045,293366,276259,569625
13,2045,294527,276216,570743
14,2045,294776,276418,571194
15,2045,295034,276413,571447
16,2045,296135,276482,572617
17,2045,297419,276524,573943
18,2045,299982,276890,576872
19,2045,300697,278092,578789
20,2045,300794,278561,579355
21,2045,301474,278636,580110
22,2045,301310,278941,580251
23,2045,301326,278955,580281
24,2045,301326,278955,580281
25,2045,301326,278955,580281
26,2045,301326,278955,580281
27,2045,301326,278955,580281
28,2045,301326,278955,580281
29,2045,301326,278955,580281
30,2045,301326,278955,580281
31,2045,301326,278955,580281
32,2045,301326,278955,580281
33,2045,301326,278955,580281
34,2045,301326,278955,580281
35,2045,301326,278955,580281
36,2045,301326,278955,580281
37,2045,301326,278955,580281
38,2045,301326,278955,580281
39,2045,301326,278955,580281
40,2045,301326,278955,580281
41,2045,301326,278955,580281
42,2045,301326,278955,580281
43,2045,301333,278955,580288
44,2045,303077,279111,582188
45,2045,303077,279111,582188
46,2045,302118,279111,581229
47,2045,302109,279111,581220
48,2045,302109,279111,581220
49,2045,302109,279111,581220
50,2045,302109,279111,581220
51,2045,302109,279149,581258
52,2045,302109,279149,581258
53,2045,302109,279149,581258
54,2045,302109,279149,581258
55,2045,302109,279149,581258
56,2045,302109,279149,581258
57,2045,302109,279149,581258
58,2045,302109,279149,581258
59,2045,302109,279149,581258
60,2045,302109,279149,581258
61,2045,302109,279149,581258
62,2045,302109,279149,581258
63,2045,302109,279149,581258
64,2045,303056,279149,582205
65,2045,303056,279149,582205
66,2045,301751,278994,580745
67,2045,301764,278926,580690
68,2045,301625,278926,580551
69,2045,301693,278926,580619
70,2045,301698,278926,580624
71,2045,302699,279051,581750
72,2045,302614,279051,581665
73,2045,301717,279129,580846
74,2045,301717,279129,580846
75,2045,301717,279129,580846
76,2045,301717,279129,580846
77,2045,301717,279129,580846
78,2045,301618,283834,585452
79,2045,301588,283520,585108
80,2045,301523,283856,585379
81,2045,301545,283856,585401
82,2045,301545,283856,585401
83,2045,301545,283856,585401
84,2045,301545,283856,585401
85,2045,301545,283856,585401
86,2045,301545,283856,585401
87,2045,301545,283856,585401
88,2045,301545,283856,585401
89,2045,301545,283856,585401
90,2045,301545,283856,585401
91,2045,301545,283856,585401
92,2045,301545,283856,585401
93,2045,301545,283856,585401
94,2045,301545,283856,585401
95,2045,301545,283856,585401
96,2045,301545,283856,585401
97,2045,301545,283856,585401
98,2045,301545,283856,585401
99,2045,301545,283856,585401
100,2045,301545,283856,585401
0,2045,292099,274901,567000
1,2045,292099,274901,567000
2,2045,292091,274901,566992
3,2045,292300,274901,567201
4,2045,292463,274931,567394
5,2045,292518,274983,567501
6,2045,292615,275035,567650
7,2045,292607,275057,567664
8,2045,292601,275043,567644
9,2045,292574,275024,567598
10,2045,292549,275055,567604
11,2045,292624,275339,567963
12,2045,293047,275490,568537
13,2045,294584,275590,570174
14,2045,295239,275679,570918
15,2045,297561,275661,573222
16,2045,296031,275360,571391
17,2045,298511,275281,573792
18,2045,300960,276311,577271
19,2045,318140,278178,596318
20,2045,318570,278704,597274
21,2045,307169,279147,586316
22,2045,306963,279195,586158
23,2045,307025,279209,586234
24,2045,307025,279209,586234
25,2045,307025,279209,586234
26,2045,307025,279209,586234
27,2045,307025,279209,586234
28,2045,307025,279209,586234
29,2045,307025,279209,586234
30,2045,307025,279209,586234
31,2045,307025,279209,586234
32,2045,307025,279209,586234
33,2045,307025,279209,586234
34,2045,307025,279209,586234
35,2045,307025,279209,586234
36,2045,307025,279209,586234
37,2045,307025,279209,586234
38,2045,307025,279209,586234
39,2045,307025,279209,586234
40,2045,307025,279209,586234
41,2045,307025,279209,586234
42,2045,307025,279209,586234
43,2045,307025,279209,586234
44,2045,309401,279433,588834
45,2045,309401,279433,588834
46,2045,308138,279364,587502
47,2045,308207,279364,587571
48,2045,308207,279364,587571
49,2045,308207,279364,587571
50,2045,308207,279364,587571
51,2045,308198,279402,587600
52,2045,308198,279402,587600
53,2045,308198,279402,587600
54,2045,308198,279402,587600
55,2045,308198,279402,587600
56,2045,308198,279402,587600
57,2045,308198,279402,587600
58,2045,308198,279402,587600
59,2045,308198,279402,587600
60,2045,308198,279402,587600
61,2045,308198,279402,587600
62,2045,308198,279402,587600
63,2045,308198,279402,587600
64,2045,309449,279472,588921
65,2045,309538,279472,589010
66,2045,307947,279400,587347
67,2045,308227,279400,587627
68,2045,307618,279138,586756
69,2045,307735,279232,586967
70,2045,307742,279123,586865
71,2045,309127,279187,588314
72,2045,308751,279129,587880
73,2045,307179,279129,586308
74,2045,307179,279129,586308
75,2045,307179,279129,586308
76,2045,307179,279129,586308
77,2045,307179,279129,586308
78,2045,306934,286413,593347
79,2045,306862,284996,591858
80,2045,306855,286432,593287
81,2045,306855,286432,593287
82,2045,306855,286432,593287
83,2045,306855,286432,593287
84,2045,306855,286432,593287
85,2045,306855,286432,593287
86,2045,306855,286432,593287
87,2045,306855,286432,593287
88,2045,306855,286432,593287
89,2045,306855,286432,593287
90,2045,306855,286432,593287
91,2045,306855,286432,593287
92,2045,306855,286432,593287
93,2045,306855,286432,593287
94,2045,306855,286432,593287
95,2045,306855,286432,593287
96,2045,306855,286432,593287
97,2045,306855,286432,593287
98,2045,306855,286432,593287
99,2045,306855,286432,593287
100,2045,306855,286432,593287
0,2045,292414,276267,568681
1,2045,292414,276267,568681
2,2045,292410,276267,568677
3,2045,292524,276267,568791
4,2045,292770,276374,569144
5,2045,292782,276405,569187
6,2045,292777,275836,568613
7,2045,292789,275833,568622
8,2045,292809,276105,568914
9,2045,292817,276218,569035
10,2045,292752,276008,568760
11,2045,292786,276013,568799
12,2045,292637,275836,568473
13,2045,294207,275567,569774
14,2045,297544,275452,572996
15,2045,296712,275491,572203
16,2045,295873,275344,571217
17,2045,298696,275638,574334
18,2045,308040,277244,585284
19,2045,310244,279250,589494
20,2045,310992,279343,590335
21,2045,309447,279369,588816
22,2045,309498,279517,589015
23,2045,309548,279517,589065
24,2045,309548,279517,589065
25,2045,309548,279517,589065
26,2045,309548,279517,589065
27,2045,309548,279517,589065
28,2045,309548,279517,589065
29,2045,309548,279517,589065
30,2045,309548,279517,589065
31,2045,309548,279517,589065
32,2045,309548,279517,589065
33,2045,309548,279517,589065
34,2045,309548,279517,589065
35,2045,309548,279517,589065
36,2045,309548,279517,589065
37,2045,309933,279517,589450
38,2045,309933,279517,589450
39,2045,309933,279517,589450
40,2045,309933,279517,589450
41,2045,309933,279517,589450
42,2045,309933,279517,589450
43,2045,309933,279517,589450
44,2045,311218,279445,590663
45,2045,311218,279445,590663
46,2045,311078,279485,590563
47,2045,311078,279485,590563
48,2045,311078,279485,590563
49,2045,311078,279485,590563
50,2045,311078,279485,590563
51,2045,311087,279523,590610
52,2045,311087,279523,590610
53,2045,311087,279523,590610
54,2045,311087,279523,590610
55,2045,311087,279523,590610
56,2045,311087,279523,590610
57,2045,311087,279523,590610
58,2045,311087,279523,590610
59,2045,311087,279523,590610
60,2045,311087,279523,590610
61,2045,311087,279523,590610
62,2045,311087,279523,590610
63,2045,311197,279523,590720
64,2045,311402,279483,590885
65,2045,311494,279483,590977
66,2045,311142,279522,590664
67,2045,311181,279522,590703
68,2045,310276,279498,589774
69,2045,310326,279498,589824
70,2045,310257,279585,589842
71,2045,310672,279598,590270
72,2045,310683,279572,590255
73,2045,309854,279579,589433
74,2045,309854,279579,589433
75,2045,309854,279579,589433
76,2045,309854,279579,589433
77,2045,309854,279579,589433
78,2045,309223,297053,606276
79,2045,309182,295170,604352
80,2045,309215,297002,606217
81,2045,309223,297359,606582
82,2045,309223,297359,606582
83,2045,309223,297359,606582
84,2045,309223,297359,606582
85,2045,309223,297359,606582
86,2045,309223,297359,606582
87,2045,309223,297359,606582
88,2045,309223,297359,606582
89,2045,309223,297359,606582
90,2045,309223,297359,606582
91,2045,309223,297359,606582
92,2045,309223,297359,606582
93,2045,309223,297359,606582
94,2045,309223,297359,606582
95,2045,309223,297359,606582
96,2045,309223,297359,606582
97,2045,309223,297359,606582
98,2045,309223,297359,606582
99,2045,309223,297359,606582
100,2045,309223,297359,606582
0,2045,290839,275033,565872
1,2045,290839,275033,565872
2,2045,290835,275033,565868
3,2045,290937,275233,566170
4,2045,291005,274937,565942
5,2045,291046,275155,566201
6,2045,292232,276240,568472
7,2045,292199,276233,568432
8,2045,291249,275661,566910
9,2045,291199,275601,566800
10,2045,292123,276191,568314
11,2045,292361,276048,568409
12,2045,293171,276060,569231
13,2045,294126,275531,569657
14,2045,296668,275937,572605
15,2045,295244,275388,570632
16,2045,296127,275713,571840
17,2045,298662,276231,574893
18,2045,305162,277907,583069
19,2045,309543,280666,590209
20,2045,310358,280573,590931
21,2045,310236,280007,590243
22,2045,310517,280086,590603
23,2045,310504,280086,590590
24,2045,310504,280086,590590
25,2045,310504,280086,590590
26,2045,310504,280086,590590
27,2045,310504,280086,590590
28,2045,310504,280086,590590
29,2045,310504,280086,590590
30,2045,310504,280086,590590
31,2045,310504,280086,590590
32,2045,310504,280086,590590
33,2045,310504,280086,590590
34,2045,310504,280086,590590
35,2045,310504,280086,590590
36,2045,310504,280086,590590
37,2045,310568,280086,590654
38,2045,310568,280086,590654
39,2045,310568,280086,590654
40,2045,310568,280086,590654
41,2045,310949,280086,591035
42,2045,310949,280086,591035
43,2045,310949,280086,591035
44,2045,311212,280770,591982
45,2045,311212,280770,591982
46,2045,311402,280718,592120
47,2045,311402,280718,592120
48,2045,311402,280718,592120
49,2045,311402,280718,592120
50,2045,311402,280718,592120
51,2045,311402,280757,592159
52,2045,311402,280757,592159
53,2045,311402,280757,592159
54,2045,311402,280757,592159
55,2045,311402,280757,592159
56,2045,311402,280757,592159
57,2045,311402,280757,592159
58,2045,311402,280757,592159
59,2045,311402,280757,592159
60,2045,311402,280757,592159
61,2045,311402,280757,592159
62,2045,311402,280757,592159
63,2045,311500,280757,592257
64,2045,311363,280826,592189
65,2045,311724,280826,592550
66,2045,311611,280757,592368
67,2045,311478,280757,592235
68,2045,311136,280282,591418
69,2045,311224,280386,591610
70,2045,311089,280359,591448
71,2045,311023,280782,591805
72,2045,311415,280757,592172
73,2045,310475,280113,590588
74,2045,310475,280113,590588
75,2045,310475,280113,590588
76,2045,310475,280113,590588
77,2045,310475,280113,590588
78,2045,312080,301426,613506
79,2045,311717,300216,611933
80,2045,312078,301550,613628
81,2045,312097,305369,617466
82,2045,312097,305369,617466
83,2045,312097,305369,617466
84,2045,312097,305369,617466
85,2045,312097,305369,617466
86,2045,312097,305369,617466
87,2045,312097,305369,617466
88,2045,312097,305369,617466
89,2045,312097,305369,617466
90,2045,312097,305369,617466
91,2045,312097,305369,617466
92,2045,312097,305369,617466
93,2045,312097,305369,617466
94,2045,312097,305369,617466
95,2045,312097,305369,617466
96,2045,312097,305369,617466
97,2045,312097,305369,617466
98,2045,312097,305369,617466
99,2045,312097,305369,617466
100,2045,312097,305369,617466
0,2045,289659,274603,564262
1,2045,289659,274603,564262
2,2045,289665,274603,564268
3,2045,290131,274992,565123
4,2045,290075,275018,565093
5,2045,290517,275453,565970
6,2045,291142,275727,566869
7,2045,291129,275727,566856
8,2045,291983,276029,568012
9,2045,291141,275810,566951
10,2045,291146,275616,566762
11,2045,292016,276074,568090
12,2045,292897,276138,569035
13,2045,294262,276019,570281
14,2045,294683,275572,570255
15,2045,297679,275397,573076
16,2045,295993,275946,571939
17,2045,298812,276626,575438
18,2045,303893,278118,582011
19,2045,307392,280296,587688
20,2045,308113,280287,588400
21,2045,310267,280533,590800
22,2045,310619,280734,591353
23,2045,310685,280734,591419
24,2045,310685,280734,591419
25,2045,310685,280734,591419
26,2045,310685,280734,591419
27,2045,310685,280734,591419
28,2045,310685,280734,591419
29,2045,310685,280734,591419
30,2045,310685,280734,591419
31,2045,310685,280734,591419
32,2045,310685,280734,591419
33,2045,310685,280734,591419
34,2045,310685,280734,591419
35,2045,310685,280734,591419
36,2045,310685,280734,591419
37,2045,310706,280734,591440
38,2045,310706,280734,591440
39,2045,310706,280734,591440
40,2045,310706,280734,591440
41,2045,311060,280758,591818
42,2045,311060,280758,591818
43,2045,311060,280758,591818
44,2045,310515,280639,591154
45,2045,310515,280639,591154
46,2045,310557,280639,591196
47,2045,310557,280639,591196
48,2045,310557,280639,591196
49,2045,310557,280639,591196
50,2045,310557,280639,591196
51,2045,310557,280639,591196
52,2045,310557,280639,591196
53,2045,310557,280639,591196
54,2045,310557,280639,591196
55,2045,310557,280639,591196
56,2045,310557,280639,591196
57,2045,310557,280639,591196
58,2045,310557,280639,591196
59,2045,310557,280639,591196
60,2045,310557,280639,591196
61,2045,310557,280639,591196
62,2045,310557,280639,591196
63,2045,310910,280639,591549
64,2045,310761,280639,591400
65,2045,311033,280639,591672
66,2045,311135,280672,591807
67,2045,310932,280639,591571
68,2045,311116,280771,591887
69,2045,311041,280703,591744
70,2045,310992,280666,591658
71,2045,310516,280639,591155
72,2045,310473,280639,591112
73,2045,311008,280697,591705
74,2045,311008,280697,591705
75,2045,311008,280697,591705
76,2045,311008,280697,591705
77,2045,311008,280697,591705
78,2045,314470,302480,616950
79,2045,314144,302411,616555
80,2045,314352,302829,617181
81,2045,316242,304224,620466
82,2045,316242,304224,620466
83,2045,316242,304224,620466
84,2045,316242,304224,620466
85,2045,316242,304224,620466
86,2045,316242,304224,620466
87,2045,316242,304224,620466
88,2045,316242,304224,620466
89,2045,316242,304224,620466
90,2045,316242,304224,620466
91,2045,316242,304224,620466
92,2045,316242,304224,620466
93,2045,316242,304224,620466
94,2045,316242,304224,620466
95,2045,316242,304224,620466
96,2045,316242,304224,620466
97,2045,316242,304224,620466
98,2045,316242,304224,620466
99,2045,316242,304224,620466
100,2045,316242,304224,620466
0,2045,289139,272661,561800
1,2045,289139,272661,561800
2,2045,289140,272661,561801
3,2045,289119,272764,561883
4,2045,289360,272455,561815
5,2045,290329,273837,564166
6,2045,290582,275044,565626
7,2045,290513,275001,565514
8,2045,291822,275327,567149
9,2045,292040,275205,567245
10,2045,290765,275121,565886
11,2045,291646,275629,567275
12,2045,292463,275852,568315
13,2045,293960,275907,569867
14,2045,294086,274870,568956
15,2045,297101,275906,573007
16,2045,295988,275549,571537
17,2045,299178,275915,575093
18,2045,303074,277430,580504
19,2045,305532,280384,585916
20,2045,307797,280492,588289
21,2045,309263,280395,589658
22,2045,309846,280601,590447
23,2045,310066,280601,590667
24,2045,310068,280601,590669
25,2045,310068,280601,590669
26,2045,310068,280601,590669
27,2045,310068,280601,590669
28,2045,310068,280601,590669
29,2045,310068,280601,590669
30,2045,310068,280601,590669
31,2045,310068,280601,590669
32,2045,310068,280601,590669
33,2045,310068,280601,590669
34,2045,310068,280601,590669
35,2045,310068,280601,590669
36,2045,310068,280601,590669
37,2045,310106,280601,590707
38,2045,310106,280601,590707
39,2045,310106,280601,590707
40,2045,310106,280601,590707
41,2045,310504,280601,591105
42,2045,310504,280601,591105
43,2045,310504,280601,591105
44,2045,310371,280615,590986
45,2045,310371,280615,590986
46,2045,310431,280601,591032
47,2045,310431,280601,591032
48,2045,310431,280601,591032
49,2045,310431,280601,591032
50,2045,310431,280601,591032
51,2045,310431,280601,591032
52,2045,310431,280601,591032
53,2045,310431,280601,591032
54,2045,310431,280601,591032
55,2045,310431,280601,591032
56,2045,310431,280601,591032
57,2045,310431,280601,591032
58,2045,310431,280601,591032
59,2045,310431,280601,591032
60,2045,310425,280601,591026
61,2045,310396,280601,590997
62,2045,310384,280601,590985
63,2045,310452,280601,591053
64,2045,310622,280615,591237
65,2045,310565,280615,591180
66,2045,310466,280601,591067
67,2045,310560,280601,591161
68,2045,310503,280601,591104
69,2045,310459,280601,591060
70,2045,310415,280601,591016
71,2045,310321,280601,590922
72,2045,310394,280611,591005
73,2045,310297,280601,590898
74,2045,310297,280601,590898
75,2045,310297,280601,590898
76,2045,310297,280601,590898
77,2045,310297,280601,590898
78,2045,316765,303090,619855
79,2045,316576,303067,619643
80,2045,316701,303735,620436
81,2045,316971,305349,622320
82,2045,316971,305349,622320
83,2045,316971,305349,622320
84,2045,316971,305349,622320
85,2045,316971,305349,622320
86,2045,316971,305349,622320
87,2045,316971,305349,622320
88,2045,316971,305349,622320
89,2045,316971,305349,622320
90,2045,316971,305349,622320
91,2045,316971,305349,622320
92,2045,316971,305349,622320
93,2045,316971,305349,622320
94,2045,316971,305349,622320
95,2045,316971,305349,622320
96,2045,316971,305349,622320
97,2045,316971,305349,622320
98,2045,316971,305349,622320
99,2045,316971,305349,622320
100,2045,316971,305349,622320
0,2045,290394,273022,563416
1,2045,290394,272960,563354
2,2045,290359,272960,563319
3,2045,290259,272886,563145
4,2045,290454,272808,563262
5,2045,291611,274441,566052
6,2045,290844,274238,565082
7,2045,290993,274439,565432
8,2045,292558,275788,568346
9,2045,292683,276220,568903
10,2045,290916,274282,565198
11,2045,292270,275799,568069
12,2045,292527,276121,568648
13,2045,293904,275836,569740
14,2045,293814,275619,569433
15,2045,296491,275550,572041
16,2045,296013,275404,571417
17,2045,300549,276014,576563
18,2045,303703,277256,580959
19,2045,304886,279668,584554
20,2045,307763,280642,588405
21,2045,308577,280432,589009
22,2045,309209,280601,589810
23,2045,309657,280601,590258
24,2045,309658,280601,590259
25,2045,309658,280601,590259
26,2045,309658,280601,590259
27,2045,309658,280601,590259
28,2045,309658,280601,590259
29,2045,309658,280601,590259
30,2045,309658,280601,590259
31,2045,309658,280601,590259
32,2045,309658,280601,590259
33,2045,309658,280601,590259
34,2045,309658,280601,590259
35,2045,309658,280601,590259
36,2045,309658,280601,590259
37,2045,309666,280681,590347
38,2045,309666,280681,590347
39,2045,309666,280681,590347
40,2045,309666,280681,590347
41,2045,310400,280705,591105
42,2045,310400,280705,591105
43,2045,310400,280705,591105
44,2045,310418,280719,591137
45,2045,310418,280719,591137
46,2045,310454,280719,591173
47,2045,310454,280719,591173
48,2045,310454,280719,591173
49,2045,310454,280719,591173
50,2045,310454,280719,591173
51,2045,310454,280719,591173
52,2045,310454,280719,591173
53,2045,310454,280719,591173
54,2045,310454,280719,591173
55,2045,310454,280719,591173
56,2045,310454,280719,591173
57,2045,310454,280719,591173
58,2045,310454,280719,591173
59,2045,310454,280719,591173
60,2045,310454,280719,591173
61,2045,310425,280719,591144
62,2045,310355,280719,591074
63,2045,310557,280719,591276
64,2045,310622,280709,591331
65,2045,310657,280709,591366
66,2045,310551,280719,591270
67,2045,310578,280709,591287
68,2045,310595,280719,591314
69,2045,310527,280719,591246
70,2045,310501,280719,591220
71,2045,310167,280719,590886
72,2045,310365,280719,591084
73,2045,310097,280705,590802
74,2045,310097,280705,590802
75,2045,310097,280705,590802
76,2045,310097,280705,590802
77,2045,310097,280705,590802
78,2045,316031,304649,620680
79,2045,316015,304523,620538
80,2045,316491,304884,621375
81,2045,317021,307179,624200
82,2045,317021,307179,624200
83,2045,317021,307179,624200
84,2045,317021,307179,624200
85,2045,317021,307179,624200
86,2045,317021,307179,624200
87,2045,317021,307179,624200
88,2045,317021,307179,624200
89,2045,317021,307179,624200
90,2045,317021,307179,624200
91,2045,317021,307179,624200
92,2045,317021,307179,624200
93,2045,317021,307179,624200
94,2045,317021,307179,624200
95,2045,317021,307179,624200
96,2045,317021,307179,624200
97,2045,317021,307179,624200
98,2045,317021,307179,624200
99,2045,317021,307179,624200
100,2045,317021,307179,624200
0,2045,291389,273588,564977
1,2045,291361,273588,564949
2,2045,291342,273588,564930
3,2045,290486,273473,563959
4,2045,291427,273538,564965
5,2045,292690,275544,568234
6,2045,291841,274747,566588
7,2045,291918,275199,567117
8,2045,292254,275800,568054
9,2045,291248,275379,566627
10,2045,292120,274848,566968
11,2045,292386,276244,568630
12,2045,292471,275750,568221
13,2045,293842,275635,569477
14,2045,294684,275923,570607
15,2045,295202,274951,570153
16,2045,296309,275544,571853
17,2045,300680,275961,576641
18,2045,306176,277396,583572
19,2045,304844,279082,583926
20,2045,307760,280252,588012
21,2045,308575,280608,589183
22,2045,309265,280695,589960
23,2045,309759,280695,590454
24,2045,309761,280695,590456
25,2045,309761,280695,590456
26,2045,309761,280695,590456
27,2045,309761,280695,590456
28,2045,309761,280695,590456
29,2045,309761,280695,590456
30,2045,309761,280695,590456
31,2045,309761,280695,590456
32,2045,309761,280695,590456
33,2045,309761,280695,590456
34,2045,309761,280695,590456
35,2045,309761,280695,590456
36,2045,309761,280695,590456
37,2045,309760,280695,590455
38,2045,309760,280695,590455
39,2045,309760,280695,590455
40,2045,309760,280695,590455
41,2045,310532,280719,591251
42,2045,310532,280719,591251
43,2045,310532,280719,591251
44,2045,310612,280709,591321
45,2045,310612,280709,591321
46,2045,310612,280709,591321
47,2045,310612,280709,591321
48,2045,310612,280709,591321
49,2045,310612,280709,591321
50,2045,310612,280709,591321
51,2045,310612,280709,591321
52,2045,310612,280709,591321
53,2045,310612,280709,591321
54,2045,310612,280709,591321
55,2045,310612,280709,591321
56,2045,310612,280709,591321
57,2045,310612,280709,591321
58,2045,310612,280709,591321
59,2045,310612,280709,591321
60,2045,310612,280709,591321
61,2045,310583,280709,591292
62,2045,310342,280719,591061
63,2045,310663,280709,591372
64,2045,310791,280709,591500
65,2045,310817,280709,591526
66,2045,310711,280709,591420
67,2045,310719,280709,591428
68,2045,310627,280709,591336
69,2045,310569,280709,591278
70,2045,310553,280709,591262
71,2045,310114,280719,590833
72,2045,310402,280719,591121
73,2045,310099,280695,590794
74,2045,310099,280695,590794
75,2045,310099,280695,590794
76,2045,310099,280695,590794
77,2045,310099,280695,590794
78,2045,316416,306500,622916
79,2045,316414,306851,623265
80,2045,317112,306603,623715
81,2045,320548,305311,625859
82,2045,320548,305311,625859
83,2045,320548,305311,625859
84,2045,320548,305311,625859
85,2045,320548,305311,625859
86,2045,320548,305311,625859
87,2045,320548,305311,625859
88,2045,320548,305311,625859
89,2045,320548,305311,625859
90,2045,320548,305311,625859
91,2045,320548,305311,625859
92,2045,320548,305311,625859
93,2045,320548,305311,625859
94,2045,320548,305311,625859
95,2045,320548,305311,625859
96,2045,320548,305311,625859
97,2045,320548,305311,625859
98,2045,320548,305311,625859
99,2045,320548,305311,625859
100,2045,320548,305311,625859
0,2045,292751,275522,568273
1,2045,292768,275518,568286
2,2045,292769,275518,568287
3,2045,291789,274356,566145
4,2045,293025,274710,567735
5,2045,292813,276399,569212
6,2045,292765,276223,568988
7,2045,292672,276268,568940
8,2045,292330,276276,568606
9,2045,291393,275989,567382
10,2045,292673,276157,568830
11,2045,291584,275622,567206
12,2045,292581,275830,568411
13,2045,294134,275933,570067
14,2045,295041,276344,571385
15,2045,297727,275310,573037
16,2045,296109,275747,571856
17,2045,313874,275931,589805
18,2045,305144,277547,582691
19,2045,305947,279202,585149
20,2045,308539,280233,588772
21,2045,309150,280634,589784
22,2045,309340,280727,590067
23,2045,309735,280695,590430
24,2045,309736,280695,590431
25,2045,309736,280695,590431
26,2045,309736,280695,590431
27,2045,309736,280695,590431
28,2045,309736,280695,590431
29,2045,309736,280695,590431
30,2045,309736,280695,590431
31,2045,309736,280695,590431
32,2045,309736,280695,590431
33,2045,309736,280695,590431
34,2045,309736,280695,590431
35,2045,309736,280695,590431
36,2045,309736,280695,590431
37,2045,309736,280695,590431
38,2045,309736,280695,590431
39,2045,309736,280695,590431
40,2045,309736,280695,590431
41,2045,310615,280709,591324
42,2045,310615,280709,591324
43,2045,310615,280709,591324
44,2045,310580,280709,591289
45,2045,310580,280709,591289
46,2045,310589,280709,591298
47,2045,310589,280709,591298
48,2045,310589,280709,591298
49,2045,310589,280709,591298
50,2045,310589,280709,591298
51,2045,310589,280709,591298
52,2045,310589,280709,591298
53,2045,310589,280709,591298
54,2045,310589,280709,591298
55,2045,310589,280709,591298
56,2045,310589,280709,591298
57,2045,310589,280709,591298
58,2045,310589,280709,591298
59,2045,310589,280709,591298
60,2045,310589,280709,591298
61,2045,310560,280709,591269
62,2045,310362,280719,591081
63,2045,310688,280709,591397
64,2045,310777,280709,591486
65,2045,310815,280709,591524
66,2045,310706,280709,591415
67,2045,310743,280709,591452
68,2045,310757,280709,591466
69,2045,310692,280709,591401
70,2045,310676,280709,591385
71,2045,310183,280695,590878
72,2045,310549,280719,591268
73,2045,310133,280695,590828
74,2045,310133,280695,590828
75,2045,310133,280695,590828
76,2045,310133,280695,590828
77,2045,310133,280695,590828
78,2045,319143,305453,624596
79,2045,319327,305676,625003
80,2045,319274,305068,624342
81,2045,318978,306401,625379
82,2045,318978,306401,625379
83,2045,318978,306401,625379
84,2045,318978,306401,625379
85,2045,318978,306401,625379
86,2045,318978,306401,625379
87,2045,318978,306401,625379
88,2045,318978,306401,625379
89,2045,318978,306401,625379
90,2045,318978,306401,625379
91,2045,318978,306401,625379
92,2045,318978,306401,625379
93,2045,318978,306401,625379
94,2045,318978,306401,625379
95,2045,318978,306401,625379
96,2045,318978,306401,625379
97,2045,318978,306401,625379
98,2045,318978,306401,625379
99,2045,318978,306401,625379
100,2045,318978,306401,625379
0,2045,292327,275510,567837
1,2045,292327,275659,567986
2,2045,292320,275647,567967
3,2045,292875,275527,568402
4,2045,292828,275721,568549
5,2045,291154,274409,565563
6,2045,291431,275516,566947
7,2045,291405,275336,566741
8,2045,290990,275061,566051
9,2045,292128,275695,567823
10,2045,291559,275769,567328
11,2045,291377,275586,566963
12,2045,293155,276000,569155
13,2045,294189,275958,570147
14,2045,295769,275717,571486
15,2045,297153,275649,572802
16,2045,295944,275372,571316
17,2045,307331,276682,584013
18,2045,304499,277441,581940
19,2045,307335,279222,586557
20,2045,309367,280247,589614
21,2045,309425,280514,589939
22,2045,309452,280752,590204
23,2045,309762,280695,590457
24,2045,309764,280695,590459
25,2045,309764,280695,590459
26,2045,309764,280695,590459
27,2045,309764,280695,590459
28,2045,309764,280695,590459
29,2045,309764,280695,590459
30,2045,309764,280695,590459
31,2045,309764,280695,590459
32,2045,309764,280695,590459
33,2045,309764,280695,590459
34,2045,309764,280695,590459
35,2045,309764,280695,590459
36,2045,309764,280695,590459
37,2045,309738,280695,590433
38,2045,309738,280695,590433
39,2045,309738,280695,590433
40,2045,309738,280695,590433
41,2045,310581,280709,591290
42,2045,310581,280709,591290
43,2045,310581,280709,591290
44,2045,310522,280709,591231
45,2045,310522,280709,591231
46,2045,310522,280709,591231
47,2045,310522,280709,591231
48,2045,310522,280709,591231
49,2045,310522,280709,591231
50,2045,310522,280709,591231
51,2045,310522,280709,591231
52,2045,310522,280709,591231
53,2045,310522,280709,591231
54,2045,310522,280709,591231
55,2045,310522,280709,591231
56,2045,310522,280709,591231
57,2045,310522,280709,591231
58,2045,310522,280709,591231
59,2045,310522,280709,591231
60,2045,310522,280709,591231
61,2045,310493,280709,591202
62,2045,310500,280719,591219
63,2045,310622,280709,591331
64,2045,310711,280709,591420
65,2045,310854,280709,591563
66,2045,310736,280709,591445
67,2045,310677,280709,591386
68,2045,310743,280709,591452
69,2045,310668,280709,591377
70,2045,310642,280709,591351
71,2045,310117,280719,590836
72,2045,310404,280709,591113
73,2045,310176,280695,590871
74,2045,310176,280695,590871
75,2045,310176,280695,590871
76,2045,310176,280695,590871
77,2045,310176,280695,590871
78,2045,317218,306629,623847
79,2045,317604,306070,623674
80,2045,317715,306312,624027
81,2045,319435,304795,624230
82,2045,319435,304795,624230
83,2045,319435,304795,624230
84,2045,319435,304795,624230
85,2045,319435,304795,624230
86,2045,319435,304795,624230
87,2045,319435,304795,624230
88,2045,319435,304795,624230
89,2045,319435,304795,624230
90,2045,319435,304795,624230
91,2045,319435,304795,624230
92,2045,319435,304795,624230
93,2045,319435,304795,624230
94,2045,319435,304795,624230
95,2045,319435,304795,624230
96,2045,319435,304795,624230
97,2045,319435,304795,624230
98,2045,319435,304795,624230
99,2045,319435,304795,624230
100,2045,319435,304795,624230
0,2045,292237,275533,567770
1,2045,292258,275489,567747
2,2045,292255,275489,567744
3,2045,292520,275565,568085
4,2045,292646,275922,568568
5,2045,290941,274761,565702
6,2045,291650,275540,567190
7,2045,291571,275602,567173
8,2045,290150,274568,564718
9,2045,292443,275886,568329
10,2045,291915,275595,567510
11,2045,292561,275926,568487
12,2045,293011,276402,569413
13,2045,293947,275772,569719
14,2045,294479,275523,570002
15,2045,297722,275788,573510
16,2045,296132,275359,571491
17,2045,303346,276680,580026
18,2045,304374,277451,581825
19,2045,307952,279352,587304
20,2045,309700,280525,590225
21,2045,308980,280464,589444
22,2045,309470,280601,590071
23,2045,309775,280616,590391
24,2045,309777,280616,590393
25,2045,309777,280616,590393
26,2045,309777,280616,590393
27,2045,309777,280616,590393
28,2045,309777,280616,590393
29,2045,309777,280616,590393
30,2045,309777,280616,590393
31,2045,309777,280616,590393
32,2045,309777,280616,590393
33,2045,309777,280616,590393
34,2045,309777,280616,590393
35,2045,309777,280616,590393
36,2045,309777,280616,590393
37,2045,309777,280616,590393
38,2045,309777,280616,590393
39,2045,309777,280616,590393
40,2045,309777,280616,590393
41,2045,310522,280709,591231
42,2045,310522,280709,591231
43,2045,310522,280709,591231
44,2045,310523,280709,591232
45,2045,310523,280709,591232
46,2045,310523,280709,591232
47,2045,310523,280709,591232
48,2045,310523,280709,591232
49,2045,310523,280709,591232
50,2045,310523,280709,591232
51,2045,310523,280709,591232
52,2045,310523,280709,591232
53,2045,310523,280709,591232
54,2045,310523,280709,591232
55,2045,310523,280709,591232
56,2045,310523,280709,591232
57,2045,310523,280709,591232
58,2045,310523,280709,591232
59,2045,310523,280709,591232
60,2045,310523,280709,591232
61,2045,310494,280709,591203
62,2045,310481,280709,591190
63,2045,310622,280709,591331
64,2045,310711,280709,591420
65,2045,310728,280709,591437
66,2045,310677,280709,591386
67,2045,310677,280709,591386
68,2045,310677,280709,591386
69,2045,310602,280709,591311
70,2045,310576,280709,591285
71,2045,310117,280695,590812
72,2045,310481,280719,591200
73,2045,310143,280719,590862
74,2045,310143,280719,590862
75,2045,310143,280719,590862
76,2045,310143,280719,590862
77,2045,310143,280719,590862
78,2045,319280,304872,624152
79,2045,317218,306403,623621
80,2045,318885,305538,624423
81,2045,315816,304901,620717
82,2045,315816,304901,620717
83,2045,315816,304901,620717
84,2045,315816,304901,620717
85,2045,315816,304901,620717
86,2045,315816,304901,620717
87,2045,315816,304901,620717
88,2045,315816,304901,620717
89,2045,315816,304901,620717
90,2045,315816,304901,620717
91,2045,315816,304901,620717
92,2045,315816,304901,620717
93,2045,315816,304901,620717
94,2045,315816,304901,620717
95,2045,315816,304901,620717
96,2045,315816,304901,620717
97,2045,315816,304901,620717
98,2045,315816,304901,620717
99,2045,315816,304901,620717
100,2045,315816,304901,620717
0,2045,292050,274642,566692
1,2045,291992,274566,566558
2,2045,292049,274566,566615
3,2045,292288,275393,567681
4,2045,292350,275433,567783
5,2045,291665,275418,567083
6,2045,292616,275683,568299
7,2045,292591,275714,568305
8,2045,289388,272724,562112
9,2045,292120,275796,567916
10,2045,292494,275697,568191
11,2045,292571,276455,569026
12,2045,292461,275605,568066
13,2045,293891,275625,569516
14,2045,294576,275565,570141
15,2045,296947,275357,572304
16,2045,296197,275623,571820
17,2045,302139,276579,578718
18,2045,304368,277408,581776
19,2045,309074,279536,588610
20,2045,308796,280425,589221
21,2045,308818,280514,589332
22,2045,309431,280601,590032
23,2045,309749,280616,590365
24,2045,309751,280616,590367
25,2045,309751,280616,590367
26,2045,309751,280616,590367
27,2045,309751,280616,590367
28,2045,309751,280616,590367
29,2045,309751,280616,590367
30,2045,309751,280616,590367
31,2045,309751,280616,590367
32,2045,309751,280616,590367
33,2045,309751,280616,590367
34,2045,309751,280616,590367
35,2045,309751,280616,590367
36,2045,309751,280616,590367
37,2045,309751,280616,590367
38,2045,309751,280616,590367
39,2045,309751,280616,590367
40,2045,309751,280616,590367
41,2045,310523,280709,591232
42,2045,310523,280709,591232
43,2045,310523,280709,591232
44,2045,310523,280709,591232
45,2045,310523,280709,591232
46,2045,310523,280709,591232
47,2045,310523,280709,591232
48,2045,310523,280709,591232
49,2045,310523,280709,591232
50,2045,310523,280709,591232
51,2045,310523,280709,591232
52,2045,310523,280709,591232
53,2045,310523,280709,591232
54,2045,310523,280709,591232
55,2045,310523,280709,591232
56,2045,310523,280709,591232
57,2045,310523,280709,591232
58,2045,310523,280709,591232
59,2045,310523,280709,591232
60,2045,310523,280709,591232
61,2045,310502,280709,591211
62,2045,310533,280709,591242
63,2045,310629,280709,591338
64,2045,310711,280709,591420
65,2045,310748,280709,591457
66,2045,310677,280709,591386
67,2045,310677,280709,591386
68,2045,310677,280709,591386
69,2045,310602,280709,591311
70,2045,310576,280709,591285
71,2045,310117,280695,590812
72,2045,310465,280709,591174
73,2045,310117,280719,590836
74,2045,310117,280719,590836
75,2045,310117,280719,590836
76,2045,310117,280719,590836
77,2045,310117,280719,590836
78,2045,317018,305496,622514
79,2045,319763,304916,624679
80,2045,316558,305659,622217
81,2045,315093,304229,619322
82,2045,315093,304229,619322
83,2045,315093,304229,619322
84,2045,315093,304229,619322
85,2045,315093,304229,619322
86,2045,315093,304229,619322
87,2045,315093,304229,619322
88,2045,315093,304229,619322
89,2045,315093,304229,619322
90,2045,315093,304229,619322
91,2045,315093,304229,619322
92,2045,315093,304229,619322
93,2045,315093,304229,619322
94,2045,315093,304229,619322
95,2045,315093,304229,619322
96,2045,315093,304229,619322
97,2045,315093,304229,619322
98,2045,315093,304229,619322
99,2045,315093,304229,619322
100,2045,315093,304229,619322
0,2045,292467,275809,568276
1,2045,292460,275777,568237
2,2045,292457,275777,568234
3,2045,292245,275154,567399
4,2045,292274,275644,567918
5,2045,292620,276606,569226
6,2045,292731,276392,569123
7,2045,292547,276434,568981
8,2045,290424,273014,563438
9,2045,292125,275680,567805
10,2045,292649,276206,568855
11,2045,291627,275325,566952
12,2045,292214,276093,568307
13,2045,294275,275933,570208
14,2045,294898,275677,570575
15,2045,296696,275498,572194
16,2045,296083,275608,571691
17,2045,302392,276114,578506
18,2045,304800,277408,582208
19,2045,308341,280112,588453
20,2045,308246,280444,588690
21,2045,308721,280514,589235
22,2045,309400,280616,590016
23,2045,309775,280616,590391
24,2045,309777,280616,590393
25,2045,309777,280616,590393
26,2045,309777,280616,590393
27,2045,309777,280616,590393
28,2045,309777,280616,590393
29,2045,309777,280616,590393
30,2045,309777,280616,590393
31,2045,309777,280616,590393
32,2045,309777,280616,590393
33,2045,309777,280616,590393
34,2045,309777,280616,590393
35,2045,309777,280616,590393
36,2045,309777,280616,590393
37,2045,309751,280616,590367
38,2045,309751,280616,590367
39,2045,309751,280616,590367
40,2045,309751,280616,590367
41,2045,310523,280709,591232
42,2045,310523,280709,591232
43,2045,310523,280709,591232
44,2045,310523,280709,591232
45,2045,310523,280709,591232
46,2045,310523,280709,591232
47,2045,310523,280709,591232
48,2045,310523,280709,591232
49,2045,310523,280709,591232
50,2045,310523,280709,591232
51,2045,310523,280709,591232
52,2045,310523,280709,591232
53,2045,310523,280709,591232
54,2045,310523,280709,591232
55,2045,310523,280709,591232
56,2045,310523,280709,591232
57,2045,310523,280709,591232
58,2045,310523,280709,591232
59,2045,310523,280709,591232
60,2045,310523,280709,591232
61,2045,310502,280709,591211
62,2045,310490,280709,591199
63,2045,310629,280709,591338
64,2045,310711,280709,591420
65,2045,310728,280709,591437
66,2045,310677,280709,591386
67,2045,310677,280709,591386
68,2045,310677,280709,591386
69,2045,310609,280709,591318
70,2045,310583,280709,591292
71,2045,310117,280695,590812
72,2045,310465,280709,591174
73,2045,310117,280695,590812
74,2045,310117,280695,590812
75,2045,310117,280695,590812
76,2045,310117,280695,590812
77,2045,310117,280695,590812
78,2045,315589,306728,622317
79,2045,317850,304290,622140
80,2045,315286,304700,619986
81,2045,313486,303270,616756
82,2045,313486,303270,616756
83,2045,313486,303270,616756
84,2045,313486,303270,616756
85,2045,313486,303270,616756
86,2045,313486,303270,616756
87,2045,313486,303270,616756
88,2045,313486,303270,616756
89,2045,313486,303270,616756
90,2045,313486,303270,616756
91,2045,313486,303270,616756
92,2045,313486,303270,616756
93,2045,313486,303270,616756
94,2045,313486,303270,616756
95,2045,313486,303270,616756
96,2045,313486,303270,616756
97,2045,313486,303270,616756
98,2045,313486,303270,616756
99,2045,313486,303270,616756
100,2045,313486,303270,616756
0,2045,292071,275839,567910
1,2045,292089,275900,567989
2,2045,292086,275900,567986
3,2045,292381,275949,568330
4,2045,292447,276194,568641
5,2045,291076,274117,565193
6,2045,291032,274854,565886
7,2045,290997,274886,565883
8,2045,291455,273560,565015
9,2045,292220,275875,568095
10,2045,291207,275214,566421
11,2045,291288,275553,566841
12,2045,293021,276358,569379
13,2045,294152,276089,570241
14,2045,295132,275773,570905
15,2045,295672,275405,571077
16,2045,296009,275276,571285
17,2045,303498,276207,579705
18,2045,304580,277399,581979
19,2045,307593,280366,587959
20,2045,308648,280447,589095
21,2045,309185,280529,589714
22,2045,309411,280647,590058
23,2045,309775,280616,590391
24,2045,309777,280624,590401
25,2045,309777,280624,590401
26,2045,309777,280624,590401
27,2045,309777,280624,590401
28,2045,309777,280624,590401
29,2045,309777,280624,590401
30,2045,309777,280624,590401
31,2045,309777,280624,590401
32,2045,309777,280624,590401
33,2045,309777,280624,590401
34,2045,309777,280624,590401
35,2045,309777,280624,590401
36,2045,309777,280624,590401
37,2045,309777,280616,590393
38,2045,309777,280616,590393
39,2045,309777,280616,590393
40,2045,309777,280616,590393
41,2045,310523,280709,591232
42,2045,310523,280709,591232
43,2045,310523,280709,591232
44,2045,310523,280709,591232
45,2045,310523,280709,591232
46,2045,310523,280709,591232
47,2045,310523,280709,591232
48,2045,310523,280709,591232
49,2045,310523,280709,591232
50,2045,310523,280709,591232
51,2045,310523,280709,591232
52,2045,310523,280709,591232
53,2045,310523,280709,591232
54,2045,310523,280709,591232
55,2045,310523,280709,591232
56,2045,310523,280709,591232
57,2045,310523,280709,591232
58,2045,310523,280709,591232
59,2045,310523,280709,591232
60,2045,310523,280709,591232
61,2045,310502,280709,591211
62,2045,310482,280709,591191
63,2045,310622,280709,591331
64,2045,310711,280709,591420
65,2045,310776,280709,591485
66,2045,310677,280709,591386
67,2045,310677,280709,591386
68,2045,310677,280709,591386
69,2045,310609,280709,591318
70,2045,310583,280709,591292
71,2045,310117,280695,590812
72,2045,310465,280709,591174
73,2045,310117,280695,590812
74,2045,310117,280695,590812
75,2045,310117,280695,590812
76,2045,310117,280695,590812
77,2045,310117,280695,590812
78,2045,319253,303696,622949
79,2045,314882,303302,618184
80,2045,314483,304209,618692
81,2045,313400,302807,616207
82,2045,313400,302807,616207
83,2045,313400,302807,616207
84,2045,313400,302807,616207
85,2045,313400,302807,616207
86,2045,313400,302807,616207
87,2045,313400,302807,616207
88,2045,313400,302807,616207
89,2045,313400,302807,616207
90,2045,313400,302807,616207
91,2045,313400,302807,616207
92,2045,313400,302807,616207
93,2045,313400,302807,616207
94,2045,313400,302807,616207
95,2045,313400,302807,616207
96,2045,313400,302807,616207
97,2045,313400,302807,616207
98,2045,313400,302807,616207
99,2045,313400,302807,616207
100,2045,313400,302807,616207
0,2045,291929,276118,568047
1,2045,292050,276184,568234
2,2045,292024,276184,568208
3,2045,292099,275673,567772
4,2045,291120,275219,566339
5,2045,290898,274381,565279
6,2045,290201,274869,565070
7,2045,289966,274416,564382
8,2045,293136,274868,568004
9,2045,292151,275983,568134
10,2045,291191,275417,566608
11,2045,292570,276264,568834
12,2045,292503,275712,568215
13,2045,293667,275662,569329
14,2045,296166,275731,571897
15,2045,295497,275115,570612
16,2045,296079,275458,571537
17,2045,303229,276582,579811
18,2045,304477,277399,581876
19,2045,306568,280199,586767
20,2045,308456,280490,588946
21,2045,309412,280464,589876
22,2045,309419,280647,590066
23,2045,309775,280624,590399
24,2045,309777,280624,590401
25,2045,309777,280624,590401
26,2045,309777,280624,590401
27,2045,309777,280624,590401
28,2045,309777,280624,590401
29,2045,309777,280624,590401
30,2045,309777,280624,590401
31,2045,309777,280624,590401
32,2045,309777,280624,590401
33,2045,309777,280624,590401
34,2045,309777,280624,590401
35,2045,309777,280624,590401
36,2045,309777,280624,590401
37,2045,309777,280624,590401
38,2045,309777,280624,590401
39,2045,309777,280624,590401
40,2045,309777,280624,590401
41,2045,310523,280709,591232
42,2045,310523,280709,591232
43,2045,310523,280709,591232
44,2045,310523,280709,591232
45,2045,310523,280709,591232
46,2045,310523,280709,591232
47,2045,310523,280709,591232
48,2045,310523,280709,591232
49,2045,310523,280709,591232
50,2045,310523,280709,591232
51,2045,310523,280709,591232
52,2045,310523,280709,591232
53,2045,310523,280709,591232
54,2045,310523,280709,591232
55,2045,310523,280709,591232
56,2045,310523,280709,591232
57,2045,310523,280709,591232
58,2045,310523,280709,591232
59,2045,310523,280709,591232
60,2045,310523,280709,591232
61,2045,310502,280709,591211
62,2045,310542,280709,591251
63,2045,310622,280709,591331
64,2045,310711,280709,591420
65,2045,310776,280709,591485
66,2045,310677,280709,591386
67,2045,310677,280709,591386
68,2045,310677,280709,591386
69,2045,310609,280709,591318
70,2045,310583,280709,591292
71,2045,310117,280695,590812
72,2045,310465,280709,591174
73,2045,310117,280695,590812
74,2045,310117,280695,590812
75,2045,310117,280695,590812
76,2045,310117,280695,590812
77,2045,310117,280695,590812
78,2045,315391,302409,617800
79,2045,313281,301886,615167
80,2045,313582,303403,616985
81,2045,313300,302781,616081
82,2045,313300,302781,616081
83,2045,313300,302781,616081
84,2045,313300,302781,616081
85,2045,313300,302781,616081
86,2045,313300,302781,616081
87,2045,313300,302781,616081
88,2045,313300,302781,616081
89,2045,313300,302781,616081
90,2045,313300,302781,616081
91,2045,313300,302781,616081
92,2045,313300,302781,616081
93,2045,313300,302781,616081
94,2045,313300,302781,616081
95,2045,313300,302781,616081
96,2045,313300,302781,616081
97,2045,313300,302781,616081
98,2045,313300,302781,616081
99,2045,313300,302781,616081
100,2045,313300,302781,616081
0,2045,290678,274865,565543
1,2045,290646,274600,565246
2,2045,290646,274600,565246
3,2045,292028,275935,567963
4,2045,290806,274931,565737
5,2045,291693,275335,567028
6,2045,289512,272972,562484
7,2045,289426,272773,562199
8,2045,292970,275895,568865
9,2045,292042,275514,567556
10,2045,292198,275741,567939
11,2045,291715,275941,567656
12,2045,292280,275815,568095
13,2045,293958,275737,569695
14,2045,295390,275951,571341
15,2045,295576,275625,571201
16,2045,296316,275830,572146
17,2045,302965,276281,579246
18,2045,304630,277408,582038
19,2045,305272,279385,584657
20,2045,308843,280475,589318
21,2045,308966,280464,589430
22,2045,309419,280616,590035
23,2045,309775,280616,590391
24,2045,309777,280616,590393
25,2045,309777,280616,590393
26,2045,309777,280616,590393
27,2045,309777,280616,590393
28,2045,309777,280616,590393
29,2045,309777,280616,590393
30,2045,309777,280616,590393
31,2045,309777,280616,590393
32,2045,309777,280616,590393
33,2045,309777,280616,590393
34,2045,309777,280616,590393
35,2045,309777,280616,590393
36,2045,309777,280616,590393
37,2045,309777,280616,590393
38,2045,309777,280616,590393
39,2045,309777,280616,590393
40,2045,309777,280616,590393
41,2045,310523,280709,591232
42,2045,310523,280709,591232
43,2045,310523,280709,591232
44,2045,310523,280709,591232
45,2045,310523,280709,591232
46,2045,310523,280709,591232
47,2045,310523,280709,591232
48,2045,310523,280709,591232
49,2045,310523,280709,591232
50,2045,310523,280709,591232
51,2045,310523,280709,591232
52,2045,310523,280709,591232
53,2045,310523,280709,591232
54,2045,310523,280709,591232
55,2045,310523,280709,591232
56,2045,310523,280709,591232
57,2045,310523,280709,591232
58,2045,310523,280709,591232
59,2045,310523,280709,591232
60,2045,310523,280709,591232
61,2045,310502,280709,591211
62,2045,310490,280709,591199
63,2045,310629,280709,591338
64,2045,310711,280709,591420
65,2045,310776,280709,591485
66,2045,310677,280709,591386
67,2045,310677,280709,591386
68,2045,310677,280709,591386
69,2045,310609,280709,591318
70,2045,310583,280709,591292
71,2045,310117,280695,590812
72,2045,310465,280709,591174
73,2045,310117,280695,590812
74,2045,310117,280695,590812
75,2045,310117,280695,590812
76,2045,310117,280695,590812
77,2045,310117,280695,590812
78,2045,314163,302133,616296
79,2045,313574,301568,615142
80,2045,313325,302887,616212
81,2045,314143,304623,618766
82,2045,314143,304623,618766
83,2045,314143,304623,618766
84,2045,314143,304623,618766
85,2045,314143,304623,618766
86,2045,314143,304623,618766
87,2045,314143,304623,618766
88,2045,314143,304623,618766
89,2045,314143,304623,618766
90,2045,314143,304623,618766
91,2045,314143,304623,618766
92,2045,314143,304623,618766
93,2045,314143,304623,618766
94,2045,314143,304623,618766
95,2045,314143,304623,618766
96,2045,314143,304623,618766
97,2045,314143,304623,618766
98,2045,314143,304623,618766
99,2045,314143,304623,618766
100,2045,314143,304623,618766
0,2045,289630,273527,563157
1,2045,289084,272978,562062
2,2045,289096,272978,562074
3,2045,291944,275546,567490
4,2045,290744,274239,564983
5,2045,292628,276596,569224
6,2045,290215,273130,563345
7,2045,290379,273170,563549
8,2045,292789,275868,568657
9,2045,292007,275599,567606
10,2045,292516,276305,568821
11,2045,291831,275642,567473
12,2045,293193,276213,569406
13,2045,294133,275848,569981
14,2045,294756,275557,570313
15,2045,295875,275849,571724
16,2045,296104,275804,571908
17,2045,302976,276373,579349
18,2045,304434,277399,581833
19,2045,305026,279291,584317
20,2045,308802,280475,589277
21,2045,308820,280514,589334
22,2045,309407,280616,590023
23,2045,309775,280624,590399
24,2045,309777,280624,590401
25,2045,309777,280624,590401
26,2045,309777,280624,590401
27,2045,309777,280624,590401
28,2045,309777,280624,590401
29,2045,309777,280624,590401
30,2045,309777,280624,590401
31,2045,309777,280624,590401
32,2045,309777,280624,590401
33,2045,309777,280624,590401
34,2045,309777,280624,590401
35,2045,309777,280624,590401
36,2045,309777,280624,590401
37,2045,309777,280616,590393
38,2045,309777,280616,590393
39,2045,309777,280616,590393
40,2045,309777,280616,590393
41,2045,310523,280709,591232
42,2045,310523,280709,591232
43,2045,310523,280709,591232
44,2045,310523,280709,591232
45,2045,310523,280709,591232
46,2045,310523,280709,591232
47,2045,310523,280709,591232
48,2045,310523,280709,591232
49,2045,310523,280709,591232
50,2045,310523,280709,591232
51,2045,310523,280709,591232
52,2045,310523,280709,591232
53,2045,310523,280709,591232
54,2045,310523,280709,591232
55,2045,310523,280709,591232
56,2045,310523,280709,591232
57,2045,310523,280709,591232
58,2045,310523,280709,591232
59,2045,310523,280709,591232
60,2045,310523,280709,591232
61,2045,310502,280709,591211
62,2045,310482,280709,591191
63,2045,310629,280709,591338
64,2045,310711,280709,591420
65,2045,310776,280709,591485
66,2045,310677,280709,591386
67,2045,310677,280709,591386
68,2045,310677,280709,591386
69,2045,310609,280709,591318
70,2045,310583,280709,591292
71,2045,310117,280695,590812
72,2045,310465,280709,591174
73,2045,310117,280695,590812
74,2045,310117,280695,590812
75,2045,310117,280695,590812
76,2045,310117,280695,590812
77,2045,310117,280695,590812
78,2045,312824,302255,615079
79,2045,312361,301855,614216
80,2045,313545,304204,617749
81,2045,315175,307024,622199
82,2045,315175,307024,622199
83,2045,315175,307024,622199
84,2045,315175,307024,622199
85,2045,315175,307024,622199
86,2045,315175,307024,622199
87,2045,315175,307024,622199
88,2045,315175,307024,622199
89,2045,315175,307024,622199
90,2045,315175,307024,622199
91,2045,315175,307024,622199
92,2045,315175,307024,622199
93,2045,315175,307024,622199
94,2045,315175,307024,622199
95,2045,315175,307024,622199
96,2045,315175,307024,622199
97,2045,315175,307024,622199
98,2045,315175,307024,622199
99,2045,315175,307024,622199
100,2045,315175,307024,622199
0,2045,289931,272729,562660
1,2045,289934,272911,562845
2,2045,289982,272952,562934
3,2045,292195,275576,567771
4,2045,291187,274432,565619
5,2045,291032,274005,565037
6,2045,290574,273727,564301
7,2045,291554,273847,565401
8,2045,292191,275275,567466
9,2045,292300,275900,568200
10,2045,291218,275119,566337
11,2045,292350,275661,568011
12,2045,292533,276111,568644
13,2045,294243,276045,570288
14,2045,294509,275322,569831
15,2045,295696,275954,571650
16,2045,295745,275365,571110
17,2045,302787,276624,579411
18,2045,304700,277408,582108
19,2045,305830,279172,585002
20,2045,308798,280475,589273
21,2045,308721,280514,589235
22,2045,309400,280616,590016
23,2045,309775,280624,590399
24,2045,309777,280624,590401
25,2045,309777,280624,590401
26,2045,309777,280624,590401
27,2045,309777,280624,590401
28,2045,309777,280624,590401
29,2045,309777,280624,590401
30,2045,309777,280624,590401
31,2045,309777,280624,590401
32,2045,309777,280624,590401
33,2045,309777,280624,590401
34,2045,309777,280624,590401
35,2045,309777,280624,590401
36,2045,309777,280624,590401
37,2045,309777,280624,590401
38,2045,309777,280624,590401
39,2045,309777,280624,590401
40,2045,309777,280624,590401
41,2045,310523,280709,591232
42,2045,310523,280709,591232
43,2045,310523,280709,591232
44,2045,310523,280709,591232
45,2045,310523,280709,591232
46,2045,310523,280709,591232
47,2045,310523,280709,591232
48,2045,310523,280709,591232
49,2045,310523,280709,591232
50,2045,310523,280709,591232
51,2045,310523,280709,591232
52,2045,310523,280709,591232
53,2045,310523,280709,591232
54,2045,310523,280709,591232
55,2045,310523,280709,591232
56,2045,310523,280709,591232
57,2045,310523,280709,591232
58,2045,310523,280709,591232
59,2045,310523,280709,591232
60,2045,310523,280709,591232
61,2045,310502,280709,591211
62,2045,310542,280709,591251
63,2045,310622,280709,591331
64,2045,310711,280709,591420
65,2045,310776,280709,591485
66,2045,310677,280709,591386
67,2045,310677,280709,591386
68,2045,310677,280709,591386
69,2045,310609,280709,591318
70,2045,310583,280709,591292
71,2045,310117,280695,590812
72,2045,310465,280709,591174
73,2045,310117,280695,590812
74,2045,310117,280695,590812
75,2045,310117,280695,590812
76,2045,310117,280695,590812
77,2045,310117,280695,590812
78,2045,314312,303031,617343
79,2045,314087,303226,617313
80,2045,313783,305497,619280
81,2045,319234,305827,625061
82,2045,319234,305827,625061
83,2045,319234,305827,625061
84,2045,319234,305827,625061
85,2045,319234,305827,625061
86,2045,319234,305827,625061
87,2045,319234,305827,625061
88,2045,319234,305827,625061
89,2045,319234,305827,625061
90,2045,319234,305827,625061
91,2045,319234,305827,625061
92,2045,319234,305827,625061
93,2045,319234,305827,625061
94,2045,319234,305827,625061
95,2045,319234,305827,625061
96,2045,319234,305827,625061
97,2045,319234,305827,625061
98,2045,319234,305827,625061
99,2045,319234,305827,625061
100,2045,319234,305827,625061
0,2045,290389,273324,563713
1,2045,290357,273423,563780
2,2045,290327,273499,563826
3,2045,292216,275829,568045
4,2045,292652,275969,568621
5,2045,290429,274160,564589
6,2045,291995,274742,566737
7,2045,293131,275594,568725
8,2045,292310,275603,567913
9,2045,292239,275895,568134
10,2045,291305,275231,566536
11,2045,292658,276470,569128
12,2045,291894,275712,567606
13,2045,293818,275668,569486
14,2045,294959,275664,570623
15,2045,295329,275541,570870
16,2045,296065,275365,571430
17,2045,302452,276309,578761
18,2045,304434,277399,581833
19,2045,307640,279219,586859
20,2045,308797,280475,589272
21,2045,309191,280529,589720
22,2045,309411,280647,590058
23,2045,309775,280624,590399
24,2045,309777,280624,590401
25,2045,309777,280624,590401
26,2045,309777,280624,590401
27,2045,309777,280624,590401
28,2045,309777,280624,590401
29,2045,309777,280624,590401
30,2045,309777,280624,590401
31,2045,309777,280624,590401
32,2045,309777,280624,590401
33,2045,309777,280624,590401
34,2045,309777,280624,590401
35,2045,309777,280624,590401
36,2045,309777,280624,590401
37,2045,309777,280624,590401
38,2045,309777,280624,590401
39,2045,309777,280624,590401
40,2045,309777,280624,590401
41,2045,310523,280709,591232
42,2045,310523,280709,591232
43,2045,310523,280709,591232
44,2045,310523,280709,591232
45,2045,310523,280709,591232
46,2045,310523,280709,591232
47,2045,310523,280709,591232
48,2045,310523,280709,591232
49,2045,310523,280709,591232
50,2045,310523,280709,591232
51,2045,310523,280709,591232
52,2045,310523,280709,591232
53,2045,310523,280709,591232
54,2045,310523,280709,591232
55,2045,310523,280709,591232
56,2045,310523,280709,591232
57,2045,310523,280709,591232
58,2045,310523,280709,591232
59,2045,310523,280709,591232
60,2045,310523,280709,591232
61,2045,310502,280709,591211
62,2045,310490,280709,591199
63,2045,310622,280709,591331
64,2045,310711,280709,591420
65,2045,310776,280709,591485
66,2045,310677,280709,591386
67,2045,310677,280709,591386
68,2045,310677,280709,591386
69,2045,310609,280709,591318
70,2045,310583,280709,591292
71,2045,310117,280695,590812
72,2045,310465,280709,591174
73,2045,310117,280695,590812
74,2045,310117,280695,590812
75,2045,310117,280695,590812
76,2045,310117,280695,590812
77,2045,310117,280695,590812
78,2045,314565,303350,617915
79,2045,315463,303836,619299
80,2045,315597,307591,623188
81,2045,318475,306338,624813
82,2045,318475,306338,624813
83,2045,318475,306338,624813
84,2045,318475,306338,624813
85,2045,318475,306338,624813
86,2045,318475,306338,624813
87,2045,318475,306338,624813
88,2045,318475,306338,624813
89,2045,318475,306338,624813
90,2045,318475,306338,624813
91,2045,318475,306338,624813
92,2045,318475,306338,624813
93,2045,318475,306338,624813
94,2045,318475,306338,624813
95,2045,318475,306338,624813
96,2045,318475,306338,624813
97,2045,318475,306338,624813
98,2045,318475,306338,624813
99,2045,318475,306338,624813
100,2045,318475,306338,624813
0,2045,265881,238812,504693
1,2045,265925,238812,504737
2,2045,265919,238817,504736
3,2045,268478,238817,507295
4,2045,266536,243738,510274
5,2045,273322,239438,512760
6,2045,268497,239841,508338
7,2045,268597,243956,512553
8,2045,268829,244670,513499
9,2045,268857,244670,513527
10,2045,292373,275869,568242
11,2045,291521,275321,566842
12,2045,268532,244461,512993
13,2045,293942,275538,569480
14,2045,270916,264298,535214
15,2045,278780,264822,543602
16,2045,296330,275907,572237
17,2045,305226,294185,599411
18,2045,306354,293540,599894
19,2045,310334,297538,607872
20,2045,310627,293449,604076
21,2045,309994,293156,603150
22,2045,310056,294556,604612
23,2045,311830,301724,613554
24,2045,313226,303708,616934
25,2045,356439,378118,734557
26,2045,471113,459668,930781
27,2045,472330,458816,931146
28,2045,472330,458816,931146
29,2045,472330,458816,931146
30,2045,468845,460027,928872
31,2045,472391,458336,930727
32,2045,474070,458903,932973
33,2045,474168,458903,933071
34,2045,477391,463686,941077
35,2045,478055,465595,943650
36,2045,479666,469676,949342
37,2045,480425,470591,951016
38,2045,481291,474292,955583
39,2045,482539,474625,957164
40,2045,484660,478430,963090
41,2045,484855,480287,965142
42,2045,485053,483142,968195
43,2045,356318,378640,734958
44,2045,356457,378690,735147
45,2045,356519,378690,735209
46,2045,356519,378690,735209
47,2045,357200,378690,735890
48,2045,357200,378690,735890
49,2045,357200,378690,735890
50,2045,357200,378690,735890
51,2045,357213,378690,735903
52,2045,356633,378690,735323
53,2045,357213,378690,735903
54,2045,357213,378690,735903
55,2045,357213,378690,735903
56,2045,315885,305769,621654
57,2045,315885,305769,621654
58,2045,315885,305769,621654
59,2045,315709,305769,621478
60,2045,315709,305769,621478
61,2045,315726,305769,621495
62,2045,315726,305769,621495
63,2045,315948,305769,621717
64,2045,315983,305769,621752
65,2045,315983,305769,621752
66,2045,315983,305769,621752
67,2045,312976,304841,617817
68,2045,283134,304564,587698
69,2045,282997,304318,587315
70,2045,277638,304160,581798
71,2045,270186,306170,576356
72,2045,282684,304318,587002
73,2045,269845,305097,574942
74,2045,270221,305097,575318
75,2045,270219,305296,575515
76,2045,272545,304520,577065
77,2045,283055,278840,561895
78,2045,314756,304905,619661
79,2045,315414,305076,620490
80,2045,317409,308321,625730
81,2045,319642,305252,624894
82,2045,305964,202690,508654
83,2045,305964,202690,508654
84,2045,305964,202780,508744
85,2045,305964,206240,512204
86,2045,305964,197748,503712
87,2045,305964,195285,501249
88,2045,305964,195285,501249
89,2045,305964,195285,501249
90,2045,305964,195285,501249
91,2045,305964,195285,501249
92,2045,305964,195285,501249
93,2045,305964,195285,501249
94,2045,305964,195285,501249
95,2045,305964,195285,501249
96,2045,305964,195285,501249
97,2045,305964,195285,501249
98,2045,305964,195285,501249
99,2045,305964,195285,501249
100,2045,305964,195285,501249
0,2045,269518,200144,469662
1,2045,271373,225211,496584
2,2045,271369,236826,508195
3,2045,265803,227113,492916
4,2045,260875,236855,497730
5,2045,262349,237620,499969
6,2045,267064,237813,504877
7,2045,266652,237685,504337
8,2045,272761,237674,510435
9,2045,271200,269570,540770
10,2045,292433,276415,568848
11,2045,291391,275660,567051
12,2045,292115,276446,568561
13,2045,294261,275802,570063
14,2045,293141,275952,569093
15,2045,283056,272868,555924
16,2045,268996,265220,534216
17,2045,306363,297560,603923
18,2045,308825,296796,605621
19,2045,311823,297324,609147
20,2045,310208,294847,605055
21,2045,311752,293351,605103
22,2045,312401,296062,608463
23,2045,315037,301261,616298
24,2045,315770,304093,619863
25,2045,361561,380613,742174
26,2045,365256,402172,767428
27,2045,365256,402172,767428
28,2045,471550,463201,934751
29,2045,471550,463201,934751
30,2045,474582,461552,936134
31,2045,466929,461694,928623
32,2045,474734,463211,937945
33,2045,474824,463211,938035
34,2045,475184,463970,939154
35,2045,476680,465745,942425
36,2045,481679,472721,954400
37,2045,481674,473315,954989
38,2045,482715,475630,958345
39,2045,483880,475935,959815
40,2045,486370,479386,965756
41,2045,486593,481283,967876
42,2045,486570,484046,970616
43,2045,485085,483993,969078
44,2045,361908,381135,743043
45,2045,361908,381135,743043
46,2045,361908,381135,743043
47,2045,361966,381134,743100
48,2045,361966,381134,743100
49,2045,361966,381134,743100
50,2045,361966,381134,743100
51,2045,361966,381134,743100
52,2045,361966,381135,743101
53,2045,361966,381134,743100
54,2045,484550,486261,970811
55,2045,361966,381134,743100
56,2045,356461,378690,735151
57,2045,322602,306148,628750
58,2045,321742,307258,629000
59,2045,317946,305941,623887
60,2045,317946,305941,623887
61,2045,318228,307167,625395
62,2045,322497,305412,627909
63,2045,345123,372476,717599
64,2045,321550,307258,628808
65,2045,319224,307225,626449
66,2045,284773,307055,591828
67,2045,319257,307210,626467
68,2045,284945,306826,591771
69,2045,271162,306412,577574
70,2045,268332,306412,574744
71,2045,267079,309010,576089
72,2045,268561,306574,575135
73,2045,268203,306940,575143
74,2045,267179,305873,573052
75,2045,267038,305763,572801
76,2045,267598,305024,572622
77,2045,268340,305704,574044
78,2045,315901,306651,622552
79,2045,309696,297907,607603
80,2045,309017,261437,570454
81,2045,308480,261119,569599
82,2045,308970,200618,509588
83,2045,308970,200618,509588
84,2045,308970,200618,509588
85,2045,308970,201495,510465
86,2045,308970,195178,504148
87,2045,308970,193070,502040
88,2045,308970,193070,502040
89,2045,308970,193070,502040
90,2045,308970,193070,502040
91,2045,308970,193070,502040
92,2045,308970,193070,502040
93,2045,308970,193070,502040
94,2045,308970,193070,502040
95,2045,308970,193070,502040
96,2045,308970,193070,502040
97,2045,308970,193070,502040
98,2045,308970,193070,502040
99,2045,308970,193070,502040
100,2045,308970,193070,502040
0,2046,292160,275407,567567
1,2046,292160,275407,567567
2,2046,292156,275407,567563
3,2046,292317,275433,567750
4,2046,292459,275435,567894
5,2046,292604,275460,568064
6,2046,292715,275538,568253
7,2046,292699,275529,568228
8,2046,292688,275503,568191
9,2046,292689,275485,568174
10,2046,292704,275551,568255
11,2046,292828,275972,568800
12,2046,293342,276256,569598
13,2046,293719,276375,570094
14,2046,293758,276281,570039
15,2046,293823,276272,570095
16,2046,294123,276355,570478
17,2046,294561,276410,570971
18,2046,295789,276733,572522
19,2046,296731,278188,574919
20,2046,296795,278225,575020
21,2046,296833,278284,575117
22,2046,296862,278532,575394
23,2046,296890,278545,575435
24,2046,296890,278545,575435
25,2046,296890,278545,575435
26,2046,296890,278545,575435
27,2046,296890,278545,575435
28,2046,296890,278545,575435
29,2046,296890,278545,575435
30,2046,296890,278545,575435
31,2046,296890,278545,575435
32,2046,296890,278545,575435
33,2046,296890,278545,575435
34,2046,296890,278545,575435
35,2046,296890,278545,575435
36,2046,296890,278545,575435
37,2046,296890,278545,575435
38,2046,296890,278545,575435
39,2046,296890,278545,575435
40,2046,296890,278545,575435
41,2046,296890,278545,575435
42,2046,296890,278545,575435
43,2046,296890,278545,575435
44,2046,296890,278545,575435
45,2046,296890,278545,575435
46,2046,296881,278545,575426
47,2046,296873,278545,575418
48,2046,296873,278545,575418
49,2046,296873,278545,575418
50,2046,296873,278545,575418
51,2046,296873,278595,575468
52,2046,296873,278595,575468
53,2046,296873,278595,575468
54,2046,296873,278595,575468
55,2046,296873,278595,575468
56,2046,296873,278595,575468
57,2046,296873,278595,575468
58,2046,296873,278595,575468
59,2046,296873,278595,575468
60,2046,296873,278595,575468
61,2046,296873,278595,575468
62,2046,296873,278595,575468
63,2046,296873,278595,575468
64,2046,296825,278595,575420
65,2046,296825,278595,575420
66,2046,296738,278595,575333
67,2046,296738,278595,575333
68,2046,296472,278595,575067
69,2046,296377,278595,574972
70,2046,296237,278595,574832
71,2046,295800,278595,574395
72,2046,295800,278595,574395
73,2046,295461,278595,574056
74,2046,295423,278595,574018
75,2046,295423,278595,574018
76,2046,295423,278595,574018
77,2046,295423,278595,574018
78,2046,295423,279554,574977
79,2046,295423,279363,574786
80,2046,295423,279614,575037
81,2046,295423,279743,575166
82,2046,295423,279743,575166
83,2046,295423,279743,575166
84,2046,295423,279743,575166
85,2046,295423,279743,575166
86,2046,295423,279743,575166
87,2046,295423,279743,575166
88,2046,295423,279743,575166
89,2046,295423,279743,575166
90,2046,295423,279743,575166
91,2046,295423,279743,575166
92,2046,295423,279743,575166
93,2046,295423,279743,575166
94,2046,295423,279743,575166
95,2046,295423,279743,575166
96,2046,295423,279743,575166
97,2046,295423,279743,575166
98,2046,295423,279743,575166
99,2046,295423,279743,575166
100,2046,295423,279743,575166
0,2046,292266,275259,567525
1,2046,292266,275259,567525
2,2046,292259,275259,567518
3,2046,292436,275274,567710
4,2046,292615,275193,567808
5,2046,292741,275299,568040
6,2046,292868,275406,568274
7,2046,292842,275390,568232
8,2046,292820,275364,568184
9,2046,292815,275344,568159
10,2046,292810,275474,568284
11,2046,292862,275699,568561
12,2046,293184,275754,568938
13,2046,293704,275708,569412
14,2046,293937,275800,569737
15,2046,294124,275792,569916
16,2046,294466,275859,570325
17,2046,295672,275850,571522
18,2046,297964,276497,574461
19,2046,298821,278322,577143
20,2046,299958,278491,578449
21,2046,300126,278538,578664
22,2046,300128,279006,579134
23,2046,300136,279020,579156
24,2046,300136,279020,579156
25,2046,300136,279020,579156
26,2046,300136,279020,579156
27,2046,300136,279020,579156
28,2046,300136,279020,579156
29,2046,300136,279020,579156
30,2046,300136,279020,579156
31,2046,300136,279020,579156
32,2046,300136,279020,579156
33,2046,300136,279020,579156
34,2046,300136,279020,579156
35,2046,300136,279020,579156
36,2046,300136,279020,579156
37,2046,300136,279020,579156
38,2046,300136,279020,579156
39,2046,300136,279020,579156
40,2046,300136,279020,579156
41,2046,300136,279020,579156
42,2046,300136,279020,579156
43,2046,300136,279020,579156
44,2046,300538,279020,579558
45,2046,300538,279020,579558
46,2046,300536,279020,579556
47,2046,300528,279020,579548
48,2046,300528,279020,579548
49,2046,300528,279020,579548
50,2046,300528,279020,579548
51,2046,300528,279059,579587
52,2046,300528,279059,579587
53,2046,300528,279059,579587
54,2046,300528,279059,579587
55,2046,300528,279059,579587
56,2046,300528,279059,579587
57,2046,300528,279059,579587
58,2046,300528,279059,579587
59,2046,300528,279059,579587
60,2046,300528,279059,579587
61,2046,300528,279059,579587
62,2046,300528,279059,579587
63,2046,300528,279059,579587
64,2046,300557,279059,579616
65,2046,300557,279059,579616
66,2046,300066,279059,579125
67,2046,300008,279059,579067
68,2046,299613,279059,578672
69,2046,299663,279059,578722
70,2046,299415,279037,578452
71,2046,298888,279037,577925
72,2046,298782,279037,577819
73,2046,298283,278963,577246
74,2046,298238,278963,577201
75,2046,298238,278963,577201
76,2046,298238,278963,577201
77,2046,298238,278963,577201
78,2046,298344,280269,578613
79,2046,298259,280078,578337
80,2046,298344,280826,579170
81,2046,298338,280568,578906
82,2046,298338,280568,578906
83,2046,298338,280568,578906
84,2046,298338,280568,578906
85,2046,298338,280568,578906
86,2046,298338,280568,578906
87,2046,298338,280568,578906
88,2046,298338,280568,578906
89,2046,298338,280568,578906
90,2046,298338,280568,578906
91,2046,298338,280568,578906
92,2046,298338,280568,578906
93,2046,298338,280568,578906
94,2046,298338,280568,578906
95,2046,298338,280568,578906
96,2046,298338,280568,578906
97,2046,298338,280568,578906
98,2046,298338,280568,578906
99,2046,298338,280568,578906
100,2046,298338,280568,578906
0,2046,292274,275413,567687
1,2046,292274,275413,567687
2,2046,292266,275413,567679
3,2046,292417,275347,567764
4,2046,292716,275394,568110
5,2046,292856,275450,568306
6,2046,292910,275526,568436
7,2046,292866,275510,568376
8,2046,292838,275471,568309
9,2046,292865,275477,568342
10,2046,292819,275561,568380
11,2046,292909,275804,568713
12,2046,293366,276259,569625
13,2046,294527,276216,570743
14,2046,294776,276418,571194
15,2046,295034,276413,571447
16,2046,296135,276482,572617
17,2046,297419,276524,573943
18,2046,299982,276890,576872
19,2046,300697,278092,578789
20,2046,300794,278561,579355
21,2046,301474,278636,580110
22,2046,301310,278941,580251
23,2046,301326,278955,580281
24,2046,301326,278955,580281
25,2046,301326,278955,580281
26,2046,301326,278955,580281
27,2046,301326,278955,580281
28,2046,301326,278955,580281
29,2046,301326,278955,580281
30,2046,301326,278955,580281
31,2046,301326,278955,580281
32,2046,301326,278955,580281
33,2046,301326,278955,580281
34,2046,301326,278955,580281
35,2046,301326,278955,580281
36,2046,301326,278955,580281
37,2046,301326,278955,580281
38,2046,301326,278955,580281
39,2046,301326,278955,580281
40,2046,301326,278955,580281
41,2046,301326,278955,580281
42,2046,301326,278955,580281
43,2046,301333,278955,580288
44,2046,303077,279111,582188
45,2046,303077,279111,582188
46,2046,302118,279111,581229
47,2046,302109,279111,581220
48,2046,302109,279111,581220
49,2046,302109,279111,581220
50,2046,302109,279111,581220
51,2046,302109,279149,581258
52,2046,302109,279149,581258
53,2046,302109,279149,581258
54,2046,302109,279149,581258
55,2046,302109,279149,581258
56,2046,302109,279149,581258
57,2046,302109,279149,581258
58,2046,302109,279149,581258
59,2046,302109,279149,581258
60,2046,302109,279149,581258
61,2046,302109,279149,581258
62,2046,302109,279149,581258
63,2046,302109,279149,581258
64,2046,303056,279149,582205
65,2046,303056,279149,582205
66,2046,301751,278994,580745
67,2046,301764,278926,580690
68,2046,301625,278926,580551
69,2046,301693,278926,580619
70,2046,301698,278926,580624
71,2046,302699,279051,581750
72,2046,302614,279051,581665
73,2046,301717,279129,580846
74,2046,301717,279129,580846
75,2046,301717,279129,580846
76,2046,301717,279129,580846
77,2046,301717,279129,580846
78,2046,301618,283834,585452
79,2046,301588,283520,585108
80,2046,301523,283856,585379
81,2046,301545,283856,585401
82,2046,301545,283856,585401
83,2046,301545,283856,585401
84,2046,301545,283856,585401
85,2046,301545,283856,585401
86,2046,301545,283856,585401
87,2046,301545,283856,585401
88,2046,301545,283856,585401
89,2046,301545,283856,585401
90,2046,301545,283856,585401
91,2046,301545,283856,585401
92,2046,301545,283856,585401
93,2046,301545,283856,585401
94,2046,301545,283856,585401
95,2046,301545,283856,585401
96,2046,301545,283856,585401
97,2046,301545,283856,585401
98,2046,301545,283856,585401
99,2046,301545,283856,585401
100,2046,301545,283856,585401
0,2046,292099,274901,567000
1,2046,292099,274901,567000
2,2046,292091,274901,566992
3,2046,292300,274901,567201
4,2046,292463,274931,567394
5,2046,292518,274983,567501
6,2046,292615,275035,567650
7,2046,292607,275057,567664
8,2046,292601,275043,567644
9,2046,292574,275024,567598
10,2046,292549,275055,567604
11,2046,292624,275339,567963
12,2046,293047,275490,568537
13,2046,294584,275590,570174
14,2046,295239,275679,570918
15,2046,297561,275661,573222
16,2046,296031,275360,571391
17,2046,298511,275281,573792
18,2046,300960,276311,577271
19,2046,318140,278178,596318
20,2046,318570,278704,597274
21,2046,307169,279147,586316
22,2046,306963,279195,586158
23,2046,307025,279209,586234
24,2046,307025,279209,586234
25,2046,307025,279209,586234
26,2046,307025,279209,586234
27,2046,307025,279209,586234
28,2046,307025,279209,586234
29,2046,307025,279209,586234
30,2046,307025,279209,586234
31,2046,307025,279209,586234
32,2046,307025,279209,586234
33,2046,307025,279209,586234
34,2046,307025,279209,586234
35,2046,307025,279209,586234
36,2046,307025,279209,586234
37,2046,307025,279209,586234
38,2046,307025,279209,586234
39,2046,307025,279209,586234
40,2046,307025,279209,586234
41,2046,307025,279209,586234
42,2046,307025,279209,586234
43,2046,307025,279209,586234
44,2046,309401,279433,588834
45,2046,309401,279433,588834
46,2046,308138,279364,587502
47,2046,308207,279364,587571
48,2046,308207,279364,587571
49,2046,308207,279364,587571
50,2046,308207,279364,587571
51,2046,308198,279402,587600
52,2046,308198,279402,587600
53,2046,308198,279402,587600
54,2046,308198,279402,587600
55,2046,308198,279402,587600
56,2046,308198,279402,587600
57,2046,308198,279402,587600
58,2046,308198,279402,587600
59,2046,308198,279402,587600
60,2046,308198,279402,587600
61,2046,308198,279402,587600
62,2046,308198,279402,587600
63,2046,308198,279402,587600
64,2046,309449,279472,588921
65,2046,309538,279472,589010
66,2046,307947,279400,587347
67,2046,308227,279400,587627
68,2046,307618,279138,586756
69,2046,307735,279232,586967
70,2046,307742,279123,586865
71,2046,309127,279187,588314
72,2046,308751,279129,587880
73,2046,307179,279129,586308
74,2046,307179,279129,586308
75,2046,307179,279129,586308
76,2046,307179,279129,586308
77,2046,307179,279129,586308
78,2046,306934,286413,593347
79,2046,306862,284996,591858
80,2046,306855,286432,593287
81,2046,306855,286432,593287
82,2046,306855,286432,593287
83,2046,306855,286432,593287
84,2046,306855,286432,593287
85,2046,306855,286432,593287
86,2046,306855,286432,593287
87,2046,306855,286432,593287
88,2046,306855,286432,593287
89,2046,306855,286432,593287
90,2046,306855,286432,593287
91,2046,306855,286432,593287
92,2046,306855,286432,593287
93,2046,306855,286432,593287
94,2046,306855,286432,593287
95,2046,306855,286432,593287
96,2046,306855,286432,593287
97,2046,306855,286432,593287
98,2046,306855,286432,593287
99,2046,306855,286432,593287
100,2046,306855,286432,593287
0,2046,292414,276267,568681
1,2046,292414,276267,568681
2,2046,292410,276267,568677
3,2046,292524,276267,568791
4,2046,292770,276374,569144
5,2046,292782,276405,569187
6,2046,292777,275836,568613
7,2046,292789,275833,568622
8,2046,292809,276105,568914
9,2046,292817,276218,569035
10,2046,292752,276008,568760
11,2046,292786,276013,568799
12,2046,292637,275836,568473
13,2046,294207,275567,569774
14,2046,297544,275452,572996
15,2046,296712,275491,572203
16,2046,295873,275344,571217
17,2046,298696,275638,574334
18,2046,308040,277244,585284
19,2046,310244,279250,589494
20,2046,310992,279343,590335
21,2046,309447,279369,588816
22,2046,309498,279517,589015
23,2046,309548,279517,589065
24,2046,309548,279517,589065
25,2046,309548,279517,589065
26,2046,309548,279517,589065
27,2046,309548,279517,589065
28,2046,309548,279517,589065
29,2046,309548,279517,589065
30,2046,309548,279517,589065
31,2046,309548,279517,589065
32,2046,309548,279517,589065
33,2046,309548,279517,589065
34,2046,309548,279517,589065
35,2046,309548,279517,589065
36,2046,309548,279517,589065
37,2046,309933,279517,589450
38,2046,309933,279517,589450
39,2046,309933,279517,589450
40,2046,309933,279517,589450
41,2046,309933,279517,589450
42,2046,309933,279517,589450
43,2046,309933,279517,589450
44,2046,311218,279445,590663
45,2046,311218,279445,590663
46,2046,311078,279485,590563
47,2046,311078,279485,590563
48,2046,311078,279485,590563
49,2046,311078,279485,590563
50,2046,311078,279485,590563
51,2046,311087,279523,590610
52,2046,311087,279523,590610
53,2046,311087,279523,590610
54,2046,311087,279523,590610
55,2046,311087,279523,590610
56,2046,311087,279523,590610
57,2046,311087,279523,590610
58,2046,311087,279523,590610
59,2046,311087,279523,590610
60,2046,311087,279523,590610
61,2046,311087,279523,590610
62,2046,311087,279523,590610
63,2046,311197,279523,590720
64,2046,311402,279483,590885
65,2046,311494,279483,590977
66,2046,311142,279522,590664
67,2046,311181,279522,590703
68,2046,310276,279498,589774
69,2046,310326,279498,589824
70,2046,310257,279585,589842
71,2046,310672,279598,590270
72,2046,310683,279572,590255
73,2046,309854,279579,589433
74,2046,309854,279579,589433
75,2046,309854,279579,589433
76,2046,309854,279579,589433
77,2046,309854,279579,589433
78,2046,309223,297053,606276
79,2046,309182,295170,604352
80,2046,309215,297002,606217
81,2046,309223,297359,606582
82,2046,309223,297359,606582
83,2046,309223,297359,606582
84,2046,309223,297359,606582
85,2046,309223,297359,606582
86,2046,309223,297359,606582
87,2046,309223,297359,606582
88,2046,309223,297359,606582
89,2046,309223,297359,606582
90,2046,309223,297359,606582
91,2046,309223,297359,606582
92,2046,309223,297359,606582
93,2046,309223,297359,606582
94,2046,309223,297359,606582
95,2046,309223,297359,606582
96,2046,309223,297359,606582
97,2046,309223,297359,606582
98,2046,309223,297359,606582
99,2046,309223,297359,606582
100,2046,309223,297359,606582
0,2046,290839,275033,565872
1,2046,290839,275033,565872
2,2046,290835,275033,565868
3,2046,290937,275233,566170
4,2046,291005,274937,565942
5,2046,291046,275155,566201
6,2046,292232,276240,568472
7,2046,292199,276233,568432
8,2046,291249,275661,566910
9,2046,291199,275601,566800
10,2046,292123,276191,568314
11,2046,292361,276048,568409
12,2046,293171,276060,569231
13,2046,294126,275531,569657
14,2046,296668,275937,572605
15,2046,295244,275388,570632
16,2046,296127,275713,571840
17,2046,298662,276231,574893
18,2046,305162,277907,583069
19,2046,309543,280666,590209
20,2046,310358,280573,590931
21,2046,310236,280007,590243
22,2046,310517,280086,590603
23,2046,310504,280086,590590
24,2046,310504,280086,590590
25,2046,310504,280086,590590
26,2046,310504,280086,590590
27,2046,310504,280086,590590
28,2046,310504,280086,590590
29,2046,310504,280086,590590
30,2046,310504,280086,590590
31,2046,310504,280086,590590
32,2046,310504,280086,590590
33,2046,310504,280086,590590
34,2046,310504,280086,590590
35,2046,310504,280086,590590
36,2046,310504,280086,590590
37,2046,310568,280086,590654
38,2046,310568,280086,590654
39,2046,310568,280086,590654
40,2046,310568,280086,590654
41,2046,310949,280086,591035
42,2046,310949,280086,591035
43,2046,310949,280086,591035
44,2046,311212,280770,591982
45,2046,311212,280770,591982
46,2046,311402,280718,592120
47,2046,311402,280718,592120
48,2046,311402,280718,592120
49,2046,311402,280718,592120
50,2046,311402,280718,592120
51,2046,311402,280757,592159
52,2046,311402,280757,592159
53,2046,311402,280757,592159
54,2046,311402,280757,592159
55,2046,311402,280757,592159
56,2046,311402,280757,592159
57,2046,311402,280757,592159
58,2046,311402,280757,592159
59,2046,311402,280757,592159
60,2046,311402,280757,592159
61,2046,311402,280757,592159
62,2046,311402,280757,592159
63,2046,311500,280757,592257
64,2046,311363,280826,592189
65,2046,311724,280826,592550
66,2046,311611,280757,592368
67,2046,311478,280757,592235
68,2046,311136,280282,591418
69,2046,311224,280386,591610
70,2046,311089,280359,591448
71,2046,311023,280782,591805
72,2046,311415,280757,592172
73,2046,310475,280113,590588
74,2046,310475,280113,590588
75,2046,310475,280113,590588
76,2046,310475,280113,590588
77,2046,310475,280113,590588
78,2046,312080,301426,613506
79,2046,311717,300216,611933
80,2046,312078,301550,613628
81,2046,312097,305369,617466
82,2046,312097,305369,617466
83,2046,312097,305369,617466
84,2046,312097,305369,617466
85,2046,312097,305369,617466
86,2046,312097,305369,617466
87,2046,312097,305369,617466
88,2046,312097,305369,617466
89,2046,312097,305369,617466
90,2046,312097,305369,617466
91,2046,312097,305369,617466
92,2046,312097,305369,617466
93,2046,312097,305369,617466
94,2046,312097,305369,617466
95,2046,312097,305369,617466
96,2046,312097,305369,617466
97,2046,312097,305369,617466
98,2046,312097,305369,617466
99,2046,312097,305369,617466
100,2046,312097,305369,617466
0,2046,289659,274603,564262
1,2046,289659,274603,564262
2,2046,289665,274603,564268
3,2046,290131,274992,565123
4,2046,290075,275018,565093
5,2046,290517,275453,565970
6,2046,291142,275727,566869
7,2046,291129,275727,566856
8,2046,291983,276029,568012
9,2046,291141,275810,566951
10,2046,291146,275616,566762
11,2046,292016,276074,568090
12,2046,292897,276138,569035
13,2046,294262,276019,570281
14,2046,294683,275572,570255
15,2046,297679,275397,573076
16,2046,295993,275946,571939
17,2046,298812,276626,575438
18,2046,303893,278118,582011
19,2046,307392,280296,587688
20,2046,308113,280287,588400
21,2046,310267,280533,590800
22,2046,310619,280734,591353
23,2046,310685,280734,591419
24,2046,310685,280734,591419
25,2046,310685,280734,591419
26,2046,310685,280734,591419
27,2046,310685,280734,591419
28,2046,310685,280734,591419
29,2046,310685,280734,591419
30,2046,310685,280734,591419
31,2046,310685,280734,591419
32,2046,310685,280734,591419
33,2046,310685,280734,591419
34,2046,310685,280734,591419
35,2046,310685,280734,591419
36,2046,310685,280734,591419
37,2046,310706,280734,591440
38,2046,310706,280734,591440
39,2046,310706,280734,591440
40,2046,310706,280734,591440
41,2046,311060,280758,591818
42,2046,311060,280758,591818
43,2046,311060,280758,591818
44,2046,310515,280639,591154
45,2046,310515,280639,591154
46,2046,310557,280639,591196
47,2046,310557,280639,591196
48,2046,310557,280639,591196
49,2046,310557,280639,591196
50,2046,310557,280639,591196
51,2046,310557,280639,591196
52,2046,310557,280639,591196
53,2046,310557,280639,591196
54,2046,310557,280639,591196
55,2046,310557,280639,591196
56,2046,310557,280639,591196
57,2046,310557,280639,591196
58,2046,310557,280639,591196
59,2046,310557,280639,591196
60,2046,310557,280639,591196
61,2046,310557,280639,591196
62,2046,310557,280639,591196
63,2046,310910,280639,591549
64,2046,310761,280639,591400
65,2046,311033,280639,591672
66,2046,311135,280672,591807
67,2046,310932,280639,591571
68,2046,311116,280771,591887
69,2046,311041,280703,591744
70,2046,310992,280666,591658
71,2046,310516,280639,591155
72,2046,310473,280639,591112
73,2046,311008,280697,591705
74,2046,311008,280697,591705
75,2046,311008,280697,591705
76,2046,311008,280697,591705
77,2046,311008,280697,591705
78,2046,314470,302480,616950
79,2046,314144,302411,616555
80,2046,314352,302829,617181
81,2046,316242,304224,620466
82,2046,316242,304224,620466
83,2046,316242,304224,620466
84,2046,316242,304224,620466
85,2046,316242,304224,620466
86,2046,316242,304224,620466
87,2046,316242,304224,620466
88,2046,316242,304224,620466
89,2046,316242,304224,620466
90,2046,316242,304224,620466
91,2046,316242,304224,620466
92,2046,316242,304224,620466
93,2046,316242,304224,620466
94,2046,316242,304224,620466
95,2046,316242,304224,620466
96,2046,316242,304224,620466
97,2046,316242,304224,620466
98,2046,316242,304224,620466
99,2046,316242,304224,620466
100,2046,316242,304224,620466
0,2046,289139,272661,561800
1,2046,289139,272661,561800
2,2046,289140,272661,561801
3,2046,289119,272764,561883
4,2046,289360,272455,561815
5,2046,290329,273837,564166
6,2046,290582,275044,565626
7,2046,290513,275001,565514
8,2046,291822,275327,567149
9,2046,292040,275205,567245
10,2046,290765,275121,565886
11,2046,291646,275629,567275
12,2046,292463,275852,568315
13,2046,293960,275907,569867
14,2046,294086,274870,568956
15,2046,297101,275906,573007
16,2046,295988,275549,571537
17,2046,299178,275915,575093
18,2046,303074,277430,580504
19,2046,305532,280384,585916
20,2046,307797,280492,588289
21,2046,309263,280395,589658
22,2046,309846,280601,590447
23,2046,310066,280601,590667
24,2046,310068,280601,590669
25,2046,310068,280601,590669
26,2046,310068,280601,590669
27,2046,310068,280601,590669
28,2046,310068,280601,590669
29,2046,310068,280601,590669
30,2046,310068,280601,590669
31,2046,310068,280601,590669
32,2046,310068,280601,590669
33,2046,310068,280601,590669
34,2046,310068,280601,590669
35,2046,310068,280601,590669
36,2046,310068,280601,590669
37,2046,310106,280601,590707
38,2046,310106,280601,590707
39,2046,310106,280601,590707
40,2046,310106,280601,590707
41,2046,310504,280601,591105
42,2046,310504,280601,591105
43,2046,310504,280601,591105
44,2046,310371,280615,590986
45,2046,310371,280615,590986
46,2046,310431,280601,591032
47,2046,310431,280601,591032
48,2046,310431,280601,591032
49,2046,310431,280601,591032
50,2046,310431,280601,591032
51,2046,310431,280601,591032
52,2046,310431,280601,591032
53,2046,310431,280601,591032
54,2046,310431,280601,591032
55,2046,310431,280601,591032
56,2046,310431,280601,591032
57,2046,310431,280601,591032
58,2046,310431,280601,591032
59,2046,310431,280601,591032
60,2046,310425,280601,591026
61,2046,310396,280601,590997
62,2046,310384,280601,590985
63,2046,310452,280601,591053
64,2046,310622,280615,591237
65,2046,310565,280615,591180
66,2046,310466,280601,591067
67,2046,310560,280601,591161
68,2046,310503,280601,591104
69,2046,310459,280601,591060
70,2046,310415,280601,591016
71,2046,310321,280601,590922
72,2046,310394,280611,591005
73,2046,310297,280601,590898
74,2046,310297,280601,590898
75,2046,310297,280601,590898
76,2046,310297,280601,590898
77,2046,310297,280601,590898
78,2046,316765,303090,619855
79,2046,316576,303067,619643
80,2046,316701,303735,620436
81,2046,316971,305349,622320
82,2046,316971,305349,622320
83,2046,316971,305349,622320
84,2046,316971,305349,622320
85,2046,316971,305349,622320
86,2046,316971,305349,622320
87,2046,316971,305349,622320
88,2046,316971,305349,622320
89,2046,316971,305349,622320
90,2046,316971,305349,622320
91,2046,316971,305349,622320
92,2046,316971,305349,622320
93,2046,316971,305349,622320
94,2046,316971,305349,622320
95,2046,316971,305349,622320
96,2046,316971,305349,622320
97,2046,316971,305349,622320
98,2046,316971,305349,622320
99,2046,316971,305349,622320
100,2046,316971,305349,622320
0,2046,290394,273022,563416
1,2046,290394,272960,563354
2,2046,290359,272960,563319
3,2046,290259,272886,563145
4,2046,290454,272808,563262
5,2046,291611,274441,566052
6,2046,290844,274238,565082
7,2046,290993,274439,565432
8,2046,292558,275788,568346
9,2046,292683,276220,568903
10,2046,290916,274282,565198
11,2046,292270,275799,568069
12,2046,292527,276121,568648
13,2046,293904,275836,569740
14,2046,293814,275619,569433
15,2046,296491,275550,572041
16,2046,296013,275404,571417
17,2046,300549,276014,576563
18,2046,303703,277256,580959
19,2046,304886,279668,584554
20,2046,307763,280642,588405
21,2046,308577,280432,589009
22,2046,309209,280601,589810
23,2046,309657,280601,590258
24,2046,309658,280601,590259
25,2046,309658,280601,590259
26,2046,309658,280601,590259
27,2046,309658,280601,590259
28,2046,309658,280601,590259
29,2046,309658,280601,590259
30,2046,309658,280601,590259
31,2046,309658,280601,590259
32,2046,309658,280601,590259
33,2046,309658,280601,590259
34,2046,309658,280601,590259
35,2046,309658,280601,590259
36,2046,309658,280601,590259
37,2046,309666,280681,590347
38,2046,309666,280681,590347
39,2046,309666,280681,590347
40,2046,309666,280681,590347
41,2046,310400,280705,591105
42,2046,310400,280705,591105
43,2046,310400,280705,591105
44,2046,310418,280719,591137
45,2046,310418,280719,591137
46,2046,310454,280719,591173
47,2046,310454,280719,591173
48,2046,310454,280719,591173
49,2046,310454,280719,591173
50,2046,310454,280719,591173
51,2046,310454,280719,591173
52,2046,310454,280719,591173
53,2046,310454,280719,591173
54,2046,310454,280719,591173
55,2046,310454,280719,591173
56,2046,310454,280719,591173
57,2046,310454,280719,591173
58,2046,310454,280719,591173
59,2046,310454,280719,591173
60,2046,310454,280719,591173
61,2046,310425,280719,591144
62,2046,310355,280719,591074
63,2046,310557,280719,591276
64,2046,310622,280709,591331
65,2046,310657,280709,591366
66,2046,310551,280719,591270
67,2046,310578,280709,591287
68,2046,310595,280719,591314
69,2046,310527,280719,591246
70,2046,310501,280719,591220
71,2046,310167,280719,590886
72,2046,310365,280719,591084
73,2046,310097,280705,590802
74,2046,310097,280705,590802
75,2046,310097,280705,590802
76,2046,310097,280705,590802
77,2046,310097,280705,590802
78,2046,316031,304649,620680
79,2046,316015,304523,620538
80,2046,316491,304884,621375
81,2046,317021,307179,624200
82,2046,317021,307179,624200
83,2046,317021,307179,624200
84,2046,317021,307179,624200
85,2046,317021,307179,624200
86,2046,317021,307179,624200
87,2046,317021,307179,624200
88,2046,317021,307179,624200
89,2046,317021,307179,624200
90,2046,317021,307179,624200
91,2046,317021,307179,624200
92,2046,317021,307179,624200
93,2046,317021,307179,624200
94,2046,317021,307179,624200
95,2046,317021,307179,624200
96,2046,317021,307179,624200
97,2046,317021,307179,624200
98,2046,317021,307179,624200
99,2046,317021,307179,624200
100,2046,317021,307179,624200
0,2046,291389,273588,564977
1,2046,291361,273588,564949
2,2046,291342,273588,564930
3,2046,290486,273473,563959
4,2046,291427,273538,564965
5,2046,292690,275544,568234
6,2046,291841,274747,566588
7,2046,291918,275199,567117
8,2046,292254,275800,568054
9,2046,291248,275379,566627
10,2046,292120,274848,566968
11,2046,292386,276244,568630
12,2046,292471,275750,568221
13,2046,293842,275635,569477
14,2046,294684,275923,570607
15,2046,295202,274951,570153
16,2046,296309,275544,571853
17,2046,300680,275961,576641
18,2046,306176,277396,583572
19,2046,304844,279082,583926
20,2046,307760,280252,588012
21,2046,308575,280608,589183
22,2046,309265,280695,589960
23,2046,309759,280695,590454
24,2046,309761,280695,590456
25,2046,309761,280695,590456
26,2046,309761,280695,590456
27,2046,309761,280695,590456
28,2046,309761,280695,590456
29,2046,309761,280695,590456
30,2046,309761,280695,590456
31,2046,309761,280695,590456
32,2046,309761,280695,590456
33,2046,309761,280695,590456
34,2046,309761,280695,590456
35,2046,309761,280695,590456
36,2046,309761,280695,590456
37,2046,309760,280695,590455
38,2046,309760,280695,590455
39,2046,309760,280695,590455
40,2046,309760,280695,590455
41,2046,310532,280719,591251
42,2046,310532,280719,591251
43,2046,310532,280719,591251
44,2046,310612,280709,591321
45,2046,310612,280709,591321
46,2046,310612,280709,591321
47,2046,310612,280709,591321
48,2046,310612,280709,591321
49,2046,310612,280709,591321
50,2046,310612,280709,591321
51,2046,310612,280709,591321
52,2046,310612,280709,591321
53,2046,310612,280709,591321
54,2046,310612,280709,591321
55,2046,310612,280709,591321
56,2046,310612,280709,591321
57,2046,310612,280709,591321
58,2046,310612,280709,591321
59,2046,310612,280709,591321
60,2046,310612,280709,591321
61,2046,310583,280709,591292
62,2046,310342,280719,591061
63,2046,310663,280709,591372
64,2046,310791,280709,591500
65,2046,310817,280709,591526
66,2046,310711,280709,591420
67,2046,310719,280709,591428
68,2046,310627,280709,591336
69,2046,310569,280709,591278
70,2046,310553,280709,591262
71,2046,310114,280719,590833
72,2046,310402,280719,591121
73,2046,310099,280695,590794
74,2046,310099,280695,590794
75,2046,310099,280695,590794
76,2046,310099,280695,590794
77,2046,310099,280695,590794
78,2046,316416,306500,622916
79,2046,316414,306851,623265
80,2046,317112,306603,623715
81,2046,320548,305311,625859
82,2046,320548,305311,625859
83,2046,320548,305311,625859
84,2046,320548,305311,625859
85,2046,320548,305311,625859
86,2046,320548,305311,625859
87,2046,320548,305311,625859
88,2046,320548,305311,625859
89,2046,320548,305311,625859
90,2046,320548,305311,625859
91,2046,320548,305311,625859
92,2046,320548,305311,625859
93,2046,320548,305311,625859
94,2046,320548,305311,625859
95,2046,320548,305311,625859
96,2046,320548,305311,625859
97,2046,320548,305311,625859
98,2046,320548,305311,625859
99,2046,320548,305311,625859
100,2046,320548,305311,625859
0,2046,292751,275522,568273
1,2046,292768,275518,568286
2,2046,292769,275518,568287
3,2046,291789,274356,566145
4,2046,293025,274710,567735
5,2046,292813,276399,569212
6,2046,292765,276223,568988
7,2046,292672,276268,568940
8,2046,292330,276276,568606
9,2046,291393,275989,567382
10,2046,292673,276157,568830
11,2046,291584,275622,567206
12,2046,292581,275830,568411
13,2046,294134,275933,570067
14,2046,295041,276344,571385
15,2046,297727,275310,573037
16,2046,296109,275747,571856
17,2046,313874,275931,589805
18,2046,305144,277547,582691
19,2046,305947,279202,585149
20,2046,308539,280233,588772
21,2046,309150,280634,589784
22,2046,309340,280727,590067
23,2046,309735,280695,590430
24,2046,309736,280695,590431
25,2046,309736,280695,590431
26,2046,309736,280695,590431
27,2046,309736,280695,590431
28,2046,309736,280695,590431
29,2046,309736,280695,590431
30,2046,309736,280695,590431
31,2046,309736,280695,590431
32,2046,309736,280695,590431
33,2046,309736,280695,590431
34,2046,309736,280695,590431
35,2046,309736,280695,590431
36,2046,309736,280695,590431
37,2046,309736,280695,590431
38,2046,309736,280695,590431
39,2046,309736,280695,590431
40,2046,309736,280695,590431
41,2046,310615,280709,591324
42,2046,310615,280709,591324
43,2046,310615,280709,591324
44,2046,310580,280709,591289
45,2046,310580,280709,591289
46,2046,310589,280709,591298
47,2046,310589,280709,591298
48,2046,310589,280709,591298
49,2046,310589,280709,591298
50,2046,310589,280709,591298
51,2046,310589,280709,591298
52,2046,310589,280709,591298
53,2046,310589,280709,591298
54,2046,310589,280709,591298
55,2046,310589,280709,591298
56,2046,310589,280709,591298
57,2046,310589,280709,591298
58,2046,310589,280709,591298
59,2046,310589,280709,591298
60,2046,310589,280709,591298
61,2046,310560,280709,591269
62,2046,310362,280719,591081
63,2046,310688,280709,591397
64,2046,310777,280709,591486
65,2046,310815,280709,591524
66,2046,310706,280709,591415
67,2046,310743,280709,591452
68,2046,310757,280709,591466
69,2046,310692,280709,591401
70,2046,310676,280709,591385
71,2046,310183,280695,590878
72,2046,310549,280719,591268
73,2046,310133,280695,590828
74,2046,310133,280695,590828
75,2046,310133,280695,590828
76,2046,310133,280695,590828
77,2046,310133,280695,590828
78,2046,319143,305453,624596
79,2046,319327,305676,625003
80,2046,319274,305068,624342
81,2046,318978,306401,625379
82,2046,318978,306401,625379
83,2046,318978,306401,625379
84,2046,318978,306401,625379
85,2046,318978,306401,625379
86,2046,318978,306401,625379
87,2046,318978,306401,625379
88,2046,318978,306401,625379
89,2046,318978,306401,625379
90,2046,318978,306401,625379
91,2046,318978,306401,625379
92,2046,318978,306401,625379
93,2046,318978,306401,625379
94,2046,318978,306401,625379
95,2046,318978,306401,625379
96,2046,318978,306401,625379
97,2046,318978,306401,625379
98,2046,318978,306401,625379
99,2046,318978,306401,625379
100,2046,318978,306401,625379
0,2046,292327,275510,567837
1,2046,292327,275659,567986
2,2046,292320,275647,567967
3,2046,292875,275527,568402
4,2046,292828,275721,568549
5,2046,291154,274409,565563
6,2046,291431,275516,566947
7,2046,291405,275336,566741
8,2046,290990,275061,566051
9,2046,292128,275695,567823
10,2046,291559,275769,567328
11,2046,291377,275586,566963
12,2046,293155,276000,569155
13,2046,294189,275958,570147
14,2046,295769,275717,571486
15,2046,297153,275649,572802
16,2046,295944,275372,571316
17,2046,307331,276682,584013
18,2046,304499,277441,581940
19,2046,307335,279222,586557
20,2046,309367,280247,589614
21,2046,309425,280514,589939
22,2046,309452,280752,590204
23,2046,309762,280695,590457
24,2046,309764,280695,590459
25,2046,309764,280695,590459
26,2046,309764,280695,590459
27,2046,309764,280695,590459
28,2046,309764,280695,590459
29,2046,309764,280695,590459
30,2046,309764,280695,590459
31,2046,309764,280695,590459
32,2046,309764,280695,590459
33,2046,309764,280695,590459
34,2046,309764,280695,590459
35,2046,309764,280695,590459
36,2046,309764,280695,590459
37,2046,309738,280695,590433
38,2046,309738,280695,590433
39,2046,309738,280695,590433
40,2046,309738,280695,590433
41,2046,310581,280709,591290
42,2046,310581,280709,591290
43,2046,310581,280709,591290
44,2046,310522,280709,591231
45,2046,310522,280709,591231
46,2046,310522,280709,591231
47,2046,310522,280709,591231
48,2046,310522,280709,591231
49,2046,310522,280709,591231
50,2046,310522,280709,591231
51,2046,310522,280709,591231
52,2046,310522,280709,591231
53,2046,310522,280709,591231
54,2046,310522,280709,591231
55,2046,310522,280709,591231
56,2046,310522,280709,591231
57,2046,310522,280709,591231
58,2046,310522,280709,591231
59,2046,310522,280709,591231
60,2046,310522,280709,591231
61,2046,310493,280709,591202
62,2046,310500,280719,591219
63,2046,310622,280709,591331
64,2046,310711,280709,591420
65,2046,310854,280709,591563
66,2046,310736,280709,591445
67,2046,310677,280709,591386
68,2046,310743,280709,591452
69,2046,310668,280709,591377
70,2046,310642,280709,591351
71,2046,310117,280719,590836
72,2046,310404,280709,591113
73,2046,310176,280695,590871
74,2046,310176,280695,590871
75,2046,310176,280695,590871
76,2046,310176,280695,590871
77,2046,310176,280695,590871
78,2046,317218,306629,623847
79,2046,317604,306070,623674
80,2046,317715,306312,624027
81,2046,319435,304795,624230
82,2046,319435,304795,624230
83,2046,319435,304795,624230
84,2046,319435,304795,624230
85,2046,319435,304795,624230
86,2046,319435,304795,624230
87,2046,319435,304795,624230
88,2046,319435,304795,624230
89,2046,319435,304795,624230
90,2046,319435,304795,624230
91,2046,319435,304795,624230
92,2046,319435,304795,624230
93,2046,319435,304795,624230
94,2046,319435,304795,624230
95,2046,319435,304795,624230
96,2046,319435,304795,624230
97,2046,319435,304795,624230
98,2046,319435,304795,624230
99,2046,319435,304795,624230
100,2046,319435,304795,624230
0,2046,292237,275533,567770
1,2046,292258,275489,567747
2,2046,292255,275489,567744
3,2046,292520,275565,568085
4,2046,292646,275922,568568
5,2046,290941,274761,565702
6,2046,291650,275540,567190
7,2046,291571,275602,567173
8,2046,290150,274568,564718
9,2046,292443,275886,568329
10,2046,291915,275595,567510
11,2046,292561,275926,568487
12,2046,293011,276402,569413
13,2046,293947,275772,569719
14,2046,294479,275523,570002
15,2046,297722,275788,573510
16,2046,296132,275359,571491
17,2046,303346,276680,580026
18,2046,304374,277451,581825
19,2046,307952,279352,587304
20,2046,309700,280525,590225
21,2046,308980,280464,589444
22,2046,309470,280601,590071
23,2046,309775,280616,590391
24,2046,309777,280616,590393
25,2046,309777,280616,590393
26,2046,309777,280616,590393
27,2046,309777,280616,590393
28,2046,309777,280616,590393
29,2046,309777,280616,590393
30,2046,309777,280616,590393
31,2046,309777,280616,590393
32,2046,309777,280616,590393
33,2046,309777,280616,590393
34,2046,309777,280616,590393
35,2046,309777,280616,590393
36,2046,309777,280616,590393
37,2046,309777,280616,590393
38,2046,309777,280616,590393
39,2046,309777,280616,590393
40,2046,309777,280616,590393
41,2046,310522,280709,591231
42,2046,310522,280709,591231
43,2046,310522,280709,591231
44,2046,310523,280709,591232
45,2046,310523,280709,591232
46,2046,310523,280709,591232
47,2046,310523,280709,591232
48,2046,310523,280709,591232
49,2046,310523,280709,591232
50,2046,310523,280709,591232
51,2046,310523,280709,591232
52,2046,310523,280709,591232
53,2046,310523,280709,591232
54,2046,310523,280709,591232
55,2046,310523,280709,591232
56,2046,310523,280709,591232
57,2046,310523,280709,591232
58,2046,310523,280709,591232
59,2046,310523,280709,591232
60,2046,310523,280709,591232
61,2046,310494,280709,591203
62,2046,310481,280709,591190
63,2046,310622,280709,591331
64,2046,310711,280709,591420
65,2046,310728,280709,591437
66,2046,310677,280709,591386
67,2046,310677,280709,591386
68,2046,310677,280709,591386
69,2046,310602,280709,591311
70,2046,310576,280709,591285
71,2046,310117,280695,590812
72,2046,310481,280719,591200
73,2046,310143,280719,590862
74,2046,310143,280719,590862
75,2046,310143,280719,590862
76,2046,310143,280719,590862
77,2046,310143,280719,590862
78,2046,319280,304872,624152
79,2046,317218,306403,623621
80,2046,318885,305538,624423
81,2046,315816,304901,620717
82,2046,315816,304901,620717
83,2046,315816,304901,620717
84,2046,315816,304901,620717
85,2046,315816,304901,620717
86,2046,315816,304901,620717
87,2046,315816,304901,620717
88,2046,315816,304901,620717
89,2046,315816,304901,620717
90,2046,315816,304901,620717
91,2046,315816,304901,620717
92,2046,315816,304901,620717
93,2046,315816,304901,620717
94,2046,315816,304901,620717
95,2046,315816,304901,620717
96,2046,315816,304901,620717
97,2046,315816,304901,620717
98,2046,315816,304901,620717
99,2046,315816,304901,620717
100,2046,315816,304901,620717
0,2046,292050,274642,566692
1,2046,291992,274566,566558
2,2046,292049,274566,566615
3,2046,292288,275393,567681
4,2046,292350,275433,567783
5,2046,291665,275418,567083
6,2046,292616,275683,568299
7,2046,292591,275714,568305
8,2046,289388,272724,562112
9,2046,292120,275796,567916
10,2046,292494,275697,568191
11,2046,292571,276455,569026
12,2046,292461,275605,568066
13,2046,293891,275625,569516
14,2046,294576,275565,570141
15,2046,296947,275357,572304
16,2046,296197,275623,571820
17,2046,302139,276579,578718
18,2046,304368,277408,581776
19,2046,309074,279536,588610
20,2046,308796,280425,589221
21,2046,308818,280514,589332
22,2046,309431,280601,590032
23,2046,309749,280616,590365
24,2046,309751,280616,590367
25,2046,309751,280616,590367
26,2046,309751,280616,590367
27,2046,309751,280616,590367
28,2046,309751,280616,590367
29,2046,309751,280616,590367
30,2046,309751,280616,590367
31,2046,309751,280616,590367
32,2046,309751,280616,590367
33,2046,309751,280616,590367
34,2046,309751,280616,590367
35,2046,309751,280616,590367
36,2046,309751,280616,590367
37,2046,309751,280616,590367
38,2046,309751,280616,590367
39,2046,309751,280616,590367
40,2046,309751,280616,590367
41,2046,310523,280709,591232
42,2046,310523,280709,591232
43,2046,310523,280709,591232
44,2046,310523,280709,591232
45,2046,310523,280709,591232
46,2046,310523,280709,591232
47,2046,310523,280709,591232
48,2046,310523,280709,591232
49,2046,310523,280709,591232
50,2046,310523,280709,591232
51,2046,310523,280709,591232
52,2046,310523,280709,591232
53,2046,310523,280709,591232
54,2046,310523,280709,591232
55,2046,310523,280709,591232
56,2046,310523,280709,591232
57,2046,310523,280709,591232
58,2046,310523,280709,591232
59,2046,310523,280709,591232
60,2046,310523,280709,591232
61,2046,310502,280709,591211
62,2046,310533,280709,591242
63,2046,310629,280709,591338
64,2046,310711,280709,591420
65,2046,310748,280709,591457
66,2046,310677,280709,591386
67,2046,310677,280709,591386
68,2046,310677,280709,591386
69,2046,310602,280709,591311
70,2046,310576,280709,591285
71,2046,310117,280695,590812
72,2046,310465,280709,591174
73,2046,310117,280719,590836
74,2046,310117,280719,590836
75,2046,310117,280719,590836
76,2046,310117,280719,590836
77,2046,310117,280719,590836
78,2046,317018,305496,622514
79,2046,319763,304916,624679
80,2046,316558,305659,622217
81,2046,315093,304229,619322
82,2046,315093,304229,619322
83,2046,315093,304229,619322
84,2046,315093,304229,619322
85,2046,315093,304229,619322
86,2046,315093,304229,619322
87,2046,315093,304229,619322
88,2046,315093,304229,619322
89,2046,315093,304229,619322
90,2046,315093,304229,619322
91,2046,315093,304229,619322
92,2046,315093,304229,619322
93,2046,315093,304229,619322
94,2046,315093,304229,619322
95,2046,315093,304229,619322
96,2046,315093,304229,619322
97,2046,315093,304229,619322
98,2046,315093,304229,619322
99,2046,315093,304229,619322
100,2046,315093,304229,619322
0,2046,292467,275809,568276
1,2046,292460,275777,568237
2,2046,292457,275777,568234
3,2046,292245,275154,567399
4,2046,292274,275644,567918
5,2046,292620,276606,569226
6,2046,292731,276392,569123
7,2046,292547,276434,568981
8,2046,290424,273014,563438
9,2046,292125,275680,567805
10,2046,292649,276206,568855
11,2046,291627,275325,566952
12,2046,292214,276093,568307
13,2046,294275,275933,570208
14,2046,294898,275677,570575
15,2046,296696,275498,572194
16,2046,296083,275608,571691
17,2046,302392,276114,578506
18,2046,304800,277408,582208
19,2046,308341,280112,588453
20,2046,308246,280444,588690
21,2046,308721,280514,589235
22,2046,309400,280616,590016
23,2046,309775,280616,590391
24,2046,309777,280616,590393
25,2046,309777,280616,590393
26,2046,309777,280616,590393
27,2046,309777,280616,590393
28,2046,309777,280616,590393
29,2046,309777,280616,590393
30,2046,309777,280616,590393
31,2046,309777,280616,590393
32,2046,309777,280616,590393
33,2046,309777,280616,590393
34,2046,309777,280616,590393
35,2046,309777,280616,590393
36,2046,309777,280616,590393
37,2046,309751,280616,590367
38,2046,309751,280616,590367
39,2046,309751,280616,590367
40,2046,309751,280616,590367
41,2046,310523,280709,591232
42,2046,310523,280709,591232
43,2046,310523,280709,591232
44,2046,310523,280709,591232
45,2046,310523,280709,591232
46,2046,310523,280709,591232
47,2046,310523,280709,591232
48,2046,310523,280709,591232
49,2046,310523,280709,591232
50,2046,310523,280709,591232
51,2046,310523,280709,591232
52,2046,310523,280709,591232
53,2046,310523,280709,591232
54,2046,310523,280709,591232
55,2046,310523,280709,591232
56,2046,310523,280709,591232
57,2046,310523,280709,591232
58,2046,310523,280709,591232
59,2046,310523,280709,591232
60,2046,310523,280709,591232
61,2046,310502,280709,591211
62,2046,310490,280709,591199
63,2046,310629,280709,591338
64,2046,310711,280709,591420
65,2046,310728,280709,591437
66,2046,310677,280709,591386
67,2046,310677,280709,591386
68,2046,310677,280709,591386
69,2046,310609,280709,591318
70,2046,310583,280709,591292
71,2046,310117,280695,590812
72,2046,310465,280709,591174
73,2046,310117,280695,590812
74,2046,310117,280695,590812
75,2046,310117,280695,590812
76,2046,310117,280695,590812
77,2046,310117,280695,590812
78,2046,315589,306728,622317
79,2046,317850,304290,622140
80,2046,315286,304700,619986
81,2046,313486,303270,616756
82,2046,313486,303270,616756
83,2046,313486,303270,616756
84,2046,313486,303270,616756
85,2046,313486,303270,616756
86,2046,313486,303270,616756
87,2046,313486,303270,616756
88,2046,313486,303270,616756
89,2046,313486,303270,616756
90,2046,313486,303270,616756
91,2046,313486,303270,616756
92,2046,313486,303270,616756
93,2046,313486,303270,616756
94,2046,313486,303270,616756
95,2046,313486,303270,616756
96,2046,313486,303270,616756
97,2046,313486,303270,616756
98,2046,313486,303270,616756
99,2046,313486,303270,616756
100,2046,313486,303270,616756
0,2046,292071,275839,567910
1,2046,292089,275900,567989
2,2046,292086,275900,567986
3,2046,292381,275949,568330
4,2046,292447,276194,568641
5,2046,291076,274117,565193
6,2046,291032,274854,565886
7,2046,290997,274886,565883
8,2046,291455,273560,565015
9,2046,292220,275875,568095
10,2046,291207,275214,566421
11,2046,291288,275553,566841
12,2046,293021,276358,569379
13,2046,294152,276089,570241
14,2046,295132,275773,570905
15,2046,295672,275405,571077
16,2046,296009,275276,571285
17,2046,303498,276207,579705
18,2046,304580,277399,581979
19,2046,307593,280366,587959
20,2046,308648,280447,589095
21,2046,309185,280529,589714
22,2046,309411,280647,590058
23,2046,309775,280616,590391
24,2046,309777,280624,590401
25,2046,309777,280624,590401
26,2046,309777,280624,590401
27,2046,309777,280624,590401
28,2046,309777,280624,590401
29,2046,309777,280624,590401
30,2046,309777,280624,590401
31,2046,309777,280624,590401
32,2046,309777,280624,590401
33,2046,309777,280624,590401
34,2046,309777,280624,590401
35,2046,309777,280624,590401
36,2046,309777,280624,590401
37,2046,309777,280616,590393
38,2046,309777,280616,590393
39,2046,309777,280616,590393
40,2046,309777,280616,590393
41,2046,310523,280709,591232
42,2046,310523,280709,591232
43,2046,310523,280709,591232
44,2046,310523,280709,591232
45,2046,310523,280709,591232
46,2046,310523,280709,591232
47,2046,310523,280709,591232
48,2046,310523,280709,591232
49,2046,310523,280709,591232
50,2046,310523,280709,591232
51,2046,310523,280709,591232
52,2046,310523,280709,591232
53,2046,310523,280709,591232
54,2046,310523,280709,591232
55,2046,310523,280709,591232
56,2046,310523,280709,591232
57,2046,310523,280709,591232
58,2046,310523,280709,591232
59,2046,310523,280709,591232
60,2046,310523,280709,591232
61,2046,310502,280709,591211
62,2046,310482,280709,591191
63,2046,310622,280709,591331
64,2046,310711,280709,591420
65,2046,310776,280709,591485
66,2046,310677,280709,591386
67,2046,310677,280709,591386
68,2046,310677,280709,591386
69,2046,310609,280709,591318
70,2046,310583,280709,591292
71,2046,310117,280695,590812
72,2046,310465,280709,591174
73,2046,310117,280695,590812
74,2046,310117,280695,590812
75,2046,310117,280695,590812
76,2046,310117,280695,590812
77,2046,310117,280695,590812
78,2046,319253,303696,622949
79,2046,314882,303302,618184
80,2046,314483,304209,618692
81,2046,313400,302807,616207
82,2046,313400,302807,616207
83,2046,313400,302807,616207
84,2046,313400,302807,616207
85,2046,313400,302807,616207
86,2046,313400,302807,616207
87,2046,313400,302807,616207
88,2046,313400,302807,616207
89,2046,313400,302807,616207
90,2046,313400,302807,616207
91,2046,313400,302807,616207
92,2046,313400,302807,616207
93,2046,313400,302807,616207
94,2046,313400,302807,616207
95,2046,313400,302807,616207
96,2046,313400,302807,616207
97,2046,313400,302807,616207
98,2046,313400,302807,616207
99,2046,313400,302807,616207
100,2046,313400,302807,616207
0,2046,291929,276118,568047
1,2046,292050,276184,568234
2,2046,292024,276184,568208
3,2046,292099,275673,567772
4,2046,291120,275219,566339
5,2046,290898,274381,565279
6,2046,290201,274869,565070
7,2046,289966,274416,564382
8,2046,293136,274868,568004
9,2046,292151,275983,568134
10,2046,291191,275417,566608
11,2046,292570,276264,568834
12,2046,292503,275712,568215
13,2046,293667,275662,569329
14,2046,296166,275731,571897
15,2046,295497,275115,570612
16,2046,296079,275458,571537
17,2046,303229,276582,579811
18,2046,304477,277399,581876
19,2046,306568,280199,586767
20,2046,308456,280490,588946
21,2046,309412,280464,589876
22,2046,309419,280647,590066
23,2046,309775,280624,590399
24,2046,309777,280624,590401
25,2046,309777,280624,590401
26,2046,309777,280624,590401
27,2046,309777,280624,590401
28,2046,309777,280624,590401
29,2046,309777,280624,590401
30,2046,309777,280624,590401
31,2046,309777,280624,590401
32,2046,309777,280624,590401
33,2046,309777,280624,590401
34,2046,309777,280624,590401
35,2046,309777,280624,590401
36,2046,309777,280624,590401
37,2046,309777,280624,590401
38,2046,309777,280624,590401
39,2046,309777,280624,590401
40,2046,309777,280624,590401
41,2046,310523,280709,591232
42,2046,310523,280709,591232
43,2046,310523,280709,591232
44,2046,310523,280709,591232
45,2046,310523,280709,591232
46,2046,310523,280709,591232
47,2046,310523,280709,591232
48,2046,310523,280709,591232
49,2046,310523,280709,591232
50,2046,310523,280709,591232
51,2046,310523,280709,591232
52,2046,310523,280709,591232
53,2046,310523,280709,591232
54,2046,310523,280709,591232
55,2046,310523,280709,591232
56,2046,310523,280709,591232
57,2046,310523,280709,591232
58,2046,310523,280709,591232
59,2046,310523,280709,591232
60,2046,310523,280709,591232
61,2046,310502,280709,591211
62,2046,310542,280709,591251
63,2046,310622,280709,591331
64,2046,310711,280709,591420
65,2046,310776,280709,591485
66,2046,310677,280709,591386
67,2046,310677,280709,591386
68,2046,310677,280709,591386
69,2046,310609,280709,591318
70,2046,310583,280709,591292
71,2046,310117,280695,590812
72,2046,310465,280709,591174
73,2046,310117,280695,590812
74,2046,310117,280695,590812
75,2046,310117,280695,590812
76,2046,310117,280695,590812
77,2046,310117,280695,590812
78,2046,315391,302409,617800
79,2046,313281,301886,615167
80,2046,313582,303403,616985
81,2046,313300,302781,616081
82,2046,313300,302781,616081
83,2046,313300,302781,616081
84,2046,313300,302781,616081
85,2046,313300,302781,616081
86,2046,313300,302781,616081
87,2046,313300,302781,616081
88,2046,313300,302781,616081
89,2046,313300,302781,616081
90,2046,313300,302781,616081
91,2046,313300,302781,616081
92,2046,313300,302781,616081
93,2046,313300,302781,616081
94,2046,313300,302781,616081
95,2046,313300,302781,616081
96,2046,313300,302781,616081
97,2046,313300,302781,616081
98,2046,313300,302781,616081
99,2046,313300,302781,616081
100,2046,313300,302781,616081
0,2046,290678,274865,565543
1,2046,290646,274600,565246
2,2046,290646,274600,565246
3,2046,292028,275935,567963
4,2046,290806,274931,565737
5,2046,291693,275335,567028
6,2046,289512,272972,562484
7,2046,289426,272773,562199
8,2046,292970,275895,568865
9,2046,292042,275514,567556
10,2046,292198,275741,567939
11,2046,291715,275941,567656
12,2046,292280,275815,568095
13,2046,293958,275737,569695
14,2046,295390,275951,571341
15,2046,295576,275625,571201
16,2046,296316,275830,572146
17,2046,302965,276281,579246
18,2046,304630,277408,582038
19,2046,305272,279385,584657
20,2046,308843,280475,589318
21,2046,308966,280464,589430
22,2046,309419,280616,590035
23,2046,309775,280616,590391
24,2046,309777,280616,590393
25,2046,309777,280616,590393
26,2046,309777,280616,590393
27,2046,309777,280616,590393
28,2046,309777,280616,590393
29,2046,309777,280616,590393
30,2046,309777,280616,590393
31,2046,309777,280616,590393
32,2046,309777,280616,590393
33,2046,309777,280616,590393
34,2046,309777,280616,590393
35,2046,309777,280616,590393
36,2046,309777,280616,590393
37,2046,309777,280616,590393
38,2046,309777,280616,590393
39,2046,309777,280616,590393
40,2046,309777,280616,590393
41,2046,310523,280709,591232
42,2046,310523,280709,591232
43,2046,310523,280709,591232
44,2046,310523,280709,591232
45,2046,310523,280709,591232
46,2046,310523,280709,591232
47,2046,310523,280709,591232
48,2046,310523,280709,591232
49,2046,310523,280709,591232
50,2046,310523,280709,591232
51,2046,310523,280709,591232
52,2046,310523,280709,591232
53,2046,310523,280709,591232
54,2046,310523,280709,591232
55,2046,310523,280709,591232
56,2046,310523,280709,591232
57,2046,310523,280709,591232
58,2046,310523,280709,591232
59,2046,310523,280709,591232
60,2046,310523,280709,591232
61,2046,310502,280709,591211
62,2046,310490,280709,591199
63,2046,310629,280709,591338
64,2046,310711,280709,591420
65,2046,310776,280709,591485
66,2046,310677,280709,591386
67,2046,310677,280709,591386
68,2046,310677,280709,591386
69,2046,310609,280709,591318
70,2046,310583,280709,591292
71,2046,310117,280695,590812
72,2046,310465,280709,591174
73,2046,310117,280695,590812
74,2046,310117,280695,590812
75,2046,310117,280695,590812
76,2046,310117,280695,590812
77,2046,310117,280695,590812
78,2046,314163,302133,616296
79,2046,313574,301568,615142
80,2046,313325,302887,616212
81,2046,314143,304623,618766
82,2046,314143,304623,618766
83,2046,314143,304623,618766
84,2046,314143,304623,618766
85,2046,314143,304623,618766
86,2046,314143,304623,618766
87,2046,314143,304623,618766
88,2046,314143,304623,618766
89,2046,314143,304623,618766
90,2046,314143,304623,618766
91,2046,314143,304623,618766
92,2046,314143,304623,618766
93,2046,314143,304623,618766
94,2046,314143,304623,618766
95,2046,314143,304623,618766
96,2046,314143,304623,618766
97,2046,314143,304623,618766
98,2046,314143,304623,618766
99,2046,314143,304623,618766
100,2046,314143,304623,618766
0,2046,289630,273527,563157
1,2046,289084,272978,562062
2,2046,289096,272978,562074
3,2046,291944,275546,567490
4,2046,290744,274239,564983
5,2046,292628,276596,569224
6,2046,290215,273130,563345
7,2046,290379,273170,563549
8,2046,292789,275868,568657
9,2046,292007,275599,567606
10,2046,292516,276305,568821
11,2046,291831,275642,567473
12,2046,293193,276213,569406
13,2046,294133,275848,569981
14,2046,294756,275557,570313
15,2046,295875,275849,571724
16,2046,296104,275804,571908
17,2046,302976,276373,579349
18,2046,304434,277399,581833
19,2046,305026,279291,584317
20,2046,308802,280475,589277
21,2046,308820,280514,589334
22,2046,309407,280616,590023
23,2046,309775,280624,590399
24,2046,309777,280624,590401
25,2046,309777,280624,590401
26,2046,309777,280624,590401
27,2046,309777,280624,590401
28,2046,309777,280624,590401
29,2046,309777,280624,590401
30,2046,309777,280624,590401
31,2046,309777,280624,590401
32,2046,309777,280624,590401
33,2046,309777,280624,590401
34,2046,309777,280624,590401
35,2046,309777,280624,590401
36,2046,309777,280624,590401
37,2046,309777,280616,590393
38,2046,309777,280616,590393
39,2046,309777,280616,590393
40,2046,309777,280616,590393
41,2046,310523,280709,591232
42,2046,310523,280709,591232
43,2046,310523,280709,591232
44,2046,310523,280709,591232
45,2046,310523,280709,591232
46,2046,310523,280709,591232
47,2046,310523,280709,591232
48,2046,310523,280709,591232
49,2046,310523,280709,591232
50,2046,310523,280709,591232
51,2046,310523,280709,591232
52,2046,310523,280709,591232
53,2046,310523,280709,591232
54,2046,310523,280709,591232
55,2046,310523,280709,591232
56,2046,310523,280709,591232
57,2046,310523,280709,591232
58,2046,310523,280709,591232
59,2046,310523,280709,591232
60,2046,310523,280709,591232
61,2046,310502,280709,591211
62,2046,310482,280709,591191
63,2046,310629,280709,591338
64,2046,310711,280709,591420
65,2046,310776,280709,591485
66,2046,310677,280709,591386
67,2046,310677,280709,591386
68,2046,310677,280709,591386
69,2046,310609,280709,591318
70,2046,310583,280709,591292
71,2046,310117,280695,590812
72,2046,310465,280709,591174
73,2046,310117,280695,590812
74,2046,310117,280695,590812
75,2046,310117,280695,590812
76,2046,310117,280695,590812
77,2046,310117,280695,590812
78,2046,312824,302255,615079
79,2046,312361,301855,614216
80,2046,313545,304204,617749
81,2046,315175,307024,622199
82,2046,315175,307024,622199
83,2046,315175,307024,622199
84,2046,315175,307024,622199
85,2046,315175,307024,622199
86,2046,315175,307024,622199
87,2046,315175,307024,622199
88,2046,315175,307024,622199
89,2046,315175,307024,622199
90,2046,315175,307024,622199
91,2046,315175,307024,622199
92,2046,315175,307024,622199
93,2046,315175,307024,622199
94,2046,315175,307024,622199
95,2046,315175,307024,622199
96,2046,315175,307024,622199
97,2046,315175,307024,622199
98,2046,315175,307024,622199
99,2046,315175,307024,622199
100,2046,315175,307024,622199
0,2046,289931,272729,562660
1,2046,289934,272911,562845
2,2046,289982,272952,562934
3,2046,292195,275576,567771
4,2046,291187,274432,565619
5,2046,291032,274005,565037
6,2046,290574,273727,564301
7,2046,291554,273847,565401
8,2046,292191,275275,567466
9,2046,292300,275900,568200
10,2046,291218,275119,566337
11,2046,292350,275661,568011
12,2046,292533,276111,568644
13,2046,294243,276045,570288
14,2046,294509,275322,569831
15,2046,295696,275954,571650
16,2046,295745,275365,571110
17,2046,302787,276624,579411
18,2046,304700,277408,582108
19,2046,305830,279172,585002
20,2046,308798,280475,589273
21,2046,308721,280514,589235
22,2046,309400,280616,590016
23,2046,309775,280624,590399
24,2046,309777,280624,590401
25,2046,309777,280624,590401
26,2046,309777,280624,590401
27,2046,309777,280624,590401
28,2046,309777,280624,590401
29,2046,309777,280624,590401
30,2046,309777,280624,590401
31,2046,309777,280624,590401
32,2046,309777,280624,590401
33,2046,309777,280624,590401
34,2046,309777,280624,590401
35,2046,309777,280624,590401
36,2046,309777,280624,590401
37,2046,309777,280624,590401
38,2046,309777,280624,590401
39,2046,309777,280624,590401
40,2046,309777,280624,590401
41,2046,310523,280709,591232
42,2046,310523,280709,591232
43,2046,310523,280709,591232
44,2046,310523,280709,591232
45,2046,310523,280709,591232
46,2046,310523,280709,591232
47,2046,310523,280709,591232
48,2046,310523,280709,591232
49,2046,310523,280709,591232
50,2046,310523,280709,591232
51,2046,310523,280709,591232
52,2046,310523,280709,591232
53,2046,310523,280709,591232
54,2046,310523,280709,591232
55,2046,310523,280709,591232
56,2046,310523,280709,591232
57,2046,310523,280709,591232
58,2046,310523,280709,591232
59,2046,310523,280709,591232
60,2046,310523,280709,591232
61,2046,310502,280709,591211
62,2046,310542,280709,591251
63,2046,310622,280709,591331
64,2046,310711,280709,591420
65,2046,310776,280709,591485
66,2046,310677,280709,591386
67,2046,310677,280709,591386
68,2046,310677,280709,591386
69,2046,310609,280709,591318
70,2046,310583,280709,591292
71,2046,310117,280695,590812
72,2046,310465,280709,591174
73,2046,310117,280695,590812
74,2046,310117,280695,590812
75,2046,310117,280695,590812
76,2046,310117,280695,590812
77,2046,310117,280695,590812
78,2046,314312,303031,617343
79,2046,314087,303226,617313
80,2046,313783,305497,619280
81,2046,319234,305827,625061
82,2046,319234,305827,625061
83,2046,319234,305827,625061
84,2046,319234,305827,625061
85,2046,319234,305827,625061
86,2046,319234,305827,625061
87,2046,319234,305827,625061
88,2046,319234,305827,625061
89,2046,319234,305827,625061
90,2046,319234,305827,625061
91,2046,319234,305827,625061
92,2046,319234,305827,625061
93,2046,319234,305827,625061
94,2046,319234,305827,625061
95,2046,319234,305827,625061
96,2046,319234,305827,625061
97,2046,319234,305827,625061
98,2046,319234,305827,625061
99,2046,319234,305827,625061
100,2046,319234,305827,625061
0,2046,290389,273324,563713
1,2046,290357,273423,563780
2,2046,290327,273499,563826
3,2046,292216,275829,568045
4,2046,292652,275969,568621
5,2046,290429,274160,564589
6,2046,291995,274742,566737
7,2046,293131,275594,568725
8,2046,292310,275603,567913
9,2046,292239,275895,568134
10,2046,291305,275231,566536
11,2046,292658,276470,569128
12,2046,291894,275712,567606
13,2046,293818,275668,569486
14,2046,294959,275664,570623
15,2046,295329,275541,570870
16,2046,296065,275365,571430
17,2046,302452,276309,578761
18,2046,304434,277399,581833
19,2046,307640,279219,586859
20,2046,308797,280475,589272
21,2046,309191,280529,589720
22,2046,309411,280647,590058
23,2046,309775,280624,590399
24,2046,309777,280624,590401
25,2046,309777,280624,590401
26,2046,309777,280624,590401
27,2046,309777,280624,590401
28,2046,309777,280624,590401
29,2046,309777,280624,590401
30,2046,309777,280624,590401
31,2046,309777,280624,590401
32,2046,309777,280624,590401
33,2046,309777,280624,590401
34,2046,309777,280624,590401
35,2046,309777,280624,590401
36,2046,309777,280624,590401
37,2046,309777,280624,590401
38,2046,309777,280624,590401
39,2046,309777,280624,590401
40,2046,309777,280624,590401
41,2046,310523,280709,591232
42,2046,310523,280709,591232
43,2046,310523,280709,591232
44,2046,310523,280709,591232
45,2046,310523,280709,591232
46,2046,310523,280709,591232
47,2046,310523,280709,591232
48,2046,310523,280709,591232
49,2046,310523,280709,591232
50,2046,310523,280709,591232
51,2046,310523,280709,591232
52,2046,310523,280709,591232
53,2046,310523,280709,591232
54,2046,310523,280709,591232
55,2046,310523,280709,591232
56,2046,310523,280709,591232
57,2046,310523,280709,591232
58,2046,310523,280709,591232
59,2046,310523,280709,591232
60,2046,310523,280709,591232
61,2046,310502,280709,591211
62,2046,310490,280709,591199
63,2046,310622,280709,591331
64,2046,310711,280709,591420
65,2046,310776,280709,591485
66,2046,310677,280709,591386
67,2046,310677,280709,591386
68,2046,310677,280709,591386
69,2046,310609,280709,591318
70,2046,310583,280709,591292
71,2046,310117,280695,590812
72,2046,310465,280709,591174
73,2046,310117,280695,590812
74,2046,310117,280695,590812
75,2046,310117,280695,590812
76,2046,310117,280695,590812
77,2046,310117,280695,590812
78,2046,314565,303350,617915
79,2046,315463,303836,619299
80,2046,315597,307591,623188
81,2046,318475,306338,624813
82,2046,318475,306338,624813
83,2046,318475,306338,624813
84,2046,318475,306338,624813
85,2046,318475,306338,624813
86,2046,318475,306338,624813
87,2046,318475,306338,624813
88,2046,318475,306338,624813
89,2046,318475,306338,624813
90,2046,318475,306338,624813
91,2046,318475,306338,624813
92,2046,318475,306338,624813
93,2046,318475,306338,624813
94,2046,318475,306338,624813
95,2046,318475,306338,624813
96,2046,318475,306338,624813
97,2046,318475,306338,624813
98,2046,318475,306338,624813
99,2046,318475,306338,624813
100,2046,318475,306338,624813
0,2046,291577,274118,565695
1,2046,291704,274059,565763
2,2046,291728,274070,565798
3,2046,292172,275866,568038
4,2046,292520,275795,568315
5,2046,290894,274103,564997
6,2046,293029,275653,568682
7,2046,293002,275585,568587
8,2046,292514,276161,568675
9,2046,292060,275434,567494
10,2046,292373,275869,568242
11,2046,291521,275321,566842
12,2046,292700,275905,568605
13,2046,293942,275538,569480
14,2046,295205,275997,571202
15,2046,296250,275426,571676
16,2046,296330,275907,572237
17,2046,302651,276235,578886
18,2046,304622,277408,582030
19,2046,308470,279310,587780
20,2046,308804,280475,589279
21,2046,309404,280464,589868
22,2046,309411,280647,590058
23,2046,309775,280624,590399
24,2046,309777,280624,590401
25,2046,309777,280624,590401
26,2046,309777,280624,590401
27,2046,309777,280624,590401
28,2046,309777,280624,590401
29,2046,309777,280624,590401
30,2046,309777,280624,590401
31,2046,309777,280624,590401
32,2046,309777,280624,590401
33,2046,309777,280624,590401
34,2046,309777,280624,590401
35,2046,309777,280624,590401
36,2046,309777,280624,590401
37,2046,309777,280624,590401
38,2046,309777,280624,590401
39,2046,309777,280624,590401
40,2046,309777,280624,590401
41,2046,310523,280709,591232
42,2046,310523,280709,591232
43,2046,310523,280709,591232
44,2046,310523,280709,591232
45,2046,310523,280709,591232
46,2046,310523,280709,591232
47,2046,310523,280709,591232
48,2046,310523,280709,591232
49,2046,310523,280709,591232
50,2046,310523,280709,591232
51,2046,310523,280709,591232
52,2046,310523,280709,591232
53,2046,310523,280709,591232
54,2046,310523,280709,591232
55,2046,310523,280709,591232
56,2046,310523,280709,591232
57,2046,310523,280709,591232
58,2046,310523,280709,591232
59,2046,310523,280709,591232
60,2046,310523,280709,591232
61,2046,310502,280709,591211
62,2046,310482,280709,591191
63,2046,310629,280709,591338
64,2046,310711,280709,591420
65,2046,310776,280709,591485
66,2046,310677,280709,591386
67,2046,310677,280709,591386
68,2046,310677,280709,591386
69,2046,310609,280709,591318
70,2046,310583,280709,591292
71,2046,310117,280695,590812
72,2046,310465,280709,591174
73,2046,310117,280695,590812
74,2046,310117,280695,590812
75,2046,310117,280695,590812
76,2046,310117,280695,590812
77,2046,310117,280695,590812
78,2046,314748,304905,619653
79,2046,315681,305040,620721
80,2046,320100,305595,625695
81,2046,319150,304796,623946
82,2046,319150,304796,623946
83,2046,319150,304796,623946
84,2046,319150,304796,623946
85,2046,319150,304796,623946
86,2046,319150,304796,623946
87,2046,319150,304796,623946
88,2046,319150,304796,623946
89,2046,319150,304796,623946
90,2046,319150,304796,623946
91,2046,319150,304796,623946
92,2046,319150,304796,623946
93,2046,319150,304796,623946
94,2046,319150,304796,623946
95,2046,319150,304796,623946
96,2046,319150,304796,623946
97,2046,319150,304796,623946
98,2046,319150,304796,623946
99,2046,319150,304796,623946
100,2046,319150,304796,623946
0,2046,266497,238812,505309
1,2046,266518,238812,505330
2,2046,266472,238817,505289
3,2046,268472,238817,507289
4,2046,267300,243597,510897
5,2046,267841,239438,507279
6,2046,268937,239848,508785
7,2046,268907,244572,513479
8,2046,268135,244465,512600
9,2046,269117,244465,513582
10,2046,292433,276415,568848
11,2046,291391,275660,567051
12,2046,268985,244052,513037
13,2046,294261,275802,570063
14,2046,268746,264083,532829
15,2046,278829,264980,543809
16,2046,296030,275683,571713
17,2046,304045,296174,600219
18,2046,305168,294465,599633
19,2046,311320,299439,610759
20,2046,309621,294387,604008
21,2046,309517,293569,603086
22,2046,310661,296304,606965
23,2046,311830,301724,613554
24,2046,313226,303708,616934
25,2046,356439,378118,734557
26,2046,472330,458816,931146
27,2046,468172,459604,927776
28,2046,468172,459604,927776
29,2046,468172,459604,927776
30,2046,472391,458336,930727
31,2046,465818,459135,924953
32,2046,469023,460412,929435
33,2046,469102,460412,929514
34,2046,477391,463686,941077
35,2046,478055,465595,943650
36,2046,479666,469676,949342
37,2046,480425,470591,951016
38,2046,481291,474292,955583
39,2046,482539,474625,957164
40,2046,484602,478939,963541
41,2046,484855,480287,965142
42,2046,485053,483142,968195
43,2046,356318,378640,734958
44,2046,356457,378690,735147
45,2046,356519,378690,735209
46,2046,356519,378690,735209
47,2046,357200,378690,735890
48,2046,357200,378690,735890
49,2046,357200,378690,735890
50,2046,357200,378690,735890
51,2046,357213,378690,735903
52,2046,356633,378690,735323
53,2046,357213,378690,735903
54,2046,357213,378690,735903
55,2046,357213,378690,735903
56,2046,315885,305769,621654
57,2046,315885,305769,621654
58,2046,315885,305769,621654
59,2046,315709,305769,621478
60,2046,315709,305769,621478
61,2046,315726,305769,621495
62,2046,315726,305769,621495
63,2046,315948,305769,621717
64,2046,315983,305769,621752
65,2046,315983,305769,621752
66,2046,315983,305769,621752
67,2046,312976,304841,617817
68,2046,283134,304564,587698
69,2046,282997,304318,587315
70,2046,277638,304160,581798
71,2046,270416,309222,579638
72,2046,282803,304318,587121
73,2046,270563,305097,575660
74,2046,270221,305097,575318
75,2046,270219,305296,575515
76,2046,272545,304520,577065
77,2046,281919,279022,560941
78,2046,315901,306651,622552
79,2046,316750,307162,623912
80,2046,318837,305867,624704
81,2046,318914,306046,624960
82,2046,306642,202690,509332
83,2046,306642,202690,509332
84,2046,306642,202780,509422
85,2046,306642,206240,512882
86,2046,306642,197748,504390
87,2046,306642,195285,501927
88,2046,306642,195285,501927
89,2046,306642,195285,501927
90,2046,306642,195285,501927
91,2046,306642,195285,501927
92,2046,306642,195285,501927
93,2046,306642,195285,501927
94,2046,306642,195285,501927
95,2046,306642,195285,501927
96,2046,306642,195285,501927
97,2046,306642,195285,501927
98,2046,306642,195285,501927
99,2046,306642,195285,501927
100,2046,306642,195285,501927
0,2047,292160,275407,567567
1,2047,292160,275407,567567
2,2047,292156,275407,567563
3,2047,292317,275433,567750
4,2047,292459,275435,567894
5,2047,292604,275460,568064
6,2047,292715,275538,568253
7,2047,292699,275529,568228
8,2047,292688,275503,568191
9,2047,292689,275485,568174
10,2047,292704,275551,568255
11,2047,292828,275972,568800
12,2047,293342,276256,569598
13,2047,293719,276375,570094
14,2047,293758,276281,570039
15,2047,293823,276272,570095
16,2047,294123,276355,570478
17,2047,294561,276410,570971
18,2047,295789,276733,572522
19,2047,296731,278188,574919
20,2047,296795,278225,575020
21,2047,296833,278284,575117
22,2047,296862,278532,575394
23,2047,296890,278545,575435
24,2047,296890,278545,575435
25,2047,296890,278545,575435
26,2047,296890,278545,575435
27,2047,296890,278545,575435
28,2047,296890,278545,575435
29,2047,296890,278545,575435
30,2047,296890,278545,575435
31,2047,296890,278545,575435
32,2047,296890,278545,575435
33,2047,296890,278545,575435
34,2047,296890,278545,575435
35,2047,296890,278545,575435
36,2047,296890,278545,575435
37,2047,296890,278545,575435
38,2047,296890,278545,575435
39,2047,296890,278545,575435
40,2047,296890,278545,575435
41,2047,296890,278545,575435
42,2047,296890,278545,575435
43,2047,296890,278545,575435
44,2047,296890,278545,575435
45,2047,296890,278545,575435
46,2047,296881,278545,575426
47,2047,296873,278545,575418
48,2047,296873,278545,575418
49,2047,296873,278545,575418
50,2047,296873,278545,575418
51,2047,296873,278595,575468
52,2047,296873,278595,575468
53,2047,296873,278595,575468
54,2047,296873,278595,575468
55,2047,296873,278595,575468
56,2047,296873,278595,575468
57,2047,296873,278595,575468
58,2047,296873,278595,575468
59,2047,296873,278595,575468
60,2047,296873,278595,575468
61,2047,296873,278595,575468
62,2047,296873,278595,575468
63,2047,296873,278595,575468
64,2047,296825,278595,575420
65,2047,296825,278595,575420
66,2047,296738,278595,575333
67,2047,296738,278595,575333
68,2047,296472,278595,575067
69,2047,296377,278595,574972
70,2047,296237,278595,574832
71,2047,295800,278595,574395
72,2047,295800,278595,574395
73,2047,295461,278595,574056
74,2047,295423,278595,574018
75,2047,295423,278595,574018
76,2047,295423,278595,574018
77,2047,295423,278595,574018
78,2047,295423,279554,574977
79,2047,295423,279363,574786
80,2047,295423,279614,575037
81,2047,295423,279743,575166
82,2047,295423,279743,575166
83,2047,295423,279743,575166
84,2047,295423,279743,575166
85,2047,295423,279743,575166
86,2047,295423,279743,575166
87,2047,295423,279743,575166
88,2047,295423,279743,575166
89,2047,295423,279743,575166
90,2047,295423,279743,575166
91,2047,295423,279743,575166
92,2047,295423,279743,575166
93,2047,295423,279743,575166
94,2047,295423,279743,575166
95,2047,295423,279743,575166
96,2047,295423,279743,575166
97,2047,295423,279743,575166
98,2047,295423,279743,575166
99,2047,295423,279743,575166
100,2047,295423,279743,575166
0,2047,292266,275259,567525
1,2047,292266,275259,567525
2,2047,292259,275259,567518
3,2047,292436,275274,567710
4,2047,292615,275193,567808
5,2047,292741,275299,568040
6,2047,292868,275406,568274
7,2047,292842,275390,568232
8,2047,292820,275364,568184
9,2047,292815,275344,568159
10,2047,292810,275474,568284
11,2047,292862,275699,568561
12,2047,293184,275754,568938
13,2047,293704,275708,569412
14,2047,293937,275800,569737
15,2047,294124,275792,569916
16,2047,294466,275859,570325
17,2047,295672,275850,571522
18,2047,297964,276497,574461
19,2047,298821,278322,577143
20,2047,299958,278491,578449
21,2047,300126,278538,578664
22,2047,300128,279006,579134
23,2047,300136,279020,579156
24,2047,300136,279020,579156
25,2047,300136,279020,579156
26,2047,300136,279020,579156
27,2047,300136,279020,579156
28,2047,300136,279020,579156
29,2047,300136,279020,579156
30,2047,300136,279020,579156
31,2047,300136,279020,579156
32,2047,300136,279020,579156
33,2047,300136,279020,579156
34,2047,300136,279020,579156
35,2047,300136,279020,579156
36,2047,300136,279020,579156
37,2047,300136,279020,579156
38,2047,300136,279020,579156
39,2047,300136,279020,579156
40,2047,300136,279020,579156
41,2047,300136,279020,579156
42,2047,300136,279020,579156
43,2047,300136,279020,579156
44,2047,300538,279020,579558
45,2047,300538,279020,579558
46,2047,300536,279020,579556
47,2047,300528,279020,579548
48,2047,300528,279020,579548
49,2047,300528,279020,579548
50,2047,300528,279020,579548
51,2047,300528,279059,579587
52,2047,300528,279059,579587
53,2047,300528,279059,579587
54,2047,300528,279059,579587
55,2047,300528,279059,579587
56,2047,300528,279059,579587
57,2047,300528,279059,579587
58,2047,300528,279059,579587
59,2047,300528,279059,579587
60,2047,300528,279059,579587
61,2047,300528,279059,579587
62,2047,300528,279059,579587
63,2047,300528,279059,579587
64,2047,300557,279059,579616
65,2047,300557,279059,579616
66,2047,300066,279059,579125
67,2047,300008,279059,579067
68,2047,299613,279059,578672
69,2047,299663,279059,578722
70,2047,299415,279037,578452
71,2047,298888,279037,577925
72,2047,298782,279037,577819
73,2047,298283,278963,577246
74,2047,298238,278963,577201
75,2047,298238,278963,577201
76,2047,298238,278963,577201
77,2047,298238,278963,577201
78,2047,298344,280269,578613
79,2047,298259,280078,578337
80,2047,298344,280826,579170
81,2047,298338,280568,578906
82,2047,298338,280568,578906
83,2047,298338,280568,578906
84,2047,298338,280568,578906
85,2047,298338,280568,578906
86,2047,298338,280568,578906
87,2047,298338,280568,578906
88,2047,298338,280568,578906
89,2047,298338,280568,578906
90,2047,298338,280568,578906
91,2047,298338,280568,578906
92,2047,298338,280568,578906
93,2047,298338,280568,578906
94,2047,298338,280568,578906
95,2047,298338,280568,578906
96,2047,298338,280568,578906
97,2047,298338,280568,578906
98,2047,298338,280568,578906
99,2047,298338,280568,578906
100,2047,298338,280568,578906
0,2047,292274,275413,567687
1,2047,292274,275413,567687
2,2047,292266,275413,567679
3,2047,292417,275347,567764
4,2047,292716,275394,568110
5,2047,292856,275450,568306
6,2047,292910,275526,568436
7,2047,292866,275510,568376
8,2047,292838,275471,568309
9,2047,292865,275477,568342
10,2047,292819,275561,568380
11,2047,292909,275804,568713
12,2047,293366,276259,569625
13,2047,294527,276216,570743
14,2047,294776,276418,571194
15,2047,295034,276413,571447
16,2047,296135,276482,572617
17,2047,297419,276524,573943
18,2047,299982,276890,576872
19,2047,300697,278092,578789
20,2047,300794,278561,579355
21,2047,301474,278636,580110
22,2047,301310,278941,580251
23,2047,301326,278955,580281
24,2047,301326,278955,580281
25,2047,301326,278955,580281
26,2047,301326,278955,580281
27,2047,301326,278955,580281
28,2047,301326,278955,580281
29,2047,301326,278955,580281
30,2047,301326,278955,580281
31,2047,301326,278955,580281
32,2047,301326,278955,580281
33,2047,301326,278955,580281
34,2047,301326,278955,580281
35,2047,301326,278955,580281
36,2047,301326,278955,580281
37,2047,301326,278955,580281
38,2047,301326,278955,580281
39,2047,301326,278955,580281
40,2047,301326,278955,580281
41,2047,301326,278955,580281
42,2047,301326,278955,580281
43,2047,301333,278955,580288
44,2047,303077,279111,582188
45,2047,303077,279111,582188
46,2047,302118,279111,581229
47,2047,302109,279111,581220
48,2047,302109,279111,581220
49,2047,302109,279111,581220
50,2047,302109,279111,581220
51,2047,302109,279149,581258
52,2047,302109,279149,581258
53,2047,302109,279149,581258
54,2047,302109,279149,581258
55,2047,302109,279149,581258
56,2047,302109,279149,581258
57,2047,302109,279149,581258
58,2047,302109,279149,581258
59,2047,302109,279149,581258
60,2047,302109,279149,581258
61,2047,302109,279149,581258
62,2047,302109,279149,581258
63,2047,302109,279149,581258
64,2047,303056,279149,582205
65,2047,303056,279149,582205
66,2047,301751,278994,580745
67,2047,301764,278926,580690
68,2047,301625,278926,580551
69,2047,301693,278926,580619
70,2047,301698,278926,580624
71,2047,302699,279051,581750
72,2047,302614,279051,581665
73,2047,301717,279129,580846
74,2047,301717,279129,580846
75,2047,301717,279129,580846
76,2047,301717,279129,580846
77,2047,301717,279129,580846
78,2047,301618,283834,585452
79,2047,301588,283520,585108
80,2047,301523,283856,585379
81,2047,301545,283856,585401
82,2047,301545,283856,585401
83,2047,301545,283856,585401
84,2047,301545,283856,585401
85,2047,301545,283856,585401
86,2047,301545,283856,585401
87,2047,301545,283856,585401
88,2047,301545,283856,585401
89,2047,301545,283856,585401
90,2047,301545,283856,585401
91,2047,301545,283856,585401
92,2047,301545,283856,585401
93,2047,301545,283856,585401
94,2047,301545,283856,585401
95,2047,301545,283856,585401
96,2047,301545,283856,585401
97,2047,301545,283856,585401
98,2047,301545,283856,585401
99,2047,301545,283856,585401
100,2047,301545,283856,585401
0,2047,292099,274901,567000
1,2047,292099,274901,567000
2,2047,292091,274901,566992
3,2047,292300,274901,567201
4,2047,292463,274931,567394
5,2047,292518,274983,567501
6,2047,292615,275035,567650
7,2047,292607,275057,567664
8,2047,292601,275043,567644
9,2047,292574,275024,567598
10,2047,292549,275055,567604
11,2047,292624,275339,567963
12,2047,293047,275490,568537
13,2047,294584,275590,570174
14,2047,295239,275679,570918
15,2047,297561,275661,573222
16,2047,296031,275360,571391
17,2047,298511,275281,573792
18,2047,300960,276311,577271
19,2047,318140,278178,596318
20,2047,318570,278704,597274
21,2047,307169,279147,586316
22,2047,306963,279195,586158
23,2047,307025,279209,586234
24,2047,307025,279209,586234
25,2047,307025,279209,586234
26,2047,307025,279209,586234
27,2047,307025,279209,586234
28,2047,307025,279209,586234
29,2047,307025,279209,586234
30,2047,307025,279209,586234
31,2047,307025,279209,586234
32,2047,307025,279209,586234
33,2047,307025,279209,586234
34,2047,307025,279209,586234
35,2047,307025,279209,586234
36,2047,307025,279209,586234
37,2047,307025,279209,586234
38,2047,307025,279209,586234
39,2047,307025,279209,586234
40,2047,307025,279209,586234
41,2047,307025,279209,586234
42,2047,307025,279209,586234
43,2047,307025,279209,586234
44,2047,309401,279433,588834
45,2047,309401,279433,588834
46,2047,308138,279364,587502
47,2047,308207,279364,587571
48,2047,308207,279364,587571
49,2047,308207,279364,587571
50,2047,308207,279364,587571
51,2047,308198,279402,587600
52,2047,308198,279402,587600
53,2047,308198,279402,587600
54,2047,308198,279402,587600
55,2047,308198,279402,587600
56,2047,308198,279402,587600
57,2047,308198,279402,587600
58,2047,308198,279402,587600
59,2047,308198,279402,587600
60,2047,308198,279402,587600
61,2047,308198,279402,587600
62,2047,308198,279402,587600
63,2047,308198,279402,587600
64,2047,309449,279472,588921
65,2047,309538,279472,589010
66,2047,307947,279400,587347
67,2047,308227,279400,587627
68,2047,307618,279138,586756
69,2047,307735,279232,586967
70,2047,307742,279123,586865
71,2047,309127,279187,588314
72,2047,308751,279129,587880
73,2047,307179,279129,586308
74,2047,307179,279129,586308
75,2047,307179,279129,586308
76,2047,307179,279129,586308
77,2047,307179,279129,586308
78,2047,306934,286413,593347
79,2047,306862,284996,591858
80,2047,306855,286432,593287
81,2047,306855,286432,593287
82,2047,306855,286432,593287
83,2047,306855,286432,593287
84,2047,306855,286432,593287
85,2047,306855,286432,593287
86,2047,306855,286432,593287
87,2047,306855,286432,593287
88,2047,306855,286432,593287
89,2047,306855,286432,593287
90,2047,306855,286432,593287
91,2047,306855,286432,593287
92,2047,306855,286432,593287
93,2047,306855,286432,593287
94,2047,306855,286432,593287
95,2047,306855,286432,593287
96,2047,306855,286432,593287
97,2047,306855,286432,593287
98,2047,306855,286432,593287
99,2047,306855,286432,593287
100,2047,306855,286432,593287
0,2047,292414,276267,568681
1,2047,292414,276267,568681
2,2047,292410,276267,568677
3,2047,292524,276267,568791
4,2047,292770,276374,569144
5,2047,292782,276405,569187
6,2047,292777,275836,568613
7,2047,292789,275833,568622
8,2047,292809,276105,568914
9,2047,292817,276218,569035
10,2047,292752,276008,568760
11,2047,292786,276013,568799
12,2047,292637,275836,568473
13,2047,294207,275567,569774
14,2047,297544,275452,572996
15,2047,296712,275491,572203
16,2047,295873,275344,571217
17,2047,298696,275638,574334
18,2047,308040,277244,585284
19,2047,310244,279250,589494
20,2047,310992,279343,590335
21,2047,309447,279369,588816
22,2047,309498,279517,589015
23,2047,309548,279517,589065
24,2047,309548,279517,589065
25,2047,309548,279517,589065
26,2047,309548,279517,589065
27,2047,309548,279517,589065
28,2047,309548,279517,589065
29,2047,309548,279517,589065
30,2047,309548,279517,589065
31,2047,309548,279517,589065
32,2047,309548,279517,589065
33,2047,309548,279517,589065
34,2047,309548,279517,589065
35,2047,309548,279517,589065
36,2047,309548,279517,589065
37,2047,309933,279517,589450
38,2047,309933,279517,589450
39,2047,309933,279517,589450
40,2047,309933,279517,589450
41,2047,309933,279517,589450
42,2047,309933,279517,589450
43,2047,309933,279517,589450
44,2047,311218,279445,590663
45,2047,311218,279445,590663
46,2047,311078,279485,590563
47,2047,311078,279485,590563
48,2047,311078,279485,590563
49,2047,311078,279485,590563
50,2047,311078,279485,590563
51,2047,311087,279523,590610
52,2047,311087,279523,590610
53,2047,311087,279523,590610
54,2047,311087,279523,590610
55,2047,311087,279523,590610
56,2047,311087,279523,590610
57,2047,311087,279523,590610
58,2047,311087,279523,590610
59,2047,311087,279523,590610
60,2047,311087,279523,590610
61,2047,311087,279523,590610
62,2047,311087,279523,590610
63,2047,311197,279523,590720
64,2047,311402,279483,590885
65,2047,311494,279483,590977
66,2047,311142,279522,590664
67,2047,311181,279522,590703
68,2047,310276,279498,589774
69,2047,310326,279498,589824
70,2047,310257,279585,589842
71,2047,310672,279598,590270
72,2047,310683,279572,590255
73,2047,309854,279579,589433
74,2047,309854,279579,589433
75,2047,309854,279579,589433
76,2047,309854,279579,589433
77,2047,309854,279579,589433
78,2047,309223,297053,606276
79,2047,309182,295170,604352
80,2047,309215,297002,606217
81,2047,309223,297359,606582
82,2047,309223,297359,606582
83,2047,309223,297359,606582
84,2047,309223,297359,606582
85,2047,309223,297359,606582
86,2047,309223,297359,606582
87,2047,309223,297359,606582
88,2047,309223,297359,606582
89,2047,309223,297359,606582
90,2047,309223,297359,606582
91,2047,309223,297359,606582
92,2047,309223,297359,606582
93,2047,309223,297359,606582
94,2047,309223,297359,606582
95,2047,309223,297359,606582
96,2047,309223,297359,606582
97,2047,309223,297359,606582
98,2047,309223,297359,606582
99,2047,309223,297359,606582
100,2047,309223,297359,606582
0,2047,290839,275033,565872
1,2047,290839,275033,565872
2,2047,290835,275033,565868
3,2047,290937,275233,566170
4,2047,291005,274937,565942
5,2047,291046,275155,566201
6,2047,292232,276240,568472
7,2047,292199,276233,568432
8,2047,291249,275661,566910
9,2047,291199,275601,566800
10,2047,292123,276191,568314
11,2047,292361,276048,568409
12,2047,293171,276060,569231
13,2047,294126,275531,569657
14,2047,296668,275937,572605
15,2047,295244,275388,570632
16,2047,296127,275713,571840
17,2047,298662,276231,574893
18,2047,305162,277907,583069
19,2047,309543,280666,590209
20,2047,310358,280573,590931
21,2047,310236,280007,590243
22,2047,310517,280086,590603
23,2047,310504,280086,590590
24,2047,310504,280086,590590
25,2047,310504,280086,590590
26,2047,310504,280086,590590
27,2047,310504,280086,590590
28,2047,310504,280086,590590
29,2047,310504,280086,590590
30,2047,310504,280086,590590
31,2047,310504,280086,590590
32,2047,310504,280086,590590
33,2047,310504,280086,590590
34,2047,310504,280086,590590
35,2047,310504,280086,590590
36,2047,310504,280086,590590
37,2047,310568,280086,590654
38,2047,310568,280086,590654
39,2047,310568,280086,590654
40,2047,310568,280086,590654
41,2047,310949,280086,591035
42,2047,310949,280086,591035
43,2047,310949,280086,591035
44,2047,311212,280770,591982
45,2047,311212,280770,591982
46,2047,311402,280718,592120
47,2047,311402,280718,592120
48,2047,311402,280718,592120
49,2047,311402,280718,592120
50,2047,311402,280718,592120
51,2047,311402,280757,592159
52,2047,311402,280757,592159
53,2047,311402,280757,592159
54,2047,311402,280757,592159
55,2047,311402,280757,592159
56,2047,311402,280757,592159
57,2047,311402,280757,592159
58,2047,311402,280757,592159
59,2047,311402,280757,592159
60,2047,311402,280757,592159
61,2047,311402,280757,592159
62,2047,311402,280757,592159
63,2047,311500,280757,592257
64,2047,311363,280826,592189
65,2047,311724,280826,592550
66,2047,311611,280757,592368
67,2047,311478,280757,592235
68,2047,311136,280282,591418
69,2047,311224,280386,591610
70,2047,311089,280359,591448
71,2047,311023,280782,591805
72,2047,311415,280757,592172
73,2047,310475,280113,590588
74,2047,310475,280113,590588
75,2047,310475,280113,590588
76,2047,310475,280113,590588
77,2047,310475,280113,590588
78,2047,312080,301426,613506
79,2047,311717,300216,611933
80,2047,312078,301550,613628
81,2047,312097,305369,617466
82,2047,312097,305369,617466
83,2047,312097,305369,617466
84,2047,312097,305369,617466
85,2047,312097,305369,617466
86,2047,312097,305369,617466
87,2047,312097,305369,617466
88,2047,312097,305369,617466
89,2047,312097,305369,617466
90,2047,312097,305369,617466
91,2047,312097,305369,617466
92,2047,312097,305369,617466
93,2047,312097,305369,617466
94,2047,312097,305369,617466
95,2047,312097,305369,617466
96,2047,312097,305369,617466
97,2047,312097,305369,617466
98,2047,312097,305369,617466
99,2047,312097,305369,617466
100,2047,312097,305369,617466
0,2047,289659,274603,564262
1,2047,289659,274603,564262
2,2047,289665,274603,564268
3,2047,290131,274992,565123
4,2047,290075,275018,565093
5,2047,290517,275453,565970
6,2047,291142,275727,566869
7,2047,291129,275727,566856
8,2047,291983,276029,568012
9,2047,291141,275810,566951
10,2047,291146,275616,566762
11,2047,292016,276074,568090
12,2047,292897,276138,569035
13,2047,294262,276019,570281
14,2047,294683,275572,570255
15,2047,297679,275397,573076
16,2047,295993,275946,571939
17,2047,298812,276626,575438
18,2047,303893,278118,582011
19,2047,307392,280296,587688
20,2047,308113,280287,588400
21,2047,310267,280533,590800
22,2047,310619,280734,591353
23,2047,310685,280734,591419
24,2047,310685,280734,591419
25,2047,310685,280734,591419
26,2047,310685,280734,591419
27,2047,310685,280734,591419
28,2047,310685,280734,591419
29,2047,310685,280734,591419
30,2047,310685,280734,591419
31,2047,310685,280734,591419
32,2047,310685,280734,591419
33,2047,310685,280734,591419
34,2047,310685,280734,591419
35,2047,310685,280734,591419
36,2047,310685,280734,591419
37,2047,310706,280734,591440
38,2047,310706,280734,591440
39,2047,310706,280734,591440
40,2047,310706,280734,591440
41,2047,311060,280758,591818
42,2047,311060,280758,591818
43,2047,311060,280758,591818
44,2047,310515,280639,591154
45,2047,310515,280639,591154
46,2047,310557,280639,591196
47,2047,310557,280639,591196
48,2047,310557,280639,591196
49,2047,310557,280639,591196
50,2047,310557,280639,591196
51,2047,310557,280639,591196
52,2047,310557,280639,591196
53,2047,310557,280639,591196
54,2047,310557,280639,591196
55,2047,310557,280639,591196
56,2047,310557,280639,591196
57,2047,310557,280639,591196
58,2047,310557,280639,591196
59,2047,310557,280639,591196
60,2047,310557,280639,591196
61,2047,310557,280639,591196
62,2047,310557,280639,591196
63,2047,310910,280639,591549
64,2047,310761,280639,591400
65,2047,311033,280639,591672
66,2047,311135,280672,591807
67,2047,310932,280639,591571
68,2047,311116,280771,591887
69,2047,311041,280703,591744
70,2047,310992,280666,591658
71,2047,310516,280639,591155
72,2047,310473,280639,591112
73,2047,311008,280697,591705
74,2047,311008,280697,591705
75,2047,311008,280697,591705
76,2047,311008,280697,591705
77,2047,311008,280697,591705
78,2047,314470,302480,616950
79,2047,314144,302411,616555
80,2047,314352,302829,617181
81,2047,316242,304224,620466
82,2047,316242,304224,620466
83,2047,316242,304224,620466
84,2047,316242,304224,620466
85,2047,316242,304224,620466
86,2047,316242,304224,620466
87,2047,316242,304224,620466
88,2047,316242,304224,620466
89,2047,316242,304224,620466
90,2047,316242,304224,620466
91,2047,316242,304224,620466
92,2047,316242,304224,620466
93,2047,316242,304224,620466
94,2047,316242,304224,620466
95,2047,316242,304224,620466
96,2047,316242,304224,620466
97,2047,316242,304224,620466
98,2047,316242,304224,620466
99,2047,316242,304224,620466
100,2047,316242,304224,620466
0,2047,289139,272661,561800
1,2047,289139,272661,561800
2,2047,289140,272661,561801
3,2047,289119,272764,561883
4,2047,289360,272455,561815
5,2047,290329,273837,564166
6,2047,290582,275044,565626
7,2047,290513,275001,565514
8,2047,291822,275327,567149
9,2047,292040,275205,567245
10,2047,290765,275121,565886
11,2047,291646,275629,567275
12,2047,292463,275852,568315
13,2047,293960,275907,569867
14,2047,294086,274870,568956
15,2047,297101,275906,573007
16,2047,295988,275549,571537
17,2047,299178,275915,575093
18,2047,303074,277430,580504
19,2047,305532,280384,585916
20,2047,307797,280492,588289
21,2047,309263,280395,589658
22,2047,309846,280601,590447
23,2047,310066,280601,590667
24,2047,310068,280601,590669
25,2047,310068,280601,590669
26,2047,310068,280601,590669
27,2047,310068,280601,590669
28,2047,310068,280601,590669
29,2047,310068,280601,590669
30,2047,310068,280601,590669
31,2047,310068,280601,590669
32,2047,310068,280601,590669
33,2047,310068,280601,590669
34,2047,310068,280601,590669
35,2047,310068,280601,590669
36,2047,310068,280601,590669
37,2047,310106,280601,590707
38,2047,310106,280601,590707
39,2047,310106,280601,590707
40,2047,310106,280601,590707
41,2047,310504,280601,591105
42,2047,310504,280601,591105
43,2047,310504,280601,591105
44,2047,310371,280615,590986
45,2047,310371,280615,590986
46,2047,310431,280601,591032
47,2047,310431,280601,591032
48,2047,310431,280601,591032
49,2047,310431,280601,591032
50,2047,310431,280601,591032
51,2047,310431,280601,591032
52,2047,310431,280601,591032
53,2047,310431,280601,591032
54,2047,310431,280601,591032
55,2047,310431,280601,591032
56,2047,310431,280601,591032
57,2047,310431,280601,591032
58,2047,310431,280601,591032
59,2047,310431,280601,591032
60,2047,310425,280601,591026
61,2047,310396,280601,590997
62,2047,310384,280601,590985
63,2047,310452,280601,591053
64,2047,310622,280615,591237
65,2047,310565,280615,591180
66,2047,310466,280601,591067
67,2047,310560,280601,591161
68,2047,310503,280601,591104
69,2047,310459,280601,591060
70,2047,310415,280601,591016
71,2047,310321,280601,590922
72,2047,310394,280611,591005
73,2047,310297,280601,590898
74,2047,310297,280601,590898
75,2047,310297,280601,590898
76,2047,310297,280601,590898
77,2047,310297,280601,590898
78,2047,316765,303090,619855
79,2047,316576,303067,619643
80,2047,316701,303735,620436
81,2047,316971,305349,622320
82,2047,316971,305349,622320
83,2047,316971,305349,622320
84,2047,316971,305349,622320
85,2047,316971,305349,622320
86,2047,316971,305349,622320
87,2047,316971,305349,622320
88,2047,316971,305349,622320
89,2047,316971,305349,622320
90,2047,316971,305349,622320
91,2047,316971,305349,622320
92,2047,316971,305349,622320
93,2047,316971,305349,622320
94,2047,316971,305349,622320
95,2047,316971,305349,622320
96,2047,316971,305349,622320
97,2047,316971,305349,622320
98,2047,316971,305349,622320
99,2047,316971,305349,622320
100,2047,316971,305349,622320
0,2047,290394,273022,563416
1,2047,290394,272960,563354
2,2047,290359,272960,563319
3,2047,290259,272886,563145
4,2047,290454,272808,563262
5,2047,291611,274441,566052
6,2047,290844,274238,565082
7,2047,290993,274439,565432
8,2047,292558,275788,568346
9,2047,292683,276220,568903
10,2047,290916,274282,565198
11,2047,292270,275799,568069
12,2047,292527,276121,568648
13,2047,293904,275836,569740
14,2047,293814,275619,569433
15,2047,296491,275550,572041
16,2047,296013,275404,571417
17,2047,300549,276014,576563
18,2047,303703,277256,580959
19,2047,304886,279668,584554
20,2047,307763,280642,588405
21,2047,308577,280432,589009
22,2047,309209,280601,589810
23,2047,309657,280601,590258
24,2047,309658,280601,590259
25,2047,309658,280601,590259
26,2047,309658,280601,590259
27,2047,309658,280601,590259
28,2047,309658,280601,590259
29,2047,309658,280601,590259
30,2047,309658,280601,590259
31,2047,309658,280601,590259
32,2047,309658,280601,590259
33,2047,309658,280601,590259
34,2047,309658,280601,590259
35,2047,309658,280601,590259
36,2047,309658,280601,590259
37,2047,309666,280681,590347
38,2047,309666,280681,590347
39,2047,309666,280681,590347
40,2047,309666,280681,590347
41,2047,310400,280705,591105
42,2047,310400,280705,591105
43,2047,310400,280705,591105
44,2047,310418,280719,591137
45,2047,310418,280719,591137
46,2047,310454,280719,591173
47,2047,310454,280719,591173
48,2047,310454,280719,591173
49,2047,310454,280719,591173
50,2047,310454,280719,591173
51,2047,310454,280719,591173
52,2047,310454,280719,591173
53,2047,310454,280719,591173
54,2047,310454,280719,591173
55,2047,310454,280719,591173
56,2047,310454,280719,591173
57,2047,310454,280719,591173
58,2047,310454,280719,591173
59,2047,310454,280719,591173
60,2047,310454,280719,591173
61,2047,310425,280719,591144
62,2047,310355,280719,591074
63,2047,310557,280719,591276
64,2047,310622,280709,591331
65,2047,310657,280709,591366
66,2047,310551,280719,591270
67,2047,310578,280709,591287
68,2047,310595,280719,591314
69,2047,310527,280719,591246
70,2047,310501,280719,591220
71,2047,310167,280719,590886
72,2047,310365,280719,591084
73,2047,310097,280705,590802
74,2047,310097,280705,590802
75,2047,310097,280705,590802
76,2047,310097,280705,590802
77,2047,310097,280705,590802
78,2047,316031,304649,620680
79,2047,316015,304523,620538
80,2047,316491,304884,621375
81,2047,317021,307179,624200
82,2047,317021,307179,624200
83,2047,317021,307179,624200
84,2047,317021,307179,624200
85,2047,317021,307179,624200
86,2047,317021,307179,624200
87,2047,317021,307179,624200
88,2047,317021,307179,624200
89,2047,317021,307179,624200
90,2047,317021,307179,624200
91,2047,317021,307179,624200
92,2047,317021,307179,624200
93,2047,317021,307179,624200
94,2047,317021,307179,624200
95,2047,317021,307179,624200
96,2047,317021,307179,624200
97,2047,317021,307179,624200
98,2047,317021,307179,624200
99,2047,317021,307179,624200
100,2047,317021,307179,624200
0,2047,291389,273588,564977
1,2047,291361,273588,564949
2,2047,291342,273588,564930
3,2047,290486,273473,563959
4,2047,291427,273538,564965
5,2047,292690,275544,568234
6,2047,291841,274747,566588
7,2047,291918,275199,567117
8,2047,292254,275800,568054
9,2047,291248,275379,566627
10,2047,292120,274848,566968
11,2047,292386,276244,568630
12,2047,292471,275750,568221
13,2047,293842,275635,569477
14,2047,294684,275923,570607
15,2047,295202,274951,570153
16,2047,296309,275544,571853
17,2047,300680,275961,576641
18,2047,306176,277396,583572
19,2047,304844,279082,583926
20,2047,307760,280252,588012
21,2047,308575,280608,589183
22,2047,309265,280695,589960
23,2047,309759,280695,590454
24,2047,309761,280695,590456
25,2047,309761,280695,590456
26,2047,309761,280695,590456
27,2047,309761,280695,590456
28,2047,309761,280695,590456
29,2047,309761,280695,590456
30,2047,309761,280695,590456
31,2047,309761,280695,590456
32,2047,309761,280695,590456
33,2047,309761,280695,590456
34,2047,309761,280695,590456
35,2047,309761,280695,590456
36,2047,309761,280695,590456
37,2047,309760,280695,590455
38,2047,309760,280695,590455
39,2047,309760,280695,590455
40,2047,309760,280695,590455
41,2047,310532,280719,591251
42,2047,310532,280719,591251
43,2047,310532,280719,591251
44,2047,310612,280709,591321
45,2047,310612,280709,591321
46,2047,310612,280709,591321
47,2047,310612,280709,591321
48,2047,310612,280709,591321
49,2047,310612,280709,591321
50,2047,310612,280709,591321
51,2047,310612,280709,591321
52,2047,310612,280709,591321
53,2047,310612,280709,591321
54,2047,310612,280709,591321
55,2047,310612,280709,591321
56,2047,310612,280709,591321
57,2047,310612,280709,591321
58,2047,310612,280709,591321
59,2047,310612,280709,591321
60,2047,310612,280709,591321
61,2047,310583,280709,591292
62,2047,310342,280719,591061
63,2047,310663,280709,591372
64,2047,310791,280709,591500
65,2047,310817,280709,591526
66,2047,310711,280709,591420
67,2047,310719,280709,591428
68,2047,310627,280709,591336
69,2047,310569,280709,591278
70,2047,310553,280709,591262
71,2047,310114,280719,590833
72,2047,310402,280719,591121
73,2047,310099,280695,590794
74,2047,310099,280695,590794
75,2047,310099,280695,590794
76,2047,310099,280695,590794
77,2047,310099,280695,590794
78,2047,316416,306500,622916
79,2047,316414,306851,623265
80,2047,317112,306603,623715
81,2047,320548,305311,625859
82,2047,320548,305311,625859
83,2047,320548,305311,625859
84,2047,320548,305311,625859
85,2047,320548,305311,625859
86,2047,320548,305311,625859
87,2047,320548,305311,625859
88,2047,320548,305311,625859
89,2047,320548,305311,625859
90,2047,320548,305311,625859
91,2047,320548,305311,625859
92,2047,320548,305311,625859
93,2047,320548,305311,625859
94,2047,320548,305311,625859
95,2047,320548,305311,625859
96,2047,320548,305311,625859
97,2047,320548,305311,625859
98,2047,320548,305311,625859
99,2047,320548,305311,625859
100,2047,320548,305311,625859
0,2047,292751,275522,568273
1,2047,292768,275518,568286
2,2047,292769,275518,568287
3,2047,291789,274356,566145
4,2047,293025,274710,567735
5,2047,292813,276399,569212
6,2047,292765,276223,568988
7,2047,292672,276268,568940
8,2047,292330,276276,568606
9,2047,291393,275989,567382
10,2047,292673,276157,568830
11,2047,291584,275622,567206
12,2047,292581,275830,568411
13,2047,294134,275933,570067
14,2047,295041,276344,571385
15,2047,297727,275310,573037
16,2047,296109,275747,571856
17,2047,313874,275931,589805
18,2047,305144,277547,582691
19,2047,305947,279202,585149
20,2047,308539,280233,588772
21,2047,309150,280634,589784
22,2047,309340,280727,590067
23,2047,309735,280695,590430
24,2047,309736,280695,590431
25,2047,309736,280695,590431
26,2047,309736,280695,590431
27,2047,309736,280695,590431
28,2047,309736,280695,590431
29,2047,309736,280695,590431
30,2047,309736,280695,590431
31,2047,309736,280695,590431
32,2047,309736,280695,590431
33,2047,309736,280695,590431
34,2047,309736,280695,590431
35,2047,309736,280695,590431
36,2047,309736,280695,590431
37,2047,309736,280695,590431
38,2047,309736,280695,590431
39,2047,309736,280695,590431
40,2047,309736,280695,590431
41,2047,310615,280709,591324
42,2047,310615,280709,591324
43,2047,310615,280709,591324
44,2047,310580,280709,591289
45,2047,310580,280709,591289
46,2047,310589,280709,591298
47,2047,310589,280709,591298
48,2047,310589,280709,591298
49,2047,310589,280709,591298
50,2047,310589,280709,591298
51,2047,310589,280709,591298
52,2047,310589,280709,591298
53,2047,310589,280709,591298
54,2047,310589,280709,591298
55,2047,310589,280709,591298
56,2047,310589,280709,591298
57,2047,310589,280709,591298
58,2047,310589,280709,591298
59,2047,310589,280709,591298
60,2047,310589,280709,591298
61,2047,310560,280709,591269
62,2047,310362,280719,591081
63,2047,310688,280709,591397
64,2047,310777,280709,591486
65,2047,310815,280709,591524
66,2047,310706,280709,591415
67,2047,310743,280709,591452
68,2047,310757,280709,591466
69,2047,310692,280709,591401
70,2047,310676,280709,591385
71,2047,310183,280695,590878
72,2047,310549,280719,591268
73,2047,310133,280695,590828
74,2047,310133,280695,590828
75,2047,310133,280695,590828
76,2047,310133,280695,590828
77,2047,310133,280695,590828
78,2047,319143,305453,624596
79,2047,319327,305676,625003
80,2047,319274,305068,624342
81,2047,318978,306401,625379
82,2047,318978,306401,625379
83,2047,318978,306401,625379
84,2047,318978,306401,625379
85,2047,318978,306401,625379
86,2047,318978,306401,625379
87,2047,318978,306401,625379
88,2047,318978,306401,625379
89,2047,318978,306401,625379
90,2047,318978,306401,625379
91,2047,318978,306401,625379
92,2047,318978,306401,625379
93,2047,318978,306401,625379
94,2047,318978,306401,625379
95,2047,318978,306401,625379
96,2047,318978,306401,625379
97,2047,318978,306401,625379
98,2047,318978,306401,625379
99,2047,318978,306401,625379
100,2047,318978,306401,625379
0,2047,292327,275510,567837
1,2047,292327,275659,567986
2,2047,292320,275647,567967
3,2047,292875,275527,568402
4,2047,292828,275721,568549
5,2047,291154,274409,565563
6,2047,291431,275516,566947
7,2047,291405,275336,566741
8,2047,290990,275061,566051
9,2047,292128,275695,567823
10,2047,291559,275769,567328
11,2047,291377,275586,566963
12,2047,293155,276000,569155
13,2047,294189,275958,570147
14,2047,295769,275717,571486
15,2047,297153,275649,572802
16,2047,295944,275372,571316
17,2047,307331,276682,584013
18,2047,304499,277441,581940
19,2047,307335,279222,586557
20,2047,309367,280247,589614
21,2047,309425,280514,589939
22,2047,309452,280752,590204
23,2047,309762,280695,590457
24,2047,309764,280695,590459
25,2047,309764,280695,590459
26,2047,309764,280695,590459
27,2047,309764,280695,590459
28,2047,309764,280695,590459
29,2047,309764,280695,590459
30,2047,309764,280695,590459
31,2047,309764,280695,590459
32,2047,309764,280695,590459
33,2047,309764,280695,590459
34,2047,309764,280695,590459
35,2047,309764,280695,590459
36,2047,309764,280695,590459
37,2047,309738,280695,590433
38,2047,309738,280695,590433
39,2047,309738,280695,590433
40,2047,309738,280695,590433
41,2047,310581,280709,591290
42,2047,310581,280709,591290
43,2047,310581,280709,591290
44,2047,310522,280709,591231
45,2047,310522,280709,591231
46,2047,310522,280709,591231
47,2047,310522,280709,591231
48,2047,310522,280709,591231
49,2047,310522,280709,591231
50,2047,310522,280709,591231
51,2047,310522,280709,591231
52,2047,310522,280709,591231
53,2047,310522,280709,591231
54,2047,310522,280709,591231
55,2047,310522,280709,591231
56,2047,310522,280709,591231
57,2047,310522,280709,591231
58,2047,310522,280709,591231
59,2047,310522,280709,591231
60,2047,310522,280709,591231
61,2047,310493,280709,591202
62,2047,310500,280719,591219
63,2047,310622,280709,591331
64,2047,310711,280709,591420
65,2047,310854,280709,591563
66,2047,310736,280709,591445
67,2047,310677,280709,591386
68,2047,310743,280709,591452
69,2047,310668,280709,591377
70,2047,310642,280709,591351
71,2047,310117,280719,590836
72,2047,310404,280709,591113
73,2047,310176,280695,590871
74,2047,310176,280695,590871
75,2047,310176,280695,590871
76,2047,310176,280695,590871
77,2047,310176,280695,590871
78,2047,317218,306629,623847
79,2047,317604,306070,623674
80,2047,317715,306312,624027
81,2047,319435,304795,624230
82,2047,319435,304795,624230
83,2047,319435,304795,624230
84,2047,319435,304795,624230
85,2047,319435,304795,624230
86,2047,319435,304795,624230
87,2047,319435,304795,624230
88,2047,319435,304795,624230
89,2047,319435,304795,624230
90,2047,319435,304795,624230
91,2047,319435,304795,624230
92,2047,319435,304795,624230
93,2047,319435,304795,624230
94,2047,319435,304795,624230
95,2047,319435,304795,624230
96,2047,319435,304795,624230
97,2047,319435,304795,624230
98,2047,319435,304795,624230
99,2047,319435,304795,624230
100,2047,319435,304795,624230
0,2047,292237,275533,567770
1,2047,292258,275489,567747
2,2047,292255,275489,567744
3,2047,292520,275565,568085
4,2047,292646,275922,568568
5,2047,290941,274761,565702
6,2047,291650,275540,567190
7,2047,291571,275602,567173
8,2047,290150,274568,564718
9,2047,292443,275886,568329
10,2047,291915,275595,567510
11,2047,292561,275926,568487
12,2047,293011,276402,569413
13,2047,293947,275772,569719
14,2047,294479,275523,570002
15,2047,297722,275788,573510
16,2047,296132,275359,571491
17,2047,303346,276680,580026
18,2047,304374,277451,581825
19,2047,307952,279352,587304
20,2047,309700,280525,590225
21,2047,308980,280464,589444
22,2047,309470,280601,590071
23,2047,309775,280616,590391
24,2047,309777,280616,590393
25,2047,309777,280616,590393
26,2047,309777,280616,590393
27,2047,309777,280616,590393
28,2047,309777,280616,590393
29,2047,309777,280616,590393
30,2047,309777,280616,590393
31,2047,309777,280616,590393
32,2047,309777,280616,590393
33,2047,309777,280616,590393
34,2047,309777,280616,590393
35,2047,309777,280616,590393
36,2047,309777,280616,590393
37,2047,309777,280616,590393
38,2047,309777,280616,590393
39,2047,309777,280616,590393
40,2047,309777,280616,590393
41,2047,310522,280709,591231
42,2047,310522,280709,591231
43,2047,310522,280709,591231
44,2047,310523,280709,591232
45,2047,310523,280709,591232
46,2047,310523,280709,591232
47,2047,310523,280709,591232
48,2047,310523,280709,591232
49,2047,310523,280709,591232
50,2047,310523,280709,591232
51,2047,310523,280709,591232
52,2047,310523,280709,591232
53,2047,310523,280709,591232
54,2047,310523,280709,591232
55,2047,310523,280709,591232
56,2047,310523,280709,591232
57,2047,310523,280709,591232
58,2047,310523,280709,591232
59,2047,310523,280709,591232
60,2047,310523,280709,591232
61,2047,310494,280709,591203
62,2047,310481,280709,591190
63,2047,310622,280709,591331
64,2047,310711,280709,591420
65,2047,310728,280709,591437
66,2047,310677,280709,591386
67,2047,310677,280709,591386
68,2047,310677,280709,591386
69,2047,310602,280709,591311
70,2047,310576,280709,591285
71,2047,310117,280695,590812
72,2047,310481,280719,591200
73,2047,310143,280719,590862
74,2047,310143,280719,590862
75,2047,310143,280719,590862
76,2047,310143,280719,590862
77,2047,310143,280719,590862
78,2047,319280,304872,624152
79,2047,317218,306403,623621
80,2047,318885,305538,624423
81,2047,315816,304901,620717
82,2047,315816,304901,620717
83,2047,315816,304901,620717
84,2047,315816,304901,620717
85,2047,315816,304901,620717
86,2047,315816,304901,620717
87,2047,315816,304901,620717
88,2047,315816,304901,620717
89,2047,315816,304901,620717
90,2047,315816,304901,620717
91,2047,315816,304901,620717
92,2047,315816,304901,620717
93,2047,315816,304901,620717
94,2047,315816,304901,620717
95,2047,315816,304901,620717
96,2047,315816,304901,620717
97,2047,315816,304901,620717
98,2047,315816,304901,620717
99,2047,315816,304901,620717
100,2047,315816,304901,620717
0,2047,292050,274642,566692
1,2047,291992,274566,566558
2,2047,292049,274566,566615
3,2047,292288,275393,567681
4,2047,292350,275433,567783
5,2047,291665,275418,567083
6,2047,292616,275683,568299
7,2047,292591,275714,568305
8,2047,289388,272724,562112
9,2047,292120,275796,567916
10,2047,292494,275697,568191
11,2047,292571,276455,569026
12,2047,292461,275605,568066
13,2047,293891,275625,569516
14,2047,294576,275565,570141
15,2047,296947,275357,572304
16,2047,296197,275623,571820
17,2047,302139,276579,578718
18,2047,304368,277408,581776
19,2047,309074,279536,588610
20,2047,308796,280425,589221
21,2047,308818,280514,589332
22,2047,309431,280601,590032
23,2047,309749,280616,590365
24,2047,309751,280616,590367
25,2047,309751,280616,590367
26,2047,309751,280616,590367
27,2047,309751,280616,590367
28,2047,309751,280616,590367
29,2047,309751,280616,590367
30,2047,309751,280616,590367
31,2047,309751,280616,590367
32,2047,309751,280616,590367
33,2047,309751,280616,590367
34,2047,309751,280616,590367
35,2047,309751,280616,590367
36,2047,309751,280616,590367
37,2047,309751,280616,590367
38,2047,309751,280616,590367
39,2047,309751,280616,590367
40,2047,309751,280616,590367
41,2047,310523,280709,591232
42,2047,310523,280709,591232
43,2047,310523,280709,591232
44,2047,310523,280709,591232
45,2047,310523,280709,591232
46,2047,310523,280709,591232
47,2047,310523,280709,591232
48,2047,310523,280709,591232
49,2047,310523,280709,591232
50,2047,310523,280709,591232
51,2047,310523,280709,591232
52,2047,310523,280709,591232
53,2047,310523,280709,591232
54,2047,310523,280709,591232
55,2047,310523,280709,591232
56,2047,310523,280709,591232
57,2047,310523,280709,591232
58,2047,310523,280709,591232
59,2047,310523,280709,591232
60,2047,310523,280709,591232
61,2047,310502,280709,591211
62,2047,310533,280709,591242
63,2047,310629,280709,591338
64,2047,310711,280709,591420
65,2047,310748,280709,591457
66,2047,310677,280709,591386
67,2047,310677,280709,591386
68,2047,310677,280709,591386
69,2047,310602,280709,591311
70,2047,310576,280709,591285
71,2047,310117,280695,590812
72,2047,310465,280709,591174
73,2047,310117,280719,590836
74,2047,310117,280719,590836
75,2047,310117,280719,590836
76,2047,310117,280719,590836
77,2047,310117,280719,590836
78,2047,317018,305496,622514
79,2047,319763,304916,624679
80,2047,316558,305659,622217
81,2047,315093,304229,619322
82,2047,315093,304229,619322
83,2047,315093,304229,619322
84,2047,315093,304229,619322
85,2047,315093,304229,619322
86,2047,315093,304229,619322
87,2047,315093,304229,619322
88,2047,315093,304229,619322
89,2047,315093,304229,619322
90,2047,315093,304229,619322
91,2047,315093,304229,619322
92,2047,315093,304229,619322
93,2047,315093,304229,619322
94,2047,315093,304229,619322
95,2047,315093,304229,619322
96,2047,315093,304229,619322
97,2047,315093,304229,619322
98,2047,315093,304229,619322
99,2047,315093,304229,619322
100,2047,315093,304229,619322
0,2047,292467,275809,568276
1,2047,292460,275777,568237
2,2047,292457,275777,568234
3,2047,292245,275154,567399
4,2047,292274,275644,567918
5,2047,292620,276606,569226
6,2047,292731,276392,569123
7,2047,292547,276434,568981
8,2047,290424,273014,563438
9,2047,292125,275680,567805
10,2047,292649,276206,568855
11,2047,291627,275325,566952
12,2047,292214,276093,568307
13,2047,294275,275933,570208
14,2047,294898,275677,570575
15,2047,296696,275498,572194
16,2047,296083,275608,571691
17,2047,302392,276114,578506
18,2047,304800,277408,582208
19,2047,308341,280112,588453
20,2047,308246,280444,588690
21,2047,308721,280514,589235
22,2047,309400,280616,590016
23,2047,309775,280616,590391
24,2047,309777,280616,590393
25,2047,309777,280616,590393
26,2047,309777,280616,590393
27,2047,309777,280616,590393
28,2047,309777,280616,590393
29,2047,309777,280616,590393
30,2047,309777,280616,590393
31,2047,309777,280616,590393
32,2047,309777,280616,590393
33,2047,309777,280616,590393
34,2047,309777,280616,590393
35,2047,309777,280616,590393
36,2047,309777,280616,590393
37,2047,309751,280616,590367
38,2047,309751,280616,590367
39,2047,309751,280616,590367
40,2047,309751,280616,590367
41,2047,310523,280709,591232
42,2047,310523,280709,591232
43,2047,310523,280709,591232
44,2047,310523,280709,591232
45,2047,310523,280709,591232
46,2047,310523,280709,591232
47,2047,310523,280709,591232
48,2047,310523,280709,591232
49,2047,310523,280709,591232
50,2047,310523,280709,591232
51,2047,310523,280709,591232
52,2047,310523,280709,591232
53,2047,310523,280709,591232
54,2047,310523,280709,591232
55,2047,310523,280709,591232
56,2047,310523,280709,591232
57,2047,310523,280709,591232
58,2047,310523,280709,591232
59,2047,310523,280709,591232
60,2047,310523,280709,591232
61,2047,310502,280709,591211
62,2047,310490,280709,591199
63,2047,310629,280709,591338
64,2047,310711,280709,591420
65,2047,310728,280709,591437
66,2047,310677,280709,591386
67,2047,310677,280709,591386
68,2047,310677,280709,591386
69,2047,310609,280709,591318
70,2047,310583,280709,591292
71,2047,310117,280695,590812
72,2047,310465,280709,591174
73,2047,310117,280695,590812
74,2047,310117,280695,590812
75,2047,310117,280695,590812
76,2047,310117,280695,590812
77,2047,310117,280695,590812
78,2047,315589,306728,622317
79,2047,317850,304290,622140
80,2047,315286,304700,619986
81,2047,313486,303270,616756
82,2047,313486,303270,616756
83,2047,313486,303270,616756
84,2047,313486,303270,616756
85,2047,313486,303270,616756
86,2047,313486,303270,616756
87,2047,313486,303270,616756
88,2047,313486,303270,616756
89,2047,313486,303270,616756
90,2047,313486,303270,616756
91,2047,313486,303270,616756
92,2047,313486,303270,616756
93,2047,313486,303270,616756
94,2047,313486,303270,616756
95,2047,313486,303270,616756
96,2047,313486,303270,616756
97,2047,313486,303270,616756
98,2047,313486,303270,616756
99,2047,313486,303270,616756
100,2047,313486,303270,616756
0,2047,292071,275839,567910
1,2047,292089,275900,567989
2,2047,292086,275900,567986
3,2047,292381,275949,568330
4,2047,292447,276194,568641
5,2047,291076,274117,565193
6,2047,291032,274854,565886
7,2047,290997,274886,565883
8,2047,291455,273560,565015
9,2047,292220,275875,568095
10,2047,291207,275214,566421
11,2047,291288,275553,566841
12,2047,293021,276358,569379
13,2047,294152,276089,570241
14,2047,295132,275773,570905
15,2047,295672,275405,571077
16,2047,296009,275276,571285
17,2047,303498,276207,579705
18,2047,304580,277399,581979
19,2047,307593,280366,587959
20,2047,308648,280447,589095
21,2047,309185,280529,589714
22,2047,309411,280647,590058
23,2047,309775,280616,590391
24,2047,309777,280624,590401
25,2047,309777,280624,590401
26,2047,309777,280624,590401
27,2047,309777,280624,590401
28,2047,309777,280624,590401
29,2047,309777,280624,590401
30,2047,309777,280624,590401
31,2047,309777,280624,590401
32,2047,309777,280624,590401
33,2047,309777,280624,590401
34,2047,309777,280624,590401
35,2047,309777,280624,590401
36,2047,309777,280624,590401
37,2047,309777,280616,590393
38,2047,309777,280616,590393
39,2047,309777,280616,590393
40,2047,309777,280616,590393
41,2047,310523,280709,591232
42,2047,310523,280709,591232
43,2047,310523,280709,591232
44,2047,310523,280709,591232
45,2047,310523,280709,591232
46,2047,310523,280709,591232
47,2047,310523,280709,591232
48,2047,310523,280709,591232
49,2047,310523,280709,591232
50,2047,310523,280709,591232
51,2047,310523,280709,591232
52,2047,310523,280709,591232
53,2047,310523,280709,591232
54,2047,310523,280709,591232
55,2047,310523,280709,591232
56,2047,310523,280709,591232
57,2047,310523,280709,591232
58,2047,310523,280709,591232
59,2047,310523,280709,591232
60,2047,310523,280709,591232
61,2047,310502,280709,591211
62,2047,310482,280709,591191
63,2047,310622,280709,591331
64,2047,310711,280709,591420
65,2047,310776,280709,591485
66,2047,310677,280709,591386
67,2047,310677,280709,591386
68,2047,310677,280709,591386
69,2047,310609,280709,591318
70,2047,310583,280709,591292
71,2047,310117,280695,590812
72,2047,310465,280709,591174
73,2047,310117,280695,590812
74,2047,310117,280695,590812
75,2047,310117,280695,590812
76,2047,310117,280695,590812
77,2047,310117,280695,590812
78,2047,319253,303696,622949
79,2047,314882,303302,618184
80,2047,314483,304209,618692
81,2047,313400,302807,616207
82,2047,313400,302807,616207
83,2047,313400,302807,616207
84,2047,313400,302807,616207
85,2047,313400,302807,616207
86,2047,313400,302807,616207
87,2047,313400,302807,616207
88,2047,313400,302807,616207
89,2047,313400,302807,616207
90,2047,313400,302807,616207
91,2047,313400,302807,616207
92,2047,313400,302807,616207
93,2047,313400,302807,616207
94,2047,313400,302807,616207
95,2047,313400,302807,616207
96,2047,313400,302807,616207
97,2047,313400,302807,616207
98,2047,313400,302807,616207
99,2047,313400,302807,616207
100,2047,313400,302807,616207
0,2047,291929,276118,568047
1,2047,292050,276184,568234
2,2047,292024,276184,568208
3,2047,292099,275673,567772
4,2047,291120,275219,566339
5,2047,290898,274381,565279
6,2047,290201,274869,565070
7,2047,289966,274416,564382
8,2047,293136,274868,568004
9,2047,292151,275983,568134
10,2047,291191,275417,566608
11,2047,292570,276264,568834
12,2047,292503,275712,568215
13,2047,293667,275662,569329
14,2047,296166,275731,571897
15,2047,295497,275115,570612
16,2047,296079,275458,571537
17,2047,303229,276582,579811
18,2047,304477,277399,581876
19,2047,306568,280199,586767
20,2047,308456,280490,588946
21,2047,309412,280464,589876
22,2047,309419,280647,590066
23,2047,309775,280624,590399
24,2047,309777,280624,590401
25,2047,309777,280624,590401
26,2047,309777,280624,590401
27,2047,309777,280624,590401
28,2047,309777,280624,590401
29,2047,309777,280624,590401
30,2047,309777,280624,590401
31,2047,309777,280624,590401
32,2047,309777,280624,590401
33,2047,309777,280624,590401
34,2047,309777,280624,590401
35,2047,309777,280624,590401
36,2047,309777,280624,590401
37,2047,309777,280624,590401
38,2047,309777,280624,590401
39,2047,309777,280624,590401
40,2047,309777,280624,590401
41,2047,310523,280709,591232
42,2047,310523,280709,591232
43,2047,310523,280709,591232
44,2047,310523,280709,591232
45,2047,310523,280709,591232
46,2047,310523,280709,591232
47,2047,310523,280709,591232
48,2047,310523,280709,591232
49,2047,310523,280709,591232
50,2047,310523,280709,591232
51,2047,310523,280709,591232
52,2047,310523,280709,591232
53,2047,310523,280709,591232
54,2047,310523,280709,591232
55,2047,310523,280709,591232
56,2047,310523,280709,591232
57,2047,310523,280709,591232
58,2047,310523,280709,591232
59,2047,310523,280709,591232
60,2047,310523,280709,591232
61,2047,310502,280709,591211
62,2047,310542,280709,591251
63,2047,310622,280709,591331
64,2047,310711,280709,591420
65,2047,310776,280709,591485
66,2047,310677,280709,591386
67,2047,310677,280709,591386
68,2047,310677,280709,591386
69,2047,310609,280709,591318
70,2047,310583,280709,591292
71,2047,310117,280695,590812
72,2047,310465,280709,591174
73,2047,310117,280695,590812
74,2047,310117,280695,590812
75,2047,310117,280695,590812
76,2047,310117,280695,590812
77,2047,310117,280695,590812
78,2047,315391,302409,617800
79,2047,313281,301886,615167
80,2047,313582,303403,616985
81,2047,313300,302781,616081
82,2047,313300,302781,616081
83,2047,313300,302781,616081
84,2047,313300,302781,616081
85,2047,313300,302781,616081
86,2047,313300,302781,616081
87,2047,313300,302781,616081
88,2047,313300,302781,616081
89,2047,313300,302781,616081
90,2047,313300,302781,616081
91,2047,313300,302781,616081
92,2047,313300,302781,616081
93,2047,313300,302781,616081
94,2047,313300,302781,616081
95,2047,313300,302781,616081
96,2047,313300,302781,616081
97,2047,313300,302781,616081
98,2047,313300,302781,616081
99,2047,313300,302781,616081
100,2047,313300,302781,616081
0,2047,290678,274865,565543
1,2047,290646,274600,565246
2,2047,290646,274600,565246
3,2047,292028,275935,567963
4,2047,290806,274931,565737
5,2047,291693,275335,567028
6,2047,289512,272972,562484
7,2047,289426,272773,562199
8,2047,292970,275895,568865
9,2047,292042,275514,567556
10,2047,292198,275741,567939
11,2047,291715,275941,567656
12,2047,292280,275815,568095
13,2047,293958,275737,569695
14,2047,295390,275951,571341
15,2047,295576,275625,571201
16,2047,296316,275830,572146
17,2047,302965,276281,579246
18,2047,304630,277408,582038
19,2047,305272,279385,584657
20,2047,308843,280475,589318
21,2047,308966,280464,589430
22,2047,309419,280616,590035
23,2047,309775,280616,590391
24,2047,309777,280616,590393
25,2047,309777,280616,590393
26,2047,309777,280616,590393
27,2047,309777,280616,590393
28,2047,309777,280616,590393
29,2047,309777,280616,590393
30,2047,309777,280616,590393
31,2047,309777,280616,590393
32,2047,309777,280616,590393
33,2047,309777,280616,590393
34,2047,309777,280616,590393
35,2047,309777,280616,590393
36,2047,309777,280616,590393
37,2047,309777,280616,590393
38,2047,309777,280616,590393
39,2047,309777,280616,590393
40,2047,309777,280616,590393
41,2047,310523,280709,591232
42,2047,310523,280709,591232
43,2047,310523,280709,591232
44,2047,310523,280709,591232
45,2047,310523,280709,591232
46,2047,310523,280709,591232
47,2047,310523,280709,591232
48,2047,310523,280709,591232
49,2047,310523,280709,591232
50,2047,310523,280709,591232
51,2047,310523,280709,591232
52,2047,310523,280709,591232
53,2047,310523,280709,591232
54,2047,310523,280709,591232
55,2047,310523,280709,591232
56,2047,310523,280709,591232
57,2047,310523,280709,591232
58,2047,310523,280709,591232
59,2047,310523,280709,591232
60,2047,310523,280709,591232
61,2047,310502,280709,591211
62,2047,310490,280709,591199
63,2047,310629,280709,591338
64,2047,310711,280709,591420
65,2047,310776,280709,591485
66,2047,310677,280709,591386
67,2047,310677,280709,591386
68,2047,310677,280709,591386
69,2047,310609,280709,591318
70,2047,310583,280709,591292
71,2047,310117,280695,590812
72,2047,310465,280709,591174
73,2047,310117,280695,590812
74,2047,310117,280695,590812
75,2047,310117,280695,590812
76,2047,310117,280695,590812
77,2047,310117,280695,590812
78,2047,314163,302133,616296
79,2047,313574,301568,615142
80,2047,313325,302887,616212
81,2047,314143,304623,618766
82,2047,314143,304623,618766
83,2047,314143,304623,618766
84,2047,314143,304623,618766
85,2047,314143,304623,618766
86,2047,314143,304623,618766
87,2047,314143,304623,618766
88,2047,314143,304623,618766
89,2047,314143,304623,618766
90,2047,314143,304623,618766
91,2047,314143,304623,618766
92,2047,314143,304623,618766
93,2047,314143,304623,618766
94,2047,314143,304623,618766
95,2047,314143,304623,618766
96,2047,314143,304623,618766
97,2047,314143,304623,618766
98,2047,314143,304623,618766
99,2047,314143,304623,618766
100,2047,314143,304623,618766
0,2047,289630,273527,563157
1,2047,289084,272978,562062
2,2047,289096,272978,562074
3,2047,291944,275546,567490
4,2047,290744,274239,564983
5,2047,292628,276596,569224
6,2047,290215,273130,563345
7,2047,290379,273170,563549
8,2047,292789,275868,568657
9,2047,292007,275599,567606
10,2047,292516,276305,568821
11,2047,291831,275642,567473
12,2047,293193,276213,569406
13,2047,294133,275848,569981
14,2047,294756,275557,570313
15,2047,295875,275849,571724
16,2047,296104,275804,571908
17,2047,302976,276373,579349
18,2047,304434,277399,581833
19,2047,305026,279291,584317
20,2047,308802,280475,589277
21,2047,308820,280514,589334
22,2047,309407,280616,590023
23,2047,309775,280624,590399
24,2047,309777,280624,590401
25,2047,309777,280624,590401
26,2047,309777,280624,590401
27,2047,309777,280624,590401
28,2047,309777,280624,590401
29,2047,309777,280624,590401
30,2047,309777,280624,590401
31,2047,309777,280624,590401
32,2047,309777,280624,590401
33,2047,309777,280624,590401
34,2047,309777,280624,590401
35,2047,309777,280624,590401
36,2047,309777,280624,590401
37,2047,309777,280616,590393
38,2047,309777,280616,590393
39,2047,309777,280616,590393
40,2047,309777,280616,590393
41,2047,310523,280709,591232
42,2047,310523,280709,591232
43,2047,310523,280709,591232
44,2047,310523,280709,591232
45,2047,310523,280709,591232
46,2047,310523,280709,591232
47,2047,310523,280709,591232
48,2047,310523,280709,591232
49,2047,310523,280709,591232
50,2047,310523,280709,591232
51,2047,310523,280709,591232
52,2047,310523,280709,591232
53,2047,310523,280709,591232
54,2047,310523,280709,591232
55,2047,310523,280709,591232
56,2047,310523,280709,591232
57,2047,310523,280709,591232
58,2047,310523,280709,591232
59,2047,310523,280709,591232
60,2047,310523,280709,591232
61,2047,310502,280709,591211
62,2047,310482,280709,591191
63,2047,310629,280709,591338
64,2047,310711,280709,591420
65,2047,310776,280709,591485
66,2047,310677,280709,591386
67,2047,310677,280709,591386
68,2047,310677,280709,591386
69,2047,310609,280709,591318
70,2047,310583,280709,591292
71,2047,310117,280695,590812
72,2047,310465,280709,591174
73,2047,310117,280695,590812
74,2047,310117,280695,590812
75,2047,310117,280695,590812
76,2047,310117,280695,590812
77,2047,310117,280695,590812
78,2047,312824,302255,615079
79,2047,312361,301855,614216
80,2047,313545,304204,617749
81,2047,315175,307024,622199
82,2047,315175,307024,622199
83,2047,315175,307024,622199
84,2047,315175,307024,622199
85,2047,315175,307024,622199
86,2047,315175,307024,622199
87,2047,315175,307024,622199
88,2047,315175,307024,622199
89,2047,315175,307024,622199
90,2047,315175,307024,622199
91,2047,315175,307024,622199
92,2047,315175,307024,622199
93,2047,315175,307024,622199
94,2047,315175,307024,622199
95,2047,315175,307024,622199
96,2047,315175,307024,622199
97,2047,315175,307024,622199
98,2047,315175,307024,622199
99,2047,315175,307024,622199
100,2047,315175,307024,622199
0,2047,289931,272729,562660
1,2047,289934,272911,562845
2,2047,289982,272952,562934
3,2047,292195,275576,567771
4,2047,291187,274432,565619
5,2047,291032,274005,565037
6,2047,290574,273727,564301
7,2047,291554,273847,565401
8,2047,292191,275275,567466
9,2047,292300,275900,568200
10,2047,291218,275119,566337
11,2047,292350,275661,568011
12,2047,292533,276111,568644
13,2047,294243,276045,570288
14,2047,294509,275322,569831
15,2047,295696,275954,571650
16,2047,295745,275365,571110
17,2047,302787,276624,579411
18,2047,304700,277408,582108
19,2047,305830,279172,585002
20,2047,308798,280475,589273
21,2047,308721,280514,589235
22,2047,309400,280616,590016
23,2047,309775,280624,590399
24,2047,309777,280624,590401
25,2047,309777,280624,590401
26,2047,309777,280624,590401
27,2047,309777,280624,590401
28,2047,309777,280624,590401
29,2047,309777,280624,590401
30,2047,309777,280624,590401
31,2047,309777,280624,590401
32,2047,309777,280624,590401
33,2047,309777,280624,590401
34,2047,309777,280624,590401
35,2047,309777,280624,590401
36,2047,309777,280624,590401
37,2047,309777,280624,590401
38,2047,309777,280624,590401
39,2047,309777,280624,590401
40,2047,309777,280624,590401
41,2047,310523,280709,591232
42,2047,310523,280709,591232
43,2047,310523,280709,591232
44,2047,310523,280709,591232
45,2047,310523,280709,591232
46,2047,310523,280709,591232
47,2047,310523,280709,591232
48,2047,310523,280709,591232
49,2047,310523,280709,591232
50,2047,310523,280709,591232
51,2047,310523,280709,591232
52,2047,310523,280709,591232
53,2047,310523,280709,591232
54,2047,310523,280709,591232
55,2047,310523,280709,591232
56,2047,310523,280709,591232
57,2047,310523,280709,591232
58,2047,310523,280709,591232
59,2047,310523,280709,591232
60,2047,310523,280709,591232
61,2047,310502,280709,591211
62,2047,310542,280709,591251
63,2047,310622,280709,591331
64,2047,310711,280709,591420
65,2047,310776,280709,591485
66,2047,310677,280709,591386
67,2047,310677,280709,591386
68,2047,310677,280709,591386
69,2047,310609,280709,591318
70,2047,310583,280709,591292
71,2047,310117,280695,590812
72,2047,310465,280709,591174
73,2047,310117,280695,590812
74,2047,310117,280695,590812
75,2047,310117,280695,590812
76,2047,310117,280695,590812
77,2047,310117,280695,590812
78,2047,314312,303031,617343
79,2047,314087,303226,617313
80,2047,313783,305497,619280
81,2047,319234,305827,625061
82,2047,319234,305827,625061
83,2047,319234,305827,625061
84,2047,319234,305827,625061
85,2047,319234,305827,625061
86,2047,319234,305827,625061
87,2047,319234,305827,625061
88,2047,319234,305827,625061
89,2047,319234,305827,625061
90,2047,319234,305827,625061
91,2047,319234,305827,625061
92,2047,319234,305827,625061
93,2047,319234,305827,625061
94,2047,319234,305827,625061
95,2047,319234,305827,625061
96,2047,319234,305827,625061
97,2047,319234,305827,625061
98,2047,319234,305827,625061
99,2047,319234,305827,625061
100,2047,319234,305827,625061
0,2047,290389,273324,563713
1,2047,290357,273423,563780
2,2047,290327,273499,563826
3,2047,292216,275829,568045
4,2047,292652,275969,568621
5,2047,290429,274160,564589
6,2047,291995,274742,566737
7,2047,293131,275594,568725
8,2047,292310,275603,567913
9,2047,292239,275895,568134
10,2047,291305,275231,566536
11,2047,292658,276470,569128
12,2047,291894,275712,567606
13,2047,293818,275668,569486
14,2047,294959,275664,570623
15,2047,295329,275541,570870
16,2047,296065,275365,571430
17,2047,302452,276309,578761
18,2047,304434,277399,581833
19,2047,307640,279219,586859
20,2047,308797,280475,589272
21,2047,309191,280529,589720
22,2047,309411,280647,590058
23,2047,309775,280624,590399
24,2047,309777,280624,590401
25,2047,309777,280624,590401
26,2047,309777,280624,590401
27,2047,309777,280624,590401
28,2047,309777,280624,590401
29,2047,309777,280624,590401
30,2047,309777,280624,590401
31,2047,309777,280624,590401
32,2047,309777,280624,590401
33,2047,309777,280624,590401
34,2047,309777,280624,590401
35,2047,309777,280624,590401
36,2047,309777,280624,590401
37,2047,309777,280624,590401
38,2047,309777,280624,590401
39,2047,309777,280624,590401
40,2047,309777,280624,590401
41,2047,310523,280709,591232
42,2047,310523,280709,591232
43,2047,310523,280709,591232
44,2047,310523,280709,591232
45,2047,310523,280709,591232
46,2047,310523,280709,591232
47,2047,310523,280709,591232
48,2047,310523,280709,591232
49,2047,310523,280709,591232
50,2047,310523,280709,591232
51,2047,310523,280709,591232
52,2047,310523,280709,591232
53,2047,310523,280709,591232
54,2047,310523,280709,591232
55,2047,310523,280709,591232
56,2047,310523,280709,591232
57,2047,310523,280709,591232
58,2047,310523,280709,591232
59,2047,310523,280709,591232
60,2047,310523,280709,591232
61,2047,310502,280709,591211
62,2047,310490,280709,591199
63,2047,310622,280709,591331
64,2047,310711,280709,591420
65,2047,310776,280709,591485
66,2047,310677,280709,591386
67,2047,310677,280709,591386
68,2047,310677,280709,591386
69,2047,310609,280709,591318
70,2047,310583,280709,591292
71,2047,310117,280695,590812
72,2047,310465,280709,591174
73,2047,310117,280695,590812
74,2047,310117,280695,590812
75,2047,310117,280695,590812
76,2047,310117,280695,590812
77,2047,310117,280695,590812
78,2047,314565,303350,617915
79,2047,315463,303836,619299
80,2047,315597,307591,623188
81,2047,318475,306338,624813
82,2047,318475,306338,624813
83,2047,318475,306338,624813
84,2047,318475,306338,624813
85,2047,318475,306338,624813
86,2047,318475,306338,624813
87,2047,318475,306338,624813
88,2047,318475,306338,624813
89,2047,318475,306338,624813
90,2047,318475,306338,624813
91,2047,318475,306338,624813
92,2047,318475,306338,624813
93,2047,318475,306338,624813
94,2047,318475,306338,624813
95,2047,318475,306338,624813
96,2047,318475,306338,624813
97,2047,318475,306338,624813
98,2047,318475,306338,624813
99,2047,318475,306338,624813
100,2047,318475,306338,624813
0,2047,291577,274118,565695
1,2047,291704,274059,565763
2,2047,291728,274070,565798
3,2047,292172,275866,568038
4,2047,292520,275795,568315
5,2047,290894,274103,564997
6,2047,293029,275653,568682
7,2047,293002,275585,568587
8,2047,292514,276161,568675
9,2047,292060,275434,567494
10,2047,292373,275869,568242
11,2047,291521,275321,566842
12,2047,292700,275905,568605
13,2047,293942,275538,569480
14,2047,295205,275997,571202
15,2047,296250,275426,571676
16,2047,296330,275907,572237
17,2047,302651,276235,578886
18,2047,304622,277408,582030
19,2047,308470,279310,587780
20,2047,308804,280475,589279
21,2047,309404,280464,589868
22,2047,309411,280647,590058
23,2047,309775,280624,590399
24,2047,309777,280624,590401
25,2047,309777,280624,590401
26,2047,309777,280624,590401
27,2047,309777,280624,590401
28,2047,309777,280624,590401
29,2047,309777,280624,590401
30,2047,309777,280624,590401
31,2047,309777,280624,590401
32,2047,309777,280624,590401
33,2047,309777,280624,590401
34,2047,309777,280624,590401
35,2047,309777,280624,590401
36,2047,309777,280624,590401
37,2047,309777,280624,590401
38,2047,309777,280624,590401
39,2047,309777,280624,590401
40,2047,309777,280624,590401
41,2047,310523,280709,591232
42,2047,310523,280709,591232
43,2047,310523,280709,591232
44,2047,310523,280709,591232
45,2047,310523,280709,591232
46,2047,310523,280709,591232
47,2047,310523,280709,591232
48,2047,310523,280709,591232
49,2047,310523,280709,591232
50,2047,310523,280709,591232
51,2047,310523,280709,591232
52,2047,310523,280709,591232
53,2047,310523,280709,591232
54,2047,310523,280709,591232
55,2047,310523,280709,591232
56,2047,310523,280709,591232
57,2047,310523,280709,591232
58,2047,310523,280709,591232
59,2047,310523,280709,591232
60,2047,310523,280709,591232
61,2047,310502,280709,591211
62,2047,310482,280709,591191
63,2047,310629,280709,591338
64,2047,310711,280709,591420
65,2047,310776,280709,591485
66,2047,310677,280709,591386
67,2047,310677,280709,591386
68,2047,310677,280709,591386
69,2047,310609,280709,591318
70,2047,310583,280709,591292
71,2047,310117,280695,590812
72,2047,310465,280709,591174
73,2047,310117,280695,590812
74,2047,310117,280695,590812
75,2047,310117,280695,590812
76,2047,310117,280695,590812
77,2047,310117,280695,590812
78,2047,314748,304905,619653
79,2047,315681,305040,620721
80,2047,320100,305595,625695
81,2047,319150,304796,623946
82,2047,319150,304796,623946
83,2047,319150,304796,623946
84,2047,319150,304796,623946
85,2047,319150,304796,623946
86,2047,319150,304796,623946
87,2047,319150,304796,623946
88,2047,319150,304796,623946
89,2047,319150,304796,623946
90,2047,319150,304796,623946
91,2047,319150,304796,623946
92,2047,319150,304796,623946
93,2047,319150,304796,623946
94,2047,319150,304796,623946
95,2047,319150,304796,623946
96,2047,319150,304796,623946
97,2047,319150,304796,623946
98,2047,319150,304796,623946
99,2047,319150,304796,623946
100,2047,319150,304796,623946
0,2047,292691,275252,567943
1,2047,292737,275408,568145
2,2047,292737,275396,568133
3,2047,291909,275660,567569
4,2047,292434,275675,568109
5,2047,292224,276129,568353
6,2047,292989,275830,568819
7,2047,292884,275778,568662
8,2047,291224,275620,566844
9,2047,291990,275557,567547
10,2047,292433,276415,568848
11,2047,291391,275660,567051
12,2047,293221,276798,570019
13,2047,294261,275802,570063
14,2047,297791,275834,573625
15,2047,295951,275686,571637
16,2047,296030,275683,571713
17,2047,302367,276387,578754
18,2047,304434,277399,581833
19,2047,309346,279536,588882
20,2047,308804,280475,589279
21,2047,308966,280464,589430
22,2047,309411,280616,590027
23,2047,309775,280624,590399
24,2047,309777,280624,590401
25,2047,309777,280624,590401
26,2047,309777,280624,590401
27,2047,309777,280624,590401
28,2047,309777,280624,590401
29,2047,309777,280624,590401
30,2047,309777,280624,590401
31,2047,309777,280624,590401
32,2047,309777,280624,590401
33,2047,309777,280624,590401
34,2047,309777,280624,590401
35,2047,309777,280624,590401
36,2047,309777,280624,590401
37,2047,309777,280624,590401
38,2047,309777,280624,590401
39,2047,309777,280624,590401
40,2047,309777,280624,590401
41,2047,310523,280709,591232
42,2047,310523,280709,591232
43,2047,310523,280709,591232
44,2047,310523,280709,591232
45,2047,310523,280709,591232
46,2047,310523,280709,591232
47,2047,310523,280709,591232
48,2047,310523,280709,591232
49,2047,310523,280709,591232
50,2047,310523,280709,591232
51,2047,310523,280709,591232
52,2047,310523,280709,591232
53,2047,310523,280709,591232
54,2047,310523,280709,591232
55,2047,310523,280709,591232
56,2047,310523,280709,591232
57,2047,310523,280709,591232
58,2047,310523,280709,591232
59,2047,310523,280709,591232
60,2047,310523,280709,591232
61,2047,310502,280709,591211
62,2047,310542,280709,591251
63,2047,310629,280709,591338
64,2047,310711,280709,591420
65,2047,310776,280709,591485
66,2047,310677,280709,591386
67,2047,310677,280709,591386
68,2047,310677,280709,591386
69,2047,310609,280709,591318
70,2047,310583,280709,591292
71,2047,310117,280695,590812
72,2047,310465,280709,591174
73,2047,310117,280695,590812
74,2047,310117,280695,590812
75,2047,310117,280695,590812
76,2047,310117,280695,590812
77,2047,310117,280695,590812
78,2047,315901,306651,622552
79,2047,316557,307162,623719
80,2047,319112,306085,625197
81,2047,317302,305907,623209
82,2047,317302,305907,623209
83,2047,317302,305907,623209
84,2047,317302,305907,623209
85,2047,317302,305907,623209
86,2047,317302,305907,623209
87,2047,317302,305907,623209
88,2047,317302,305907,623209
89,2047,317302,305907,623209
90,2047,317302,305907,623209
91,2047,317302,305907,623209
92,2047,317302,305907,623209
93,2047,317302,305907,623209
94,2047,317302,305907,623209
95,2047,317302,305907,623209
96,2047,317302,305907,623209
97,2047,317302,305907,623209
98,2047,317302,305907,623209
99,2047,317302,305907,623209
100,2047,317302,305907,623209
0,2048,292160,275407,567567
1,2048,292160,275407,567567
2,2048,292156,275407,567563
3,2048,292317,275433,567750
4,2048,292459,275435,567894
5,2048,292604,275460,568064
6,2048,292715,275538,568253
7,2048,292699,275529,568228
8,2048,292688,275503,568191
9,2048,292689,275485,568174
10,2048,292704,275551,568255
11,2048,292828,275972,568800
12,2048,293342,276256,569598
13,2048,293719,276375,570094
14,2048,293758,276281,570039
15,2048,293823,276272,570095
16,2048,294123,276355,570478
17,2048,294561,276410,570971
18,2048,295789,276733,572522
19,2048,296731,278188,574919
20,2048,296795,278225,575020
21,2048,296833,278284,575117
22,2048,296862,278532,575394
23,2048,296890,278545,575435
24,2048,296890,278545,575435
25,2048,296890,278545,575435
26,2048,296890,278545,575435
27,2048,296890,278545,575435
28,2048,296890,278545,575435
29,2048,296890,278545,575435
30,2048,296890,278545,575435
31,2048,296890,278545,575435
32,2048,296890,278545,575435
33,2048,296890,278545,575435
34,2048,296890,278545,575435
35,2048,296890,278545,575435
36,2048,296890,278545,575435
37,2048,296890,278545,575435
38,2048,296890,278545,575435
39,2048,296890,278545,575435
40,2048,296890,278545,575435
41,2048,296890,278545,575435
42,2048,296890,278545,575435
43,2048,296890,278545,575435
44,2048,296890,278545,575435
45,2048,296890,278545,575435
46,2048,296881,278545,575426
47,2048,296873,278545,575418
48,2048,296873,278545,575418
49,2048,296873,278545,575418
50,2048,296873,278545,575418
51,2048,296873,278595,575468
52,2048,296873,278595,575468
53,2048,296873,278595,575468
54,2048,296873,278595,575468
55,2048,296873,278595,575468
56,2048,296873,278595,575468
57,2048,296873,278595,575468
58,2048,296873,278595,575468
59,2048,296873,278595,575468
60,2048,296873,278595,575468
61,2048,296873,278595,575468
62,2048,296873,278595,575468
63,2048,296873,278595,575468
64,2048,296825,278595,575420
65,2048,296825,278595,575420
66,2048,296738,278595,575333
67,2048,296738,278595,575333
68,2048,296472,278595,575067
69,2048,296377,278595,574972
70,2048,296237,278595,574832
71,2048,295800,278595,574395
72,2048,295800,278595,574395
73,2048,295461,278595,574056
74,2048,295423,278595,574018
75,2048,295423,278595,574018
76,2048,295423,278595,574018
77,2048,295423,278595,574018
78,2048,295423,279554,574977
79,2048,295423,279363,574786
80,2048,295423,279614,575037
81,2048,295423,279743,575166
82,2048,295423,279743,575166
83,2048,295423,279743,575166
84,2048,295423,279743,575166
85,2048,295423,279743,575166
86,2048,295423,279743,575166
87,2048,295423,279743,575166
88,2048,295423,279743,575166
89,2048,295423,279743,575166
90,2048,295423,279743,575166
91,2048,295423,279743,575166
92,2048,295423,279743,575166
93,2048,295423,279743,575166
94,2048,295423,279743,575166
95,2048,295423,279743,575166
96,2048,295423,279743,575166
97,2048,295423,279743,575166
98,2048,295423,279743,575166
99,2048,295423,279743,575166
100,2048,295423,279743,575166
0,2048,292266,275259,567525
1,2048,292266,275259,567525
2,2048,292259,275259,567518
3,2048,292436,275274,567710
4,2048,292615,275193,567808
5,2048,292741,275299,568040
6,2048,292868,275406,568274
7,2048,292842,275390,568232
8,2048,292820,275364,568184
9,2048,292815,275344,568159
10,2048,292810,275474,568284
11,2048,292862,275699,568561
12,2048,293184,275754,568938
13,2048,293704,275708,569412
14,2048,293937,275800,569737
15,2048,294124,275792,569916
16,2048,294466,275859,570325
17,2048,295672,275850,571522
18,2048,297964,276497,574461
19,2048,298821,278322,577143
20,2048,299958,278491,578449
21,2048,300126,278538,578664
22,2048,300128,279006,579134
23,2048,300136,279020,579156
24,2048,300136,279020,579156
25,2048,300136,279020,579156
26,2048,300136,279020,579156
27,2048,300136,279020,579156
28,2048,300136,279020,579156
29,2048,300136,279020,579156
30,2048,300136,279020,579156
31,2048,300136,279020,579156
32,2048,300136,279020,579156
33,2048,300136,279020,579156
34,2048,300136,279020,579156
35,2048,300136,279020,579156
36,2048,300136,279020,579156
37,2048,300136,279020,579156
38,2048,300136,279020,579156
39,2048,300136,279020,579156
40,2048,300136,279020,579156
41,2048,300136,279020,579156
42,2048,300136,279020,579156
43,2048,300136,279020,579156
44,2048,300538,279020,579558
45,2048,300538,279020,579558
46,2048,300536,279020,579556
47,2048,300528,279020,579548
48,2048,300528,279020,579548
49,2048,300528,279020,579548
50,2048,300528,279020,579548
51,2048,300528,279059,579587
52,2048,300528,279059,579587
53,2048,300528,279059,579587
54,2048,300528,279059,579587
55,2048,300528,279059,579587
56,2048,300528,279059,579587
57,2048,300528,279059,579587
58,2048,300528,279059,579587
59,2048,300528,279059,579587
60,2048,300528,279059,579587
61,2048,300528,279059,579587
62,2048,300528,279059,579587
63,2048,300528,279059,579587
64,2048,300557,279059,579616
65,2048,300557,279059,579616
66,2048,300066,279059,579125
67,2048,300008,279059,579067
68,2048,299613,279059,578672
69,2048,299663,279059,578722
70,2048,299415,279037,578452
71,2048,298888,279037,577925
72,2048,298782,279037,577819
73,2048,298283,278963,577246
74,2048,298238,278963,577201
75,2048,298238,278963,577201
76,2048,298238,278963,577201
77,2048,298238,278963,577201
78,2048,298344,280269,578613
79,2048,298259,280078,578337
80,2048,298344,280826,579170
81,2048,298338,280568,578906
82,2048,298338,280568,578906
83,2048,298338,280568,578906
84,2048,298338,280568,578906
85,2048,298338,280568,578906
86,2048,298338,280568,578906
87,2048,298338,280568,578906
88,2048,298338,280568,578906
89,2048,298338,280568,578906
90,2048,298338,280568,578906
91,2048,298338,280568,578906
92,2048,298338,280568,578906
93,2048,298338,280568,578906
94,2048,298338,280568,578906
95,2048,298338,280568,578906
96,2048,298338,280568,578906
97,2048,298338,280568,578906
98,2048,298338,280568,578906
99,2048,298338,280568,578906
100,2048,298338,280568,578906
0,2048,292274,275413,567687
1,2048,292274,275413,567687
2,2048,292266,275413,567679
3,2048,292417,275347,567764
4,2048,292716,275394,568110
5,2048,292856,275450,568306
6,2048,292910,275526,568436
7,2048,292866,275510,568376
8,2048,292838,275471,568309
9,2048,292865,275477,568342
10,2048,292819,275561,568380
11,2048,292909,275804,568713
12,2048,293366,276259,569625
13,2048,294527,276216,570743
14,2048,294776,276418,571194
15,2048,295034,276413,571447
16,2048,296135,276482,572617
17,2048,297419,276524,573943
18,2048,299982,276890,576872
19,2048,300697,278092,578789
20,2048,300794,278561,579355
21,2048,301474,278636,580110
22,2048,301310,278941,580251
23,2048,301326,278955,580281
24,2048,301326,278955,580281
25,2048,301326,278955,580281
26,2048,301326,278955,580281
27,2048,301326,278955,580281
28,2048,301326,278955,580281
29,2048,301326,278955,580281
30,2048,301326,278955,580281
31,2048,301326,278955,580281
32,2048,301326,278955,580281
33,2048,301326,278955,580281
34,2048,301326,278955,580281
35,2048,301326,278955,580281
36,2048,301326,278955,580281
37,2048,301326,278955,580281
38,2048,301326,278955,580281
39,2048,301326,278955,580281
40,2048,301326,278955,580281
41,2048,301326,278955,580281
42,2048,301326,278955,580281
43,2048,301333,278955,580288
44,2048,303077,279111,582188
45,2048,303077,279111,582188
46,2048,302118,279111,581229
47,2048,302109,279111,581220
48,2048,302109,279111,581220
49,2048,302109,279111,581220
50,2048,302109,279111,581220
51,2048,302109,279149,581258
52,2048,302109,279149,581258
53,2048,302109,279149,581258
54,2048,302109,279149,581258
55,2048,302109,279149,581258
56,2048,302109,279149,581258
57,2048,302109,279149,581258
58,2048,302109,279149,581258
59,2048,302109,279149,581258
60,2048,302109,279149,581258
61,2048,302109,279149,581258
62,2048,302109,279149,581258
63,2048,302109,279149,581258
64,2048,303056,279149,582205
65,2048,303056,279149,582205
66,2048,301751,278994,580745
67,2048,301764,278926,580690
68,2048,301625,278926,580551
69,2048,301693,278926,580619
70,2048,301698,278926,580624
71,2048,302699,279051,581750
72,2048,302614,279051,581665
73,2048,301717,279129,580846
74,2048,301717,279129,580846
75,2048,301717,279129,580846
76,2048,301717,279129,580846
77,2048,301717,279129,580846
78,2048,301618,283834,585452
79,2048,301588,283520,585108
80,2048,301523,283856,585379
81,2048,301545,283856,585401
82,2048,301545,283856,585401
83,2048,301545,283856,585401
84,2048,301545,283856,585401
85,2048,301545,283856,585401
86,2048,301545,283856,585401
87,2048,301545,283856,585401
88,2048,301545,283856,585401
89,2048,301545,283856,585401
90,2048,301545,283856,585401
91,2048,301545,283856,585401
92,2048,301545,283856,585401
93,2048,301545,283856,585401
94,2048,301545,283856,585401
95,2048,301545,283856,585401
96,2048,301545,283856,585401
97,2048,301545,283856,585401
98,2048,301545,283856,585401
99,2048,301545,283856,585401
100,2048,301545,283856,585401
0,2048,292099,274901,567000
1,2048,292099,274901,567000
2,2048,292091,274901,566992
3,2048,292300,274901,567201
4,2048,292463,274931,567394
5,2048,292518,274983,567501
6,2048,292615,275035,567650
7,2048,292607,275057,567664
8,2048,292601,275043,567644
9,2048,292574,275024,567598
10,2048,292549,275055,567604
11,2048,292624,275339,567963
12,2048,293047,275490,568537
13,2048,294584,275590,570174
14,2048,295239,275679,570918
15,2048,297561,275661,573222
16,2048,296031,275360,571391
17,2048,298511,275281,573792
18,2048,300960,276311,577271
19,2048,318140,278178,596318
20,2048,318570,278704,597274
21,2048,307169,279147,586316
22,2048,306963,279195,586158
23,2048,307025,279209,586234
24,2048,307025,279209,586234
25,2048,307025,279209,586234
26,2048,307025,279209,586234
27,2048,307025,279209,586234
28,2048,307025,279209,586234
29,2048,307025,279209,586234
30,2048,307025,279209,586234
31,2048,307025,279209,586234
32,2048,307025,279209,586234
33,2048,307025,279209,586234
34,2048,307025,279209,586234
35,2048,307025,279209,586234
36,2048,307025,279209,586234
37,2048,307025,279209,586234
38,2048,307025,279209,586234
39,2048,307025,279209,586234
40,2048,307025,279209,586234
41,2048,307025,279209,586234
42,2048,307025,279209,586234
43,2048,307025,279209,586234
44,2048,309401,279433,588834
45,2048,309401,279433,588834
46,2048,308138,279364,587502
47,2048,308207,279364,587571
48,2048,308207,279364,587571
49,2048,308207,279364,587571
50,2048,308207,279364,587571
51,2048,308198,279402,587600
52,2048,308198,279402,587600
53,2048,308198,279402,587600
54,2048,308198,279402,587600
55,2048,308198,279402,587600
56,2048,308198,279402,587600
57,2048,308198,279402,587600
58,2048,308198,279402,587600
59,2048,308198,279402,587600
60,2048,308198,279402,587600
61,2048,308198,279402,587600
62,2048,308198,279402,587600
63,2048,308198,279402,587600
64,2048,309449,279472,588921
65,2048,309538,279472,589010
66,2048,307947,279400,587347
67,2048,308227,279400,587627
68,2048,307618,279138,586756
69,2048,307735,279232,586967
70,2048,307742,279123,586865
71,2048,309127,279187,588314
72,2048,308751,279129,587880
73,2048,307179,279129,586308
74,2048,307179,279129,586308
75,2048,307179,279129,586308
76,2048,307179,279129,586308
77,2048,307179,279129,586308
78,2048,306934,286413,593347
79,2048,306862,284996,591858
80,2048,306855,286432,593287
81,2048,306855,286432,593287
82,2048,306855,286432,593287
83,2048,306855,286432,593287
84,2048,306855,286432,593287
85,2048,306855,286432,593287
86,2048,306855,286432,593287
87,2048,306855,286432,593287
88,2048,306855,286432,593287
89,2048,306855,286432,593287
90,2048,306855,286432,593287
91,2048,306855,286432,593287
92,2048,306855,286432,593287
93,2048,306855,286432,593287
94,2048,306855,286432,593287
95,2048,306855,286432,593287
96,2048,306855,286432,593287
97,2048,306855,286432,593287
98,2048,306855,286432,593287
99,2048,306855,286432,593287
100,2048,306855,286432,593287
0,2048,292414,276267,568681
1,2048,292414,276267,568681
2,2048,292410,276267,568677
3,2048,292524,276267,568791
4,2048,292770,276374,569144
5,2048,292782,276405,569187
6,2048,292777,275836,568613
7,2048,292789,275833,568622
8,2048,292809,276105,568914
9,2048,292817,276218,569035
10,2048,292752,276008,568760
11,2048,292786,276013,568799
12,2048,292637,275836,568473
13,2048,294207,275567,569774
14,2048,297544,275452,572996
15,2048,296712,275491,572203
16,2048,295873,275344,571217
17,2048,298696,275638,574334
18,2048,308040,277244,585284
19,2048,310244,279250,589494
20,2048,310992,279343,590335
21,2048,309447,279369,588816
22,2048,309498,279517,589015
23,2048,309548,279517,589065
24,2048,309548,279517,589065
25,2048,309548,279517,589065
26,2048,309548,279517,589065
27,2048,309548,279517,589065
28,2048,309548,279517,589065
29,2048,309548,279517,589065
30,2048,309548,279517,589065
31,2048,309548,279517,589065
32,2048,309548,279517,589065
33,2048,309548,279517,589065
34,2048,309548,279517,589065
35,2048,309548,279517,589065
36,2048,309548,279517,589065
37,2048,309933,279517,589450
38,2048,309933,279517,589450
39,2048,309933,279517,589450
40,2048,309933,279517,589450
41,2048,309933,279517,589450
42,2048,309933,279517,589450
43,2048,309933,279517,589450
44,2048,311218,279445,590663
45,2048,311218,279445,590663
46,2048,311078,279485,590563
47,2048,311078,279485,590563
48,2048,311078,279485,590563
49,2048,311078,279485,590563
50,2048,311078,279485,590563
51,2048,311087,279523,590610
52,2048,311087,279523,590610
53,2048,311087,279523,590610
54,2048,311087,279523,590610
55,2048,311087,279523,590610
56,2048,311087,279523,590610
57,2048,311087,279523,590610
58,2048,311087,279523,590610
59,2048,311087,279523,590610
60,2048,311087,279523,590610
61,2048,311087,279523,590610
62,2048,311087,279523,590610
63,2048,311197,279523,590720
64,2048,311402,279483,590885
65,2048,311494,279483,590977
66,2048,311142,279522,590664
67,2048,311181,279522,590703
68,2048,310276,279498,589774
69,2048,310326,279498,589824
70,2048,310257,279585,589842
71,2048,310672,279598,590270
72,2048,310683,279572,590255
73,2048,309854,279579,589433
74,2048,309854,279579,589433
75,2048,309854,279579,589433
76,2048,309854,279579,589433
77,2048,309854,279579,589433
78,2048,309223,297053,606276
79,2048,309182,295170,604352
80,2048,309215,297002,606217
81,2048,309223,297359,606582
82,2048,309223,297359,606582
83,2048,309223,297359,606582
84,2048,309223,297359,606582
85,2048,309223,297359,606582
86,2048,309223,297359,606582
87,2048,309223,297359,606582
88,2048,309223,297359,606582
89,2048,309223,297359,606582
90,2048,309223,297359,606582
91,2048,309223,297359,606582
92,2048,309223,297359,606582
93,2048,309223,297359,606582
94,2048,309223,297359,606582
95,2048,309223,297359,606582
96,2048,309223,297359,606582
97,2048,309223,297359,606582
98,2048,309223,297359,606582
99,2048,309223,297359,606582
100,2048,309223,297359,606582
0,2048,290839,275033,565872
1,2048,290839,275033,565872
2,2048,290835,275033,565868
3,2048,290937,275233,566170
4,2048,291005,274937,565942
5,2048,291046,275155,566201
6,2048,292232,276240,568472
7,2048,292199,276233,568432
8,2048,291249,275661,566910
9,2048,291199,275601,566800
10,2048,292123,276191,568314
11,2048,292361,276048,568409
12,2048,293171,276060,569231
13,2048,294126,275531,569657
14,2048,296668,275937,572605
15,2048,295244,275388,570632
16,2048,296127,275713,571840
17,2048,298662,276231,574893
18,2048,305162,277907,583069
19,2048,309543,280666,590209
20,2048,310358,280573,590931
21,2048,310236,280007,590243
22,2048,310517,280086,590603
23,2048,310504,280086,590590
24,2048,310504,280086,590590
25,2048,310504,280086,590590
26,2048,310504,280086,590590
27,2048,310504,280086,590590
28,2048,310504,280086,590590
29,2048,310504,280086,590590
30,2048,310504,280086,590590
31,2048,310504,280086,590590
32,2048,310504,280086,590590
33,2048,310504,280086,590590
34,2048,310504,280086,590590
35,2048,310504,280086,590590
36,2048,310504,280086,590590
37,2048,310568,280086,590654
38,2048,310568,280086,590654
39,2048,310568,280086,590654
40,2048,310568,280086,590654
41,2048,310949,280086,591035
42,2048,310949,280086,591035
43,2048,310949,280086,591035
44,2048,311212,280770,591982
45,2048,311212,280770,591982
46,2048,311402,280718,592120
47,2048,311402,280718,592120
48,2048,311402,280718,592120
49,2048,311402,280718,592120
50,2048,311402,280718,592120
51,2048,311402,280757,592159
52,2048,311402,280757,592159
53,2048,311402,280757,592159
54,2048,311402,280757,592159
55,2048,311402,280757,592159
56,2048,311402,280757,592159
57,2048,311402,280757,592159
58,2048,311402,280757,592159
59,2048,311402,280757,592159
60,2048,311402,280757,592159
61,2048,311402,280757,592159
62,2048,311402,280757,592159
63,2048,311500,280757,592257
64,2048,311363,280826,592189
65,2048,311724,280826,592550
66,2048,311611,280757,592368
67,2048,311478,280757,592235
68,2048,311136,280282,591418
69,2048,311224,280386,591610
70,2048,311089,280359,591448
71,2048,311023,280782,591805
72,2048,311415,280757,592172
73,2048,310475,280113,590588
74,2048,310475,280113,590588
75,2048,310475,280113,590588
76,2048,310475,280113,590588
77,2048,310475,280113,590588
78,2048,312080,301426,613506
79,2048,311717,300216,611933
80,2048,312078,301550,613628
81,2048,312097,305369,617466
82,2048,312097,305369,617466
83,2048,312097,305369,617466
84,2048,312097,305369,617466
85,2048,312097,305369,617466
86,2048,312097,305369,617466
87,2048,312097,305369,617466
88,2048,312097,305369,617466
89,2048,312097,305369,617466
90,2048,312097,305369,617466
91,2048,312097,305369,617466
92,2048,312097,305369,617466
93,2048,312097,305369,617466
94,2048,312097,305369,617466
95,2048,312097,305369,617466
96,2048,312097,305369,617466
97,2048,312097,305369,617466
98,2048,312097,305369,617466
99,2048,312097,305369,617466
100,2048,312097,305369,617466
0,2048,289659,274603,564262
1,2048,289659,274603,564262
2,2048,289665,274603,564268
3,2048,290131,274992,565123
4,2048,290075,275018,565093
5,2048,290517,275453,565970
6,2048,291142,275727,566869
7,2048,291129,275727,566856
8,2048,291983,276029,568012
9,2048,291141,275810,566951
10,2048,291146,275616,566762
11,2048,292016,276074,568090
12,2048,292897,276138,569035
13,2048,294262,276019,570281
14,2048,294683,275572,570255
15,2048,297679,275397,573076
16,2048,295993,275946,571939
17,2048,298812,276626,575438
18,2048,303893,278118,582011
19,2048,307392,280296,587688
20,2048,308113,280287,588400
21,2048,310267,280533,590800
22,2048,310619,280734,591353
23,2048,310685,280734,591419
24,2048,310685,280734,591419
25,2048,310685,280734,591419
26,2048,310685,280734,591419
27,2048,310685,280734,591419
28,2048,310685,280734,591419
29,2048,310685,280734,591419
30,2048,310685,280734,591419
31,2048,310685,280734,591419
32,2048,310685,280734,591419
33,2048,310685,280734,591419
34,2048,310685,280734,591419
35,2048,310685,280734,591419
36,2048,310685,280734,591419
37,2048,310706,280734,591440
38,2048,310706,280734,591440
39,2048,310706,280734,591440
40,2048,310706,280734,591440
41,2048,311060,280758,591818
42,2048,311060,280758,591818
43,2048,311060,280758,591818
44,2048,310515,280639,591154
45,2048,310515,280639,591154
46,2048,310557,280639,591196
47,2048,310557,280639,591196
48,2048,310557,280639,591196
49,2048,310557,280639,591196
50,2048,310557,280639,591196
51,2048,310557,280639,591196
52,2048,310557,280639,591196
53,2048,310557,280639,591196
54,2048,310557,280639,591196
55,2048,310557,280639,591196
56,2048,310557,280639,591196
57,2048,310557,280639,591196
58,2048,310557,280639,591196
59,2048,310557,280639,591196
60,2048,310557,280639,591196
61,2048,310557,280639,591196
62,2048,310557,280639,591196
63,2048,310910,280639,591549
64,2048,310761,280639,591400
65,2048,311033,280639,591672
66,2048,311135,280672,591807
67,2048,310932,280639,591571
68,2048,311116,280771,591887
69,2048,311041,280703,591744
70,2048,310992,280666,591658
71,2048,310516,280639,591155
72,2048,310473,280639,591112
73,2048,311008,280697,591705
74,2048,311008,280697,591705
75,2048,311008,280697,591705
76,2048,311008,280697,591705
77,2048,311008,280697,591705
78,2048,314470,302480,616950
79,2048,314144,302411,616555
80,2048,314352,302829,617181
81,2048,316242,304224,620466
82,2048,316242,304224,620466
83,2048,316242,304224,620466
84,2048,316242,304224,620466
85,2048,316242,304224,620466
86,2048,316242,304224,620466
87,2048,316242,304224,620466
88,2048,316242,304224,620466
89,2048,316242,304224,620466
90,2048,316242,304224,620466
91,2048,316242,304224,620466
92,2048,316242,304224,620466
93,2048,316242,304224,620466
94,2048,316242,304224,620466
95,2048,316242,304224,620466
96,2048,316242,304224,620466
97,2048,316242,304224,620466
98,2048,316242,304224,620466
99,2048,316242,304224,620466
100,2048,316242,304224,620466
0,2048,289139,272661,561800
1,2048,289139,272661,561800
2,2048,289140,272661,561801
3,2048,289119,272764,561883
4,2048,289360,272455,561815
5,2048,290329,273837,564166
6,2048,290582,275044,565626
7,2048,290513,275001,565514
8,2048,291822,275327,567149
9,2048,292040,275205,567245
10,2048,290765,275121,565886
11,2048,291646,275629,567275
12,2048,292463,275852,568315
13,2048,293960,275907,569867
14,2048,294086,274870,568956
15,2048,297101,275906,573007
16,2048,295988,275549,571537
17,2048,299178,275915,575093
18,2048,303074,277430,580504
19,2048,305532,280384,585916
20,2048,307797,280492,588289
21,2048,309263,280395,589658
22,2048,309846,280601,590447
23,2048,310066,280601,590667
24,2048,310068,280601,590669
25,2048,310068,280601,590669
26,2048,310068,280601,590669
27,2048,310068,280601,590669
28,2048,310068,280601,590669
29,2048,310068,280601,590669
30,2048,310068,280601,590669
31,2048,310068,280601,590669
32,2048,310068,280601,590669
33,2048,310068,280601,590669
34,2048,310068,280601,590669
35,2048,310068,280601,590669
36,2048,310068,280601,590669
37,2048,310106,280601,590707
38,2048,310106,280601,590707
39,2048,310106,280601,590707
40,2048,310106,280601,590707
41,2048,310504,280601,591105
42,2048,310504,280601,591105
43,2048,310504,280601,591105
44,2048,310371,280615,590986
45,2048,310371,280615,590986
46,2048,310431,280601,591032
47,2048,310431,280601,591032
48,2048,310431,280601,591032
49,2048,310431,280601,591032
50,2048,310431,280601,591032
51,2048,310431,280601,591032
52,2048,310431,280601,591032
53,2048,310431,280601,591032
54,2048,310431,280601,591032
55,2048,310431,280601,591032
56,2048,310431,280601,591032
57,2048,310431,280601,591032
58,2048,310431,280601,591032
59,2048,310431,280601,591032
60,2048,310425,280601,591026
61,2048,310396,280601,590997
62,2048,310384,280601,590985
63,2048,310452,280601,591053
64,2048,310622,280615,591237
65,2048,310565,280615,591180
66,2048,310466,280601,591067
67,2048,310560,280601,591161
68,2048,310503,280601,591104
69,2048,310459,280601,591060
70,2048,310415,280601,591016
71,2048,310321,280601,590922
72,2048,310394,280611,591005
73,2048,310297,280601,590898
74,2048,310297,280601,590898
75,2048,310297,280601,590898
76,2048,310297,280601,590898
77,2048,310297,280601,590898
78,2048,316765,303090,619855
79,2048,316576,303067,619643
80,2048,316701,303735,620436
81,2048,316971,305349,622320
82,2048,316971,305349,622320
83,2048,316971,305349,622320
84,2048,316971,305349,622320
85,2048,316971,305349,622320
86,2048,316971,305349,622320
87,2048,316971,305349,622320
88,2048,316971,305349,622320
89,2048,316971,305349,622320
90,2048,316971,305349,622320
91,2048,316971,305349,622320
92,2048,316971,305349,622320
93,2048,316971,305349,622320
94,2048,316971,305349,622320
95,2048,316971,305349,622320
96,2048,316971,305349,622320
97,2048,316971,305349,622320
98,2048,316971,305349,622320
99,2048,316971,305349,622320
100,2048,316971,305349,622320
0,2048,290394,273022,563416
1,2048,290394,272960,563354
2,2048,290359,272960,563319
3,2048,290259,272886,563145
4,2048,290454,272808,563262
5,2048,291611,274441,566052
6,2048,290844,274238,565082
7,2048,290993,274439,565432
8,2048,292558,275788,568346
9,2048,292683,276220,568903
10,2048,290916,274282,565198
11,2048,292270,275799,568069
12,2048,292527,276121,568648
13,2048,293904,275836,569740
14,2048,293814,275619,569433
15,2048,296491,275550,572041
16,2048,296013,275404,571417
17,2048,300549,276014,576563
18,2048,303703,277256,580959
19,2048,304886,279668,584554
20,2048,307763,280642,588405
21,2048,308577,280432,589009
22,2048,309209,280601,589810
23,2048,309657,280601,590258
24,2048,309658,280601,590259
25,2048,309658,280601,590259
26,2048,309658,280601,590259
27,2048,309658,280601,590259
28,2048,309658,280601,590259
29,2048,309658,280601,590259
30,2048,309658,280601,590259
31,2048,309658,280601,590259
32,2048,309658,280601,590259
33,2048,309658,280601,590259
34,2048,309658,280601,590259
35,2048,309658,280601,590259
36,2048,309658,280601,590259
37,2048,309666,280681,590347
38,2048,309666,280681,590347
39,2048,309666,280681,590347
40,2048,309666,280681,590347
41,2048,310400,280705,591105
42,2048,310400,280705,591105
43,2048,310400,280705,591105
44,2048,310418,280719,591137
45,2048,310418,280719,591137
46,2048,310454,280719,591173
47,2048,310454,280719,591173
48,2048,310454,280719,591173
49,2048,310454,280719,591173
50,2048,310454,280719,591173
51,2048,310454,280719,591173
52,2048,310454,280719,591173
53,2048,310454,280719,591173
54,2048,310454,280719,591173
55,2048,310454,280719,591173
56,2048,310454,280719,591173
57,2048,310454,280719,591173
58,2048,310454,280719,591173
59,2048,310454,280719,591173
60,2048,310454,280719,591173
61,2048,310425,280719,591144
62,2048,310355,280719,591074
63,2048,310557,280719,591276
64,2048,310622,280709,591331
65,2048,310657,280709,591366
66,2048,310551,280719,591270
67,2048,310578,280709,591287
68,2048,310595,280719,591314
69,2048,310527,280719,591246
70,2048,310501,280719,591220
71,2048,310167,280719,590886
72,2048,310365,280719,591084
73,2048,310097,280705,590802
74,2048,310097,280705,590802
75,2048,310097,280705,590802
76,2048,310097,280705,590802
77,2048,310097,280705,590802
78,2048,316031,304649,620680
79,2048,316015,304523,620538
80,2048,316491,304884,621375
81,2048,317021,307179,624200
82,2048,317021,307179,624200
83,2048,317021,307179,624200
84,2048,317021,307179,624200
85,2048,317021,307179,624200
86,2048,317021,307179,624200
87,2048,317021,307179,624200
88,2048,317021,307179,624200
89,2048,317021,307179,624200
90,2048,317021,307179,624200
91,2048,317021,307179,624200
92,2048,317021,307179,624200
93,2048,317021,307179,624200
94,2048,317021,307179,624200
95,2048,317021,307179,624200
96,2048,317021,307179,624200
97,2048,317021,307179,624200
98,2048,317021,307179,624200
99,2048,317021,307179,624200
100,2048,317021,307179,624200
0,2048,291389,273588,564977
1,2048,291361,273588,564949
2,2048,291342,273588,564930
3,2048,290486,273473,563959
4,2048,291427,273538,564965
5,2048,292690,275544,568234
6,2048,291841,274747,566588
7,2048,291918,275199,567117
8,2048,292254,275800,568054
9,2048,291248,275379,566627
10,2048,292120,274848,566968
11,2048,292386,276244,568630
12,2048,292471,275750,568221
13,2048,293842,275635,569477
14,2048,294684,275923,570607
15,2048,295202,274951,570153
16,2048,296309,275544,571853
17,2048,300680,275961,576641
18,2048,306176,277396,583572
19,2048,304844,279082,583926
20,2048,307760,280252,588012
21,2048,308575,280608,589183
22,2048,309265,280695,589960
23,2048,309759,280695,590454
24,2048,309761,280695,590456
25,2048,309761,280695,590456
26,2048,309761,280695,590456
27,2048,309761,280695,590456
28,2048,309761,280695,590456
29,2048,309761,280695,590456
30,2048,309761,280695,590456
31,2048,309761,280695,590456
32,2048,309761,280695,590456
33,2048,309761,280695,590456
34,2048,309761,280695,590456
35,2048,309761,280695,590456
36,2048,309761,280695,590456
37,2048,309760,280695,590455
38,2048,309760,280695,590455
39,2048,309760,280695,590455
40,2048,309760,280695,590455
41,2048,310532,280719,591251
42,2048,310532,280719,591251
43,2048,310532,280719,591251
44,2048,310612,280709,591321
45,2048,310612,280709,591321
46,2048,310612,280709,591321
47,2048,310612,280709,591321
48,2048,310612,280709,591321
49,2048,310612,280709,591321
50,2048,310612,280709,591321
51,2048,310612,280709,591321
52,2048,310612,280709,591321
53,2048,310612,280709,591321
54,2048,310612,280709,591321
55,2048,310612,280709,591321
56,2048,310612,280709,591321
57,2048,310612,280709,591321
58,2048,310612,280709,591321
59,2048,310612,280709,591321
60,2048,310612,280709,591321
61,2048,310583,280709,591292
62,2048,310342,280719,591061
63,2048,310663,280709,591372
64,2048,310791,280709,591500
65,2048,310817,280709,591526
66,2048,310711,280709,591420
67,2048,310719,280709,591428
68,2048,310627,280709,591336
69,2048,310569,280709,591278
70,2048,310553,280709,591262
71,2048,310114,280719,590833
72,2048,310402,280719,591121
73,2048,310099,280695,590794
74,2048,310099,280695,590794
75,2048,310099,280695,590794
76,2048,310099,280695,590794
77,2048,310099,280695,590794
78,2048,316416,306500,622916
79,2048,316414,306851,623265
80,2048,317112,306603,623715
81,2048,320548,305311,625859
82,2048,320548,305311,625859
83,2048,320548,305311,625859
84,2048,320548,305311,625859
85,2048,320548,305311,625859
86,2048,320548,305311,625859
87,2048,320548,305311,625859
88,2048,320548,305311,625859
89,2048,320548,305311,625859
90,2048,320548,305311,625859
91,2048,320548,305311,625859
92,2048,320548,305311,625859
93,2048,320548,305311,625859
94,2048,320548,305311,625859
95,2048,320548,305311,625859
96,2048,320548,305311,625859
97,2048,320548,305311,625859
98,2048,320548,305311,625859
99,2048,320548,305311,625859
100,2048,320548,305311,625859
0,2048,292751,275522,568273
1,2048,292768,275518,568286
2,2048,292769,275518,568287
3,2048,291789,274356,566145
4,2048,293025,274710,567735
5,2048,292813,276399,569212
6,2048,292765,276223,568988
7,2048,292672,276268,568940
8,2048,292330,276276,568606
9,2048,291393,275989,567382
10,2048,292673,276157,568830
11,2048,291584,275622,567206
12,2048,292581,275830,568411
13,2048,294134,275933,570067
14,2048,295041,276344,571385
15,2048,297727,275310,573037
16,2048,296109,275747,571856
17,2048,313874,275931,589805
18,2048,305144,277547,582691
19,2048,305947,279202,585149
20,2048,308539,280233,588772
21,2048,309150,280634,589784
22,2048,309340,280727,590067
23,2048,309735,280695,590430
24,2048,309736,280695,590431
25,2048,309736,280695,590431
26,2048,309736,280695,590431
27,2048,309736,280695,590431
28,2048,309736,280695,590431
29,2048,309736,280695,590431
30,2048,309736,280695,590431
31,2048,309736,280695,590431
32,2048,309736,280695,590431
33,2048,309736,280695,590431
34,2048,309736,280695,590431
35,2048,309736,280695,590431
36,2048,309736,280695,590431
37,2048,309736,280695,590431
38,2048,309736,280695,590431
39,2048,309736,280695,590431
40,2048,309736,280695,590431
41,2048,310615,280709,591324
42,2048,310615,280709,591324
43,2048,310615,280709,591324
44,2048,310580,280709,591289
45,2048,310580,280709,591289
46,2048,310589,280709,591298
47,2048,310589,280709,591298
48,2048,310589,280709,591298
49,2048,310589,280709,591298
50,2048,310589,280709,591298
51,2048,310589,280709,591298
52,2048,310589,280709,591298
53,2048,310589,280709,591298
54,2048,310589,280709,591298
55,2048,310589,280709,591298
56,2048,310589,280709,591298
57,2048,310589,280709,591298
58,2048,310589,280709,591298
59,2048,310589,280709,591298
60,2048,310589,280709,591298
61,2048,310560,280709,591269
62,2048,310362,280719,591081
63,2048,310688,280709,591397
64,2048,310777,280709,591486
65,2048,310815,280709,591524
66,2048,310706,280709,591415
67,2048,310743,280709,591452
68,2048,310757,280709,591466
69,2048,310692,280709,591401
70,2048,310676,280709,591385
71,2048,310183,280695,590878
72,2048,310549,280719,591268
73,2048,310133,280695,590828
74,2048,310133,280695,590828
75,2048,310133,280695,590828
76,2048,310133,280695,590828
77,2048,310133,280695,590828
78,2048,319143,305453,624596
79,2048,319327,305676,625003
80,2048,319274,305068,624342
81,2048,318978,306401,625379
82,2048,318978,306401,625379
83,2048,318978,306401,625379
84,2048,318978,306401,625379
85,2048,318978,306401,625379
86,2048,318978,306401,625379
87,2048,318978,306401,625379
88,2048,318978,306401,625379
89,2048,318978,306401,625379
90,2048,318978,306401,625379
91,2048,318978,306401,625379
92,2048,318978,306401,625379
93,2048,318978,306401,625379
94,2048,318978,306401,625379
95,2048,318978,306401,625379
96,2048,318978,306401,625379
97,2048,318978,306401,625379
98,2048,318978,306401,625379
99,2048,318978,306401,625379
100,2048,318978,306401,625379
0,2048,292327,275510,567837
1,2048,292327,275659,567986
2,2048,292320,275647,567967
3,2048,292875,275527,568402
4,2048,292828,275721,568549
5,2048,291154,274409,565563
6,2048,291431,275516,566947
7,2048,291405,275336,566741
8,2048,290990,275061,566051
9,2048,292128,275695,567823
10,2048,291559,275769,567328
11,2048,291377,275586,566963
12,2048,293155,276000,569155
13,2048,294189,275958,570147
14,2048,295769,275717,571486
15,2048,297153,275649,572802
16,2048,295944,275372,571316
17,2048,307331,276682,584013
18,2048,304499,277441,581940
19,2048,307335,279222,586557
20,2048,309367,280247,589614
21,2048,309425,280514,589939
22,2048,309452,280752,590204
23,2048,309762,280695,590457
24,2048,309764,280695,590459
25,2048,309764,280695,590459
26,2048,309764,280695,590459
27,2048,309764,280695,590459
28,2048,309764,280695,590459
29,2048,309764,280695,590459
30,2048,309764,280695,590459
31,2048,309764,280695,590459
32,2048,309764,280695,590459
33,2048,309764,280695,590459
34,2048,309764,280695,590459
35,2048,309764,280695,590459
36,2048,309764,280695,590459
37,2048,309738,280695,590433
38,2048,309738,280695,590433
39,2048,309738,280695,590433
40,2048,309738,280695,590433
41,2048,310581,280709,591290
42,2048,310581,280709,591290
43,2048,310581,280709,591290
44,2048,310522,280709,591231
45,2048,310522,280709,591231
46,2048,310522,280709,591231
47,2048,310522,280709,591231
48,2048,310522,280709,591231
49,2048,310522,280709,591231
50,2048,310522,280709,591231
51,2048,310522,280709,591231
52,2048,310522,280709,591231
53,2048,310522,280709,591231
54,2048,310522,280709,591231
55,2048,310522,280709,591231
56,2048,310522,280709,591231
57,2048,310522,280709,591231
58,2048,310522,280709,591231
59,2048,310522,280709,591231
60,2048,310522,280709,591231
61,2048,310493,280709,591202
62,2048,310500,280719,591219
63,2048,310622,280709,591331
64,2048,310711,280709,591420
65,2048,310854,280709,591563
66,2048,310736,280709,591445
67,2048,310677,280709,591386
68,2048,310743,280709,591452
69,2048,310668,280709,591377
70,2048,310642,280709,591351
71,2048,310117,280719,590836
72,2048,310404,280709,591113
73,2048,310176,280695,590871
74,2048,310176,280695,590871
75,2048,310176,280695,590871
76,2048,310176,280695,590871
77,2048,310176,280695,590871
78,2048,317218,306629,623847
79,2048,317604,306070,623674
80,2048,317715,306312,624027
81,2048,319435,304795,624230
82,2048,319435,304795,624230
83,2048,319435,304795,624230
84,2048,319435,304795,624230
85,2048,319435,304795,624230
86,2048,319435,304795,624230
87,2048,319435,304795,624230
88,2048,319435,304795,624230
89,2048,319435,304795,624230
90,2048,319435,304795,624230
91,2048,319435,304795,624230
92,2048,319435,304795,624230
93,2048,319435,304795,624230
94,2048,319435,304795,624230
95,2048,319435,304795,624230
96,2048,319435,304795,624230
97,2048,319435,304795,624230
98,2048,319435,304795,624230
99,2048,319435,304795,624230
100,2048,319435,304795,624230
0,2048,292237,275533,567770
1,2048,292258,275489,567747
2,2048,292255,275489,567744
3,2048,292520,275565,568085
4,2048,292646,275922,568568
5,2048,290941,274761,565702
6,2048,291650,275540,567190
7,2048,291571,275602,567173
8,2048,290150,274568,564718
9,2048,292443,275886,568329
10,2048,291915,275595,567510
11,2048,292561,275926,568487
12,2048,293011,276402,569413
13,2048,293947,275772,569719
14,2048,294479,275523,570002
15,2048,297722,275788,573510
16,2048,296132,275359,571491
17,2048,303346,276680,580026
18,2048,304374,277451,581825
19,2048,307952,279352,587304
20,2048,309700,280525,590225
21,2048,308980,280464,589444
22,2048,309470,280601,590071
23,2048,309775,280616,590391
24,2048,309777,280616,590393
25,2048,309777,280616,590393
26,2048,309777,280616,590393
27,2048,309777,280616,590393
28,2048,309777,280616,590393
29,2048,309777,280616,590393
30,2048,309777,280616,590393
31,2048,309777,280616,590393
32,2048,309777,280616,590393
33,2048,309777,280616,590393
34,2048,309777,280616,590393
35,2048,309777,280616,590393
36,2048,309777,280616,590393
37,2048,309777,280616,590393
38,2048,309777,280616,590393
39,2048,309777,280616,590393
40,2048,309777,280616,590393
41,2048,310522,280709,591231
42,2048,310522,280709,591231
43,2048,310522,280709,591231
44,2048,310523,280709,591232
45,2048,310523,280709,591232
46,2048,310523,280709,591232
47,2048,310523,280709,591232
48,2048,310523,280709,591232
49,2048,310523,280709,591232
50,2048,310523,280709,591232
51,2048,310523,280709,591232
52,2048,310523,280709,591232
53,2048,310523,280709,591232
54,2048,310523,280709,591232
55,2048,310523,280709,591232
56,2048,310523,280709,591232
57,2048,310523,280709,591232
58,2048,310523,280709,591232
59,2048,310523,280709,591232
60,2048,310523,280709,591232
61,2048,310494,280709,591203
62,2048,310481,280709,591190
63,2048,310622,280709,591331
64,2048,310711,280709,591420
65,2048,310728,280709,591437
66,2048,310677,280709,591386
67,2048,310677,280709,591386
68,2048,310677,280709,591386
69,2048,310602,280709,591311
70,2048,310576,280709,591285
71,2048,310117,280695,590812
72,2048,310481,280719,591200
73,2048,310143,280719,590862
74,2048,310143,280719,590862
75,2048,310143,280719,590862
76,2048,310143,280719,590862
77,2048,310143,280719,590862
78,2048,319280,304872,624152
79,2048,317218,306403,623621
80,2048,318885,305538,624423
81,2048,315816,304901,620717
82,2048,315816,304901,620717
83,2048,315816,304901,620717
84,2048,315816,304901,620717
85,2048,315816,304901,620717
86,2048,315816,304901,620717
87,2048,315816,304901,620717
88,2048,315816,304901,620717
89,2048,315816,304901,620717
90,2048,315816,304901,620717
91,2048,315816,304901,620717
92,2048,315816,304901,620717
93,2048,315816,304901,620717
94,2048,315816,304901,620717
95,2048,315816,304901,620717
96,2048,315816,304901,620717
97,2048,315816,304901,620717
98,2048,315816,304901,620717
99,2048,315816,304901,620717
100,2048,315816,304901,620717
0,2048,292050,274642,566692
1,2048,291992,274566,566558
2,2048,292049,274566,566615
3,2048,292288,275393,567681
4,2048,292350,275433,567783
5,2048,291665,275418,567083
6,2048,292616,275683,568299
7,2048,292591,275714,568305
8,2048,289388,272724,562112
9,2048,292120,275796,567916
10,2048,292494,275697,568191
11,2048,292571,276455,569026
12,2048,292461,275605,568066
13,2048,293891,275625,569516
14,2048,294576,275565,570141
15,2048,296947,275357,572304
16,2048,296197,275623,571820
17,2048,302139,276579,578718
18,2048,304368,277408,581776
19,2048,309074,279536,588610
20,2048,308796,280425,589221
21,2048,308818,280514,589332
22,2048,309431,280601,590032
23,2048,309749,280616,590365
24,2048,309751,280616,590367
25,2048,309751,280616,590367
26,2048,309751,280616,590367
27,2048,309751,280616,590367
28,2048,309751,280616,590367
29,2048,309751,280616,590367
30,2048,309751,280616,590367
31,2048,309751,280616,590367
32,2048,309751,280616,590367
33,2048,309751,280616,590367
34,2048,309751,280616,590367
35,2048,309751,280616,590367
36,2048,309751,280616,590367
37,2048,309751,280616,590367
38,2048,309751,280616,590367
39,2048,309751,280616,590367
40,2048,309751,280616,590367
41,2048,310523,280709,591232
42,2048,310523,280709,591232
43,2048,310523,280709,591232
44,2048,310523,280709,591232
45,2048,310523,280709,591232
46,2048,310523,280709,591232
47,2048,310523,280709,591232
48,2048,310523,280709,591232
49,2048,310523,280709,591232
50,2048,310523,280709,591232
51,2048,310523,280709,591232
52,2048,310523,280709,591232
53,2048,310523,280709,591232
54,2048,310523,280709,591232
55,2048,310523,280709,591232
56,2048,310523,280709,591232
57,2048,310523,280709,591232
58,2048,310523,280709,591232
59,2048,310523,280709,591232
60,2048,310523,280709,591232
61,2048,310502,280709,591211
62,2048,310533,280709,591242
63,2048,310629,280709,591338
64,2048,310711,280709,591420
65,2048,310748,280709,591457
66,2048,310677,280709,591386
67,2048,310677,280709,591386
68,2048,310677,280709,591386
69,2048,310602,280709,591311
70,2048,310576,280709,591285
71,2048,310117,280695,590812
72,2048,310465,280709,591174
73,2048,310117,280719,590836
74,2048,310117,280719,590836
75,2048,310117,280719,590836
76,2048,310117,280719,590836
77,2048,310117,280719,590836
78,2048,317018,305496,622514
79,2048,319763,304916,624679
80,2048,316558,305659,622217
81,2048,315093,304229,619322
82,2048,315093,304229,619322
83,2048,315093,304229,619322
84,2048,315093,304229,619322
85,2048,315093,304229,619322
86,2048,315093,304229,619322
87,2048,315093,304229,619322
88,2048,315093,304229,619322
89,2048,315093,304229,619322
90,2048,315093,304229,619322
91,2048,315093,304229,619322
92,2048,315093,304229,619322
93,2048,315093,304229,619322
94,2048,315093,304229,619322
95,2048,315093,304229,619322
96,2048,315093,304229,619322
97,2048,315093,304229,619322
98,2048,315093,304229,619322
99,2048,315093,304229,619322
100,2048,315093,304229,619322
0,2048,292467,275809,568276
1,2048,292460,275777,568237
2,2048,292457,275777,568234
3,2048,292245,275154,567399
4,2048,292274,275644,567918
5,2048,292620,276606,569226
6,2048,292731,276392,569123
7,2048,292547,276434,568981
8,2048,290424,273014,563438
9,2048,292125,275680,567805
10,2048,292649,276206,568855
11,2048,291627,275325,566952
12,2048,292214,276093,568307
13,2048,294275,275933,570208
14,2048,294898,275677,570575
15,2048,296696,275498,572194
16,2048,296083,275608,571691
17,2048,302392,276114,578506
18,2048,304800,277408,582208
19,2048,308341,280112,588453
20,2048,308246,280444,588690
21,2048,308721,280514,589235
22,2048,309400,280616,590016
23,2048,309775,280616,590391
24,2048,309777,280616,590393
25,2048,309777,280616,590393
26,2048,309777,280616,590393
27,2048,309777,280616,590393
28,2048,309777,280616,590393
29,2048,309777,280616,590393
30,2048,309777,280616,590393
31,2048,309777,280616,590393
32,2048,309777,280616,590393
33,2048,309777,280616,590393
34,2048,309777,280616,590393
35,2048,309777,280616,590393
36,2048,309777,280616,590393
37,2048,309751,280616,590367
38,2048,309751,280616,590367
39,2048,309751,280616,590367
40,2048,309751,280616,590367
41,2048,310523,280709,591232
42,2048,310523,280709,591232
43,2048,310523,280709,591232
44,2048,310523,280709,591232
45,2048,310523,280709,591232
46,2048,310523,280709,591232
47,2048,310523,280709,591232
48,2048,310523,280709,591232
49,2048,310523,280709,591232
50,2048,310523,280709,591232
51,2048,310523,280709,591232
52,2048,310523,280709,591232
53,2048,310523,280709,591232
54,2048,310523,280709,591232
55,2048,310523,280709,591232
56,2048,310523,280709,591232
57,2048,310523,280709,591232
58,2048,310523,280709,591232
59,2048,310523,280709,591232
60,2048,310523,280709,591232
61,2048,310502,280709,591211
62,2048,310490,280709,591199
63,2048,310629,280709,591338
64,2048,310711,280709,591420
65,2048,310728,280709,591437
66,2048,310677,280709,591386
67,2048,310677,280709,591386
68,2048,310677,280709,591386
69,2048,310609,280709,591318
70,2048,310583,280709,591292
71,2048,310117,280695,590812
72,2048,310465,280709,591174
73,2048,310117,280695,590812
74,2048,310117,280695,590812
75,2048,310117,280695,590812
76,2048,310117,280695,590812
77,2048,310117,280695,590812
78,2048,315589,306728,622317
79,2048,317850,304290,622140
80,2048,315286,304700,619986
81,2048,313486,303270,616756
82,2048,313486,303270,616756
83,2048,313486,303270,616756
84,2048,313486,303270,616756
85,2048,313486,303270,616756
86,2048,313486,303270,616756
87,2048,313486,303270,616756
88,2048,313486,303270,616756
89,2048,313486,303270,616756
90,2048,313486,303270,616756
91,2048,313486,303270,616756
92,2048,313486,303270,616756
93,2048,313486,303270,616756
94,2048,313486,303270,616756
95,2048,313486,303270,616756
96,2048,313486,303270,616756
97,2048,313486,303270,616756
98,2048,313486,303270,616756
99,2048,313486,303270,616756
100,2048,313486,303270,616756
0,2048,292071,275839,567910
1,2048,292089,275900,567989
2,2048,292086,275900,567986
3,2048,292381,275949,568330
4,2048,292447,276194,568641
5,2048,291076,274117,565193
6,2048,291032,274854,565886
7,2048,290997,274886,565883
8,2048,291455,273560,565015
9,2048,292220,275875,568095
10,2048,291207,275214,566421
11,2048,291288,275553,566841
12,2048,293021,276358,569379
13,2048,294152,276089,570241
14,2048,295132,275773,570905
15,2048,295672,275405,571077
16,2048,296009,275276,571285
17,2048,303498,276207,579705
18,2048,304580,277399,581979
19,2048,307593,280366,587959
20,2048,308648,280447,589095
21,2048,309185,280529,589714
22,2048,309411,280647,590058
23,2048,309775,280616,590391
24,2048,309777,280624,590401
25,2048,309777,280624,590401
26,2048,309777,280624,590401
27,2048,309777,280624,590401
28,2048,309777,280624,590401
29,2048,309777,280624,590401
30,2048,309777,280624,590401
31,2048,309777,280624,590401
32,2048,309777,280624,590401
33,2048,309777,280624,590401
34,2048,309777,280624,590401
35,2048,309777,280624,590401
36,2048,309777,280624,590401
37,2048,309777,280616,590393
38,2048,309777,280616,590393
39,2048,309777,280616,590393
40,2048,309777,280616,590393
41,2048,310523,280709,591232
42,2048,310523,280709,591232
43,2048,310523,280709,591232
44,2048,310523,280709,591232
45,2048,310523,280709,591232
46,2048,310523,280709,591232
47,2048,310523,280709,591232
48,2048,310523,280709,591232
49,2048,310523,280709,591232
50,2048,310523,280709,591232
51,2048,310523,280709,591232
52,2048,310523,280709,591232
53,2048,310523,280709,591232
54,2048,310523,280709,591232
55,2048,310523,280709,591232
56,2048,310523,280709,591232
57,2048,310523,280709,591232
58,2048,310523,280709,591232
59,2048,310523,280709,591232
60,2048,310523,280709,591232
61,2048,310502,280709,591211
62,2048,310482,280709,591191
63,2048,310622,280709,591331
64,2048,310711,280709,591420
65,2048,310776,280709,591485
66,2048,310677,280709,591386
67,2048,310677,280709,591386
68,2048,310677,280709,591386
69,2048,310609,280709,591318
70,2048,310583,280709,591292
71,2048,310117,280695,590812
72,2048,310465,280709,591174
73,2048,310117,280695,590812
74,2048,310117,280695,590812
75,2048,310117,280695,590812
76,2048,310117,280695,590812
77,2048,310117,280695,590812
78,2048,319253,303696,622949
79,2048,314882,303302,618184
80,2048,314483,304209,618692
81,2048,313400,302807,616207
82,2048,313400,302807,616207
83,2048,313400,302807,616207
84,2048,313400,302807,616207
85,2048,313400,302807,616207
86,2048,313400,302807,616207
87,2048,313400,302807,616207
88,2048,313400,302807,616207
89,2048,313400,302807,616207
90,2048,313400,302807,616207
91,2048,313400,302807,616207
92,2048,313400,302807,616207
93,2048,313400,302807,616207
94,2048,313400,302807,616207
95,2048,313400,302807,616207
96,2048,313400,302807,616207
97,2048,313400,302807,616207
98,2048,313400,302807,616207
99,2048,313400,302807,616207
100,2048,313400,302807,616207
0,2048,291929,276118,568047
1,2048,292050,276184,568234
2,2048,292024,276184,568208
3,2048,292099,275673,567772
4,2048,291120,275219,566339
5,2048,290898,274381,565279
6,2048,290201,274869,565070
7,2048,289966,274416,564382
8,2048,293136,274868,568004
9,2048,292151,275983,568134
10,2048,291191,275417,566608
11,2048,292570,276264,568834
12,2048,292503,275712,568215
13,2048,293667,275662,569329
14,2048,296166,275731,571897
15,2048,295497,275115,570612
16,2048,296079,275458,571537
17,2048,303229,276582,579811
18,2048,304477,277399,581876
19,2048,306568,280199,586767
20,2048,308456,280490,588946
21,2048,309412,280464,589876
22,2048,309419,280647,590066
23,2048,309775,280624,590399
24,2048,309777,280624,590401
25,2048,309777,280624,590401
26,2048,309777,280624,590401
27,2048,309777,280624,590401
28,2048,309777,280624,590401
29,2048,309777,280624,590401
30,2048,309777,280624,590401
31,2048,309777,280624,590401
32,2048,309777,280624,590401
33,2048,309777,280624,590401
34,2048,309777,280624,590401
35,2048,309777,280624,590401
36,2048,309777,280624,590401
37,2048,309777,280624,590401
38,2048,309777,280624,590401
39,2048,309777,280624,590401
40,2048,309777,280624,590401
41,2048,310523,280709,591232
42,2048,310523,280709,591232
43,2048,310523,280709,591232
44,2048,310523,280709,591232
45,2048,310523,280709,591232
46,2048,310523,280709,591232
47,2048,310523,280709,591232
48,2048,310523,280709,591232
49,2048,310523,280709,591232
50,2048,310523,280709,591232
51,2048,310523,280709,591232
52,2048,310523,280709,591232
53,2048,310523,280709,591232
54,2048,310523,280709,591232
55,2048,310523,280709,591232
56,2048,310523,280709,591232
57,2048,310523,280709,591232
58,2048,310523,280709,591232
59,2048,310523,280709,591232
60,2048,310523,280709,591232
61,2048,310502,280709,591211
62,2048,310542,280709,591251
63,2048,310622,280709,591331
64,2048,310711,280709,591420
65,2048,310776,280709,591485
66,2048,310677,280709,591386
67,2048,310677,280709,591386
68,2048,310677,280709,591386
69,2048,310609,280709,591318
70,2048,310583,280709,591292
71,2048,310117,280695,590812
72,2048,310465,280709,591174
73,2048,310117,280695,590812
74,2048,310117,280695,590812
75,2048,310117,280695,590812
76,2048,310117,280695,590812
77,2048,310117,280695,590812
78,2048,315391,302409,617800
79,2048,313281,301886,615167
80,2048,313582,303403,616985
81,2048,313300,302781,616081
82,2048,313300,302781,616081
83,2048,313300,302781,616081
84,2048,313300,302781,616081
85,2048,313300,302781,616081
86,2048,313300,302781,616081
87,2048,313300,302781,616081
88,2048,313300,302781,616081
89,2048,313300,302781,616081
90,2048,313300,302781,616081
91,2048,313300,302781,616081
92,2048,313300,302781,616081
93,2048,313300,302781,616081
94,2048,313300,302781,616081
95,2048,313300,302781,616081
96,2048,313300,302781,616081
97,2048,313300,302781,616081
98,2048,313300,302781,616081
99,2048,313300,302781,616081
100,2048,313300,302781,616081
0,2048,290678,274865,565543
1,2048,290646,274600,565246
2,2048,290646,274600,565246
3,2048,292028,275935,567963
4,2048,290806,274931,565737
5,2048,291693,275335,567028
6,2048,289512,272972,562484
7,2048,289426,272773,562199
8,2048,292970,275895,568865
9,2048,292042,275514,567556
10,2048,292198,275741,567939
11,2048,291715,275941,567656
12,2048,292280,275815,568095
13,2048,293958,275737,569695
14,2048,295390,275951,571341
15,2048,295576,275625,571201
16,2048,296316,275830,572146
17,2048,302965,276281,579246
18,2048,304630,277408,582038
19,2048,305272,279385,584657
20,2048,308843,280475,589318
21,2048,308966,280464,589430
22,2048,309419,280616,590035
23,2048,309775,280616,590391
24,2048,309777,280616,590393
25,2048,309777,280616,590393
26,2048,309777,280616,590393
27,2048,309777,280616,590393
28,2048,309777,280616,590393
29,2048,309777,280616,590393
30,2048,309777,280616,590393
31,2048,309777,280616,590393
32,2048,309777,280616,590393
33,2048,309777,280616,590393
34,2048,309777,280616,590393
35,2048,309777,280616,590393
36,2048,309777,280616,590393
37,2048,309777,280616,590393
38,2048,309777,280616,590393
39,2048,309777,280616,590393
40,2048,309777,280616,590393
41,2048,310523,280709,591232
42,2048,310523,280709,591232
43,2048,310523,280709,591232
44,2048,310523,280709,591232
45,2048,310523,280709,591232
46,2048,310523,280709,591232
47,2048,310523,280709,591232
48,2048,310523,280709,591232
49,2048,310523,280709,591232
50,2048,310523,280709,591232
51,2048,310523,280709,591232
52,2048,310523,280709,591232
53,2048,310523,280709,591232
54,2048,310523,280709,591232
55,2048,310523,280709,591232
56,2048,310523,280709,591232
57,2048,310523,280709,591232
58,2048,310523,280709,591232
59,2048,310523,280709,591232
60,2048,310523,280709,591232
61,2048,310502,280709,591211
62,2048,310490,280709,591199
63,2048,310629,280709,591338
64,2048,310711,280709,591420
65,2048,310776,280709,591485
66,2048,310677,280709,591386
67,2048,310677,280709,591386
68,2048,310677,280709,591386
69,2048,310609,280709,591318
70,2048,310583,280709,591292
71,2048,310117,280695,590812
72,2048,310465,280709,591174
73,2048,310117,280695,590812
74,2048,310117,280695,590812
75,2048,310117,280695,590812
76,2048,310117,280695,590812
77,2048,310117,280695,590812
78,2048,314163,302133,616296
79,2048,313574,301568,615142
80,2048,313325,302887,616212
81,2048,314143,304623,618766
82,2048,314143,304623,618766
83,2048,314143,304623,618766
84,2048,314143,304623,618766
85,2048,314143,304623,618766
86,2048,314143,304623,618766
87,2048,314143,304623,618766
88,2048,314143,304623,618766
89,2048,314143,304623,618766
90,2048,314143,304623,618766
91,2048,314143,304623,618766
92,2048,314143,304623,618766
93,2048,314143,304623,618766
94,2048,314143,304623,618766
95,2048,314143,304623,618766
96,2048,314143,304623,618766
97,2048,314143,304623,618766
98,2048,314143,304623,618766
99,2048,314143,304623,618766
100,2048,314143,304623,618766
0,2048,289630,273527,563157
1,2048,289084,272978,562062
2,2048,289096,272978,562074
3,2048,291944,275546,567490
4,2048,290744,274239,564983
5,2048,292628,276596,569224
6,2048,290215,273130,563345
7,2048,290379,273170,563549
8,2048,292789,275868,568657
9,2048,292007,275599,567606
10,2048,292516,276305,568821
11,2048,291831,275642,567473
12,2048,293193,276213,569406
13,2048,294133,275848,569981
14,2048,294756,275557,570313
15,2048,295875,275849,571724
16,2048,296104,275804,571908
17,2048,302976,276373,579349
18,2048,304434,277399,581833
19,2048,305026,279291,584317
20,2048,308802,280475,589277
21,2048,308820,280514,589334
22,2048,309407,280616,590023
23,2048,309775,280624,590399
24,2048,309777,280624,590401
25,2048,309777,280624,590401
26,2048,309777,280624,590401
27,2048,309777,280624,590401
28,2048,309777,280624,590401
29,2048,309777,280624,590401
30,2048,309777,280624,590401
31,2048,309777,280624,590401
32,2048,309777,280624,590401
33,2048,309777,280624,590401
34,2048,309777,280624,590401
35,2048,309777,280624,590401
36,2048,309777,280624,590401
37,2048,309777,280616,590393
38,2048,309777,280616,590393
39,2048,309777,280616,590393
40,2048,309777,280616,590393
41,2048,310523,280709,591232
42,2048,310523,280709,591232
43,2048,310523,280709,591232
44,2048,310523,280709,591232
45,2048,310523,280709,591232
46,2048,310523,280709,591232
47,2048,310523,280709,591232
48,2048,310523,280709,591232
49,2048,310523,280709,591232
50,2048,310523,280709,591232
51,2048,310523,280709,591232
52,2048,310523,280709,591232
53,2048,310523,280709,591232
54,2048,310523,280709,591232
55,2048,310523,280709,591232
56,2048,310523,280709,591232
57,2048,310523,280709,591232
58,2048,310523,280709,591232
59,2048,310523,280709,591232
60,2048,310523,280709,591232
61,2048,310502,280709,591211
62,2048,310482,280709,591191
63,2048,310629,280709,591338
64,2048,310711,280709,591420
65,2048,310776,280709,591485
66,2048,310677,280709,591386
67,2048,310677,280709,591386
68,2048,310677,280709,591386
69,2048,310609,280709,591318
70,2048,310583,280709,591292
71,2048,310117,280695,590812
72,2048,310465,280709,591174
73,2048,310117,280695,590812
74,2048,310117,280695,590812
75,2048,310117,280695,590812
76,2048,310117,280695,590812
77,2048,310117,280695,590812
78,2048,312824,302255,615079
79,2048,312361,301855,614216
80,2048,313545,304204,617749
81,2048,315175,307024,622199
82,2048,315175,307024,622199
83,2048,315175,307024,622199
84,2048,315175,307024,622199
85,2048,315175,307024,622199
86,2048,315175,307024,622199
87,2048,315175,307024,622199
88,2048,315175,307024,622199
89,2048,315175,307024,622199
90,2048,315175,307024,622199
91,2048,315175,307024,622199
92,2048,315175,307024,622199
93,2048,315175,307024,622199
94,2048,315175,307024,622199
95,2048,315175,307024,622199
96,2048,315175,307024,622199
97,2048,315175,307024,622199
98,2048,315175,307024,622199
99,2048,315175,307024,622199
100,2048,315175,307024,622199
0,2048,289931,272729,562660
1,2048,289934,272911,562845
2,2048,289982,272952,562934
3,2048,292195,275576,567771
4,2048,291187,274432,565619
5,2048,291032,274005,565037
6,2048,290574,273727,564301
7,2048,291554,273847,565401
8,2048,292191,275275,567466
9,2048,292300,275900,568200
10,2048,291218,275119,566337
11,2048,292350,275661,568011
12,2048,292533,276111,568644
13,2048,294243,276045,570288
14,2048,294509,275322,569831
15,2048,295696,275954,571650
16,2048,295745,275365,571110
17,2048,302787,276624,579411
18,2048,304700,277408,582108
19,2048,305830,279172,585002
20,2048,308798,280475,589273
21,2048,308721,280514,589235
22,2048,309400,280616,590016
23,2048,309775,280624,590399
24,2048,309777,280624,590401
25,2048,309777,280624,590401
26,2048,309777,280624,590401
27,2048,309777,280624,590401
28,2048,309777,280624,590401
29,2048,309777,280624,590401
30,2048,309777,280624,590401
31,2048,309777,280624,590401
32,2048,309777,280624,590401
33,2048,309777,280624,590401
34,2048,309777,280624,590401
35,2048,309777,280624,590401
36,2048,309777,280624,590401
37,2048,309777,280624,590401
38,2048,309777,280624,590401
39,2048,309777,280624,590401
40,2048,309777,280624,590401
41,2048,310523,280709,591232
42,2048,310523,280709,591232
43,2048,310523,280709,591232
44,2048,310523,280709,591232
45,2048,310523,280709,591232
46,2048,310523,280709,591232
47,2048,310523,280709,591232
48,2048,310523,280709,591232
49,2048,310523,280709,591232
50,2048,310523,280709,591232
51,2048,310523,280709,591232
52,2048,310523,280709,591232
53,2048,310523,280709,591232
54,2048,310523,280709,591232
55,2048,310523,280709,591232
56,2048,310523,280709,591232
57,2048,310523,280709,591232
58,2048,310523,280709,591232
59,2048,310523,280709,591232
60,2048,310523,280709,591232
61,2048,310502,280709,591211
62,2048,310542,280709,591251
63,2048,310622,280709,591331
64,2048,310711,280709,591420
65,2048,310776,280709,591485
66,2048,310677,280709,591386
67,2048,310677,280709,591386
68,2048,310677,280709,591386
69,2048,310609,280709,591318
70,2048,310583,280709,591292
71,2048,310117,280695,590812
72,2048,310465,280709,591174
73,2048,310117,280695,590812
74,2048,310117,280695,590812
75,2048,310117,280695,590812
76,2048,310117,280695,590812
77,2048,310117,280695,590812
78,2048,314312,303031,617343
79,2048,314087,303226,617313
80,2048,313783,305497,619280
81,2048,319234,305827,625061
82,2048,319234,305827,625061
83,2048,319234,305827,625061
84,2048,319234,305827,625061
85,2048,319234,305827,625061
86,2048,319234,305827,625061
87,2048,319234,305827,625061
88,2048,319234,305827,625061
89,2048,319234,305827,625061
90,2048,319234,305827,625061
91,2048,319234,305827,625061
92,2048,319234,305827,625061
93,2048,319234,305827,625061
94,2048,319234,305827,625061
95,2048,319234,305827,625061
96,2048,319234,305827,625061
97,2048,319234,305827,625061
98,2048,319234,305827,625061
99,2048,319234,305827,625061
100,2048,319234,305827,625061
0,2048,290389,273324,563713
1,2048,290357,273423,563780
2,2048,290327,273499,563826
3,2048,292216,275829,568045
4,2048,292652,275969,568621
5,2048,290429,274160,564589
6,2048,291995,274742,566737
7,2048,293131,275594,568725
8,2048,292310,275603,567913
9,2048,292239,275895,568134
10,2048,291305,275231,566536
11,2048,292658,276470,569128
12,2048,291894,275712,567606
13,2048,293818,275668,569486
14,2048,294959,275664,570623
15,2048,295329,275541,570870
16,2048,296065,275365,571430
17,2048,302452,276309,578761
18,2048,304434,277399,581833
19,2048,307640,279219,586859
20,2048,308797,280475,589272
21,2048,309191,280529,589720
22,2048,309411,280647,590058
23,2048,309775,280624,590399
24,2048,309777,280624,590401
25,2048,309777,280624,590401
26,2048,309777,280624,590401
27,2048,309777,280624,590401
28,2048,309777,280624,590401
29,2048,309777,280624,590401
30,2048,309777,280624,590401
31,2048,309777,280624,590401
32,2048,309777,280624,590401
33,2048,309777,280624,590401
34,2048,309777,280624,590401
35,2048,309777,280624,590401
36,2048,309777,280624,590401
37,2048,309777,280624,590401
38,2048,309777,280624,590401
39,2048,309777,280624,590401
40,2048,309777,280624,590401
41,2048,310523,280709,591232
42,2048,310523,280709,591232
43,2048,310523,280709,591232
44,2048,310523,280709,591232
45,2048,310523,280709,591232
46,2048,310523,280709,591232
47,2048,310523,280709,591232
48,2048,310523,280709,591232
49,2048,310523,280709,591232
50,2048,310523,280709,591232
51,2048,310523,280709,591232
52,2048,310523,280709,591232
53,2048,310523,280709,591232
54,2048,310523,280709,591232
55,2048,310523,280709,591232
56,2048,310523,280709,591232
57,2048,310523,280709,591232
58,2048,310523,280709,591232
59,2048,310523,280709,591232
60,2048,310523,280709,591232
61,2048,310502,280709,591211
62,2048,310490,280709,591199
63,2048,310622,280709,591331
64,2048,310711,280709,591420
65,2048,310776,280709,591485
66,2048,310677,280709,591386
67,2048,310677,280709,591386
68,2048,310677,280709,591386
69,2048,310609,280709,591318
70,2048,310583,280709,591292
71,2048,310117,280695,590812
72,2048,310465,280709,591174
73,2048,310117,280695,590812
74,2048,310117,280695,590812
75,2048,310117,280695,590812
76,2048,310117,280695,590812
77,2048,310117,280695,590812
78,2048,314565,303350,617915
79,2048,315463,303836,619299
80,2048,315597,307591,623188
81,2048,318475,306338,624813
82,2048,318475,306338,624813
83,2048,318475,306338,624813
84,2048,318475,306338,624813
85,2048,318475,306338,624813
86,2048,318475,306338,624813
87,2048,318475,306338,624813
88,2048,318475,306338,624813
89,2048,318475,306338,624813
90,2048,318475,306338,624813
91,2048,318475,306338,624813
92,2048,318475,306338,624813
93,2048,318475,306338,624813
94,2048,318475,306338,624813
95,2048,318475,306338,624813
96,2048,318475,306338,624813
97,2048,318475,306338,624813
98,2048,318475,306338,624813
99,2048,318475,306338,624813
100,2048,318475,306338,624813
0,2048,291577,274118,565695
1,2048,291704,274059,565763
2,2048,291728,274070,565798
3,2048,292172,275866,568038
4,2048,292520,275795,568315
5,2048,290894,274103,564997
6,2048,293029,275653,568682
7,2048,293002,275585,568587
8,2048,292514,276161,568675
9,2048,292060,275434,567494
10,2048,292373,275869,568242
11,2048,291521,275321,566842
12,2048,292700,275905,568605
13,2048,293942,275538,569480
14,2048,295205,275997,571202
15,2048,296250,275426,571676
16,2048,296330,275907,572237
17,2048,302651,276235,578886
18,2048,304622,277408,582030
19,2048,308470,279310,587780
20,2048,308804,280475,589279
21,2048,309404,280464,589868
22,2048,309411,280647,590058
23,2048,309775,280624,590399
24,2048,309777,280624,590401
25,2048,309777,280624,590401
26,2048,309777,280624,590401
27,2048,309777,280624,590401
28,2048,309777,280624,590401
29,2048,309777,280624,590401
30,2048,309777,280624,590401
31,2048,309777,280624,590401
32,2048,309777,280624,590401
33,2048,309777,280624,590401
34,2048,309777,280624,590401
35,2048,309777,280624,590401
36,2048,309777,280624,590401
37,2048,309777,280624,590401
38,2048,309777,280624,590401
39,2048,309777,280624,590401
40,2048,309777,280624,590401
41,2048,310523,280709,591232
42,2048,310523,280709,591232
43,2048,310523,280709,591232
44,2048,310523,280709,591232
45,2048,310523,280709,591232
46,2048,310523,280709,591232
47,2048,310523,280709,591232
48,2048,310523,280709,591232
49,2048,310523,280709,591232
50,2048,310523,280709,591232
51,2048,310523,280709,591232
52,2048,310523,280709,591232
53,2048,310523,280709,591232
54,2048,310523,280709,591232
55,2048,310523,280709,591232
56,2048,310523,280709,591232
57,2048,310523,280709,591232
58,2048,310523,280709,591232
59,2048,310523,280709,591232
60,2048,310523,280709,591232
61,2048,310502,280709,591211
62,2048,310482,280709,591191
63,2048,310629,280709,591338
64,2048,310711,280709,591420
65,2048,310776,280709,591485
66,2048,310677,280709,591386
67,2048,310677,280709,591386
68,2048,310677,280709,591386
69,2048,310609,280709,591318
70,2048,310583,280709,591292
71,2048,310117,280695,590812
72,2048,310465,280709,591174
73,2048,310117,280695,590812
74,2048,310117,280695,590812
75,2048,310117,280695,590812
76,2048,310117,280695,590812
77,2048,310117,280695,590812
78,2048,314748,304905,619653
79,2048,315681,305040,620721
80,2048,320100,305595,625695
81,2048,319150,304796,623946
82,2048,319150,304796,623946
83,2048,319150,304796,623946
84,2048,319150,304796,623946
85,2048,319150,304796,623946
86,2048,319150,304796,623946
87,2048,319150,304796,623946
88,2048,319150,304796,623946
89,2048,319150,304796,623946
90,2048,319150,304796,623946
91,2048,319150,304796,623946
92,2048,319150,304796,623946
93,2048,319150,304796,623946
94,2048,319150,304796,623946
95,2048,319150,304796,623946
96,2048,319150,304796,623946
97,2048,319150,304796,623946
98,2048,319150,304796,623946
99,2048,319150,304796,623946
100,2048,319150,304796,623946
0,2048,292691,275252,567943
1,2048,292737,275408,568145
2,2048,292737,275396,568133
3,2048,291909,275660,567569
4,2048,292434,275675,568109
5,2048,292224,276129,568353
6,2048,292989,275830,568819
7,2048,292884,275778,568662
8,2048,291224,275620,566844
9,2048,291990,275557,567547
10,2048,292433,276415,568848
11,2048,291391,275660,567051
12,2048,293221,276798,570019
13,2048,294261,275802,570063
14,2048,297791,275834,573625
15,2048,295951,275686,571637
16,2048,296030,275683,571713
17,2048,302367,276387,578754
18,2048,304434,277399,581833
19,2048,309346,279536,588882
20,2048,308804,280475,589279
21,2048,308966,280464,589430
22,2048,309411,280616,590027
23,2048,309775,280624,590399
24,2048,309777,280624,590401
25,2048,309777,280624,590401
26,2048,309777,280624,590401
27,2048,309777,280624,590401
28,2048,309777,280624,590401
29,2048,309777,280624,590401
30,2048,309777,280624,590401
31,2048,309777,280624,590401
32,2048,309777,280624,590401
33,2048,309777,280624,590401
34,2048,309777,280624,590401
35,2048,309777,280624,590401
36,2048,309777,280624,590401
37,2048,309777,280624,590401
38,2048,309777,280624,590401
39,2048,309777,280624,590401
40,2048,309777,280624,590401
41,2048,310523,280709,591232
42,2048,310523,280709,591232
43,2048,310523,280709,591232
44,2048,310523,280709,591232
45,2048,310523,280709,591232
46,2048,310523,280709,591232
47,2048,310523,280709,591232
48,2048,310523,280709,591232
49,2048,310523,280709,591232
50,2048,310523,280709,591232
51,2048,310523,280709,591232
52,2048,310523,280709,591232
53,2048,310523,280709,591232
54,2048,310523,280709,591232
55,2048,310523,280709,591232
56,2048,310523,280709,591232
57,2048,310523,280709,591232
58,2048,310523,280709,591232
59,2048,310523,280709,591232
60,2048,310523,280709,591232
61,2048,310502,280709,591211
62,2048,310542,280709,591251
63,2048,310629,280709,591338
64,2048,310711,280709,591420
65,2048,310776,280709,591485
66,2048,310677,280709,591386
67,2048,310677,280709,591386
68,2048,310677,280709,591386
69,2048,310609,280709,591318
70,2048,310583,280709,591292
71,2048,310117,280695,590812
72,2048,310465,280709,591174
73,2048,310117,280695,590812
74,2048,310117,280695,590812
75,2048,310117,280695,590812
76,2048,310117,280695,590812
77,2048,310117,280695,590812
78,2048,315901,306651,622552
79,2048,316557,307162,623719
80,2048,319112,306085,625197
81,2048,317302,305907,623209
82,2048,317302,305907,623209
83,2048,317302,305907,623209
84,2048,317302,305907,623209
85,2048,317302,305907,623209
86,2048,317302,305907,623209
87,2048,317302,305907,623209
88,2048,317302,305907,623209
89,2048,317302,305907,623209
90,2048,317302,305907,623209
91,2048,317302,305907,623209
92,2048,317302,305907,623209
93,2048,317302,305907,623209
94,2048,317302,305907,623209
95,2048,317302,305907,623209
96,2048,317302,305907,623209
97,2048,317302,305907,623209
98,2048,317302,305907,623209
99,2048,317302,305907,623209
100,2048,317302,305907,623209
0,2049,292160,275407,567567
1,2049,292160,275407,567567
2,2049,292156,275407,567563
3,2049,292317,275433,567750
4,2049,292459,275435,567894
5,2049,292604,275460,568064
6,2049,292715,275538,568253
7,2049,292699,275529,568228
8,2049,292688,275503,568191
9,2049,292689,275485,568174
10,2049,292704,275551,568255
11,2049,292828,275972,568800
12,2049,293342,276256,569598
13,2049,293719,276375,570094
14,2049,293758,276281,570039
15,2049,293823,276272,570095
16,2049,294123,276355,570478
17,2049,294561,276410,570971
18,2049,295789,276733,572522
19,2049,296731,278188,574919
20,2049,296795,278225,575020
21,2049,296833,278284,575117
22,2049,296862,278532,575394
23,2049,296890,278545,575435
24,2049,296890,278545,575435
25,2049,296890,278545,575435
26,2049,296890,278545,575435
27,2049,296890,278545,575435
28,2049,296890,278545,575435
29,2049,296890,278545,575435
30,2049,296890,278545,575435
31,2049,296890,278545,575435
32,2049,296890,278545,575435
33,2049,296890,278545,575435
34,2049,296890,278545,575435
35,2049,296890,278545,575435
36,2049,296890,278545,575435
37,2049,296890,278545,575435
38,2049,296890,278545,575435
39,2049,296890,278545,575435
40,2049,296890,278545,575435
41,2049,296890,278545,575435
42,2049,296890,278545,575435
43,2049,296890,278545,575435
44,2049,296890,278545,575435
45,2049,296890,278545,575435
46,2049,296881,278545,575426
47,2049,296873,278545,575418
48,2049,296873,278545,575418
49,2049,296873,278545,575418
50,2049,296873,278545,575418
51,2049,296873,278595,575468
52,2049,296873,278595,575468
53,2049,296873,278595,575468
54,2049,296873,278595,575468
55,2049,296873,278595,575468
56,2049,296873,278595,575468
57,2049,296873,278595,575468
58,2049,296873,278595,575468
59,2049,296873,278595,575468
60,2049,296873,278595,575468
61,2049,296873,278595,575468
62,2049,296873,278595,575468
63,2049,296873,278595,575468
64,2049,296825,278595,575420
65,2049,296825,278595,575420
66,2049,296738,278595,575333
67,2049,296738,278595,575333
68,2049,296472,278595,575067
69,2049,296377,278595,574972
70,2049,296237,278595,574832
71,2049,295800,278595,574395
72,2049,295800,278595,574395
73,2049,295461,278595,574056
74,2049,295423,278595,574018
75,2049,295423,278595,574018
76,2049,295423,278595,574018
77,2049,295423,278595,574018
78,2049,295423,279554,574977
79,2049,295423,279363,574786
80,2049,295423,279614,575037
81,2049,295423,279743,575166
82,2049,295423,279743,575166
83,2049,295423,279743,575166
84,2049,295423,279743,575166
85,2049,295423,279743,575166
86,2049,295423,279743,575166
87,2049,295423,279743,575166
88,2049,295423,279743,575166
89,2049,295423,279743,575166
90,2049,295423,279743,575166
91,2049,295423,279743,575166
92,2049,295423,279743,575166
93,2049,295423,279743,575166
94,2049,295423,279743,575166
95,2049,295423,279743,575166
96,2049,295423,279743,575166
97,2049,295423,279743,575166
98,2049,295423,279743,575166
99,2049,295423,279743,575166
100,2049,295423,279743,575166
0,2049,292266,275259,567525
1,2049,292266,275259,567525
2,2049,292259,275259,567518
3,2049,292436,275274,567710
4,2049,292615,275193,567808
5,2049,292741,275299,568040
6,2049,292868,275406,568274
7,2049,292842,275390,568232
8,2049,292820,275364,568184
9,2049,292815,275344,568159
10,2049,292810,275474,568284
11,2049,292862,275699,568561
12,2049,293184,275754,568938
13,2049,293704,275708,569412
14,2049,293937,275800,569737
15,2049,294124,275792,569916
16,2049,294466,275859,570325
17,2049,295672,275850,571522
18,2049,297964,276497,574461
19,2049,298821,278322,577143
20,2049,299958,278491,578449
21,2049,300126,278538,578664
22,2049,300128,279006,579134
23,2049,300136,279020,579156
24,2049,300136,279020,579156
25,2049,300136,279020,579156
26,2049,300136,279020,579156
27,2049,300136,279020,579156
28,2049,300136,279020,579156
29,2049,300136,279020,579156
30,2049,300136,279020,579156
31,2049,300136,279020,579156
32,2049,300136,279020,579156
33,2049,300136,279020,579156
34,2049,300136,279020,579156
35,2049,300136,279020,579156
36,2049,300136,279020,579156
37,2049,300136,279020,579156
38,2049,300136,279020,579156
39,2049,300136,279020,579156
40,2049,300136,279020,579156
41,2049,300136,279020,579156
42,2049,300136,279020,579156
43,2049,300136,279020,579156
44,2049,300538,279020,579558
45,2049,300538,279020,579558
46,2049,300536,279020,579556
47,2049,300528,279020,579548
48,2049,300528,279020,579548
49,2049,300528,279020,579548
50,2049,300528,279020,579548
51,2049,300528,279059,579587
52,2049,300528,279059,579587
53,2049,300528,279059,579587
54,2049,300528,279059,579587
55,2049,300528,279059,579587
56,2049,300528,279059,579587
57,2049,300528,279059,579587
58,2049,300528,279059,579587
59,2049,300528,279059,579587
60,2049,300528,279059,579587
61,2049,300528,279059,579587
62,2049,300528,279059,579587
63,2049,300528,279059,579587
64,2049,300557,279059,579616
65,2049,300557,279059,579616
66,2049,300066,279059,579125
67,2049,300008,279059,579067
68,2049,299613,279059,578672
69,2049,299663,279059,578722
70,2049,299415,279037,578452
71,2049,298888,279037,577925
72,2049,298782,279037,577819
73,2049,298283,278963,577246
74,2049,298238,278963,577201
75,2049,298238,278963,577201
76,2049,298238,278963,577201
77,2049,298238,278963,577201
78,2049,298344,280269,578613
79,2049,298259,280078,578337
80,2049,298344,280826,579170
81,2049,298338,280568,578906
82,2049,298338,280568,578906
83,2049,298338,280568,578906
84,2049,298338,280568,578906
85,2049,298338,280568,578906
86,2049,298338,280568,578906
87,2049,298338,280568,578906
88,2049,298338,280568,578906
89,2049,298338,280568,578906
90,2049,298338,280568,578906
91,2049,298338,280568,578906
92,2049,298338,280568,578906
93,2049,298338,280568,578906
94,2049,298338,280568,578906
95,2049,298338,280568,578906
96,2049,298338,280568,578906
97,2049,298338,280568,578906
98,2049,298338,280568,578906
99,2049,298338,280568,578906
100,2049,298338,280568,578906
0,2049,292274,275413,567687
1,2049,292274,275413,567687
2,2049,292266,275413,567679
3,2049,292417,275347,567764
4,2049,292716,275394,568110
5,2049,292856,275450,568306
6,2049,292910,275526,568436
7,2049,292866,275510,568376
8,2049,292838,275471,568309
9,2049,292865,275477,568342
10,2049,292819,275561,568380
11,2049,292909,275804,568713
12,2049,293366,276259,569625
13,2049,294527,276216,570743
14,2049,294776,276418,571194
15,2049,295034,276413,571447
16,2049,296135,276482,572617
17,2049,297419,276524,573943
18,2049,299982,276890,576872
19,2049,300697,278092,578789
20,2049,300794,278561,579355
21,2049,301474,278636,580110
22,2049,301310,278941,580251
23,2049,301326,278955,580281
24,2049,301326,278955,580281
25,2049,301326,278955,580281
26,2049,301326,278955,580281
27,2049,301326,278955,580281
28,2049,301326,278955,580281
29,2049,301326,278955,580281
30,2049,301326,278955,580281
31,2049,301326,278955,580281
32,2049,301326,278955,580281
33,2049,301326,278955,580281
34,2049,301326,278955,580281
35,2049,301326,278955,580281
36,2049,301326,278955,580281
37,2049,301326,278955,580281
38,2049,301326,278955,580281
39,2049,301326,278955,580281
40,2049,301326,278955,580281
41,2049,301326,278955,580281
42,2049,301326,278955,580281
43,2049,301333,278955,580288
44,2049,303077,279111,582188
45,2049,303077,279111,582188
46,2049,302118,279111,581229
47,2049,302109,279111,581220
48,2049,302109,279111,581220
49,2049,302109,279111,581220
50,2049,302109,279111,581220
51,2049,302109,279149,581258
52,2049,302109,279149,581258
53,2049,302109,279149,581258
54,2049,302109,279149,581258
55,2049,302109,279149,581258
56,2049,302109,279149,581258
57,2049,302109,279149,581258
58,2049,302109,279149,581258
59,2049,302109,279149,581258
60,2049,302109,279149,581258
61,2049,302109,279149,581258
62,2049,302109,279149,581258
63,2049,302109,279149,581258
64,2049,303056,279149,582205
65,2049,303056,279149,582205
66,2049,301751,278994,580745
67,2049,301764,278926,580690
68,2049,301625,278926,580551
69,2049,301693,278926,580619
70,2049,301698,278926,580624
71,2049,302699,279051,581750
72,2049,302614,279051,581665
73,2049,301717,279129,580846
74,2049,301717,279129,580846
75,2049,301717,279129,580846
76,2049,301717,279129,580846
77,2049,301717,279129,580846
78,2049,301618,283834,585452
79,2049,301588,283520,585108
80,2049,301523,283856,585379
81,2049,301545,283856,585401
82,2049,301545,283856,585401
83,2049,301545,283856,585401
84,2049,301545,283856,585401
85,2049,301545,283856,585401
86,2049,301545,283856,585401
87,2049,301545,283856,585401
88,2049,301545,283856,585401
89,2049,301545,283856,585401
90,2049,301545,283856,585401
91,2049,301545,283856,585401
92,2049,301545,283856,585401
93,2049,301545,283856,585401
94,2049,301545,283856,585401
95,2049,301545,283856,585401
96,2049,301545,283856,585401
97,2049,301545,283856,585401
98,2049,301545,283856,585401
99,2049,301545,283856,585401
100,2049,301545,283856,585401
0,2049,292099,274901,567000
1,2049,292099,274901,567000
2,2049,292091,274901,566992
3,2049,292300,274901,567201
4,2049,292463,274931,567394
5,2049,292518,274983,567501
6,2049,292615,275035,567650
7,2049,292607,275057,567664
8,2049,292601,275043,567644
9,2049,292574,275024,567598
10,2049,292549,275055,567604
11,2049,292624,275339,567963
12,2049,293047,275490,568537
13,2049,294584,275590,570174
14,2049,295239,275679,570918
15,2049,297561,275661,573222
16,2049,296031,275360,571391
17,2049,298511,275281,573792
18,2049,300960,276311,577271
19,2049,318140,278178,596318
20,2049,318570,278704,597274
21,2049,307169,279147,586316
22,2049,306963,279195,586158
23,2049,307025,279209,586234
24,2049,307025,279209,586234
25,2049,307025,279209,586234
26,2049,307025,279209,586234
27,2049,307025,279209,586234
28,2049,307025,279209,586234
29,2049,307025,279209,586234
30,2049,307025,279209,586234
31,2049,307025,279209,586234
32,2049,307025,279209,586234
33,2049,307025,279209,586234
34,2049,307025,279209,586234
35,2049,307025,279209,586234
36,2049,307025,279209,586234
37,2049,307025,279209,586234
38,2049,307025,279209,586234
39,2049,307025,279209,586234
40,2049,307025,279209,586234
41,2049,307025,279209,586234
42,2049,307025,279209,586234
43,2049,307025,279209,586234
44,2049,309401,279433,588834
45,2049,309401,279433,588834
46,2049,308138,279364,587502
47,2049,308207,279364,587571
48,2049,308207,279364,587571
49,2049,308207,279364,587571
50,2049,308207,279364,587571
51,2049,308198,279402,587600
52,2049,308198,279402,587600
53,2049,308198,279402,587600
54,2049,308198,279402,587600
55,2049,308198,279402,587600
56,2049,308198,279402,587600
57,2049,308198,279402,587600
58,2049,308198,279402,587600
59,2049,308198,279402,587600
60,2049,308198,279402,587600
61,2049,308198,279402,587600
62,2049,308198,279402,587600
63,2049,308198,279402,587600
64,2049,309449,279472,588921
65,2049,309538,279472,589010
66,2049,307947,279400,587347
67,2049,308227,279400,587627
68,2049,307618,279138,586756
69,2049,307735,279232,586967
70,2049,307742,279123,586865
71,2049,309127,279187,588314
72,2049,308751,279129,587880
73,2049,307179,279129,586308
74,2049,307179,279129,586308
75,2049,307179,279129,586308
76,2049,307179,279129,586308
77,2049,307179,279129,586308
78,2049,306934,286413,593347
79,2049,306862,284996,591858
80,2049,306855,286432,593287
81,2049,306855,286432,593287
82,2049,306855,286432,593287
83,2049,306855,286432,593287
84,2049,306855,286432,593287
85,2049,306855,286432,593287
86,2049,306855,286432,593287
87,2049,306855,286432,593287
88,2049,306855,286432,593287
89,2049,306855,286432,593287
90,2049,306855,286432,593287
91,2049,306855,286432,593287
92,2049,306855,286432,593287
93,2049,306855,286432,593287
94,2049,306855,286432,593287
95,2049,306855,286432,593287
96,2049,306855,286432,593287
97,2049,306855,286432,593287
98,2049,306855,286432,593287
99,2049,306855,286432,593287
100,2049,306855,286432,593287
0,2049,292414,276267,568681
1,2049,292414,276267,568681
2,2049,292410,276267,568677
3,2049,292524,276267,568791
4,2049,292770,276374,569144
5,2049,292782,276405,569187
6,2049,292777,275836,568613
7,2049,292789,275833,568622
8,2049,292809,276105,568914
9,2049,292817,276218,569035
10,2049,292752,276008,568760
11,2049,292786,276013,568799
12,2049,292637,275836,568473
13,2049,294207,275567,569774
14,2049,297544,275452,572996
15,2049,296712,275491,572203
16,2049,295873,275344,571217
17,2049,298696,275638,574334
18,2049,308040,277244,585284
19,2049,310244,279250,589494
20,2049,310992,279343,590335
21,2049,309447,279369,588816
22,2049,309498,279517,589015
23,2049,309548,279517,589065
24,2049,309548,279517,589065
25,2049,309548,279517,589065
26,2049,309548,279517,589065
27,2049,309548,279517,589065
28,2049,309548,279517,589065
29,2049,309548,279517,589065
30,2049,309548,279517,589065
31,2049,309548,279517,589065
32,2049,309548,279517,589065
33,2049,309548,279517,589065
34,2049,309548,279517,589065
35,2049,309548,279517,589065
36,2049,309548,279517,589065
37,2049,309933,279517,589450
38,2049,309933,279517,589450
39,2049,309933,279517,589450
40,2049,309933,279517,589450
41,2049,309933,279517,589450
42,2049,309933,279517,589450
43,2049,309933,279517,589450
44,2049,311218,279445,590663
45,2049,311218,279445,590663
46,2049,311078,279485,590563
47,2049,311078,279485,590563
48,2049,311078,279485,590563
49,2049,311078,279485,590563
50,2049,311078,279485,590563
51,2049,311087,279523,590610
52,2049,311087,279523,590610
53,2049,311087,279523,590610
54,2049,311087,279523,590610
55,2049,311087,279523,590610
56,2049,311087,279523,590610
57,2049,311087,279523,590610
58,2049,311087,279523,590610
59,2049,311087,279523,590610
60,2049,311087,279523,590610
61,2049,311087,279523,590610
62,2049,311087,279523,590610
63,2049,311197,279523,590720
64,2049,311402,279483,590885
65,2049,311494,279483,590977
66,2049,311142,279522,590664
67,2049,311181,279522,590703
68,2049,310276,279498,589774
69,2049,310326,279498,589824
70,2049,310257,279585,589842
71,2049,310672,279598,590270
72,2049,310683,279572,590255
73,2049,309854,279579,589433
74,2049,309854,279579,589433
75,2049,309854,279579,589433
76,2049,309854,279579,589433
77,2049,309854,279579,589433
78,2049,309223,297053,606276
79,2049,309182,295170,604352
80,2049,309215,297002,606217
81,2049,309223,297359,606582
82,2049,309223,297359,606582
83,2049,309223,297359,606582
84,2049,309223,297359,606582
85,2049,309223,297359,606582
86,2049,309223,297359,606582
87,2049,309223,297359,606582
88,2049,309223,297359,606582
89,2049,309223,297359,606582
90,2049,309223,297359,606582
91,2049,309223,297359,606582
92,2049,309223,297359,606582
93,2049,309223,297359,606582
94,2049,309223,297359,606582
95,2049,309223,297359,606582
96,2049,309223,297359,606582
97,2049,309223,297359,606582
98,2049,309223,297359,606582
99,2049,309223,297359,606582
100,2049,309223,297359,606582
0,2049,290839,275033,565872
1,2049,290839,275033,565872
2,2049,290835,275033,565868
3,2049,290937,275233,566170
4,2049,291005,274937,565942
5,2049,291046,275155,566201
6,2049,292232,276240,568472
7,2049,292199,276233,568432
8,2049,291249,275661,566910
9,2049,291199,275601,566800
10,2049,292123,276191,568314
11,2049,292361,276048,568409
12,2049,293171,276060,569231
13,2049,294126,275531,569657
14,2049,296668,275937,572605
15,2049,295244,275388,570632
16,2049,296127,275713,571840
17,2049,298662,276231,574893
18,2049,305162,277907,583069
19,2049,309543,280666,590209
20,2049,310358,280573,590931
21,2049,310236,280007,590243
22,2049,310517,280086,590603
23,2049,310504,280086,590590
24,2049,310504,280086,590590
25,2049,310504,280086,590590
26,2049,310504,280086,590590
27,2049,310504,280086,590590
28,2049,310504,280086,590590
29,2049,310504,280086,590590
30,2049,310504,280086,590590
31,2049,310504,280086,590590
32,2049,310504,280086,590590
33,2049,310504,280086,590590
34,2049,310504,280086,590590
35,2049,310504,280086,590590
36,2049,310504,280086,590590
37,2049,310568,280086,590654
38,2049,310568,280086,590654
39,2049,310568,280086,590654
40,2049,310568,280086,590654
41,2049,310949,280086,591035
42,2049,310949,280086,591035
43,2049,310949,280086,591035
44,2049,311212,280770,591982
45,2049,311212,280770,591982
46,2049,311402,280718,592120
47,2049,311402,280718,592120
48,2049,311402,280718,592120
49,2049,311402,280718,592120
50,2049,311402,280718,592120
51,2049,311402,280757,592159
52,2049,311402,280757,592159
53,2049,311402,280757,592159
54,2049,311402,280757,592159
55,2049,311402,280757,592159
56,2049,311402,280757,592159
57,2049,311402,280757,592159
58,2049,311402,280757,592159
59,2049,311402,280757,592159
60,2049,311402,280757,592159
61,2049,311402,280757,592159
62,2049,311402,280757,592159
63,2049,311500,280757,592257
64,2049,311363,280826,592189
65,2049,311724,280826,592550
66,2049,311611,280757,592368
67,2049,311478,280757,592235
68,2049,311136,280282,591418
69,2049,311224,280386,591610
70,2049,311089,280359,591448
71,2049,311023,280782,591805
72,2049,311415,280757,592172
73,2049,310475,280113,590588
74,2049,310475,280113,590588
75,2049,310475,280113,590588
76,2049,310475,280113,590588
77,2049,310475,280113,590588
78,2049,312080,301426,613506
79,2049,311717,300216,611933
80,2049,312078,301550,613628
81,2049,312097,305369,617466
82,2049,312097,305369,617466
83,2049,312097,305369,617466
84,2049,312097,305369,617466
85,2049,312097,305369,617466
86,2049,312097,305369,617466
87,2049,312097,305369,617466
88,2049,312097,305369,617466
89,2049,312097,305369,617466
90,2049,312097,305369,617466
91,2049,312097,305369,617466
92,2049,312097,305369,617466
93,2049,312097,305369,617466
94,2049,312097,305369,617466
95,2049,312097,305369,617466
96,2049,312097,305369,617466
97,2049,312097,305369,617466
98,2049,312097,305369,617466
99,2049,312097,305369,617466
100,2049,312097,305369,617466
0,2049,289659,274603,564262
1,2049,289659,274603,564262
2,2049,289665,274603,564268
3,2049,290131,274992,565123
4,2049,290075,275018,565093
5,2049,290517,275453,565970
6,2049,291142,275727,566869
7,2049,291129,275727,566856
8,2049,291983,276029,568012
9,2049,291141,275810,566951
10,2049,291146,275616,566762
11,2049,292016,276074,568090
12,2049,292897,276138,569035
13,2049,294262,276019,570281
14,2049,294683,275572,570255
15,2049,297679,275397,573076
16,2049,295993,275946,571939
17,2049,298812,276626,575438
18,2049,303893,278118,582011
19,2049,307392,280296,587688
20,2049,308113,280287,588400
21,2049,310267,280533,590800
22,2049,310619,280734,591353
23,2049,310685,280734,591419
24,2049,310685,280734,591419
25,2049,310685,280734,591419
26,2049,310685,280734,591419
27,2049,310685,280734,591419
28,2049,310685,280734,591419
29,2049,310685,280734,591419
30,2049,310685,280734,591419
31,2049,310685,280734,591419
32,2049,310685,280734,591419
33,2049,310685,280734,591419
34,2049,310685,280734,591419
35,2049,310685,280734,591419
36,2049,310685,280734,591419
37,2049,310706,280734,591440
38,2049,310706,280734,591440
39,2049,310706,280734,591440
40,2049,310706,280734,591440
41,2049,311060,280758,591818
42,2049,311060,280758,591818
43,2049,311060,280758,591818
44,2049,310515,280639,591154
45,2049,310515,280639,591154
46,2049,310557,280639,591196
47,2049,310557,280639,591196
48,2049,310557,280639,591196
49,2049,310557,280639,591196
50,2049,310557,280639,591196
51,2049,310557,280639,591196
52,2049,310557,280639,591196
53,2049,310557,280639,591196
54,2049,310557,280639,591196
55,2049,310557,280639,591196
56,2049,310557,280639,591196
57,2049,310557,280639,591196
58,2049,310557,280639,591196
59,2049,310557,280639,591196
60,2049,310557,280639,591196
61,2049,310557,280639,591196
62,2049,310557,280639,591196
63,2049,310910,280639,591549
64,2049,310761,280639,591400
65,2049,311033,280639,591672
66,2049,311135,280672,591807
67,2049,310932,280639,591571
68,2049,311116,280771,591887
69,2049,311041,280703,591744
70,2049,310992,280666,591658
71,2049,310516,280639,591155
72,2049,310473,280639,591112
73,2049,311008,280697,591705
74,2049,311008,280697,591705
75,2049,311008,280697,591705
76,2049,311008,280697,591705
77,2049,311008,280697,591705
78,2049,314470,302480,616950
79,2049,314144,302411,616555
80,2049,314352,302829,617181
81,2049,316242,304224,620466
82,2049,316242,304224,620466
83,2049,316242,304224,620466
84,2049,316242,304224,620466
85,2049,316242,304224,620466
86,2049,316242,304224,620466
87,2049,316242,304224,620466
88,2049,316242,304224,620466
89,2049,316242,304224,620466
90,2049,316242,304224,620466
91,2049,316242,304224,620466
92,2049,316242,304224,620466
93,2049,316242,304224,620466
94,2049,316242,304224,620466
95,2049,316242,304224,620466
96,2049,316242,304224,620466
97,2049,316242,304224,620466
98,2049,316242,304224,620466
99,2049,316242,304224,620466
100,2049,316242,304224,620466
0,2049,289139,272661,561800
1,2049,289139,272661,561800
2,2049,289140,272661,561801
3,2049,289119,272764,561883
4,2049,289360,272455,561815
5,2049,290329,273837,564166
6,2049,290582,275044,565626
7,2049,290513,275001,565514
8,2049,291822,275327,567149
9,2049,292040,275205,567245
10,2049,290765,275121,565886
11,2049,291646,275629,567275
12,2049,292463,275852,568315
13,2049,293960,275907,569867
14,2049,294086,274870,568956
15,2049,297101,275906,573007
16,2049,295988,275549,571537
17,2049,299178,275915,575093
18,2049,303074,277430,580504
19,2049,305532,280384,585916
20,2049,307797,280492,588289
21,2049,309263,280395,589658
22,2049,309846,280601,590447
23,2049,310066,280601,590667
24,2049,310068,280601,590669
25,2049,310068,280601,590669
26,2049,310068,280601,590669
27,2049,310068,280601,590669
28,2049,310068,280601,590669
29,2049,310068,280601,590669
30,2049,310068,280601,590669
31,2049,310068,280601,590669
32,2049,310068,280601,590669
33,2049,310068,280601,590669
34,2049,310068,280601,590669
35,2049,310068,280601,590669
36,2049,310068,280601,590669
37,2049,310106,280601,590707
38,2049,310106,280601,590707
39,2049,310106,280601,590707
40,2049,310106,280601,590707
41,2049,310504,280601,591105
42,2049,310504,280601,591105
43,2049,310504,280601,591105
44,2049,310371,280615,590986
45,2049,310371,280615,590986
46,2049,310431,280601,591032
47,2049,310431,280601,591032
48,2049,310431,280601,591032
49,2049,310431,280601,591032
50,2049,310431,280601,591032
51,2049,310431,280601,591032
52,2049,310431,280601,591032
53,2049,310431,280601,591032
54,2049,310431,280601,591032
55,2049,310431,280601,591032
56,2049,310431,280601,591032
57,2049,310431,280601,591032
58,2049,310431,280601,591032
59,2049,310431,280601,591032
60,2049,310425,280601,591026
61,2049,310396,280601,590997
62,2049,310384,280601,590985
63,2049,310452,280601,591053
64,2049,310622,280615,591237
65,2049,310565,280615,591180
66,2049,310466,280601,591067
67,2049,310560,280601,591161
68,2049,310503,280601,591104
69,2049,310459,280601,591060
70,2049,310415,280601,591016
71,2049,310321,280601,590922
72,2049,310394,280611,591005
73,2049,310297,280601,590898
74,2049,310297,280601,590898
75,2049,310297,280601,590898
76,2049,310297,280601,590898
77,2049,310297,280601,590898
78,2049,316765,303090,619855
79,2049,316576,303067,619643
80,2049,316701,303735,620436
81,2049,316971,305349,622320
82,2049,316971,305349,622320
83,2049,316971,305349,622320
84,2049,316971,305349,622320
85,2049,316971,305349,622320
86,2049,316971,305349,622320
87,2049,316971,305349,622320
88,2049,316971,305349,622320
89,2049,316971,305349,622320
90,2049,316971,305349,622320
91,2049,316971,305349,622320
92,2049,316971,305349,622320
93,2049,316971,305349,622320
94,2049,316971,305349,622320
95,2049,316971,305349,622320
96,2049,316971,305349,622320
97,2049,316971,305349,622320
98,2049,316971,305349,622320
99,2049,316971,305349,622320
100,2049,316971,305349,622320
0,2049,290394,273022,563416
1,2049,290394,272960,563354
2,2049,290359,272960,563319
3,2049,290259,272886,563145
4,2049,290454,272808,563262
5,2049,291611,274441,566052
6,2049,290844,274238,565082
7,2049,290993,274439,565432
8,2049,292558,275788,568346
9,2049,292683,276220,568903
10,2049,290916,274282,565198
11,2049,292270,275799,568069
12,2049,292527,276121,568648
13,2049,293904,275836,569740
14,2049,293814,275619,569433
15,2049,296491,275550,572041
16,2049,296013,275404,571417
17,2049,300549,276014,576563
18,2049,303703,277256,580959
19,2049,304886,279668,584554
20,2049,307763,280642,588405
21,2049,308577,280432,589009
22,2049,309209,280601,589810
23,2049,309657,280601,590258
24,2049,309658,280601,590259
25,2049,309658,280601,590259
26,2049,309658,280601,590259
27,2049,309658,280601,590259
28,2049,309658,280601,590259
29,2049,309658,280601,590259
30,2049,309658,280601,590259
31,2049,309658,280601,590259
32,2049,309658,280601,590259
33,2049,309658,280601,590259
34,2049,309658,280601,590259
35,2049,309658,280601,590259
36,2049,309658,280601,590259
37,2049,309666,280681,590347
38,2049,309666,280681,590347
39,2049,309666,280681,590347
40,2049,309666,280681,590347
41,2049,310400,280705,591105
42,2049,310400,280705,591105
43,2049,310400,280705,591105
44,2049,310418,280719,591137
45,2049,310418,280719,591137
46,2049,310454,280719,591173
47,2049,310454,280719,591173
48,2049,310454,280719,591173
49,2049,310454,280719,591173
50,2049,310454,280719,591173
51,2049,310454,280719,591173
52,2049,310454,280719,591173
53,2049,310454,280719,591173
54,2049,310454,280719,591173
55,2049,310454,280719,591173
56,2049,310454,280719,591173
57,2049,310454,280719,591173
58,2049,310454,280719,591173
59,2049,310454,280719,591173
60,2049,310454,280719,591173
61,2049,310425,280719,591144
62,2049,310355,280719,591074
63,2049,310557,280719,591276
64,2049,310622,280709,591331
65,2049,310657,280709,591366
66,2049,310551,280719,591270
67,2049,310578,280709,591287
68,2049,310595,280719,591314
69,2049,310527,280719,591246
70,2049,310501,280719,591220
71,2049,310167,280719,590886
72,2049,310365,280719,591084
73,2049,310097,280705,590802
74,2049,310097,280705,590802
75,2049,310097,280705,590802
76,2049,310097,280705,590802
77,2049,310097,280705,590802
78,2049,316031,304649,620680
79,2049,316015,304523,620538
80,2049,316491,304884,621375
81,2049,317021,307179,624200
82,2049,317021,307179,624200
83,2049,317021,307179,624200
84,2049,317021,307179,624200
85,2049,317021,307179,624200
86,2049,317021,307179,624200
87,2049,317021,307179,624200
88,2049,317021,307179,624200
89,2049,317021,307179,624200
90,2049,317021,307179,624200
91,2049,317021,307179,624200
92,2049,317021,307179,624200
93,2049,317021,307179,624200
94,2049,317021,307179,624200
95,2049,317021,307179,624200
96,2049,317021,307179,624200
97,2049,317021,307179,624200
98,2049,317021,307179,624200
99,2049,317021,307179,624200
100,2049,317021,307179,624200
0,2049,291389,273588,564977
1,2049,291361,273588,564949
2,2049,291342,273588,564930
3,2049,290486,273473,563959
4,2049,291427,273538,564965
5,2049,292690,275544,568234
6,2049,291841,274747,566588
7,2049,291918,275199,567117
8,2049,292254,275800,568054
9,2049,291248,275379,566627
10,2049,292120,274848,566968
11,2049,292386,276244,568630
12,2049,292471,275750,568221
13,2049,293842,275635,569477
14,2049,294684,275923,570607
15,2049,295202,274951,570153
16,2049,296309,275544,571853
17,2049,300680,275961,576641
18,2049,306176,277396,583572
19,2049,304844,279082,583926
20,2049,307760,280252,588012
21,2049,308575,280608,589183
22,2049,309265,280695,589960
23,2049,309759,280695,590454
24,2049,309761,280695,590456
25,2049,309761,280695,590456
26,2049,309761,280695,590456
27,2049,309761,280695,590456
28,2049,309761,280695,590456
29,2049,309761,280695,590456
30,2049,309761,280695,590456
31,2049,309761,280695,590456
32,2049,309761,280695,590456
33,2049,309761,280695,590456
34,2049,309761,280695,590456
35,2049,309761,280695,590456
36,2049,309761,280695,590456
37,2049,309760,280695,590455
38,2049,309760,280695,590455
39,2049,309760,280695,590455
40,2049,309760,280695,590455
41,2049,310532,280719,591251
42,2049,310532,280719,591251
43,2049,310532,280719,591251
44,2049,310612,280709,591321
45,2049,310612,280709,591321
46,2049,310612,280709,591321
47,2049,310612,280709,591321
48,2049,310612,280709,591321
49,2049,310612,280709,591321
50,2049,310612,280709,591321
51,2049,310612,280709,591321
52,2049,310612,280709,591321
53,2049,310612,280709,591321
54,2049,310612,280709,591321
55,2049,310612,280709,591321
56,2049,310612,280709,591321
57,2049,310612,280709,591321
58,2049,310612,280709,591321
59,2049,310612,280709,591321
60,2049,310612,280709,591321
61,2049,310583,280709,591292
62,2049,310342,280719,591061
63,2049,310663,280709,591372
64,2049,310791,280709,591500
65,2049,310817,280709,591526
66,2049,310711,280709,591420
67,2049,310719,280709,591428
68,2049,310627,280709,591336
69,2049,310569,280709,591278
70,2049,310553,280709,591262
71,2049,310114,280719,590833
72,2049,310402,280719,591121
73,2049,310099,280695,590794
74,2049,310099,280695,590794
75,2049,310099,280695,590794
76,2049,310099,280695,590794
77,2049,310099,280695,590794
78,2049,316416,306500,622916
79,2049,316414,306851,623265
80,2049,317112,306603,623715
81,2049,320548,305311,625859
82,2049,320548,305311,625859
83,2049,320548,305311,625859
84,2049,320548,305311,625859
85,2049,320548,305311,625859
86,2049,320548,305311,625859
87,2049,320548,305311,625859
88,2049,320548,305311,625859
89,2049,320548,305311,625859
90,2049,320548,305311,625859
91,2049,320548,305311,625859
92,2049,320548,305311,625859
93,2049,320548,305311,625859
94,2049,320548,305311,625859
95,2049,320548,305311,625859
96,2049,320548,305311,625859
97,2049,320548,305311,625859
98,2049,320548,305311,625859
99,2049,320548,305311,625859
100,2049,320548,305311,625859
0,2049,292751,275522,568273
1,2049,292768,275518,568286
2,2049,292769,275518,568287
3,2049,291789,274356,566145
4,2049,293025,274710,567735
5,2049,292813,276399,569212
6,2049,292765,276223,568988
7,2049,292672,276268,568940
8,2049,292330,276276,568606
9,2049,291393,275989,567382
10,2049,292673,276157,568830
11,2049,291584,275622,567206
12,2049,292581,275830,568411
13,2049,294134,275933,570067
14,2049,295041,276344,571385
15,2049,297727,275310,573037
16,2049,296109,275747,571856
17,2049,313874,275931,589805
18,2049,305144,277547,582691
19,2049,305947,279202,585149
20,2049,308539,280233,588772
21,2049,309150,280634,589784
22,2049,309340,280727,590067
23,2049,309735,280695,590430
24,2049,309736,280695,590431
25,2049,309736,280695,590431
26,2049,309736,280695,590431
27,2049,309736,280695,590431
28,2049,309736,280695,590431
29,2049,309736,280695,590431
30,2049,309736,280695,590431
31,2049,309736,280695,590431
32,2049,309736,280695,590431
33,2049,309736,280695,590431
34,2049,309736,280695,590431
35,2049,309736,280695,590431
36,2049,309736,280695,590431
37,2049,309736,280695,590431
38,2049,309736,280695,590431
39,2049,309736,280695,590431
40,2049,309736,280695,590431
41,2049,310615,280709,591324
42,2049,310615,280709,591324
43,2049,310615,280709,591324
44,2049,310580,280709,591289
45,2049,310580,280709,591289
46,2049,310589,280709,591298
47,2049,310589,280709,591298
48,2049,310589,280709,591298
49,2049,310589,280709,591298
50,2049,310589,280709,591298
51,2049,310589,280709,591298
52,2049,310589,280709,591298
53,2049,310589,280709,591298
54,2049,310589,280709,591298
55,2049,310589,280709,591298
56,2049,310589,280709,591298
57,2049,310589,280709,591298
58,2049,310589,280709,591298
59,2049,310589,280709,591298
60,2049,310589,280709,591298
61,2049,310560,280709,591269
62,2049,310362,280719,591081
63,2049,310688,280709,591397
64,2049,310777,280709,591486
65,2049,310815,280709,591524
66,2049,310706,280709,591415
67,2049,310743,280709,591452
68,2049,310757,280709,591466
69,2049,310692,280709,591401
70,2049,310676,280709,591385
71,2049,310183,280695,590878
72,2049,310549,280719,591268
73,2049,310133,280695,590828
74,2049,310133,280695,590828
75,2049,310133,280695,590828
76,2049,310133,280695,590828
77,2049,310133,280695,590828
78,2049,319143,305453,624596
79,2049,319327,305676,625003
80,2049,319274,305068,624342
81,2049,318978,306401,625379
82,2049,318978,306401,625379
83,2049,318978,306401,625379
84,2049,318978,306401,625379
85,2049,318978,306401,625379
86,2049,318978,306401,625379
87,2049,318978,306401,625379
88,2049,318978,306401,625379
89,2049,318978,306401,625379
90,2049,318978,306401,625379
91,2049,318978,306401,625379
92,2049,318978,306401,625379
93,2049,318978,306401,625379
94,2049,318978,306401,625379
95,2049,318978,306401,625379
96,2049,318978,306401,625379
97,2049,318978,306401,625379
98,2049,318978,306401,625379
99,2049,318978,306401,625379
100,2049,318978,306401,625379
0,2049,292327,275510,567837
1,2049,292327,275659,567986
2,2049,292320,275647,567967
3,2049,292875,275527,568402
4,2049,292828,275721,568549
5,2049,291154,274409,565563
6,2049,291431,275516,566947
7,2049,291405,275336,566741
8,2049,290990,275061,566051
9,2049,292128,275695,567823
10,2049,291559,275769,567328
11,2049,291377,275586,566963
12,2049,293155,276000,569155
13,2049,294189,275958,570147
14,2049,295769,275717,571486
15,2049,297153,275649,572802
16,2049,295944,275372,571316
17,2049,307331,276682,584013
18,2049,304499,277441,581940
19,2049,307335,279222,586557
20,2049,309367,280247,589614
21,2049,309425,280514,589939
22,2049,309452,280752,590204
23,2049,309762,280695,590457
24,2049,309764,280695,590459
25,2049,309764,280695,590459
26,2049,309764,280695,590459
27,2049,309764,280695,590459
28,2049,309764,280695,590459
29,2049,309764,280695,590459
30,2049,309764,280695,590459
31,2049,309764,280695,590459
32,2049,309764,280695,590459
33,2049,309764,280695,590459
34,2049,309764,280695,590459
35,2049,309764,280695,590459
36,2049,309764,280695,590459
37,2049,309738,280695,590433
38,2049,309738,280695,590433
39,2049,309738,280695,590433
40,2049,309738,280695,590433
41,2049,310581,280709,591290
42,2049,310581,280709,591290
43,2049,310581,280709,591290
44,2049,310522,280709,591231
45,2049,310522,280709,591231
46,2049,310522,280709,591231
47,2049,310522,280709,591231
48,2049,310522,280709,591231
49,2049,310522,280709,591231
50,2049,310522,280709,591231
51,2049,310522,280709,591231
52,2049,310522,280709,591231
53,2049,310522,280709,591231
54,2049,310522,280709,591231
55,2049,310522,280709,591231
56,2049,310522,280709,591231
57,2049,310522,280709,591231
58,2049,310522,280709,591231
59,2049,310522,280709,591231
60,2049,310522,280709,591231
61,2049,310493,280709,591202
62,2049,310500,280719,591219
63,2049,310622,280709,591331
64,2049,310711,280709,591420
65,2049,310854,280709,591563
66,2049,310736,280709,591445
67,2049,310677,280709,591386
68,2049,310743,280709,591452
69,2049,310668,280709,591377
70,2049,310642,280709,591351
71,2049,310117,280719,590836
72,2049,310404,280709,591113
73,2049,310176,280695,590871
74,2049,310176,280695,590871
75,2049,310176,280695,590871
76,2049,310176,280695,590871
77,2049,310176,280695,590871
78,2049,317218,306629,623847
79,2049,317604,306070,623674
80,2049,317715,306312,624027
81,2049,319435,304795,624230
82,2049,319435,304795,624230
83,2049,319435,304795,624230
84,2049,319435,304795,624230
85,2049,319435,304795,624230
86,2049,319435,304795,624230
87,2049,319435,304795,624230
88,2049,319435,304795,624230
89,2049,319435,304795,624230
90,2049,319435,304795,624230
91,2049,319435,304795,624230
92,2049,319435,304795,624230
93,2049,319435,304795,624230
94,2049,319435,304795,624230
95,2049,319435,304795,624230
96,2049,319435,304795,624230
97,2049,319435,304795,624230
98,2049,319435,304795,624230
99,2049,319435,304795,624230
100,2049,319435,304795,624230
0,2049,292237,275533,567770
1,2049,292258,275489,567747
2,2049,292255,275489,567744
3,2049,292520,275565,568085
4,2049,292646,275922,568568
5,2049,290941,274761,565702
6,2049,291650,275540,567190
7,2049,291571,275602,567173
8,2049,290150,274568,564718
9,2049,292443,275886,568329
10,2049,291915,275595,567510
11,2049,292561,275926,568487
12,2049,293011,276402,569413
13,2049,293947,275772,569719
14,2049,294479,275523,570002
15,2049,297722,275788,573510
16,2049,296132,275359,571491
17,2049,303346,276680,580026
18,2049,304374,277451,581825
19,2049,307952,279352,587304
20,2049,309700,280525,590225
21,2049,308980,280464,589444
22,2049,309470,280601,590071
23,2049,309775,280616,590391
24,2049,309777,280616,590393
25,2049,309777,280616,590393
26,2049,309777,280616,590393
27,2049,309777,280616,590393
28,2049,309777,280616,590393
29,2049,309777,280616,590393
30,2049,309777,280616,590393
31,2049,309777,280616,590393
32,2049,309777,280616,590393
33,2049,309777,280616,590393
34,2049,309777,280616,590393
35,2049,309777,280616,590393
36,2049,309777,280616,590393
37,2049,309777,280616,590393
38,2049,309777,280616,590393
39,2049,309777,280616,590393
40,2049,309777,280616,590393
41,2049,310522,280709,591231
42,2049,310522,280709,591231
43,2049,310522,280709,591231
44,2049,310523,280709,591232
45,2049,310523,280709,591232
46,2049,310523,280709,591232
47,2049,310523,280709,591232
48,2049,310523,280709,591232
49,2049,310523,280709,591232
50,2049,310523,280709,591232
51,2049,310523,280709,591232
52,2049,310523,280709,591232
53,2049,310523,280709,591232
54,2049,310523,280709,591232
55,2049,310523,280709,591232
56,2049,310523,280709,591232
57,2049,310523,280709,591232
58,2049,310523,280709,591232
59,2049,310523,280709,591232
60,2049,310523,280709,591232
61,2049,310494,280709,591203
62,2049,310481,280709,591190
63,2049,310622,280709,591331
64,2049,310711,280709,591420
65,2049,310728,280709,591437
66,2049,310677,280709,591386
67,2049,310677,280709,591386
68,2049,310677,280709,591386
69,2049,310602,280709,591311
70,2049,310576,280709,591285
71,2049,310117,280695,590812
72,2049,310481,280719,591200
73,2049,310143,280719,590862
74,2049,310143,280719,590862
75,2049,310143,280719,590862
76,2049,310143,280719,590862
77,2049,310143,280719,590862
78,2049,319280,304872,624152
79,2049,317218,306403,623621
80,2049,318885,305538,624423
81,2049,315816,304901,620717
82,2049,315816,304901,620717
83,2049,315816,304901,620717
84,2049,315816,304901,620717
85,2049,315816,304901,620717
86,2049,315816,304901,620717
87,2049,315816,304901,620717
88,2049,315816,304901,620717
89,2049,315816,304901,620717
90,2049,315816,304901,620717
91,2049,315816,304901,620717
92,2049,315816,304901,620717
93,2049,315816,304901,620717
94,2049,315816,304901,620717
95,2049,315816,304901,620717
96,2049,315816,304901,620717
97,2049,315816,304901,620717
98,2049,315816,304901,620717
99,2049,315816,304901,620717
100,2049,315816,304901,620717
0,2049,292050,274642,566692
1,2049,291992,274566,566558
2,2049,292049,274566,566615
3,2049,292288,275393,567681
4,2049,292350,275433,567783
5,2049,291665,275418,567083
6,2049,292616,275683,568299
7,2049,292591,275714,568305
8,2049,289388,272724,562112
9,2049,292120,275796,567916
10,2049,292494,275697,568191
11,2049,292571,276455,569026
12,2049,292461,275605,568066
13,2049,293891,275625,569516
14,2049,294576,275565,570141
15,2049,296947,275357,572304
16,2049,296197,275623,571820
17,2049,302139,276579,578718
18,2049,304368,277408,581776
19,2049,309074,279536,588610
20,2049,308796,280425,589221
21,2049,308818,280514,589332
22,2049,309431,280601,590032
23,2049,309749,280616,590365
24,2049,309751,280616,590367
25,2049,309751,280616,590367
26,2049,309751,280616,590367
27,2049,309751,280616,590367
28,2049,309751,280616,590367
29,2049,309751,280616,590367
30,2049,309751,280616,590367
31,2049,309751,280616,590367
32,2049,309751,280616,590367
33,2049,309751,280616,590367
34,2049,309751,280616,590367
35,2049,309751,280616,590367
36,2049,309751,280616,590367
37,2049,309751,280616,590367
38,2049,309751,280616,590367
39,2049,309751,280616,590367
40,2049,309751,280616,590367
41,2049,310523,280709,591232
42,2049,310523,280709,591232
43,2049,310523,280709,591232
44,2049,310523,280709,591232
45,2049,310523,280709,591232
46,2049,310523,280709,591232
47,2049,310523,280709,591232
48,2049,310523,280709,591232
49,2049,310523,280709,591232
50,2049,310523,280709,591232
51,2049,310523,280709,591232
52,2049,310523,280709,591232
53,2049,310523,280709,591232
54,2049,310523,280709,591232
55,2049,310523,280709,591232
56,2049,310523,280709,591232
57,2049,310523,280709,591232
58,2049,310523,280709,591232
59,2049,310523,280709,591232
60,2049,310523,280709,591232
61,2049,310502,280709,591211
62,2049,310533,280709,591242
63,2049,310629,280709,591338
64,2049,310711,280709,591420
65,2049,310748,280709,591457
66,2049,310677,280709,591386
67,2049,310677,280709,591386
68,2049,310677,280709,591386
69,2049,310602,280709,591311
70,2049,310576,280709,591285
71,2049,310117,280695,590812
72,2049,310465,280709,591174
73,2049,310117,280719,590836
74,2049,310117,280719,590836
75,2049,310117,280719,590836
76,2049,310117,280719,590836
77,2049,310117,280719,590836
78,2049,317018,305496,622514
79,2049,319763,304916,624679
80,2049,316558,305659,622217
81,2049,315093,304229,619322
82,2049,315093,304229,619322
83,2049,315093,304229,619322
84,2049,315093,304229,619322
85,2049,315093,304229,619322
86,2049,315093,304229,619322
87,2049,315093,304229,619322
88,2049,315093,304229,619322
89,2049,315093,304229,619322
90,2049,315093,304229,619322
91,2049,315093,304229,619322
92,2049,315093,304229,619322
93,2049,315093,304229,619322
94,2049,315093,304229,619322
95,2049,315093,304229,619322
96,2049,315093,304229,619322
97,2049,315093,304229,619322
98,2049,315093,304229,619322
99,2049,315093,304229,619322
100,2049,315093,304229,619322
0,2049,292467,275809,568276
1,2049,292460,275777,568237
2,2049,292457,275777,568234
3,2049,292245,275154,567399
4,2049,292274,275644,567918
5,2049,292620,276606,569226
6,2049,292731,276392,569123
7,2049,292547,276434,568981
8,2049,290424,273014,563438
9,2049,292125,275680,567805
10,2049,292649,276206,568855
11,2049,291627,275325,566952
12,2049,292214,276093,568307
13,2049,294275,275933,570208
14,2049,294898,275677,570575
15,2049,296696,275498,572194
16,2049,296083,275608,571691
17,2049,302392,276114,578506
18,2049,304800,277408,582208
19,2049,308341,280112,588453
20,2049,308246,280444,588690
21,2049,308721,280514,589235
22,2049,309400,280616,590016
23,2049,309775,280616,590391
24,2049,309777,280616,590393
25,2049,309777,280616,590393
26,2049,309777,280616,590393
27,2049,309777,280616,590393
28,2049,309777,280616,590393
29,2049,309777,280616,590393
30,2049,309777,280616,590393
31,2049,309777,280616,590393
32,2049,309777,280616,590393
33,2049,309777,280616,590393
34,2049,309777,280616,590393
35,2049,309777,280616,590393
36,2049,309777,280616,590393
37,2049,309751,280616,590367
38,2049,309751,280616,590367
39,2049,309751,280616,590367
40,2049,309751,280616,590367
41,2049,310523,280709,591232
42,2049,310523,280709,591232
43,2049,310523,280709,591232
44,2049,310523,280709,591232
45,2049,310523,280709,591232
46,2049,310523,280709,591232
47,2049,310523,280709,591232
48,2049,310523,280709,591232
49,2049,310523,280709,591232
50,2049,310523,280709,591232
51,2049,310523,280709,591232
52,2049,310523,280709,591232
53,2049,310523,280709,591232
54,2049,310523,280709,591232
55,2049,310523,280709,591232
56,2049,310523,280709,591232
57,2049,310523,280709,591232
58,2049,310523,280709,591232
59,2049,310523,280709,591232
60,2049,310523,280709,591232
61,2049,310502,280709,591211
62,2049,310490,280709,591199
63,2049,310629,280709,591338
64,2049,310711,280709,591420
65,2049,310728,280709,591437
66,2049,310677,280709,591386
67,2049,310677,280709,591386
68,2049,310677,280709,591386
69,2049,310609,280709,591318
70,2049,310583,280709,591292
71,2049,310117,280695,590812
72,2049,310465,280709,591174
73,2049,310117,280695,590812
74,2049,310117,280695,590812
75,2049,310117,280695,590812
76,2049,310117,280695,590812
77,2049,310117,280695,590812
78,2049,315589,306728,622317
79,2049,317850,304290,622140
80,2049,315286,304700,619986
81,2049,313486,303270,616756
82,2049,313486,303270,616756
83,2049,313486,303270,616756
84,2049,313486,303270,616756
85,2049,313486,303270,616756
86,2049,313486,303270,616756
87,2049,313486,303270,616756
88,2049,313486,303270,616756
89,2049,313486,303270,616756
90,2049,313486,303270,616756
91,2049,313486,303270,616756
92,2049,313486,303270,616756
93,2049,313486,303270,616756
94,2049,313486,303270,616756
95,2049,313486,303270,616756
96,2049,313486,303270,616756
97,2049,313486,303270,616756
98,2049,313486,303270,616756
99,2049,313486,303270,616756
100,2049,313486,303270,616756
0,2049,292071,275839,567910
1,2049,292089,275900,567989
2,2049,292086,275900,567986
3,2049,292381,275949,568330
4,2049,292447,276194,568641
5,2049,291076,274117,565193
6,2049,291032,274854,565886
7,2049,290997,274886,565883
8,2049,291455,273560,565015
9,2049,292220,275875,568095
10,2049,291207,275214,566421
11,2049,291288,275553,566841
12,2049,293021,276358,569379
13,2049,294152,276089,570241
14,2049,295132,275773,570905
15,2049,295672,275405,571077
16,2049,296009,275276,571285
17,2049,303498,276207,579705
18,2049,304580,277399,581979
19,2049,307593,280366,587959
20,2049,308648,280447,589095
21,2049,309185,280529,589714
22,2049,309411,280647,590058
23,2049,309775,280616,590391
24,2049,309777,280624,590401
25,2049,309777,280624,590401
26,2049,309777,280624,590401
27,2049,309777,280624,590401
28,2049,309777,280624,590401
29,2049,309777,280624,590401
30,2049,309777,280624,590401
31,2049,309777,280624,590401
32,2049,309777,280624,590401
33,2049,309777,280624,590401
34,2049,309777,280624,590401
35,2049,309777,280624,590401
36,2049,309777,280624,590401
37,2049,309777,280616,590393
38,2049,309777,280616,590393
39,2049,309777,280616,590393
40,2049,309777,280616,590393
41,2049,310523,280709,591232
42,2049,310523,280709,591232
43,2049,310523,280709,591232
44,2049,310523,280709,591232
45,2049,310523,280709,591232
46,2049,310523,280709,591232
47,2049,310523,280709,591232
48,2049,310523,280709,591232
49,2049,310523,280709,591232
50,2049,310523,280709,591232
51,2049,310523,280709,591232
52,2049,310523,280709,591232
53,2049,310523,280709,591232
54,2049,310523,280709,591232
55,2049,310523,280709,591232
56,2049,310523,280709,591232
57,2049,310523,280709,591232
58,2049,310523,280709,591232
59,2049,310523,280709,591232
60,2049,310523,280709,591232
61,2049,310502,280709,591211
62,2049,310482,280709,591191
63,2049,310622,280709,591331
64,2049,310711,280709,591420
65,2049,310776,280709,591485
66,2049,310677,280709,591386
67,2049,310677,280709,591386
68,2049,310677,280709,591386
69,2049,310609,280709,591318
70,2049,310583,280709,591292
71,2049,310117,280695,590812
72,2049,310465,280709,591174
73,2049,310117,280695,590812
74,2049,310117,280695,590812
75,2049,310117,280695,590812
76,2049,310117,280695,590812
77,2049,310117,280695,590812
78,2049,319253,303696,622949
79,2049,314882,303302,618184
80,2049,314483,304209,618692
81,2049,313400,302807,616207
82,2049,313400,302807,616207
83,2049,313400,302807,616207
84,2049,313400,302807,616207
85,2049,313400,302807,616207
86,2049,313400,302807,616207
87,2049,313400,302807,616207
88,2049,313400,302807,616207
89,2049,313400,302807,616207
90,2049,313400,302807,616207
91,2049,313400,302807,616207
92,2049,313400,302807,616207
93,2049,313400,302807,616207
94,2049,313400,302807,616207
95,2049,313400,302807,616207
96,2049,313400,302807,616207
97,2049,313400,302807,616207
98,2049,313400,302807,616207
99,2049,313400,302807,616207
100,2049,313400,302807,616207
0,2049,291929,276118,568047
1,2049,292050,276184,568234
2,2049,292024,276184,568208
3,2049,292099,275673,567772
4,2049,291120,275219,566339
5,2049,290898,274381,565279
6,2049,290201,274869,565070
7,2049,289966,274416,564382
8,2049,293136,274868,568004
9,2049,292151,275983,568134
10,2049,291191,275417,566608
11,2049,292570,276264,568834
12,2049,292503,275712,568215
13,2049,293667,275662,569329
14,2049,296166,275731,571897
15,2049,295497,275115,570612
16,2049,296079,275458,571537
17,2049,303229,276582,579811
18,2049,304477,277399,581876
19,2049,306568,280199,586767
20,2049,308456,280490,588946
21,2049,309412,280464,589876
22,2049,309419,280647,590066
23,2049,309775,280624,590399
24,2049,309777,280624,590401
25,2049,309777,280624,590401
26,2049,309777,280624,590401
27,2049,309777,280624,590401
28,2049,309777,280624,590401
29,2049,309777,280624,590401
30,2049,309777,280624,590401
31,2049,309777,280624,590401
32,2049,309777,280624,590401
33,2049,309777,280624,590401
34,2049,309777,280624,590401
35,2049,309777,280624,590401
36,2049,309777,280624,590401
37,2049,309777,280624,590401
38,2049,309777,280624,590401
39,2049,309777,280624,590401
40,2049,309777,280624,590401
41,2049,310523,280709,591232
42,2049,310523,280709,591232
43,2049,310523,280709,591232
44,2049,310523,280709,591232
45,2049,310523,280709,591232
46,2049,310523,280709,591232
47,2049,310523,280709,591232
48,2049,310523,280709,591232
49,2049,310523,280709,591232
50,2049,310523,280709,591232
51,2049,310523,280709,591232
52,2049,310523,280709,591232
53,2049,310523,280709,591232
54,2049,310523,280709,591232
55,2049,310523,280709,591232
56,2049,310523,280709,591232
57,2049,310523,280709,591232
58,2049,310523,280709,591232
59,2049,310523,280709,591232
60,2049,310523,280709,591232
61,2049,310502,280709,591211
62,2049,310542,280709,591251
63,2049,310622,280709,591331
64,2049,310711,280709,591420
65,2049,310776,280709,591485
66,2049,310677,280709,591386
67,2049,310677,280709,591386
68,2049,310677,280709,591386
69,2049,310609,280709,591318
70,2049,310583,280709,591292
71,2049,310117,280695,590812
72,2049,310465,280709,591174
73,2049,310117,280695,590812
74,2049,310117,280695,590812
75,2049,310117,280695,590812
76,2049,310117,280695,590812
77,2049,310117,280695,590812
78,2049,315391,302409,617800
79,2049,313281,301886,615167
80,2049,313582,303403,616985
81,2049,313300,302781,616081
82,2049,313300,302781,616081
83,2049,313300,302781,616081
84,2049,313300,302781,616081
85,2049,313300,302781,616081
86,2049,313300,302781,616081
87,2049,313300,302781,616081
88,2049,313300,302781,616081
89,2049,313300,302781,616081
90,2049,313300,302781,616081
91,2049,313300,302781,616081
92,2049,313300,302781,616081
93,2049,313300,302781,616081
94,2049,313300,302781,616081
95,2049,313300,302781,616081
96,2049,313300,302781,616081
97,2049,313300,302781,616081
98,2049,313300,302781,616081
99,2049,313300,302781,616081
100,2049,313300,302781,616081
0,2049,290678,274865,565543
1,2049,290646,274600,565246
2,2049,290646,274600,565246
3,2049,292028,275935,567963
4,2049,290806,274931,565737
5,2049,291693,275335,567028
6,2049,289512,272972,562484
7,2049,289426,272773,562199
8,2049,292970,275895,568865
9,2049,292042,275514,567556
10,2049,292198,275741,567939
11,2049,291715,275941,567656
12,2049,292280,275815,568095
13,2049,293958,275737,569695
14,2049,295390,275951,571341
15,2049,295576,275625,571201
16,2049,296316,275830,572146
17,2049,302965,276281,579246
18,2049,304630,277408,582038
19,2049,305272,279385,584657
20,2049,308843,280475,589318
21,2049,308966,280464,589430
22,2049,309419,280616,590035
23,2049,309775,280616,590391
24,2049,309777,280616,590393
25,2049,309777,280616,590393
26,2049,309777,280616,590393
27,2049,309777,280616,590393
28,2049,309777,280616,590393
29,2049,309777,280616,590393
30,2049,309777,280616,590393
31,2049,309777,280616,590393
32,2049,309777,280616,590393
33,2049,309777,280616,590393
34,2049,309777,280616,590393
35,2049,309777,280616,590393
36,2049,309777,280616,590393
37,2049,309777,280616,590393
38,2049,309777,280616,590393
39,2049,309777,280616,590393
40,2049,309777,280616,590393
41,2049,310523,280709,591232
42,2049,310523,280709,591232
43,2049,310523,280709,591232
44,2049,310523,280709,591232
45,2049,310523,280709,591232
46,2049,310523,280709,591232
47,2049,310523,280709,591232
48,2049,310523,280709,591232
49,2049,310523,280709,591232
50,2049,310523,280709,591232
51,2049,310523,280709,591232
52,2049,310523,280709,591232
53,2049,310523,280709,591232
54,2049,310523,280709,591232
55,2049,310523,280709,591232
56,2049,310523,280709,591232
57,2049,310523,280709,591232
58,2049,310523,280709,591232
59,2049,310523,280709,591232
60,2049,310523,280709,591232
61,2049,310502,280709,591211
62,2049,310490,280709,591199
63,2049,310629,280709,591338
64,2049,310711,280709,591420
65,2049,310776,280709,591485
66,2049,310677,280709,591386
67,2049,310677,280709,591386
68,2049,310677,280709,591386
69,2049,310609,280709,591318
70,2049,310583,280709,591292
71,2049,310117,280695,590812
72,2049,310465,280709,591174
73,2049,310117,280695,590812
74,2049,310117,280695,590812
75,2049,310117,280695,590812
76,2049,310117,280695,590812
77,2049,310117,280695,590812
78,2049,314163,302133,616296
79,2049,313574,301568,615142
80,2049,313325,302887,616212
81,2049,314143,304623,618766
82,2049,314143,304623,618766
83,2049,314143,304623,618766
84,2049,314143,304623,618766
85,2049,314143,304623,618766
86,2049,314143,304623,618766
87,2049,314143,304623,618766
88,2049,314143,304623,618766
89,2049,314143,304623,618766
90,2049,314143,304623,618766
91,2049,314143,304623,618766
92,2049,314143,304623,618766
93,2049,314143,304623,618766
94,2049,314143,304623,618766
95,2049,314143,304623,618766
96,2049,314143,304623,618766
97,2049,314143,304623,618766
98,2049,314143,304623,618766
99,2049,314143,304623,618766
100,2049,314143,304623,618766
0,2049,289630,273527,563157
1,2049,289084,272978,562062
2,2049,289096,272978,562074
3,2049,291944,275546,567490
4,2049,290744,274239,564983
5,2049,292628,276596,569224
6,2049,290215,273130,563345
7,2049,290379,273170,563549
8,2049,292789,275868,568657
9,2049,292007,275599,567606
10,2049,292516,276305,568821
11,2049,291831,275642,567473
12,2049,293193,276213,569406
13,2049,294133,275848,569981
14,2049,294756,275557,570313
15,2049,295875,275849,571724
16,2049,296104,275804,571908
17,2049,302976,276373,579349
18,2049,304434,277399,581833
19,2049,305026,279291,584317
20,2049,308802,280475,589277
21,2049,308820,280514,589334
22,2049,309407,280616,590023
23,2049,309775,280624,590399
24,2049,309777,280624,590401
25,2049,309777,280624,590401
26,2049,309777,280624,590401
27,2049,309777,280624,590401
28,2049,309777,280624,590401
29,2049,309777,280624,590401
30,2049,309777,280624,590401
31,2049,309777,280624,590401
32,2049,309777,280624,590401
33,2049,309777,280624,590401
34,2049,309777,280624,590401
35,2049,309777,280624,590401
36,2049,309777,280624,590401
37,2049,309777,280616,590393
38,2049,309777,280616,590393
39,2049,309777,280616,590393
40,2049,309777,280616,590393
41,2049,310523,280709,591232
42,2049,310523,280709,591232
43,2049,310523,280709,591232
44,2049,310523,280709,591232
45,2049,310523,280709,591232
46,2049,310523,280709,591232
47,2049,310523,280709,591232
48,2049,310523,280709,591232
49,2049,310523,280709,591232
50,2049,310523,280709,591232
51,2049,310523,280709,591232
52,2049,310523,280709,591232
53,2049,310523,280709,591232
54,2049,310523,280709,591232
55,2049,310523,280709,591232
56,2049,310523,280709,591232
57,2049,310523,280709,591232
58,2049,310523,280709,591232
59,2049,310523,280709,591232
60,2049,310523,280709,591232
61,2049,310502,280709,591211
62,2049,310482,280709,591191
63,2049,310629,280709,591338
64,2049,310711,280709,591420
65,2049,310776,280709,591485
66,2049,310677,280709,591386
67,2049,310677,280709,591386
68,2049,310677,280709,591386
69,2049,310609,280709,591318
70,2049,310583,280709,591292
71,2049,310117,280695,590812
72,2049,310465,280709,591174
73,2049,310117,280695,590812
74,2049,310117,280695,590812
75,2049,310117,280695,590812
76,2049,310117,280695,590812
77,2049,310117,280695,590812
78,2049,312824,302255,615079
79,2049,312361,301855,614216
80,2049,313545,304204,617749
81,2049,315175,307024,622199
82,2049,315175,307024,622199
83,2049,315175,307024,622199
84,2049,315175,307024,622199
85,2049,315175,307024,622199
86,2049,315175,307024,622199
87,2049,315175,307024,622199
88,2049,315175,307024,622199
89,2049,315175,307024,622199
90,2049,315175,307024,622199
91,2049,315175,307024,622199
92,2049,315175,307024,622199
93,2049,315175,307024,622199
94,2049,315175,307024,622199
95,2049,315175,307024,622199
96,2049,315175,307024,622199
97,2049,315175,307024,622199
98,2049,315175,307024,622199
99,2049,315175,307024,622199
100,2049,315175,307024,622199
0,2049,289931,272729,562660
1,2049,289934,272911,562845
2,2049,289982,272952,562934
3,2049,292195,275576,567771
4,2049,291187,274432,565619
5,2049,291032,274005,565037
6,2049,290574,273727,564301
7,2049,291554,273847,565401
8,2049,292191,275275,567466
9,2049,292300,275900,568200
10,2049,291218,275119,566337
11,2049,292350,275661,568011
12,2049,292533,276111,568644
13,2049,294243,276045,570288
14,2049,294509,275322,569831
15,2049,295696,275954,571650
16,2049,295745,275365,571110
17,2049,302787,276624,579411
18,2049,304700,277408,582108
19,2049,305830,279172,585002
20,2049,308798,280475,589273
21,2049,308721,280514,589235
22,2049,309400,280616,590016
23,2049,309775,280624,590399
24,2049,309777,280624,590401
25,2049,309777,280624,590401
26,2049,309777,280624,590401
27,2049,309777,280624,590401
28,2049,309777,280624,590401
29,2049,309777,280624,590401
30,2049,309777,280624,590401
31,2049,309777,280624,590401
32,2049,309777,280624,590401
33,2049,309777,280624,590401
34,2049,309777,280624,590401
35,2049,309777,280624,590401
36,2049,309777,280624,590401
37,2049,309777,280624,590401
38,2049,309777,280624,590401
39,2049,309777,280624,590401
40,2049,309777,280624,590401
41,2049,310523,280709,591232
42,2049,310523,280709,591232
43,2049,310523,280709,591232
44,2049,310523,280709,591232
45,2049,310523,280709,591232
46,2049,310523,280709,591232
47,2049,310523,280709,591232
48,2049,310523,280709,591232
49,2049,310523,280709,591232
50,2049,310523,280709,591232
51,2049,310523,280709,591232
52,2049,310523,280709,591232
53,2049,310523,280709,591232
54,2049,310523,280709,591232
55,2049,310523,280709,591232
56,2049,310523,280709,591232
57,2049,310523,280709,591232
58,2049,310523,280709,591232
59,2049,310523,280709,591232
60,2049,310523,280709,591232
61,2049,310502,280709,591211
62,2049,310542,280709,591251
63,2049,310622,280709,591331
64,2049,310711,280709,591420
65,2049,310776,280709,591485
66,2049,310677,280709,591386
67,2049,310677,280709,591386
68,2049,310677,280709,591386
69,2049,310609,280709,591318
70,2049,310583,280709,591292
71,2049,310117,280695,590812
72,2049,310465,280709,591174
73,2049,310117,280695,590812
74,2049,310117,280695,590812
75,2049,310117,280695,590812
76,2049,310117,280695,590812
77,2049,310117,280695,590812
78,2049,314312,303031,617343
79,2049,314087,303226,617313
80,2049,313783,305497,619280
81,2049,319234,305827,625061
82,2049,319234,305827,625061
83,2049,319234,305827,625061
84,2049,319234,305827,625061
85,2049,319234,305827,625061
86,2049,319234,305827,625061
87,2049,319234,305827,625061
88,2049,319234,305827,625061
89,2049,319234,305827,625061
90,2049,319234,305827,625061
91,2049,319234,305827,625061
92,2049,319234,305827,625061
93,2049,319234,305827,625061
94,2049,319234,305827,625061
95,2049,319234,305827,625061
96,2049,319234,305827,625061
97,2049,319234,305827,625061
98,2049,319234,305827,625061
99,2049,319234,305827,625061
100,2049,319234,305827,625061
0,2049,290389,273324,563713
1,2049,290357,273423,563780
2,2049,290327,273499,563826
3,2049,292216,275829,568045
4,2049,292652,275969,568621
5,2049,290429,274160,564589
6,2049,291995,274742,566737
7,2049,293131,275594,568725
8,2049,292310,275603,567913
9,2049,292239,275895,568134
10,2049,291305,275231,566536
11,2049,292658,276470,569128
12,2049,291894,275712,567606
13,2049,293818,275668,569486
14,2049,294959,275664,570623
15,2049,295329,275541,570870
16,2049,296065,275365,571430
17,2049,302452,276309,578761
18,2049,304434,277399,581833
19,2049,307640,279219,586859
20,2049,308797,280475,589272
21,2049,309191,280529,589720
22,2049,309411,280647,590058
23,2049,309775,280624,590399
24,2049,309777,280624,590401
25,2049,309777,280624,590401
26,2049,309777,280624,590401
27,2049,309777,280624,590401
28,2049,309777,280624,590401
29,2049,309777,280624,590401
30,2049,309777,280624,590401
31,2049,309777,280624,590401
32,2049,309777,280624,590401
33,2049,309777,280624,590401
34,2049,309777,280624,590401
35,2049,309777,280624,590401
36,2049,309777,280624,590401
37,2049,309777,280624,590401
38,2049,309777,280624,590401
39,2049,309777,280624,590401
40,2049,309777,280624,590401
41,2049,310523,280709,591232
42,2049,310523,280709,591232
43,2049,310523,280709,591232
44,2049,310523,280709,591232
45,2049,310523,280709,591232
46,2049,310523,280709,591232
47,2049,310523,280709,591232
48,2049,310523,280709,591232
49,2049,310523,280709,591232
50,2049,310523,280709,591232
51,2049,310523,280709,591232
52,2049,310523,280709,591232
53,2049,310523,280709,591232
54,2049,310523,280709,591232
55,2049,310523,280709,591232
56,2049,310523,280709,591232
57,2049,310523,280709,591232
58,2049,310523,280709,591232
59,2049,310523,280709,591232
60,2049,310523,280709,591232
61,2049,310502,280709,591211
62,2049,310490,280709,591199
63,2049,310622,280709,591331
64,2049,310711,280709,591420
65,2049,310776,280709,591485
66,2049,310677,280709,591386
67,2049,310677,280709,591386
68,2049,310677,280709,591386
69,2049,310609,280709,591318
70,2049,310583,280709,591292
71,2049,310117,280695,590812
72,2049,310465,280709,591174
73,2049,310117,280695,590812
74,2049,310117,280695,590812
75,2049,310117,280695,590812
76,2049,310117,280695,590812
77,2049,310117,280695,590812
78,2049,314565,303350,617915
79,2049,315463,303836,619299
80,2049,315597,307591,623188
81,2049,318475,306338,624813
82,2049,318475,306338,624813
83,2049,318475,306338,624813
84,2049,318475,306338,624813
85,2049,318475,306338,624813
86,2049,318475,306338,624813
87,2049,318475,306338,624813
88,2049,318475,306338,624813
89,2049,318475,306338,624813
90,2049,318475,306338,624813
91,2049,318475,306338,624813
92,2049,318475,306338,624813
93,2049,318475,306338,624813
94,2049,318475,306338,624813
95,2049,318475,306338,624813
96,2049,318475,306338,624813
97,2049,318475,306338,624813
98,2049,318475,306338,624813
99,2049,318475,306338,624813
100,2049,318475,306338,624813
0,2049,291577,274118,565695
1,2049,291704,274059,565763
2,2049,291728,274070,565798
3,2049,292172,275866,568038
4,2049,292520,275795,568315
5,2049,290894,274103,564997
6,2049,293029,275653,568682
7,2049,293002,275585,568587
8,2049,292514,276161,568675
9,2049,292060,275434,567494
10,2049,292373,275869,568242
11,2049,291521,275321,566842
12,2049,292700,275905,568605
13,2049,293942,275538,569480
14,2049,295205,275997,571202
15,2049,296250,275426,571676
16,2049,296330,275907,572237
17,2049,302651,276235,578886
18,2049,304622,277408,582030
19,2049,308470,279310,587780
20,2049,308804,280475,589279
21,2049,309404,280464,589868
22,2049,309411,280647,590058
23,2049,309775,280624,590399
24,2049,309777,280624,590401
25,2049,309777,280624,590401
26,2049,309777,280624,590401
27,2049,309777,280624,590401
28,2049,309777,280624,590401
29,2049,309777,280624,590401
30,2049,309777,280624,590401
31,2049,309777,280624,590401
32,2049,309777,280624,590401
33,2049,309777,280624,590401
34,2049,309777,280624,590401
35,2049,309777,280624,590401
36,2049,309777,280624,590401
37,2049,309777,280624,590401
38,2049,309777,280624,590401
39,2049,309777,280624,590401
40,2049,309777,280624,590401
41,2049,310523,280709,591232
42,2049,310523,280709,591232
43,2049,310523,280709,591232
44,2049,310523,280709,591232
45,2049,310523,280709,591232
46,2049,310523,280709,591232
47,2049,310523,280709,591232
48,2049,310523,280709,591232
49,2049,310523,280709,591232
50,2049,310523,280709,591232
51,2049,310523,280709,591232
52,2049,310523,280709,591232
53,2049,310523,280709,591232
54,2049,310523,280709,591232
55,2049,310523,280709,591232
56,2049,310523,280709,591232
57,2049,310523,280709,591232
58,2049,310523,280709,591232
59,2049,310523,280709,591232
60,2049,310523,280709,591232
61,2049,310502,280709,591211
62,2049,310482,280709,591191
63,2049,310629,280709,591338
64,2049,310711,280709,591420
65,2049,310776,280709,591485
66,2049,310677,280709,591386
67,2049,310677,280709,591386
68,2049,310677,280709,591386
69,2049,310609,280709,591318
70,2049,310583,280709,591292
71,2049,310117,280695,590812
72,2049,310465,280709,591174
73,2049,310117,280695,590812
74,2049,310117,280695,590812
75,2049,310117,280695,590812
76,2049,310117,280695,590812
77,2049,310117,280695,590812
78,2049,314748,304905,619653
79,2049,315681,305040,620721
80,2049,320100,305595,625695
81,2049,319150,304796,623946
82,2049,319150,304796,623946
83,2049,319150,304796,623946
84,2049,319150,304796,623946
85,2049,319150,304796,623946
86,2049,319150,304796,623946
87,2049,319150,304796,623946
88,2049,319150,304796,623946
89,2049,319150,304796,623946
90,2049,319150,304796,623946
91,2049,319150,304796,623946
92,2049,319150,304796,623946
93,2049,319150,304796,623946
94,2049,319150,304796,623946
95,2049,319150,304796,623946
96,2049,319150,304796,623946
97,2049,319150,304796,623946
98,2049,319150,304796,623946
99,2049,319150,304796,623946
100,2049,319150,304796,623946
0,2049,292691,275252,567943
1,2049,292737,275408,568145
2,2049,292737,275396,568133
3,2049,291909,275660,567569
4,2049,292434,275675,568109
5,2049,292224,276129,568353
6,2049,292989,275830,568819
7,2049,292884,275778,568662
8,2049,291224,275620,566844
9,2049,291990,275557,567547
10,2049,292433,276415,568848
11,2049,291391,275660,567051
12,2049,293221,276798,570019
13,2049,294261,275802,570063
14,2049,297791,275834,573625
15,2049,295951,275686,571637
16,2049,296030,275683,571713
17,2049,302367,276387,578754
18,2049,304434,277399,581833
19,2049,309346,279536,588882
20,2049,308804,280475,589279
21,2049,308966,280464,589430
22,2049,309411,280616,590027
23,2049,309775,280624,590399
24,2049,309777,280624,590401
25,2049,309777,280624,590401
26,2049,309777,280624,590401
27,2049,309777,280624,590401
28,2049,309777,280624,590401
29,2049,309777,280624,590401
30,2049,309777,280624,590401
31,2049,309777,280624,590401
32,2049,309777,280624,590401
33,2049,309777,280624,590401
34,2049,309777,280624,590401
35,2049,309777,280624,590401
36,2049,309777,280624,590401
37,2049,309777,280624,590401
38,2049,309777,280624,590401
39,2049,309777,280624,590401
40,2049,309777,280624,590401
41,2049,310523,280709,591232
42,2049,310523,280709,591232
43,2049,310523,280709,591232
44,2049,310523,280709,591232
45,2049,310523,280709,591232
46,2049,310523,280709,591232
47,2049,310523,280709,591232
48,2049,310523,280709,591232
49,2049,310523,280709,591232
50,2049,310523,280709,591232
51,2049,310523,280709,591232
52,2049,310523,280709,591232
53,2049,310523,280709,591232
54,2049,310523,280709,591232
55,2049,310523,280709,591232
56,2049,310523,280709,591232
57,2049,310523,280709,591232
58,2049,310523,280709,591232
59,2049,310523,280709,591232
60,2049,310523,280709,591232
61,2049,310502,280709,591211
62,2049,310542,280709,591251
63,2049,310629,280709,591338
64,2049,310711,280709,591420
65,2049,310776,280709,591485
66,2049,310677,280709,591386
67,2049,310677,280709,591386
68,2049,310677,280709,591386
69,2049,310609,280709,591318
70,2049,310583,280709,591292
71,2049,310117,280695,590812
72,2049,310465,280709,591174
73,2049,310117,280695,590812
74,2049,310117,280695,590812
75,2049,310117,280695,590812
76,2049,310117,280695,590812
77,2049,310117,280695,590812
78,2049,315901,306651,622552
79,2049,316557,307162,623719
80,2049,319112,306085,625197
81,2049,317302,305907,623209
82,2049,317302,305907,623209
83,2049,317302,305907,623209
84,2049,317302,305907,623209
85,2049,317302,305907,623209
86,2049,317302,305907,623209
87,2049,317302,305907,623209
88,2049,317302,305907,623209
89,2049,317302,305907,623209
90,2049,317302,305907,623209
91,2049,317302,305907,623209
92,2049,317302,305907,623209
93,2049,317302,305907,623209
94,2049,317302,305907,623209
95,2049,317302,305907,623209
96,2049,317302,305907,623209
97,2049,317302,305907,623209
98,2049,317302,305907,623209
99,2049,317302,305907,623209
100,2049,317302,305907,623209
0,2050,292160,275407,567567
1,2050,292160,275407,567567
2,2050,292156,275407,567563
3,2050,292317,275433,567750
4,2050,292459,275435,567894
5,2050,292604,275460,568064
6,2050,292715,275538,568253
7,2050,292699,275529,568228
8,2050,292688,275503,568191
9,2050,292689,275485,568174
10,2050,292704,275551,568255
11,2050,292828,275972,568800
12,2050,293342,276256,569598
13,2050,293719,276375,570094
14,2050,293758,276281,570039
15,2050,293823,276272,570095
16,2050,294123,276355,570478
17,2050,294561,276410,570971
18,2050,295789,276733,572522
19,2050,296731,278188,574919
20,2050,296795,278225,575020
21,2050,296833,278284,575117
22,2050,296862,278532,575394
23,2050,296890,278545,575435
24,2050,296890,278545,575435
25,2050,296890,278545,575435
26,2050,296890,278545,575435
27,2050,296890,278545,575435
28,2050,296890,278545,575435
29,2050,296890,278545,575435
30,2050,296890,278545,575435
31,2050,296890,278545,575435
32,2050,296890,278545,575435
33,2050,296890,278545,575435
34,2050,296890,278545,575435
35,2050,296890,278545,575435
36,2050,296890,278545,575435
37,2050,296890,278545,575435
38,2050,296890,278545,575435
39,2050,296890,278545,575435
40,2050,296890,278545,575435
41,2050,296890,278545,575435
42,2050,296890,278545,575435
43,2050,296890,278545,575435
44,2050,296890,278545,575435
45,2050,296890,278545,575435
46,2050,296881,278545,575426
47,2050,296873,278545,575418
48,2050,296873,278545,575418
49,2050,296873,278545,575418
50,2050,296873,278545,575418
51,2050,296873,278595,575468
52,2050,296873,278595,575468
53,2050,296873,278595,575468
54,2050,296873,278595,575468
55,2050,296873,278595,575468
56,2050,296873,278595,575468
57,2050,296873,278595,575468
58,2050,296873,278595,575468
59,2050,296873,278595,575468
60,2050,296873,278595,575468
61,2050,296873,278595,575468
62,2050,296873,278595,575468
63,2050,296873,278595,575468
64,2050,296825,278595,575420
65,2050,296825,278595,575420
66,2050,296738,278595,575333
67,2050,296738,278595,575333
68,2050,296472,278595,575067
69,2050,296377,278595,574972
70,2050,296237,278595,574832
71,2050,295800,278595,574395
72,2050,295800,278595,574395
73,2050,295461,278595,574056
74,2050,295423,278595,574018
75,2050,295423,278595,574018
76,2050,295423,278595,574018
77,2050,295423,278595,574018
78,2050,295423,279554,574977
79,2050,295423,279363,574786
80,2050,295423,279614,575037
81,2050,295423,279743,575166
82,2050,295423,279743,575166
83,2050,295423,279743,575166
84,2050,295423,279743,575166
85,2050,295423,279743,575166
86,2050,295423,279743,575166
87,2050,295423,279743,575166
88,2050,295423,279743,575166
89,2050,295423,279743,575166
90,2050,295423,279743,575166
91,2050,295423,279743,575166
92,2050,295423,279743,575166
93,2050,295423,279743,575166
94,2050,295423,279743,575166
95,2050,295423,279743,575166
96,2050,295423,279743,575166
97,2050,295423,279743,575166
98,2050,295423,279743,575166
99,2050,295423,279743,575166
100,2050,295423,279743,575166
0,2050,292266,275259,567525
1,2050,292266,275259,567525
2,2050,292259,275259,567518
3,2050,292436,275274,567710
4,2050,292615,275193,567808
5,2050,292741,275299,568040
6,2050,292868,275406,568274
7,2050,292842,275390,568232
8,2050,292820,275364,568184
9,2050,292815,275344,568159
10,2050,292810,275474,568284
11,2050,292862,275699,568561
12,2050,293184,275754,568938
13,2050,293704,275708,569412
14,2050,293937,275800,569737
15,2050,294124,275792,569916
16,2050,294466,275859,570325
17,2050,295672,275850,571522
18,2050,297964,276497,574461
19,2050,298821,278322,577143
20,2050,299958,278491,578449
21,2050,300126,278538,578664
22,2050,300128,279006,579134
23,2050,300136,279020,579156
24,2050,300136,279020,579156
25,2050,300136,279020,579156
26,2050,300136,279020,579156
27,2050,300136,279020,579156
28,2050,300136,279020,579156
29,2050,300136,279020,579156
30,2050,300136,279020,579156
31,2050,300136,279020,579156
32,2050,300136,279020,579156
33,2050,300136,279020,579156
34,2050,300136,279020,579156
35,2050,300136,279020,579156
36,2050,300136,279020,579156
37,2050,300136,279020,579156
38,2050,300136,279020,579156
39,2050,300136,279020,579156
40,2050,300136,279020,579156
41,2050,300136,279020,579156
42,2050,300136,279020,579156
43,2050,300136,279020,579156
44,2050,300538,279020,579558
45,2050,300538,279020,579558
46,2050,300536,279020,579556
47,2050,300528,279020,579548
48,2050,300528,279020,579548
49,2050,300528,279020,579548
50,2050,300528,279020,579548
51,2050,300528,279059,579587
52,2050,300528,279059,579587
53,2050,300528,279059,579587
54,2050,300528,279059,579587
55,2050,300528,279059,579587
56,2050,300528,279059,579587
57,2050,300528,279059,579587
58,2050,300528,279059,579587
59,2050,300528,279059,579587
60,2050,300528,279059,579587
61,2050,300528,279059,579587
62,2050,300528,279059,579587
63,2050,300528,279059,579587
64,2050,300557,279059,579616
65,2050,300557,279059,579616
66,2050,300066,279059,579125
67,2050,300008,279059,579067
68,2050,299613,279059,578672
69,2050,299663,279059,578722
70,2050,299415,279037,578452
71,2050,298888,279037,577925
72,2050,298782,279037,577819
73,2050,298283,278963,577246
74,2050,298238,278963,577201
75,2050,298238,278963,577201
76,2050,298238,278963,577201
77,2050,298238,278963,577201
78,2050,298344,280269,578613
79,2050,298259,280078,578337
80,2050,298344,280826,579170
81,2050,298338,280568,578906
82,2050,298338,280568,578906
83,2050,298338,280568,578906
84,2050,298338,280568,578906
85,2050,298338,280568,578906
86,2050,298338,280568,578906
87,2050,298338,280568,578906
88,2050,298338,280568,578906
89,2050,298338,280568,578906
90,2050,298338,280568,578906
91,2050,298338,280568,578906
92,2050,298338,280568,578906
93,2050,298338,280568,578906
94,2050,298338,280568,578906
95,2050,298338,280568,578906
96,2050,298338,280568,578906
97,2050,298338,280568,578906
98,2050,298338,280568,578906
99,2050,298338,280568,578906
100,2050,298338,280568,578906
0,2050,292274,275413,567687
1,2050,292274,275413,567687
2,2050,292266,275413,567679
3,2050,292417,275347,567764
4,2050,292716,275394,568110
5,2050,292856,275450,568306
6,2050,292910,275526,568436
7,2050,292866,275510,568376
8,2050,292838,275471,568309
9,2050,292865,275477,568342
10,2050,292819,275561,568380
11,2050,292909,275804,568713
12,2050,293366,276259,569625
13,2050,294527,276216,570743
14,2050,294776,276418,571194
15,2050,295034,276413,571447
16,2050,296135,276482,572617
17,2050,297419,276524,573943
18,2050,299982,276890,576872
19,2050,300697,278092,578789
20,2050,300794,278561,579355
21,2050,301474,278636,580110
22,2050,301310,278941,580251
23,2050,301326,278955,580281
24,2050,301326,278955,580281
25,2050,301326,278955,580281
26,2050,301326,278955,580281
27,2050,301326,278955,580281
28,2050,301326,278955,580281
29,2050,301326,278955,580281
30,2050,301326,278955,580281
31,2050,301326,278955,580281
32,2050,301326,278955,580281
33,2050,301326,278955,580281
34,2050,301326,278955,580281
35,2050,301326,278955,580281
36,2050,301326,278955,580281
37,2050,301326,278955,580281
38,2050,301326,278955,580281
39,2050,301326,278955,580281
40,2050,301326,278955,580281
41,2050,301326,278955,580281
42,2050,301326,278955,580281
43,2050,301333,278955,580288
44,2050,303077,279111,582188
45,2050,303077,279111,582188
46,2050,302118,279111,581229
47,2050,302109,279111,581220
48,2050,302109,279111,581220
49,2050,302109,279111,581220
50,2050,302109,279111,581220
51,2050,302109,279149,581258
52,2050,302109,279149,581258
53,2050,302109,279149,581258
54,2050,302109,279149,581258
55,2050,302109,279149,581258
56,2050,302109,279149,581258
57,2050,302109,279149,581258
58,2050,302109,279149,581258
59,2050,302109,279149,581258
60,2050,302109,279149,581258
61,2050,302109,279149,581258
62,2050,302109,279149,581258
63,2050,302109,279149,581258
64,2050,303056,279149,582205
65,2050,303056,279149,582205
66,2050,301751,278994,580745
67,2050,301764,278926,580690
68,2050,301625,278926,580551
69,2050,301693,278926,580619
70,2050,301698,278926,580624
71,2050,302699,279051,581750
72,2050,302614,279051,581665
73,2050,301717,279129,580846
74,2050,301717,279129,580846
75,2050,301717,279129,580846
76,2050,301717,279129,580846
77,2050,301717,279129,580846
78,2050,301618,283834,585452
79,2050,301588,283520,585108
80,2050,301523,283856,585379
81,2050,301545,283856,585401
82,2050,301545,283856,585401
83,2050,301545,283856,585401
84,2050,301545,283856,585401
85,2050,301545,283856,585401
86,2050,301545,283856,585401
87,2050,301545,283856,585401
88,2050,301545,283856,585401
89,2050,301545,283856,585401
90,2050,301545,283856,585401
91,2050,301545,283856,585401
92,2050,301545,283856,585401
93,2050,301545,283856,585401
94,2050,301545,283856,585401
95,2050,301545,283856,585401
96,2050,301545,283856,585401
97,2050,301545,283856,585401
98,2050,301545,283856,585401
99,2050,301545,283856,585401
100,2050,301545,283856,585401
0,2050,292099,274901,567000
1,2050,292099,274901,567000
2,2050,292091,274901,566992
3,2050,292300,274901,567201
4,2050,292463,274931,567394
5,2050,292518,274983,567501
6,2050,292615,275035,567650
7,2050,292607,275057,567664
8,2050,292601,275043,567644
9,2050,292574,275024,567598
10,2050,292549,275055,567604
11,2050,292624,275339,567963
12,2050,293047,275490,568537
13,2050,294584,275590,570174
14,2050,295239,275679,570918
15,2050,297561,275661,573222
16,2050,296031,275360,571391
17,2050,298511,275281,573792
18,2050,300960,276311,577271
19,2050,318140,278178,596318
20,2050,318570,278704,597274
21,2050,307169,279147,586316
22,2050,306963,279195,586158
23,2050,307025,279209,586234
24,2050,307025,279209,586234
25,2050,307025,279209,586234
26,2050,307025,279209,586234
27,2050,307025,279209,586234
28,2050,307025,279209,586234
29,2050,307025,279209,586234
30,2050,307025,279209,586234
31,2050,307025,279209,586234
32,2050,307025,279209,586234
33,2050,307025,279209,586234
34,2050,307025,279209,586234
35,2050,307025,279209,586234
36,2050,307025,279209,586234
37,2050,307025,279209,586234
38,2050,307025,279209,586234
39,2050,307025,279209,586234
40,2050,307025,279209,586234
41,2050,307025,279209,586234
42,2050,307025,279209,586234
43,2050,307025,279209,586234
44,2050,309401,279433,588834
45,2050,309401,279433,588834
46,2050,308138,279364,587502
47,2050,308207,279364,587571
48,2050,308207,279364,587571
49,2050,308207,279364,587571
50,2050,308207,279364,587571
51,2050,308198,279402,587600
52,2050,308198,279402,587600
53,2050,308198,279402,587600
54,2050,308198,279402,587600
55,2050,308198,279402,587600
56,2050,308198,279402,587600
57,2050,308198,279402,587600
58,2050,308198,279402,587600
59,2050,308198,279402,587600
60,2050,308198,279402,587600
61,2050,308198,279402,587600
62,2050,308198,279402,587600
63,2050,308198,279402,587600
64,2050,309449,279472,588921
65,2050,309538,279472,589010
66,2050,307947,279400,587347
67,2050,308227,279400,587627
68,2050,307618,279138,586756
69,2050,307735,279232,586967
70,2050,307742,279123,586865
71,2050,309127,279187,588314
72,2050,308751,279129,587880
73,2050,307179,279129,586308
74,2050,307179,279129,586308
75,2050,307179,279129,586308
76,2050,307179,279129,586308
77,2050,307179,279129,586308
78,2050,306934,286413,593347
79,2050,306862,284996,591858
80,2050,306855,286432,593287
81,2050,306855,286432,593287
82,2050,306855,286432,593287
83,2050,306855,286432,593287
84,2050,306855,286432,593287
85,2050,306855,286432,593287
86,2050,306855,286432,593287
87,2050,306855,286432,593287
88,2050,306855,286432,593287
89,2050,306855,286432,593287
90,2050,306855,286432,593287
91,2050,306855,286432,593287
92,2050,306855,286432,593287
93,2050,306855,286432,593287
94,2050,306855,286432,593287
95,2050,306855,286432,593287
96,2050,306855,286432,593287
97,2050,306855,286432,593287
98,2050,306855,286432,593287
99,2050,306855,286432,593287
100,2050,306855,286432,593287
0,2050,292414,276267,568681
1,2050,292414,276267,568681
2,2050,292410,276267,568677
3,2050,292524,276267,568791
4,2050,292770,276374,569144
5,2050,292782,276405,569187
6,2050,292777,275836,568613
7,2050,292789,275833,568622
8,2050,292809,276105,568914
9,2050,292817,276218,569035
10,2050,292752,276008,568760
11,2050,292786,276013,568799
12,2050,292637,275836,568473
13,2050,294207,275567,569774
14,2050,297544,275452,572996
15,2050,296712,275491,572203
16,2050,295873,275344,571217
17,2050,298696,275638,574334
18,2050,308040,277244,585284
19,2050,310244,279250,589494
20,2050,310992,279343,590335
21,2050,309447,279369,588816
22,2050,309498,279517,589015
23,2050,309548,279517,589065
24,2050,309548,279517,589065
25,2050,309548,279517,589065
26,2050,309548,279517,589065
27,2050,309548,279517,589065
28,2050,309548,279517,589065
29,2050,309548,279517,589065
30,2050,309548,279517,589065
31,2050,309548,279517,589065
32,2050,309548,279517,589065
33,2050,309548,279517,589065
34,2050,309548,279517,589065
35,2050,309548,279517,589065
36,2050,309548,279517,589065
37,2050,309933,279517,589450
38,2050,309933,279517,589450
39,2050,309933,279517,589450
40,2050,309933,279517,589450
41,2050,309933,279517,589450
42,2050,309933,279517,589450
43,2050,309933,279517,589450
44,2050,311218,279445,590663
45,2050,311218,279445,590663
46,2050,311078,279485,590563
47,2050,311078,279485,590563
48,2050,311078,279485,590563
49,2050,311078,279485,590563
50,2050,311078,279485,590563
51,2050,311087,279523,590610
52,2050,311087,279523,590610
53,2050,311087,279523,590610
54,2050,311087,279523,590610
55,2050,311087,279523,590610
56,2050,311087,279523,590610
57,2050,311087,279523,590610
58,2050,311087,279523,590610
59,2050,311087,279523,590610
60,2050,311087,279523,590610
61,2050,311087,279523,590610
62,2050,311087,279523,590610
63,2050,311197,279523,590720
64,2050,311402,279483,590885
65,2050,311494,279483,590977
66,2050,311142,279522,590664
67,2050,311181,279522,590703
68,2050,310276,279498,589774
69,2050,310326,279498,589824
70,2050,310257,279585,589842
71,2050,310672,279598,590270
72,2050,310683,279572,590255
73,2050,309854,279579,589433
74,2050,309854,279579,589433
75,2050,309854,279579,589433
76,2050,309854,279579,589433
77,2050,309854,279579,589433
78,2050,309223,297053,606276
79,2050,309182,295170,604352
80,2050,309215,297002,606217
81,2050,309223,297359,606582
82,2050,309223,297359,606582
83,2050,309223,297359,606582
84,2050,309223,297359,606582
85,2050,309223,297359,606582
86,2050,309223,297359,606582
87,2050,309223,297359,606582
88,2050,309223,297359,606582
89,2050,309223,297359,606582
90,2050,309223,297359,606582
91,2050,309223,297359,606582
92,2050,309223,297359,606582
93,2050,309223,297359,606582
94,2050,309223,297359,606582
95,2050,309223,297359,606582
96,2050,309223,297359,606582
97,2050,309223,297359,606582
98,2050,309223,297359,606582
99,2050,309223,297359,606582
100,2050,309223,297359,606582
0,2050,290839,275033,565872
1,2050,290839,275033,565872
2,2050,290835,275033,565868
3,2050,290937,275233,566170
4,2050,291005,274937,565942
5,2050,291046,275155,566201
6,2050,292232,276240,568472
7,2050,292199,276233,568432
8,2050,291249,275661,566910
9,2050,291199,275601,566800
10,2050,292123,276191,568314
11,2050,292361,276048,568409
12,2050,293171,276060,569231
13,2050,294126,275531,569657
14,2050,296668,275937,572605
15,2050,295244,275388,570632
16,2050,296127,275713,571840
17,2050,298662,276231,574893
18,2050,305162,277907,583069
19,2050,309543,280666,590209
20,2050,310358,280573,590931
21,2050,310236,280007,590243
22,2050,310517,280086,590603
23,2050,310504,280086,590590
24,2050,310504,280086,590590
25,2050,310504,280086,590590
26,2050,310504,280086,590590
27,2050,310504,280086,590590
28,2050,310504,280086,590590
29,2050,310504,280086,590590
30,2050,310504,280086,590590
31,2050,310504,280086,590590
32,2050,310504,280086,590590
33,2050,310504,280086,590590
34,2050,310504,280086,590590
35,2050,310504,280086,590590
36,2050,310504,280086,590590
37,2050,310568,280086,590654
38,2050,310568,280086,590654
39,2050,310568,280086,590654
40,2050,310568,280086,590654
41,2050,310949,280086,591035
42,2050,310949,280086,591035
43,2050,310949,280086,591035
44,2050,311212,280770,591982
45,2050,311212,280770,591982
46,2050,311402,280718,592120
47,2050,311402,280718,592120
48,2050,311402,280718,592120
49,2050,311402,280718,592120
50,2050,311402,280718,592120
51,2050,311402,280757,592159
52,2050,311402,280757,592159
53,2050,311402,280757,592159
54,2050,311402,280757,592159
55,2050,311402,280757,592159
56,2050,311402,280757,592159
57,2050,311402,280757,592159
58,2050,311402,280757,592159
59,2050,311402,280757,592159
60,2050,311402,280757,592159
61,2050,311402,280757,592159
62,2050,311402,280757,592159
63,2050,311500,280757,592257
64,2050,311363,280826,592189
65,2050,311724,280826,592550
66,2050,311611,280757,592368
67,2050,311478,280757,592235
68,2050,311136,280282,591418
69,2050,311224,280386,591610
70,2050,311089,280359,591448
71,2050,311023,280782,591805
72,2050,311415,280757,592172
73,2050,310475,280113,590588
74,2050,310475,280113,590588
75,2050,310475,280113,590588
76,2050,310475,280113,590588
77,2050,310475,280113,590588
78,2050,312080,301426,613506
79,2050,311717,300216,611933
80,2050,312078,301550,613628
81,2050,312097,305369,617466
82,2050,312097,305369,617466
83,2050,312097,305369,617466
84,2050,312097,305369,617466
85,2050,312097,305369,617466
86,2050,312097,305369,617466
87,2050,312097,305369,617466
88,2050,312097,305369,617466
89,2050,312097,305369,617466
90,2050,312097,305369,617466
91,2050,312097,305369,617466
92,2050,312097,305369,617466
93,2050,312097,305369,617466
94,2050,312097,305369,617466
95,2050,312097,305369,617466
96,2050,312097,305369,617466
97,2050,312097,305369,617466
98,2050,312097,305369,617466
99,2050,312097,305369,617466
100,2050,312097,305369,617466
0,2050,289659,274603,564262
1,2050,289659,274603,564262
2,2050,289665,274603,564268
3,2050,290131,274992,565123
4,2050,290075,275018,565093
5,2050,290517,275453,565970
6,2050,291142,275727,566869
7,2050,291129,275727,566856
8,2050,291983,276029,568012
9,2050,291141,275810,566951
10,2050,291146,275616,566762
11,2050,292016,276074,568090
12,2050,292897,276138,569035
13,2050,294262,276019,570281
14,2050,294683,275572,570255
15,2050,297679,275397,573076
16,2050,295993,275946,571939
17,2050,298812,276626,575438
18,2050,303893,278118,582011
19,2050,307392,280296,587688
20,2050,308113,280287,588400
21,2050,310267,280533,590800
22,2050,310619,280734,591353
23,2050,310685,280734,591419
24,2050,310685,280734,591419
25,2050,310685,280734,591419
26,2050,310685,280734,591419
27,2050,310685,280734,591419
28,2050,310685,280734,591419
29,2050,310685,280734,591419
30,2050,310685,280734,591419
31,2050,310685,280734,591419
32,2050,310685,280734,591419
33,2050,310685,280734,591419
34,2050,310685,280734,591419
35,2050,310685,280734,591419
36,2050,310685,280734,591419
37,2050,310706,280734,591440
38,2050,310706,280734,591440
39,2050,310706,280734,591440
40,2050,310706,280734,591440
41,2050,311060,280758,591818
42,2050,311060,280758,591818
43,2050,311060,280758,591818
44,2050,310515,280639,591154
45,2050,310515,280639,591154
46,2050,310557,280639,591196
47,2050,310557,280639,591196
48,2050,310557,280639,591196
49,2050,310557,280639,591196
50,2050,310557,280639,591196
51,2050,310557,280639,591196
52,2050,310557,280639,591196
53,2050,310557,280639,591196
54,2050,310557,280639,591196
55,2050,310557,280639,591196
56,2050,310557,280639,591196
57,2050,310557,280639,591196
58,2050,310557,280639,591196
59,2050,310557,280639,591196
60,2050,310557,280639,591196
61,2050,310557,280639,591196
62,2050,310557,280639,591196
63,2050,310910,280639,591549
64,2050,310761,280639,591400
65,2050,311033,280639,591672
66,2050,311135,280672,591807
67,2050,310932,280639,591571
68,2050,311116,280771,591887
69,2050,311041,280703,591744
70,2050,310992,280666,591658
71,2050,310516,280639,591155
72,2050,310473,280639,591112
73,2050,311008,280697,591705
74,2050,311008,280697,591705
75,2050,311008,280697,591705
76,2050,311008,280697,591705
77,2050,311008,280697,591705
78,2050,314470,302480,616950
79,2050,314144,302411,616555
80,2050,314352,302829,617181
81,2050,316242,304224,620466
82,2050,316242,304224,620466
83,2050,316242,304224,620466
84,2050,316242,304224,620466
85,2050,316242,304224,620466
86,2050,316242,304224,620466
87,2050,316242,304224,620466
88,2050,316242,304224,620466
89,2050,316242,304224,620466
90,2050,316242,304224,620466
91,2050,316242,304224,620466
92,2050,316242,304224,620466
93,2050,316242,304224,620466
94,2050,316242,304224,620466
95,2050,316242,304224,620466
96,2050,316242,304224,620466
97,2050,316242,304224,620466
98,2050,316242,304224,620466
99,2050,316242,304224,620466
100,2050,316242,304224,620466
0,2050,289139,272661,561800
1,2050,289139,272661,561800
2,2050,289140,272661,561801
3,2050,289119,272764,561883
4,2050,289360,272455,561815
5,2050,290329,273837,564166
6,2050,290582,275044,565626
7,2050,290513,275001,565514
8,2050,291822,275327,567149
9,2050,292040,275205,567245
10,2050,290765,275121,565886
11,2050,291646,275629,567275
12,2050,292463,275852,568315
13,2050,293960,275907,569867
14,2050,294086,274870,568956
15,2050,297101,275906,573007
16,2050,295988,275549,571537
17,2050,299178,275915,575093
18,2050,303074,277430,580504
19,2050,305532,280384,585916
20,2050,307797,280492,588289
21,2050,309263,280395,589658
22,2050,309846,280601,590447
23,2050,310066,280601,590667
24,2050,310068,280601,590669
25,2050,310068,280601,590669
26,2050,310068,280601,590669
27,2050,310068,280601,590669
28,2050,310068,280601,590669
29,2050,310068,280601,590669
30,2050,310068,280601,590669
31,2050,310068,280601,590669
32,2050,310068,280601,590669
33,2050,310068,280601,590669
34,2050,310068,280601,590669
35,2050,310068,280601,590669
36,2050,310068,280601,590669
37,2050,310106,280601,590707
38,2050,310106,280601,590707
39,2050,310106,280601,590707
40,2050,310106,280601,590707
41,2050,310504,280601,591105
42,2050,310504,280601,591105
43,2050,310504,280601,591105
44,2050,310371,280615,590986
45,2050,310371,280615,590986
46,2050,310431,280601,591032
47,2050,310431,280601,591032
48,2050,310431,280601,591032
49,2050,310431,280601,591032
50,2050,310431,280601,591032
51,2050,310431,280601,591032
52,2050,310431,280601,591032
53,2050,310431,280601,591032
54,2050,310431,280601,591032
55,2050,310431,280601,591032
56,2050,310431,280601,591032
57,2050,310431,280601,591032
58,2050,310431,280601,591032
59,2050,310431,280601,591032
60,2050,310425,280601,591026
61,2050,310396,280601,590997
62,2050,310384,280601,590985
63,2050,310452,280601,591053
64,2050,310622,280615,591237
65,2050,310565,280615,591180
66,2050,310466,280601,591067
67,2050,310560,280601,591161
68,2050,310503,280601,591104
69,2050,310459,280601,591060
70,2050,310415,280601,591016
71,2050,310321,280601,590922
72,2050,310394,280611,591005
73,2050,310297,280601,590898
74,2050,310297,280601,590898
75,2050,310297,280601,590898
76,2050,310297,280601,590898
77,2050,310297,280601,590898
78,2050,316765,303090,619855
79,2050,316576,303067,619643
80,2050,316701,303735,620436
81,2050,316971,305349,622320
82,2050,316971,305349,622320
83,2050,316971,305349,622320
84,2050,316971,305349,622320
85,2050,316971,305349,622320
86,2050,316971,305349,622320
87,2050,316971,305349,622320
88,2050,316971,305349,622320
89,2050,316971,305349,622320
90,2050,316971,305349,622320
91,2050,316971,305349,622320
92,2050,316971,305349,622320
93,2050,316971,305349,622320
94,2050,316971,305349,622320
95,2050,316971,305349,622320
96,2050,316971,305349,622320
97,2050,316971,305349,622320
98,2050,316971,305349,622320
99,2050,316971,305349,622320
100,2050,316971,305349,622320
0,2050,290394,273022,563416
1,2050,290394,272960,563354
2,2050,290359,272960,563319
3,2050,290259,272886,563145
4,2050,290454,272808,563262
5,2050,291611,274441,566052
6,2050,290844,274238,565082
7,2050,290993,274439,565432
8,2050,292558,275788,568346
9,2050,292683,276220,568903
10,2050,290916,274282,565198
11,2050,292270,275799,568069
12,2050,292527,276121,568648
13,2050,293904,275836,569740
14,2050,293814,275619,569433
15,2050,296491,275550,572041
16,2050,296013,275404,571417
17,2050,300549,276014,576563
18,2050,303703,277256,580959
19,2050,304886,279668,584554
20,2050,307763,280642,588405
21,2050,308577,280432,589009
22,2050,309209,280601,589810
23,2050,309657,280601,590258
24,2050,309658,280601,590259
25,2050,309658,280601,590259
26,2050,309658,280601,590259
27,2050,309658,280601,590259
28,2050,309658,280601,590259
29,2050,309658,280601,590259
30,2050,309658,280601,590259
31,2050,309658,280601,590259
32,2050,309658,280601,590259
33,2050,309658,280601,590259
34,2050,309658,280601,590259
35,2050,309658,280601,590259
36,2050,309658,280601,590259
37,2050,309666,280681,590347
38,2050,309666,280681,590347
39,2050,309666,280681,590347
40,2050,309666,280681,590347
41,2050,310400,280705,591105
42,2050,310400,280705,591105
43,2050,310400,280705,591105
44,2050,310418,280719,591137
45,2050,310418,280719,591137
46,2050,310454,280719,591173
47,2050,310454,280719,591173
48,2050,310454,280719,591173
49,2050,310454,280719,591173
50,2050,310454,280719,591173
51,2050,310454,280719,591173
52,2050,310454,280719,591173
53,2050,310454,280719,591173
54,2050,310454,280719,591173
55,2050,310454,280719,591173
56,2050,310454,280719,591173
57,2050,310454,280719,591173
58,2050,310454,280719,591173
59,2050,310454,280719,591173
60,2050,310454,280719,591173
61,2050,310425,280719,591144
62,2050,310355,280719,591074
63,2050,310557,280719,591276
64,2050,310622,280709,591331
65,2050,310657,280709,591366
66,2050,310551,280719,591270
67,2050,310578,280709,591287
68,2050,310595,280719,591314
69,2050,310527,280719,591246
70,2050,310501,280719,591220
71,2050,310167,280719,590886
72,2050,310365,280719,591084
73,2050,310097,280705,590802
74,2050,310097,280705,590802
75,2050,310097,280705,590802
76,2050,310097,280705,590802
77,2050,310097,280705,590802
78,2050,316031,304649,620680
79,2050,316015,304523,620538
80,2050,316491,304884,621375
81,2050,317021,307179,624200
82,2050,317021,307179,624200
83,2050,317021,307179,624200
84,2050,317021,307179,624200
85,2050,317021,307179,624200
86,2050,317021,307179,624200
87,2050,317021,307179,624200
88,2050,317021,307179,624200
89,2050,317021,307179,624200
90,2050,317021,307179,624200
91,2050,317021,307179,624200
92,2050,317021,307179,624200
93,2050,317021,307179,624200
94,2050,317021,307179,624200
95,2050,317021,307179,624200
96,2050,317021,307179,624200
97,2050,317021,307179,624200
98,2050,317021,307179,624200
99,2050,317021,307179,624200
100,2050,317021,307179,624200
0,2050,291389,273588,564977
1,2050,291361,273588,564949
2,2050,291342,273588,564930
3,2050,290486,273473,563959
4,2050,291427,273538,564965
5,2050,292690,275544,568234
6,2050,291841,274747,566588
7,2050,291918,275199,567117
8,2050,292254,275800,568054
9,2050,291248,275379,566627
10,2050,292120,274848,566968
11,2050,292386,276244,568630
12,2050,292471,275750,568221
13,2050,293842,275635,569477
14,2050,294684,275923,570607
15,2050,295202,274951,570153
16,2050,296309,275544,571853
17,2050,300680,275961,576641
18,2050,306176,277396,583572
19,2050,304844,279082,583926
20,2050,307760,280252,588012
21,2050,308575,280608,589183
22,2050,309265,280695,589960
23,2050,309759,280695,590454
24,2050,309761,280695,590456
25,2050,309761,280695,590456
26,2050,309761,280695,590456
27,2050,309761,280695,590456
28,2050,309761,280695,590456
29,2050,309761,280695,590456
30,2050,309761,280695,590456
31,2050,309761,280695,590456
32,2050,309761,280695,590456
33,2050,309761,280695,590456
34,2050,309761,280695,590456
35,2050,309761,280695,590456
36,2050,309761,280695,590456
37,2050,309760,280695,590455
38,2050,309760,280695,590455
39,2050,309760,280695,590455
40,2050,309760,280695,590455
41,2050,310532,280719,591251
42,2050,310532,280719,591251
43,2050,310532,280719,591251
44,2050,310612,280709,591321
45,2050,310612,280709,591321
46,2050,310612,280709,591321
47,2050,310612,280709,591321
48,2050,310612,280709,591321
49,2050,310612,280709,591321
50,2050,310612,280709,591321
51,2050,310612,280709,591321
52,2050,310612,280709,591321
53,2050,310612,280709,591321
54,2050,310612,280709,591321
55,2050,310612,280709,591321
56,2050,310612,280709,591321
57,2050,310612,280709,591321
58,2050,310612,280709,591321
59,2050,310612,280709,591321
60,2050,310612,280709,591321
61,2050,310583,280709,591292
62,2050,310342,280719,591061
63,2050,310663,280709,591372
64,2050,310791,280709,591500
65,2050,310817,280709,591526
66,2050,310711,280709,591420
67,2050,310719,280709,591428
68,2050,310627,280709,591336
69,2050,310569,280709,591278
70,2050,310553,280709,591262
71,2050,310114,280719,590833
72,2050,310402,280719,591121
73,2050,310099,280695,590794
74,2050,310099,280695,590794
75,2050,310099,280695,590794
76,2050,310099,280695,590794
77,2050,310099,280695,590794
78,2050,316416,306500,622916
79,2050,316414,306851,623265
80,2050,317112,306603,623715
81,2050,320548,305311,625859
82,2050,320548,305311,625859
83,2050,320548,305311,625859
84,2050,320548,305311,625859
85,2050,320548,305311,625859
86,2050,320548,305311,625859
87,2050,320548,305311,625859
88,2050,320548,305311,625859
89,2050,320548,305311,625859
90,2050,320548,305311,625859
91,2050,320548,305311,625859
92,2050,320548,305311,625859
93,2050,320548,305311,625859
94,2050,320548,305311,625859
95,2050,320548,305311,625859
96,2050,320548,305311,625859
97,2050,320548,305311,625859
98,2050,320548,305311,625859
99,2050,320548,305311,625859
100,2050,320548,305311,625859
0,2050,292751,275522,568273
1,2050,292768,275518,568286
2,2050,292769,275518,568287
3,2050,291789,274356,566145
4,2050,293025,274710,567735
5,2050,292813,276399,569212
6,2050,292765,276223,568988
7,2050,292672,276268,568940
8,2050,292330,276276,568606
9,2050,291393,275989,567382
10,2050,292673,276157,568830
11,2050,291584,275622,567206
12,2050,292581,275830,568411
13,2050,294134,275933,570067
14,2050,295041,276344,571385
15,2050,297727,275310,573037
16,2050,296109,275747,571856
17,2050,313874,275931,589805
18,2050,305144,277547,582691
19,2050,305947,279202,585149
20,2050,308539,280233,588772
21,2050,309150,280634,589784
22,2050,309340,280727,590067
23,2050,309735,280695,590430
24,2050,309736,280695,590431
25,2050,309736,280695,590431
26,2050,309736,280695,590431
27,2050,309736,280695,590431
28,2050,309736,280695,590431
29,2050,309736,280695,590431
30,2050,309736,280695,590431
31,2050,309736,280695,590431
32,2050,309736,280695,590431
33,2050,309736,280695,590431
34,2050,309736,280695,590431
35,2050,309736,280695,590431
36,2050,309736,280695,590431
37,2050,309736,280695,590431
38,2050,309736,280695,590431
39,2050,309736,280695,590431
40,2050,309736,280695,590431
41,2050,310615,280709,591324
42,2050,310615,280709,591324
43,2050,310615,280709,591324
44,2050,310580,280709,591289
45,2050,310580,280709,591289
46,2050,310589,280709,591298
47,2050,310589,280709,591298
48,2050,310589,280709,591298
49,2050,310589,280709,591298
50,2050,310589,280709,591298
51,2050,310589,280709,591298
52,2050,310589,280709,591298
53,2050,310589,280709,591298
54,2050,310589,280709,591298
55,2050,310589,280709,591298
56,2050,310589,280709,591298
57,2050,310589,280709,591298
58,2050,310589,280709,591298
59,2050,310589,280709,591298
60,2050,310589,280709,591298
61,2050,310560,280709,591269
62,2050,310362,280719,591081
63,2050,310688,280709,591397
64,2050,310777,280709,591486
65,2050,310815,280709,591524
66,2050,310706,280709,591415
67,2050,310743,280709,591452
68,2050,310757,280709,591466
69,2050,310692,280709,591401
70,2050,310676,280709,591385
71,2050,310183,280695,590878
72,2050,310549,280719,591268
73,2050,310133,280695,590828
74,2050,310133,280695,590828
75,2050,310133,280695,590828
76,2050,310133,280695,590828
77,2050,310133,280695,590828
78,2050,319143,305453,624596
79,2050,319327,305676,625003
80,2050,319274,305068,624342
81,2050,318978,306401,625379
82,2050,318978,306401,625379
83,2050,318978,306401,625379
84,2050,318978,306401,625379
85,2050,318978,306401,625379
86,2050,318978,306401,625379
87,2050,318978,306401,625379
88,2050,318978,306401,625379
89,2050,318978,306401,625379
90,2050,318978,306401,625379
91,2050,318978,306401,625379
92,2050,318978,306401,625379
93,2050,318978,306401,625379
94,2050,318978,306401,625379
95,2050,318978,306401,625379
96,2050,318978,306401,625379
97,2050,318978,306401,625379
98,2050,318978,306401,625379
99,2050,318978,306401,625379
100,2050,318978,306401,625379
0,2050,292327,275510,567837
1,2050,292327,275659,567986
2,2050,292320,275647,567967
3,2050,292875,275527,568402
4,2050,292828,275721,568549
5,2050,291154,274409,565563
6,2050,291431,275516,566947
7,2050,291405,275336,566741
8,2050,290990,275061,566051
9,2050,292128,275695,567823
10,2050,291559,275769,567328
11,2050,291377,275586,566963
12,2050,293155,276000,569155
13,2050,294189,275958,570147
14,2050,295769,275717,571486
15,2050,297153,275649,572802
16,2050,295944,275372,571316
17,2050,307331,276682,584013
18,2050,304499,277441,581940
19,2050,307335,279222,586557
20,2050,309367,280247,589614
21,2050,309425,280514,589939
22,2050,309452,280752,590204
23,2050,309762,280695,590457
24,2050,309764,280695,590459
25,2050,309764,280695,590459
26,2050,309764,280695,590459
27,2050,309764,280695,590459
28,2050,309764,280695,590459
29,2050,309764,280695,590459
30,2050,309764,280695,590459
31,2050,309764,280695,590459
32,2050,309764,280695,590459
33,2050,309764,280695,590459
34,2050,309764,280695,590459
35,2050,309764,280695,590459
36,2050,309764,280695,590459
37,2050,309738,280695,590433
38,2050,309738,280695,590433
39,2050,309738,280695,590433
40,2050,309738,280695,590433
41,2050,310581,280709,591290
42,2050,310581,280709,591290
43,2050,310581,280709,591290
44,2050,310522,280709,591231
45,2050,310522,280709,591231
46,2050,310522,280709,591231
47,2050,310522,280709,591231
48,2050,310522,280709,591231
49,2050,310522,280709,591231
50,2050,310522,280709,591231
51,2050,310522,280709,591231
52,2050,310522,280709,591231
53,2050,310522,280709,591231
54,2050,310522,280709,591231
55,2050,310522,280709,591231
56,2050,310522,280709,591231
57,2050,310522,280709,591231
58,2050,310522,280709,591231
59,2050,310522,280709,591231
60,2050,310522,280709,591231
61,2050,310493,280709,591202
62,2050,310500,280719,591219
63,2050,310622,280709,591331
64,2050,310711,280709,591420
65,2050,310854,280709,591563
66,2050,310736,280709,591445
67,2050,310677,280709,591386
68,2050,310743,280709,591452
69,2050,310668,280709,591377
70,2050,310642,280709,591351
71,2050,310117,280719,590836
72,2050,310404,280709,591113
73,2050,310176,280695,590871
74,2050,310176,280695,590871
75,2050,310176,280695,590871
76,2050,310176,280695,590871
77,2050,310176,280695,590871
78,2050,317218,306629,623847
79,2050,317604,306070,623674
80,2050,317715,306312,624027
81,2050,319435,304795,624230
82,2050,319435,304795,624230
83,2050,319435,304795,624230
84,2050,319435,304795,624230
85,2050,319435,304795,624230
86,2050,319435,304795,624230
87,2050,319435,304795,624230
88,2050,319435,304795,624230
89,2050,319435,304795,624230
90,2050,319435,304795,624230
91,2050,319435,304795,624230
92,2050,319435,304795,624230
93,2050,319435,304795,624230
94,2050,319435,304795,624230
95,2050,319435,304795,624230
96,2050,319435,304795,624230
97,2050,319435,304795,624230
98,2050,319435,304795,624230
99,2050,319435,304795,624230
100,2050,319435,304795,624230
0,2050,292237,275533,567770
1,2050,292258,275489,567747
2,2050,292255,275489,567744
3,2050,292520,275565,568085
4,2050,292646,275922,568568
5,2050,290941,274761,565702
6,2050,291650,275540,567190
7,2050,291571,275602,567173
8,2050,290150,274568,564718
9,2050,292443,275886,568329
10,2050,291915,275595,567510
11,2050,292561,275926,568487
12,2050,293011,276402,569413
13,2050,293947,275772,569719
14,2050,294479,275523,570002
15,2050,297722,275788,573510
16,2050,296132,275359,571491
17,2050,303346,276680,580026
18,2050,304374,277451,581825
19,2050,307952,279352,587304
20,2050,309700,280525,590225
21,2050,308980,280464,589444
22,2050,309470,280601,590071
23,2050,309775,280616,590391
24,2050,309777,280616,590393
25,2050,309777,280616,590393
26,2050,309777,280616,590393
27,2050,309777,280616,590393
28,2050,309777,280616,590393
29,2050,309777,280616,590393
30,2050,309777,280616,590393
31,2050,309777,280616,590393
32,2050,309777,280616,590393
33,2050,309777,280616,590393
34,2050,309777,280616,590393
35,2050,309777,280616,590393
36,2050,309777,280616,590393
37,2050,309777,280616,590393
38,2050,309777,280616,590393
39,2050,309777,280616,590393
40,2050,309777,280616,590393
41,2050,310522,280709,591231
42,2050,310522,280709,591231
43,2050,310522,280709,591231
44,2050,310523,280709,591232
45,2050,310523,280709,591232
46,2050,310523,280709,591232
47,2050,310523,280709,591232
48,2050,310523,280709,591232
49,2050,310523,280709,591232
50,2050,310523,280709,591232
51,2050,310523,280709,591232
52,2050,310523,280709,591232
53,2050,310523,280709,591232
54,2050,310523,280709,591232
55,2050,310523,280709,591232
56,2050,310523,280709,591232
57,2050,310523,280709,591232
58,2050,310523,280709,591232
59,2050,310523,280709,591232
60,2050,310523,280709,591232
61,2050,310494,280709,591203
62,2050,310481,280709,591190
63,2050,310622,280709,591331
64,2050,310711,280709,591420
65,2050,310728,280709,591437
66,2050,310677,280709,591386
67,2050,310677,280709,591386
68,2050,310677,280709,591386
69,2050,310602,280709,591311
70,2050,310576,280709,591285
71,2050,310117,280695,590812
72,2050,310481,280719,591200
73,2050,310143,280719,590862
74,2050,310143,280719,590862
75,2050,310143,280719,590862
76,2050,310143,280719,590862
77,2050,310143,280719,590862
78,2050,319280,304872,624152
79,2050,317218,306403,623621
80,2050,318885,305538,624423
81,2050,315816,304901,620717
82,2050,315816,304901,620717
83,2050,315816,304901,620717
84,2050,315816,304901,620717
85,2050,315816,304901,620717
86,2050,315816,304901,620717
87,2050,315816,304901,620717
88,2050,315816,304901,620717
89,2050,315816,304901,620717
90,2050,315816,304901,620717
91,2050,315816,304901,620717
92,2050,315816,304901,620717
93,2050,315816,304901,620717
94,2050,315816,304901,620717
95,2050,315816,304901,620717
96,2050,315816,304901,620717
97,2050,315816,304901,620717
98,2050,315816,304901,620717
99,2050,315816,304901,620717
100,2050,315816,304901,620717
0,2050,292050,274642,566692
1,2050,291992,274566,566558
2,2050,292049,274566,566615
3,2050,292288,275393,567681
4,2050,292350,275433,567783
5,2050,291665,275418,567083
6,2050,292616,275683,568299
7,2050,292591,275714,568305
8,2050,289388,272724,562112
9,2050,292120,275796,567916
10,2050,292494,275697,568191
11,2050,292571,276455,569026
12,2050,292461,275605,568066
13,2050,293891,275625,569516
14,2050,294576,275565,570141
15,2050,296947,275357,572304
16,2050,296197,275623,571820
17,2050,302139,276579,578718
18,2050,304368,277408,581776
19,2050,309074,279536,588610
20,2050,308796,280425,589221
21,2050,308818,280514,589332
22,2050,309431,280601,590032
23,2050,309749,280616,590365
24,2050,309751,280616,590367
25,2050,309751,280616,590367
26,2050,309751,280616,590367
27,2050,309751,280616,590367
28,2050,309751,280616,590367
29,2050,309751,280616,590367
30,2050,309751,280616,590367
31,2050,309751,280616,590367
32,2050,309751,280616,590367
33,2050,309751,280616,590367
34,2050,309751,280616,590367
35,2050,309751,280616,590367
36,2050,309751,280616,590367
37,2050,309751,280616,590367
38,2050,309751,280616,590367
39,2050,309751,280616,590367
40,2050,309751,280616,590367
41,2050,310523,280709,591232
42,2050,310523,280709,591232
43,2050,310523,280709,591232
44,2050,310523,280709,591232
45,2050,310523,280709,591232
46,2050,310523,280709,591232
47,2050,310523,280709,591232
48,2050,310523,280709,591232
49,2050,310523,280709,591232
50,2050,310523,280709,591232
51,2050,310523,280709,591232
52,2050,310523,280709,591232
53,2050,310523,280709,591232
54,2050,310523,280709,591232
55,2050,310523,280709,591232
56,2050,310523,280709,591232
57,2050,310523,280709,591232
58,2050,310523,280709,591232
59,2050,310523,280709,591232
60,2050,310523,280709,591232
61,2050,310502,280709,591211
62,2050,310533,280709,591242
63,2050,310629,280709,591338
64,2050,310711,280709,591420
65,2050,310748,280709,591457
66,2050,310677,280709,591386
67,2050,310677,280709,591386
68,2050,310677,280709,591386
69,2050,310602,280709,591311
70,2050,310576,280709,591285
71,2050,310117,280695,590812
72,2050,310465,280709,591174
73,2050,310117,280719,590836
74,2050,310117,280719,590836
75,2050,310117,280719,590836
76,2050,310117,280719,590836
77,2050,310117,280719,590836
78,2050,317018,305496,622514
79,2050,319763,304916,624679
80,2050,316558,305659,622217
81,2050,315093,304229,619322
82,2050,315093,304229,619322
83,2050,315093,304229,619322
84,2050,315093,304229,619322
85,2050,315093,304229,619322
86,2050,315093,304229,619322
87,2050,315093,304229,619322
88,2050,315093,304229,619322
89,2050,315093,304229,619322
90,2050,315093,304229,619322
91,2050,315093,304229,619322
92,2050,315093,304229,619322
93,2050,315093,304229,619322
94,2050,315093,304229,619322
95,2050,315093,304229,619322
96,2050,315093,304229,619322
97,2050,315093,304229,619322
98,2050,315093,304229,619322
99,2050,315093,304229,619322
100,2050,315093,304229,619322
0,2050,292467,275809,568276
1,2050,292460,275777,568237
2,2050,292457,275777,568234
3,2050,292245,275154,567399
4,2050,292274,275644,567918
5,2050,292620,276606,569226
6,2050,292731,276392,569123
7,2050,292547,276434,568981
8,2050,290424,273014,563438
9,2050,292125,275680,567805
10,2050,292649,276206,568855
11,2050,291627,275325,566952
12,2050,292214,276093,568307
13,2050,294275,275933,570208
14,2050,294898,275677,570575
15,2050,296696,275498,572194
16,2050,296083,275608,571691
17,2050,302392,276114,578506
18,2050,304800,277408,582208
19,2050,308341,280112,588453
20,2050,308246,280444,588690
21,2050,308721,280514,589235
22,2050,309400,280616,590016
23,2050,309775,280616,590391
24,2050,309777,280616,590393
25,2050,309777,280616,590393
26,2050,309777,280616,590393
27,2050,309777,280616,590393
28,2050,309777,280616,590393
29,2050,309777,280616,590393
30,2050,309777,280616,590393
31,2050,309777,280616,590393
32,2050,309777,280616,590393
33,2050,309777,280616,590393
34,2050,309777,280616,590393
35,2050,309777,280616,590393
36,2050,309777,280616,590393
37,2050,309751,280616,590367
38,2050,309751,280616,590367
39,2050,309751,280616,590367
40,2050,309751,280616,590367
41,2050,310523,280709,591232
42,2050,310523,280709,591232
43,2050,310523,280709,591232
44,2050,310523,280709,591232
45,2050,310523,280709,591232
46,2050,310523,280709,591232
47,2050,310523,280709,591232
48,2050,310523,280709,591232
49,2050,310523,280709,591232
50,2050,310523,280709,591232
51,2050,310523,280709,591232
52,2050,310523,280709,591232
53,2050,310523,280709,591232
54,2050,310523,280709,591232
55,2050,310523,280709,591232
56,2050,310523,280709,591232
57,2050,310523,280709,591232
58,2050,310523,280709,591232
59,2050,310523,280709,591232
60,2050,310523,280709,591232
61,2050,310502,280709,591211
62,2050,310490,280709,591199
63,2050,310629,280709,591338
64,2050,310711,280709,591420
65,2050,310728,280709,591437
66,2050,310677,280709,591386
67,2050,310677,280709,591386
68,2050,310677,280709,591386
69,2050,310609,280709,591318
70,2050,310583,280709,591292
71,2050,310117,280695,590812
72,2050,310465,280709,591174
73,2050,310117,280695,590812
74,2050,310117,280695,590812
75,2050,310117,280695,590812
76,2050,310117,280695,590812
77,2050,310117,280695,590812
78,2050,315589,306728,622317
79,2050,317850,304290,622140
80,2050,315286,304700,619986
81,2050,313486,303270,616756
82,2050,313486,303270,616756
83,2050,313486,303270,616756
84,2050,313486,303270,616756
85,2050,313486,303270,616756
86,2050,313486,303270,616756
87,2050,313486,303270,616756
88,2050,313486,303270,616756
89,2050,313486,303270,616756
90,2050,313486,303270,616756
91,2050,313486,303270,616756
92,2050,313486,303270,616756
93,2050,313486,303270,616756
94,2050,313486,303270,616756
95,2050,313486,303270,616756
96,2050,313486,303270,616756
97,2050,313486,303270,616756
98,2050,313486,303270,616756
99,2050,313486,303270,616756
100,2050,313486,303270,616756
0,2050,292071,275839,567910
1,2050,292089,275900,567989
2,2050,292086,275900,567986
3,2050,292381,275949,568330
4,2050,292447,276194,568641
5,2050,291076,274117,565193
6,2050,291032,274854,565886
7,2050,290997,274886,565883
8,2050,291455,273560,565015
9,2050,292220,275875,568095
10,2050,291207,275214,566421
11,2050,291288,275553,566841
12,2050,293021,276358,569379
13,2050,294152,276089,570241
14,2050,295132,275773,570905
15,2050,295672,275405,571077
16,2050,296009,275276,571285
17,2050,303498,276207,579705
18,2050,304580,277399,581979
19,2050,307593,280366,587959
20,2050,308648,280447,589095
21,2050,309185,280529,589714
22,2050,309411,280647,590058
23,2050,309775,280616,590391
24,2050,309777,280624,590401
25,2050,309777,280624,590401
26,2050,309777,280624,590401
27,2050,309777,280624,590401
28,2050,309777,280624,590401
29,2050,309777,280624,590401
30,2050,309777,280624,590401
31,2050,309777,280624,590401
32,2050,309777,280624,590401
33,2050,309777,280624,590401
34,2050,309777,280624,590401
35,2050,309777,280624,590401
36,2050,309777,280624,590401
37,2050,309777,280616,590393
38,2050,309777,280616,590393
39,2050,309777,280616,590393
40,2050,309777,280616,590393
41,2050,310523,280709,591232
42,2050,310523,280709,591232
43,2050,310523,280709,591232
44,2050,310523,280709,591232
45,2050,310523,280709,591232
46,2050,310523,280709,591232
47,2050,310523,280709,591232
48,2050,310523,280709,591232
49,2050,310523,280709,591232
50,2050,310523,280709,591232
51,2050,310523,280709,591232
52,2050,310523,280709,591232
53,2050,310523,280709,591232
54,2050,310523,280709,591232
55,2050,310523,280709,591232
56,2050,310523,280709,591232
57,2050,310523,280709,591232
58,2050,310523,280709,591232
59,2050,310523,280709,591232
60,2050,310523,280709,591232
61,2050,310502,280709,591211
62,2050,310482,280709,591191
63,2050,310622,280709,591331
64,2050,310711,280709,591420
65,2050,310776,280709,591485
66,2050,310677,280709,591386
67,2050,310677,280709,591386
68,2050,310677,280709,591386
69,2050,310609,280709,591318
70,2050,310583,280709,591292
71,2050,310117,280695,590812
72,2050,310465,280709,591174
73,2050,310117,280695,590812
74,2050,310117,280695,590812
75,2050,310117,280695,590812
76,2050,310117,280695,590812
77,2050,310117,280695,590812
78,2050,319253,303696,622949
79,2050,314882,303302,618184
80,2050,314483,304209,618692
81,2050,313400,302807,616207
82,2050,313400,302807,616207
83,2050,313400,302807,616207
84,2050,313400,302807,616207
85,2050,313400,302807,616207
86,2050,313400,302807,616207
87,2050,313400,302807,616207
88,2050,313400,302807,616207
89,2050,313400,302807,616207
90,2050,313400,302807,616207
91,2050,313400,302807,616207
92,2050,313400,302807,616207
93,2050,313400,302807,616207
94,2050,313400,302807,616207
95,2050,313400,302807,616207
96,2050,313400,302807,616207
97,2050,313400,302807,616207
98,2050,313400,302807,616207
99,2050,313400,302807,616207
100,2050,313400,302807,616207
0,2050,291929,276118,568047
1,2050,292050,276184,568234
2,2050,292024,276184,568208
3,2050,292099,275673,567772
4,2050,291120,275219,566339
5,2050,290898,274381,565279
6,2050,290201,274869,565070
7,2050,289966,274416,564382
8,2050,293136,274868,568004
9,2050,292151,275983,568134
10,2050,291191,275417,566608
11,2050,292570,276264,568834
12,2050,292503,275712,568215
13,2050,293667,275662,569329
14,2050,296166,275731,571897
15,2050,295497,275115,570612
16,2050,296079,275458,571537
17,2050,303229,276582,579811
18,2050,304477,277399,581876
19,2050,306568,280199,586767
20,2050,308456,280490,588946
21,2050,309412,280464,589876
22,2050,309419,280647,590066
23,2050,309775,280624,590399
24,2050,309777,280624,590401
25,2050,309777,280624,590401
26,2050,309777,280624,590401
27,2050,309777,280624,590401
28,2050,309777,280624,590401
29,2050,309777,280624,590401
30,2050,309777,280624,590401
31,2050,309777,280624,590401
32,2050,309777,280624,590401
33,2050,309777,280624,590401
34,2050,309777,280624,590401
35,2050,309777,280624,590401
36,2050,309777,280624,590401
37,2050,309777,280624,590401
38,2050,309777,280624,590401
39,2050,309777,280624,590401
40,2050,309777,280624,590401
41,2050,310523,280709,591232
42,2050,310523,280709,591232
43,2050,310523,280709,591232
44,2050,310523,280709,591232
45,2050,310523,280709,591232
46,2050,310523,280709,591232
47,2050,310523,280709,591232
48,2050,310523,280709,591232
49,2050,310523,280709,591232
50,2050,310523,280709,591232
51,2050,310523,280709,591232
52,2050,310523,280709,591232
53,2050,310523,280709,591232
54,2050,310523,280709,591232
55,2050,310523,280709,591232
56,2050,310523,280709,591232
57,2050,310523,280709,591232
58,2050,310523,280709,591232
59,2050,310523,280709,591232
60,2050,310523,280709,591232
61,2050,310502,280709,591211
62,2050,310542,280709,591251
63,2050,310622,280709,591331
64,2050,310711,280709,591420
65,2050,310776,280709,591485
66,2050,310677,280709,591386
67,2050,310677,280709,591386
68,2050,310677,280709,591386
69,2050,310609,280709,591318
70,2050,310583,280709,591292
71,2050,310117,280695,590812
72,2050,310465,280709,591174
73,2050,310117,280695,590812
74,2050,310117,280695,590812
75,2050,310117,280695,590812
76,2050,310117,280695,590812
77,2050,310117,280695,590812
78,2050,315391,302409,617800
79,2050,313281,301886,615167
80,2050,313582,303403,616985
81,2050,313300,302781,616081
82,2050,313300,302781,616081
83,2050,313300,302781,616081
84,2050,313300,302781,616081
85,2050,313300,302781,616081
86,2050,313300,302781,616081
87,2050,313300,302781,616081
88,2050,313300,302781,616081
89,2050,313300,302781,616081
90,2050,313300,302781,616081
91,2050,313300,302781,616081
92,2050,313300,302781,616081
93,2050,313300,302781,616081
94,2050,313300,302781,616081
95,2050,313300,302781,616081
96,2050,313300,302781,616081
97,2050,313300,302781,616081
98,2050,313300,302781,616081
99,2050,313300,302781,616081
100,2050,313300,302781,616081
0,2050,290678,274865,565543
1,2050,290646,274600,565246
2,2050,290646,274600,565246
3,2050,292028,275935,567963
4,2050,290806,274931,565737
5,2050,291693,275335,567028
6,2050,289512,272972,562484
7,2050,289426,272773,562199
8,2050,292970,275895,568865
9,2050,292042,275514,567556
10,2050,292198,275741,567939
11,2050,291715,275941,567656
12,2050,292280,275815,568095
13,2050,293958,275737,569695
14,2050,295390,275951,571341
15,2050,295576,275625,571201
16,2050,296316,275830,572146
17,2050,302965,276281,579246
18,2050,304630,277408,582038
19,2050,305272,279385,584657
20,2050,308843,280475,589318
21,2050,308966,280464,589430
22,2050,309419,280616,590035
23,2050,309775,280616,590391
24,2050,309777,280616,590393
25,2050,309777,280616,590393
26,2050,309777,280616,590393
27,2050,309777,280616,590393
28,2050,309777,280616,590393
29,2050,309777,280616,590393
30,2050,309777,280616,590393
31,2050,309777,280616,590393
32,2050,309777,280616,590393
33,2050,309777,280616,590393
34,2050,309777,280616,590393
35,2050,309777,280616,590393
36,2050,309777,280616,590393
37,2050,309777,280616,590393
38,2050,309777,280616,590393
39,2050,309777,280616,590393
40,2050,309777,280616,590393
41,2050,310523,280709,591232
42,2050,310523,280709,591232
43,2050,310523,280709,591232
44,2050,310523,280709,591232
45,2050,310523,280709,591232
46,2050,310523,280709,591232
47,2050,310523,280709,591232
48,2050,310523,280709,591232
49,2050,310523,280709,591232
50,2050,310523,280709,591232
51,2050,310523,280709,591232
52,2050,310523,280709,591232
53,2050,310523,280709,591232
54,2050,310523,280709,591232
55,2050,310523,280709,591232
56,2050,310523,280709,591232
57,2050,310523,280709,591232
58,2050,310523,280709,591232
59,2050,310523,280709,591232
60,2050,310523,280709,591232
61,2050,310502,280709,591211
62,2050,310490,280709,591199
63,2050,310629,280709,591338
64,2050,310711,280709,591420
65,2050,310776,280709,591485
66,2050,310677,280709,591386
67,2050,310677,280709,591386
68,2050,310677,280709,591386
69,2050,310609,280709,591318
70,2050,310583,280709,591292
71,2050,310117,280695,590812
72,2050,310465,280709,591174
73,2050,310117,280695,590812
74,2050,310117,280695,590812
75,2050,310117,280695,590812
76,2050,310117,280695,590812
77,2050,310117,280695,590812
78,2050,314163,302133,616296
79,2050,313574,301568,615142
80,2050,313325,302887,616212
81,2050,314143,304623,618766
82,2050,314143,304623,618766
83,2050,314143,304623,618766
84,2050,314143,304623,618766
85,2050,314143,304623,618766
86,2050,314143,304623,618766
87,2050,314143,304623,618766
88,2050,314143,304623,618766
89,2050,314143,304623,618766
90,2050,314143,304623,618766
91,2050,314143,304623,618766
92,2050,314143,304623,618766
93,2050,314143,304623,618766
94,2050,314143,304623,618766
95,2050,314143,304623,618766
96,2050,314143,304623,618766
97,2050,314143,304623,618766
98,2050,314143,304623,618766
99,2050,314143,304623,618766
100,2050,314143,304623,618766
0,2050,289630,273527,563157
1,2050,289084,272978,562062
2,2050,289096,272978,562074
3,2050,291944,275546,567490
4,2050,290744,274239,564983
5,2050,292628,276596,569224
6,2050,290215,273130,563345
7,2050,290379,273170,563549
8,2050,292789,275868,568657
9,2050,292007,275599,567606
10,2050,292516,276305,568821
11,2050,291831,275642,567473
12,2050,293193,276213,569406
13,2050,294133,275848,569981
14,2050,294756,275557,570313
15,2050,295875,275849,571724
16,2050,296104,275804,571908
17,2050,302976,276373,579349
18,2050,304434,277399,581833
19,2050,305026,279291,584317
20,2050,308802,280475,589277
21,2050,308820,280514,589334
22,2050,309407,280616,590023
23,2050,309775,280624,590399
24,2050,309777,280624,590401
25,2050,309777,280624,590401
26,2050,309777,280624,590401
27,2050,309777,280624,590401
28,2050,309777,280624,590401
29,2050,309777,280624,590401
30,2050,309777,280624,590401
31,2050,309777,280624,590401
32,2050,309777,280624,590401
33,2050,309777,280624,590401
34,2050,309777,280624,590401
35,2050,309777,280624,590401
36,2050,309777,280624,590401
37,2050,309777,280616,590393
38,2050,309777,280616,590393
39,2050,309777,280616,590393
40,2050,309777,280616,590393
41,2050,310523,280709,591232
42,2050,310523,280709,591232
43,2050,310523,280709,591232
44,2050,310523,280709,591232
45,2050,310523,280709,591232
46,2050,310523,280709,591232
47,2050,310523,280709,591232
48,2050,310523,280709,591232
49,2050,310523,280709,591232
50,2050,310523,280709,591232
51,2050,310523,280709,591232
52,2050,310523,280709,591232
53,2050,310523,280709,591232
54,2050,310523,280709,591232
55,2050,310523,280709,591232
56,2050,310523,280709,591232
57,2050,310523,280709,591232
58,2050,310523,280709,591232
59,2050,310523,280709,591232
60,2050,310523,280709,591232
61,2050,310502,280709,591211
62,2050,310482,280709,591191
63,2050,310629,280709,591338
64,2050,310711,280709,591420
65,2050,310776,280709,591485
66,2050,310677,280709,591386
67,2050,310677,280709,591386
68,2050,310677,280709,591386
69,2050,310609,280709,591318
70,2050,310583,280709,591292
71,2050,310117,280695,590812
72,2050,310465,280709,591174
73,2050,310117,280695,590812
74,2050,310117,280695,590812
75,2050,310117,280695,590812
76,2050,310117,280695,590812
77,2050,310117,280695,590812
78,2050,312824,302255,615079
79,2050,312361,301855,614216
80,2050,313545,304204,617749
81,2050,315175,307024,622199
82,2050,315175,307024,622199
83,2050,315175,307024,622199
84,2050,315175,307024,622199
85,2050,315175,307024,622199
86,2050,315175,307024,622199
87,2050,315175,307024,622199
88,2050,315175,307024,622199
89,2050,315175,307024,622199
90,2050,315175,307024,622199
91,2050,315175,307024,622199
92,2050,315175,307024,622199
93,2050,315175,307024,622199
94,2050,315175,307024,622199
95,2050,315175,307024,622199
96,2050,315175,307024,622199
97,2050,315175,307024,622199
98,2050,315175,307024,622199
99,2050,315175,307024,622199
100,2050,315175,307024,622199
0,2050,289931,272729,562660
1,2050,289934,272911,562845
2,2050,289982,272952,562934
3,2050,292195,275576,567771
4,2050,291187,274432,565619
5,2050,291032,274005,565037
6,2050,290574,273727,564301
7,2050,291554,273847,565401
8,2050,292191,275275,567466
9,2050,292300,275900,568200
10,2050,291218,275119,566337
11,2050,292350,275661,568011
12,2050,292533,276111,568644
13,2050,294243,276045,570288
14,2050,294509,275322,569831
15,2050,295696,275954,571650
16,2050,295745,275365,571110
17,2050,302787,276624,579411
18,2050,304700,277408,582108
19,2050,305830,279172,585002
20,2050,308798,280475,589273
21,2050,308721,280514,589235
22,2050,309400,280616,590016
23,2050,309775,280624,590399
24,2050,309777,280624,590401
25,2050,309777,280624,590401
26,2050,309777,280624,590401
27,2050,309777,280624,590401
28,2050,309777,280624,590401
29,2050,309777,280624,590401
30,2050,309777,280624,590401
31,2050,309777,280624,590401
32,2050,309777,280624,590401
33,2050,309777,280624,590401
34,2050,309777,280624,590401
35,2050,309777,280624,590401
36,2050,309777,280624,590401
37,2050,309777,280624,590401
38,2050,309777,280624,590401
39,2050,309777,280624,590401
40,2050,309777,280624,590401
41,2050,310523,280709,591232
42,2050,310523,280709,591232
43,2050,310523,280709,591232
44,2050,310523,280709,591232
45,2050,310523,280709,591232
46,2050,310523,280709,591232
47,2050,310523,280709,591232
48,2050,310523,280709,591232
49,2050,310523,280709,591232
50,2050,310523,280709,591232
51,2050,310523,280709,591232
52,2050,310523,280709,591232
53,2050,310523,280709,591232
54,2050,310523,280709,591232
55,2050,310523,280709,591232
56,2050,310523,280709,591232
57,2050,310523,280709,591232
58,2050,310523,280709,591232
59,2050,310523,280709,591232
60,2050,310523,280709,591232
61,2050,310502,280709,591211
62,2050,310542,280709,591251
63,2050,310622,280709,591331
64,2050,310711,280709,591420
65,2050,310776,280709,591485
66,2050,310677,280709,591386
67,2050,310677,280709,591386
68,2050,310677,280709,591386
69,2050,310609,280709,591318
70,2050,310583,280709,591292
71,2050,310117,280695,590812
72,2050,310465,280709,591174
73,2050,310117,280695,590812
74,2050,310117,280695,590812
75,2050,310117,280695,590812
76,2050,310117,280695,590812
77,2050,310117,280695,590812
78,2050,314312,303031,617343
79,2050,314087,303226,617313
80,2050,313783,305497,619280
81,2050,319234,305827,625061
82,2050,319234,305827,625061
83,2050,319234,305827,625061
84,2050,319234,305827,625061
85,2050,319234,305827,625061
86,2050,319234,305827,625061
87,2050,319234,305827,625061
88,2050,319234,305827,625061
89,2050,319234,305827,625061
90,2050,319234,305827,625061
91,2050,319234,305827,625061
92,2050,319234,305827,625061
93,2050,319234,305827,625061
94,2050,319234,305827,625061
95,2050,319234,305827,625061
96,2050,319234,305827,625061
97,2050,319234,305827,625061
98,2050,319234,305827,625061
99,2050,319234,305827,625061
100,2050,319234,305827,625061
0,2050,290389,273324,563713
1,2050,290357,273423,563780
2,2050,290327,273499,563826
3,2050,292216,275829,568045
4,2050,292652,275969,568621
5,2050,290429,274160,564589
6,2050,291995,274742,566737
7,2050,293131,275594,568725
8,2050,292310,275603,567913
9,2050,292239,275895,568134
10,2050,291305,275231,566536
11,2050,292658,276470,569128
12,2050,291894,275712,567606
13,2050,293818,275668,569486
14,2050,294959,275664,570623
15,2050,295329,275541,570870
16,2050,296065,275365,571430
17,2050,302452,276309,578761
18,2050,304434,277399,581833
19,2050,307640,279219,586859
20,2050,308797,280475,589272
21,2050,309191,280529,589720
22,2050,309411,280647,590058
23,2050,309775,280624,590399
24,2050,309777,280624,590401
25,2050,309777,280624,590401
26,2050,309777,280624,590401
27,2050,309777,280624,590401
28,2050,309777,280624,590401
29,2050,309777,280624,590401
30,2050,309777,280624,590401
31,2050,309777,280624,590401
32,2050,309777,280624,590401
33,2050,309777,280624,590401
34,2050,309777,280624,590401
35,2050,309777,280624,590401
36,2050,309777,280624,590401
37,2050,309777,280624,590401
38,2050,309777,280624,590401
39,2050,309777,280624,590401
40,2050,309777,280624,590401
41,2050,310523,280709,591232
42,2050,310523,280709,591232
43,2050,310523,280709,591232
44,2050,310523,280709,591232
45,2050,310523,280709,591232
46,2050,310523,280709,591232
47,2050,310523,280709,591232
48,2050,310523,280709,591232
49,2050,310523,280709,591232
50,2050,310523,280709,591232
51,2050,310523,280709,591232
52,2050,310523,280709,591232
53,2050,310523,280709,591232
54,2050,310523,280709,591232
55,2050,310523,280709,591232
56,2050,310523,280709,591232
57,2050,310523,280709,591232
58,2050,310523,280709,591232
59,2050,310523,280709,591232
60,2050,310523,280709,591232
61,2050,310502,280709,591211
62,2050,310490,280709,591199
63,2050,310622,280709,591331
64,2050,310711,280709,591420
65,2050,310776,280709,591485
66,2050,310677,280709,591386
67,2050,310677,280709,591386
68,2050,310677,280709,591386
69,2050,310609,280709,591318
70,2050,310583,280709,591292
71,2050,310117,280695,590812
72,2050,310465,280709,591174
73,2050,310117,280695,590812
74,2050,310117,280695,590812
75,2050,310117,280695,590812
76,2050,310117,280695,590812
77,2050,310117,280695,590812
78,2050,314565,303350,617915
79,2050,315463,303836,619299
80,2050,315597,307591,623188
81,2050,318475,306338,624813
82,2050,318475,306338,624813
83,2050,318475,306338,624813
84,2050,318475,306338,624813
85,2050,318475,306338,624813
86,2050,318475,306338,624813
87,2050,318475,306338,624813
88,2050,318475,306338,624813
89,2050,318475,306338,624813
90,2050,318475,306338,624813
91,2050,318475,306338,624813
92,2050,318475,306338,624813
93,2050,318475,306338,624813
94,2050,318475,306338,624813
95,2050,318475,306338,624813
96,2050,318475,306338,624813
97,2050,318475,306338,624813
98,2050,318475,306338,624813
99,2050,318475,306338,624813
100,2050,318475,306338,624813
0,2050,291577,274118,565695
1,2050,291704,274059,565763
2,2050,291728,274070,565798
3,2050,292172,275866,568038
4,2050,292520,275795,568315
5,2050,290894,274103,564997
6,2050,293029,275653,568682
7,2050,293002,275585,568587
8,2050,292514,276161,568675
9,2050,292060,275434,567494
10,2050,292373,275869,568242
11,2050,291521,275321,566842
12,2050,292700,275905,568605
13,2050,293942,275538,569480
14,2050,295205,275997,571202
15,2050,296250,275426,571676
16,2050,296330,275907,572237
17,2050,302651,276235,578886
18,2050,304622,277408,582030
19,2050,308470,279310,587780
20,2050,308804,280475,589279
21,2050,309404,280464,589868
22,2050,309411,280647,590058
23,2050,309775,280624,590399
24,2050,309777,280624,590401
25,2050,309777,280624,590401
26,2050,309777,280624,590401
27,2050,309777,280624,590401
28,2050,309777,280624,590401
29,2050,309777,280624,590401
30,2050,309777,280624,590401
31,2050,309777,280624,590401
32,2050,309777,280624,590401
33,2050,309777,280624,590401
34,2050,309777,280624,590401
35,2050,309777,280624,590401
36,2050,309777,280624,590401
37,2050,309777,280624,590401
38,2050,309777,280624,590401
39,2050,309777,280624,590401
40,2050,309777,280624,590401
41,2050,310523,280709,591232
42,2050,310523,280709,591232
43,2050,310523,280709,591232
44,2050,310523,280709,591232
45,2050,310523,280709,591232
46,2050,310523,280709,591232
47,2050,310523,280709,591232
48,2050,310523,280709,591232
49,2050,310523,280709,591232
50,2050,310523,280709,591232
51,2050,310523,280709,591232
52,2050,310523,280709,591232
53,2050,310523,280709,591232
54,2050,310523,280709,591232
55,2050,310523,280709,591232
56,2050,310523,280709,591232
57,2050,310523,280709,591232
58,2050,310523,280709,591232
59,2050,310523,280709,591232
60,2050,310523,280709,591232
61,2050,310502,280709,591211
62,2050,310482,280709,591191
63,2050,310629,280709,591338
64,2050,310711,280709,591420
65,2050,310776,280709,591485
66,2050,310677,280709,591386
67,2050,310677,280709,591386
68,2050,310677,280709,591386
69,2050,310609,280709,591318
70,2050,310583,280709,591292
71,2050,310117,280695,590812
72,2050,310465,280709,591174
73,2050,310117,280695,590812
74,2050,310117,280695,590812
75,2050,310117,280695,590812
76,2050,310117,280695,590812
77,2050,310117,280695,590812
78,2050,314748,304905,619653
79,2050,315681,305040,620721
80,2050,320100,305595,625695
81,2050,319150,304796,623946
82,2050,319150,304796,623946
83,2050,319150,304796,623946
84,2050,319150,304796,623946
85,2050,319150,304796,623946
86,2050,319150,304796,623946
87,2050,319150,304796,623946
88,2050,319150,304796,623946
89,2050,319150,304796,623946
90,2050,319150,304796,623946
91,2050,319150,304796,623946
92,2050,319150,304796,623946
93,2050,319150,304796,623946
94,2050,319150,304796,623946
95,2050,319150,304796,623946
96,2050,319150,304796,623946
97,2050,319150,304796,623946
98,2050,319150,304796,623946
99,2050,319150,304796,623946
100,2050,319150,304796,623946
0,2050,292691,275252,567943
1,2050,292737,275408,568145
2,2050,292737,275396,568133
3,2050,291909,275660,567569
4,2050,292434,275675,568109
5,2050,292224,276129,568353
6,2050,292989,275830,568819
7,2050,292884,275778,568662
8,2050,291224,275620,566844
9,2050,291990,275557,567547
10,2050,292433,276415,568848
11,2050,291391,275660,567051
12,2050,293221,276798,570019
13,2050,294261,275802,570063
14,2050,297791,275834,573625
15,2050,295951,275686,571637
16,2050,296030,275683,571713
17,2050,302367,276387,578754
18,2050,304434,277399,581833
19,2050,309346,279536,588882
20,2050,308804,280475,589279
21,2050,308966,280464,589430
22,2050,309411,280616,590027
23,2050,309775,280624,590399
24,2050,309777,280624,590401
25,2050,309777,280624,590401
26,2050,309777,280624,590401
27,2050,309777,280624,590401
28,2050,309777,280624,590401
29,2050,309777,280624,590401
30,2050,309777,280624,590401
31,2050,309777,280624,590401
32,2050,309777,280624,590401
33,2050,309777,280624,590401
34,2050,309777,280624,590401
35,2050,309777,280624,590401
36,2050,309777,280624,590401
37,2050,309777,280624,590401
38,2050,309777,280624,590401
39,2050,309777,280624,590401
40,2050,309777,280624,590401
41,2050,310523,280709,591232
42,2050,310523,280709,591232
43,2050,310523,280709,591232
44,2050,310523,280709,591232
45,2050,310523,280709,591232
46,2050,310523,280709,591232
47,2050,310523,280709,591232
48,2050,310523,280709,591232
49,2050,310523,280709,591232
50,2050,310523,280709,591232
51,2050,310523,280709,591232
52,2050,310523,280709,591232
53,2050,310523,280709,591232
54,2050,310523,280709,591232
55,2050,310523,280709,591232
56,2050,310523,280709,591232
57,2050,310523,280709,591232
58,2050,310523,280709,591232
59,2050,310523,280709,591232
60,2050,310523,280709,591232
61,2050,310502,280709,591211
62,2050,310542,280709,591251
63,2050,310629,280709,591338
64,2050,310711,280709,591420
65,2050,310776,280709,591485
66,2050,310677,280709,591386
67,2050,310677,280709,591386
68,2050,310677,280709,591386
69,2050,310609,280709,591318
70,2050,310583,280709,591292
71,2050,310117,280695,590812
72,2050,310465,280709,591174
73,2050,310117,280695,590812
74,2050,310117,280695,590812
75,2050,310117,280695,590812
76,2050,310117,280695,590812
77,2050,310117,280695,590812
78,2050,315901,306651,622552
79,2050,316557,307162,623719
80,2050,319112,306085,625197
81,2050,317302,305907,623209
82,2050,317302,305907,623209
83,2050,317302,305907,623209
84,2050,317302,305907,623209
85,2050,317302,305907,623209
86,2050,317302,305907,623209
87,2050,317302,305907,623209
88,2050,317302,305907,623209
89,2050,317302,305907,623209
90,2050,317302,305907,623209
91,2050,317302,305907,623209
92,2050,317302,305907,623209
93,2050,317302,305907,623209
94,2050,317302,305907,623209
95,2050,317302,305907,623209
96,2050,317302,305907,623209
97,2050,317302,305907,623209
98,2050,317302,305907,623209
99,2050,317302,305907,623209
100,2050,317302,305907,623209
0,2051,292160,275407,567567
1,2051,292160,275407,567567
2,2051,292156,275407,567563
3,2051,292317,275433,567750
4,2051,292459,275435,567894
5,2051,292604,275460,568064
6,2051,292715,275538,568253
7,2051,292699,275529,568228
8,2051,292688,275503,568191
9,2051,292689,275485,568174
10,2051,292704,275551,568255
11,2051,292828,275972,568800
12,2051,293342,276256,569598
13,2051,293719,276375,570094
14,2051,293758,276281,570039
15,2051,293823,276272,570095
16,2051,294123,276355,570478
17,2051,294561,276410,570971
18,2051,295789,276733,572522
19,2051,296731,278188,574919
20,2051,296795,278225,575020
21,2051,296833,278284,575117
22,2051,296862,278532,575394
23,2051,296890,278545,575435
24,2051,296890,278545,575435
25,2051,296890,278545,575435
26,2051,296890,278545,575435
27,2051,296890,278545,575435
28,2051,296890,278545,575435
29,2051,296890,278545,575435
30,2051,296890,278545,575435
31,2051,296890,278545,575435
32,2051,296890,278545,575435
33,2051,296890,278545,575435
34,2051,296890,278545,575435
35,2051,296890,278545,575435
36,2051,296890,278545,575435
37,2051,296890,278545,575435
38,2051,296890,278545,575435
39,2051,296890,278545,575435
40,2051,296890,278545,575435
41,2051,296890,278545,575435
42,2051,296890,278545,575435
43,2051,296890,278545,575435
44,2051,296890,278545,575435
45,2051,296890,278545,575435
46,2051,296881,278545,575426
47,2051,296873,278545,575418
48,2051,296873,278545,575418
49,2051,296873,278545,575418
50,2051,296873,278545,575418
51,2051,296873,278595,575468
52,2051,296873,278595,575468
53,2051,296873,278595,575468
54,2051,296873,278595,575468
55,2051,296873,278595,575468
56,2051,296873,278595,575468
57,2051,296873,278595,575468
58,2051,296873,278595,575468
59,2051,296873,278595,575468
60,2051,296873,278595,575468
61,2051,296873,278595,575468
62,2051,296873,278595,575468
63,2051,296873,278595,575468
64,2051,296825,278595,575420
65,2051,296825,278595,575420
66,2051,296738,278595,575333
67,2051,296738,278595,575333
68,2051,296472,278595,575067
69,2051,296377,278595,574972
70,2051,296237,278595,574832
71,2051,295800,278595,574395
72,2051,295800,278595,574395
73,2051,295461,278595,574056
74,2051,295423,278595,574018
75,2051,295423,278595,574018
76,2051,295423,278595,574018
77,2051,295423,278595,574018
78,2051,295423,279554,574977
79,2051,295423,279363,574786
80,2051,295423,279614,575037
81,2051,295423,279743,575166
82,2051,295423,279743,575166
83,2051,295423,279743,575166
84,2051,295423,279743,575166
85,2051,295423,279743,575166
86,2051,295423,279743,575166
87,2051,295423,279743,575166
88,2051,295423,279743,575166
89,2051,295423,279743,575166
90,2051,295423,279743,575166
91,2051,295423,279743,575166
92,2051,295423,279743,575166
93,2051,295423,279743,575166
94,2051,295423,279743,575166
95,2051,295423,279743,575166
96,2051,295423,279743,575166
97,2051,295423,279743,575166
98,2051,295423,279743,575166
99,2051,295423,279743,575166
100,2051,295423,279743,575166
0,2051,292266,275259,567525
1,2051,292266,275259,567525
2,2051,292259,275259,567518
3,2051,292436,275274,567710
4,2051,292615,275193,567808
5,2051,292741,275299,568040
6,2051,292868,275406,568274
7,2051,292842,275390,568232
8,2051,292820,275364,568184
9,2051,292815,275344,568159
10,2051,292810,275474,568284
11,2051,292862,275699,568561
12,2051,293184,275754,568938
13,2051,293704,275708,569412
14,2051,293937,275800,569737
15,2051,294124,275792,569916
16,2051,294466,275859,570325
17,2051,295672,275850,571522
18,2051,297964,276497,574461
19,2051,298821,278322,577143
20,2051,299958,278491,578449
21,2051,300126,278538,578664
22,2051,300128,279006,579134
23,2051,300136,279020,579156
24,2051,300136,279020,579156
25,2051,300136,279020,579156
26,2051,300136,279020,579156
27,2051,300136,279020,579156
28,2051,300136,279020,579156
29,2051,300136,279020,579156
30,2051,300136,279020,579156
31,2051,300136,279020,579156
32,2051,300136,279020,579156
33,2051,300136,279020,579156
34,2051,300136,279020,579156
35,2051,300136,279020,579156
36,2051,300136,279020,579156
37,2051,300136,279020,579156
38,2051,300136,279020,579156
39,2051,300136,279020,579156
40,2051,300136,279020,579156
41,2051,300136,279020,579156
42,2051,300136,279020,579156
43,2051,300136,279020,579156
44,2051,300538,279020,579558
45,2051,300538,279020,579558
46,2051,300536,279020,579556
47,2051,300528,279020,579548
48,2051,300528,279020,579548
49,2051,300528,279020,579548
50,2051,300528,279020,579548
51,2051,300528,279059,579587
52,2051,300528,279059,579587
53,2051,300528,279059,579587
54,2051,300528,279059,579587
55,2051,300528,279059,579587
56,2051,300528,279059,579587
57,2051,300528,279059,579587
58,2051,300528,279059,579587
59,2051,300528,279059,579587
60,2051,300528,279059,579587
61,2051,300528,279059,579587
62,2051,300528,279059,579587
63,2051,300528,279059,579587
64,2051,300557,279059,579616
65,2051,300557,279059,579616
66,2051,300066,279059,579125
67,2051,300008,279059,579067
68,2051,299613,279059,578672
69,2051,299663,279059,578722
70,2051,299415,279037,578452
71,2051,298888,279037,577925
72,2051,298782,279037,577819
73,2051,298283,278963,577246
74,2051,298238,278963,577201
75,2051,298238,278963,577201
76,2051,298238,278963,577201
77,2051,298238,278963,577201
78,2051,298344,280269,578613
79,2051,298259,280078,578337
80,2051,298344,280826,579170
81,2051,298338,280568,578906
82,2051,298338,280568,578906
83,2051,298338,280568,578906
84,2051,298338,280568,578906
85,2051,298338,280568,578906
86,2051,298338,280568,578906
87,2051,298338,280568,578906
88,2051,298338,280568,578906
89,2051,298338,280568,578906
90,2051,298338,280568,578906
91,2051,298338,280568,578906
92,2051,298338,280568,578906
93,2051,298338,280568,578906
94,2051,298338,280568,578906
95,2051,298338,280568,578906
96,2051,298338,280568,578906
97,2051,298338,280568,578906
98,2051,298338,280568,578906
99,2051,298338,280568,578906
100,2051,298338,280568,578906
0,2051,292274,275413,567687
1,2051,292274,275413,567687
2,2051,292266,275413,567679
3,2051,292417,275347,567764
4,2051,292716,275394,568110
5,2051,292856,275450,568306
6,2051,292910,275526,568436
7,2051,292866,275510,568376
8,2051,292838,275471,568309
9,2051,292865,275477,568342
10,2051,292819,275561,568380
11,2051,292909,275804,568713
12,2051,293366,276259,569625
13,2051,294527,276216,570743
14,2051,294776,276418,571194
15,2051,295034,276413,571447
16,2051,296135,276482,572617
17,2051,297419,276524,573943
18,2051,299982,276890,576872
19,2051,300697,278092,578789
20,2051,300794,278561,579355
21,2051,301474,278636,580110
22,2051,301310,278941,580251
23,2051,301326,278955,580281
24,2051,301326,278955,580281
25,2051,301326,278955,580281
26,2051,301326,278955,580281
27,2051,301326,278955,580281
28,2051,301326,278955,580281
29,2051,301326,278955,580281
30,2051,301326,278955,580281
31,2051,301326,278955,580281
32,2051,301326,278955,580281
33,2051,301326,278955,580281
34,2051,301326,278955,580281
35,2051,301326,278955,580281
36,2051,301326,278955,580281
37,2051,301326,278955,580281
38,2051,301326,278955,580281
39,2051,301326,278955,580281
40,2051,301326,278955,580281
41,2051,301326,278955,580281
42,2051,301326,278955,580281
43,2051,301333,278955,580288
44,2051,303077,279111,582188
45,2051,303077,279111,582188
46,2051,302118,279111,581229
47,2051,302109,279111,581220
48,2051,302109,279111,581220
49,2051,302109,279111,581220
50,2051,302109,279111,581220
51,2051,302109,279149,581258
52,2051,302109,279149,581258
53,2051,302109,279149,581258
54,2051,302109,279149,581258
55,2051,302109,279149,581258
56,2051,302109,279149,581258
57,2051,302109,279149,581258
58,2051,302109,279149,581258
59,2051,302109,279149,581258
60,2051,302109,279149,581258
61,2051,302109,279149,581258
62,2051,302109,279149,581258
63,2051,302109,279149,581258
64,2051,303056,279149,582205
65,2051,303056,279149,582205
66,2051,301751,278994,580745
67,2051,301764,278926,580690
68,2051,301625,278926,580551
69,2051,301693,278926,580619
70,2051,301698,278926,580624
71,2051,302699,279051,581750
72,2051,302614,279051,581665
73,2051,301717,279129,580846
74,2051,301717,279129,580846
75,2051,301717,279129,580846
76,2051,301717,279129,580846
77,2051,301717,279129,580846
78,2051,301618,283834,585452
79,2051,301588,283520,585108
80,2051,301523,283856,585379
81,2051,301545,283856,585401
82,2051,301545,283856,585401
83,2051,301545,283856,585401
84,2051,301545,283856,585401
85,2051,301545,283856,585401
86,2051,301545,283856,585401
87,2051,301545,283856,585401
88,2051,301545,283856,585401
89,2051,301545,283856,585401
90,2051,301545,283856,585401
91,2051,301545,283856,585401
92,2051,301545,283856,585401
93,2051,301545,283856,585401
94,2051,301545,283856,585401
95,2051,301545,283856,585401
96,2051,301545,283856,585401
97,2051,301545,283856,585401
98,2051,301545,283856,585401
99,2051,301545,283856,585401
100,2051,301545,283856,585401
0,2051,292099,274901,567000
1,2051,292099,274901,567000
2,2051,292091,274901,566992
3,2051,292300,274901,567201
4,2051,292463,274931,567394
5,2051,292518,274983,567501
6,2051,292615,275035,567650
7,2051,292607,275057,567664
8,2051,292601,275043,567644
9,2051,292574,275024,567598
10,2051,292549,275055,567604
11,2051,292624,275339,567963
12,2051,293047,275490,568537
13,2051,294584,275590,570174
14,2051,295239,275679,570918
15,2051,297561,275661,573222
16,2051,296031,275360,571391
17,2051,298511,275281,573792
18,2051,300960,276311,577271
19,2051,318140,278178,596318
20,2051,318570,278704,597274
21,2051,307169,279147,586316
22,2051,306963,279195,586158
23,2051,307025,279209,586234
24,2051,307025,279209,586234
25,2051,307025,279209,586234
26,2051,307025,279209,586234
27,2051,307025,279209,586234
28,2051,307025,279209,586234
29,2051,307025,279209,586234
30,2051,307025,279209,586234
31,2051,307025,279209,586234
32,2051,307025,279209,586234
33,2051,307025,279209,586234
34,2051,307025,279209,586234
35,2051,307025,279209,586234
36,2051,307025,279209,586234
37,2051,307025,279209,586234
38,2051,307025,279209,586234
39,2051,307025,279209,586234
40,2051,307025,279209,586234
41,2051,307025,279209,586234
42,2051,307025,279209,586234
43,2051,307025,279209,586234
44,2051,309401,279433,588834
45,2051,309401,279433,588834
46,2051,308138,279364,587502
47,2051,308207,279364,587571
48,2051,308207,279364,587571
49,2051,308207,279364,587571
50,2051,308207,279364,587571
51,2051,308198,279402,587600
52,2051,308198,279402,587600
53,2051,308198,279402,587600
54,2051,308198,279402,587600
55,2051,308198,279402,587600
56,2051,308198,279402,587600
57,2051,308198,279402,587600
58,2051,308198,279402,587600
59,2051,308198,279402,587600
60,2051,308198,279402,587600
61,2051,308198,279402,587600
62,2051,308198,279402,587600
63,2051,308198,279402,587600
64,2051,309449,279472,588921
65,2051,309538,279472,589010
66,2051,307947,279400,587347
67,2051,308227,279400,587627
68,2051,307618,279138,586756
69,2051,307735,279232,586967
70,2051,307742,279123,586865
71,2051,309127,279187,588314
72,2051,308751,279129,587880
73,2051,307179,279129,586308
74,2051,307179,279129,586308
75,2051,307179,279129,586308
76,2051,307179,279129,586308
77,2051,307179,279129,586308
78,2051,306934,286413,593347
79,2051,306862,284996,591858
80,2051,306855,286432,593287
81,2051,306855,286432,593287
82,2051,306855,286432,593287
83,2051,306855,286432,593287
84,2051,306855,286432,593287
85,2051,306855,286432,593287
86,2051,306855,286432,593287
87,2051,306855,286432,593287
88,2051,306855,286432,593287
89,2051,306855,286432,593287
90,2051,306855,286432,593287
91,2051,306855,286432,593287
92,2051,306855,286432,593287
93,2051,306855,286432,593287
94,2051,306855,286432,593287
95,2051,306855,286432,593287
96,2051,306855,286432,593287
97,2051,306855,286432,593287
98,2051,306855,286432,593287
99,2051,306855,286432,593287
100,2051,306855,286432,593287
0,2051,292414,276267,568681
1,2051,292414,276267,568681
2,2051,292410,276267,568677
3,2051,292524,276267,568791
4,2051,292770,276374,569144
5,2051,292782,276405,569187
6,2051,292777,275836,568613
7,2051,292789,275833,568622
8,2051,292809,276105,568914
9,2051,292817,276218,569035
10,2051,292752,276008,568760
11,2051,292786,276013,568799
12,2051,292637,275836,568473
13,2051,294207,275567,569774
14,2051,297544,275452,572996
15,2051,296712,275491,572203
16,2051,295873,275344,571217
17,2051,298696,275638,574334
18,2051,308040,277244,585284
19,2051,310244,279250,589494
20,2051,310992,279343,590335
21,2051,309447,279369,588816
22,2051,309498,279517,589015
23,2051,309548,279517,589065
24,2051,309548,279517,589065
25,2051,309548,279517,589065
26,2051,309548,279517,589065
27,2051,309548,279517,589065
28,2051,309548,279517,589065
29,2051,309548,279517,589065
30,2051,309548,279517,589065
31,2051,309548,279517,589065
32,2051,309548,279517,589065
33,2051,309548,279517,589065
34,2051,309548,279517,589065
35,2051,309548,279517,589065
36,2051,309548,279517,589065
37,2051,309933,279517,589450
38,2051,309933,279517,589450
39,2051,309933,279517,589450
40,2051,309933,279517,589450
41,2051,309933,279517,589450
42,2051,309933,279517,589450
43,2051,309933,279517,589450
44,2051,311218,279445,590663
45,2051,311218,279445,590663
46,2051,311078,279485,590563
47,2051,311078,279485,590563
48,2051,311078,279485,590563
49,2051,311078,279485,590563
50,2051,311078,279485,590563
51,2051,311087,279523,590610
52,2051,311087,279523,590610
53,2051,311087,279523,590610
54,2051,311087,279523,590610
55,2051,311087,279523,590610
56,2051,311087,279523,590610
57,2051,311087,279523,590610
58,2051,311087,279523,590610
59,2051,311087,279523,590610
60,2051,311087,279523,590610
61,2051,311087,279523,590610
62,2051,311087,279523,590610
63,2051,311197,279523,590720
64,2051,311402,279483,590885
65,2051,311494,279483,590977
66,2051,311142,279522,590664
67,2051,311181,279522,590703
68,2051,310276,279498,589774
69,2051,310326,279498,589824
70,2051,310257,279585,589842
71,2051,310672,279598,590270
72,2051,310683,279572,590255
73,2051,309854,279579,589433
74,2051,309854,279579,589433
75,2051,309854,279579,589433
76,2051,309854,279579,589433
77,2051,309854,279579,589433
78,2051,309223,297053,606276
79,2051,309182,295170,604352
80,2051,309215,297002,606217
81,2051,309223,297359,606582
82,2051,309223,297359,606582
83,2051,309223,297359,606582
84,2051,309223,297359,606582
85,2051,309223,297359,606582
86,2051,309223,297359,606582
87,2051,309223,297359,606582
88,2051,309223,297359,606582
89,2051,309223,297359,606582
90,2051,309223,297359,606582
91,2051,309223,297359,606582
92,2051,309223,297359,606582
93,2051,309223,297359,606582
94,2051,309223,297359,606582
95,2051,309223,297359,606582
96,2051,309223,297359,606582
97,2051,309223,297359,606582
98,2051,309223,297359,606582
99,2051,309223,297359,606582
100,2051,309223,297359,606582
0,2051,290839,275033,565872
1,2051,290839,275033,565872
2,2051,290835,275033,565868
3,2051,290937,275233,566170
4,2051,291005,274937,565942
5,2051,291046,275155,566201
6,2051,292232,276240,568472
7,2051,292199,276233,568432
8,2051,291249,275661,566910
9,2051,291199,275601,566800
10,2051,292123,276191,568314
11,2051,292361,276048,568409
12,2051,293171,276060,569231
13,2051,294126,275531,569657
14,2051,296668,275937,572605
15,2051,295244,275388,570632
16,2051,296127,275713,571840
17,2051,298662,276231,574893
18,2051,305162,277907,583069
19,2051,309543,280666,590209
20,2051,310358,280573,590931
21,2051,310236,280007,590243
22,2051,310517,280086,590603
23,2051,310504,280086,590590
24,2051,310504,280086,590590
25,2051,310504,280086,590590
26,2051,310504,280086,590590
27,2051,310504,280086,590590
28,2051,310504,280086,590590
29,2051,310504,280086,590590
30,2051,310504,280086,590590
31,2051,310504,280086,590590
32,2051,310504,280086,590590
33,2051,310504,280086,590590
34,2051,310504,280086,590590
35,2051,310504,280086,590590
36,2051,310504,280086,590590
37,2051,310568,280086,590654
38,2051,310568,280086,590654
39,2051,310568,280086,590654
40,2051,310568,280086,590654
41,2051,310949,280086,591035
42,2051,310949,280086,591035
43,2051,310949,280086,591035
44,2051,311212,280770,591982
45,2051,311212,280770,591982
46,2051,311402,280718,592120
47,2051,311402,280718,592120
48,2051,311402,280718,592120
49,2051,311402,280718,592120
50,2051,311402,280718,592120
51,2051,311402,280757,592159
52,2051,311402,280757,592159
53,2051,311402,280757,592159
54,2051,311402,280757,592159
55,2051,311402,280757,592159
56,2051,311402,280757,592159
57,2051,311402,280757,592159
58,2051,311402,280757,592159
59,2051,311402,280757,592159
60,2051,311402,280757,592159
61,2051,311402,280757,592159
62,2051,311402,280757,592159
63,2051,311500,280757,592257
64,2051,311363,280826,592189
65,2051,311724,280826,592550
66,2051,311611,280757,592368
67,2051,311478,280757,592235
68,2051,311136,280282,591418
69,2051,311224,280386,591610
70,2051,311089,280359,591448
71,2051,311023,280782,591805
72,2051,311415,280757,592172
73,2051,310475,280113,590588
74,2051,310475,280113,590588
75,2051,310475,280113,590588
76,2051,310475,280113,590588
77,2051,310475,280113,590588
78,2051,312080,301426,613506
79,2051,311717,300216,611933
80,2051,312078,301550,613628
81,2051,312097,305369,617466
82,2051,312097,305369,617466
83,2051,312097,305369,617466
84,2051,312097,305369,617466
85,2051,312097,305369,617466
86,2051,312097,305369,617466
87,2051,312097,305369,617466
88,2051,312097,305369,617466
89,2051,312097,305369,617466
90,2051,312097,305369,617466
91,2051,312097,305369,617466
92,2051,312097,305369,617466
93,2051,312097,305369,617466
94,2051,312097,305369,617466
95,2051,312097,305369,617466
96,2051,312097,305369,617466
97,2051,312097,305369,617466
98,2051,312097,305369,617466
99,2051,312097,305369,617466
100,2051,312097,305369,617466
0,2051,289659,274603,564262
1,2051,289659,274603,564262
2,2051,289665,274603,564268
3,2051,290131,274992,565123
4,2051,290075,275018,565093
5,2051,290517,275453,565970
6,2051,291142,275727,566869
7,2051,291129,275727,566856
8,2051,291983,276029,568012
9,2051,291141,275810,566951
10,2051,291146,275616,566762
11,2051,292016,276074,568090
12,2051,292897,276138,569035
13,2051,294262,276019,570281
14,2051,294683,275572,570255
15,2051,297679,275397,573076
16,2051,295993,275946,571939
17,2051,298812,276626,575438
18,2051,303893,278118,582011
19,2051,307392,280296,587688
20,2051,308113,280287,588400
21,2051,310267,280533,590800
22,2051,310619,280734,591353
23,2051,310685,280734,591419
24,2051,310685,280734,591419
25,2051,310685,280734,591419
26,2051,310685,280734,591419
27,2051,310685,280734,591419
28,2051,310685,280734,591419
29,2051,310685,280734,591419
30,2051,310685,280734,591419
31,2051,310685,280734,591419
32,2051,310685,280734,591419
33,2051,310685,280734,591419
34,2051,310685,280734,591419
35,2051,310685,280734,591419
36,2051,310685,280734,591419
37,2051,310706,280734,591440
38,2051,310706,280734,591440
39,2051,310706,280734,591440
40,2051,310706,280734,591440
41,2051,311060,280758,591818
42,2051,311060,280758,591818
43,2051,311060,280758,591818
44,2051,310515,280639,591154
45,2051,310515,280639,591154
46,2051,310557,280639,591196
47,2051,310557,280639,591196
48,2051,310557,280639,591196
49,2051,310557,280639,591196
50,2051,310557,280639,591196
51,2051,310557,280639,591196
52,2051,310557,280639,591196
53,2051,310557,280639,591196
54,2051,310557,280639,591196
55,2051,310557,280639,591196
56,2051,310557,280639,591196
57,2051,310557,280639,591196
58,2051,310557,280639,591196
59,2051,310557,280639,591196
60,2051,310557,280639,591196
61,2051,310557,280639,591196
62,2051,310557,280639,591196
63,2051,310910,280639,591549
64,2051,310761,280639,591400
65,2051,311033,280639,591672
66,2051,311135,280672,591807
67,2051,310932,280639,591571
68,2051,311116,280771,591887
69,2051,311041,280703,591744
70,2051,310992,280666,591658
71,2051,310516,280639,591155
72,2051,310473,280639,591112
73,2051,311008,280697,591705
74,2051,311008,280697,591705
75,2051,311008,280697,591705
76,2051,311008,280697,591705
77,2051,311008,280697,591705
78,2051,314470,302480,616950
79,2051,314144,302411,616555
80,2051,314352,302829,617181
81,2051,316242,304224,620466
82,2051,316242,304224,620466
83,2051,316242,304224,620466
84,2051,316242,304224,620466
85,2051,316242,304224,620466
86,2051,316242,304224,620466
87,2051,316242,304224,620466
88,2051,316242,304224,620466
89,2051,316242,304224,620466
90,2051,316242,304224,620466
91,2051,316242,304224,620466
92,2051,316242,304224,620466
93,2051,316242,304224,620466
94,2051,316242,304224,620466
95,2051,316242,304224,620466
96,2051,316242,304224,620466
97,2051,316242,304224,620466
98,2051,316242,304224,620466
99,2051,316242,304224,620466
100,2051,316242,304224,620466
0,2051,289139,272661,561800
1,2051,289139,272661,561800
2,2051,289140,272661,561801
3,2051,289119,272764,561883
4,2051,289360,272455,561815
5,2051,290329,273837,564166
6,2051,290582,275044,565626
7,2051,290513,275001,565514
8,2051,291822,275327,567149
9,2051,292040,275205,567245
10,2051,290765,275121,565886
11,2051,291646,275629,567275
12,2051,292463,275852,568315
13,2051,293960,275907,569867
14,2051,294086,274870,568956
15,2051,297101,275906,573007
16,2051,295988,275549,571537
17,2051,299178,275915,575093
18,2051,303074,277430,580504
19,2051,305532,280384,585916
20,2051,307797,280492,588289
21,2051,309263,280395,589658
22,2051,309846,280601,590447
23,2051,310066,280601,590667
24,2051,310068,280601,590669
25,2051,310068,280601,590669
26,2051,310068,280601,590669
27,2051,310068,280601,590669
28,2051,310068,280601,590669
29,2051,310068,280601,590669
30,2051,310068,280601,590669
31,2051,310068,280601,590669
32,2051,310068,280601,590669
33,2051,310068,280601,590669
34,2051,310068,280601,590669
35,2051,310068,280601,590669
36,2051,310068,280601,590669
37,2051,310106,280601,590707
38,2051,310106,280601,590707
39,2051,310106,280601,590707
40,2051,310106,280601,590707
41,2051,310504,280601,591105
42,2051,310504,280601,591105
43,2051,310504,280601,591105
44,2051,310371,280615,590986
45,2051,310371,280615,590986
46,2051,310431,280601,591032
47,2051,310431,280601,591032
48,2051,310431,280601,591032
49,2051,310431,280601,591032
50,2051,310431,280601,591032
51,2051,310431,280601,591032
52,2051,310431,280601,591032
53,2051,310431,280601,591032
54,2051,310431,280601,591032
55,2051,310431,280601,591032
56,2051,310431,280601,591032
57,2051,310431,280601,591032
58,2051,310431,280601,591032
59,2051,310431,280601,591032
60,2051,310425,280601,591026
61,2051,310396,280601,590997
62,2051,310384,280601,590985
63,2051,310452,280601,591053
64,2051,310622,280615,591237
65,2051,310565,280615,591180
66,2051,310466,280601,591067
67,2051,310560,280601,591161
68,2051,310503,280601,591104
69,2051,310459,280601,591060
70,2051,310415,280601,591016
71,2051,310321,280601,590922
72,2051,310394,280611,591005
73,2051,310297,280601,590898
74,2051,310297,280601,590898
75,2051,310297,280601,590898
76,2051,310297,280601,590898
77,2051,310297,280601,590898
78,2051,316765,303090,619855
79,2051,316576,303067,619643
80,2051,316701,303735,620436
81,2051,316971,305349,622320
82,2051,316971,305349,622320
83,2051,316971,305349,622320
84,2051,316971,305349,622320
85,2051,316971,305349,622320
86,2051,316971,305349,622320
87,2051,316971,305349,622320
88,2051,316971,305349,622320
89,2051,316971,305349,622320
90,2051,316971,305349,622320
91,2051,316971,305349,622320
92,2051,316971,305349,622320
93,2051,316971,305349,622320
94,2051,316971,305349,622320
95,2051,316971,305349,622320
96,2051,316971,305349,622320
97,2051,316971,305349,622320
98,2051,316971,305349,622320
99,2051,316971,305349,622320
100,2051,316971,305349,622320
0,2051,290394,273022,563416
1,2051,290394,272960,563354
2,2051,290359,272960,563319
3,2051,290259,272886,563145
4,2051,290454,272808,563262
5,2051,291611,274441,566052
6,2051,290844,274238,565082
7,2051,290993,274439,565432
8,2051,292558,275788,568346
9,2051,292683,276220,568903
10,2051,290916,274282,565198
11,2051,292270,275799,568069
12,2051,292527,276121,568648
13,2051,293904,275836,569740
14,2051,293814,275619,569433
15,2051,296491,275550,572041
16,2051,296013,275404,571417
17,2051,300549,276014,576563
18,2051,303703,277256,580959
19,2051,304886,279668,584554
20,2051,307763,280642,588405
21,2051,308577,280432,589009
22,2051,309209,280601,589810
23,2051,309657,280601,590258
24,2051,309658,280601,590259
25,2051,309658,280601,590259
26,2051,309658,280601,590259
27,2051,309658,280601,590259
28,2051,309658,280601,590259
29,2051,309658,280601,590259
30,2051,309658,280601,590259
31,2051,309658,280601,590259
32,2051,309658,280601,590259
33,2051,309658,280601,590259
34,2051,309658,280601,590259
35,2051,309658,280601,590259
36,2051,309658,280601,590259
37,2051,309666,280681,590347
38,2051,309666,280681,590347
39,2051,309666,280681,590347
40,2051,309666,280681,590347
41,2051,310400,280705,591105
42,2051,310400,280705,591105
43,2051,310400,280705,591105
44,2051,310418,280719,591137
45,2051,310418,280719,591137
46,2051,310454,280719,591173
47,2051,310454,280719,591173
48,2051,310454,280719,591173
49,2051,310454,280719,591173
50,2051,310454,280719,591173
51,2051,310454,280719,591173
52,2051,310454,280719,591173
53,2051,310454,280719,591173
54,2051,310454,280719,591173
55,2051,310454,280719,591173
56,2051,310454,280719,591173
57,2051,310454,280719,591173
58,2051,310454,280719,591173
59,2051,310454,280719,591173
60,2051,310454,280719,591173
61,2051,310425,280719,591144
62,2051,310355,280719,591074
63,2051,310557,280719,591276
64,2051,310622,280709,591331
65,2051,310657,280709,591366
66,2051,310551,280719,591270
67,2051,310578,280709,591287
68,2051,310595,280719,591314
69,2051,310527,280719,591246
70,2051,310501,280719,591220
71,2051,310167,280719,590886
72,2051,310365,280719,591084
73,2051,310097,280705,590802
74,2051,310097,280705,590802
75,2051,310097,280705,590802
76,2051,310097,280705,590802
77,2051,310097,280705,590802
78,2051,316031,304649,620680
79,2051,316015,304523,620538
80,2051,316491,304884,621375
81,2051,317021,307179,624200
82,2051,317021,307179,624200
83,2051,317021,307179,624200
84,2051,317021,307179,624200
85,2051,317021,307179,624200
86,2051,317021,307179,624200
87,2051,317021,307179,624200
88,2051,317021,307179,624200
89,2051,317021,307179,624200
90,2051,317021,307179,624200
91,2051,317021,307179,624200
92,2051,317021,307179,624200
93,2051,317021,307179,624200
94,2051,317021,307179,624200
95,2051,317021,307179,624200
96,2051,317021,307179,624200
97,2051,317021,307179,624200
98,2051,317021,307179,624200
99,2051,317021,307179,624200
100,2051,317021,307179,624200
0,2051,291389,273588,564977
1,2051,291361,273588,564949
2,2051,291342,273588,564930
3,2051,290486,273473,563959
4,2051,291427,273538,564965
5,2051,292690,275544,568234
6,2051,291841,274747,566588
7,2051,291918,275199,567117
8,2051,292254,275800,568054
9,2051,291248,275379,566627
10,2051,292120,274848,566968
11,2051,292386,276244,568630
12,2051,292471,275750,568221
13,2051,293842,275635,569477
14,2051,294684,275923,570607
15,2051,295202,274951,570153
16,2051,296309,275544,571853
17,2051,300680,275961,576641
18,2051,306176,277396,583572
19,2051,304844,279082,583926
20,2051,307760,280252,588012
21,2051,308575,280608,589183
22,2051,309265,280695,589960
23,2051,309759,280695,590454
24,2051,309761,280695,590456
25,2051,309761,280695,590456
26,2051,309761,280695,590456
27,2051,309761,280695,590456
28,2051,309761,280695,590456
29,2051,309761,280695,590456
30,2051,309761,280695,590456
31,2051,309761,280695,590456
32,2051,309761,280695,590456
33,2051,309761,280695,590456
34,2051,309761,280695,590456
35,2051,309761,280695,590456
36,2051,309761,280695,590456
37,2051,309760,280695,590455
38,2051,309760,280695,590455
39,2051,309760,280695,590455
40,2051,309760,280695,590455
41,2051,310532,280719,591251
42,2051,310532,280719,591251
43,2051,310532,280719,591251
44,2051,310612,280709,591321
45,2051,310612,280709,591321
46,2051,310612,280709,591321
47,2051,310612,280709,591321
48,2051,310612,280709,591321
49,2051,310612,280709,591321
50,2051,310612,280709,591321
51,2051,310612,280709,591321
52,2051,310612,280709,591321
53,2051,310612,280709,591321
54,2051,310612,280709,591321
55,2051,310612,280709,591321
56,2051,310612,280709,591321
57,2051,310612,280709,591321
58,2051,310612,280709,591321
59,2051,310612,280709,591321
60,2051,310612,280709,591321
61,2051,310583,280709,591292
62,2051,310342,280719,591061
63,2051,310663,280709,591372
64,2051,310791,280709,591500
65,2051,310817,280709,591526
66,2051,310711,280709,591420
67,2051,310719,280709,591428
68,2051,310627,280709,591336
69,2051,310569,280709,591278
70,2051,310553,280709,591262
71,2051,310114,280719,590833
72,2051,310402,280719,591121
73,2051,310099,280695,590794
74,2051,310099,280695,590794
75,2051,310099,280695,590794
76,2051,310099,280695,590794
77,2051,310099,280695,590794
78,2051,316416,306500,622916
79,2051,316414,306851,623265
80,2051,317112,306603,623715
81,2051,320548,305311,625859
82,2051,320548,305311,625859
83,2051,320548,305311,625859
84,2051,320548,305311,625859
85,2051,320548,305311,625859
86,2051,320548,305311,625859
87,2051,320548,305311,625859
88,2051,320548,305311,625859
89,2051,320548,305311,625859
90,2051,320548,305311,625859
91,2051,320548,305311,625859
92,2051,320548,305311,625859
93,2051,320548,305311,625859
94,2051,320548,305311,625859
95,2051,320548,305311,625859
96,2051,320548,305311,625859
97,2051,320548,305311,625859
98,2051,320548,305311,625859
99,2051,320548,305311,625859
100,2051,320548,305311,625859
0,2051,292751,275522,568273
1,2051,292768,275518,568286
2,2051,292769,275518,568287
3,2051,291789,274356,566145
4,2051,293025,274710,567735
5,2051,292813,276399,569212
6,2051,292765,276223,568988
7,2051,292672,276268,568940
8,2051,292330,276276,568606
9,2051,291393,275989,567382
10,2051,292673,276157,568830
11,2051,291584,275622,567206
12,2051,292581,275830,568411
13,2051,294134,275933,570067
14,2051,295041,276344,571385
15,2051,297727,275310,573037
16,2051,296109,275747,571856
17,2051,313874,275931,589805
18,2051,305144,277547,582691
19,2051,305947,279202,585149
20,2051,308539,280233,588772
21,2051,309150,280634,589784
22,2051,309340,280727,590067
23,2051,309735,280695,590430
24,2051,309736,280695,590431
25,2051,309736,280695,590431
26,2051,309736,280695,590431
27,2051,309736,280695,590431
28,2051,309736,280695,590431
29,2051,309736,280695,590431
30,2051,309736,280695,590431
31,2051,309736,280695,590431
32,2051,309736,280695,590431
33,2051,309736,280695,590431
34,2051,309736,280695,590431
35,2051,309736,280695,590431
36,2051,309736,280695,590431
37,2051,309736,280695,590431
38,2051,309736,280695,590431
39,2051,309736,280695,590431
40,2051,309736,280695,590431
41,2051,310615,280709,591324
42,2051,310615,280709,591324
43,2051,310615,280709,591324
44,2051,310580,280709,591289
45,2051,310580,280709,591289
46,2051,310589,280709,591298
47,2051,310589,280709,591298
48,2051,310589,280709,591298
49,2051,310589,280709,591298
50,2051,310589,280709,591298
51,2051,310589,280709,591298
52,2051,310589,280709,591298
53,2051,310589,280709,591298
54,2051,310589,280709,591298
55,2051,310589,280709,591298
56,2051,310589,280709,591298
57,2051,310589,280709,591298
58,2051,310589,280709,591298
59,2051,310589,280709,591298
60,2051,310589,280709,591298
61,2051,310560,280709,591269
62,2051,310362,280719,591081
63,2051,310688,280709,591397
64,2051,310777,280709,591486
65,2051,310815,280709,591524
66,2051,310706,280709,591415
67,2051,310743,280709,591452
68,2051,310757,280709,591466
69,2051,310692,280709,591401
70,2051,310676,280709,591385
71,2051,310183,280695,590878
72,2051,310549,280719,591268
73,2051,310133,280695,590828
74,2051,310133,280695,590828
75,2051,310133,280695,590828
76,2051,310133,280695,590828
77,2051,310133,280695,590828
78,2051,319143,305453,624596
79,2051,319327,305676,625003
80,2051,319274,305068,624342
81,2051,318978,306401,625379
82,2051,318978,306401,625379
83,2051,318978,306401,625379
84,2051,318978,306401,625379
85,2051,318978,306401,625379
86,2051,318978,306401,625379
87,2051,318978,306401,625379
88,2051,318978,306401,625379
89,2051,318978,306401,625379
90,2051,318978,306401,625379
91,2051,318978,306401,625379
92,2051,318978,306401,625379
93,2051,318978,306401,625379
94,2051,318978,306401,625379
95,2051,318978,306401,625379
96,2051,318978,306401,625379
97,2051,318978,306401,625379
98,2051,318978,306401,625379
99,2051,318978,306401,625379
100,2051,318978,306401,625379
0,2051,292327,275510,567837
1,2051,292327,275659,567986
2,2051,292320,275647,567967
3,2051,292875,275527,568402
4,2051,292828,275721,568549
5,2051,291154,274409,565563
6,2051,291431,275516,566947
7,2051,291405,275336,566741
8,2051,290990,275061,566051
9,2051,292128,275695,567823
10,2051,291559,275769,567328
11,2051,291377,275586,566963
12,2051,293155,276000,569155
13,2051,294189,275958,570147
14,2051,295769,275717,571486
15,2051,297153,275649,572802
16,2051,295944,275372,571316
17,2051,307331,276682,584013
18,2051,304499,277441,581940
19,2051,307335,279222,586557
20,2051,309367,280247,589614
21,2051,309425,280514,589939
22,2051,309452,280752,590204
23,2051,309762,280695,590457
24,2051,309764,280695,590459
25,2051,309764,280695,590459
26,2051,309764,280695,590459
27,2051,309764,280695,590459
28,2051,309764,280695,590459
29,2051,309764,280695,590459
30,2051,309764,280695,590459
31,2051,309764,280695,590459
32,2051,309764,280695,590459
33,2051,309764,280695,590459
34,2051,309764,280695,590459
35,2051,309764,280695,590459
36,2051,309764,280695,590459
37,2051,309738,280695,590433
38,2051,309738,280695,590433
39,2051,309738,280695,590433
40,2051,309738,280695,590433
41,2051,310581,280709,591290
42,2051,310581,280709,591290
43,2051,310581,280709,591290
44,2051,310522,280709,591231
45,2051,310522,280709,591231
46,2051,310522,280709,591231
47,2051,310522,280709,591231
48,2051,310522,280709,591231
49,2051,310522,280709,591231
50,2051,310522,280709,591231
51,2051,310522,280709,591231
52,2051,310522,280709,591231
53,2051,310522,280709,591231
54,2051,310522,280709,591231
55,2051,310522,280709,591231
56,2051,310522,280709,591231
57,2051,310522,280709,591231
58,2051,310522,280709,591231
59,2051,310522,280709,591231
60,2051,310522,280709,591231
61,2051,310493,280709,591202
62,2051,310500,280719,591219
63,2051,310622,280709,591331
64,2051,310711,280709,591420
65,2051,310854,280709,591563
66,2051,310736,280709,591445
67,2051,310677,280709,591386
68,2051,310743,280709,591452
69,2051,310668,280709,591377
70,2051,310642,280709,591351
71,2051,310117,280719,590836
72,2051,310404,280709,591113
73,2051,310176,280695,590871
74,2051,310176,280695,590871
75,2051,310176,280695,590871
76,2051,310176,280695,590871
77,2051,310176,280695,590871
78,2051,317218,306629,623847
79,2051,317604,306070,623674
80,2051,317715,306312,624027
81,2051,319435,304795,624230
82,2051,319435,304795,624230
83,2051,319435,304795,624230
84,2051,319435,304795,624230
85,2051,319435,304795,624230
86,2051,319435,304795,624230
87,2051,319435,304795,624230
88,2051,319435,304795,624230
89,2051,319435,304795,624230
90,2051,319435,304795,624230
91,2051,319435,304795,624230
92,2051,319435,304795,624230
93,2051,319435,304795,624230
94,2051,319435,304795,624230
95,2051,319435,304795,624230
96,2051,319435,304795,624230
97,2051,319435,304795,624230
98,2051,319435,304795,624230
99,2051,319435,304795,624230
100,2051,319435,304795,624230
0,2051,292237,275533,567770
1,2051,292258,275489,567747
2,2051,292255,275489,567744
3,2051,292520,275565,568085
4,2051,292646,275922,568568
5,2051,290941,274761,565702
6,2051,291650,275540,567190
7,2051,291571,275602,567173
8,2051,290150,274568,564718
9,2051,292443,275886,568329
10,2051,291915,275595,567510
11,2051,292561,275926,568487
12,2051,293011,276402,569413
13,2051,293947,275772,569719
14,2051,294479,275523,570002
15,2051,297722,275788,573510
16,2051,296132,275359,571491
17,2051,303346,276680,580026
18,2051,304374,277451,581825
19,2051,307952,279352,587304
20,2051,309700,280525,590225
21,2051,308980,280464,589444
22,2051,309470,280601,590071
23,2051,309775,280616,590391
24,2051,309777,280616,590393
25,2051,309777,280616,590393
26,2051,309777,280616,590393
27,2051,309777,280616,590393
28,2051,309777,280616,590393
29,2051,309777,280616,590393
30,2051,309777,280616,590393
31,2051,309777,280616,590393
32,2051,309777,280616,590393
33,2051,309777,280616,590393
34,2051,309777,280616,590393
35,2051,309777,280616,590393
36,2051,309777,280616,590393
37,2051,309777,280616,590393
38,2051,309777,280616,590393
39,2051,309777,280616,590393
40,2051,309777,280616,590393
41,2051,310522,280709,591231
42,2051,310522,280709,591231
43,2051,310522,280709,591231
44,2051,310523,280709,591232
45,2051,310523,280709,591232
46,2051,310523,280709,591232
47,2051,310523,280709,591232
48,2051,310523,280709,591232
49,2051,310523,280709,591232
50,2051,310523,280709,591232
51,2051,310523,280709,591232
52,2051,310523,280709,591232
53,2051,310523,280709,591232
54,2051,310523,280709,591232
55,2051,310523,280709,591232
56,2051,310523,280709,591232
57,2051,310523,280709,591232
58,2051,310523,280709,591232
59,2051,310523,280709,591232
60,2051,310523,280709,591232
61,2051,310494,280709,591203
62,2051,310481,280709,591190
63,2051,310622,280709,591331
64,2051,310711,280709,591420
65,2051,310728,280709,591437
66,2051,310677,280709,591386
67,2051,310677,280709,591386
68,2051,310677,280709,591386
69,2051,310602,280709,591311
70,2051,310576,280709,591285
71,2051,310117,280695,590812
72,2051,310481,280719,591200
73,2051,310143,280719,590862
74,2051,310143,280719,590862
75,2051,310143,280719,590862
76,2051,310143,280719,590862
77,2051,310143,280719,590862
78,2051,319280,304872,624152
79,2051,317218,306403,623621
80,2051,318885,305538,624423
81,2051,315816,304901,620717
82,2051,315816,304901,620717
83,2051,315816,304901,620717
84,2051,315816,304901,620717
85,2051,315816,304901,620717
86,2051,315816,304901,620717
87,2051,315816,304901,620717
88,2051,315816,304901,620717
89,2051,315816,304901,620717
90,2051,315816,304901,620717
91,2051,315816,304901,620717
92,2051,315816,304901,620717
93,2051,315816,304901,620717
94,2051,315816,304901,620717
95,2051,315816,304901,620717
96,2051,315816,304901,620717
97,2051,315816,304901,620717
98,2051,315816,304901,620717
99,2051,315816,304901,620717
100,2051,315816,304901,620717
0,2051,292050,274642,566692
1,2051,291992,274566,566558
2,2051,292049,274566,566615
3,2051,292288,275393,567681
4,2051,292350,275433,567783
5,2051,291665,275418,567083
6,2051,292616,275683,568299
7,2051,292591,275714,568305
8,2051,289388,272724,562112
9,2051,292120,275796,567916
10,2051,292494,275697,568191
11,2051,292571,276455,569026
12,2051,292461,275605,568066
13,2051,293891,275625,569516
14,2051,294576,275565,570141
15,2051,296947,275357,572304
16,2051,296197,275623,571820
17,2051,302139,276579,578718
18,2051,304368,277408,581776
19,2051,309074,279536,588610
20,2051,308796,280425,589221
21,2051,308818,280514,589332
22,2051,309431,280601,590032
23,2051,309749,280616,590365
24,2051,309751,280616,590367
25,2051,309751,280616,590367
26,2051,309751,280616,590367
27,2051,309751,280616,590367
28,2051,309751,280616,590367
29,2051,309751,280616,590367
30,2051,309751,280616,590367
31,2051,309751,280616,590367
32,2051,309751,280616,590367
33,2051,309751,280616,590367
34,2051,309751,280616,590367
35,2051,309751,280616,590367
36,2051,309751,280616,590367
37,2051,309751,280616,590367
38,2051,309751,280616,590367
39,2051,309751,280616,590367
40,2051,309751,280616,590367
41,2051,310523,280709,591232
42,2051,310523,280709,591232
43,2051,310523,280709,591232
44,2051,310523,280709,591232
45,2051,310523,280709,591232
46,2051,310523,280709,591232
47,2051,310523,280709,591232
48,2051,310523,280709,591232
49,2051,310523,280709,591232
50,2051,310523,280709,591232
51,2051,310523,280709,591232
52,2051,310523,280709,591232
53,2051,310523,280709,591232
54,2051,310523,280709,591232
55,2051,310523,280709,591232
56,2051,310523,280709,591232
57,2051,310523,280709,591232
58,2051,310523,280709,591232
59,2051,310523,280709,591232
60,2051,310523,280709,591232
61,2051,310502,280709,591211
62,2051,310533,280709,591242
63,2051,310629,280709,591338
64,2051,310711,280709,591420
65,2051,310748,280709,591457
66,2051,310677,280709,591386
67,2051,310677,280709,591386
68,2051,310677,280709,591386
69,2051,310602,280709,591311
70,2051,310576,280709,591285
71,2051,310117,280695,590812
72,2051,310465,280709,591174
73,2051,310117,280719,590836
74,2051,310117,280719,590836
75,2051,310117,280719,590836
76,2051,310117,280719,590836
77,2051,310117,280719,590836
78,2051,317018,305496,622514
79,2051,319763,304916,624679
80,2051,316558,305659,622217
81,2051,315093,304229,619322
82,2051,315093,304229,619322
83,2051,315093,304229,619322
84,2051,315093,304229,619322
85,2051,315093,304229,619322
86,2051,315093,304229,619322
87,2051,315093,304229,619322
88,2051,315093,304229,619322
89,2051,315093,304229,619322
90,2051,315093,304229,619322
91,2051,315093,304229,619322
92,2051,315093,304229,619322
93,2051,315093,304229,619322
94,2051,315093,304229,619322
95,2051,315093,304229,619322
96,2051,315093,304229,619322
97,2051,315093,304229,619322
98,2051,315093,304229,619322
99,2051,315093,304229,619322
100,2051,315093,304229,619322
0,2051,292467,275809,568276
1,2051,292460,275777,568237
2,2051,292457,275777,568234
3,2051,292245,275154,567399
4,2051,292274,275644,567918
5,2051,292620,276606,569226
6,2051,292731,276392,569123
7,2051,292547,276434,568981
8,2051,290424,273014,563438
9,2051,292125,275680,567805
10,2051,292649,276206,568855
11,2051,291627,275325,566952
12,2051,292214,276093,568307
13,2051,294275,275933,570208
14,2051,294898,275677,570575
15,2051,296696,275498,572194
16,2051,296083,275608,571691
17,2051,302392,276114,578506
18,2051,304800,277408,582208
19,2051,308341,280112,588453
20,2051,308246,280444,588690
21,2051,308721,280514,589235
22,2051,309400,280616,590016
23,2051,309775,280616,590391
24,2051,309777,280616,590393
25,2051,309777,280616,590393
26,2051,309777,280616,590393
27,2051,309777,280616,590393
28,2051,309777,280616,590393
29,2051,309777,280616,590393
30,2051,309777,280616,590393
31,2051,309777,280616,590393
32,2051,309777,280616,590393
33,2051,309777,280616,590393
34,2051,309777,280616,590393
35,2051,309777,280616,590393
36,2051,309777,280616,590393
37,2051,309751,280616,590367
38,2051,309751,280616,590367
39,2051,309751,280616,590367
40,2051,309751,280616,590367
41,2051,310523,280709,591232
42,2051,310523,280709,591232
43,2051,310523,280709,591232
44,2051,310523,280709,591232
45,2051,310523,280709,591232
46,2051,310523,280709,591232
47,2051,310523,280709,591232
48,2051,310523,280709,591232
49,2051,310523,280709,591232
50,2051,310523,280709,591232
51,2051,310523,280709,591232
52,2051,310523,280709,591232
53,2051,310523,280709,591232
54,2051,310523,280709,591232
55,2051,310523,280709,591232
56,2051,310523,280709,591232
57,2051,310523,280709,591232
58,2051,310523,280709,591232
59,2051,310523,280709,591232
60,2051,310523,280709,591232
61,2051,310502,280709,591211
62,2051,310490,280709,591199
63,2051,310629,280709,591338
64,2051,310711,280709,591420
65,2051,310728,280709,591437
66,2051,310677,280709,591386
67,2051,310677,280709,591386
68,2051,310677,280709,591386
69,2051,310609,280709,591318
70,2051,310583,280709,591292
71,2051,310117,280695,590812
72,2051,310465,280709,591174
73,2051,310117,280695,590812
74,2051,310117,280695,590812
75,2051,310117,280695,590812
76,2051,310117,280695,590812
77,2051,310117,280695,590812
78,2051,315589,306728,622317
79,2051,317850,304290,622140
80,2051,315286,304700,619986
81,2051,313486,303270,616756
82,2051,313486,303270,616756
83,2051,313486,303270,616756
84,2051,313486,303270,616756
85,2051,313486,303270,616756
86,2051,313486,303270,616756
87,2051,313486,303270,616756
88,2051,313486,303270,616756
89,2051,313486,303270,616756
90,2051,313486,303270,616756
91,2051,313486,303270,616756
92,2051,313486,303270,616756
93,2051,313486,303270,616756
94,2051,313486,303270,616756
95,2051,313486,303270,616756
96,2051,313486,303270,616756
97,2051,313486,303270,616756
98,2051,313486,303270,616756
99,2051,313486,303270,616756
100,2051,313486,303270,616756
0,2051,292071,275839,567910
1,2051,292089,275900,567989
2,2051,292086,275900,567986
3,2051,292381,275949,568330
4,2051,292447,276194,568641
5,2051,291076,274117,565193
6,2051,291032,274854,565886
7,2051,290997,274886,565883
8,2051,291455,273560,565015
9,2051,292220,275875,568095
10,2051,291207,275214,566421
11,2051,291288,275553,566841
12,2051,293021,276358,569379
13,2051,294152,276089,570241
14,2051,295132,275773,570905
15,2051,295672,275405,571077
16,2051,296009,275276,571285
17,2051,303498,276207,579705
18,2051,304580,277399,581979
19,2051,307593,280366,587959
20,2051,308648,280447,589095
21,2051,309185,280529,589714
22,2051,309411,280647,590058
23,2051,309775,280616,590391
24,2051,309777,280624,590401
25,2051,309777,280624,590401
26,2051,309777,280624,590401
27,2051,309777,280624,590401
28,2051,309777,280624,590401
29,2051,309777,280624,590401
30,2051,309777,280624,590401
31,2051,309777,280624,590401
32,2051,309777,280624,590401
33,2051,309777,280624,590401
34,2051,309777,280624,590401
35,2051,309777,280624,590401
36,2051,309777,280624,590401
37,2051,309777,280616,590393
38,2051,309777,280616,590393
39,2051,309777,280616,590393
40,2051,309777,280616,590393
41,2051,310523,280709,591232
42,2051,310523,280709,591232
43,2051,310523,280709,591232
44,2051,310523,280709,591232
45,2051,310523,280709,591232
46,2051,310523,280709,591232
47,2051,310523,280709,591232
48,2051,310523,280709,591232
49,2051,310523,280709,591232
50,2051,310523,280709,591232
51,2051,310523,280709,591232
52,2051,310523,280709,591232
53,2051,310523,280709,591232
54,2051,310523,280709,591232
55,2051,310523,280709,591232
56,2051,310523,280709,591232
57,2051,310523,280709,591232
58,2051,310523,280709,591232
59,2051,310523,280709,591232
60,2051,310523,280709,591232
61,2051,310502,280709,591211
62,2051,310482,280709,591191
63,2051,310622,280709,591331
64,2051,310711,280709,591420
65,2051,310776,280709,591485
66,2051,310677,280709,591386
67,2051,310677,280709,591386
68,2051,310677,280709,591386
69,2051,310609,280709,591318
70,2051,310583,280709,591292
71,2051,310117,280695,590812
72,2051,310465,280709,591174
73,2051,310117,280695,590812
74,2051,310117,280695,590812
75,2051,310117,280695,590812
76,2051,310117,280695,590812
77,2051,310117,280695,590812
78,2051,319253,303696,622949
79,2051,314882,303302,618184
80,2051,314483,304209,618692
81,2051,313400,302807,616207
82,2051,313400,302807,616207
83,2051,313400,302807,616207
84,2051,313400,302807,616207
85,2051,313400,302807,616207
86,2051,313400,302807,616207
87,2051,313400,302807,616207
88,2051,313400,302807,616207
89,2051,313400,302807,616207
90,2051,313400,302807,616207
91,2051,313400,302807,616207
92,2051,313400,302807,616207
93,2051,313400,302807,616207
94,2051,313400,302807,616207
95,2051,313400,302807,616207
96,2051,313400,302807,616207
97,2051,313400,302807,616207
98,2051,313400,302807,616207
99,2051,313400,302807,616207
100,2051,313400,302807,616207
0,2051,291929,276118,568047
1,2051,292050,276184,568234
2,2051,292024,276184,568208
3,2051,292099,275673,567772
4,2051,291120,275219,566339
5,2051,290898,274381,565279
6,2051,290201,274869,565070
7,2051,289966,274416,564382
8,2051,293136,274868,568004
9,2051,292151,275983,568134
10,2051,291191,275417,566608
11,2051,292570,276264,568834
12,2051,292503,275712,568215
13,2051,293667,275662,569329
14,2051,296166,275731,571897
15,2051,295497,275115,570612
16,2051,296079,275458,571537
17,2051,303229,276582,579811
18,2051,304477,277399,581876
19,2051,306568,280199,586767
20,2051,308456,280490,588946
21,2051,309412,280464,589876
22,2051,309419,280647,590066
23,2051,309775,280624,590399
24,2051,309777,280624,590401
25,2051,309777,280624,590401
26,2051,309777,280624,590401
27,2051,309777,280624,590401
28,2051,309777,280624,590401
29,2051,309777,280624,590401
30,2051,309777,280624,590401
31,2051,309777,280624,590401
32,2051,309777,280624,590401
33,2051,309777,280624,590401
34,2051,309777,280624,590401
35,2051,309777,280624,590401
36,2051,309777,280624,590401
37,2051,309777,280624,590401
38,2051,309777,280624,590401
39,2051,309777,280624,590401
40,2051,309777,280624,590401
41,2051,310523,280709,591232
42,2051,310523,280709,591232
43,2051,310523,280709,591232
44,2051,310523,280709,591232
45,2051,310523,280709,591232
46,2051,310523,280709,591232
47,2051,310523,280709,591232
48,2051,310523,280709,591232
49,2051,310523,280709,591232
50,2051,310523,280709,591232
51,2051,310523,280709,591232
52,2051,310523,280709,591232
53,2051,310523,280709,591232
54,2051,310523,280709,591232
55,2051,310523,280709,591232
56,2051,310523,280709,591232
57,2051,310523,280709,591232
58,2051,310523,280709,591232
59,2051,310523,280709,591232
60,2051,310523,280709,591232
61,2051,310502,280709,591211
62,2051,310542,280709,591251
63,2051,310622,280709,591331
64,2051,310711,280709,591420
65,2051,310776,280709,591485
66,2051,310677,280709,591386
67,2051,310677,280709,591386
68,2051,310677,280709,591386
69,2051,310609,280709,591318
70,2051,310583,280709,591292
71,2051,310117,280695,590812
72,2051,310465,280709,591174
73,2051,310117,280695,590812
74,2051,310117,280695,590812
75,2051,310117,280695,590812
76,2051,310117,280695,590812
77,2051,310117,280695,590812
78,2051,315391,302409,617800
79,2051,313281,301886,615167
80,2051,313582,303403,616985
81,2051,313300,302781,616081
82,2051,313300,302781,616081
83,2051,313300,302781,616081
84,2051,313300,302781,616081
85,2051,313300,302781,616081
86,2051,313300,302781,616081
87,2051,313300,302781,616081
88,2051,313300,302781,616081
89,2051,313300,302781,616081
90,2051,313300,302781,616081
91,2051,313300,302781,616081
92,2051,313300,302781,616081
93,2051,313300,302781,616081
94,2051,313300,302781,616081
95,2051,313300,302781,616081
96,2051,313300,302781,616081
97,2051,313300,302781,616081
98,2051,313300,302781,616081
99,2051,313300,302781,616081
100,2051,313300,302781,616081
0,2051,290678,274865,565543
1,2051,290646,274600,565246
2,2051,290646,274600,565246
3,2051,292028,275935,567963
4,2051,290806,274931,565737
5,2051,291693,275335,567028
6,2051,289512,272972,562484
7,2051,289426,272773,562199
8,2051,292970,275895,568865
9,2051,292042,275514,567556
10,2051,292198,275741,567939
11,2051,291715,275941,567656
12,2051,292280,275815,568095
13,2051,293958,275737,569695
14,2051,295390,275951,571341
15,2051,295576,275625,571201
16,2051,296316,275830,572146
17,2051,302965,276281,579246
18,2051,304630,277408,582038
19,2051,305272,279385,584657
20,2051,308843,280475,589318
21,2051,308966,280464,589430
22,2051,309419,280616,590035
23,2051,309775,280616,590391
24,2051,309777,280616,590393
25,2051,309777,280616,590393
26,2051,309777,280616,590393
27,2051,309777,280616,590393
28,2051,309777,280616,590393
29,2051,309777,280616,590393
30,2051,309777,280616,590393
31,2051,309777,280616,590393
32,2051,309777,280616,590393
33,2051,309777,280616,590393
34,2051,309777,280616,590393
35,2051,309777,280616,590393
36,2051,309777,280616,590393
37,2051,309777,280616,590393
38,2051,309777,280616,590393
39,2051,309777,280616,590393
40,2051,309777,280616,590393
41,2051,310523,280709,591232
42,2051,310523,280709,591232
43,2051,310523,280709,591232
44,2051,310523,280709,591232
45,2051,310523,280709,591232
46,2051,310523,280709,591232
47,2051,310523,280709,591232
48,2051,310523,280709,591232
49,2051,310523,280709,591232
50,2051,310523,280709,591232
51,2051,310523,280709,591232
52,2051,310523,280709,591232
53,2051,310523,280709,591232
54,2051,310523,280709,591232
55,2051,310523,280709,591232
56,2051,310523,280709,591232
57,2051,310523,280709,591232
58,2051,310523,280709,591232
59,2051,310523,280709,591232
60,2051,310523,280709,591232
61,2051,310502,280709,591211
62,2051,310490,280709,591199
63,2051,310629,280709,591338
64,2051,310711,280709,591420
65,2051,310776,280709,591485
66,2051,310677,280709,591386
67,2051,310677,280709,591386
68,2051,310677,280709,591386
69,2051,310609,280709,591318
70,2051,310583,280709,591292
71,2051,310117,280695,590812
72,2051,310465,280709,591174
73,2051,310117,280695,590812
74,2051,310117,280695,590812
75,2051,310117,280695,590812
76,2051,310117,280695,590812
77,2051,310117,280695,590812
78,2051,314163,302133,616296
79,2051,313574,301568,615142
80,2051,313325,302887,616212
81,2051,314143,304623,618766
82,2051,314143,304623,618766
83,2051,314143,304623,618766
84,2051,314143,304623,618766
85,2051,314143,304623,618766
86,2051,314143,304623,618766
87,2051,314143,304623,618766
88,2051,314143,304623,618766
89,2051,314143,304623,618766
90,2051,314143,304623,618766
91,2051,314143,304623,618766
92,2051,314143,304623,618766
93,2051,314143,304623,618766
94,2051,314143,304623,618766
95,2051,314143,304623,618766
96,2051,314143,304623,618766
97,2051,314143,304623,618766
98,2051,314143,304623,618766
99,2051,314143,304623,618766
100,2051,314143,304623,618766
0,2051,289630,273527,563157
1,2051,289084,272978,562062
2,2051,289096,272978,562074
3,2051,291944,275546,567490
4,2051,290744,274239,564983
5,2051,292628,276596,569224
6,2051,290215,273130,563345
7,2051,290379,273170,563549
8,2051,292789,275868,568657
9,2051,292007,275599,567606
10,2051,292516,276305,568821
11,2051,291831,275642,567473
12,2051,293193,276213,569406
13,2051,294133,275848,569981
14,2051,294756,275557,570313
15,2051,295875,275849,571724
16,2051,296104,275804,571908
17,2051,302976,276373,579349
18,2051,304434,277399,581833
19,2051,305026,279291,584317
20,2051,308802,280475,589277
21,2051,308820,280514,589334
22,2051,309407,280616,590023
23,2051,309775,280624,590399
24,2051,309777,280624,590401
25,2051,309777,280624,590401
26,2051,309777,280624,590401
27,2051,309777,280624,590401
28,2051,309777,280624,590401
29,2051,309777,280624,590401
30,2051,309777,280624,590401
31,2051,309777,280624,590401
32,2051,309777,280624,590401
33,2051,309777,280624,590401
34,2051,309777,280624,590401
35,2051,309777,280624,590401
36,2051,309777,280624,590401
37,2051,309777,280616,590393
38,2051,309777,280616,590393
39,2051,309777,280616,590393
40,2051,309777,280616,590393
41,2051,310523,280709,591232
42,2051,310523,280709,591232
43,2051,310523,280709,591232
44,2051,310523,280709,591232
45,2051,310523,280709,591232
46,2051,310523,280709,591232
47,2051,310523,280709,591232
48,2051,310523,280709,591232
49,2051,310523,280709,591232
50,2051,310523,280709,591232
51,2051,310523,280709,591232
52,2051,310523,280709,591232
53,2051,310523,280709,591232
54,2051,310523,280709,591232
55,2051,310523,280709,591232
56,2051,310523,280709,591232
57,2051,310523,280709,591232
58,2051,310523,280709,591232
59,2051,310523,280709,591232
60,2051,310523,280709,591232
61,2051,310502,280709,591211
62,2051,310482,280709,591191
63,2051,310629,280709,591338
64,2051,310711,280709,591420
65,2051,310776,280709,591485
66,2051,310677,280709,591386
67,2051,310677,280709,591386
68,2051,310677,280709,591386
69,2051,310609,280709,591318
70,2051,310583,280709,591292
71,2051,310117,280695,590812
72,2051,310465,280709,591174
73,2051,310117,280695,590812
74,2051,310117,280695,590812
75,2051,310117,280695,590812
76,2051,310117,280695,590812
77,2051,310117,280695,590812
78,2051,312824,302255,615079
79,2051,312361,301855,614216
80,2051,313545,304204,617749
81,2051,315175,307024,622199
82,2051,315175,307024,622199
83,2051,315175,307024,622199
84,2051,315175,307024,622199
85,2051,315175,307024,622199
86,2051,315175,307024,622199
87,2051,315175,307024,622199
88,2051,315175,307024,622199
89,2051,315175,307024,622199
90,2051,315175,307024,622199
91,2051,315175,307024,622199
92,2051,315175,307024,622199
93,2051,315175,307024,622199
94,2051,315175,307024,622199
95,2051,315175,307024,622199
96,2051,315175,307024,622199
97,2051,315175,307024,622199
98,2051,315175,307024,622199
99,2051,315175,307024,622199
100,2051,315175,307024,622199
0,2051,289931,272729,562660
1,2051,289934,272911,562845
2,2051,289982,272952,562934
3,2051,292195,275576,567771
4,2051,291187,274432,565619
5,2051,291032,274005,565037
6,2051,290574,273727,564301
7,2051,291554,273847,565401
8,2051,292191,275275,567466
9,2051,292300,275900,568200
10,2051,291218,275119,566337
11,2051,292350,275661,568011
12,2051,292533,276111,568644
13,2051,294243,276045,570288
14,2051,294509,275322,569831
15,2051,295696,275954,571650
16,2051,295745,275365,571110
17,2051,302787,276624,579411
18,2051,304700,277408,582108
19,2051,305830,279172,585002
20,2051,308798,280475,589273
21,2051,308721,280514,589235
22,2051,309400,280616,590016
23,2051,309775,280624,590399
24,2051,309777,280624,590401
25,2051,309777,280624,590401
26,2051,309777,280624,590401
27,2051,309777,280624,590401
28,2051,309777,280624,590401
29,2051,309777,280624,590401
30,2051,309777,280624,590401
31,2051,309777,280624,590401
32,2051,309777,280624,590401
33,2051,309777,280624,590401
34,2051,309777,280624,590401
35,2051,309777,280624,590401
36,2051,309777,280624,590401
37,2051,309777,280624,590401
38,2051,309777,280624,590401
39,2051,309777,280624,590401
40,2051,309777,280624,590401
41,2051,310523,280709,591232
42,2051,310523,280709,591232
43,2051,310523,280709,591232
44,2051,310523,280709,591232
45,2051,310523,280709,591232
46,2051,310523,280709,591232
47,2051,310523,280709,591232
48,2051,310523,280709,591232
49,2051,310523,280709,591232
50,2051,310523,280709,591232
51,2051,310523,280709,591232
52,2051,310523,280709,591232
53,2051,310523,280709,591232
54,2051,310523,280709,591232
55,2051,310523,280709,591232
56,2051,310523,280709,591232
57,2051,310523,280709,591232
58,2051,310523,280709,591232
59,2051,310523,280709,591232
60,2051,310523,280709,591232
61,2051,310502,280709,591211
62,2051,310542,280709,591251
63,2051,310622,280709,591331
64,2051,310711,280709,591420
65,2051,310776,280709,591485
66,2051,310677,280709,591386
67,2051,310677,280709,591386
68,2051,310677,280709,591386
69,2051,310609,280709,591318
70,2051,310583,280709,591292
71,2051,310117,280695,590812
72,2051,310465,280709,591174
73,2051,310117,280695,590812
74,2051,310117,280695,590812
75,2051,310117,280695,590812
76,2051,310117,280695,590812
77,2051,310117,280695,590812
78,2051,314312,303031,617343
79,2051,314087,303226,617313
80,2051,313783,305497,619280
81,2051,319234,305827,625061
82,2051,319234,305827,625061
83,2051,319234,305827,625061
84,2051,319234,305827,625061
85,2051,319234,305827,625061
86,2051,319234,305827,625061
87,2051,319234,305827,625061
88,2051,319234,305827,625061
89,2051,319234,305827,625061
90,2051,319234,305827,625061
91,2051,319234,305827,625061
92,2051,319234,305827,625061
93,2051,319234,305827,625061
94,2051,319234,305827,625061
95,2051,319234,305827,625061
96,2051,319234,305827,625061
97,2051,319234,305827,625061
98,2051,319234,305827,625061
99,2051,319234,305827,625061
100,2051,319234,305827,625061
0,2051,290389,273324,563713
1,2051,290357,273423,563780
2,2051,290327,273499,563826
3,2051,292216,275829,568045
4,2051,292652,275969,568621
5,2051,290429,274160,564589
6,2051,291995,274742,566737
7,2051,293131,275594,568725
8,2051,292310,275603,567913
9,2051,292239,275895,568134
10,2051,291305,275231,566536
11,2051,292658,276470,569128
12,2051,291894,275712,567606
13,2051,293818,275668,569486
14,2051,294959,275664,570623
15,2051,295329,275541,570870
16,2051,296065,275365,571430
17,2051,302452,276309,578761
18,2051,304434,277399,581833
19,2051,307640,279219,586859
20,2051,308797,280475,589272
21,2051,309191,280529,589720
22,2051,309411,280647,590058
23,2051,309775,280624,590399
24,2051,309777,280624,590401
25,2051,309777,280624,590401
26,2051,309777,280624,590401
27,2051,309777,280624,590401
28,2051,309777,280624,590401
29,2051,309777,280624,590401
30,2051,309777,280624,590401
31,2051,309777,280624,590401
32,2051,309777,280624,590401
33,2051,309777,280624,590401
34,2051,309777,280624,590401
35,2051,309777,280624,590401
36,2051,309777,280624,590401
37,2051,309777,280624,590401
38,2051,309777,280624,590401
39,2051,309777,280624,590401
40,2051,309777,280624,590401
41,2051,310523,280709,591232
42,2051,310523,280709,591232
43,2051,310523,280709,591232
44,2051,310523,280709,591232
45,2051,310523,280709,591232
46,2051,310523,280709,591232
47,2051,310523,280709,591232
48,2051,310523,280709,591232
49,2051,310523,280709,591232
50,2051,310523,280709,591232
51,2051,310523,280709,591232
52,2051,310523,280709,591232
53,2051,310523,280709,591232
54,2051,310523,280709,591232
55,2051,310523,280709,591232
56,2051,310523,280709,591232
57,2051,310523,280709,591232
58,2051,310523,280709,591232
59,2051,310523,280709,591232
60,2051,310523,280709,591232
61,2051,310502,280709,591211
62,2051,310490,280709,591199
63,2051,310622,280709,591331
64,2051,310711,280709,591420
65,2051,310776,280709,591485
66,2051,310677,280709,591386
67,2051,310677,280709,591386
68,2051,310677,280709,591386
69,2051,310609,280709,591318
70,2051,310583,280709,591292
71,2051,310117,280695,590812
72,2051,310465,280709,591174
73,2051,310117,280695,590812
74,2051,310117,280695,590812
75,2051,310117,280695,590812
76,2051,310117,280695,590812
77,2051,310117,280695,590812
78,2051,314565,303350,617915
79,2051,315463,303836,619299
80,2051,315597,307591,623188
81,2051,318475,306338,624813
82,2051,318475,306338,624813
83,2051,318475,306338,624813
84,2051,318475,306338,624813
85,2051,318475,306338,624813
86,2051,318475,306338,624813
87,2051,318475,306338,624813
88,2051,318475,306338,624813
89,2051,318475,306338,624813
90,2051,318475,306338,624813
91,2051,318475,306338,624813
92,2051,318475,306338,624813
93,2051,318475,306338,624813
94,2051,318475,306338,624813
95,2051,318475,306338,624813
96,2051,318475,306338,624813
97,2051,318475,306338,624813
98,2051,318475,306338,624813
99,2051,318475,306338,624813
100,2051,318475,306338,624813
0,2051,291577,274118,565695
1,2051,291704,274059,565763
2,2051,291728,274070,565798
3,2051,292172,275866,568038
4,2051,292520,275795,568315
5,2051,290894,274103,564997
6,2051,293029,275653,568682
7,2051,293002,275585,568587
8,2051,292514,276161,568675
9,2051,292060,275434,567494
10,2051,292373,275869,568242
11,2051,291521,275321,566842
12,2051,292700,275905,568605
13,2051,293942,275538,569480
14,2051,295205,275997,571202
15,2051,296250,275426,571676
16,2051,296330,275907,572237
17,2051,302651,276235,578886
18,2051,304622,277408,582030
19,2051,308470,279310,587780
20,2051,308804,280475,589279
21,2051,309404,280464,589868
22,2051,309411,280647,590058
23,2051,309775,280624,590399
24,2051,309777,280624,590401
25,2051,309777,280624,590401
26,2051,309777,280624,590401
27,2051,309777,280624,590401
28,2051,309777,280624,590401
29,2051,309777,280624,590401
30,2051,309777,280624,590401
31,2051,309777,280624,590401
32,2051,309777,280624,590401
33,2051,309777,280624,590401
34,2051,309777,280624,590401
35,2051,309777,280624,590401
36,2051,309777,280624,590401
37,2051,309777,280624,590401
38,2051,309777,280624,590401
39,2051,309777,280624,590401
40,2051,309777,280624,590401
41,2051,310523,280709,591232
42,2051,310523,280709,591232
43,2051,310523,280709,591232
44,2051,310523,280709,591232
45,2051,310523,280709,591232
46,2051,310523,280709,591232
47,2051,310523,280709,591232
48,2051,310523,280709,591232
49,2051,310523,280709,591232
50,2051,310523,280709,591232
51,2051,310523,280709,591232
52,2051,310523,280709,591232
53,2051,310523,280709,591232
54,2051,310523,280709,591232
55,2051,310523,280709,591232
56,2051,310523,280709,591232
57,2051,310523,280709,591232
58,2051,310523,280709,591232
59,2051,310523,280709,591232
60,2051,310523,280709,591232
61,2051,310502,280709,591211
62,2051,310482,280709,591191
63,2051,310629,280709,591338
64,2051,310711,280709,591420
65,2051,310776,280709,591485
66,2051,310677,280709,591386
67,2051,310677,280709,591386
68,2051,310677,280709,591386
69,2051,310609,280709,591318
70,2051,310583,280709,591292
71,2051,310117,280695,590812
72,2051,310465,280709,591174
73,2051,310117,280695,590812
74,2051,310117,280695,590812
75,2051,310117,280695,590812
76,2051,310117,280695,590812
77,2051,310117,280695,590812
78,2051,314748,304905,619653
79,2051,315681,305040,620721
80,2051,320100,305595,625695
81,2051,319150,304796,623946
82,2051,319150,304796,623946
83,2051,319150,304796,623946
84,2051,319150,304796,623946
85,2051,319150,304796,623946
86,2051,319150,304796,623946
87,2051,319150,304796,623946
88,2051,319150,304796,623946
89,2051,319150,304796,623946
90,2051,319150,304796,623946
91,2051,319150,304796,623946
92,2051,319150,304796,623946
93,2051,319150,304796,623946
94,2051,319150,304796,623946
95,2051,319150,304796,623946
96,2051,319150,304796,623946
97,2051,319150,304796,623946
98,2051,319150,304796,623946
99,2051,319150,304796,623946
100,2051,319150,304796,623946
0,2051,292691,275252,567943
1,2051,292737,275408,568145
2,2051,292737,275396,568133
3,2051,291909,275660,567569
4,2051,292434,275675,568109
5,2051,292224,276129,568353
6,2051,292989,275830,568819
7,2051,292884,275778,568662
8,2051,291224,275620,566844
9,2051,291990,275557,567547
10,2051,292433,276415,568848
11,2051,291391,275660,567051
12,2051,293221,276798,570019
13,2051,294261,275802,570063
14,2051,297791,275834,573625
15,2051,295951,275686,571637
16,2051,296030,275683,571713
17,2051,302367,276387,578754
18,2051,304434,277399,581833
19,2051,309346,279536,588882
20,2051,308804,280475,589279
21,2051,308966,280464,589430
22,2051,309411,280616,590027
23,2051,309775,280624,590399
24,2051,309777,280624,590401
25,2051,309777,280624,590401
26,2051,309777,280624,590401
27,2051,309777,280624,590401
28,2051,309777,280624,590401
29,2051,309777,280624,590401
30,2051,309777,280624,590401
31,2051,309777,280624,590401
32,2051,309777,280624,590401
33,2051,309777,280624,590401
34,2051,309777,280624,590401
35,2051,309777,280624,590401
36,2051,309777,280624,590401
37,2051,309777,280624,590401
38,2051,309777,280624,590401
39,2051,309777,280624,590401
40,2051,309777,280624,590401
41,2051,310523,280709,591232
42,2051,310523,280709,591232
43,2051,310523,280709,591232
44,2051,310523,280709,591232
45,2051,310523,280709,591232
46,2051,310523,280709,591232
47,2051,310523,280709,591232
48,2051,310523,280709,591232
49,2051,310523,280709,591232
50,2051,310523,280709,591232
51,2051,310523,280709,591232
52,2051,310523,280709,591232
53,2051,310523,280709,591232
54,2051,310523,280709,591232
55,2051,310523,280709,591232
56,2051,310523,280709,591232
57,2051,310523,280709,591232
58,2051,310523,280709,591232
59,2051,310523,280709,591232
60,2051,310523,280709,591232
61,2051,310502,280709,591211
62,2051,310542,280709,591251
63,2051,310629,280709,591338
64,2051,310711,280709,591420
65,2051,310776,280709,591485
66,2051,310677,280709,591386
67,2051,310677,280709,591386
68,2051,310677,280709,591386
69,2051,310609,280709,591318
70,2051,310583,280709,591292
71,2051,310117,280695,590812
72,2051,310465,280709,591174
73,2051,310117,280695,590812
74,2051,310117,280695,590812
75,2051,310117,280695,590812
76,2051,310117,280695,590812
77,2051,310117,280695,590812
78,2051,315901,306651,622552
79,2051,316557,307162,623719
80,2051,319112,306085,625197
81,2051,317302,305907,623209
82,2051,317302,305907,623209
83,2051,317302,305907,623209
84,2051,317302,305907,623209
85,2051,317302,305907,623209
86,2051,317302,305907,623209
87,2051,317302,305907,623209
88,2051,317302,305907,623209
89,2051,317302,305907,623209
90,2051,317302,305907,623209
91,2051,317302,305907,623209
92,2051,317302,305907,623209
93,2051,317302,305907,623209
94,2051,317302,305907,623209
95,2051,317302,305907,623209
96,2051,317302,305907,623209
97,2051,317302,305907,623209
98,2051,317302,305907,623209
99,2051,317302,305907,623209
100,2051,317302,305907,623209
0,2052,292160,275407,567567
1,2052,292160,275407,567567
2,2052,292156,275407,567563
3,2052,292317,275433,567750
4,2052,292459,275435,567894
5,2052,292604,275460,568064
6,2052,292715,275538,568253
7,2052,292699,275529,568228
8,2052,292688,275503,568191
9,2052,292689,275485,568174
10,2052,292704,275551,568255
11,2052,292828,275972,568800
12,2052,293342,276256,569598
13,2052,293719,276375,570094
14,2052,293758,276281,570039
15,2052,293823,276272,570095
16,2052,294123,276355,570478
17,2052,294561,276410,570971
18,2052,295789,276733,572522
19,2052,296731,278188,574919
20,2052,296795,278225,575020
21,2052,296833,278284,575117
22,2052,296862,278532,575394
23,2052,296890,278545,575435
24,2052,296890,278545,575435
25,2052,296890,278545,575435
26,2052,296890,278545,575435
27,2052,296890,278545,575435
28,2052,296890,278545,575435
29,2052,296890,278545,575435
30,2052,296890,278545,575435
31,2052,296890,278545,575435
32,2052,296890,278545,575435
33,2052,296890,278545,575435
34,2052,296890,278545,575435
35,2052,296890,278545,575435
36,2052,296890,278545,575435
37,2052,296890,278545,575435
38,2052,296890,278545,575435
39,2052,296890,278545,575435
40,2052,296890,278545,575435
41,2052,296890,278545,575435
42,2052,296890,278545,575435
43,2052,296890,278545,575435
44,2052,296890,278545,575435
45,2052,296890,278545,575435
46,2052,296881,278545,575426
47,2052,296873,278545,575418
48,2052,296873,278545,575418
49,2052,296873,278545,575418
50,2052,296873,278545,575418
51,2052,296873,278595,575468
52,2052,296873,278595,575468
53,2052,296873,278595,575468
54,2052,296873,278595,575468
55,2052,296873,278595,575468
56,2052,296873,278595,575468
57,2052,296873,278595,575468
58,2052,296873,278595,575468
59,2052,296873,278595,575468
60,2052,296873,278595,575468
61,2052,296873,278595,575468
62,2052,296873,278595,575468
63,2052,296873,278595,575468
64,2052,296825,278595,575420
65,2052,296825,278595,575420
66,2052,296738,278595,575333
67,2052,296738,278595,575333
68,2052,296472,278595,575067
69,2052,296377,278595,574972
70,2052,296237,278595,574832
71,2052,295800,278595,574395
72,2052,295800,278595,574395
73,2052,295461,278595,574056
74,2052,295423,278595,574018
75,2052,295423,278595,574018
76,2052,295423,278595,574018
77,2052,295423,278595,574018
78,2052,295423,279554,574977
79,2052,295423,279363,574786
80,2052,295423,279614,575037
81,2052,295423,279743,575166
82,2052,295423,279743,575166
83,2052,295423,279743,575166
84,2052,295423,279743,575166
85,2052,295423,279743,575166
86,2052,295423,279743,575166
87,2052,295423,279743,575166
88,2052,295423,279743,575166
89,2052,295423,279743,575166
90,2052,295423,279743,575166
91,2052,295423,279743,575166
92,2052,295423,279743,575166
93,2052,295423,279743,575166
94,2052,295423,279743,575166
95,2052,295423,279743,575166
96,2052,295423,279743,575166
97,2052,295423,279743,575166
98,2052,295423,279743,575166
99,2052,295423,279743,575166
100,2052,295423,279743,575166
0,2052,292266,275259,567525
1,2052,292266,275259,567525
2,2052,292259,275259,567518
3,2052,292436,275274,567710
4,2052,292615,275193,567808
5,2052,292741,275299,568040
6,2052,292868,275406,568274
7,2052,292842,275390,568232
8,2052,292820,275364,568184
9,2052,292815,275344,568159
10,2052,292810,275474,568284
11,2052,292862,275699,568561
12,2052,293184,275754,568938
13,2052,293704,275708,569412
14,2052,293937,275800,569737
15,2052,294124,275792,569916
16,2052,294466,275859,570325
17,2052,295672,275850,571522
18,2052,297964,276497,574461
19,2052,298821,278322,577143
20,2052,299958,278491,578449
21,2052,300126,278538,578664
22,2052,300128,279006,579134
23,2052,300136,279020,579156
24,2052,300136,279020,579156
25,2052,300136,279020,579156
26,2052,300136,279020,579156
27,2052,300136,279020,579156
28,2052,300136,279020,579156
29,2052,300136,279020,579156
30,2052,300136,279020,579156
31,2052,300136,279020,579156
32,2052,300136,279020,579156
33,2052,300136,279020,579156
34,2052,300136,279020,579156
35,2052,300136,279020,579156
36,2052,300136,279020,579156
37,2052,300136,279020,579156
38,2052,300136,279020,579156
39,2052,300136,279020,579156
40,2052,300136,279020,579156
41,2052,300136,279020,579156
42,2052,300136,279020,579156
43,2052,300136,279020,579156
44,2052,300538,279020,579558
45,2052,300538,279020,579558
46,2052,300536,279020,579556
47,2052,300528,279020,579548
48,2052,300528,279020,579548
49,2052,300528,279020,579548
50,2052,300528,279020,579548
51,2052,300528,279059,579587
52,2052,300528,279059,579587
53,2052,300528,279059,579587
54,2052,300528,279059,579587
55,2052,300528,279059,579587
56,2052,300528,279059,579587
57,2052,300528,279059,579587
58,2052,300528,279059,579587
59,2052,300528,279059,579587
60,2052,300528,279059,579587
61,2052,300528,279059,579587
62,2052,300528,279059,579587
63,2052,300528,279059,579587
64,2052,300557,279059,579616
65,2052,300557,279059,579616
66,2052,300066,279059,579125
67,2052,300008,279059,579067
68,2052,299613,279059,578672
69,2052,299663,279059,578722
70,2052,299415,279037,578452
71,2052,298888,279037,577925
72,2052,298782,279037,577819
73,2052,298283,278963,577246
74,2052,298238,278963,577201
75,2052,298238,278963,577201
76,2052,298238,278963,577201
77,2052,298238,278963,577201
78,2052,298344,280269,578613
79,2052,298259,280078,578337
80,2052,298344,280826,579170
81,2052,298338,280568,578906
82,2052,298338,280568,578906
83,2052,298338,280568,578906
84,2052,298338,280568,578906
85,2052,298338,280568,578906
86,2052,298338,280568,578906
87,2052,298338,280568,578906
88,2052,298338,280568,578906
89,2052,298338,280568,578906
90,2052,298338,280568,578906
91,2052,298338,280568,578906
92,2052,298338,280568,578906
93,2052,298338,280568,578906
94,2052,298338,280568,578906
95,2052,298338,280568,578906
96,2052,298338,280568,578906
97,2052,298338,280568,578906
98,2052,298338,280568,578906
99,2052,298338,280568,578906
100,2052,298338,280568,578906
0,2052,292274,275413,567687
1,2052,292274,275413,567687
2,2052,292266,275413,567679
3,2052,292417,275347,567764
4,2052,292716,275394,568110
5,2052,292856,275450,568306
6,2052,292910,275526,568436
7,2052,292866,275510,568376
8,2052,292838,275471,568309
9,2052,292865,275477,568342
10,2052,292819,275561,568380
11,2052,292909,275804,568713
12,2052,293366,276259,569625
13,2052,294527,276216,570743
14,2052,294776,276418,571194
15,2052,295034,276413,571447
16,2052,296135,276482,572617
17,2052,297419,276524,573943
18,2052,299982,276890,576872
19,2052,300697,278092,578789
20,2052,300794,278561,579355
21,2052,301474,278636,580110
22,2052,301310,278941,580251
23,2052,301326,278955,580281
24,2052,301326,278955,580281
25,2052,301326,278955,580281
26,2052,301326,278955,580281
27,2052,301326,278955,580281
28,2052,301326,278955,580281
29,2052,301326,278955,580281
30,2052,301326,278955,580281
31,2052,301326,278955,580281
32,2052,301326,278955,580281
33,2052,301326,278955,580281
34,2052,301326,278955,580281
35,2052,301326,278955,580281
36,2052,301326,278955,580281
37,2052,301326,278955,580281
38,2052,301326,278955,580281
39,2052,301326,278955,580281
40,2052,301326,278955,580281
41,2052,301326,278955,580281
42,2052,301326,278955,580281
43,2052,301333,278955,580288
44,2052,303077,279111,582188
45,2052,303077,279111,582188
46,2052,302118,279111,581229
47,2052,302109,279111,581220
48,2052,302109,279111,581220
49,2052,302109,279111,581220
50,2052,302109,279111,581220
51,2052,302109,279149,581258
52,2052,302109,279149,581258
53,2052,302109,279149,581258
54,2052,302109,279149,581258
55,2052,302109,279149,581258
56,2052,302109,279149,581258
57,2052,302109,279149,581258
58,2052,302109,279149,581258
59,2052,302109,279149,581258
60,2052,302109,279149,581258
61,2052,302109,279149,581258
62,2052,302109,279149,581258
63,2052,302109,279149,581258
64,2052,303056,279149,582205
65,2052,303056,279149,582205
66,2052,301751,278994,580745
67,2052,301764,278926,580690
68,2052,301625,278926,580551
69,2052,301693,278926,580619
70,2052,301698,278926,580624
71,2052,302699,279051,581750
72,2052,302614,279051,581665
73,2052,301717,279129,580846
74,2052,301717,279129,580846
75,2052,301717,279129,580846
76,2052,301717,279129,580846
77,2052,301717,279129,580846
78,2052,301618,283834,585452
79,2052,301588,283520,585108
80,2052,301523,283856,585379
81,2052,301545,283856,585401
82,2052,301545,283856,585401
83,2052,301545,283856,585401
84,2052,301545,283856,585401
85,2052,301545,283856,585401
86,2052,301545,283856,585401
87,2052,301545,283856,585401
88,2052,301545,283856,585401
89,2052,301545,283856,585401
90,2052,301545,283856,585401
91,2052,301545,283856,585401
92,2052,301545,283856,585401
93,2052,301545,283856,585401
94,2052,301545,283856,585401
95,2052,301545,283856,585401
96,2052,301545,283856,585401
97,2052,301545,283856,585401
98,2052,301545,283856,585401
99,2052,301545,283856,585401
100,2052,301545,283856,585401
0,2052,292099,274901,567000
1,2052,292099,274901,567000
2,2052,292091,274901,566992
3,2052,292300,274901,567201
4,2052,292463,274931,567394
5,2052,292518,274983,567501
6,2052,292615,275035,567650
7,2052,292607,275057,567664
8,2052,292601,275043,567644
9,2052,292574,275024,567598
10,2052,292549,275055,567604
11,2052,292624,275339,567963
12,2052,293047,275490,568537
13,2052,294584,275590,570174
14,2052,295239,275679,570918
15,2052,297561,275661,573222
16,2052,296031,275360,571391
17,2052,298511,275281,573792
18,2052,300960,276311,577271
19,2052,318140,278178,596318
20,2052,318570,278704,597274
21,2052,307169,279147,586316
22,2052,306963,279195,586158
23,2052,307025,279209,586234
24,2052,307025,279209,586234
25,2052,307025,279209,586234
26,2052,307025,279209,586234
27,2052,307025,279209,586234
28,2052,307025,279209,586234
29,2052,307025,279209,586234
30,2052,307025,279209,586234
31,2052,307025,279209,586234
32,2052,307025,279209,586234
33,2052,307025,279209,586234
34,2052,307025,279209,586234
35,2052,307025,279209,586234
36,2052,307025,279209,586234
37,2052,307025,279209,586234
38,2052,307025,279209,586234
39,2052,307025,279209,586234
40,2052,307025,279209,586234
41,2052,307025,279209,586234
42,2052,307025,279209,586234
43,2052,307025,279209,586234
44,2052,309401,279433,588834
45,2052,309401,279433,588834
46,2052,308138,279364,587502
47,2052,308207,279364,587571
48,2052,308207,279364,587571
49,2052,308207,279364,587571
50,2052,308207,279364,587571
51,2052,308198,279402,587600
52,2052,308198,279402,587600
53,2052,308198,279402,587600
54,2052,308198,279402,587600
55,2052,308198,279402,587600
56,2052,308198,279402,587600
57,2052,308198,279402,587600
58,2052,308198,279402,587600
59,2052,308198,279402,587600
60,2052,308198,279402,587600
61,2052,308198,279402,587600
62,2052,308198,279402,587600
63,2052,308198,279402,587600
64,2052,309449,279472,588921
65,2052,309538,279472,589010
66,2052,307947,279400,587347
67,2052,308227,279400,587627
68,2052,307618,279138,586756
69,2052,307735,279232,586967
70,2052,307742,279123,586865
71,2052,309127,279187,588314
72,2052,308751,279129,587880
73,2052,307179,279129,586308
74,2052,307179,279129,586308
75,2052,307179,279129,586308
76,2052,307179,279129,586308
77,2052,307179,279129,586308
78,2052,306934,286413,593347
79,2052,306862,284996,591858
80,2052,306855,286432,593287
81,2052,306855,286432,593287
82,2052,306855,286432,593287
83,2052,306855,286432,593287
84,2052,306855,286432,593287
85,2052,306855,286432,593287
86,2052,306855,286432,593287
87,2052,306855,286432,593287
88,2052,306855,286432,593287
89,2052,306855,286432,593287
90,2052,306855,286432,593287
91,2052,306855,286432,593287
92,2052,306855,286432,593287
93,2052,306855,286432,593287
94,2052,306855,286432,593287
95,2052,306855,286432,593287
96,2052,306855,286432,593287
97,2052,306855,286432,593287
98,2052,306855,286432,593287
99,2052,306855,286432,593287
100,2052,306855,286432,593287
0,2052,292414,276267,568681
1,2052,292414,276267,568681
2,2052,292410,276267,568677
3,2052,292524,276267,568791
4,2052,292770,276374,569144
5,2052,292782,276405,569187
6,2052,292777,275836,568613
7,2052,292789,275833,568622
8,2052,292809,276105,568914
9,2052,292817,276218,569035
10,2052,292752,276008,568760
11,2052,292786,276013,568799
12,2052,292637,275836,568473
13,2052,294207,275567,569774
14,2052,297544,275452,572996
15,2052,296712,275491,572203
16,2052,295873,275344,571217
17,2052,298696,275638,574334
18,2052,308040,277244,585284
19,2052,310244,279250,589494
20,2052,310992,279343,590335
21,2052,309447,279369,588816
22,2052,309498,279517,589015
23,2052,309548,279517,589065
24,2052,309548,279517,589065
25,2052,309548,279517,589065
26,2052,309548,279517,589065
27,2052,309548,279517,589065
28,2052,309548,279517,589065
29,2052,309548,279517,589065
30,2052,309548,279517,589065
31,2052,309548,279517,589065
32,2052,309548,279517,589065
33,2052,309548,279517,589065
34,2052,309548,279517,589065
35,2052,309548,279517,589065
36,2052,309548,279517,589065
37,2052,309933,279517,589450
38,2052,309933,279517,589450
39,2052,309933,279517,589450
40,2052,309933,279517,589450
41,2052,309933,279517,589450
42,2052,309933,279517,589450
43,2052,309933,279517,589450
44,2052,311218,279445,590663
45,2052,311218,279445,590663
46,2052,311078,279485,590563
47,2052,311078,279485,590563
48,2052,311078,279485,590563
49,2052,311078,279485,590563
50,2052,311078,279485,590563
51,2052,311087,279523,590610
52,2052,311087,279523,590610
53,2052,311087,279523,590610
54,2052,311087,279523,590610
55,2052,311087,279523,590610
56,2052,311087,279523,590610
57,2052,311087,279523,590610
58,2052,311087,279523,590610
59,2052,311087,279523,590610
60,2052,311087,279523,590610
61,2052,311087,279523,590610
62,2052,311087,279523,590610
63,2052,311197,279523,590720
64,2052,311402,279483,590885
65,2052,311494,279483,590977
66,2052,311142,279522,590664
67,2052,311181,279522,590703
68,2052,310276,279498,589774
69,2052,310326,279498,589824
70,2052,310257,279585,589842
71,2052,310672,279598,590270
72,2052,310683,279572,590255
73,2052,309854,279579,589433
74,2052,309854,279579,589433
75,2052,309854,279579,589433
76,2052,309854,279579,589433
77,2052,309854,279579,589433
78,2052,309223,297053,606276
79,2052,309182,295170,604352
80,2052,309215,297002,606217
81,2052,309223,297359,606582
82,2052,309223,297359,606582
83,2052,309223,297359,606582
84,2052,309223,297359,606582
85,2052,309223,297359,606582
86,2052,309223,297359,606582
87,2052,309223,297359,606582
88,2052,309223,297359,606582
89,2052,309223,297359,606582
90,2052,309223,297359,606582
91,2052,309223,297359,606582
92,2052,309223,297359,606582
93,2052,309223,297359,606582
94,2052,309223,297359,606582
95,2052,309223,297359,606582
96,2052,309223,297359,606582
97,2052,309223,297359,606582
98,2052,309223,297359,606582
99,2052,309223,297359,606582
100,2052,309223,297359,606582
0,2052,290839,275033,565872
1,2052,290839,275033,565872
2,2052,290835,275033,565868
3,2052,290937,275233,566170
4,2052,291005,274937,565942
5,2052,291046,275155,566201
6,2052,292232,276240,568472
7,2052,292199,276233,568432
8,2052,291249,275661,566910
9,2052,291199,275601,566800
10,2052,292123,276191,568314
11,2052,292361,276048,568409
12,2052,293171,276060,569231
13,2052,294126,275531,569657
14,2052,296668,275937,572605
15,2052,295244,275388,570632
16,2052,296127,275713,571840
17,2052,298662,276231,574893
18,2052,305162,277907,583069
19,2052,309543,280666,590209
20,2052,310358,280573,590931
21,2052,310236,280007,590243
22,2052,310517,280086,590603
23,2052,310504,280086,590590
24,2052,310504,280086,590590
25,2052,310504,280086,590590
26,2052,310504,280086,590590
27,2052,310504,280086,590590
28,2052,310504,280086,590590
29,2052,310504,280086,590590
30,2052,310504,280086,590590
31,2052,310504,280086,590590
32,2052,310504,280086,590590
33,2052,310504,280086,590590
34,2052,310504,280086,590590
35,2052,310504,280086,590590
36,2052,310504,280086,590590
37,2052,310568,280086,590654
38,2052,310568,280086,590654
39,2052,310568,280086,590654
40,2052,310568,280086,590654
41,2052,310949,280086,591035
42,2052,310949,280086,591035
43,2052,310949,280086,591035
44,2052,311212,280770,591982
45,2052,311212,280770,591982
46,2052,311402,280718,592120
47,2052,311402,280718,592120
48,2052,311402,280718,592120
49,2052,311402,280718,592120
50,2052,311402,280718,592120
51,2052,311402,280757,592159
52,2052,311402,280757,592159
53,2052,311402,280757,592159
54,2052,311402,280757,592159
55,2052,311402,280757,592159
56,2052,311402,280757,592159
57,2052,311402,280757,592159
58,2052,311402,280757,592159
59,2052,311402,280757,592159
60,2052,311402,280757,592159
61,2052,311402,280757,592159
62,2052,311402,280757,592159
63,2052,311500,280757,592257
64,2052,311363,280826,592189
65,2052,311724,280826,592550
66,2052,311611,280757,592368
67,2052,311478,280757,592235
68,2052,311136,280282,591418
69,2052,311224,280386,591610
70,2052,311089,280359,591448
71,2052,311023,280782,591805
72,2052,311415,280757,592172
73,2052,310475,280113,590588
74,2052,310475,280113,590588
75,2052,310475,280113,590588
76,2052,310475,280113,590588
77,2052,310475,280113,590588
78,2052,312080,301426,613506
79,2052,311717,300216,611933
80,2052,312078,301550,613628
81,2052,312097,305369,617466
82,2052,312097,305369,617466
83,2052,312097,305369,617466
84,2052,312097,305369,617466
85,2052,312097,305369,617466
86,2052,312097,305369,617466
87,2052,312097,305369,617466
88,2052,312097,305369,617466
89,2052,312097,305369,617466
90,2052,312097,305369,617466
91,2052,312097,305369,617466
92,2052,312097,305369,617466
93,2052,312097,305369,617466
94,2052,312097,305369,617466
95,2052,312097,305369,617466
96,2052,312097,305369,617466
97,2052,312097,305369,617466
98,2052,312097,305369,617466
99,2052,312097,305369,617466
100,2052,312097,305369,617466
0,2052,289659,274603,564262
1,2052,289659,274603,564262
2,2052,289665,274603,564268
3,2052,290131,274992,565123
4,2052,290075,275018,565093
5,2052,290517,275453,565970
6,2052,291142,275727,566869
7,2052,291129,275727,566856
8,2052,291983,276029,568012
9,2052,291141,275810,566951
10,2052,291146,275616,566762
11,2052,292016,276074,568090
12,2052,292897,276138,569035
13,2052,294262,276019,570281
14,2052,294683,275572,570255
15,2052,297679,275397,573076
16,2052,295993,275946,571939
17,2052,298812,276626,575438
18,2052,303893,278118,582011
19,2052,307392,280296,587688
20,2052,308113,280287,588400
21,2052,310267,280533,590800
22,2052,310619,280734,591353
23,2052,310685,280734,591419
24,2052,310685,280734,591419
25,2052,310685,280734,591419
26,2052,310685,280734,591419
27,2052,310685,280734,591419
28,2052,310685,280734,591419
29,2052,310685,280734,591419
30,2052,310685,280734,591419
31,2052,310685,280734,591419
32,2052,310685,280734,591419
33,2052,310685,280734,591419
34,2052,310685,280734,591419
35,2052,310685,280734,591419
36,2052,310685,280734,591419
37,2052,310706,280734,591440
38,2052,310706,280734,591440
39,2052,310706,280734,591440
40,2052,310706,280734,591440
41,2052,311060,280758,591818
42,2052,311060,280758,591818
43,2052,311060,280758,591818
44,2052,310515,280639,591154
45,2052,310515,280639,591154
46,2052,310557,280639,591196
47,2052,310557,280639,591196
48,2052,310557,280639,591196
49,2052,310557,280639,591196
50,2052,310557,280639,591196
51,2052,310557,280639,591196
52,2052,310557,280639,591196
53,2052,310557,280639,591196
54,2052,310557,280639,591196
55,2052,310557,280639,591196
56,2052,310557,280639,591196
57,2052,310557,280639,591196
58,2052,310557,280639,591196
59,2052,310557,280639,591196
60,2052,310557,280639,591196
61,2052,310557,280639,591196
62,2052,310557,280639,591196
63,2052,310910,280639,591549
64,2052,310761,280639,591400
65,2052,311033,280639,591672
66,2052,311135,280672,591807
67,2052,310932,280639,591571
68,2052,311116,280771,591887
69,2052,311041,280703,591744
70,2052,310992,280666,591658
71,2052,310516,280639,591155
72,2052,310473,280639,591112
73,2052,311008,280697,591705
74,2052,311008,280697,591705
75,2052,311008,280697,591705
76,2052,311008,280697,591705
77,2052,311008,280697,591705
78,2052,314470,302480,616950
79,2052,314144,302411,616555
80,2052,314352,302829,617181
81,2052,316242,304224,620466
82,2052,316242,304224,620466
83,2052,316242,304224,620466
84,2052,316242,304224,620466
85,2052,316242,304224,620466
86,2052,316242,304224,620466
87,2052,316242,304224,620466
88,2052,316242,304224,620466
89,2052,316242,304224,620466
90,2052,316242,304224,620466
91,2052,316242,304224,620466
92,2052,316242,304224,620466
93,2052,316242,304224,620466
94,2052,316242,304224,620466
95,2052,316242,304224,620466
96,2052,316242,304224,620466
97,2052,316242,304224,620466
98,2052,316242,304224,620466
99,2052,316242,304224,620466
100,2052,316242,304224,620466
0,2052,289139,272661,561800
1,2052,289139,272661,561800
2,2052,289140,272661,561801
3,2052,289119,272764,561883
4,2052,289360,272455,561815
5,2052,290329,273837,564166
6,2052,290582,275044,565626
7,2052,290513,275001,565514
8,2052,291822,275327,567149
9,2052,292040,275205,567245
10,2052,290765,275121,565886
11,2052,291646,275629,567275
12,2052,292463,275852,568315
13,2052,293960,275907,569867
14,2052,294086,274870,568956
15,2052,297101,275906,573007
16,2052,295988,275549,571537
17,2052,299178,275915,575093
18,2052,303074,277430,580504
19,2052,305532,280384,585916
20,2052,307797,280492,588289
21,2052,309263,280395,589658
22,2052,309846,280601,590447
23,2052,310066,280601,590667
24,2052,310068,280601,590669
25,2052,310068,280601,590669
26,2052,310068,280601,590669
27,2052,310068,280601,590669
28,2052,310068,280601,590669
29,2052,310068,280601,590669
30,2052,310068,280601,590669
31,2052,310068,280601,590669
32,2052,310068,280601,590669
33,2052,310068,280601,590669
34,2052,310068,280601,590669
35,2052,310068,280601,590669
36,2052,310068,280601,590669
37,2052,310106,280601,590707
38,2052,310106,280601,590707
39,2052,310106,280601,590707
40,2052,310106,280601,590707
41,2052,310504,280601,591105
42,2052,310504,280601,591105
43,2052,310504,280601,591105
44,2052,310371,280615,590986
45,2052,310371,280615,590986
46,2052,310431,280601,591032
47,2052,310431,280601,591032
48,2052,310431,280601,591032
49,2052,310431,280601,591032
50,2052,310431,280601,591032
51,2052,310431,280601,591032
52,2052,310431,280601,591032
53,2052,310431,280601,591032
54,2052,310431,280601,591032
55,2052,310431,280601,591032
56,2052,310431,280601,591032
57,2052,310431,280601,591032
58,2052,310431,280601,591032
59,2052,310431,280601,591032
60,2052,310425,280601,591026
61,2052,310396,280601,590997
62,2052,310384,280601,590985
63,2052,310452,280601,591053
64,2052,310622,280615,591237
65,2052,310565,280615,591180
66,2052,310466,280601,591067
67,2052,310560,280601,591161
68,2052,310503,280601,591104
69,2052,310459,280601,591060
70,2052,310415,280601,591016
71,2052,310321,280601,590922
72,2052,310394,280611,591005
73,2052,310297,280601,590898
74,2052,310297,280601,590898
75,2052,310297,280601,590898
76,2052,310297,280601,590898
77,2052,310297,280601,590898
78,2052,316765,303090,619855
79,2052,316576,303067,619643
80,2052,316701,303735,620436
81,2052,316971,305349,622320
82,2052,316971,305349,622320
83,2052,316971,305349,622320
84,2052,316971,305349,622320
85,2052,316971,305349,622320
86,2052,316971,305349,622320
87,2052,316971,305349,622320
88,2052,316971,305349,622320
89,2052,316971,305349,622320
90,2052,316971,305349,622320
91,2052,316971,305349,622320
92,2052,316971,305349,622320
93,2052,316971,305349,622320
94,2052,316971,305349,622320
95,2052,316971,305349,622320
96,2052,316971,305349,622320
97,2052,316971,305349,622320
98,2052,316971,305349,622320
99,2052,316971,305349,622320
100,2052,316971,305349,622320
0,2052,290394,273022,563416
1,2052,290394,272960,563354
2,2052,290359,272960,563319
3,2052,290259,272886,563145
4,2052,290454,272808,563262
5,2052,291611,274441,566052
6,2052,290844,274238,565082
7,2052,290993,274439,565432
8,2052,292558,275788,568346
9,2052,292683,276220,568903
10,2052,290916,274282,565198
11,2052,292270,275799,568069
12,2052,292527,276121,568648
13,2052,293904,275836,569740
14,2052,293814,275619,569433
15,2052,296491,275550,572041
16,2052,296013,275404,571417
17,2052,300549,276014,576563
18,2052,303703,277256,580959
19,2052,304886,279668,584554
20,2052,307763,280642,588405
21,2052,308577,280432,589009
22,2052,309209,280601,589810
23,2052,309657,280601,590258
24,2052,309658,280601,590259
25,2052,309658,280601,590259
26,2052,309658,280601,590259
27,2052,309658,280601,590259
28,2052,309658,280601,590259
29,2052,309658,280601,590259
30,2052,309658,280601,590259
31,2052,309658,280601,590259
32,2052,309658,280601,590259
33,2052,309658,280601,590259
34,2052,309658,280601,590259
35,2052,309658,280601,590259
36,2052,309658,280601,590259
37,2052,309666,280681,590347
38,2052,309666,280681,590347
39,2052,309666,280681,590347
40,2052,309666,280681,590347
41,2052,310400,280705,591105
42,2052,310400,280705,591105
43,2052,310400,280705,591105
44,2052,310418,280719,591137
45,2052,310418,280719,591137
46,2052,310454,280719,591173
47,2052,310454,280719,591173
48,2052,310454,280719,591173
49,2052,310454,280719,591173
50,2052,310454,280719,591173
51,2052,310454,280719,591173
52,2052,310454,280719,591173
53,2052,310454,280719,591173
54,2052,310454,280719,591173
55,2052,310454,280719,591173
56,2052,310454,280719,591173
57,2052,310454,280719,591173
58,2052,310454,280719,591173
59,2052,310454,280719,591173
60,2052,310454,280719,591173
61,2052,310425,280719,591144
62,2052,310355,280719,591074
63,2052,310557,280719,591276
64,2052,310622,280709,591331
65,2052,310657,280709,591366
66,2052,310551,280719,591270
67,2052,310578,280709,591287
68,2052,310595,280719,591314
69,2052,310527,280719,591246
70,2052,310501,280719,591220
71,2052,310167,280719,590886
72,2052,310365,280719,591084
73,2052,310097,280705,590802
74,2052,310097,280705,590802
75,2052,310097,280705,590802
76,2052,310097,280705,590802
77,2052,310097,280705,590802
78,2052,316031,304649,620680
79,2052,316015,304523,620538
80,2052,316491,304884,621375
81,2052,317021,307179,624200
82,2052,317021,307179,624200
83,2052,317021,307179,624200
84,2052,317021,307179,624200
85,2052,317021,307179,624200
86,2052,317021,307179,624200
87,2052,317021,307179,624200
88,2052,317021,307179,624200
89,2052,317021,307179,624200
90,2052,317021,307179,624200
91,2052,317021,307179,624200
92,2052,317021,307179,624200
93,2052,317021,307179,624200
94,2052,317021,307179,624200
95,2052,317021,307179,624200
96,2052,317021,307179,624200
97,2052,317021,307179,624200
98,2052,317021,307179,624200
99,2052,317021,307179,624200
100,2052,317021,307179,624200
0,2052,291389,273588,564977
1,2052,291361,273588,564949
2,2052,291342,273588,564930
3,2052,290486,273473,563959
4,2052,291427,273538,564965
5,2052,292690,275544,568234
6,2052,291841,274747,566588
7,2052,291918,275199,567117
8,2052,292254,275800,568054
9,2052,291248,275379,566627
10,2052,292120,274848,566968
11,2052,292386,276244,568630
12,2052,292471,275750,568221
13,2052,293842,275635,569477
14,2052,294684,275923,570607
15,2052,295202,274951,570153
16,2052,296309,275544,571853
17,2052,300680,275961,576641
18,2052,306176,277396,583572
19,2052,304844,279082,583926
20,2052,307760,280252,588012
21,2052,308575,280608,589183
22,2052,309265,280695,589960
23,2052,309759,280695,590454
24,2052,309761,280695,590456
25,2052,309761,280695,590456
26,2052,309761,280695,590456
27,2052,309761,280695,590456
28,2052,309761,280695,590456
29,2052,309761,280695,590456
30,2052,309761,280695,590456
31,2052,309761,280695,590456
32,2052,309761,280695,590456
33,2052,309761,280695,590456
34,2052,309761,280695,590456
35,2052,309761,280695,590456
36,2052,309761,280695,590456
37,2052,309760,280695,590455
38,2052,309760,280695,590455
39,2052,309760,280695,590455
40,2052,309760,280695,590455
41,2052,310532,280719,591251
42,2052,310532,280719,591251
43,2052,310532,280719,591251
44,2052,310612,280709,591321
45,2052,310612,280709,591321
46,2052,310612,280709,591321
47,2052,310612,280709,591321
48,2052,310612,280709,591321
49,2052,310612,280709,591321
50,2052,310612,280709,591321
51,2052,310612,280709,591321
52,2052,310612,280709,591321
53,2052,310612,280709,591321
54,2052,310612,280709,591321
55,2052,310612,280709,591321
56,2052,310612,280709,591321
57,2052,310612,280709,591321
58,2052,310612,280709,591321
59,2052,310612,280709,591321
60,2052,310612,280709,591321
61,2052,310583,280709,591292
62,2052,310342,280719,591061
63,2052,310663,280709,591372
64,2052,310791,280709,591500
65,2052,310817,280709,591526
66,2052,310711,280709,591420
67,2052,310719,280709,591428
68,2052,310627,280709,591336
69,2052,310569,280709,591278
70,2052,310553,280709,591262
71,2052,310114,280719,590833
72,2052,310402,280719,591121
73,2052,310099,280695,590794
74,2052,310099,280695,590794
75,2052,310099,280695,590794
76,2052,310099,280695,590794
77,2052,310099,280695,590794
78,2052,316416,306500,622916
79,2052,316414,306851,623265
80,2052,317112,306603,623715
81,2052,320548,305311,625859
82,2052,320548,305311,625859
83,2052,320548,305311,625859
84,2052,320548,305311,625859
85,2052,320548,305311,625859
86,2052,320548,305311,625859
87,2052,320548,305311,625859
88,2052,320548,305311,625859
89,2052,320548,305311,625859
90,2052,320548,305311,625859
91,2052,320548,305311,625859
92,2052,320548,305311,625859
93,2052,320548,305311,625859
94,2052,320548,305311,625859
95,2052,320548,305311,625859
96,2052,320548,305311,625859
97,2052,320548,305311,625859
98,2052,320548,305311,625859
99,2052,320548,305311,625859
100,2052,320548,305311,625859
0,2052,292751,275522,568273
1,2052,292768,275518,568286
2,2052,292769,275518,568287
3,2052,291789,274356,566145
4,2052,293025,274710,567735
5,2052,292813,276399,569212
6,2052,292765,276223,568988
7,2052,292672,276268,568940
8,2052,292330,276276,568606
9,2052,291393,275989,567382
10,2052,292673,276157,568830
11,2052,291584,275622,567206
12,2052,292581,275830,568411
13,2052,294134,275933,570067
14,2052,295041,276344,571385
15,2052,297727,275310,573037
16,2052,296109,275747,571856
17,2052,313874,275931,589805
18,2052,305144,277547,582691
19,2052,305947,279202,585149
20,2052,308539,280233,588772
21,2052,309150,280634,589784
22,2052,309340,280727,590067
23,2052,309735,280695,590430
24,2052,309736,280695,590431
25,2052,309736,280695,590431
26,2052,309736,280695,590431
27,2052,309736,280695,590431
28,2052,309736,280695,590431
29,2052,309736,280695,590431
30,2052,309736,280695,590431
31,2052,309736,280695,590431
32,2052,309736,280695,590431
33,2052,309736,280695,590431
34,2052,309736,280695,590431
35,2052,309736,280695,590431
36,2052,309736,280695,590431
37,2052,309736,280695,590431
38,2052,309736,280695,590431
39,2052,309736,280695,590431
40,2052,309736,280695,590431
41,2052,310615,280709,591324
42,2052,310615,280709,591324
43,2052,310615,280709,591324
44,2052,310580,280709,591289
45,2052,310580,280709,591289
46,2052,310589,280709,591298
47,2052,310589,280709,591298
48,2052,310589,280709,591298
49,2052,310589,280709,591298
50,2052,310589,280709,591298
51,2052,310589,280709,591298
52,2052,310589,280709,591298
53,2052,310589,280709,591298
54,2052,310589,280709,591298
55,2052,310589,280709,591298
56,2052,310589,280709,591298
57,2052,310589,280709,591298
58,2052,310589,280709,591298
59,2052,310589,280709,591298
60,2052,310589,280709,591298
61,2052,310560,280709,591269
62,2052,310362,280719,591081
63,2052,310688,280709,591397
64,2052,310777,280709,591486
65,2052,310815,280709,591524
66,2052,310706,280709,591415
67,2052,310743,280709,591452
68,2052,310757,280709,591466
69,2052,310692,280709,591401
70,2052,310676,280709,591385
71,2052,310183,280695,590878
72,2052,310549,280719,591268
73,2052,310133,280695,590828
74,2052,310133,280695,590828
75,2052,310133,280695,590828
76,2052,310133,280695,590828
77,2052,310133,280695,590828
78,2052,319143,305453,624596
79,2052,319327,305676,625003
80,2052,319274,305068,624342
81,2052,318978,306401,625379
82,2052,318978,306401,625379
83,2052,318978,306401,625379
84,2052,318978,306401,625379
85,2052,318978,306401,625379
86,2052,318978,306401,625379
87,2052,318978,306401,625379
88,2052,318978,306401,625379
89,2052,318978,306401,625379
90,2052,318978,306401,625379
91,2052,318978,306401,625379
92,2052,318978,306401,625379
93,2052,318978,306401,625379
94,2052,318978,306401,625379
95,2052,318978,306401,625379
96,2052,318978,306401,625379
97,2052,318978,306401,625379
98,2052,318978,306401,625379
99,2052,318978,306401,625379
100,2052,318978,306401,625379
0,2052,292327,275510,567837
1,2052,292327,275659,567986
2,2052,292320,275647,567967
3,2052,292875,275527,568402
4,2052,292828,275721,568549
5,2052,291154,274409,565563
6,2052,291431,275516,566947
7,2052,291405,275336,566741
8,2052,290990,275061,566051
9,2052,292128,275695,567823
10,2052,291559,275769,567328
11,2052,291377,275586,566963
12,2052,293155,276000,569155
13,2052,294189,275958,570147
14,2052,295769,275717,571486
15,2052,297153,275649,572802
16,2052,295944,275372,571316
17,2052,307331,276682,584013
18,2052,304499,277441,581940
19,2052,307335,279222,586557
20,2052,309367,280247,589614
21,2052,309425,280514,589939
22,2052,309452,280752,590204
23,2052,309762,280695,590457
24,2052,309764,280695,590459
25,2052,309764,280695,590459
26,2052,309764,280695,590459
27,2052,309764,280695,590459
28,2052,309764,280695,590459
29,2052,309764,280695,590459
30,2052,309764,280695,590459
31,2052,309764,280695,590459
32,2052,309764,280695,590459
33,2052,309764,280695,590459
34,2052,309764,280695,590459
35,2052,309764,280695,590459
36,2052,309764,280695,590459
37,2052,309738,280695,590433
38,2052,309738,280695,590433
39,2052,309738,280695,590433
40,2052,309738,280695,590433
41,2052,310581,280709,591290
42,2052,310581,280709,591290
43,2052,310581,280709,591290
44,2052,310522,280709,591231
45,2052,310522,280709,591231
46,2052,310522,280709,591231
47,2052,310522,280709,591231
48,2052,310522,280709,591231
49,2052,310522,280709,591231
50,2052,310522,280709,591231
51,2052,310522,280709,591231
52,2052,310522,280709,591231
53,2052,310522,280709,591231
54,2052,310522,280709,591231
55,2052,310522,280709,591231
56,2052,310522,280709,591231
57,2052,310522,280709,591231
58,2052,310522,280709,591231
59,2052,310522,280709,591231
60,2052,310522,280709,591231
61,2052,310493,280709,591202
62,2052,310500,280719,591219
63,2052,310622,280709,591331
64,2052,310711,280709,591420
65,2052,310854,280709,591563
66,2052,310736,280709,591445
67,2052,310677,280709,591386
68,2052,310743,280709,591452
69,2052,310668,280709,591377
70,2052,310642,280709,591351
71,2052,310117,280719,590836
72,2052,310404,280709,591113
73,2052,310176,280695,590871
74,2052,310176,280695,590871
75,2052,310176,280695,590871
76,2052,310176,280695,590871
77,2052,310176,280695,590871
78,2052,317218,306629,623847
79,2052,317604,306070,623674
80,2052,317715,306312,624027
81,2052,319435,304795,624230
82,2052,319435,304795,624230
83,2052,319435,304795,624230
84,2052,319435,304795,624230
85,2052,319435,304795,624230
86,2052,319435,304795,624230
87,2052,319435,304795,624230
88,2052,319435,304795,624230
89,2052,319435,304795,624230
90,2052,319435,304795,624230
91,2052,319435,304795,624230
92,2052,319435,304795,624230
93,2052,319435,304795,624230
94,2052,319435,304795,624230
95,2052,319435,304795,624230
96,2052,319435,304795,624230
97,2052,319435,304795,624230
98,2052,319435,304795,624230
99,2052,319435,304795,624230
100,2052,319435,304795,624230
0,2052,292237,275533,567770
1,2052,292258,275489,567747
2,2052,292255,275489,567744
3,2052,292520,275565,568085
4,2052,292646,275922,568568
5,2052,290941,274761,565702
6,2052,291650,275540,567190
7,2052,291571,275602,567173
8,2052,290150,274568,564718
9,2052,292443,275886,568329
10,2052,291915,275595,567510
11,2052,292561,275926,568487
12,2052,293011,276402,569413
13,2052,293947,275772,569719
14,2052,294479,275523,570002
15,2052,297722,275788,573510
16,2052,296132,275359,571491
17,2052,303346,276680,580026
18,2052,304374,277451,581825
19,2052,307952,279352,587304
20,2052,309700,280525,590225
21,2052,308980,280464,589444
22,2052,309470,280601,590071
23,2052,309775,280616,590391
24,2052,309777,280616,590393
25,2052,309777,280616,590393
26,2052,309777,280616,590393
27,2052,309777,280616,590393
28,2052,309777,280616,590393
29,2052,309777,280616,590393
30,2052,309777,280616,590393
31,2052,309777,280616,590393
32,2052,309777,280616,590393
33,2052,309777,280616,590393
34,2052,309777,280616,590393
35,2052,309777,280616,590393
36,2052,309777,280616,590393
37,2052,309777,280616,590393
38,2052,309777,280616,590393
39,2052,309777,280616,590393
40,2052,309777,280616,590393
41,2052,310522,280709,591231
42,2052,310522,280709,591231
43,2052,310522,280709,591231
44,2052,310523,280709,591232
45,2052,310523,280709,591232
46,2052,310523,280709,591232
47,2052,310523,280709,591232
48,2052,310523,280709,591232
49,2052,310523,280709,591232
50,2052,310523,280709,591232
51,2052,310523,280709,591232
52,2052,310523,280709,591232
53,2052,310523,280709,591232
54,2052,310523,280709,591232
55,2052,310523,280709,591232
56,2052,310523,280709,591232
57,2052,310523,280709,591232
58,2052,310523,280709,591232
59,2052,310523,280709,591232
60,2052,310523,280709,591232
61,2052,310494,280709,591203
62,2052,310481,280709,591190
63,2052,310622,280709,591331
64,2052,310711,280709,591420
65,2052,310728,280709,591437
66,2052,310677,280709,591386
67,2052,310677,280709,591386
68,2052,310677,280709,591386
69,2052,310602,280709,591311
70,2052,310576,280709,591285
71,2052,310117,280695,590812
72,2052,310481,280719,591200
73,2052,310143,280719,590862
74,2052,310143,280719,590862
75,2052,310143,280719,590862
76,2052,310143,280719,590862
77,2052,310143,280719,590862
78,2052,319280,304872,624152
79,2052,317218,306403,623621
80,2052,318885,305538,624423
81,2052,315816,304901,620717
82,2052,315816,304901,620717
83,2052,315816,304901,620717
84,2052,315816,304901,620717
85,2052,315816,304901,620717
86,2052,315816,304901,620717
87,2052,315816,304901,620717
88,2052,315816,304901,620717
89,2052,315816,304901,620717
90,2052,315816,304901,620717
91,2052,315816,304901,620717
92,2052,315816,304901,620717
93,2052,315816,304901,620717
94,2052,315816,304901,620717
95,2052,315816,304901,620717
96,2052,315816,304901,620717
97,2052,315816,304901,620717
98,2052,315816,304901,620717
99,2052,315816,304901,620717
100,2052,315816,304901,620717
0,2052,292050,274642,566692
1,2052,291992,274566,566558
2,2052,292049,274566,566615
3,2052,292288,275393,567681
4,2052,292350,275433,567783
5,2052,291665,275418,567083
6,2052,292616,275683,568299
7,2052,292591,275714,568305
8,2052,289388,272724,562112
9,2052,292120,275796,567916
10,2052,292494,275697,568191
11,2052,292571,276455,569026
12,2052,292461,275605,568066
13,2052,293891,275625,569516
14,2052,294576,275565,570141
15,2052,296947,275357,572304
16,2052,296197,275623,571820
17,2052,302139,276579,578718
18,2052,304368,277408,581776
19,2052,309074,279536,588610
20,2052,308796,280425,589221
21,2052,308818,280514,589332
22,2052,309431,280601,590032
23,2052,309749,280616,590365
24,2052,309751,280616,590367
25,2052,309751,280616,590367
26,2052,309751,280616,590367
27,2052,309751,280616,590367
28,2052,309751,280616,590367
29,2052,309751,280616,590367
30,2052,309751,280616,590367
31,2052,309751,280616,590367
32,2052,309751,280616,590367
33,2052,309751,280616,590367
34,2052,309751,280616,590367
35,2052,309751,280616,590367
36,2052,309751,280616,590367
37,2052,309751,280616,590367
38,2052,309751,280616,590367
39,2052,309751,280616,590367
40,2052,309751,280616,590367
41,2052,310523,280709,591232
42,2052,310523,280709,591232
43,2052,310523,280709,591232
44,2052,310523,280709,591232
45,2052,310523,280709,591232
46,2052,310523,280709,591232
47,2052,310523,280709,591232
48,2052,310523,280709,591232
49,2052,310523,280709,591232
50,2052,310523,280709,591232
51,2052,310523,280709,591232
52,2052,310523,280709,591232
53,2052,310523,280709,591232
54,2052,310523,280709,591232
55,2052,310523,280709,591232
56,2052,310523,280709,591232
57,2052,310523,280709,591232
58,2052,310523,280709,591232
59,2052,310523,280709,591232
60,2052,310523,280709,591232
61,2052,310502,280709,591211
62,2052,310533,280709,591242
63,2052,310629,280709,591338
64,2052,310711,280709,591420
65,2052,310748,280709,591457
66,2052,310677,280709,591386
67,2052,310677,280709,591386
68,2052,310677,280709,591386
69,2052,310602,280709,591311
70,2052,310576,280709,591285
71,2052,310117,280695,590812
72,2052,310465,280709,591174
73,2052,310117,280719,590836
74,2052,310117,280719,590836
75,2052,310117,280719,590836
76,2052,310117,280719,590836
77,2052,310117,280719,590836
78,2052,317018,305496,622514
79,2052,319763,304916,624679
80,2052,316558,305659,622217
81,2052,315093,304229,619322
82,2052,315093,304229,619322
83,2052,315093,304229,619322
84,2052,315093,304229,619322
85,2052,315093,304229,619322
86,2052,315093,304229,619322
87,2052,315093,304229,619322
88,2052,315093,304229,619322
89,2052,315093,304229,619322
90,2052,315093,304229,619322
91,2052,315093,304229,619322
92,2052,315093,304229,619322
93,2052,315093,304229,619322
94,2052,315093,304229,619322
95,2052,315093,304229,619322
96,2052,315093,304229,619322
97,2052,315093,304229,619322
98,2052,315093,304229,619322
99,2052,315093,304229,619322
100,2052,315093,304229,619322
0,2052,292467,275809,568276
1,2052,292460,275777,568237
2,2052,292457,275777,568234
3,2052,292245,275154,567399
4,2052,292274,275644,567918
5,2052,292620,276606,569226
6,2052,292731,276392,569123
7,2052,292547,276434,568981
8,2052,290424,273014,563438
9,2052,292125,275680,567805
10,2052,292649,276206,568855
11,2052,291627,275325,566952
12,2052,292214,276093,568307
13,2052,294275,275933,570208
14,2052,294898,275677,570575
15,2052,296696,275498,572194
16,2052,296083,275608,571691
17,2052,302392,276114,578506
18,2052,304800,277408,582208
19,2052,308341,280112,588453
20,2052,308246,280444,588690
21,2052,308721,280514,589235
22,2052,309400,280616,590016
23,2052,309775,280616,590391
24,2052,309777,280616,590393
25,2052,309777,280616,590393
26,2052,309777,280616,590393
27,2052,309777,280616,590393
28,2052,309777,280616,590393
29,2052,309777,280616,590393
30,2052,309777,280616,590393
31,2052,309777,280616,590393
32,2052,309777,280616,590393
33,2052,309777,280616,590393
34,2052,309777,280616,590393
35,2052,309777,280616,590393
36,2052,309777,280616,590393
37,2052,309751,280616,590367
38,2052,309751,280616,590367
39,2052,309751,280616,590367
40,2052,309751,280616,590367
41,2052,310523,280709,591232
42,2052,310523,280709,591232
43,2052,310523,280709,591232
44,2052,310523,280709,591232
45,2052,310523,280709,591232
46,2052,310523,280709,591232
47,2052,310523,280709,591232
48,2052,310523,280709,591232
49,2052,310523,280709,591232
50,2052,310523,280709,591232
51,2052,310523,280709,591232
52,2052,310523,280709,591232
53,2052,310523,280709,591232
54,2052,310523,280709,591232
55,2052,310523,280709,591232
56,2052,310523,280709,591232
57,2052,310523,280709,591232
58,2052,310523,280709,591232
59,2052,310523,280709,591232
60,2052,310523,280709,591232
61,2052,310502,280709,591211
62,2052,310490,280709,591199
63,2052,310629,280709,591338
64,2052,310711,280709,591420
65,2052,310728,280709,591437
66,2052,310677,280709,591386
67,2052,310677,280709,591386
68,2052,310677,280709,591386
69,2052,310609,280709,591318
70,2052,310583,280709,591292
71,2052,310117,280695,590812
72,2052,310465,280709,591174
73,2052,310117,280695,590812
74,2052,310117,280695,590812
75,2052,310117,280695,590812
76,2052,310117,280695,590812
77,2052,310117,280695,590812
78,2052,315589,306728,622317
79,2052,317850,304290,622140
80,2052,315286,304700,619986
81,2052,313486,303270,616756
82,2052,313486,303270,616756
83,2052,313486,303270,616756
84,2052,313486,303270,616756
85,2052,313486,303270,616756
86,2052,313486,303270,616756
87,2052,313486,303270,616756
88,2052,313486,303270,616756
89,2052,313486,303270,616756
90,2052,313486,303270,616756
91,2052,313486,303270,616756
92,2052,313486,303270,616756
93,2052,313486,303270,616756
94,2052,313486,303270,616756
95,2052,313486,303270,616756
96,2052,313486,303270,616756
97,2052,313486,303270,616756
98,2052,313486,303270,616756
99,2052,313486,303270,616756
100,2052,313486,303270,616756
0,2052,292071,275839,567910
1,2052,292089,275900,567989
2,2052,292086,275900,567986
3,2052,292381,275949,568330
4,2052,292447,276194,568641
5,2052,291076,274117,565193
6,2052,291032,274854,565886
7,2052,290997,274886,565883
8,2052,291455,273560,565015
9,2052,292220,275875,568095
10,2052,291207,275214,566421
11,2052,291288,275553,566841
12,2052,293021,276358,569379
13,2052,294152,276089,570241
14,2052,295132,275773,570905
15,2052,295672,275405,571077
16,2052,296009,275276,571285
17,2052,303498,276207,579705
18,2052,304580,277399,581979
19,2052,307593,280366,587959
20,2052,308648,280447,589095
21,2052,309185,280529,589714
22,2052,309411,280647,590058
23,2052,309775,280616,590391
24,2052,309777,280624,590401
25,2052,309777,280624,590401
26,2052,309777,280624,590401
27,2052,309777,280624,590401
28,2052,309777,280624,590401
29,2052,309777,280624,590401
30,2052,309777,280624,590401
31,2052,309777,280624,590401
32,2052,309777,280624,590401
33,2052,309777,280624,590401
34,2052,309777,280624,590401
35,2052,309777,280624,590401
36,2052,309777,280624,590401
37,2052,309777,280616,590393
38,2052,309777,280616,590393
39,2052,309777,280616,590393
40,2052,309777,280616,590393
41,2052,310523,280709,591232
42,2052,310523,280709,591232
43,2052,310523,280709,591232
44,2052,310523,280709,591232
45,2052,310523,280709,591232
46,2052,310523,280709,591232
47,2052,310523,280709,591232
48,2052,310523,280709,591232
49,2052,310523,280709,591232
50,2052,310523,280709,591232
51,2052,310523,280709,591232
52,2052,310523,280709,591232
53,2052,310523,280709,591232
54,2052,310523,280709,591232
55,2052,310523,280709,591232
56,2052,310523,280709,591232
57,2052,310523,280709,591232
58,2052,310523,280709,591232
59,2052,310523,280709,591232
60,2052,310523,280709,591232
61,2052,310502,280709,591211
62,2052,310482,280709,591191
63,2052,310622,280709,591331
64,2052,310711,280709,591420
65,2052,310776,280709,591485
66,2052,310677,280709,591386
67,2052,310677,280709,591386
68,2052,310677,280709,591386
69,2052,310609,280709,591318
70,2052,310583,280709,591292
71,2052,310117,280695,590812
72,2052,310465,280709,591174
73,2052,310117,280695,590812
74,2052,310117,280695,590812
75,2052,310117,280695,590812
76,2052,310117,280695,590812
77,2052,310117,280695,590812
78,2052,319253,303696,622949
79,2052,314882,303302,618184
80,2052,314483,304209,618692
81,2052,313400,302807,616207
82,2052,313400,302807,616207
83,2052,313400,302807,616207
84,2052,313400,302807,616207
85,2052,313400,302807,616207
86,2052,313400,302807,616207
87,2052,313400,302807,616207
88,2052,313400,302807,616207
89,2052,313400,302807,616207
90,2052,313400,302807,616207
91,2052,313400,302807,616207
92,2052,313400,302807,616207
93,2052,313400,302807,616207
94,2052,313400,302807,616207
95,2052,313400,302807,616207
96,2052,313400,302807,616207
97,2052,313400,302807,616207
98,2052,313400,302807,616207
99,2052,313400,302807,616207
100,2052,313400,302807,616207
0,2052,291929,276118,568047
1,2052,292050,276184,568234
2,2052,292024,276184,568208
3,2052,292099,275673,567772
4,2052,291120,275219,566339
5,2052,290898,274381,565279
6,2052,290201,274869,565070
7,2052,289966,274416,564382
8,2052,293136,274868,568004
9,2052,292151,275983,568134
10,2052,291191,275417,566608
11,2052,292570,276264,568834
12,2052,292503,275712,568215
13,2052,293667,275662,569329
14,2052,296166,275731,571897
15,2052,295497,275115,570612
16,2052,296079,275458,571537
17,2052,303229,276582,579811
18,2052,304477,277399,581876
19,2052,306568,280199,586767
20,2052,308456,280490,588946
21,2052,309412,280464,589876
22,2052,309419,280647,590066
23,2052,309775,280624,590399
24,2052,309777,280624,590401
25,2052,309777,280624,590401
26,2052,309777,280624,590401
27,2052,309777,280624,590401
28,2052,309777,280624,590401
29,2052,309777,280624,590401
30,2052,309777,280624,590401
31,2052,309777,280624,590401
32,2052,309777,280624,590401
33,2052,309777,280624,590401
34,2052,309777,280624,590401
35,2052,309777,280624,590401
36,2052,309777,280624,590401
37,2052,309777,280624,590401
38,2052,309777,280624,590401
39,2052,309777,280624,590401
40,2052,309777,280624,590401
41,2052,310523,280709,591232
42,2052,310523,280709,591232
43,2052,310523,280709,591232
44,2052,310523,280709,591232
45,2052,310523,280709,591232
46,2052,310523,280709,591232
47,2052,310523,280709,591232
48,2052,310523,280709,591232
49,2052,310523,280709,591232
50,2052,310523,280709,591232
51,2052,310523,280709,591232
52,2052,310523,280709,591232
53,2052,310523,280709,591232
54,2052,310523,280709,591232
55,2052,310523,280709,591232
56,2052,310523,280709,591232
57,2052,310523,280709,591232
58,2052,310523,280709,591232
59,2052,310523,280709,591232
60,2052,310523,280709,591232
61,2052,310502,280709,591211
62,2052,310542,280709,591251
63,2052,310622,280709,591331
64,2052,310711,280709,591420
65,2052,310776,280709,591485
66,2052,310677,280709,591386
67,2052,310677,280709,591386
68,2052,310677,280709,591386
69,2052,310609,280709,591318
70,2052,310583,280709,591292
71,2052,310117,280695,590812
72,2052,310465,280709,591174
73,2052,310117,280695,590812
74,2052,310117,280695,590812
75,2052,310117,280695,590812
76,2052,310117,280695,590812
77,2052,310117,280695,590812
78,2052,315391,302409,617800
79,2052,313281,301886,615167
80,2052,313582,303403,616985
81,2052,313300,302781,616081
82,2052,313300,302781,616081
83,2052,313300,302781,616081
84,2052,313300,302781,616081
85,2052,313300,302781,616081
86,2052,313300,302781,616081
87,2052,313300,302781,616081
88,2052,313300,302781,616081
89,2052,313300,302781,616081
90,2052,313300,302781,616081
91,2052,313300,302781,616081
92,2052,313300,302781,616081
93,2052,313300,302781,616081
94,2052,313300,302781,616081
95,2052,313300,302781,616081
96,2052,313300,302781,616081
97,2052,313300,302781,616081
98,2052,313300,302781,616081
99,2052,313300,302781,616081
100,2052,313300,302781,616081
0,2052,290678,274865,565543
1,2052,290646,274600,565246
2,2052,290646,274600,565246
3,2052,292028,275935,567963
4,2052,290806,274931,565737
5,2052,291693,275335,567028
6,2052,289512,272972,562484
7,2052,289426,272773,562199
8,2052,292970,275895,568865
9,2052,292042,275514,567556
10,2052,292198,275741,567939
11,2052,291715,275941,567656
12,2052,292280,275815,568095
13,2052,293958,275737,569695
14,2052,295390,275951,571341
15,2052,295576,275625,571201
16,2052,296316,275830,572146
17,2052,302965,276281,579246
18,2052,304630,277408,582038
19,2052,305272,279385,584657
20,2052,308843,280475,589318
21,2052,308966,280464,589430
22,2052,309419,280616,590035
23,2052,309775,280616,590391
24,2052,309777,280616,590393
25,2052,309777,280616,590393
26,2052,309777,280616,590393
27,2052,309777,280616,590393
28,2052,309777,280616,590393
29,2052,309777,280616,590393
30,2052,309777,280616,590393
31,2052,309777,280616,590393
32,2052,309777,280616,590393
33,2052,309777,280616,590393
34,2052,309777,280616,590393
35,2052,309777,280616,590393
36,2052,309777,280616,590393
37,2052,309777,280616,590393
38,2052,309777,280616,590393
39,2052,309777,280616,590393
40,2052,309777,280616,590393
41,2052,310523,280709,591232
42,2052,310523,280709,591232
43,2052,310523,280709,591232
44,2052,310523,280709,591232
45,2052,310523,280709,591232
46,2052,310523,280709,591232
47,2052,310523,280709,591232
48,2052,310523,280709,591232
49,2052,310523,280709,591232
50,2052,310523,280709,591232
51,2052,310523,280709,591232
52,2052,310523,280709,591232
53,2052,310523,280709,591232
54,2052,310523,280709,591232
55,2052,310523,280709,591232
56,2052,310523,280709,591232
57,2052,310523,280709,591232
58,2052,310523,280709,591232
59,2052,310523,280709,591232
60,2052,310523,280709,591232
61,2052,310502,280709,591211
62,2052,310490,280709,591199
63,2052,310629,280709,591338
64,2052,310711,280709,591420
65,2052,310776,280709,591485
66,2052,310677,280709,591386
67,2052,310677,280709,591386
68,2052,310677,280709,591386
69,2052,310609,280709,591318
70,2052,310583,280709,591292
71,2052,310117,280695,590812
72,2052,310465,280709,591174
73,2052,310117,280695,590812
74,2052,310117,280695,590812
75,2052,310117,280695,590812
76,2052,310117,280695,590812
77,2052,310117,280695,590812
78,2052,314163,302133,616296
79,2052,313574,301568,615142
80,2052,313325,302887,616212
81,2052,314143,304623,618766
82,2052,314143,304623,618766
83,2052,314143,304623,618766
84,2052,314143,304623,618766
85,2052,314143,304623,618766
86,2052,314143,304623,618766
87,2052,314143,304623,618766
88,2052,314143,304623,618766
89,2052,314143,304623,618766
90,2052,314143,304623,618766
91,2052,314143,304623,618766
92,2052,314143,304623,618766
93,2052,314143,304623,618766
94,2052,314143,304623,618766
95,2052,314143,304623,618766
96,2052,314143,304623,618766
97,2052,314143,304623,618766
98,2052,314143,304623,618766
99,2052,314143,304623,618766
100,2052,314143,304623,618766
0,2052,289630,273527,563157
1,2052,289084,272978,562062
2,2052,289096,272978,562074
3,2052,291944,275546,567490
4,2052,290744,274239,564983
5,2052,292628,276596,569224
6,2052,290215,273130,563345
7,2052,290379,273170,563549
8,2052,292789,275868,568657
9,2052,292007,275599,567606
10,2052,292516,276305,568821
11,2052,291831,275642,567473
12,2052,293193,276213,569406
13,2052,294133,275848,569981
14,2052,294756,275557,570313
15,2052,295875,275849,571724
16,2052,296104,275804,571908
17,2052,302976,276373,579349
18,2052,304434,277399,581833
19,2052,305026,279291,584317
20,2052,308802,280475,589277
21,2052,308820,280514,589334
22,2052,309407,280616,590023
23,2052,309775,280624,590399
24,2052,309777,280624,590401
25,2052,309777,280624,590401
26,2052,309777,280624,590401
27,2052,309777,280624,590401
28,2052,309777,280624,590401
29,2052,309777,280624,590401
30,2052,309777,280624,590401
31,2052,309777,280624,590401
32,2052,309777,280624,590401
33,2052,309777,280624,590401
34,2052,309777,280624,590401
35,2052,309777,280624,590401
36,2052,309777,280624,590401
37,2052,309777,280616,590393
38,2052,309777,280616,590393
39,2052,309777,280616,590393
40,2052,309777,280616,590393
41,2052,310523,280709,591232
42,2052,310523,280709,591232
43,2052,310523,280709,591232
44,2052,310523,280709,591232
45,2052,310523,280709,591232
46,2052,310523,280709,591232
47,2052,310523,280709,591232
48,2052,310523,280709,591232
49,2052,310523,280709,591232
50,2052,310523,280709,591232
51,2052,310523,280709,591232
52,2052,310523,280709,591232
53,2052,310523,280709,591232
54,2052,310523,280709,591232
55,2052,310523,280709,591232
56,2052,310523,280709,591232
57,2052,310523,280709,591232
58,2052,310523,280709,591232
59,2052,310523,280709,591232
60,2052,310523,280709,591232
61,2052,310502,280709,591211
62,2052,310482,280709,591191
63,2052,310629,280709,591338
64,2052,310711,280709,591420
65,2052,310776,280709,591485
66,2052,310677,280709,591386
67,2052,310677,280709,591386
68,2052,310677,280709,591386
69,2052,310609,280709,591318
70,2052,310583,280709,591292
71,2052,310117,280695,590812
72,2052,310465,280709,591174
73,2052,310117,280695,590812
74,2052,310117,280695,590812
75,2052,310117,280695,590812
76,2052,310117,280695,590812
77,2052,310117,280695,590812
78,2052,312824,302255,615079
79,2052,312361,301855,614216
80,2052,313545,304204,617749
81,2052,315175,307024,622199
82,2052,315175,307024,622199
83,2052,315175,307024,622199
84,2052,315175,307024,622199
85,2052,315175,307024,622199
86,2052,315175,307024,622199
87,2052,315175,307024,622199
88,2052,315175,307024,622199
89,2052,315175,307024,622199
90,2052,315175,307024,622199
91,2052,315175,307024,622199
92,2052,315175,307024,622199
93,2052,315175,307024,622199
94,2052,315175,307024,622199
95,2052,315175,307024,622199
96,2052,315175,307024,622199
97,2052,315175,307024,622199
98,2052,315175,307024,622199
99,2052,315175,307024,622199
100,2052,315175,307024,622199
0,2052,289931,272729,562660
1,2052,289934,272911,562845
2,2052,289982,272952,562934
3,2052,292195,275576,567771
4,2052,291187,274432,565619
5,2052,291032,274005,565037
6,2052,290574,273727,564301
7,2052,291554,273847,565401
8,2052,292191,275275,567466
9,2052,292300,275900,568200
10,2052,291218,275119,566337
11,2052,292350,275661,568011
12,2052,292533,276111,568644
13,2052,294243,276045,570288
14,2052,294509,275322,569831
15,2052,295696,275954,571650
16,2052,295745,275365,571110
17,2052,302787,276624,579411
18,2052,304700,277408,582108
19,2052,305830,279172,585002
20,2052,308798,280475,589273
21,2052,308721,280514,589235
22,2052,309400,280616,590016
23,2052,309775,280624,590399
24,2052,309777,280624,590401
25,2052,309777,280624,590401
26,2052,309777,280624,590401
27,2052,309777,280624,590401
28,2052,309777,280624,590401
29,2052,309777,280624,590401
30,2052,309777,280624,590401
31,2052,309777,280624,590401
32,2052,309777,280624,590401
33,2052,309777,280624,590401
34,2052,309777,280624,590401
35,2052,309777,280624,590401
36,2052,309777,280624,590401
37,2052,309777,280624,590401
38,2052,309777,280624,590401
39,2052,309777,280624,590401
40,2052,309777,280624,590401
41,2052,310523,280709,591232
42,2052,310523,280709,591232
43,2052,310523,280709,591232
44,2052,310523,280709,591232
45,2052,310523,280709,591232
46,2052,310523,280709,591232
47,2052,310523,280709,591232
48,2052,310523,280709,591232
49,2052,310523,280709,591232
50,2052,310523,280709,591232
51,2052,310523,280709,591232
52,2052,310523,280709,591232
53,2052,310523,280709,591232
54,2052,310523,280709,591232
55,2052,310523,280709,591232
56,2052,310523,280709,591232
57,2052,310523,280709,591232
58,2052,310523,280709,591232
59,2052,310523,280709,591232
60,2052,310523,280709,591232
61,2052,310502,280709,591211
62,2052,310542,280709,591251
63,2052,310622,280709,591331
64,2052,310711,280709,591420
65,2052,310776,280709,591485
66,2052,310677,280709,591386
67,2052,310677,280709,591386
68,2052,310677,280709,591386
69,2052,310609,280709,591318
70,2052,310583,280709,591292
71,2052,310117,280695,590812
72,2052,310465,280709,591174
73,2052,310117,280695,590812
74,2052,310117,280695,590812
75,2052,310117,280695,590812
76,2052,310117,280695,590812
77,2052,310117,280695,590812
78,2052,314312,303031,617343
79,2052,314087,303226,617313
80,2052,313783,305497,619280
81,2052,319234,305827,625061
82,2052,319234,305827,625061
83,2052,319234,305827,625061
84,2052,319234,305827,625061
85,2052,319234,305827,625061
86,2052,319234,305827,625061
87,2052,319234,305827,625061
88,2052,319234,305827,625061
89,2052,319234,305827,625061
90,2052,319234,305827,625061
91,2052,319234,305827,625061
92,2052,319234,305827,625061
93,2052,319234,305827,625061
94,2052,319234,305827,625061
95,2052,319234,305827,625061
96,2052,319234,305827,625061
97,2052,319234,305827,625061
98,2052,319234,305827,625061
99,2052,319234,305827,625061
100,2052,319234,305827,625061
0,2052,290389,273324,563713
1,2052,290357,273423,563780
2,2052,290327,273499,563826
3,2052,292216,275829,568045
4,2052,292652,275969,568621
5,2052,290429,274160,564589
6,2052,291995,274742,566737
7,2052,293131,275594,568725
8,2052,292310,275603,567913
9,2052,292239,275895,568134
10,2052,291305,275231,566536
11,2052,292658,276470,569128
12,2052,291894,275712,567606
13,2052,293818,275668,569486
14,2052,294959,275664,570623
15,2052,295329,275541,570870
16,2052,296065,275365,571430
17,2052,302452,276309,578761
18,2052,304434,277399,581833
19,2052,307640,279219,586859
20,2052,308797,280475,589272
21,2052,309191,280529,589720
22,2052,309411,280647,590058
23,2052,309775,280624,590399
24,2052,309777,280624,590401
25,2052,309777,280624,590401
26,2052,309777,280624,590401
27,2052,309777,280624,590401
28,2052,309777,280624,590401
29,2052,309777,280624,590401
30,2052,309777,280624,590401
31,2052,309777,280624,590401
32,2052,309777,280624,590401
33,2052,309777,280624,590401
34,2052,309777,280624,590401
35,2052,309777,280624,590401
36,2052,309777,280624,590401
37,2052,309777,280624,590401
38,2052,309777,280624,590401
39,2052,309777,280624,590401
40,2052,309777,280624,590401
41,2052,310523,280709,591232
42,2052,310523,280709,591232
43,2052,310523,280709,591232
44,2052,310523,280709,591232
45,2052,310523,280709,591232
46,2052,310523,280709,591232
47,2052,310523,280709,591232
48,2052,310523,280709,591232
49,2052,310523,280709,591232
50,2052,310523,280709,591232
51,2052,310523,280709,591232
52,2052,310523,280709,591232
53,2052,310523,280709,591232
54,2052,310523,280709,591232
55,2052,310523,280709,591232
56,2052,310523,280709,591232
57,2052,310523,280709,591232
58,2052,310523,280709,591232
59,2052,310523,280709,591232
60,2052,310523,280709,591232
61,2052,310502,280709,591211
62,2052,310490,280709,591199
63,2052,310622,280709,591331
64,2052,310711,280709,591420
65,2052,310776,280709,591485
66,2052,310677,280709,591386
67,2052,310677,280709,591386
68,2052,310677,280709,591386
69,2052,310609,280709,591318
70,2052,310583,280709,591292
71,2052,310117,280695,590812
72,2052,310465,280709,591174
73,2052,310117,280695,590812
74,2052,310117,280695,590812
75,2052,310117,280695,590812
76,2052,310117,280695,590812
77,2052,310117,280695,590812
78,2052,314565,303350,617915
79,2052,315463,303836,619299
80,2052,315597,307591,623188
81,2052,318475,306338,624813
82,2052,318475,306338,624813
83,2052,318475,306338,624813
84,2052,318475,306338,624813
85,2052,318475,306338,624813
86,2052,318475,306338,624813
87,2052,318475,306338,624813
88,2052,318475,306338,624813
89,2052,318475,306338,624813
90,2052,318475,306338,624813
91,2052,318475,306338,624813
92,2052,318475,306338,624813
93,2052,318475,306338,624813
94,2052,318475,306338,624813
95,2052,318475,306338,624813
96,2052,318475,306338,624813
97,2052,318475,306338,624813
98,2052,318475,306338,624813
99,2052,318475,306338,624813
100,2052,318475,306338,624813
0,2052,291577,274118,565695
1,2052,291704,274059,565763
2,2052,291728,274070,565798
3,2052,292172,275866,568038
4,2052,292520,275795,568315
5,2052,290894,274103,564997
6,2052,293029,275653,568682
7,2052,293002,275585,568587
8,2052,292514,276161,568675
9,2052,292060,275434,567494
10,2052,292373,275869,568242
11,2052,291521,275321,566842
12,2052,292700,275905,568605
13,2052,293942,275538,569480
14,2052,295205,275997,571202
15,2052,296250,275426,571676
16,2052,296330,275907,572237
17,2052,302651,276235,578886
18,2052,304622,277408,582030
19,2052,308470,279310,587780
20,2052,308804,280475,589279
21,2052,309404,280464,589868
22,2052,309411,280647,590058
23,2052,309775,280624,590399
24,2052,309777,280624,590401
25,2052,309777,280624,590401
26,2052,309777,280624,590401
27,2052,309777,280624,590401
28,2052,309777,280624,590401
29,2052,309777,280624,590401
30,2052,309777,280624,590401
31,2052,309777,280624,590401
32,2052,309777,280624,590401
33,2052,309777,280624,590401
34,2052,309777,280624,590401
35,2052,309777,280624,590401
36,2052,309777,280624,590401
37,2052,309777,280624,590401
38,2052,309777,280624,590401
39,2052,309777,280624,590401
40,2052,309777,280624,590401
41,2052,310523,280709,591232
42,2052,310523,280709,591232
43,2052,310523,280709,591232
44,2052,310523,280709,591232
45,2052,310523,280709,591232
46,2052,310523,280709,591232
47,2052,310523,280709,591232
48,2052,310523,280709,591232
49,2052,310523,280709,591232
50,2052,310523,280709,591232
51,2052,310523,280709,591232
52,2052,310523,280709,591232
53,2052,310523,280709,591232
54,2052,310523,280709,591232
55,2052,310523,280709,591232
56,2052,310523,280709,591232
57,2052,310523,280709,591232
58,2052,310523,280709,591232
59,2052,310523,280709,591232
60,2052,310523,280709,591232
61,2052,310502,280709,591211
62,2052,310482,280709,591191
63,2052,310629,280709,591338
64,2052,310711,280709,591420
65,2052,310776,280709,591485
66,2052,310677,280709,591386
67,2052,310677,280709,591386
68,2052,310677,280709,591386
69,2052,310609,280709,591318
70,2052,310583,280709,591292
71,2052,310117,280695,590812
72,2052,310465,280709,591174
73,2052,310117,280695,590812
74,2052,310117,280695,590812
75,2052,310117,280695,590812
76,2052,310117,280695,590812
77,2052,310117,280695,590812
78,2052,314748,304905,619653
79,2052,315681,305040,620721
80,2052,320100,305595,625695
81,2052,319150,304796,623946
82,2052,319150,304796,623946
83,2052,319150,304796,623946
84,2052,319150,304796,623946
85,2052,319150,304796,623946
86,2052,319150,304796,623946
87,2052,319150,304796,623946
88,2052,319150,304796,623946
89,2052,319150,304796,623946
90,2052,319150,304796,623946
91,2052,319150,304796,623946
92,2052,319150,304796,623946
93,2052,319150,304796,623946
94,2052,319150,304796,623946
95,2052,319150,304796,623946
96,2052,319150,304796,623946
97,2052,319150,304796,623946
98,2052,319150,304796,623946
99,2052,319150,304796,623946
100,2052,319150,304796,623946
0,2052,292691,275252,567943
1,2052,292737,275408,568145
2,2052,292737,275396,568133
3,2052,291909,275660,567569
4,2052,292434,275675,568109
5,2052,292224,276129,568353
6,2052,292989,275830,568819
7,2052,292884,275778,568662
8,2052,291224,275620,566844
9,2052,291990,275557,567547
10,2052,292433,276415,568848
11,2052,291391,275660,567051
12,2052,293221,276798,570019
13,2052,294261,275802,570063
14,2052,297791,275834,573625
15,2052,295951,275686,571637
16,2052,296030,275683,571713
17,2052,302367,276387,578754
18,2052,304434,277399,581833
19,2052,309346,279536,588882
20,2052,308804,280475,589279
21,2052,308966,280464,589430
22,2052,309411,280616,590027
23,2052,309775,280624,590399
24,2052,309777,280624,590401
25,2052,309777,280624,590401
26,2052,309777,280624,590401
27,2052,309777,280624,590401
28,2052,309777,280624,590401
29,2052,309777,280624,590401
30,2052,309777,280624,590401
31,2052,309777,280624,590401
32,2052,309777,280624,590401
33,2052,309777,280624,590401
34,2052,309777,280624,590401
35,2052,309777,280624,590401
36,2052,309777,280624,590401
37,2052,309777,280624,590401
38,2052,309777,280624,590401
39,2052,309777,280624,590401
40,2052,309777,280624,590401
41,2052,310523,280709,591232
42,2052,310523,280709,591232
43,2052,310523,280709,591232
44,2052,310523,280709,591232
45,2052,310523,280709,591232
46,2052,310523,280709,591232
47,2052,310523,280709,591232
48,2052,310523,280709,591232
49,2052,310523,280709,591232
50,2052,310523,280709,591232
51,2052,310523,280709,591232
52,2052,310523,280709,591232
53,2052,310523,280709,591232
54,2052,310523,280709,591232
55,2052,310523,280709,591232
56,2052,310523,280709,591232
57,2052,310523,280709,591232
58,2052,310523,280709,591232
59,2052,310523,280709,591232
60,2052,310523,280709,591232
61,2052,310502,280709,591211
62,2052,310542,280709,591251
63,2052,310629,280709,591338
64,2052,310711,280709,591420
65,2052,310776,280709,591485
66,2052,310677,280709,591386
67,2052,310677,280709,591386
68,2052,310677,280709,591386
69,2052,310609,280709,591318
70,2052,310583,280709,591292
71,2052,310117,280695,590812
72,2052,310465,280709,591174
73,2052,310117,280695,590812
74,2052,310117,280695,590812
75,2052,310117,280695,590812
76,2052,310117,280695,590812
77,2052,310117,280695,590812
78,2052,315901,306651,622552
79,2052,316557,307162,623719
80,2052,319112,306085,625197
81,2052,317302,305907,623209
82,2052,317302,305907,623209
83,2052,317302,305907,623209
84,2052,317302,305907,623209
85,2052,317302,305907,623209
86,2052,317302,305907,623209
87,2052,317302,305907,623209
88,2052,317302,305907,623209
89,2052,317302,305907,623209
90,2052,317302,305907,623209
91,2052,317302,305907,623209
92,2052,317302,305907,623209
93,2052,317302,305907,623209
94,2052,317302,305907,623209
95,2052,317302,305907,623209
96,2052,317302,305907,623209
97,2052,317302,305907,623209
98,2052,317302,305907,623209
99,2052,317302,305907,623209
100,2052,317302,305907,623209
0,2053,292160,275407,567567
1,2053,292160,275407,567567
2,2053,292156,275407,567563
3,2053,292317,275433,567750
4,2053,292459,275435,567894
5,2053,292604,275460,568064
6,2053,292715,275538,568253
7,2053,292699,275529,568228
8,2053,292688,275503,568191
9,2053,292689,275485,568174
10,2053,292704,275551,568255
11,2053,292828,275972,568800
12,2053,293342,276256,569598
13,2053,293719,276375,570094
14,2053,293758,276281,570039
15,2053,293823,276272,570095
16,2053,294123,276355,570478
17,2053,294561,276410,570971
18,2053,295789,276733,572522
19,2053,296731,278188,574919
20,2053,296795,278225,575020
21,2053,296833,278284,575117
22,2053,296862,278532,575394
23,2053,296890,278545,575435
24,2053,296890,278545,575435
25,2053,296890,278545,575435
26,2053,296890,278545,575435
27,2053,296890,278545,575435
28,2053,296890,278545,575435
29,2053,296890,278545,575435
30,2053,296890,278545,575435
31,2053,296890,278545,575435
32,2053,296890,278545,575435
33,2053,296890,278545,575435
34,2053,296890,278545,575435
35,2053,296890,278545,575435
36,2053,296890,278545,575435
37,2053,296890,278545,575435
38,2053,296890,278545,575435
39,2053,296890,278545,575435
40,2053,296890,278545,575435
41,2053,296890,278545,575435
42,2053,296890,278545,575435
43,2053,296890,278545,575435
44,2053,296890,278545,575435
45,2053,296890,278545,575435
46,2053,296881,278545,575426
47,2053,296873,278545,575418
48,2053,296873,278545,575418
49,2053,296873,278545,575418
50,2053,296873,278545,575418
51,2053,296873,278595,575468
52,2053,296873,278595,575468
53,2053,296873,278595,575468
54,2053,296873,278595,575468
55,2053,296873,278595,575468
56,2053,296873,278595,575468
57,2053,296873,278595,575468
58,2053,296873,278595,575468
59,2053,296873,278595,575468
60,2053,296873,278595,575468
61,2053,296873,278595,575468
62,2053,296873,278595,575468
63,2053,296873,278595,575468
64,2053,296825,278595,575420
65,2053,296825,278595,575420
66,2053,296738,278595,575333
67,2053,296738,278595,575333
68,2053,296472,278595,575067
69,2053,296377,278595,574972
70,2053,296237,278595,574832
71,2053,295800,278595,574395
72,2053,295800,278595,574395
73,2053,295461,278595,574056
74,2053,295423,278595,574018
75,2053,295423,278595,574018
76,2053,295423,278595,574018
77,2053,295423,278595,574018
78,2053,295423,279554,574977
79,2053,295423,279363,574786
80,2053,295423,279614,575037
81,2053,295423,279743,575166
82,2053,295423,279743,575166
83,2053,295423,279743,575166
84,2053,295423,279743,575166
85,2053,295423,279743,575166
86,2053,295423,279743,575166
87,2053,295423,279743,575166
88,2053,295423,279743,575166
89,2053,295423,279743,575166
90,2053,295423,279743,575166
91,2053,295423,279743,575166
92,2053,295423,279743,575166
93,2053,295423,279743,575166
94,2053,295423,279743,575166
95,2053,295423,279743,575166
96,2053,295423,279743,575166
97,2053,295423,279743,575166
98,2053,295423,279743,575166
99,2053,295423,279743,575166
100,2053,295423,279743,575166
0,2053,292266,275259,567525
1,2053,292266,275259,567525
2,2053,292259,275259,567518
3,2053,292436,275274,567710
4,2053,292615,275193,567808
5,2053,292741,275299,568040
6,2053,292868,275406,568274
7,2053,292842,275390,568232
8,2053,292820,275364,568184
9,2053,292815,275344,568159
10,2053,292810,275474,568284
11,2053,292862,275699,568561
12,2053,293184,275754,568938
13,2053,293704,275708,569412
14,2053,293937,275800,569737
15,2053,294124,275792,569916
16,2053,294466,275859,570325
17,2053,295672,275850,571522
18,2053,297964,276497,574461
19,2053,298821,278322,577143
20,2053,299958,278491,578449
21,2053,300126,278538,578664
22,2053,300128,279006,579134
23,2053,300136,279020,579156
24,2053,300136,279020,579156
25,2053,300136,279020,579156
26,2053,300136,279020,579156
27,2053,300136,279020,579156
28,2053,300136,279020,579156
29,2053,300136,279020,579156
30,2053,300136,279020,579156
31,2053,300136,279020,579156
32,2053,300136,279020,579156
33,2053,300136,279020,579156
34,2053,300136,279020,579156
35,2053,300136,279020,579156
36,2053,300136,279020,579156
37,2053,300136,279020,579156
38,2053,300136,279020,579156
39,2053,300136,279020,579156
40,2053,300136,279020,579156
41,2053,300136,279020,579156
42,2053,300136,279020,579156
43,2053,300136,279020,579156
44,2053,300538,279020,579558
45,2053,300538,279020,579558
46,2053,300536,279020,579556
47,2053,300528,279020,579548
48,2053,300528,279020,579548
49,2053,300528,279020,579548
50,2053,300528,279020,579548
51,2053,300528,279059,579587
52,2053,300528,279059,579587
53,2053,300528,279059,579587
54,2053,300528,279059,579587
55,2053,300528,279059,579587
56,2053,300528,279059,579587
57,2053,300528,279059,579587
58,2053,300528,279059,579587
59,2053,300528,279059,579587
60,2053,300528,279059,579587
61,2053,300528,279059,579587
62,2053,300528,279059,579587
63,2053,300528,279059,579587
64,2053,300557,279059,579616
65,2053,300557,279059,579616
66,2053,300066,279059,579125
67,2053,300008,279059,579067
68,2053,299613,279059,578672
69,2053,299663,279059,578722
70,2053,299415,279037,578452
71,2053,298888,279037,577925
72,2053,298782,279037,577819
73,2053,298283,278963,577246
74,2053,298238,278963,577201
75,2053,298238,278963,577201
76,2053,298238,278963,577201
77,2053,298238,278963,577201
78,2053,298344,280269,578613
79,2053,298259,280078,578337
80,2053,298344,280826,579170
81,2053,298338,280568,578906
82,2053,298338,280568,578906
83,2053,298338,280568,578906
84,2053,298338,280568,578906
85,2053,298338,280568,578906
86,2053,298338,280568,578906
87,2053,298338,280568,578906
88,2053,298338,280568,578906
89,2053,298338,280568,578906
90,2053,298338,280568,578906
91,2053,298338,280568,578906
92,2053,298338,280568,578906
93,2053,298338,280568,578906
94,2053,298338,280568,578906
95,2053,298338,280568,578906
96,2053,298338,280568,578906
97,2053,298338,280568,578906
98,2053,298338,280568,578906
99,2053,298338,280568,578906
100,2053,298338,280568,578906
0,2053,292274,275413,567687
1,2053,292274,275413,567687
2,2053,292266,275413,567679
3,2053,292417,275347,567764
4,2053,292716,275394,568110
5,2053,292856,275450,568306
6,2053,292910,275526,568436
7,2053,292866,275510,568376
8,2053,292838,275471,568309
9,2053,292865,275477,568342
10,2053,292819,275561,568380
11,2053,292909,275804,568713
12,2053,293366,276259,569625
13,2053,294527,276216,570743
14,2053,294776,276418,571194
15,2053,295034,276413,571447
16,2053,296135,276482,572617
17,2053,297419,276524,573943
18,2053,299982,276890,576872
19,2053,300697,278092,578789
20,2053,300794,278561,579355
21,2053,301474,278636,580110
22,2053,301310,278941,580251
23,2053,301326,278955,580281
24,2053,301326,278955,580281
25,2053,301326,278955,580281
26,2053,301326,278955,580281
27,2053,301326,278955,580281
28,2053,301326,278955,580281
29,2053,301326,278955,580281
30,2053,301326,278955,580281
31,2053,301326,278955,580281
32,2053,301326,278955,580281
33,2053,301326,278955,580281
34,2053,301326,278955,580281
35,2053,301326,278955,580281
36,2053,301326,278955,580281
37,2053,301326,278955,580281
38,2053,301326,278955,580281
39,2053,301326,278955,580281
40,2053,301326,278955,580281
41,2053,301326,278955,580281
42,2053,301326,278955,580281
43,2053,301333,278955,580288
44,2053,303077,279111,582188
45,2053,303077,279111,582188
46,2053,302118,279111,581229
47,2053,302109,279111,581220
48,2053,302109,279111,581220
49,2053,302109,279111,581220
50,2053,302109,279111,581220
51,2053,302109,279149,581258
52,2053,302109,279149,581258
53,2053,302109,279149,581258
54,2053,302109,279149,581258
55,2053,302109,279149,581258
56,2053,302109,279149,581258
57,2053,302109,279149,581258
58,2053,302109,279149,581258
59,2053,302109,279149,581258
60,2053,302109,279149,581258
61,2053,302109,279149,581258
62,2053,302109,279149,581258
63,2053,302109,279149,581258
64,2053,303056,279149,582205
65,2053,303056,279149,582205
66,2053,301751,278994,580745
67,2053,301764,278926,580690
68,2053,301625,278926,580551
69,2053,301693,278926,580619
70,2053,301698,278926,580624
71,2053,302699,279051,581750
72,2053,302614,279051,581665
73,2053,301717,279129,580846
74,2053,301717,279129,580846
75,2053,301717,279129,580846
76,2053,301717,279129,580846
77,2053,301717,279129,580846
78,2053,301618,283834,585452
79,2053,301588,283520,585108
80,2053,301523,283856,585379
81,2053,301545,283856,585401
82,2053,301545,283856,585401
83,2053,301545,283856,585401
84,2053,301545,283856,585401
85,2053,301545,283856,585401
86,2053,301545,283856,585401
87,2053,301545,283856,585401
88,2053,301545,283856,585401
89,2053,301545,283856,585401
90,2053,301545,283856,585401
91,2053,301545,283856,585401
92,2053,301545,283856,585401
93,2053,301545,283856,585401
94,2053,301545,283856,585401
95,2053,301545,283856,585401
96,2053,301545,283856,585401
97,2053,301545,283856,585401
98,2053,301545,283856,585401
99,2053,301545,283856,585401
100,2053,301545,283856,585401
0,2053,292099,274901,567000
1,2053,292099,274901,567000
2,2053,292091,274901,566992
3,2053,292300,274901,567201
4,2053,292463,274931,567394
5,2053,292518,274983,567501
6,2053,292615,275035,567650
7,2053,292607,275057,567664
8,2053,292601,275043,567644
9,2053,292574,275024,567598
10,2053,292549,275055,567604
11,2053,292624,275339,567963
12,2053,293047,275490,568537
13,2053,294584,275590,570174
14,2053,295239,275679,570918
15,2053,297561,275661,573222
16,2053,296031,275360,571391
17,2053,298511,275281,573792
18,2053,300960,276311,577271
19,2053,318140,278178,596318
20,2053,318570,278704,597274
21,2053,307169,279147,586316
22,2053,306963,279195,586158
23,2053,307025,279209,586234
24,2053,307025,279209,586234
25,2053,307025,279209,586234
26,2053,307025,279209,586234
27,2053,307025,279209,586234
28,2053,307025,279209,586234
29,2053,307025,279209,586234
30,2053,307025,279209,586234
31,2053,307025,279209,586234
32,2053,307025,279209,586234
33,2053,307025,279209,586234
34,2053,307025,279209,586234
35,2053,307025,279209,586234
36,2053,307025,279209,586234
37,2053,307025,279209,586234
38,2053,307025,279209,586234
39,2053,307025,279209,586234
40,2053,307025,279209,586234
41,2053,307025,279209,586234
42,2053,307025,279209,586234
43,2053,307025,279209,586234
44,2053,309401,279433,588834
45,2053,309401,279433,588834
46,2053,308138,279364,587502
47,2053,308207,279364,587571
48,2053,308207,279364,587571
49,2053,308207,279364,587571
50,2053,308207,279364,587571
51,2053,308198,279402,587600
52,2053,308198,279402,587600
53,2053,308198,279402,587600
54,2053,308198,279402,587600
55,2053,308198,279402,587600
56,2053,308198,279402,587600
57,2053,308198,279402,587600
58,2053,308198,279402,587600
59,2053,308198,279402,587600
60,2053,308198,279402,587600
61,2053,308198,279402,587600
62,2053,308198,279402,587600
63,2053,308198,279402,587600
64,2053,309449,279472,588921
65,2053,309538,279472,589010
66,2053,307947,279400,587347
67,2053,308227,279400,587627
68,2053,307618,279138,586756
69,2053,307735,279232,586967
70,2053,307742,279123,586865
71,2053,309127,279187,588314
72,2053,308751,279129,587880
73,2053,307179,279129,586308
74,2053,307179,279129,586308
75,2053,307179,279129,586308
76,2053,307179,279129,586308
77,2053,307179,279129,586308
78,2053,306934,286413,593347
79,2053,306862,284996,591858
80,2053,306855,286432,593287
81,2053,306855,286432,593287
82,2053,306855,286432,593287
83,2053,306855,286432,593287
84,2053,306855,286432,593287
85,2053,306855,286432,593287
86,2053,306855,286432,593287
87,2053,306855,286432,593287
88,2053,306855,286432,593287
89,2053,306855,286432,593287
90,2053,306855,286432,593287
91,2053,306855,286432,593287
92,2053,306855,286432,593287
93,2053,306855,286432,593287
94,2053,306855,286432,593287
95,2053,306855,286432,593287
96,2053,306855,286432,593287
97,2053,306855,286432,593287
98,2053,306855,286432,593287
99,2053,306855,286432,593287
100,2053,306855,286432,593287
0,2053,292414,276267,568681
1,2053,292414,276267,568681
2,2053,292410,276267,568677
3,2053,292524,276267,568791
4,2053,292770,276374,569144
5,2053,292782,276405,569187
6,2053,292777,275836,568613
7,2053,292789,275833,568622
8,2053,292809,276105,568914
9,2053,292817,276218,569035
10,2053,292752,276008,568760
11,2053,292786,276013,568799
12,2053,292637,275836,568473
13,2053,294207,275567,569774
14,2053,297544,275452,572996
15,2053,296712,275491,572203
16,2053,295873,275344,571217
17,2053,298696,275638,574334
18,2053,308040,277244,585284
19,2053,310244,279250,589494
20,2053,310992,279343,590335
21,2053,309447,279369,588816
22,2053,309498,279517,589015
23,2053,309548,279517,589065
24,2053,309548,279517,589065
25,2053,309548,279517,589065
26,2053,309548,279517,589065
27,2053,309548,279517,589065
28,2053,309548,279517,589065
29,2053,309548,279517,589065
30,2053,309548,279517,589065
31,2053,309548,279517,589065
32,2053,309548,279517,589065
33,2053,309548,279517,589065
34,2053,309548,279517,589065
35,2053,309548,279517,589065
36,2053,309548,279517,589065
37,2053,309933,279517,589450
38,2053,309933,279517,589450
39,2053,309933,279517,589450
40,2053,309933,279517,589450
41,2053,309933,279517,589450
42,2053,309933,279517,589450
43,2053,309933,279517,589450
44,2053,311218,279445,590663
45,2053,311218,279445,590663
46,2053,311078,279485,590563
47,2053,311078,279485,590563
48,2053,311078,279485,590563
49,2053,311078,279485,590563
50,2053,311078,279485,590563
51,2053,311087,279523,590610
52,2053,311087,279523,590610
53,2053,311087,279523,590610
54,2053,311087,279523,590610
55,2053,311087,279523,590610
56,2053,311087,279523,590610
57,2053,311087,279523,590610
58,2053,311087,279523,590610
59,2053,311087,279523,590610
60,2053,311087,279523,590610
61,2053,311087,279523,590610
62,2053,311087,279523,590610
63,2053,311197,279523,590720
64,2053,311402,279483,590885
65,2053,311494,279483,590977
66,2053,311142,279522,590664
67,2053,311181,279522,590703
68,2053,310276,279498,589774
69,2053,310326,279498,589824
70,2053,310257,279585,589842
71,2053,310672,279598,590270
72,2053,310683,279572,590255
73,2053,309854,279579,589433
74,2053,309854,279579,589433
75,2053,309854,279579,589433
76,2053,309854,279579,589433
77,2053,309854,279579,589433
78,2053,309223,297053,606276
79,2053,309182,295170,604352
80,2053,309215,297002,606217
81,2053,309223,297359,606582
82,2053,309223,297359,606582
83,2053,309223,297359,606582
84,2053,309223,297359,606582
85,2053,309223,297359,606582
86,2053,309223,297359,606582
87,2053,309223,297359,606582
88,2053,309223,297359,606582
89,2053,309223,297359,606582
90,2053,309223,297359,606582
91,2053,309223,297359,606582
92,2053,309223,297359,606582
93,2053,309223,297359,606582
94,2053,309223,297359,606582
95,2053,309223,297359,606582
96,2053,309223,297359,606582
97,2053,309223,297359,606582
98,2053,309223,297359,606582
99,2053,309223,297359,606582
100,2053,309223,297359,606582
0,2053,290839,275033,565872
1,2053,290839,275033,565872
2,2053,290835,275033,565868
3,2053,290937,275233,566170
4,2053,291005,274937,565942
5,2053,291046,275155,566201
6,2053,292232,276240,568472
7,2053,292199,276233,568432
8,2053,291249,275661,566910
9,2053,291199,275601,566800
10,2053,292123,276191,568314
11,2053,292361,276048,568409
12,2053,293171,276060,569231
13,2053,294126,275531,569657
14,2053,296668,275937,572605
15,2053,295244,275388,570632
16,2053,296127,275713,571840
17,2053,298662,276231,574893
18,2053,305162,277907,583069
19,2053,309543,280666,590209
20,2053,310358,280573,590931
21,2053,310236,280007,590243
22,2053,310517,280086,590603
23,2053,310504,280086,590590
24,2053,310504,280086,590590
25,2053,310504,280086,590590
26,2053,310504,280086,590590
27,2053,310504,280086,590590
28,2053,310504,280086,590590
29,2053,310504,280086,590590
30,2053,310504,280086,590590
31,2053,310504,280086,590590
32,2053,310504,280086,590590
33,2053,310504,280086,590590
34,2053,310504,280086,590590
35,2053,310504,280086,590590
36,2053,310504,280086,590590
37,2053,310568,280086,590654
38,2053,310568,280086,590654
39,2053,310568,280086,590654
40,2053,310568,280086,590654
41,2053,310949,280086,591035
42,2053,310949,280086,591035
43,2053,310949,280086,591035
44,2053,311212,280770,591982
45,2053,311212,280770,591982
46,2053,311402,280718,592120
47,2053,311402,280718,592120
48,2053,311402,280718,592120
49,2053,311402,280718,592120
50,2053,311402,280718,592120
51,2053,311402,280757,592159
52,2053,311402,280757,592159
53,2053,311402,280757,592159
54,2053,311402,280757,592159
55,2053,311402,280757,592159
56,2053,311402,280757,592159
57,2053,311402,280757,592159
58,2053,311402,280757,592159
59,2053,311402,280757,592159
60,2053,311402,280757,592159
61,2053,311402,280757,592159
62,2053,311402,280757,592159
63,2053,311500,280757,592257
64,2053,311363,280826,592189
65,2053,311724,280826,592550
66,2053,311611,280757,592368
67,2053,311478,280757,592235
68,2053,311136,280282,591418
69,2053,311224,280386,591610
70,2053,311089,280359,591448
71,2053,311023,280782,591805
72,2053,311415,280757,592172
73,2053,310475,280113,590588
74,2053,310475,280113,590588
75,2053,310475,280113,590588
76,2053,310475,280113,590588
77,2053,310475,280113,590588
78,2053,312080,301426,613506
79,2053,311717,300216,611933
80,2053,312078,301550,613628
81,2053,312097,305369,617466
82,2053,312097,305369,617466
83,2053,312097,305369,617466
84,2053,312097,305369,617466
85,2053,312097,305369,617466
86,2053,312097,305369,617466
87,2053,312097,305369,617466
88,2053,312097,305369,617466
89,2053,312097,305369,617466
90,2053,312097,305369,617466
91,2053,312097,305369,617466
92,2053,312097,305369,617466
93,2053,312097,305369,617466
94,2053,312097,305369,617466
95,2053,312097,305369,617466
96,2053,312097,305369,617466
97,2053,312097,305369,617466
98,2053,312097,305369,617466
99,2053,312097,305369,617466
100,2053,312097,305369,617466
0,2053,289659,274603,564262
1,2053,289659,274603,564262
2,2053,289665,274603,564268
3,2053,290131,274992,565123
4,2053,290075,275018,565093
5,2053,290517,275453,565970
6,2053,291142,275727,566869
7,2053,291129,275727,566856
8,2053,291983,276029,568012
9,2053,291141,275810,566951
10,2053,291146,275616,566762
11,2053,292016,276074,568090
12,2053,292897,276138,569035
13,2053,294262,276019,570281
14,2053,294683,275572,570255
15,2053,297679,275397,573076
16,2053,295993,275946,571939
17,2053,298812,276626,575438
18,2053,303893,278118,582011
19,2053,307392,280296,587688
20,2053,308113,280287,588400
21,2053,310267,280533,590800
22,2053,310619,280734,591353
23,2053,310685,280734,591419
24,2053,310685,280734,591419
25,2053,310685,280734,591419
26,2053,310685,280734,591419
27,2053,310685,280734,591419
28,2053,310685,280734,591419
29,2053,310685,280734,591419
30,2053,310685,280734,591419
31,2053,310685,280734,591419
32,2053,310685,280734,591419
33,2053,310685,280734,591419
34,2053,310685,280734,591419
35,2053,310685,280734,591419
36,2053,310685,280734,591419
37,2053,310706,280734,591440
38,2053,310706,280734,591440
39,2053,310706,280734,591440
40,2053,310706,280734,591440
41,2053,311060,280758,591818
42,2053,311060,280758,591818
43,2053,311060,280758,591818
44,2053,310515,280639,591154
45,2053,310515,280639,591154
46,2053,310557,280639,591196
47,2053,310557,280639,591196
48,2053,310557,280639,591196
49,2053,310557,280639,591196
50,2053,310557,280639,591196
51,2053,310557,280639,591196
52,2053,310557,280639,591196
53,2053,310557,280639,591196
54,2053,310557,280639,591196
55,2053,310557,280639,591196
56,2053,310557,280639,591196
57,2053,310557,280639,591196
58,2053,310557,280639,591196
59,2053,310557,280639,591196
60,2053,310557,280639,591196
61,2053,310557,280639,591196
62,2053,310557,280639,591196
63,2053,310910,280639,591549
64,2053,310761,280639,591400
65,2053,311033,280639,591672
66,2053,311135,280672,591807
67,2053,310932,280639,591571
68,2053,311116,280771,591887
69,2053,311041,280703,591744
70,2053,310992,280666,591658
71,2053,310516,280639,591155
72,2053,310473,280639,591112
73,2053,311008,280697,591705
74,2053,311008,280697,591705
75,2053,311008,280697,591705
76,2053,311008,280697,591705
77,2053,311008,280697,591705
78,2053,314470,302480,616950
79,2053,314144,302411,616555
80,2053,314352,302829,617181
81,2053,316242,304224,620466
82,2053,316242,304224,620466
83,2053,316242,304224,620466
84,2053,316242,304224,620466
85,2053,316242,304224,620466
86,2053,316242,304224,620466
87,2053,316242,304224,620466
88,2053,316242,304224,620466
89,2053,316242,304224,620466
90,2053,316242,304224,620466
91,2053,316242,304224,620466
92,2053,316242,304224,620466
93,2053,316242,304224,620466
94,2053,316242,304224,620466
95,2053,316242,304224,620466
96,2053,316242,304224,620466
97,2053,316242,304224,620466
98,2053,316242,304224,620466
99,2053,316242,304224,620466
100,2053,316242,304224,620466
0,2053,289139,272661,561800
1,2053,289139,272661,561800
2,2053,289140,272661,561801
3,2053,289119,272764,561883
4,2053,289360,272455,561815
5,2053,290329,273837,564166
6,2053,290582,275044,565626
7,2053,290513,275001,565514
8,2053,291822,275327,567149
9,2053,292040,275205,567245
10,2053,290765,275121,565886
11,2053,291646,275629,567275
12,2053,292463,275852,568315
13,2053,293960,275907,569867
14,2053,294086,274870,568956
15,2053,297101,275906,573007
16,2053,295988,275549,571537
17,2053,299178,275915,575093
18,2053,303074,277430,580504
19,2053,305532,280384,585916
20,2053,307797,280492,588289
21,2053,309263,280395,589658
22,2053,309846,280601,590447
23,2053,310066,280601,590667
24,2053,310068,280601,590669
25,2053,310068,280601,590669
26,2053,310068,280601,590669
27,2053,310068,280601,590669
28,2053,310068,280601,590669
29,2053,310068,280601,590669
30,2053,310068,280601,590669
31,2053,310068,280601,590669
32,2053,310068,280601,590669
33,2053,310068,280601,590669
34,2053,310068,280601,590669
35,2053,310068,280601,590669
36,2053,310068,280601,590669
37,2053,310106,280601,590707
38,2053,310106,280601,590707
39,2053,310106,280601,590707
40,2053,310106,280601,590707
41,2053,310504,280601,591105
42,2053,310504,280601,591105
43,2053,310504,280601,591105
44,2053,310371,280615,590986
45,2053,310371,280615,590986
46,2053,310431,280601,591032
47,2053,310431,280601,591032
48,2053,310431,280601,591032
49,2053,310431,280601,591032
50,2053,310431,280601,591032
51,2053,310431,280601,591032
52,2053,310431,280601,591032
53,2053,310431,280601,591032
54,2053,310431,280601,591032
55,2053,310431,280601,591032
56,2053,310431,280601,591032
57,2053,310431,280601,591032
58,2053,310431,280601,591032
59,2053,310431,280601,591032
60,2053,310425,280601,591026
61,2053,310396,280601,590997
62,2053,310384,280601,590985
63,2053,310452,280601,591053
64,2053,310622,280615,591237
65,2053,310565,280615,591180
66,2053,310466,280601,591067
67,2053,310560,280601,591161
68,2053,310503,280601,591104
69,2053,310459,280601,591060
70,2053,310415,280601,591016
71,2053,310321,280601,590922
72,2053,310394,280611,591005
73,2053,310297,280601,590898
74,2053,310297,280601,590898
75,2053,310297,280601,590898
76,2053,310297,280601,590898
77,2053,310297,280601,590898
78,2053,316765,303090,619855
79,2053,316576,303067,619643
80,2053,316701,303735,620436
81,2053,316971,305349,622320
82,2053,316971,305349,622320
83,2053,316971,305349,622320
84,2053,316971,305349,622320
85,2053,316971,305349,622320
86,2053,316971,305349,622320
87,2053,316971,305349,622320
88,2053,316971,305349,622320
89,2053,316971,305349,622320
90,2053,316971,305349,622320
91,2053,316971,305349,622320
92,2053,316971,305349,622320
93,2053,316971,305349,622320
94,2053,316971,305349,622320
95,2053,316971,305349,622320
96,2053,316971,305349,622320
97,2053,316971,305349,622320
98,2053,316971,305349,622320
99,2053,316971,305349,622320
100,2053,316971,305349,622320
0,2053,290394,273022,563416
1,2053,290394,272960,563354
2,2053,290359,272960,563319
3,2053,290259,272886,563145
4,2053,290454,272808,563262
5,2053,291611,274441,566052
6,2053,290844,274238,565082
7,2053,290993,274439,565432
8,2053,292558,275788,568346
9,2053,292683,276220,568903
10,2053,290916,274282,565198
11,2053,292270,275799,568069
12,2053,292527,276121,568648
13,2053,293904,275836,569740
14,2053,293814,275619,569433
15,2053,296491,275550,572041
16,2053,296013,275404,571417
17,2053,300549,276014,576563
18,2053,303703,277256,580959
19,2053,304886,279668,584554
20,2053,307763,280642,588405
21,2053,308577,280432,589009
22,2053,309209,280601,589810
23,2053,309657,280601,590258
24,2053,309658,280601,590259
25,2053,309658,280601,590259
26,2053,309658,280601,590259
27,2053,309658,280601,590259
28,2053,309658,280601,590259
29,2053,309658,280601,590259
30,2053,309658,280601,590259
31,2053,309658,280601,590259
32,2053,309658,280601,590259
33,2053,309658,280601,590259
34,2053,309658,280601,590259
35,2053,309658,280601,590259
36,2053,309658,280601,590259
37,2053,309666,280681,590347
38,2053,309666,280681,590347
39,2053,309666,280681,590347
40,2053,309666,280681,590347
41,2053,310400,280705,591105
42,2053,310400,280705,591105
43,2053,310400,280705,591105
44,2053,310418,280719,591137
45,2053,310418,280719,591137
46,2053,310454,280719,591173
47,2053,310454,280719,591173
48,2053,310454,280719,591173
49,2053,310454,280719,591173
50,2053,310454,280719,591173
51,2053,310454,280719,591173
52,2053,310454,280719,591173
53,2053,310454,280719,591173
54,2053,310454,280719,591173
55,2053,310454,280719,591173
56,2053,310454,280719,591173
57,2053,310454,280719,591173
58,2053,310454,280719,591173
59,2053,310454,280719,591173
60,2053,310454,280719,591173
61,2053,310425,280719,591144
62,2053,310355,280719,591074
63,2053,310557,280719,591276
64,2053,310622,280709,591331
65,2053,310657,280709,591366
66,2053,310551,280719,591270
67,2053,310578,280709,591287
68,2053,310595,280719,591314
69,2053,310527,280719,591246
70,2053,310501,280719,591220
71,2053,310167,280719,590886
72,2053,310365,280719,591084
73,2053,310097,280705,590802
74,2053,310097,280705,590802
75,2053,310097,280705,590802
76,2053,310097,280705,590802
77,2053,310097,280705,590802
78,2053,316031,304649,620680
79,2053,316015,304523,620538
80,2053,316491,304884,621375
81,2053,317021,307179,624200
82,2053,317021,307179,624200
83,2053,317021,307179,624200
84,2053,317021,307179,624200
85,2053,317021,307179,624200
86,2053,317021,307179,624200
87,2053,317021,307179,624200
88,2053,317021,307179,624200
89,2053,317021,307179,624200
90,2053,317021,307179,624200
91,2053,317021,307179,624200
92,2053,317021,307179,624200
93,2053,317021,307179,624200
94,2053,317021,307179,624200
95,2053,317021,307179,624200
96,2053,317021,307179,624200
97,2053,317021,307179,624200
98,2053,317021,307179,624200
99,2053,317021,307179,624200
100,2053,317021,307179,624200
0,2053,291389,273588,564977
1,2053,291361,273588,564949
2,2053,291342,273588,564930
3,2053,290486,273473,563959
4,2053,291427,273538,564965
5,2053,292690,275544,568234
6,2053,291841,274747,566588
7,2053,291918,275199,567117
8,2053,292254,275800,568054
9,2053,291248,275379,566627
10,2053,292120,274848,566968
11,2053,292386,276244,568630
12,2053,292471,275750,568221
13,2053,293842,275635,569477
14,2053,294684,275923,570607
15,2053,295202,274951,570153
16,2053,296309,275544,571853
17,2053,300680,275961,576641
18,2053,306176,277396,583572
19,2053,304844,279082,583926
20,2053,307760,280252,588012
21,2053,308575,280608,589183
22,2053,309265,280695,589960
23,2053,309759,280695,590454
24,2053,309761,280695,590456
25,2053,309761,280695,590456
26,2053,309761,280695,590456
27,2053,309761,280695,590456
28,2053,309761,280695,590456
29,2053,309761,280695,590456
30,2053,309761,280695,590456
31,2053,309761,280695,590456
32,2053,309761,280695,590456
33,2053,309761,280695,590456
34,2053,309761,280695,590456
35,2053,309761,280695,590456
36,2053,309761,280695,590456
37,2053,309760,280695,590455
38,2053,309760,280695,590455
39,2053,309760,280695,590455
40,2053,309760,280695,590455
41,2053,310532,280719,591251
42,2053,310532,280719,591251
43,2053,310532,280719,591251
44,2053,310612,280709,591321
45,2053,310612,280709,591321
46,2053,310612,280709,591321
47,2053,310612,280709,591321
48,2053,310612,280709,591321
49,2053,310612,280709,591321
50,2053,310612,280709,591321
51,2053,310612,280709,591321
52,2053,310612,280709,591321
53,2053,310612,280709,591321
54,2053,310612,280709,591321
55,2053,310612,280709,591321
56,2053,310612,280709,591321
57,2053,310612,280709,591321
58,2053,310612,280709,591321
59,2053,310612,280709,591321
60,2053,310612,280709,591321
61,2053,310583,280709,591292
62,2053,310342,280719,591061
63,2053,310663,280709,591372
64,2053,310791,280709,591500
65,2053,310817,280709,591526
66,2053,310711,280709,591420
67,2053,310719,280709,591428
68,2053,310627,280709,591336
69,2053,310569,280709,591278
70,2053,310553,280709,591262
71,2053,310114,280719,590833
72,2053,310402,280719,591121
73,2053,310099,280695,590794
74,2053,310099,280695,590794
75,2053,310099,280695,590794
76,2053,310099,280695,590794
77,2053,310099,280695,590794
78,2053,316416,306500,622916
79,2053,316414,306851,623265
80,2053,317112,306603,623715
81,2053,320548,305311,625859
82,2053,320548,305311,625859
83,2053,320548,305311,625859
84,2053,320548,305311,625859
85,2053,320548,305311,625859
86,2053,320548,305311,625859
87,2053,320548,305311,625859
88,2053,320548,305311,625859
89,2053,320548,305311,625859
90,2053,320548,305311,625859
91,2053,320548,305311,625859
92,2053,320548,305311,625859
93,2053,320548,305311,625859
94,2053,320548,305311,625859
95,2053,320548,305311,625859
96,2053,320548,305311,625859
97,2053,320548,305311,625859
98,2053,320548,305311,625859
99,2053,320548,305311,625859
100,2053,320548,305311,625859
0,2053,292751,275522,568273
1,2053,292768,275518,568286
2,2053,292769,275518,568287
3,2053,291789,274356,566145
4,2053,293025,274710,567735
5,2053,292813,276399,569212
6,2053,292765,276223,568988
7,2053,292672,276268,568940
8,2053,292330,276276,568606
9,2053,291393,275989,567382
10,2053,292673,276157,568830
11,2053,291584,275622,567206
12,2053,292581,275830,568411
13,2053,294134,275933,570067
14,2053,295041,276344,571385
15,2053,297727,275310,573037
16,2053,296109,275747,571856
17,2053,313874,275931,589805
18,2053,305144,277547,582691
19,2053,305947,279202,585149
20,2053,308539,280233,588772
21,2053,309150,280634,589784
22,2053,309340,280727,590067
23,2053,309735,280695,590430
24,2053,309736,280695,590431
25,2053,309736,280695,590431
26,2053,309736,280695,590431
27,2053,309736,280695,590431
28,2053,309736,280695,590431
29,2053,309736,280695,590431
30,2053,309736,280695,590431
31,2053,309736,280695,590431
32,2053,309736,280695,590431
33,2053,309736,280695,590431
34,2053,309736,280695,590431
35,2053,309736,280695,590431
36,2053,309736,280695,590431
37,2053,309736,280695,590431
38,2053,309736,280695,590431
39,2053,309736,280695,590431
40,2053,309736,280695,590431
41,2053,310615,280709,591324
42,2053,310615,280709,591324
43,2053,310615,280709,591324
44,2053,310580,280709,591289
45,2053,310580,280709,591289
46,2053,310589,280709,591298
47,2053,310589,280709,591298
48,2053,310589,280709,591298
49,2053,310589,280709,591298
50,2053,310589,280709,591298
51,2053,310589,280709,591298
52,2053,310589,280709,591298
53,2053,310589,280709,591298
54,2053,310589,280709,591298
55,2053,310589,280709,591298
56,2053,310589,280709,591298
57,2053,310589,280709,591298
58,2053,310589,280709,591298
59,2053,310589,280709,591298
60,2053,310589,280709,591298
61,2053,310560,280709,591269
62,2053,310362,280719,591081
63,2053,310688,280709,591397
64,2053,310777,280709,591486
65,2053,310815,280709,591524
66,2053,310706,280709,591415
67,2053,310743,280709,591452
68,2053,310757,280709,591466
69,2053,310692,280709,591401
70,2053,310676,280709,591385
71,2053,310183,280695,590878
72,2053,310549,280719,591268
73,2053,310133,280695,590828
74,2053,310133,280695,590828
75,2053,310133,280695,590828
76,2053,310133,280695,590828
77,2053,310133,280695,590828
78,2053,319143,305453,624596
79,2053,319327,305676,625003
80,2053,319274,305068,624342
81,2053,318978,306401,625379
82,2053,318978,306401,625379
83,2053,318978,306401,625379
84,2053,318978,306401,625379
85,2053,318978,306401,625379
86,2053,318978,306401,625379
87,2053,318978,306401,625379
88,2053,318978,306401,625379
89,2053,318978,306401,625379
90,2053,318978,306401,625379
91,2053,318978,306401,625379
92,2053,318978,306401,625379
93,2053,318978,306401,625379
94,2053,318978,306401,625379
95,2053,318978,306401,625379
96,2053,318978,306401,625379
97,2053,318978,306401,625379
98,2053,318978,306401,625379
99,2053,318978,306401,625379
100,2053,318978,306401,625379
0,2053,292327,275510,567837
1,2053,292327,275659,567986
2,2053,292320,275647,567967
3,2053,292875,275527,568402
4,2053,292828,275721,568549
5,2053,291154,274409,565563
6,2053,291431,275516,566947
7,2053,291405,275336,566741
8,2053,290990,275061,566051
9,2053,292128,275695,567823
10,2053,291559,275769,567328
11,2053,291377,275586,566963
12,2053,293155,276000,569155
13,2053,294189,275958,570147
14,2053,295769,275717,571486
15,2053,297153,275649,572802
16,2053,295944,275372,571316
17,2053,307331,276682,584013
18,2053,304499,277441,581940
19,2053,307335,279222,586557
20,2053,309367,280247,589614
21,2053,309425,280514,589939
22,2053,309452,280752,590204
23,2053,309762,280695,590457
24,2053,309764,280695,590459
25,2053,309764,280695,590459
26,2053,309764,280695,590459
27,2053,309764,280695,590459
28,2053,309764,280695,590459
29,2053,309764,280695,590459
30,2053,309764,280695,590459
31,2053,309764,280695,590459
32,2053,309764,280695,590459
33,2053,309764,280695,590459
34,2053,309764,280695,590459
35,2053,309764,280695,590459
36,2053,309764,280695,590459
37,2053,309738,280695,590433
38,2053,309738,280695,590433
39,2053,309738,280695,590433
40,2053,309738,280695,590433
41,2053,310581,280709,591290
42,2053,310581,280709,591290
43,2053,310581,280709,591290
44,2053,310522,280709,591231
45,2053,310522,280709,591231
46,2053,310522,280709,591231
47,2053,310522,280709,591231
48,2053,310522,280709,591231
49,2053,310522,280709,591231
50,2053,310522,280709,591231
51,2053,310522,280709,591231
52,2053,310522,280709,591231
53,2053,310522,280709,591231
54,2053,310522,280709,591231
55,2053,310522,280709,591231
56,2053,310522,280709,591231
57,2053,310522,280709,591231
58,2053,310522,280709,591231
59,2053,310522,280709,591231
60,2053,310522,280709,591231
61,2053,310493,280709,591202
62,2053,310500,280719,591219
63,2053,310622,280709,591331
64,2053,310711,280709,591420
65,2053,310854,280709,591563
66,2053,310736,280709,591445
67,2053,310677,280709,591386
68,2053,310743,280709,591452
69,2053,310668,280709,591377
70,2053,310642,280709,591351
71,2053,310117,280719,590836
72,2053,310404,280709,591113
73,2053,310176,280695,590871
74,2053,310176,280695,590871
75,2053,310176,280695,590871
76,2053,310176,280695,590871
77,2053,310176,280695,590871
78,2053,317218,306629,623847
79,2053,317604,306070,623674
80,2053,317715,306312,624027
81,2053,319435,304795,624230
82,2053,319435,304795,624230
83,2053,319435,304795,624230
84,2053,319435,304795,624230
85,2053,319435,304795,624230
86,2053,319435,304795,624230
87,2053,319435,304795,624230
88,2053,319435,304795,624230
89,2053,319435,304795,624230
90,2053,319435,304795,624230
91,2053,319435,304795,624230
92,2053,319435,304795,624230
93,2053,319435,304795,624230
94,2053,319435,304795,624230
95,2053,319435,304795,624230
96,2053,319435,304795,624230
97,2053,319435,304795,624230
98,2053,319435,304795,624230
99,2053,319435,304795,624230
100,2053,319435,304795,624230
0,2053,292237,275533,567770
1,2053,292258,275489,567747
2,2053,292255,275489,567744
3,2053,292520,275565,568085
4,2053,292646,275922,568568
5,2053,290941,274761,565702
6,2053,291650,275540,567190
7,2053,291571,275602,567173
8,2053,290150,274568,564718
9,2053,292443,275886,568329
10,2053,291915,275595,567510
11,2053,292561,275926,568487
12,2053,293011,276402,569413
13,2053,293947,275772,569719
14,2053,294479,275523,570002
15,2053,297722,275788,573510
16,2053,296132,275359,571491
17,2053,303346,276680,580026
18,2053,304374,277451,581825
19,2053,307952,279352,587304
20,2053,309700,280525,590225
21,2053,308980,280464,589444
22,2053,309470,280601,590071
23,2053,309775,280616,590391
24,2053,309777,280616,590393
25,2053,309777,280616,590393
26,2053,309777,280616,590393
27,2053,309777,280616,590393
28,2053,309777,280616,590393
29,2053,309777,280616,590393
30,2053,309777,280616,590393
31,2053,309777,280616,590393
32,2053,309777,280616,590393
33,2053,309777,280616,590393
34,2053,309777,280616,590393
35,2053,309777,280616,590393
36,2053,309777,280616,590393
37,2053,309777,280616,590393
38,2053,309777,280616,590393
39,2053,309777,280616,590393
40,2053,309777,280616,590393
41,2053,310522,280709,591231
42,2053,310522,280709,591231
43,2053,310522,280709,591231
44,2053,310523,280709,591232
45,2053,310523,280709,591232
46,2053,310523,280709,591232
47,2053,310523,280709,591232
48,2053,310523,280709,591232
49,2053,310523,280709,591232
50,2053,310523,280709,591232
51,2053,310523,280709,591232
52,2053,310523,280709,591232
53,2053,310523,280709,591232
54,2053,310523,280709,591232
55,2053,310523,280709,591232
56,2053,310523,280709,591232
57,2053,310523,280709,591232
58,2053,310523,280709,591232
59,2053,310523,280709,591232
60,2053,310523,280709,591232
61,2053,310494,280709,591203
62,2053,310481,280709,591190
63,2053,310622,280709,591331
64,2053,310711,280709,591420
65,2053,310728,280709,591437
66,2053,310677,280709,591386
67,2053,310677,280709,591386
68,2053,310677,280709,591386
69,2053,310602,280709,591311
70,2053,310576,280709,591285
71,2053,310117,280695,590812
72,2053,310481,280719,591200
73,2053,310143,280719,590862
74,2053,310143,280719,590862
75,2053,310143,280719,590862
76,2053,310143,280719,590862
77,2053,310143,280719,590862
78,2053,319280,304872,624152
79,2053,317218,306403,623621
80,2053,318885,305538,624423
81,2053,315816,304901,620717
82,2053,315816,304901,620717
83,2053,315816,304901,620717
84,2053,315816,304901,620717
85,2053,315816,304901,620717
86,2053,315816,304901,620717
87,2053,315816,304901,620717
88,2053,315816,304901,620717
89,2053,315816,304901,620717
90,2053,315816,304901,620717
91,2053,315816,304901,620717
92,2053,315816,304901,620717
93,2053,315816,304901,620717
94,2053,315816,304901,620717
95,2053,315816,304901,620717
96,2053,315816,304901,620717
97,2053,315816,304901,620717
98,2053,315816,304901,620717
99,2053,315816,304901,620717
100,2053,315816,304901,620717
0,2053,292050,274642,566692
1,2053,291992,274566,566558
2,2053,292049,274566,566615
3,2053,292288,275393,567681
4,2053,292350,275433,567783
5,2053,291665,275418,567083
6,2053,292616,275683,568299
7,2053,292591,275714,568305
8,2053,289388,272724,562112
9,2053,292120,275796,567916
10,2053,292494,275697,568191
11,2053,292571,276455,569026
12,2053,292461,275605,568066
13,2053,293891,275625,569516
14,2053,294576,275565,570141
15,2053,296947,275357,572304
16,2053,296197,275623,571820
17,2053,302139,276579,578718
18,2053,304368,277408,581776
19,2053,309074,279536,588610
20,2053,308796,280425,589221
21,2053,308818,280514,589332
22,2053,309431,280601,590032
23,2053,309749,280616,590365
24,2053,309751,280616,590367
25,2053,309751,280616,590367
26,2053,309751,280616,590367
27,2053,309751,280616,590367
28,2053,309751,280616,590367
29,2053,309751,280616,590367
30,2053,309751,280616,590367
31,2053,309751,280616,590367
32,2053,309751,280616,590367
33,2053,309751,280616,590367
34,2053,309751,280616,590367
35,2053,309751,280616,590367
36,2053,309751,280616,590367
37,2053,309751,280616,590367
38,2053,309751,280616,590367
39,2053,309751,280616,590367
40,2053,309751,280616,590367
41,2053,310523,280709,591232
42,2053,310523,280709,591232
43,2053,310523,280709,591232
44,2053,310523,280709,591232
45,2053,310523,280709,591232
46,2053,310523,280709,591232
47,2053,310523,280709,591232
48,2053,310523,280709,591232
49,2053,310523,280709,591232
50,2053,310523,280709,591232
51,2053,310523,280709,591232
52,2053,310523,280709,591232
53,2053,310523,280709,591232
54,2053,310523,280709,591232
55,2053,310523,280709,591232
56,2053,310523,280709,591232
57,2053,310523,280709,591232
58,2053,310523,280709,591232
59,2053,310523,280709,591232
60,2053,310523,280709,591232
61,2053,310502,280709,591211
62,2053,310533,280709,591242
63,2053,310629,280709,591338
64,2053,310711,280709,591420
65,2053,310748,280709,591457
66,2053,310677,280709,591386
67,2053,310677,280709,591386
68,2053,310677,280709,591386
69,2053,310602,280709,591311
70,2053,310576,280709,591285
71,2053,310117,280695,590812
72,2053,310465,280709,591174
73,2053,310117,280719,590836
74,2053,310117,280719,590836
75,2053,310117,280719,590836
76,2053,310117,280719,590836
77,2053,310117,280719,590836
78,2053,317018,305496,622514
79,2053,319763,304916,624679
80,2053,316558,305659,622217
81,2053,315093,304229,619322
82,2053,315093,304229,619322
83,2053,315093,304229,619322
84,2053,315093,304229,619322
85,2053,315093,304229,619322
86,2053,315093,304229,619322
87,2053,315093,304229,619322
88,2053,315093,304229,619322
89,2053,315093,304229,619322
90,2053,315093,304229,619322
91,2053,315093,304229,619322
92,2053,315093,304229,619322
93,2053,315093,304229,619322
94,2053,315093,304229,619322
95,2053,315093,304229,619322
96,2053,315093,304229,619322
97,2053,315093,304229,619322
98,2053,315093,304229,619322
99,2053,315093,304229,619322
100,2053,315093,304229,619322
0,2053,292467,275809,568276
1,2053,292460,275777,568237
2,2053,292457,275777,568234
3,2053,292245,275154,567399
4,2053,292274,275644,567918
5,2053,292620,276606,569226
6,2053,292731,276392,569123
7,2053,292547,276434,568981
8,2053,290424,273014,563438
9,2053,292125,275680,567805
10,2053,292649,276206,568855
11,2053,291627,275325,566952
12,2053,292214,276093,568307
13,2053,294275,275933,570208
14,2053,294898,275677,570575
15,2053,296696,275498,572194
16,2053,296083,275608,571691
17,2053,302392,276114,578506
18,2053,304800,277408,582208
19,2053,308341,280112,588453
20,2053,308246,280444,588690
21,2053,308721,280514,589235
22,2053,309400,280616,590016
23,2053,309775,280616,590391
24,2053,309777,280616,590393
25,2053,309777,280616,590393
26,2053,309777,280616,590393
27,2053,309777,280616,590393
28,2053,309777,280616,590393
29,2053,309777,280616,590393
30,2053,309777,280616,590393
31,2053,309777,280616,590393
32,2053,309777,280616,590393
33,2053,309777,280616,590393
34,2053,309777,280616,590393
35,2053,309777,280616,590393
36,2053,309777,280616,590393
37,2053,309751,280616,590367
38,2053,309751,280616,590367
39,2053,309751,280616,590367
40,2053,309751,280616,590367
41,2053,310523,280709,591232
42,2053,310523,280709,591232
43,2053,310523,280709,591232
44,2053,310523,280709,591232
45,2053,310523,280709,591232
46,2053,310523,280709,591232
47,2053,310523,280709,591232
48,2053,310523,280709,591232
49,2053,310523,280709,591232
50,2053,310523,280709,591232
51,2053,310523,280709,591232
52,2053,310523,280709,591232
53,2053,310523,280709,591232
54,2053,310523,280709,591232
55,2053,310523,280709,591232
56,2053,310523,280709,591232
57,2053,310523,280709,591232
58,2053,310523,280709,591232
59,2053,310523,280709,591232
60,2053,310523,280709,591232
61,2053,310502,280709,591211
62,2053,310490,280709,591199
63,2053,310629,280709,591338
64,2053,310711,280709,591420
65,2053,310728,280709,591437
66,2053,310677,280709,591386
67,2053,310677,280709,591386
68,2053,310677,280709,591386
69,2053,310609,280709,591318
70,2053,310583,280709,591292
71,2053,310117,280695,590812
72,2053,310465,280709,591174
73,2053,310117,280695,590812
74,2053,310117,280695,590812
75,2053,310117,280695,590812
76,2053,310117,280695,590812
77,2053,310117,280695,590812
78,2053,315589,306728,622317
79,2053,317850,304290,622140
80,2053,315286,304700,619986
81,2053,313486,303270,616756
82,2053,313486,303270,616756
83,2053,313486,303270,616756
84,2053,313486,303270,616756
85,2053,313486,303270,616756
86,2053,313486,303270,616756
87,2053,313486,303270,616756
88,2053,313486,303270,616756
89,2053,313486,303270,616756
90,2053,313486,303270,616756
91,2053,313486,303270,616756
92,2053,313486,303270,616756
93,2053,313486,303270,616756
94,2053,313486,303270,616756
95,2053,313486,303270,616756
96,2053,313486,303270,616756
97,2053,313486,303270,616756
98,2053,313486,303270,616756
99,2053,313486,303270,616756
100,2053,313486,303270,616756
0,2053,292071,275839,567910
1,2053,292089,275900,567989
2,2053,292086,275900,567986
3,2053,292381,275949,568330
4,2053,292447,276194,568641
5,2053,291076,274117,565193
6,2053,291032,274854,565886
7,2053,290997,274886,565883
8,2053,291455,273560,565015
9,2053,292220,275875,568095
10,2053,291207,275214,566421
11,2053,291288,275553,566841
12,2053,293021,276358,569379
13,2053,294152,276089,570241
14,2053,295132,275773,570905
15,2053,295672,275405,571077
16,2053,296009,275276,571285
17,2053,303498,276207,579705
18,2053,304580,277399,581979
19,2053,307593,280366,587959
20,2053,308648,280447,589095
21,2053,309185,280529,589714
22,2053,309411,280647,590058
23,2053,309775,280616,590391
24,2053,309777,280624,590401
25,2053,309777,280624,590401
26,2053,309777,280624,590401
27,2053,309777,280624,590401
28,2053,309777,280624,590401
29,2053,309777,280624,590401
30,2053,309777,280624,590401
31,2053,309777,280624,590401
32,2053,309777,280624,590401
33,2053,309777,280624,590401
34,2053,309777,280624,590401
35,2053,309777,280624,590401
36,2053,309777,280624,590401
37,2053,309777,280616,590393
38,2053,309777,280616,590393
39,2053,309777,280616,590393
40,2053,309777,280616,590393
41,2053,310523,280709,591232
42,2053,310523,280709,591232
43,2053,310523,280709,591232
44,2053,310523,280709,591232
45,2053,310523,280709,591232
46,2053,310523,280709,591232
47,2053,310523,280709,591232
48,2053,310523,280709,591232
49,2053,310523,280709,591232
50,2053,310523,280709,591232
51,2053,310523,280709,591232
52,2053,310523,280709,591232
53,2053,310523,280709,591232
54,2053,310523,280709,591232
55,2053,310523,280709,591232
56,2053,310523,280709,591232
57,2053,310523,280709,591232
58,2053,310523,280709,591232
59,2053,310523,280709,591232
60,2053,310523,280709,591232
61,2053,310502,280709,591211
62,2053,310482,280709,591191
63,2053,310622,280709,591331
64,2053,310711,280709,591420
65,2053,310776,280709,591485
66,2053,310677,280709,591386
67,2053,310677,280709,591386
68,2053,310677,280709,591386
69,2053,310609,280709,591318
70,2053,310583,280709,591292
71,2053,310117,280695,590812
72,2053,310465,280709,591174
73,2053,310117,280695,590812
74,2053,310117,280695,590812
75,2053,310117,280695,590812
76,2053,310117,280695,590812
77,2053,310117,280695,590812
78,2053,319253,303696,622949
79,2053,314882,303302,618184
80,2053,314483,304209,618692
81,2053,313400,302807,616207
82,2053,313400,302807,616207
83,2053,313400,302807,616207
84,2053,313400,302807,616207
85,2053,313400,302807,616207
86,2053,313400,302807,616207
87,2053,313400,302807,616207
88,2053,313400,302807,616207
89,2053,313400,302807,616207
90,2053,313400,302807,616207
91,2053,313400,302807,616207
92,2053,313400,302807,616207
93,2053,313400,302807,616207
94,2053,313400,302807,616207
95,2053,313400,302807,616207
96,2053,313400,302807,616207
97,2053,313400,302807,616207
98,2053,313400,302807,616207
99,2053,313400,302807,616207
100,2053,313400,302807,616207
0,2053,291929,276118,568047
1,2053,292050,276184,568234
2,2053,292024,276184,568208
3,2053,292099,275673,567772
4,2053,291120,275219,566339
5,2053,290898,274381,565279
6,2053,290201,274869,565070
7,2053,289966,274416,564382
8,2053,293136,274868,568004
9,2053,292151,275983,568134
10,2053,291191,275417,566608
11,2053,292570,276264,568834
12,2053,292503,275712,568215
13,2053,293667,275662,569329
14,2053,296166,275731,571897
15,2053,295497,275115,570612
16,2053,296079,275458,571537
17,2053,303229,276582,579811
18,2053,304477,277399,581876
19,2053,306568,280199,586767
20,2053,308456,280490,588946
21,2053,309412,280464,589876
22,2053,309419,280647,590066
23,2053,309775,280624,590399
24,2053,309777,280624,590401
25,2053,309777,280624,590401
26,2053,309777,280624,590401
27,2053,309777,280624,590401
28,2053,309777,280624,590401
29,2053,309777,280624,590401
30,2053,309777,280624,590401
31,2053,309777,280624,590401
32,2053,309777,280624,590401
33,2053,309777,280624,590401
34,2053,309777,280624,590401
35,2053,309777,280624,590401
36,2053,309777,280624,590401
37,2053,309777,280624,590401
38,2053,309777,280624,590401
39,2053,309777,280624,590401
40,2053,309777,280624,590401
41,2053,310523,280709,591232
42,2053,310523,280709,591232
43,2053,310523,280709,591232
44,2053,310523,280709,591232
45,2053,310523,280709,591232
46,2053,310523,280709,591232
47,2053,310523,280709,591232
48,2053,310523,280709,591232
49,2053,310523,280709,591232
50,2053,310523,280709,591232
51,2053,310523,280709,591232
52,2053,310523,280709,591232
53,2053,310523,280709,591232
54,2053,310523,280709,591232
55,2053,310523,280709,591232
56,2053,310523,280709,591232
57,2053,310523,280709,591232
58,2053,310523,280709,591232
59,2053,310523,280709,591232
60,2053,310523,280709,591232
61,2053,310502,280709,591211
62,2053,310542,280709,591251
63,2053,310622,280709,591331
64,2053,310711,280709,591420
65,2053,310776,280709,591485
66,2053,310677,280709,591386
67,2053,310677,280709,591386
68,2053,310677,280709,591386
69,2053,310609,280709,591318
70,2053,310583,280709,591292
71,2053,310117,280695,590812
72,2053,310465,280709,591174
73,2053,310117,280695,590812
74,2053,310117,280695,590812
75,2053,310117,280695,590812
76,2053,310117,280695,590812
77,2053,310117,280695,590812
78,2053,315391,302409,617800
79,2053,313281,301886,615167
80,2053,313582,303403,616985
81,2053,313300,302781,616081
82,2053,313300,302781,616081
83,2053,313300,302781,616081
84,2053,313300,302781,616081
85,2053,313300,302781,616081
86,2053,313300,302781,616081
87,2053,313300,302781,616081
88,2053,313300,302781,616081
89,2053,313300,302781,616081
90,2053,313300,302781,616081
91,2053,313300,302781,616081
92,2053,313300,302781,616081
93,2053,313300,302781,616081
94,2053,313300,302781,616081
95,2053,313300,302781,616081
96,2053,313300,302781,616081
97,2053,313300,302781,616081
98,2053,313300,302781,616081
99,2053,313300,302781,616081
100,2053,313300,302781,616081
0,2053,290678,274865,565543
1,2053,290646,274600,565246
2,2053,290646,274600,565246
3,2053,292028,275935,567963
4,2053,290806,274931,565737
5,2053,291693,275335,567028
6,2053,289512,272972,562484
7,2053,289426,272773,562199
8,2053,292970,275895,568865
9,2053,292042,275514,567556
10,2053,292198,275741,567939
11,2053,291715,275941,567656
12,2053,292280,275815,568095
13,2053,293958,275737,569695
14,2053,295390,275951,571341
15,2053,295576,275625,571201
16,2053,296316,275830,572146
17,2053,302965,276281,579246
18,2053,304630,277408,582038
19,2053,305272,279385,584657
20,2053,308843,280475,589318
21,2053,308966,280464,589430
22,2053,309419,280616,590035
23,2053,309775,280616,590391
24,2053,309777,280616,590393
25,2053,309777,280616,590393
26,2053,309777,280616,590393
27,2053,309777,280616,590393
28,2053,309777,280616,590393
29,2053,309777,280616,590393
30,2053,309777,280616,590393
31,2053,309777,280616,590393
32,2053,309777,280616,590393
33,2053,309777,280616,590393
34,2053,309777,280616,590393
35,2053,309777,280616,590393
36,2053,309777,280616,590393
37,2053,309777,280616,590393
38,2053,309777,280616,590393
39,2053,309777,280616,590393
40,2053,309777,280616,590393
41,2053,310523,280709,591232
42,2053,310523,280709,591232
43,2053,310523,280709,591232
44,2053,310523,280709,591232
45,2053,310523,280709,591232
46,2053,310523,280709,591232
47,2053,310523,280709,591232
48,2053,310523,280709,591232
49,2053,310523,280709,591232
50,2053,310523,280709,591232
51,2053,310523,280709,591232
52,2053,310523,280709,591232
53,2053,310523,280709,591232
54,2053,310523,280709,591232
55,2053,310523,280709,591232
56,2053,310523,280709,591232
57,2053,310523,280709,591232
58,2053,310523,280709,591232
59,2053,310523,280709,591232
60,2053,310523,280709,591232
61,2053,310502,280709,591211
62,2053,310490,280709,591199
63,2053,310629,280709,591338
64,2053,310711,280709,591420
65,2053,310776,280709,591485
66,2053,310677,280709,591386
67,2053,310677,280709,591386
68,2053,310677,280709,591386
69,2053,310609,280709,591318
70,2053,310583,280709,591292
71,2053,310117,280695,590812
72,2053,310465,280709,591174
73,2053,310117,280695,590812
74,2053,310117,280695,590812
75,2053,310117,280695,590812
76,2053,310117,280695,590812
77,2053,310117,280695,590812
78,2053,314163,302133,616296
79,2053,313574,301568,615142
80,2053,313325,302887,616212
81,2053,314143,304623,618766
82,2053,314143,304623,618766
83,2053,314143,304623,618766
84,2053,314143,304623,618766
85,2053,314143,304623,618766
86,2053,314143,304623,618766
87,2053,314143,304623,618766
88,2053,314143,304623,618766
89,2053,314143,304623,618766
90,2053,314143,304623,618766
91,2053,314143,304623,618766
92,2053,314143,304623,618766
93,2053,314143,304623,618766
94,2053,314143,304623,618766
95,2053,314143,304623,618766
96,2053,314143,304623,618766
97,2053,314143,304623,618766
98,2053,314143,304623,618766
99,2053,314143,304623,618766
100,2053,314143,304623,618766
0,2053,289630,273527,563157
1,2053,289084,272978,562062
2,2053,289096,272978,562074
3,2053,291944,275546,567490
4,2053,290744,274239,564983
5,2053,292628,276596,569224
6,2053,290215,273130,563345
7,2053,290379,273170,563549
8,2053,292789,275868,568657
9,2053,292007,275599,567606
10,2053,292516,276305,568821
11,2053,291831,275642,567473
12,2053,293193,276213,569406
13,2053,294133,275848,569981
14,2053,294756,275557,570313
15,2053,295875,275849,571724
16,2053,296104,275804,571908
17,2053,302976,276373,579349
18,2053,304434,277399,581833
19,2053,305026,279291,584317
20,2053,308802,280475,589277
21,2053,308820,280514,589334
22,2053,309407,280616,590023
23,2053,309775,280624,590399
24,2053,309777,280624,590401
25,2053,309777,280624,590401
26,2053,309777,280624,590401
27,2053,309777,280624,590401
28,2053,309777,280624,590401
29,2053,309777,280624,590401
30,2053,309777,280624,590401
31,2053,309777,280624,590401
32,2053,309777,280624,590401
33,2053,309777,280624,590401
34,2053,309777,280624,590401
35,2053,309777,280624,590401
36,2053,309777,280624,590401
37,2053,309777,280616,590393
38,2053,309777,280616,590393
39,2053,309777,280616,590393
40,2053,309777,280616,590393
41,2053,310523,280709,591232
42,2053,310523,280709,591232
43,2053,310523,280709,591232
44,2053,310523,280709,591232
45,2053,310523,280709,591232
46,2053,310523,280709,591232
47,2053,310523,280709,591232
48,2053,310523,280709,591232
49,2053,310523,280709,591232
50,2053,310523,280709,591232
51,2053,310523,280709,591232
52,2053,310523,280709,591232
53,2053,310523,280709,591232
54,2053,310523,280709,591232
55,2053,310523,280709,591232
56,2053,310523,280709,591232
57,2053,310523,280709,591232
58,2053,310523,280709,591232
59,2053,310523,280709,591232
60,2053,310523,280709,591232
61,2053,310502,280709,591211
62,2053,310482,280709,591191
63,2053,310629,280709,591338
64,2053,310711,280709,591420
65,2053,310776,280709,591485
66,2053,310677,280709,591386
67,2053,310677,280709,591386
68,2053,310677,280709,591386
69,2053,310609,280709,591318
70,2053,310583,280709,591292
71,2053,310117,280695,590812
72,2053,310465,280709,591174
73,2053,310117,280695,590812
74,2053,310117,280695,590812
75,2053,310117,280695,590812
76,2053,310117,280695,590812
77,2053,310117,280695,590812
78,2053,312824,302255,615079
79,2053,312361,301855,614216
80,2053,313545,304204,617749
81,2053,315175,307024,622199
82,2053,315175,307024,622199
83,2053,315175,307024,622199
84,2053,315175,307024,622199
85,2053,315175,307024,622199
86,2053,315175,307024,622199
87,2053,315175,307024,622199
88,2053,315175,307024,622199
89,2053,315175,307024,622199
90,2053,315175,307024,622199
91,2053,315175,307024,622199
92,2053,315175,307024,622199
93,2053,315175,307024,622199
94,2053,315175,307024,622199
95,2053,315175,307024,622199
96,2053,315175,307024,622199
97,2053,315175,307024,622199
98,2053,315175,307024,622199
99,2053,315175,307024,622199
100,2053,315175,307024,622199
0,2053,289931,272729,562660
1,2053,289934,272911,562845
2,2053,289982,272952,562934
3,2053,292195,275576,567771
4,2053,291187,274432,565619
5,2053,291032,274005,565037
6,2053,290574,273727,564301
7,2053,291554,273847,565401
8,2053,292191,275275,567466
9,2053,292300,275900,568200
10,2053,291218,275119,566337
11,2053,292350,275661,568011
12,2053,292533,276111,568644
13,2053,294243,276045,570288
14,2053,294509,275322,569831
15,2053,295696,275954,571650
16,2053,295745,275365,571110
17,2053,302787,276624,579411
18,2053,304700,277408,582108
19,2053,305830,279172,585002
20,2053,308798,280475,589273
21,2053,308721,280514,589235
22,2053,309400,280616,590016
23,2053,309775,280624,590399
24,2053,309777,280624,590401
25,2053,309777,280624,590401
26,2053,309777,280624,590401
27,2053,309777,280624,590401
28,2053,309777,280624,590401
29,2053,309777,280624,590401
30,2053,309777,280624,590401
31,2053,309777,280624,590401
32,2053,309777,280624,590401
33,2053,309777,280624,590401
34,2053,309777,280624,590401
35,2053,309777,280624,590401
36,2053,309777,280624,590401
37,2053,309777,280624,590401
38,2053,309777,280624,590401
39,2053,309777,280624,590401
40,2053,309777,280624,590401
41,2053,310523,280709,591232
42,2053,310523,280709,591232
43,2053,310523,280709,591232
44,2053,310523,280709,591232
45,2053,310523,280709,591232
46,2053,310523,280709,591232
47,2053,310523,280709,591232
48,2053,310523,280709,591232
49,2053,310523,280709,591232
50,2053,310523,280709,591232
51,2053,310523,280709,591232
52,2053,310523,280709,591232
53,2053,310523,280709,591232
54,2053,310523,280709,591232
55,2053,310523,280709,591232
56,2053,310523,280709,591232
57,2053,310523,280709,591232
58,2053,310523,280709,591232
59,2053,310523,280709,591232
60,2053,310523,280709,591232
61,2053,310502,280709,591211
62,2053,310542,280709,591251
63,2053,310622,280709,591331
64,2053,310711,280709,591420
65,2053,310776,280709,591485
66,2053,310677,280709,591386
67,2053,310677,280709,591386
68,2053,310677,280709,591386
69,2053,310609,280709,591318
70,2053,310583,280709,591292
71,2053,310117,280695,590812
72,2053,310465,280709,591174
73,2053,310117,280695,590812
74,2053,310117,280695,590812
75,2053,310117,280695,590812
76,2053,310117,280695,590812
77,2053,310117,280695,590812
78,2053,314312,303031,617343
79,2053,314087,303226,617313
80,2053,313783,305497,619280
81,2053,319234,305827,625061
82,2053,319234,305827,625061
83,2053,319234,305827,625061
84,2053,319234,305827,625061
85,2053,319234,305827,625061
86,2053,319234,305827,625061
87,2053,319234,305827,625061
88,2053,319234,305827,625061
89,2053,319234,305827,625061
90,2053,319234,305827,625061
91,2053,319234,305827,625061
92,2053,319234,305827,625061
93,2053,319234,305827,625061
94,2053,319234,305827,625061
95,2053,319234,305827,625061
96,2053,319234,305827,625061
97,2053,319234,305827,625061
98,2053,319234,305827,625061
99,2053,319234,305827,625061
100,2053,319234,305827,625061
0,2053,290389,273324,563713
1,2053,290357,273423,563780
2,2053,290327,273499,563826
3,2053,292216,275829,568045
4,2053,292652,275969,568621
5,2053,290429,274160,564589
6,2053,291995,274742,566737
7,2053,293131,275594,568725
8,2053,292310,275603,567913
9,2053,292239,275895,568134
10,2053,291305,275231,566536
11,2053,292658,276470,569128
12,2053,291894,275712,567606
13,2053,293818,275668,569486
14,2053,294959,275664,570623
15,2053,295329,275541,570870
16,2053,296065,275365,571430
17,2053,302452,276309,578761
18,2053,304434,277399,581833
19,2053,307640,279219,586859
20,2053,308797,280475,589272
21,2053,309191,280529,589720
22,2053,309411,280647,590058
23,2053,309775,280624,590399
24,2053,309777,280624,590401
25,2053,309777,280624,590401
26,2053,309777,280624,590401
27,2053,309777,280624,590401
28,2053,309777,280624,590401
29,2053,309777,280624,590401
30,2053,309777,280624,590401
31,2053,309777,280624,590401
32,2053,309777,280624,590401
33,2053,309777,280624,590401
34,2053,309777,280624,590401
35,2053,309777,280624,590401
36,2053,309777,280624,590401
37,2053,309777,280624,590401
38,2053,309777,280624,590401
39,2053,309777,280624,590401
40,2053,309777,280624,590401
41,2053,310523,280709,591232
42,2053,310523,280709,591232
43,2053,310523,280709,591232
44,2053,310523,280709,591232
45,2053,310523,280709,591232
46,2053,310523,280709,591232
47,2053,310523,280709,591232
48,2053,310523,280709,591232
49,2053,310523,280709,591232
50,2053,310523,280709,591232
51,2053,310523,280709,591232
52,2053,310523,280709,591232
53,2053,310523,280709,591232
54,2053,310523,280709,591232
55,2053,310523,280709,591232
56,2053,310523,280709,591232
57,2053,310523,280709,591232
58,2053,310523,280709,591232
59,2053,310523,280709,591232
60,2053,310523,280709,591232
61,2053,310502,280709,591211
62,2053,310490,280709,591199
63,2053,310622,280709,591331
64,2053,310711,280709,591420
65,2053,310776,280709,591485
66,2053,310677,280709,591386
67,2053,310677,280709,591386
68,2053,310677,280709,591386
69,2053,310609,280709,591318
70,2053,310583,280709,591292
71,2053,310117,280695,590812
72,2053,310465,280709,591174
73,2053,310117,280695,590812
74,2053,310117,280695,590812
75,2053,310117,280695,590812
76,2053,310117,280695,590812
77,2053,310117,280695,590812
78,2053,314565,303350,617915
79,2053,315463,303836,619299
80,2053,315597,307591,623188
81,2053,318475,306338,624813
82,2053,318475,306338,624813
83,2053,318475,306338,624813
84,2053,318475,306338,624813
85,2053,318475,306338,624813
86,2053,318475,306338,624813
87,2053,318475,306338,624813
88,2053,318475,306338,624813
89,2053,318475,306338,624813
90,2053,318475,306338,624813
91,2053,318475,306338,624813
92,2053,318475,306338,624813
93,2053,318475,306338,624813
94,2053,318475,306338,624813
95,2053,318475,306338,624813
96,2053,318475,306338,624813
97,2053,318475,306338,624813
98,2053,318475,306338,624813
99,2053,318475,306338,624813
100,2053,318475,306338,624813
0,2053,291577,274118,565695
1,2053,291704,274059,565763
2,2053,291728,274070,565798
3,2053,292172,275866,568038
4,2053,292520,275795,568315
5,2053,290894,274103,564997
6,2053,293029,275653,568682
7,2053,293002,275585,568587
8,2053,292514,276161,568675
9,2053,292060,275434,567494
10,2053,292373,275869,568242
11,2053,291521,275321,566842
12,2053,292700,275905,568605
13,2053,293942,275538,569480
14,2053,295205,275997,571202
15,2053,296250,275426,571676
16,2053,296330,275907,572237
17,2053,302651,276235,578886
18,2053,304622,277408,582030
19,2053,308470,279310,587780
20,2053,308804,280475,589279
21,2053,309404,280464,589868
22,2053,309411,280647,590058
23,2053,309775,280624,590399
24,2053,309777,280624,590401
25,2053,309777,280624,590401
26,2053,309777,280624,590401
27,2053,309777,280624,590401
28,2053,309777,280624,590401
29,2053,309777,280624,590401
30,2053,309777,280624,590401
31,2053,309777,280624,590401
32,2053,309777,280624,590401
33,2053,309777,280624,590401
34,2053,309777,280624,590401
35,2053,309777,280624,590401
36,2053,309777,280624,590401
37,2053,309777,280624,590401
38,2053,309777,280624,590401
39,2053,309777,280624,590401
40,2053,309777,280624,590401
41,2053,310523,280709,591232
42,2053,310523,280709,591232
43,2053,310523,280709,591232
44,2053,310523,280709,591232
45,2053,310523,280709,591232
46,2053,310523,280709,591232
47,2053,310523,280709,591232
48,2053,310523,280709,591232
49,2053,310523,280709,591232
50,2053,310523,280709,591232
51,2053,310523,280709,591232
52,2053,310523,280709,591232
53,2053,310523,280709,591232
54,2053,310523,280709,591232
55,2053,310523,280709,591232
56,2053,310523,280709,591232
57,2053,310523,280709,591232
58,2053,310523,280709,591232
59,2053,310523,280709,591232
60,2053,310523,280709,591232
61,2053,310502,280709,591211
62,2053,310482,280709,591191
63,2053,310629,280709,591338
64,2053,310711,280709,591420
65,2053,310776,280709,591485
66,2053,310677,280709,591386
67,2053,310677,280709,591386
68,2053,310677,280709,591386
69,2053,310609,280709,591318
70,2053,310583,280709,591292
71,2053,310117,280695,590812
72,2053,310465,280709,591174
73,2053,310117,280695,590812
74,2053,310117,280695,590812
75,2053,310117,280695,590812
76,2053,310117,280695,590812
77,2053,310117,280695,590812
78,2053,314748,304905,619653
79,2053,315681,305040,620721
80,2053,320100,305595,625695
81,2053,319150,304796,623946
82,2053,319150,304796,623946
83,2053,319150,304796,623946
84,2053,319150,304796,623946
85,2053,319150,304796,623946
86,2053,319150,304796,623946
87,2053,319150,304796,623946
88,2053,319150,304796,623946
89,2053,319150,304796,623946
90,2053,319150,304796,623946
91,2053,319150,304796,623946
92,2053,319150,304796,623946
93,2053,319150,304796,623946
94,2053,319150,304796,623946
95,2053,319150,304796,623946
96,2053,319150,304796,623946
97,2053,319150,304796,623946
98,2053,319150,304796,623946
99,2053,319150,304796,623946
100,2053,319150,304796,623946
0,2053,292691,275252,567943
1,2053,292737,275408,568145
2,2053,292737,275396,568133
3,2053,291909,275660,567569
4,2053,292434,275675,568109
5,2053,292224,276129,568353
6,2053,292989,275830,568819
7,2053,292884,275778,568662
8,2053,291224,275620,566844
9,2053,291990,275557,567547
10,2053,292433,276415,568848
11,2053,291391,275660,567051
12,2053,293221,276798,570019
13,2053,294261,275802,570063
14,2053,297791,275834,573625
15,2053,295951,275686,571637
16,2053,296030,275683,571713
17,2053,302367,276387,578754
18,2053,304434,277399,581833
19,2053,309346,279536,588882
20,2053,308804,280475,589279
21,2053,308966,280464,589430
22,2053,309411,280616,590027
23,2053,309775,280624,590399
24,2053,309777,280624,590401
25,2053,309777,280624,590401
26,2053,309777,280624,590401
27,2053,309777,280624,590401
28,2053,309777,280624,590401
29,2053,309777,280624,590401
30,2053,309777,280624,590401
31,2053,309777,280624,590401
32,2053,309777,280624,590401
33,2053,309777,280624,590401
34,2053,309777,280624,590401
35,2053,309777,280624,590401
36,2053,309777,280624,590401
37,2053,309777,280624,590401
38,2053,309777,280624,590401
39,2053,309777,280624,590401
40,2053,309777,280624,590401
41,2053,310523,280709,591232
42,2053,310523,280709,591232
43,2053,310523,280709,591232
44,2053,310523,280709,591232
45,2053,310523,280709,591232
46,2053,310523,280709,591232
47,2053,310523,280709,591232
48,2053,310523,280709,591232
49,2053,310523,280709,591232
50,2053,310523,280709,591232
51,2053,310523,280709,591232
52,2053,310523,280709,591232
53,2053,310523,280709,591232
54,2053,310523,280709,591232
55,2053,310523,280709,591232
56,2053,310523,280709,591232
57,2053,310523,280709,591232
58,2053,310523,280709,591232
59,2053,310523,280709,591232
60,2053,310523,280709,591232
61,2053,310502,280709,591211
62,2053,310542,280709,591251
63,2053,310629,280709,591338
64,2053,310711,280709,591420
65,2053,310776,280709,591485
66,2053,310677,280709,591386
67,2053,310677,280709,591386
68,2053,310677,280709,591386
69,2053,310609,280709,591318
70,2053,310583,280709,591292
71,2053,310117,280695,590812
72,2053,310465,280709,591174
73,2053,310117,280695,590812
74,2053,310117,280695,590812
75,2053,310117,280695,590812
76,2053,310117,280695,590812
77,2053,310117,280695,590812
78,2053,315901,306651,622552
79,2053,316557,307162,623719
80,2053,319112,306085,625197
81,2053,317302,305907,623209
82,2053,317302,305907,623209
83,2053,317302,305907,623209
84,2053,317302,305907,623209
85,2053,317302,305907,623209
86,2053,317302,305907,623209
87,2053,317302,305907,623209
88,2053,317302,305907,623209
89,2053,317302,305907,623209
90,2053,317302,305907,623209
91,2053,317302,305907,623209
92,2053,317302,305907,623209
93,2053,317302,305907,623209
94,2053,317302,305907,623209
95,2053,317302,305907,623209
96,2053,317302,305907,623209
97,2053,317302,305907,623209
98,2053,317302,305907,623209
99,2053,317302,305907,623209
100,2053,317302,305907,623209
0,2054,292160,275407,567567
1,2054,292160,275407,567567
2,2054,292156,275407,567563
3,2054,292317,275433,567750
4,2054,292459,275435,567894
5,2054,292604,275460,568064
6,2054,292715,275538,568253
7,2054,292699,275529,568228
8,2054,292688,275503,568191
9,2054,292689,275485,568174
10,2054,292704,275551,568255
11,2054,292828,275972,568800
12,2054,293342,276256,569598
13,2054,293719,276375,570094
14,2054,293758,276281,570039
15,2054,293823,276272,570095
16,2054,294123,276355,570478
17,2054,294561,276410,570971
18,2054,295789,276733,572522
19,2054,296731,278188,574919
20,2054,296795,278225,575020
21,2054,296833,278284,575117
22,2054,296862,278532,575394
23,2054,296890,278545,575435
24,2054,296890,278545,575435
25,2054,296890,278545,575435
26,2054,296890,278545,575435
27,2054,296890,278545,575435
28,2054,296890,278545,575435
29,2054,296890,278545,575435
30,2054,296890,278545,575435
31,2054,296890,278545,575435
32,2054,296890,278545,575435
33,2054,296890,278545,575435
34,2054,296890,278545,575435
35,2054,296890,278545,575435
36,2054,296890,278545,575435
37,2054,296890,278545,575435
38,2054,296890,278545,575435
39,2054,296890,278545,575435
40,2054,296890,278545,575435
41,2054,296890,278545,575435
42,2054,296890,278545,575435
43,2054,296890,278545,575435
44,2054,296890,278545,575435
45,2054,296890,278545,575435
46,2054,296881,278545,575426
47,2054,296873,278545,575418
48,2054,296873,278545,575418
49,2054,296873,278545,575418
50,2054,296873,278545,575418
51,2054,296873,278595,575468
52,2054,296873,278595,575468
53,2054,296873,278595,575468
54,2054,296873,278595,575468
55,2054,296873,278595,575468
56,2054,296873,278595,575468
57,2054,296873,278595,575468
58,2054,296873,278595,575468
59,2054,296873,278595,575468
60,2054,296873,278595,575468
61,2054,296873,278595,575468
62,2054,296873,278595,575468
63,2054,296873,278595,575468
64,2054,296825,278595,575420
65,2054,296825,278595,575420
66,2054,296738,278595,575333
67,2054,296738,278595,575333
68,2054,296472,278595,575067
69,2054,296377,278595,574972
70,2054,296237,278595,574832
71,2054,295800,278595,574395
72,2054,295800,278595,574395
73,2054,295461,278595,574056
74,2054,295423,278595,574018
75,2054,295423,278595,574018
76,2054,295423,278595,574018
77,2054,295423,278595,574018
78,2054,295423,279554,574977
79,2054,295423,279363,574786
80,2054,295423,279614,575037
81,2054,295423,279743,575166
82,2054,295423,279743,575166
83,2054,295423,279743,575166
84,2054,295423,279743,575166
85,2054,295423,279743,575166
86,2054,295423,279743,575166
87,2054,295423,279743,575166
88,2054,295423,279743,575166
89,2054,295423,279743,575166
90,2054,295423,279743,575166
91,2054,295423,279743,575166
92,2054,295423,279743,575166
93,2054,295423,279743,575166
94,2054,295423,279743,575166
95,2054,295423,279743,575166
96,2054,295423,279743,575166
97,2054,295423,279743,575166
98,2054,295423,279743,575166
99,2054,295423,279743,575166
100,2054,295423,279743,575166
0,2054,292266,275259,567525
1,2054,292266,275259,567525
2,2054,292259,275259,567518
3,2054,292436,275274,567710
4,2054,292615,275193,567808
5,2054,292741,275299,568040
6,2054,292868,275406,568274
7,2054,292842,275390,568232
8,2054,292820,275364,568184
9,2054,292815,275344,568159
10,2054,292810,275474,568284
11,2054,292862,275699,568561
12,2054,293184,275754,568938
13,2054,293704,275708,569412
14,2054,293937,275800,569737
15,2054,294124,275792,569916
16,2054,294466,275859,570325
17,2054,295672,275850,571522
18,2054,297964,276497,574461
19,2054,298821,278322,577143
20,2054,299958,278491,578449
21,2054,300126,278538,578664
22,2054,300128,279006,579134
23,2054,300136,279020,579156
24,2054,300136,279020,579156
25,2054,300136,279020,579156
26,2054,300136,279020,579156
27,2054,300136,279020,579156
28,2054,300136,279020,579156
29,2054,300136,279020,579156
30,2054,300136,279020,579156
31,2054,300136,279020,579156
32,2054,300136,279020,579156
33,2054,300136,279020,579156
34,2054,300136,279020,579156
35,2054,300136,279020,579156
36,2054,300136,279020,579156
37,2054,300136,279020,579156
38,2054,300136,279020,579156
39,2054,300136,279020,579156
40,2054,300136,279020,579156
41,2054,300136,279020,579156
42,2054,300136,279020,579156
43,2054,300136,279020,579156
44,2054,300538,279020,579558
45,2054,300538,279020,579558
46,2054,300536,279020,579556
47,2054,300528,279020,579548
48,2054,300528,279020,579548
49,2054,300528,279020,579548
50,2054,300528,279020,579548
51,2054,300528,279059,579587
52,2054,300528,279059,579587
53,2054,300528,279059,579587
54,2054,300528,279059,579587
55,2054,300528,279059,579587
56,2054,300528,279059,579587
57,2054,300528,279059,579587
58,2054,300528,279059,579587
59,2054,300528,279059,579587
60,2054,300528,279059,579587
61,2054,300528,279059,579587
62,2054,300528,279059,579587
63,2054,300528,279059,579587
64,2054,300557,279059,579616
65,2054,300557,279059,579616
66,2054,300066,279059,579125
67,2054,300008,279059,579067
68,2054,299613,279059,578672
69,2054,299663,279059,578722
70,2054,299415,279037,578452
71,2054,298888,279037,577925
72,2054,298782,279037,577819
73,2054,298283,278963,577246
74,2054,298238,278963,577201
75,2054,298238,278963,577201
76,2054,298238,278963,577201
77,2054,298238,278963,577201
78,2054,298344,280269,578613
79,2054,298259,280078,578337
80,2054,298344,280826,579170
81,2054,298338,280568,578906
82,2054,298338,280568,578906
83,2054,298338,280568,578906
84,2054,298338,280568,578906
85,2054,298338,280568,578906
86,2054,298338,280568,578906
87,2054,298338,280568,578906
88,2054,298338,280568,578906
89,2054,298338,280568,578906
90,2054,298338,280568,578906
91,2054,298338,280568,578906
92,2054,298338,280568,578906
93,2054,298338,280568,578906
94,2054,298338,280568,578906
95,2054,298338,280568,578906
96,2054,298338,280568,578906
97,2054,298338,280568,578906
98,2054,298338,280568,578906
99,2054,298338,280568,578906
100,2054,298338,280568,578906
0,2054,292274,275413,567687
1,2054,292274,275413,567687
2,2054,292266,275413,567679
3,2054,292417,275347,567764
4,2054,292716,275394,568110
5,2054,292856,275450,568306
6,2054,292910,275526,568436
7,2054,292866,275510,568376
8,2054,292838,275471,568309
9,2054,292865,275477,568342
10,2054,292819,275561,568380
11,2054,292909,275804,568713
12,2054,293366,276259,569625
13,2054,294527,276216,570743
14,2054,294776,276418,571194
15,2054,295034,276413,571447
16,2054,296135,276482,572617
17,2054,297419,276524,573943
18,2054,299982,276890,576872
19,2054,300697,278092,578789
20,2054,300794,278561,579355
21,2054,301474,278636,580110
22,2054,301310,278941,580251
23,2054,301326,278955,580281
24,2054,301326,278955,580281
25,2054,301326,278955,580281
26,2054,301326,278955,580281
27,2054,301326,278955,580281
28,2054,301326,278955,580281
29,2054,301326,278955,580281
30,2054,301326,278955,580281
31,2054,301326,278955,580281
32,2054,301326,278955,580281
33,2054,301326,278955,580281
34,2054,301326,278955,580281
35,2054,301326,278955,580281
36,2054,301326,278955,580281
37,2054,301326,278955,580281
38,2054,301326,278955,580281
39,2054,301326,278955,580281
40,2054,301326,278955,580281
41,2054,301326,278955,580281
42,2054,301326,278955,580281
43,2054,301333,278955,580288
44,2054,303077,279111,582188
45,2054,303077,279111,582188
46,2054,302118,279111,581229
47,2054,302109,279111,581220
48,2054,302109,279111,581220
49,2054,302109,279111,581220
50,2054,302109,279111,581220
51,2054,302109,279149,581258
52,2054,302109,279149,581258
53,2054,302109,279149,581258
54,2054,302109,279149,581258
55,2054,302109,279149,581258
56,2054,302109,279149,581258
57,2054,302109,279149,581258
58,2054,302109,279149,581258
59,2054,302109,279149,581258
60,2054,302109,279149,581258
61,2054,302109,279149,581258
62,2054,302109,279149,581258
63,2054,302109,279149,581258
64,2054,303056,279149,582205
65,2054,303056,279149,582205
66,2054,301751,278994,580745
67,2054,301764,278926,580690
68,2054,301625,278926,580551
69,2054,301693,278926,580619
70,2054,301698,278926,580624
71,2054,302699,279051,581750
72,2054,302614,279051,581665
73,2054,301717,279129,580846
74,2054,301717,279129,580846
75,2054,301717,279129,580846
76,2054,301717,279129,580846
77,2054,301717,279129,580846
78,2054,301618,283834,585452
79,2054,301588,283520,585108
80,2054,301523,283856,585379
81,2054,301545,283856,585401
82,2054,301545,283856,585401
83,2054,301545,283856,585401
84,2054,301545,283856,585401
85,2054,301545,283856,585401
86,2054,301545,283856,585401
87,2054,301545,283856,585401
88,2054,301545,283856,585401
89,2054,301545,283856,585401
90,2054,301545,283856,585401
91,2054,301545,283856,585401
92,2054,301545,283856,585401
93,2054,301545,283856,585401
94,2054,301545,283856,585401
95,2054,301545,283856,585401
96,2054,301545,283856,585401
97,2054,301545,283856,585401
98,2054,301545,283856,585401
99,2054,301545,283856,585401
100,2054,301545,283856,585401
0,2054,292099,274901,567000
1,2054,292099,274901,567000
2,2054,292091,274901,566992
3,2054,292300,274901,567201
4,2054,292463,274931,567394
5,2054,292518,274983,567501
6,2054,292615,275035,567650
7,2054,292607,275057,567664
8,2054,292601,275043,567644
9,2054,292574,275024,567598
10,2054,292549,275055,567604
11,2054,292624,275339,567963
12,2054,293047,275490,568537
13,2054,294584,275590,570174
14,2054,295239,275679,570918
15,2054,297561,275661,573222
16,2054,296031,275360,571391
17,2054,298511,275281,573792
18,2054,300960,276311,577271
19,2054,318140,278178,596318
20,2054,318570,278704,597274
21,2054,307169,279147,586316
22,2054,306963,279195,586158
23,2054,307025,279209,586234
24,2054,307025,279209,586234
25,2054,307025,279209,586234
26,2054,307025,279209,586234
27,2054,307025,279209,586234
28,2054,307025,279209,586234
29,2054,307025,279209,586234
30,2054,307025,279209,586234
31,2054,307025,279209,586234
32,2054,307025,279209,586234
33,2054,307025,279209,586234
34,2054,307025,279209,586234
35,2054,307025,279209,586234
36,2054,307025,279209,586234
37,2054,307025,279209,586234
38,2054,307025,279209,586234
39,2054,307025,279209,586234
40,2054,307025,279209,586234
41,2054,307025,279209,586234
42,2054,307025,279209,586234
43,2054,307025,279209,586234
44,2054,309401,279433,588834
45,2054,309401,279433,588834
46,2054,308138,279364,587502
47,2054,308207,279364,587571
48,2054,308207,279364,587571
49,2054,308207,279364,587571
50,2054,308207,279364,587571
51,2054,308198,279402,587600
52,2054,308198,279402,587600
53,2054,308198,279402,587600
54,2054,308198,279402,587600
55,2054,308198,279402,587600
56,2054,308198,279402,587600
57,2054,308198,279402,587600
58,2054,308198,279402,587600
59,2054,308198,279402,587600
60,2054,308198,279402,587600
61,2054,308198,279402,587600
62,2054,308198,279402,587600
63,2054,308198,279402,587600
64,2054,309449,279472,588921
65,2054,309538,279472,589010
66,2054,307947,279400,587347
67,2054,308227,279400,587627
68,2054,307618,279138,586756
69,2054,307735,279232,586967
70,2054,307742,279123,586865
71,2054,309127,279187,588314
72,2054,308751,279129,587880
73,2054,307179,279129,586308
74,2054,307179,279129,586308
75,2054,307179,279129,586308
76,2054,307179,279129,586308
77,2054,307179,279129,586308
78,2054,306934,286413,593347
79,2054,306862,284996,591858
80,2054,306855,286432,593287
81,2054,306855,286432,593287
82,2054,306855,286432,593287
83,2054,306855,286432,593287
84,2054,306855,286432,593287
85,2054,306855,286432,593287
86,2054,306855,286432,593287
87,2054,306855,286432,593287
88,2054,306855,286432,593287
89,2054,306855,286432,593287
90,2054,306855,286432,593287
91,2054,306855,286432,593287
92,2054,306855,286432,593287
93,2054,306855,286432,593287
94,2054,306855,286432,593287
95,2054,306855,286432,593287
96,2054,306855,286432,593287
97,2054,306855,286432,593287
98,2054,306855,286432,593287
99,2054,306855,286432,593287
100,2054,306855,286432,593287
0,2054,292414,276267,568681
1,2054,292414,276267,568681
2,2054,292410,276267,568677
3,2054,292524,276267,568791
4,2054,292770,276374,569144
5,2054,292782,276405,569187
6,2054,292777,275836,568613
7,2054,292789,275833,568622
8,2054,292809,276105,568914
9,2054,292817,276218,569035
10,2054,292752,276008,568760
11,2054,292786,276013,568799
12,2054,292637,275836,568473
13,2054,294207,275567,569774
14,2054,297544,275452,572996
15,2054,296712,275491,572203
16,2054,295873,275344,571217
17,2054,298696,275638,574334
18,2054,308040,277244,585284
19,2054,310244,279250,589494
20,2054,310992,279343,590335
21,2054,309447,279369,588816
22,2054,309498,279517,589015
23,2054,309548,279517,589065
24,2054,309548,279517,589065
25,2054,309548,279517,589065
26,2054,309548,279517,589065
27,2054,309548,279517,589065
28,2054,309548,279517,589065
29,2054,309548,279517,589065
30,2054,309548,279517,589065
31,2054,309548,279517,589065
32,2054,309548,279517,589065
33,2054,309548,279517,589065
34,2054,309548,279517,589065
35,2054,309548,279517,589065
36,2054,309548,279517,589065
37,2054,309933,279517,589450
38,2054,309933,279517,589450
39,2054,309933,279517,589450
40,2054,309933,279517,589450
41,2054,309933,279517,589450
42,2054,309933,279517,589450
43,2054,309933,279517,589450
44,2054,311218,279445,590663
45,2054,311218,279445,590663
46,2054,311078,279485,590563
47,2054,311078,279485,590563
48,2054,311078,279485,590563
49,2054,311078,279485,590563
50,2054,311078,279485,590563
51,2054,311087,279523,590610
52,2054,311087,279523,590610
53,2054,311087,279523,590610
54,2054,311087,279523,590610
55,2054,311087,279523,590610
56,2054,311087,279523,590610
57,2054,311087,279523,590610
58,2054,311087,279523,590610
59,2054,311087,279523,590610
60,2054,311087,279523,590610
61,2054,311087,279523,590610
62,2054,311087,279523,590610
63,2054,311197,279523,590720
64,2054,311402,279483,590885
65,2054,311494,279483,590977
66,2054,311142,279522,590664
67,2054,311181,279522,590703
68,2054,310276,279498,589774
69,2054,310326,279498,589824
70,2054,310257,279585,589842
71,2054,310672,279598,590270
72,2054,310683,279572,590255
73,2054,309854,279579,589433
74,2054,309854,279579,589433
75,2054,309854,279579,589433
76,2054,309854,279579,589433
77,2054,309854,279579,589433
78,2054,309223,297053,606276
79,2054,309182,295170,604352
80,2054,309215,297002,606217
81,2054,309223,297359,606582
82,2054,309223,297359,606582
83,2054,309223,297359,606582
84,2054,309223,297359,606582
85,2054,309223,297359,606582
86,2054,309223,297359,606582
87,2054,309223,297359,606582
88,2054,309223,297359,606582
89,2054,309223,297359,606582
90,2054,309223,297359,606582
91,2054,309223,297359,606582
92,2054,309223,297359,606582
93,2054,309223,297359,606582
94,2054,309223,297359,606582
95,2054,309223,297359,606582
96,2054,309223,297359,606582
97,2054,309223,297359,606582
98,2054,309223,297359,606582
99,2054,309223,297359,606582
100,2054,309223,297359,606582
0,2054,290839,275033,565872
1,2054,290839,275033,565872
2,2054,290835,275033,565868
3,2054,290937,275233,566170
4,2054,291005,274937,565942
5,2054,291046,275155,566201
6,2054,292232,276240,568472
7,2054,292199,276233,568432
8,2054,291249,275661,566910
9,2054,291199,275601,566800
10,2054,292123,276191,568314
11,2054,292361,276048,568409
12,2054,293171,276060,569231
13,2054,294126,275531,569657
14,2054,296668,275937,572605
15,2054,295244,275388,570632
16,2054,296127,275713,571840
17,2054,298662,276231,574893
18,2054,305162,277907,583069
19,2054,309543,280666,590209
20,2054,310358,280573,590931
21,2054,310236,280007,590243
22,2054,310517,280086,590603
23,2054,310504,280086,590590
24,2054,310504,280086,590590
25,2054,310504,280086,590590
26,2054,310504,280086,590590
27,2054,310504,280086,590590
28,2054,310504,280086,590590
29,2054,310504,280086,590590
30,2054,310504,280086,590590
31,2054,310504,280086,590590
32,2054,310504,280086,590590
33,2054,310504,280086,590590
34,2054,310504,280086,590590
35,2054,310504,280086,590590
36,2054,310504,280086,590590
37,2054,310568,280086,590654
38,2054,310568,280086,590654
39,2054,310568,280086,590654
40,2054,310568,280086,590654
41,2054,310949,280086,591035
42,2054,310949,280086,591035
43,2054,310949,280086,591035
44,2054,311212,280770,591982
45,2054,311212,280770,591982
46,2054,311402,280718,592120
47,2054,311402,280718,592120
48,2054,311402,280718,592120
49,2054,311402,280718,592120
50,2054,311402,280718,592120
51,2054,311402,280757,592159
52,2054,311402,280757,592159
53,2054,311402,280757,592159
54,2054,311402,280757,592159
55,2054,311402,280757,592159
56,2054,311402,280757,592159
57,2054,311402,280757,592159
58,2054,311402,280757,592159
59,2054,311402,280757,592159
60,2054,311402,280757,592159
61,2054,311402,280757,592159
62,2054,311402,280757,592159
63,2054,311500,280757,592257
64,2054,311363,280826,592189
65,2054,311724,280826,592550
66,2054,311611,280757,592368
67,2054,311478,280757,592235
68,2054,311136,280282,591418
69,2054,311224,280386,591610
70,2054,311089,280359,591448
71,2054,311023,280782,591805
72,2054,311415,280757,592172
73,2054,310475,280113,590588
74,2054,310475,280113,590588
75,2054,310475,280113,590588
76,2054,310475,280113,590588
77,2054,310475,280113,590588
78,2054,312080,301426,613506
79,2054,311717,300216,611933
80,2054,312078,301550,613628
81,2054,312097,305369,617466
82,2054,312097,305369,617466
83,2054,312097,305369,617466
84,2054,312097,305369,617466
85,2054,312097,305369,617466
86,2054,312097,305369,617466
87,2054,312097,305369,617466
88,2054,312097,305369,617466
89,2054,312097,305369,617466
90,2054,312097,305369,617466
91,2054,312097,305369,617466
92,2054,312097,305369,617466
93,2054,312097,305369,617466
94,2054,312097,305369,617466
95,2054,312097,305369,617466
96,2054,312097,305369,617466
97,2054,312097,305369,617466
98,2054,312097,305369,617466
99,2054,312097,305369,617466
100,2054,312097,305369,617466
0,2054,289659,274603,564262
1,2054,289659,274603,564262
2,2054,289665,274603,564268
3,2054,290131,274992,565123
4,2054,290075,275018,565093
5,2054,290517,275453,565970
6,2054,291142,275727,566869
7,2054,291129,275727,566856
8,2054,291983,276029,568012
9,2054,291141,275810,566951
10,2054,291146,275616,566762
11,2054,292016,276074,568090
12,2054,292897,276138,569035
13,2054,294262,276019,570281
14,2054,294683,275572,570255
15,2054,297679,275397,573076
16,2054,295993,275946,571939
17,2054,298812,276626,575438
18,2054,303893,278118,582011
19,2054,307392,280296,587688
20,2054,308113,280287,588400
21,2054,310267,280533,590800
22,2054,310619,280734,591353
23,2054,310685,280734,591419
24,2054,310685,280734,591419
25,2054,310685,280734,591419
26,2054,310685,280734,591419
27,2054,310685,280734,591419
28,2054,310685,280734,591419
29,2054,310685,280734,591419
30,2054,310685,280734,591419
31,2054,310685,280734,591419
32,2054,310685,280734,591419
33,2054,310685,280734,591419
34,2054,310685,280734,591419
35,2054,310685,280734,591419
36,2054,310685,280734,591419
37,2054,310706,280734,591440
38,2054,310706,280734,591440
39,2054,310706,280734,591440
40,2054,310706,280734,591440
41,2054,311060,280758,591818
42,2054,311060,280758,591818
43,2054,311060,280758,591818
44,2054,310515,280639,591154
45,2054,310515,280639,591154
46,2054,310557,280639,591196
47,2054,310557,280639,591196
48,2054,310557,280639,591196
49,2054,310557,280639,591196
50,2054,310557,280639,591196
51,2054,310557,280639,591196
52,2054,310557,280639,591196
53,2054,310557,280639,591196
54,2054,310557,280639,591196
55,2054,310557,280639,591196
56,2054,310557,280639,591196
57,2054,310557,280639,591196
58,2054,310557,280639,591196
59,2054,310557,280639,591196
60,2054,310557,280639,591196
61,2054,310557,280639,591196
62,2054,310557,280639,591196
63,2054,310910,280639,591549
64,2054,310761,280639,591400
65,2054,311033,280639,591672
66,2054,311135,280672,591807
67,2054,310932,280639,591571
68,2054,311116,280771,591887
69,2054,311041,280703,591744
70,2054,310992,280666,591658
71,2054,310516,280639,591155
72,2054,310473,280639,591112
73,2054,311008,280697,591705
74,2054,311008,280697,591705
75,2054,311008,280697,591705
76,2054,311008,280697,591705
77,2054,311008,280697,591705
78,2054,314470,302480,616950
79,2054,314144,302411,616555
80,2054,314352,302829,617181
81,2054,316242,304224,620466
82,2054,316242,304224,620466
83,2054,316242,304224,620466
84,2054,316242,304224,620466
85,2054,316242,304224,620466
86,2054,316242,304224,620466
87,2054,316242,304224,620466
88,2054,316242,304224,620466
89,2054,316242,304224,620466
90,2054,316242,304224,620466
91,2054,316242,304224,620466
92,2054,316242,304224,620466
93,2054,316242,304224,620466
94,2054,316242,304224,620466
95,2054,316242,304224,620466
96,2054,316242,304224,620466
97,2054,316242,304224,620466
98,2054,316242,304224,620466
99,2054,316242,304224,620466
100,2054,316242,304224,620466
0,2054,289139,272661,561800
1,2054,289139,272661,561800
2,2054,289140,272661,561801
3,2054,289119,272764,561883
4,2054,289360,272455,561815
5,2054,290329,273837,564166
6,2054,290582,275044,565626
7,2054,290513,275001,565514
8,2054,291822,275327,567149
9,2054,292040,275205,567245
10,2054,290765,275121,565886
11,2054,291646,275629,567275
12,2054,292463,275852,568315
13,2054,293960,275907,569867
14,2054,294086,274870,568956
15,2054,297101,275906,573007
16,2054,295988,275549,571537
17,2054,299178,275915,575093
18,2054,303074,277430,580504
19,2054,305532,280384,585916
20,2054,307797,280492,588289
21,2054,309263,280395,589658
22,2054,309846,280601,590447
23,2054,310066,280601,590667
24,2054,310068,280601,590669
25,2054,310068,280601,590669
26,2054,310068,280601,590669
27,2054,310068,280601,590669
28,2054,310068,280601,590669
29,2054,310068,280601,590669
30,2054,310068,280601,590669
31,2054,310068,280601,590669
32,2054,310068,280601,590669
33,2054,310068,280601,590669
34,2054,310068,280601,590669
35,2054,310068,280601,590669
36,2054,310068,280601,590669
37,2054,310106,280601,590707
38,2054,310106,280601,590707
39,2054,310106,280601,590707
40,2054,310106,280601,590707
41,2054,310504,280601,591105
42,2054,310504,280601,591105
43,2054,310504,280601,591105
44,2054,310371,280615,590986
45,2054,310371,280615,590986
46,2054,310431,280601,591032
47,2054,310431,280601,591032
48,2054,310431,280601,591032
49,2054,310431,280601,591032
50,2054,310431,280601,591032
51,2054,310431,280601,591032
52,2054,310431,280601,591032
53,2054,310431,280601,591032
54,2054,310431,280601,591032
55,2054,310431,280601,591032
56,2054,310431,280601,591032
57,2054,310431,280601,591032
58,2054,310431,280601,591032
59,2054,310431,280601,591032
60,2054,310425,280601,591026
61,2054,310396,280601,590997
62,2054,310384,280601,590985
63,2054,310452,280601,591053
64,2054,310622,280615,591237
65,2054,310565,280615,591180
66,2054,310466,280601,591067
67,2054,310560,280601,591161
68,2054,310503,280601,591104
69,2054,310459,280601,591060
70,2054,310415,280601,591016
71,2054,310321,280601,590922
72,2054,310394,280611,591005
73,2054,310297,280601,590898
74,2054,310297,280601,590898
75,2054,310297,280601,590898
76,2054,310297,280601,590898
77,2054,310297,280601,590898
78,2054,316765,303090,619855
79,2054,316576,303067,619643
80,2054,316701,303735,620436
81,2054,316971,305349,622320
82,2054,316971,305349,622320
83,2054,316971,305349,622320
84,2054,316971,305349,622320
85,2054,316971,305349,622320
86,2054,316971,305349,622320
87,2054,316971,305349,622320
88,2054,316971,305349,622320
89,2054,316971,305349,622320
90,2054,316971,305349,622320
91,2054,316971,305349,622320
92,2054,316971,305349,622320
93,2054,316971,305349,622320
94,2054,316971,305349,622320
95,2054,316971,305349,622320
96,2054,316971,305349,622320
97,2054,316971,305349,622320
98,2054,316971,305349,622320
99,2054,316971,305349,622320
100,2054,316971,305349,622320
0,2054,290394,273022,563416
1,2054,290394,272960,563354
2,2054,290359,272960,563319
3,2054,290259,272886,563145
4,2054,290454,272808,563262
5,2054,291611,274441,566052
6,2054,290844,274238,565082
7,2054,290993,274439,565432
8,2054,292558,275788,568346
9,2054,292683,276220,568903
10,2054,290916,274282,565198
11,2054,292270,275799,568069
12,2054,292527,276121,568648
13,2054,293904,275836,569740
14,2054,293814,275619,569433
15,2054,296491,275550,572041
16,2054,296013,275404,571417
17,2054,300549,276014,576563
18,2054,303703,277256,580959
19,2054,304886,279668,584554
20,2054,307763,280642,588405
21,2054,308577,280432,589009
22,2054,309209,280601,589810
23,2054,309657,280601,590258
24,2054,309658,280601,590259
25,2054,309658,280601,590259
26,2054,309658,280601,590259
27,2054,309658,280601,590259
28,2054,309658,280601,590259
29,2054,309658,280601,590259
30,2054,309658,280601,590259
31,2054,309658,280601,590259
32,2054,309658,280601,590259
33,2054,309658,280601,590259
34,2054,309658,280601,590259
35,2054,309658,280601,590259
36,2054,309658,280601,590259
37,2054,309666,280681,590347
38,2054,309666,280681,590347
39,2054,309666,280681,590347
40,2054,309666,280681,590347
41,2054,310400,280705,591105
42,2054,310400,280705,591105
43,2054,310400,280705,591105
44,2054,310418,280719,591137
45,2054,310418,280719,591137
46,2054,310454,280719,591173
47,2054,310454,280719,591173
48,2054,310454,280719,591173
49,2054,310454,280719,591173
50,2054,310454,280719,591173
51,2054,310454,280719,591173
52,2054,310454,280719,591173
53,2054,310454,280719,591173
54,2054,310454,280719,591173
55,2054,310454,280719,591173
56,2054,310454,280719,591173
57,2054,310454,280719,591173
58,2054,310454,280719,591173
59,2054,310454,280719,591173
60,2054,310454,280719,591173
61,2054,310425,280719,591144
62,2054,310355,280719,591074
63,2054,310557,280719,591276
64,2054,310622,280709,591331
65,2054,310657,280709,591366
66,2054,310551,280719,591270
67,2054,310578,280709,591287
68,2054,310595,280719,591314
69,2054,310527,280719,591246
70,2054,310501,280719,591220
71,2054,310167,280719,590886
72,2054,310365,280719,591084
73,2054,310097,280705,590802
74,2054,310097,280705,590802
75,2054,310097,280705,590802
76,2054,310097,280705,590802
77,2054,310097,280705,590802
78,2054,316031,304649,620680
79,2054,316015,304523,620538
80,2054,316491,304884,621375
81,2054,317021,307179,624200
82,2054,317021,307179,624200
83,2054,317021,307179,624200
84,2054,317021,307179,624200
85,2054,317021,307179,624200
86,2054,317021,307179,624200
87,2054,317021,307179,624200
88,2054,317021,307179,624200
89,2054,317021,307179,624200
90,2054,317021,307179,624200
91,2054,317021,307179,624200
92,2054,317021,307179,624200
93,2054,317021,307179,624200
94,2054,317021,307179,624200
95,2054,317021,307179,624200
96,2054,317021,307179,624200
97,2054,317021,307179,624200
98,2054,317021,307179,624200
99,2054,317021,307179,624200
100,2054,317021,307179,624200
0,2054,291389,273588,564977
1,2054,291361,273588,564949
2,2054,291342,273588,564930
3,2054,290486,273473,563959
4,2054,291427,273538,564965
5,2054,292690,275544,568234
6,2054,291841,274747,566588
7,2054,291918,275199,567117
8,2054,292254,275800,568054
9,2054,291248,275379,566627
10,2054,292120,274848,566968
11,2054,292386,276244,568630
12,2054,292471,275750,568221
13,2054,293842,275635,569477
14,2054,294684,275923,570607
15,2054,295202,274951,570153
16,2054,296309,275544,571853
17,2054,300680,275961,576641
18,2054,306176,277396,583572
19,2054,304844,279082,583926
20,2054,307760,280252,588012
21,2054,308575,280608,589183
22,2054,309265,280695,589960
23,2054,309759,280695,590454
24,2054,309761,280695,590456
25,2054,309761,280695,590456
26,2054,309761,280695,590456
27,2054,309761,280695,590456
28,2054,309761,280695,590456
29,2054,309761,280695,590456
30,2054,309761,280695,590456
31,2054,309761,280695,590456
32,2054,309761,280695,590456
33,2054,309761,280695,590456
34,2054,309761,280695,590456
35,2054,309761,280695,590456
36,2054,309761,280695,590456
37,2054,309760,280695,590455
38,2054,309760,280695,590455
39,2054,309760,280695,590455
40,2054,309760,280695,590455
41,2054,310532,280719,591251
42,2054,310532,280719,591251
43,2054,310532,280719,591251
44,2054,310612,280709,591321
45,2054,310612,280709,591321
46,2054,310612,280709,591321
47,2054,310612,280709,591321
48,2054,310612,280709,591321
49,2054,310612,280709,591321
50,2054,310612,280709,591321
51,2054,310612,280709,591321
52,2054,310612,280709,591321
53,2054,310612,280709,591321
54,2054,310612,280709,591321
55,2054,310612,280709,591321
56,2054,310612,280709,591321
57,2054,310612,280709,591321
58,2054,310612,280709,591321
59,2054,310612,280709,591321
60,2054,310612,280709,591321
61,2054,310583,280709,591292
62,2054,310342,280719,591061
63,2054,310663,280709,591372
64,2054,310791,280709,591500
65,2054,310817,280709,591526
66,2054,310711,280709,591420
67,2054,310719,280709,591428
68,2054,310627,280709,591336
69,2054,310569,280709,591278
70,2054,310553,280709,591262
71,2054,310114,280719,590833
72,2054,310402,280719,591121
73,2054,310099,280695,590794
74,2054,310099,280695,590794
75,2054,310099,280695,590794
76,2054,310099,280695,590794
77,2054,310099,280695,590794
78,2054,316416,306500,622916
79,2054,316414,306851,623265
80,2054,317112,306603,623715
81,2054,320548,305311,625859
82,2054,320548,305311,625859
83,2054,320548,305311,625859
84,2054,320548,305311,625859
85,2054,320548,305311,625859
86,2054,320548,305311,625859
87,2054,320548,305311,625859
88,2054,320548,305311,625859
89,2054,320548,305311,625859
90,2054,320548,305311,625859
91,2054,320548,305311,625859
92,2054,320548,305311,625859
93,2054,320548,305311,625859
94,2054,320548,305311,625859
95,2054,320548,305311,625859
96,2054,320548,305311,625859
97,2054,320548,305311,625859
98,2054,320548,305311,625859
99,2054,320548,305311,625859
100,2054,320548,305311,625859
0,2054,292751,275522,568273
1,2054,292768,275518,568286
2,2054,292769,275518,568287
3,2054,291789,274356,566145
4,2054,293025,274710,567735
5,2054,292813,276399,569212
6,2054,292765,276223,568988
7,2054,292672,276268,568940
8,2054,292330,276276,568606
9,2054,291393,275989,567382
10,2054,292673,276157,568830
11,2054,291584,275622,567206
12,2054,292581,275830,568411
13,2054,294134,275933,570067
14,2054,295041,276344,571385
15,2054,297727,275310,573037
16,2054,296109,275747,571856
17,2054,313874,275931,589805
18,2054,305144,277547,582691
19,2054,305947,279202,585149
20,2054,308539,280233,588772
21,2054,309150,280634,589784
22,2054,309340,280727,590067
23,2054,309735,280695,590430
24,2054,309736,280695,590431
25,2054,309736,280695,590431
26,2054,309736,280695,590431
27,2054,309736,280695,590431
28,2054,309736,280695,590431
29,2054,309736,280695,590431
30,2054,309736,280695,590431
31,2054,309736,280695,590431
32,2054,309736,280695,590431
33,2054,309736,280695,590431
34,2054,309736,280695,590431
35,2054,309736,280695,590431
36,2054,309736,280695,590431
37,2054,309736,280695,590431
38,2054,309736,280695,590431
39,2054,309736,280695,590431
40,2054,309736,280695,590431
41,2054,310615,280709,591324
42,2054,310615,280709,591324
43,2054,310615,280709,591324
44,2054,310580,280709,591289
45,2054,310580,280709,591289
46,2054,310589,280709,591298
47,2054,310589,280709,591298
48,2054,310589,280709,591298
49,2054,310589,280709,591298
50,2054,310589,280709,591298
51,2054,310589,280709,591298
52,2054,310589,280709,591298
53,2054,310589,280709,591298
54,2054,310589,280709,591298
55,2054,310589,280709,591298
56,2054,310589,280709,591298
57,2054,310589,280709,591298
58,2054,310589,280709,591298
59,2054,310589,280709,591298
60,2054,310589,280709,591298
61,2054,310560,280709,591269
62,2054,310362,280719,591081
63,2054,310688,280709,591397
64,2054,310777,280709,591486
65,2054,310815,280709,591524
66,2054,310706,280709,591415
67,2054,310743,280709,591452
68,2054,310757,280709,591466
69,2054,310692,280709,591401
70,2054,310676,280709,591385
71,2054,310183,280695,590878
72,2054,310549,280719,591268
73,2054,310133,280695,590828
74,2054,310133,280695,590828
75,2054,310133,280695,590828
76,2054,310133,280695,590828
77,2054,310133,280695,590828
78,2054,319143,305453,624596
79,2054,319327,305676,625003
80,2054,319274,305068,624342
81,2054,318978,306401,625379
82,2054,318978,306401,625379
83,2054,318978,306401,625379
84,2054,318978,306401,625379
85,2054,318978,306401,625379
86,2054,318978,306401,625379
87,2054,318978,306401,625379
88,2054,318978,306401,625379
89,2054,318978,306401,625379
90,2054,318978,306401,625379
91,2054,318978,306401,625379
92,2054,318978,306401,625379
93,2054,318978,306401,625379
94,2054,318978,306401,625379
95,2054,318978,306401,625379
96,2054,318978,306401,625379
97,2054,318978,306401,625379
98,2054,318978,306401,625379
99,2054,318978,306401,625379
100,2054,318978,306401,625379
0,2054,292327,275510,567837
1,2054,292327,275659,567986
2,2054,292320,275647,567967
3,2054,292875,275527,568402
4,2054,292828,275721,568549
5,2054,291154,274409,565563
6,2054,291431,275516,566947
7,2054,291405,275336,566741
8,2054,290990,275061,566051
9,2054,292128,275695,567823
10,2054,291559,275769,567328
11,2054,291377,275586,566963
12,2054,293155,276000,569155
13,2054,294189,275958,570147
14,2054,295769,275717,571486
15,2054,297153,275649,572802
16,2054,295944,275372,571316
17,2054,307331,276682,584013
18,2054,304499,277441,581940
19,2054,307335,279222,586557
20,2054,309367,280247,589614
21,2054,309425,280514,589939
22,2054,309452,280752,590204
23,2054,309762,280695,590457
24,2054,309764,280695,590459
25,2054,309764,280695,590459
26,2054,309764,280695,590459
27,2054,309764,280695,590459
28,2054,309764,280695,590459
29,2054,309764,280695,590459
30,2054,309764,280695,590459
31,2054,309764,280695,590459
32,2054,309764,280695,590459
33,2054,309764,280695,590459
34,2054,309764,280695,590459
35,2054,309764,280695,590459
36,2054,309764,280695,590459
37,2054,309738,280695,590433
38,2054,309738,280695,590433
39,2054,309738,280695,590433
40,2054,309738,280695,590433
41,2054,310581,280709,591290
42,2054,310581,280709,591290
43,2054,310581,280709,591290
44,2054,310522,280709,591231
45,2054,310522,280709,591231
46,2054,310522,280709,591231
47,2054,310522,280709,591231
48,2054,310522,280709,591231
49,2054,310522,280709,591231
50,2054,310522,280709,591231
51,2054,310522,280709,591231
52,2054,310522,280709,591231
53,2054,310522,280709,591231
54,2054,310522,280709,591231
55,2054,310522,280709,591231
56,2054,310522,280709,591231
57,2054,310522,280709,591231
58,2054,310522,280709,591231
59,2054,310522,280709,591231
60,2054,310522,280709,591231
61,2054,310493,280709,591202
62,2054,310500,280719,591219
63,2054,310622,280709,591331
64,2054,310711,280709,591420
65,2054,310854,280709,591563
66,2054,310736,280709,591445
67,2054,310677,280709,591386
68,2054,310743,280709,591452
69,2054,310668,280709,591377
70,2054,310642,280709,591351
71,2054,310117,280719,590836
72,2054,310404,280709,591113
73,2054,310176,280695,590871
74,2054,310176,280695,590871
75,2054,310176,280695,590871
76,2054,310176,280695,590871
77,2054,310176,280695,590871
78,2054,317218,306629,623847
79,2054,317604,306070,623674
80,2054,317715,306312,624027
81,2054,319435,304795,624230
82,2054,319435,304795,624230
83,2054,319435,304795,624230
84,2054,319435,304795,624230
85,2054,319435,304795,624230
86,2054,319435,304795,624230
87,2054,319435,304795,624230
88,2054,319435,304795,624230
89,2054,319435,304795,624230
90,2054,319435,304795,624230
91,2054,319435,304795,624230
92,2054,319435,304795,624230
93,2054,319435,304795,624230
94,2054,319435,304795,624230
95,2054,319435,304795,624230
96,2054,319435,304795,624230
97,2054,319435,304795,624230
98,2054,319435,304795,624230
99,2054,319435,304795,624230
100,2054,319435,304795,624230
0,2054,292237,275533,567770
1,2054,292258,275489,567747
2,2054,292255,275489,567744
3,2054,292520,275565,568085
4,2054,292646,275922,568568
5,2054,290941,274761,565702
6,2054,291650,275540,567190
7,2054,291571,275602,567173
8,2054,290150,274568,564718
9,2054,292443,275886,568329
10,2054,291915,275595,567510
11,2054,292561,275926,568487
12,2054,293011,276402,569413
13,2054,293947,275772,569719
14,2054,294479,275523,570002
15,2054,297722,275788,573510
16,2054,296132,275359,571491
17,2054,303346,276680,580026
18,2054,304374,277451,581825
19,2054,307952,279352,587304
20,2054,309700,280525,590225
21,2054,308980,280464,589444
22,2054,309470,280601,590071
23,2054,309775,280616,590391
24,2054,309777,280616,590393
25,2054,309777,280616,590393
26,2054,309777,280616,590393
27,2054,309777,280616,590393
28,2054,309777,280616,590393
29,2054,309777,280616,590393
30,2054,309777,280616,590393
31,2054,309777,280616,590393
32,2054,309777,280616,590393
33,2054,309777,280616,590393
34,2054,309777,280616,590393
35,2054,309777,280616,590393
36,2054,309777,280616,590393
37,2054,309777,280616,590393
38,2054,309777,280616,590393
39,2054,309777,280616,590393
40,2054,309777,280616,590393
41,2054,310522,280709,591231
42,2054,310522,280709,591231
43,2054,310522,280709,591231
44,2054,310523,280709,591232
45,2054,310523,280709,591232
46,2054,310523,280709,591232
47,2054,310523,280709,591232
48,2054,310523,280709,591232
49,2054,310523,280709,591232
50,2054,310523,280709,591232
51,2054,310523,280709,591232
52,2054,310523,280709,591232
53,2054,310523,280709,591232
54,2054,310523,280709,591232
55,2054,310523,280709,591232
56,2054,310523,280709,591232
57,2054,310523,280709,591232
58,2054,310523,280709,591232
59,2054,310523,280709,591232
60,2054,310523,280709,591232
61,2054,310494,280709,591203
62,2054,310481,280709,591190
63,2054,310622,280709,591331
64,2054,310711,280709,591420
65,2054,310728,280709,591437
66,2054,310677,280709,591386
67,2054,310677,280709,591386
68,2054,310677,280709,591386
69,2054,310602,280709,591311
70,2054,310576,280709,591285
71,2054,310117,280695,590812
72,2054,310481,280719,591200
73,2054,310143,280719,590862
74,2054,310143,280719,590862
75,2054,310143,280719,590862
76,2054,310143,280719,590862
77,2054,310143,280719,590862
78,2054,319280,304872,624152
79,2054,317218,306403,623621
80,2054,318885,305538,624423
81,2054,315816,304901,620717
82,2054,315816,304901,620717
83,2054,315816,304901,620717
84,2054,315816,304901,620717
85,2054,315816,304901,620717
86,2054,315816,304901,620717
87,2054,315816,304901,620717
88,2054,315816,304901,620717
89,2054,315816,304901,620717
90,2054,315816,304901,620717
91,2054,315816,304901,620717
92,2054,315816,304901,620717
93,2054,315816,304901,620717
94,2054,315816,304901,620717
95,2054,315816,304901,620717
96,2054,315816,304901,620717
97,2054,315816,304901,620717
98,2054,315816,304901,620717
99,2054,315816,304901,620717
100,2054,315816,304901,620717
0,2054,292050,274642,566692
1,2054,291992,274566,566558
2,2054,292049,274566,566615
3,2054,292288,275393,567681
4,2054,292350,275433,567783
5,2054,291665,275418,567083
6,2054,292616,275683,568299
7,2054,292591,275714,568305
8,2054,289388,272724,562112
9,2054,292120,275796,567916
10,2054,292494,275697,568191
11,2054,292571,276455,569026
12,2054,292461,275605,568066
13,2054,293891,275625,569516
14,2054,294576,275565,570141
15,2054,296947,275357,572304
16,2054,296197,275623,571820
17,2054,302139,276579,578718
18,2054,304368,277408,581776
19,2054,309074,279536,588610
20,2054,308796,280425,589221
21,2054,308818,280514,589332
22,2054,309431,280601,590032
23,2054,309749,280616,590365
24,2054,309751,280616,590367
25,2054,309751,280616,590367
26,2054,309751,280616,590367
27,2054,309751,280616,590367
28,2054,309751,280616,590367
29,2054,309751,280616,590367
30,2054,309751,280616,590367
31,2054,309751,280616,590367
32,2054,309751,280616,590367
33,2054,309751,280616,590367
34,2054,309751,280616,590367
35,2054,309751,280616,590367
36,2054,309751,280616,590367
37,2054,309751,280616,590367
38,2054,309751,280616,590367
39,2054,309751,280616,590367
40,2054,309751,280616,590367
41,2054,310523,280709,591232
42,2054,310523,280709,591232
43,2054,310523,280709,591232
44,2054,310523,280709,591232
45,2054,310523,280709,591232
46,2054,310523,280709,591232
47,2054,310523,280709,591232
48,2054,310523,280709,591232
49,2054,310523,280709,591232
50,2054,310523,280709,591232
51,2054,310523,280709,591232
52,2054,310523,280709,591232
53,2054,310523,280709,591232
54,2054,310523,280709,591232
55,2054,310523,280709,591232
56,2054,310523,280709,591232
57,2054,310523,280709,591232
58,2054,310523,280709,591232
59,2054,310523,280709,591232
60,2054,310523,280709,591232
61,2054,310502,280709,591211
62,2054,310533,280709,591242
63,2054,310629,280709,591338
64,2054,310711,280709,591420
65,2054,310748,280709,591457
66,2054,310677,280709,591386
67,2054,310677,280709,591386
68,2054,310677,280709,591386
69,2054,310602,280709,591311
70,2054,310576,280709,591285
71,2054,310117,280695,590812
72,2054,310465,280709,591174
73,2054,310117,280719,590836
74,2054,310117,280719,590836
75,2054,310117,280719,590836
76,2054,310117,280719,590836
77,2054,310117,280719,590836
78,2054,317018,305496,622514
79,2054,319763,304916,624679
80,2054,316558,305659,622217
81,2054,315093,304229,619322
82,2054,315093,304229,619322
83,2054,315093,304229,619322
84,2054,315093,304229,619322
85,2054,315093,304229,619322
86,2054,315093,304229,619322
87,2054,315093,304229,619322
88,2054,315093,304229,619322
89,2054,315093,304229,619322
90,2054,315093,304229,619322
91,2054,315093,304229,619322
92,2054,315093,304229,619322
93,2054,315093,304229,619322
94,2054,315093,304229,619322
95,2054,315093,304229,619322
96,2054,315093,304229,619322
97,2054,315093,304229,619322
98,2054,315093,304229,619322
99,2054,315093,304229,619322
100,2054,315093,304229,619322
0,2054,292467,275809,568276
1,2054,292460,275777,568237
2,2054,292457,275777,568234
3,2054,292245,275154,567399
4,2054,292274,275644,567918
5,2054,292620,276606,569226
6,2054,292731,276392,569123
7,2054,292547,276434,568981
8,2054,290424,273014,563438
9,2054,292125,275680,567805
10,2054,292649,276206,568855
11,2054,291627,275325,566952
12,2054,292214,276093,568307
13,2054,294275,275933,570208
14,2054,294898,275677,570575
15,2054,296696,275498,572194
16,2054,296083,275608,571691
17,2054,302392,276114,578506
18,2054,304800,277408,582208
19,2054,308341,280112,588453
20,2054,308246,280444,588690
21,2054,308721,280514,589235
22,2054,309400,280616,590016
23,2054,309775,280616,590391
24,2054,309777,280616,590393
25,2054,309777,280616,590393
26,2054,309777,280616,590393
27,2054,309777,280616,590393
28,2054,309777,280616,590393
29,2054,309777,280616,590393
30,2054,309777,280616,590393
31,2054,309777,280616,590393
32,2054,309777,280616,590393
33,2054,309777,280616,590393
34,2054,309777,280616,590393
35,2054,309777,280616,590393
36,2054,309777,280616,590393
37,2054,309751,280616,590367
38,2054,309751,280616,590367
39,2054,309751,280616,590367
40,2054,309751,280616,590367
41,2054,310523,280709,591232
42,2054,310523,280709,591232
43,2054,310523,280709,591232
44,2054,310523,280709,591232
45,2054,310523,280709,591232
46,2054,310523,280709,591232
47,2054,310523,280709,591232
48,2054,310523,280709,591232
49,2054,310523,280709,591232
50,2054,310523,280709,591232
51,2054,310523,280709,591232
52,2054,310523,280709,591232
53,2054,310523,280709,591232
54,2054,310523,280709,591232
55,2054,310523,280709,591232
56,2054,310523,280709,591232
57,2054,310523,280709,591232
58,2054,310523,280709,591232
59,2054,310523,280709,591232
60,2054,310523,280709,591232
61,2054,310502,280709,591211
62,2054,310490,280709,591199
63,2054,310629,280709,591338
64,2054,310711,280709,591420
65,2054,310728,280709,591437
66,2054,310677,280709,591386
67,2054,310677,280709,591386
68,2054,310677,280709,591386
69,2054,310609,280709,591318
70,2054,310583,280709,591292
71,2054,310117,280695,590812
72,2054,310465,280709,591174
73,2054,310117,280695,590812
74,2054,310117,280695,590812
75,2054,310117,280695,590812
76,2054,310117,280695,590812
77,2054,310117,280695,590812
78,2054,315589,306728,622317
79,2054,317850,304290,622140
80,2054,315286,304700,619986
81,2054,313486,303270,616756
82,2054,313486,303270,616756
83,2054,313486,303270,616756
84,2054,313486,303270,616756
85,2054,313486,303270,616756
86,2054,313486,303270,616756
87,2054,313486,303270,616756
88,2054,313486,303270,616756
89,2054,313486,303270,616756
90,2054,313486,303270,616756
91,2054,313486,303270,616756
92,2054,313486,303270,616756
93,2054,313486,303270,616756
94,2054,313486,303270,616756
95,2054,313486,303270,616756
96,2054,313486,303270,616756
97,2054,313486,303270,616756
98,2054,313486,303270,616756
99,2054,313486,303270,616756
100,2054,313486,303270,616756
0,2054,292071,275839,567910
1,2054,292089,275900,567989
2,2054,292086,275900,567986
3,2054,292381,275949,568330
4,2054,292447,276194,568641
5,2054,291076,274117,565193
6,2054,291032,274854,565886
7,2054,290997,274886,565883
8,2054,291455,273560,565015
9,2054,292220,275875,568095
10,2054,291207,275214,566421
11,2054,291288,275553,566841
12,2054,293021,276358,569379
13,2054,294152,276089,570241
14,2054,295132,275773,570905
15,2054,295672,275405,571077
16,2054,296009,275276,571285
17,2054,303498,276207,579705
18,2054,304580,277399,581979
19,2054,307593,280366,587959
20,2054,308648,280447,589095
21,2054,309185,280529,589714
22,2054,309411,280647,590058
23,2054,309775,280616,590391
24,2054,309777,280624,590401
25,2054,309777,280624,590401
26,2054,309777,280624,590401
27,2054,309777,280624,590401
28,2054,309777,280624,590401
29,2054,309777,280624,590401
30,2054,309777,280624,590401
31,2054,309777,280624,590401
32,2054,309777,280624,590401
33,2054,309777,280624,590401
34,2054,309777,280624,590401
35,2054,309777,280624,590401
36,2054,309777,280624,590401
37,2054,309777,280616,590393
38,2054,309777,280616,590393
39,2054,309777,280616,590393
40,2054,309777,280616,590393
41,2054,310523,280709,591232
42,2054,310523,280709,591232
43,2054,310523,280709,591232
44,2054,310523,280709,591232
45,2054,310523,280709,591232
46,2054,310523,280709,591232
47,2054,310523,280709,591232
48,2054,310523,280709,591232
49,2054,310523,280709,591232
50,2054,310523,280709,591232
51,2054,310523,280709,591232
52,2054,310523,280709,591232
53,2054,310523,280709,591232
54,2054,310523,280709,591232
55,2054,310523,280709,591232
56,2054,310523,280709,591232
57,2054,310523,280709,591232
58,2054,310523,280709,591232
59,2054,310523,280709,591232
60,2054,310523,280709,591232
61,2054,310502,280709,591211
62,2054,310482,280709,591191
63,2054,310622,280709,591331
64,2054,310711,280709,591420
65,2054,310776,280709,591485
66,2054,310677,280709,591386
67,2054,310677,280709,591386
68,2054,310677,280709,591386
69,2054,310609,280709,591318
70,2054,310583,280709,591292
71,2054,310117,280695,590812
72,2054,310465,280709,591174
73,2054,310117,280695,590812
74,2054,310117,280695,590812
75,2054,310117,280695,590812
76,2054,310117,280695,590812
77,2054,310117,280695,590812
78,2054,319253,303696,622949
79,2054,314882,303302,618184
80,2054,314483,304209,618692
81,2054,313400,302807,616207
82,2054,313400,302807,616207
83,2054,313400,302807,616207
84,2054,313400,302807,616207
85,2054,313400,302807,616207
86,2054,313400,302807,616207
87,2054,313400,302807,616207
88,2054,313400,302807,616207
89,2054,313400,302807,616207
90,2054,313400,302807,616207
91,2054,313400,302807,616207
92,2054,313400,302807,616207
93,2054,313400,302807,616207
94,2054,313400,302807,616207
95,2054,313400,302807,616207
96,2054,313400,302807,616207
97,2054,313400,302807,616207
98,2054,313400,302807,616207
99,2054,313400,302807,616207
100,2054,313400,302807,616207
0,2054,291929,276118,568047
1,2054,292050,276184,568234
2,2054,292024,276184,568208
3,2054,292099,275673,567772
4,2054,291120,275219,566339
5,2054,290898,274381,565279
6,2054,290201,274869,565070
7,2054,289966,274416,564382
8,2054,293136,274868,568004
9,2054,292151,275983,568134
10,2054,291191,275417,566608
11,2054,292570,276264,568834
12,2054,292503,275712,568215
13,2054,293667,275662,569329
14,2054,296166,275731,571897
15,2054,295497,275115,570612
16,2054,296079,275458,571537
17,2054,303229,276582,579811
18,2054,304477,277399,581876
19,2054,306568,280199,586767
20,2054,308456,280490,588946
21,2054,309412,280464,589876
22,2054,309419,280647,590066
23,2054,309775,280624,590399
24,2054,309777,280624,590401
25,2054,309777,280624,590401
26,2054,309777,280624,590401
27,2054,309777,280624,590401
28,2054,309777,280624,590401
29,2054,309777,280624,590401
30,2054,309777,280624,590401
31,2054,309777,280624,590401
32,2054,309777,280624,590401
33,2054,309777,280624,590401
34,2054,309777,280624,590401
35,2054,309777,280624,590401
36,2054,309777,280624,590401
37,2054,309777,280624,590401
38,2054,309777,280624,590401
39,2054,309777,280624,590401
40,2054,309777,280624,590401
41,2054,310523,280709,591232
42,2054,310523,280709,591232
43,2054,310523,280709,591232
44,2054,310523,280709,591232
45,2054,310523,280709,591232
46,2054,310523,280709,591232
47,2054,310523,280709,591232
48,2054,310523,280709,591232
49,2054,310523,280709,591232
50,2054,310523,280709,591232
51,2054,310523,280709,591232
52,2054,310523,280709,591232
53,2054,310523,280709,591232
54,2054,310523,280709,591232
55,2054,310523,280709,591232
56,2054,310523,280709,591232
57,2054,310523,280709,591232
58,2054,310523,280709,591232
59,2054,310523,280709,591232
60,2054,310523,280709,591232
61,2054,310502,280709,591211
62,2054,310542,280709,591251
63,2054,310622,280709,591331
64,2054,310711,280709,591420
65,2054,310776,280709,591485
66,2054,310677,280709,591386
67,2054,310677,280709,591386
68,2054,310677,280709,591386
69,2054,310609,280709,591318
70,2054,310583,280709,591292
71,2054,310117,280695,590812
72,2054,310465,280709,591174
73,2054,310117,280695,590812
74,2054,310117,280695,590812
75,2054,310117,280695,590812
76,2054,310117,280695,590812
77,2054,310117,280695,590812
78,2054,315391,302409,617800
79,2054,313281,301886,615167
80,2054,313582,303403,616985
81,2054,313300,302781,616081
82,2054,313300,302781,616081
83,2054,313300,302781,616081
84,2054,313300,302781,616081
85,2054,313300,302781,616081
86,2054,313300,302781,616081
87,2054,313300,302781,616081
88,2054,313300,302781,616081
89,2054,313300,302781,616081
90,2054,313300,302781,616081
91,2054,313300,302781,616081
92,2054,313300,302781,616081
93,2054,313300,302781,616081
94,2054,313300,302781,616081
95,2054,313300,302781,616081
96,2054,313300,302781,616081
97,2054,313300,302781,616081
98,2054,313300,302781,616081
99,2054,313300,302781,616081
100,2054,313300,302781,616081
0,2054,290678,274865,565543
1,2054,290646,274600,565246
2,2054,290646,274600,565246
3,2054,292028,275935,567963
4,2054,290806,274931,565737
5,2054,291693,275335,567028
6,2054,289512,272972,562484
7,2054,289426,272773,562199
8,2054,292970,275895,568865
9,2054,292042,275514,567556
10,2054,292198,275741,567939
11,2054,291715,275941,567656
12,2054,292280,275815,568095
13,2054,293958,275737,569695
14,2054,295390,275951,571341
15,2054,295576,275625,571201
16,2054,296316,275830,572146
17,2054,302965,276281,579246
18,2054,304630,277408,582038
19,2054,305272,279385,584657
20,2054,308843,280475,589318
21,2054,308966,280464,589430
22,2054,309419,280616,590035
23,2054,309775,280616,590391
24,2054,309777,280616,590393
25,2054,309777,280616,590393
26,2054,309777,280616,590393
27,2054,309777,280616,590393
28,2054,309777,280616,590393
29,2054,309777,280616,590393
30,2054,309777,280616,590393
31,2054,309777,280616,590393
32,2054,309777,280616,590393
33,2054,309777,280616,590393
34,2054,309777,280616,590393
35,2054,309777,280616,590393
36,2054,309777,280616,590393
37,2054,309777,280616,590393
38,2054,309777,280616,590393
39,2054,309777,280616,590393
40,2054,309777,280616,590393
41,2054,310523,280709,591232
42,2054,310523,280709,591232
43,2054,310523,280709,591232
44,2054,310523,280709,591232
45,2054,310523,280709,591232
46,2054,310523,280709,591232
47,2054,310523,280709,591232
48,2054,310523,280709,591232
49,2054,310523,280709,591232
50,2054,310523,280709,591232
51,2054,310523,280709,591232
52,2054,310523,280709,591232
53,2054,310523,280709,591232
54,2054,310523,280709,591232
55,2054,310523,280709,591232
56,2054,310523,280709,591232
57,2054,310523,280709,591232
58,2054,310523,280709,591232
59,2054,310523,280709,591232
60,2054,310523,280709,591232
61,2054,310502,280709,591211
62,2054,310490,280709,591199
63,2054,310629,280709,591338
64,2054,310711,280709,591420
65,2054,310776,280709,591485
66,2054,310677,280709,591386
67,2054,310677,280709,591386
68,2054,310677,280709,591386
69,2054,310609,280709,591318
70,2054,310583,280709,591292
71,2054,310117,280695,590812
72,2054,310465,280709,591174
73,2054,310117,280695,590812
74,2054,310117,280695,590812
75,2054,310117,280695,590812
76,2054,310117,280695,590812
77,2054,310117,280695,590812
78,2054,314163,302133,616296
79,2054,313574,301568,615142
80,2054,313325,302887,616212
81,2054,314143,304623,618766
82,2054,314143,304623,618766
83,2054,314143,304623,618766
84,2054,314143,304623,618766
85,2054,314143,304623,618766
86,2054,314143,304623,618766
87,2054,314143,304623,618766
88,2054,314143,304623,618766
89,2054,314143,304623,618766
90,2054,314143,304623,618766
91,2054,314143,304623,618766
92,2054,314143,304623,618766
93,2054,314143,304623,618766
94,2054,314143,304623,618766
95,2054,314143,304623,618766
96,2054,314143,304623,618766
97,2054,314143,304623,618766
98,2054,314143,304623,618766
99,2054,314143,304623,618766
100,2054,314143,304623,618766
0,2054,289630,273527,563157
1,2054,289084,272978,562062
2,2054,289096,272978,562074
3,2054,291944,275546,567490
4,2054,290744,274239,564983
5,2054,292628,276596,569224
6,2054,290215,273130,563345
7,2054,290379,273170,563549
8,2054,292789,275868,568657
9,2054,292007,275599,567606
10,2054,292516,276305,568821
11,2054,291831,275642,567473
12,2054,293193,276213,569406
13,2054,294133,275848,569981
14,2054,294756,275557,570313
15,2054,295875,275849,571724
16,2054,296104,275804,571908
17,2054,302976,276373,579349
18,2054,304434,277399,581833
19,2054,305026,279291,584317
20,2054,308802,280475,589277
21,2054,308820,280514,589334
22,2054,309407,280616,590023
23,2054,309775,280624,590399
24,2054,309777,280624,590401
25,2054,309777,280624,590401
26,2054,309777,280624,590401
27,2054,309777,280624,590401
28,2054,309777,280624,590401
29,2054,309777,280624,590401
30,2054,309777,280624,590401
31,2054,309777,280624,590401
32,2054,309777,280624,590401
33,2054,309777,280624,590401
34,2054,309777,280624,590401
35,2054,309777,280624,590401
36,2054,309777,280624,590401
37,2054,309777,280616,590393
38,2054,309777,280616,590393
39,2054,309777,280616,590393
40,2054,309777,280616,590393
41,2054,310523,280709,591232
42,2054,310523,280709,591232
43,2054,310523,280709,591232
44,2054,310523,280709,591232
45,2054,310523,280709,591232
46,2054,310523,280709,591232
47,2054,310523,280709,591232
48,2054,310523,280709,591232
49,2054,310523,280709,591232
50,2054,310523,280709,591232
51,2054,310523,280709,591232
52,2054,310523,280709,591232
53,2054,310523,280709,591232
54,2054,310523,280709,591232
55,2054,310523,280709,591232
56,2054,310523,280709,591232
57,2054,310523,280709,591232
58,2054,310523,280709,591232
59,2054,310523,280709,591232
60,2054,310523,280709,591232
61,2054,310502,280709,591211
62,2054,310482,280709,591191
63,2054,310629,280709,591338
64,2054,310711,280709,591420
65,2054,310776,280709,591485
66,2054,310677,280709,591386
67,2054,310677,280709,591386
68,2054,310677,280709,591386
69,2054,310609,280709,591318
70,2054,310583,280709,591292
71,2054,310117,280695,590812
72,2054,310465,280709,591174
73,2054,310117,280695,590812
74,2054,310117,280695,590812
75,2054,310117,280695,590812
76,2054,310117,280695,590812
77,2054,310117,280695,590812
78,2054,312824,302255,615079
79,2054,312361,301855,614216
80,2054,313545,304204,617749
81,2054,315175,307024,622199
82,2054,315175,307024,622199
83,2054,315175,307024,622199
84,2054,315175,307024,622199
85,2054,315175,307024,622199
86,2054,315175,307024,622199
87,2054,315175,307024,622199
88,2054,315175,307024,622199
89,2054,315175,307024,622199
90,2054,315175,307024,622199
91,2054,315175,307024,622199
92,2054,315175,307024,622199
93,2054,315175,307024,622199
94,2054,315175,307024,622199
95,2054,315175,307024,622199
96,2054,315175,307024,622199
97,2054,315175,307024,622199
98,2054,315175,307024,622199
99,2054,315175,307024,622199
100,2054,315175,307024,622199
0,2054,289931,272729,562660
1,2054,289934,272911,562845
2,2054,289982,272952,562934
3,2054,292195,275576,567771
4,2054,291187,274432,565619
5,2054,291032,274005,565037
6,2054,290574,273727,564301
7,2054,291554,273847,565401
8,2054,292191,275275,567466
9,2054,292300,275900,568200
10,2054,291218,275119,566337
11,2054,292350,275661,568011
12,2054,292533,276111,568644
13,2054,294243,276045,570288
14,2054,294509,275322,569831
15,2054,295696,275954,571650
16,2054,295745,275365,571110
17,2054,302787,276624,579411
18,2054,304700,277408,582108
19,2054,305830,279172,585002
20,2054,308798,280475,589273
21,2054,308721,280514,589235
22,2054,309400,280616,590016
23,2054,309775,280624,590399
24,2054,309777,280624,590401
25,2054,309777,280624,590401
26,2054,309777,280624,590401
27,2054,309777,280624,590401
28,2054,309777,280624,590401
29,2054,309777,280624,590401
30,2054,309777,280624,590401
31,2054,309777,280624,590401
32,2054,309777,280624,590401
33,2054,309777,280624,590401
34,2054,309777,280624,590401
35,2054,309777,280624,590401
36,2054,309777,280624,590401
37,2054,309777,280624,590401
38,2054,309777,280624,590401
39,2054,309777,280624,590401
40,2054,309777,280624,590401
41,2054,310523,280709,591232
42,2054,310523,280709,591232
43,2054,310523,280709,591232
44,2054,310523,280709,591232
45,2054,310523,280709,591232
46,2054,310523,280709,591232
47,2054,310523,280709,591232
48,2054,310523,280709,591232
49,2054,310523,280709,591232
50,2054,310523,280709,591232
51,2054,310523,280709,591232
52,2054,310523,280709,591232
53,2054,310523,280709,591232
54,2054,310523,280709,591232
55,2054,310523,280709,591232
56,2054,310523,280709,591232
57,2054,310523,280709,591232
58,2054,310523,280709,591232
59,2054,310523,280709,591232
60,2054,310523,280709,591232
61,2054,310502,280709,591211
62,2054,310542,280709,591251
63,2054,310622,280709,591331
64,2054,310711,280709,591420
65,2054,310776,280709,591485
66,2054,310677,280709,591386
67,2054,310677,280709,591386
68,2054,310677,280709,591386
69,2054,310609,280709,591318
70,2054,310583,280709,591292
71,2054,310117,280695,590812
72,2054,310465,280709,591174
73,2054,310117,280695,590812
74,2054,310117,280695,590812
75,2054,310117,280695,590812
76,2054,310117,280695,590812
77,2054,310117,280695,590812
78,2054,314312,303031,617343
79,2054,314087,303226,617313
80,2054,313783,305497,619280
81,2054,319234,305827,625061
82,2054,319234,305827,625061
83,2054,319234,305827,625061
84,2054,319234,305827,625061
85,2054,319234,305827,625061
86,2054,319234,305827,625061
87,2054,319234,305827,625061
88,2054,319234,305827,625061
89,2054,319234,305827,625061
90,2054,319234,305827,625061
91,2054,319234,305827,625061
92,2054,319234,305827,625061
93,2054,319234,305827,625061
94,2054,319234,305827,625061
95,2054,319234,305827,625061
96,2054,319234,305827,625061
97,2054,319234,305827,625061
98,2054,319234,305827,625061
99,2054,319234,305827,625061
100,2054,319234,305827,625061
0,2054,290389,273324,563713
1,2054,290357,273423,563780
2,2054,290327,273499,563826
3,2054,292216,275829,568045
4,2054,292652,275969,568621
5,2054,290429,274160,564589
6,2054,291995,274742,566737
7,2054,293131,275594,568725
8,2054,292310,275603,567913
9,2054,292239,275895,568134
10,2054,291305,275231,566536
11,2054,292658,276470,569128
12,2054,291894,275712,567606
13,2054,293818,275668,569486
14,2054,294959,275664,570623
15,2054,295329,275541,570870
16,2054,296065,275365,571430
17,2054,302452,276309,578761
18,2054,304434,277399,581833
19,2054,307640,279219,586859
20,2054,308797,280475,589272
21,2054,309191,280529,589720
22,2054,309411,280647,590058
23,2054,309775,280624,590399
24,2054,309777,280624,590401
25,2054,309777,280624,590401
26,2054,309777,280624,590401
27,2054,309777,280624,590401
28,2054,309777,280624,590401
29,2054,309777,280624,590401
30,2054,309777,280624,590401
31,2054,309777,280624,590401
32,2054,309777,280624,590401
33,2054,309777,280624,590401
34,2054,309777,280624,590401
35,2054,309777,280624,590401
36,2054,309777,280624,590401
37,2054,309777,280624,590401
38,2054,309777,280624,590401
39,2054,309777,280624,590401
40,2054,309777,280624,590401
41,2054,310523,280709,591232
42,2054,310523,280709,591232
43,2054,310523,280709,591232
44,2054,310523,280709,591232
45,2054,310523,280709,591232
46,2054,310523,280709,591232
47,2054,310523,280709,591232
48,2054,310523,280709,591232
49,2054,310523,280709,591232
50,2054,310523,280709,591232
51,2054,310523,280709,591232
52,2054,310523,280709,591232
53,2054,310523,280709,591232
54,2054,310523,280709,591232
55,2054,310523,280709,591232
56,2054,310523,280709,591232
57,2054,310523,280709,591232
58,2054,310523,280709,591232
59,2054,310523,280709,591232
60,2054,310523,280709,591232
61,2054,310502,280709,591211
62,2054,310490,280709,591199
63,2054,310622,280709,591331
64,2054,310711,280709,591420
65,2054,310776,280709,591485
66,2054,310677,280709,591386
67,2054,310677,280709,591386
68,2054,310677,280709,591386
69,2054,310609,280709,591318
70,2054,310583,280709,591292
71,2054,310117,280695,590812
72,2054,310465,280709,591174
73,2054,310117,280695,590812
74,2054,310117,280695,590812
75,2054,310117,280695,590812
76,2054,310117,280695,590812
77,2054,310117,280695,590812
78,2054,314565,303350,617915
79,2054,315463,303836,619299
80,2054,315597,307591,623188
81,2054,318475,306338,624813
82,2054,318475,306338,624813
83,2054,318475,306338,624813
84,2054,318475,306338,624813
85,2054,318475,306338,624813
86,2054,318475,306338,624813
87,2054,318475,306338,624813
88,2054,318475,306338,624813
89,2054,318475,306338,624813
90,2054,318475,306338,624813
91,2054,318475,306338,624813
92,2054,318475,306338,624813
93,2054,318475,306338,624813
94,2054,318475,306338,624813
95,2054,318475,306338,624813
96,2054,318475,306338,624813
97,2054,318475,306338,624813
98,2054,318475,306338,624813
99,2054,318475,306338,624813
100,2054,318475,306338,624813
0,2054,291577,274118,565695
1,2054,291704,274059,565763
2,2054,291728,274070,565798
3,2054,292172,275866,568038
4,2054,292520,275795,568315
5,2054,290894,274103,564997
6,2054,293029,275653,568682
7,2054,293002,275585,568587
8,2054,292514,276161,568675
9,2054,292060,275434,567494
10,2054,292373,275869,568242
11,2054,291521,275321,566842
12,2054,292700,275905,568605
13,2054,293942,275538,569480
14,2054,295205,275997,571202
15,2054,296250,275426,571676
16,2054,296330,275907,572237
17,2054,302651,276235,578886
18,2054,304622,277408,582030
19,2054,308470,279310,587780
20,2054,308804,280475,589279
21,2054,309404,280464,589868
22,2054,309411,280647,590058
23,2054,309775,280624,590399
24,2054,309777,280624,590401
25,2054,309777,280624,590401
26,2054,309777,280624,590401
27,2054,309777,280624,590401
28,2054,309777,280624,590401
29,2054,309777,280624,590401
30,2054,309777,280624,590401
31,2054,309777,280624,590401
32,2054,309777,280624,590401
33,2054,309777,280624,590401
34,2054,309777,280624,590401
35,2054,309777,280624,590401
36,2054,309777,280624,590401
37,2054,309777,280624,590401
38,2054,309777,280624,590401
39,2054,309777,280624,590401
40,2054,309777,280624,590401
41,2054,310523,280709,591232
42,2054,310523,280709,591232
43,2054,310523,280709,591232
44,2054,310523,280709,591232
45,2054,310523,280709,591232
46,2054,310523,280709,591232
47,2054,310523,280709,591232
48,2054,310523,280709,591232
49,2054,310523,280709,591232
50,2054,310523,280709,591232
51,2054,310523,280709,591232
52,2054,310523,280709,591232
53,2054,310523,280709,591232
54,2054,310523,280709,591232
55,2054,310523,280709,591232
56,2054,310523,280709,591232
57,2054,310523,280709,591232
58,2054,310523,280709,591232
59,2054,310523,280709,591232
60,2054,310523,280709,591232
61,2054,310502,280709,591211
62,2054,310482,280709,591191
63,2054,310629,280709,591338
64,2054,310711,280709,591420
65,2054,310776,280709,591485
66,2054,310677,280709,591386
67,2054,310677,280709,591386
68,2054,310677,280709,591386
69,2054,310609,280709,591318
70,2054,310583,280709,591292
71,2054,310117,280695,590812
72,2054,310465,280709,591174
73,2054,310117,280695,590812
74,2054,310117,280695,590812
75,2054,310117,280695,590812
76,2054,310117,280695,590812
77,2054,310117,280695,590812
78,2054,314748,304905,619653
79,2054,315681,305040,620721
80,2054,320100,305595,625695
81,2054,319150,304796,623946
82,2054,319150,304796,623946
83,2054,319150,304796,623946
84,2054,319150,304796,623946
85,2054,319150,304796,623946
86,2054,319150,304796,623946
87,2054,319150,304796,623946
88,2054,319150,304796,623946
89,2054,319150,304796,623946
90,2054,319150,304796,623946
91,2054,319150,304796,623946
92,2054,319150,304796,623946
93,2054,319150,304796,623946
94,2054,319150,304796,623946
95,2054,319150,304796,623946
96,2054,319150,304796,623946
97,2054,319150,304796,623946
98,2054,319150,304796,623946
99,2054,319150,304796,623946
100,2054,319150,304796,623946
0,2054,292691,275252,567943
1,2054,292737,275408,568145
2,2054,292737,275396,568133
3,2054,291909,275660,567569
4,2054,292434,275675,568109
5,2054,292224,276129,568353
6,2054,292989,275830,568819
7,2054,292884,275778,568662
8,2054,291224,275620,566844
9,2054,291990,275557,567547
10,2054,292433,276415,568848
11,2054,291391,275660,567051
12,2054,293221,276798,570019
13,2054,294261,275802,570063
14,2054,297791,275834,573625
15,2054,295951,275686,571637
16,2054,296030,275683,571713
17,2054,302367,276387,578754
18,2054,304434,277399,581833
19,2054,309346,279536,588882
20,2054,308804,280475,589279
21,2054,308966,280464,589430
22,2054,309411,280616,590027
23,2054,309775,280624,590399
24,2054,309777,280624,590401
25,2054,309777,280624,590401
26,2054,309777,280624,590401
27,2054,309777,280624,590401
28,2054,309777,280624,590401
29,2054,309777,280624,590401
30,2054,309777,280624,590401
31,2054,309777,280624,590401
32,2054,309777,280624,590401
33,2054,309777,280624,590401
34,2054,309777,280624,590401
35,2054,309777,280624,590401
36,2054,309777,280624,590401
37,2054,309777,280624,590401
38,2054,309777,280624,590401
39,2054,309777,280624,590401
40,2054,309777,280624,590401
41,2054,310523,280709,591232
42,2054,310523,280709,591232
43,2054,310523,280709,591232
44,2054,310523,280709,591232
45,2054,310523,280709,591232
46,2054,310523,280709,591232
47,2054,310523,280709,591232
48,2054,310523,280709,591232
49,2054,310523,280709,591232
50,2054,310523,280709,591232
51,2054,310523,280709,591232
52,2054,310523,280709,591232
53,2054,310523,280709,591232
54,2054,310523,280709,591232
55,2054,310523,280709,591232
56,2054,310523,280709,591232
57,2054,310523,280709,591232
58,2054,310523,280709,591232
59,2054,310523,280709,591232
60,2054,310523,280709,591232
61,2054,310502,280709,591211
62,2054,310542,280709,591251
63,2054,310629,280709,591338
64,2054,310711,280709,591420
65,2054,310776,280709,591485
66,2054,310677,280709,591386
67,2054,310677,280709,591386
68,2054,310677,280709,591386
69,2054,310609,280709,591318
70,2054,310583,280709,591292
71,2054,310117,280695,590812
72,2054,310465,280709,591174
73,2054,310117,280695,590812
74,2054,310117,280695,590812
75,2054,310117,280695,590812
76,2054,310117,280695,590812
77,2054,310117,280695,590812
78,2054,315901,306651,622552
79,2054,316557,307162,623719
80,2054,319112,306085,625197
81,2054,317302,305907,623209
82,2054,317302,305907,623209
83,2054,317302,305907,623209
84,2054,317302,305907,623209
85,2054,317302,305907,623209
86,2054,317302,305907,623209
87,2054,317302,305907,623209
88,2054,317302,305907,623209
89,2054,317302,305907,623209
90,2054,317302,305907,623209
91,2054,317302,305907,623209
92,2054,317302,305907,623209
93,2054,317302,305907,623209
94,2054,317302,305907,623209
95,2054,317302,305907,623209
96,2054,317302,305907,623209
97,2054,317302,305907,623209
98,2054,317302,305907,623209
99,2054,317302,305907,623209
100,2054,317302,305907,623209
0,2055,292160,275407,567567
1,2055,292160,275407,567567
2,2055,292156,275407,567563
3,2055,292317,275433,567750
4,2055,292459,275435,567894
5,2055,292604,275460,568064
6,2055,292715,275538,568253
7,2055,292699,275529,568228
8,2055,292688,275503,568191
9,2055,292689,275485,568174
10,2055,292704,275551,568255
11,2055,292828,275972,568800
12,2055,293342,276256,569598
13,2055,293719,276375,570094
14,2055,293758,276281,570039
15,2055,293823,276272,570095
16,2055,294123,276355,570478
17,2055,294561,276410,570971
18,2055,295789,276733,572522
19,2055,296731,278188,574919
20,2055,296795,278225,575020
21,2055,296833,278284,575117
22,2055,296862,278532,575394
23,2055,296890,278545,575435
24,2055,296890,278545,575435
25,2055,296890,278545,575435
26,2055,296890,278545,575435
27,2055,296890,278545,575435
28,2055,296890,278545,575435
29,2055,296890,278545,575435
30,2055,296890,278545,575435
31,2055,296890,278545,575435
32,2055,296890,278545,575435
33,2055,296890,278545,575435
34,2055,296890,278545,575435
35,2055,296890,278545,575435
36,2055,296890,278545,575435
37,2055,296890,278545,575435
38,2055,296890,278545,575435
39,2055,296890,278545,575435
40,2055,296890,278545,575435
41,2055,296890,278545,575435
42,2055,296890,278545,575435
43,2055,296890,278545,575435
44,2055,296890,278545,575435
45,2055,296890,278545,575435
46,2055,296881,278545,575426
47,2055,296873,278545,575418
48,2055,296873,278545,575418
49,2055,296873,278545,575418
50,2055,296873,278545,575418
51,2055,296873,278595,575468
52,2055,296873,278595,575468
53,2055,296873,278595,575468
54,2055,296873,278595,575468
55,2055,296873,278595,575468
56,2055,296873,278595,575468
57,2055,296873,278595,575468
58,2055,296873,278595,575468
59,2055,296873,278595,575468
60,2055,296873,278595,575468
61,2055,296873,278595,575468
62,2055,296873,278595,575468
63,2055,296873,278595,575468
64,2055,296825,278595,575420
65,2055,296825,278595,575420
66,2055,296738,278595,575333
67,2055,296738,278595,575333
68,2055,296472,278595,575067
69,2055,296377,278595,574972
70,2055,296237,278595,574832
71,2055,295800,278595,574395
72,2055,295800,278595,574395
73,2055,295461,278595,574056
74,2055,295423,278595,574018
75,2055,295423,278595,574018
76,2055,295423,278595,574018
77,2055,295423,278595,574018
78,2055,295423,279554,574977
79,2055,295423,279363,574786
80,2055,295423,279614,575037
81,2055,295423,279743,575166
82,2055,295423,279743,575166
83,2055,295423,279743,575166
84,2055,295423,279743,575166
85,2055,295423,279743,575166
86,2055,295423,279743,575166
87,2055,295423,279743,575166
88,2055,295423,279743,575166
89,2055,295423,279743,575166
90,2055,295423,279743,575166
91,2055,295423,279743,575166
92,2055,295423,279743,575166
93,2055,295423,279743,575166
94,2055,295423,279743,575166
95,2055,295423,279743,575166
96,2055,295423,279743,575166
97,2055,295423,279743,575166
98,2055,295423,279743,575166
99,2055,295423,279743,575166
100,2055,295423,279743,575166
0,2055,292266,275259,567525
1,2055,292266,275259,567525
2,2055,292259,275259,567518
3,2055,292436,275274,567710
4,2055,292615,275193,567808
5,2055,292741,275299,568040
6,2055,292868,275406,568274
7,2055,292842,275390,568232
8,2055,292820,275364,568184
9,2055,292815,275344,568159
10,2055,292810,275474,568284
11,2055,292862,275699,568561
12,2055,293184,275754,568938
13,2055,293704,275708,569412
14,2055,293937,275800,569737
15,2055,294124,275792,569916
16,2055,294466,275859,570325
17,2055,295672,275850,571522
18,2055,297964,276497,574461
19,2055,298821,278322,577143
20,2055,299958,278491,578449
21,2055,300126,278538,578664
22,2055,300128,279006,579134
23,2055,300136,279020,579156
24,2055,300136,279020,579156
25,2055,300136,279020,579156
26,2055,300136,279020,579156
27,2055,300136,279020,579156
28,2055,300136,279020,579156
29,2055,300136,279020,579156
30,2055,300136,279020,579156
31,2055,300136,279020,579156
32,2055,300136,279020,579156
33,2055,300136,279020,579156
34,2055,300136,279020,579156
35,2055,300136,279020,579156
36,2055,300136,279020,579156
37,2055,300136,279020,579156
38,2055,300136,279020,579156
39,2055,300136,279020,579156
40,2055,300136,279020,579156
41,2055,300136,279020,579156
42,2055,300136,279020,579156
43,2055,300136,279020,579156
44,2055,300538,279020,579558
45,2055,300538,279020,579558
46,2055,300536,279020,579556
47,2055,300528,279020,579548
48,2055,300528,279020,579548
49,2055,300528,279020,579548
50,2055,300528,279020,579548
51,2055,300528,279059,579587
52,2055,300528,279059,579587
53,2055,300528,279059,579587
54,2055,300528,279059,579587
55,2055,300528,279059,579587
56,2055,300528,279059,579587
57,2055,300528,279059,579587
58,2055,300528,279059,579587
59,2055,300528,279059,579587
60,2055,300528,279059,579587
61,2055,300528,279059,579587
62,2055,300528,279059,579587
63,2055,300528,279059,579587
64,2055,300557,279059,579616
65,2055,300557,279059,579616
66,2055,300066,279059,579125
67,2055,300008,279059,579067
68,2055,299613,279059,578672
69,2055,299663,279059,578722
70,2055,299415,279037,578452
71,2055,298888,279037,577925
72,2055,298782,279037,577819
73,2055,298283,278963,577246
74,2055,298238,278963,577201
75,2055,298238,278963,577201
76,2055,298238,278963,577201
77,2055,298238,278963,577201
78,2055,298344,280269,578613
79,2055,298259,280078,578337
80,2055,298344,280826,579170
81,2055,298338,280568,578906
82,2055,298338,280568,578906
83,2055,298338,280568,578906
84,2055,298338,280568,578906
85,2055,298338,280568,578906
86,2055,298338,280568,578906
87,2055,298338,280568,578906
88,2055,298338,280568,578906
89,2055,298338,280568,578906
90,2055,298338,280568,578906
91,2055,298338,280568,578906
92,2055,298338,280568,578906
93,2055,298338,280568,578906
94,2055,298338,280568,578906
95,2055,298338,280568,578906
96,2055,298338,280568,578906
97,2055,298338,280568,578906
98,2055,298338,280568,578906
99,2055,298338,280568,578906
100,2055,298338,280568,578906
0,2055,292274,275413,567687
1,2055,292274,275413,567687
2,2055,292266,275413,567679
3,2055,292417,275347,567764
4,2055,292716,275394,568110
5,2055,292856,275450,568306
6,2055,292910,275526,568436
7,2055,292866,275510,568376
8,2055,292838,275471,568309
9,2055,292865,275477,568342
10,2055,292819,275561,568380
11,2055,292909,275804,568713
12,2055,293366,276259,569625
13,2055,294527,276216,570743
14,2055,294776,276418,571194
15,2055,295034,276413,571447
16,2055,296135,276482,572617
17,2055,297419,276524,573943
18,2055,299982,276890,576872
19,2055,300697,278092,578789
20,2055,300794,278561,579355
21,2055,301474,278636,580110
22,2055,301310,278941,580251
23,2055,301326,278955,580281
24,2055,301326,278955,580281
25,2055,301326,278955,580281
26,2055,301326,278955,580281
27,2055,301326,278955,580281
28,2055,301326,278955,580281
29,2055,301326,278955,580281
30,2055,301326,278955,580281
31,2055,301326,278955,580281
32,2055,301326,278955,580281
33,2055,301326,278955,580281
34,2055,301326,278955,580281
35,2055,301326,278955,580281
36,2055,301326,278955,580281
37,2055,301326,278955,580281
38,2055,301326,278955,580281
39,2055,301326,278955,580281
40,2055,301326,278955,580281
41,2055,301326,278955,580281
42,2055,301326,278955,580281
43,2055,301333,278955,580288
44,2055,303077,279111,582188
45,2055,303077,279111,582188
46,2055,302118,279111,581229
47,2055,302109,279111,581220
48,2055,302109,279111,581220
49,2055,302109,279111,581220
50,2055,302109,279111,581220
51,2055,302109,279149,581258
52,2055,302109,279149,581258
53,2055,302109,279149,581258
54,2055,302109,279149,581258
55,2055,302109,279149,581258
56,2055,302109,279149,581258
57,2055,302109,279149,581258
58,2055,302109,279149,581258
59,2055,302109,279149,581258
60,2055,302109,279149,581258
61,2055,302109,279149,581258
62,2055,302109,279149,581258
63,2055,302109,279149,581258
64,2055,303056,279149,582205
65,2055,303056,279149,582205
66,2055,301751,278994,580745
67,2055,301764,278926,580690
68,2055,301625,278926,580551
69,2055,301693,278926,580619
70,2055,301698,278926,580624
71,2055,302699,279051,581750
72,2055,302614,279051,581665
73,2055,301717,279129,580846
74,2055,301717,279129,580846
75,2055,301717,279129,580846
76,2055,301717,279129,580846
77,2055,301717,279129,580846
78,2055,301618,283834,585452
79,2055,301588,283520,585108
80,2055,301523,283856,585379
81,2055,301545,283856,585401
82,2055,301545,283856,585401
83,2055,301545,283856,585401
84,2055,301545,283856,585401
85,2055,301545,283856,585401
86,2055,301545,283856,585401
87,2055,301545,283856,585401
88,2055,301545,283856,585401
89,2055,301545,283856,585401
90,2055,301545,283856,585401
91,2055,301545,283856,585401
92,2055,301545,283856,585401
93,2055,301545,283856,585401
94,2055,301545,283856,585401
95,2055,301545,283856,585401
96,2055,301545,283856,585401
97,2055,301545,283856,585401
98,2055,301545,283856,585401
99,2055,301545,283856,585401
100,2055,301545,283856,585401
0,2055,292099,274901,567000
1,2055,292099,274901,567000
2,2055,292091,274901,566992
3,2055,292300,274901,567201
4,2055,292463,274931,567394
5,2055,292518,274983,567501
6,2055,292615,275035,567650
7,2055,292607,275057,567664
8,2055,292601,275043,567644
9,2055,292574,275024,567598
10,2055,292549,275055,567604
11,2055,292624,275339,567963
12,2055,293047,275490,568537
13,2055,294584,275590,570174
14,2055,295239,275679,570918
15,2055,297561,275661,573222
16,2055,296031,275360,571391
17,2055,298511,275281,573792
18,2055,300960,276311,577271
19,2055,318140,278178,596318
20,2055,318570,278704,597274
21,2055,307169,279147,586316
22,2055,306963,279195,586158
23,2055,307025,279209,586234
24,2055,307025,279209,586234
25,2055,307025,279209,586234
26,2055,307025,279209,586234
27,2055,307025,279209,586234
28,2055,307025,279209,586234
29,2055,307025,279209,586234
30,2055,307025,279209,586234
31,2055,307025,279209,586234
32,2055,307025,279209,586234
33,2055,307025,279209,586234
34,2055,307025,279209,586234
35,2055,307025,279209,586234
36,2055,307025,279209,586234
37,2055,307025,279209,586234
38,2055,307025,279209,586234
39,2055,307025,279209,586234
40,2055,307025,279209,586234
41,2055,307025,279209,586234
42,2055,307025,279209,586234
43,2055,307025,279209,586234
44,2055,309401,279433,588834
45,2055,309401,279433,588834
46,2055,308138,279364,587502
47,2055,308207,279364,587571
48,2055,308207,279364,587571
49,2055,308207,279364,587571
50,2055,308207,279364,587571
51,2055,308198,279402,587600
52,2055,308198,279402,587600
53,2055,308198,279402,587600
54,2055,308198,279402,587600
55,2055,308198,279402,587600
56,2055,308198,279402,587600
57,2055,308198,279402,587600
58,2055,308198,279402,587600
59,2055,308198,279402,587600
60,2055,308198,279402,587600
61,2055,308198,279402,587600
62,2055,308198,279402,587600
63,2055,308198,279402,587600
64,2055,309449,279472,588921
65,2055,309538,279472,589010
66,2055,307947,279400,587347
67,2055,308227,279400,587627
68,2055,307618,279138,586756
69,2055,307735,279232,586967
70,2055,307742,279123,586865
71,2055,309127,279187,588314
72,2055,308751,279129,587880
73,2055,307179,279129,586308
74,2055,307179,279129,586308
75,2055,307179,279129,586308
76,2055,307179,279129,586308
77,2055,307179,279129,586308
78,2055,306934,286413,593347
79,2055,306862,284996,591858
80,2055,306855,286432,593287
81,2055,306855,286432,593287
82,2055,306855,286432,593287
83,2055,306855,286432,593287
84,2055,306855,286432,593287
85,2055,306855,286432,593287
86,2055,306855,286432,593287
87,2055,306855,286432,593287
88,2055,306855,286432,593287
89,2055,306855,286432,593287
90,2055,306855,286432,593287
91,2055,306855,286432,593287
92,2055,306855,286432,593287
93,2055,306855,286432,593287
94,2055,306855,286432,593287
95,2055,306855,286432,593287
96,2055,306855,286432,593287
97,2055,306855,286432,593287
98,2055,306855,286432,593287
99,2055,306855,286432,593287
100,2055,306855,286432,593287
0,2055,292414,276267,568681
1,2055,292414,276267,568681
2,2055,292410,276267,568677
3,2055,292524,276267,568791
4,2055,292770,276374,569144
5,2055,292782,276405,569187
6,2055,292777,275836,568613
7,2055,292789,275833,568622
8,2055,292809,276105,568914
9,2055,292817,276218,569035
10,2055,292752,276008,568760
11,2055,292786,276013,568799
12,2055,292637,275836,568473
13,2055,294207,275567,569774
14,2055,297544,275452,572996
15,2055,296712,275491,572203
16,2055,295873,275344,571217
17,2055,298696,275638,574334
18,2055,308040,277244,585284
19,2055,310244,279250,589494
20,2055,310992,279343,590335
21,2055,309447,279369,588816
22,2055,309498,279517,589015
23,2055,309548,279517,589065
24,2055,309548,279517,589065
25,2055,309548,279517,589065
26,2055,309548,279517,589065
27,2055,309548,279517,589065
28,2055,309548,279517,589065
29,2055,309548,279517,589065
30,2055,309548,279517,589065
31,2055,309548,279517,589065
32,2055,309548,279517,589065
33,2055,309548,279517,589065
34,2055,309548,279517,589065
35,2055,309548,279517,589065
36,2055,309548,279517,589065
37,2055,309933,279517,589450
38,2055,309933,279517,589450
39,2055,309933,279517,589450
40,2055,309933,279517,589450
41,2055,309933,279517,589450
42,2055,309933,279517,589450
43,2055,309933,279517,589450
44,2055,311218,279445,590663
45,2055,311218,279445,590663
46,2055,311078,279485,590563
47,2055,311078,279485,590563
48,2055,311078,279485,590563
49,2055,311078,279485,590563
50,2055,311078,279485,590563
51,2055,311087,279523,590610
52,2055,311087,279523,590610
53,2055,311087,279523,590610
54,2055,311087,279523,590610
55,2055,311087,279523,590610
56,2055,311087,279523,590610
57,2055,311087,279523,590610
58,2055,311087,279523,590610
59,2055,311087,279523,590610
60,2055,311087,279523,590610
61,2055,311087,279523,590610
62,2055,311087,279523,590610
63,2055,311197,279523,590720
64,2055,311402,279483,590885
65,2055,311494,279483,590977
66,2055,311142,279522,590664
67,2055,311181,279522,590703
68,2055,310276,279498,589774
69,2055,310326,279498,589824
70,2055,310257,279585,589842
71,2055,310672,279598,590270
72,2055,310683,279572,590255
73,2055,309854,279579,589433
74,2055,309854,279579,589433
75,2055,309854,279579,589433
76,2055,309854,279579,589433
77,2055,309854,279579,589433
78,2055,309223,297053,606276
79,2055,309182,295170,604352
80,2055,309215,297002,606217
81,2055,309223,297359,606582
82,2055,309223,297359,606582
83,2055,309223,297359,606582
84,2055,309223,297359,606582
85,2055,309223,297359,606582
86,2055,309223,297359,606582
87,2055,309223,297359,606582
88,2055,309223,297359,606582
89,2055,309223,297359,606582
90,2055,309223,297359,606582
91,2055,309223,297359,606582
92,2055,309223,297359,606582
93,2055,309223,297359,606582
94,2055,309223,297359,606582
95,2055,309223,297359,606582
96,2055,309223,297359,606582
97,2055,309223,297359,606582
98,2055,309223,297359,606582
99,2055,309223,297359,606582
100,2055,309223,297359,606582
0,2055,290839,275033,565872
1,2055,290839,275033,565872
2,2055,290835,275033,565868
3,2055,290937,275233,566170
4,2055,291005,274937,565942
5,2055,291046,275155,566201
6,2055,292232,276240,568472
7,2055,292199,276233,568432
8,2055,291249,275661,566910
9,2055,291199,275601,566800
10,2055,292123,276191,568314
11,2055,292361,276048,568409
12,2055,293171,276060,569231
13,2055,294126,275531,569657
14,2055,296668,275937,572605
15,2055,295244,275388,570632
16,2055,296127,275713,571840
17,2055,298662,276231,574893
18,2055,305162,277907,583069
19,2055,309543,280666,590209
20,2055,310358,280573,590931
21,2055,310236,280007,590243
22,2055,310517,280086,590603
23,2055,310504,280086,590590
24,2055,310504,280086,590590
25,2055,310504,280086,590590
26,2055,310504,280086,590590
27,2055,310504,280086,590590
28,2055,310504,280086,590590
29,2055,310504,280086,590590
30,2055,310504,280086,590590
31,2055,310504,280086,590590
32,2055,310504,280086,590590
33,2055,310504,280086,590590
34,2055,310504,280086,590590
35,2055,310504,280086,590590
36,2055,310504,280086,590590
37,2055,310568,280086,590654
38,2055,310568,280086,590654
39,2055,310568,280086,590654
40,2055,310568,280086,590654
41,2055,310949,280086,591035
42,2055,310949,280086,591035
43,2055,310949,280086,591035
44,2055,311212,280770,591982
45,2055,311212,280770,591982
46,2055,311402,280718,592120
47,2055,311402,280718,592120
48,2055,311402,280718,592120
49,2055,311402,280718,592120
50,2055,311402,280718,592120
51,2055,311402,280757,592159
52,2055,311402,280757,592159
53,2055,311402,280757,592159
54,2055,311402,280757,592159
55,2055,311402,280757,592159
56,2055,311402,280757,592159
57,2055,311402,280757,592159
58,2055,311402,280757,592159
59,2055,311402,280757,592159
60,2055,311402,280757,592159
61,2055,311402,280757,592159
62,2055,311402,280757,592159
63,2055,311500,280757,592257
64,2055,311363,280826,592189
65,2055,311724,280826,592550
66,2055,311611,280757,592368
67,2055,311478,280757,592235
68,2055,311136,280282,591418
69,2055,311224,280386,591610
70,2055,311089,280359,591448
71,2055,311023,280782,591805
72,2055,311415,280757,592172
73,2055,310475,280113,590588
74,2055,310475,280113,590588
75,2055,310475,280113,590588
76,2055,310475,280113,590588
77,2055,310475,280113,590588
78,2055,312080,301426,613506
79,2055,311717,300216,611933
80,2055,312078,301550,613628
81,2055,312097,305369,617466
82,2055,312097,305369,617466
83,2055,312097,305369,617466
84,2055,312097,305369,617466
85,2055,312097,305369,617466
86,2055,312097,305369,617466
87,2055,312097,305369,617466
88,2055,312097,305369,617466
89,2055,312097,305369,617466
90,2055,312097,305369,617466
91,2055,312097,305369,617466
92,2055,312097,305369,617466
93,2055,312097,305369,617466
94,2055,312097,305369,617466
95,2055,312097,305369,617466
96,2055,312097,305369,617466
97,2055,312097,305369,617466
98,2055,312097,305369,617466
99,2055,312097,305369,617466
100,2055,312097,305369,617466
0,2055,289659,274603,564262
1,2055,289659,274603,564262
2,2055,289665,274603,564268
3,2055,290131,274992,565123
4,2055,290075,275018,565093
5,2055,290517,275453,565970
6,2055,291142,275727,566869
7,2055,291129,275727,566856
8,2055,291983,276029,568012
9,2055,291141,275810,566951
10,2055,291146,275616,566762
11,2055,292016,276074,568090
12,2055,292897,276138,569035
13,2055,294262,276019,570281
14,2055,294683,275572,570255
15,2055,297679,275397,573076
16,2055,295993,275946,571939
17,2055,298812,276626,575438
18,2055,303893,278118,582011
19,2055,307392,280296,587688
20,2055,308113,280287,588400
21,2055,310267,280533,590800
22,2055,310619,280734,591353
23,2055,310685,280734,591419
24,2055,310685,280734,591419
25,2055,310685,280734,591419
26,2055,310685,280734,591419
27,2055,310685,280734,591419
28,2055,310685,280734,591419
29,2055,310685,280734,591419
30,2055,310685,280734,591419
31,2055,310685,280734,591419
32,2055,310685,280734,591419
33,2055,310685,280734,591419
34,2055,310685,280734,591419
35,2055,310685,280734,591419
36,2055,310685,280734,591419
37,2055,310706,280734,591440
38,2055,310706,280734,591440
39,2055,310706,280734,591440
40,2055,310706,280734,591440
41,2055,311060,280758,591818
42,2055,311060,280758,591818
43,2055,311060,280758,591818
44,2055,310515,280639,591154
45,2055,310515,280639,591154
46,2055,310557,280639,591196
47,2055,310557,280639,591196
48,2055,310557,280639,591196
49,2055,310557,280639,591196
50,2055,310557,280639,591196
51,2055,310557,280639,591196
52,2055,310557,280639,591196
53,2055,310557,280639,591196
54,2055,310557,280639,591196
55,2055,310557,280639,591196
56,2055,310557,280639,591196
57,2055,310557,280639,591196
58,2055,310557,280639,591196
59,2055,310557,280639,591196
60,2055,310557,280639,591196
61,2055,310557,280639,591196
62,2055,310557,280639,591196
63,2055,310910,280639,591549
64,2055,310761,280639,591400
65,2055,311033,280639,591672
66,2055,311135,280672,591807
67,2055,310932,280639,591571
68,2055,311116,280771,591887
69,2055,311041,280703,591744
70,2055,310992,280666,591658
71,2055,310516,280639,591155
72,2055,310473,280639,591112
73,2055,311008,280697,591705
74,2055,311008,280697,591705
75,2055,311008,280697,591705
76,2055,311008,280697,591705
77,2055,311008,280697,591705
78,2055,314470,302480,616950
79,2055,314144,302411,616555
80,2055,314352,302829,617181
81,2055,316242,304224,620466
82,2055,316242,304224,620466
83,2055,316242,304224,620466
84,2055,316242,304224,620466
85,2055,316242,304224,620466
86,2055,316242,304224,620466
87,2055,316242,304224,620466
88,2055,316242,304224,620466
89,2055,316242,304224,620466
90,2055,316242,304224,620466
91,2055,316242,304224,620466
92,2055,316242,304224,620466
93,2055,316242,304224,620466
94,2055,316242,304224,620466
95,2055,316242,304224,620466
96,2055,316242,304224,620466
97,2055,316242,304224,620466
98,2055,316242,304224,620466
99,2055,316242,304224,620466
100,2055,316242,304224,620466
0,2055,289139,272661,561800
1,2055,289139,272661,561800
2,2055,289140,272661,561801
3,2055,289119,272764,561883
4,2055,289360,272455,561815
5,2055,290329,273837,564166
6,2055,290582,275044,565626
7,2055,290513,275001,565514
8,2055,291822,275327,567149
9,2055,292040,275205,567245
10,2055,290765,275121,565886
11,2055,291646,275629,567275
12,2055,292463,275852,568315
13,2055,293960,275907,569867
14,2055,294086,274870,568956
15,2055,297101,275906,573007
16,2055,295988,275549,571537
17,2055,299178,275915,575093
18,2055,303074,277430,580504
19,2055,305532,280384,585916
20,2055,307797,280492,588289
21,2055,309263,280395,589658
22,2055,309846,280601,590447
23,2055,310066,280601,590667
24,2055,310068,280601,590669
25,2055,310068,280601,590669
26,2055,310068,280601,590669
27,2055,310068,280601,590669
28,2055,310068,280601,590669
29,2055,310068,280601,590669
30,2055,310068,280601,590669
31,2055,310068,280601,590669
32,2055,310068,280601,590669
33,2055,310068,280601,590669
34,2055,310068,280601,590669
35,2055,310068,280601,590669
36,2055,310068,280601,590669
37,2055,310106,280601,590707
38,2055,310106,280601,590707
39,2055,310106,280601,590707
40,2055,310106,280601,590707
41,2055,310504,280601,591105
42,2055,310504,280601,591105
43,2055,310504,280601,591105
44,2055,310371,280615,590986
45,2055,310371,280615,590986
46,2055,310431,280601,591032
47,2055,310431,280601,591032
48,2055,310431,280601,591032
49,2055,310431,280601,591032
50,2055,310431,280601,591032
51,2055,310431,280601,591032
52,2055,310431,280601,591032
53,2055,310431,280601,591032
54,2055,310431,280601,591032
55,2055,310431,280601,591032
56,2055,310431,280601,591032
57,2055,310431,280601,591032
58,2055,310431,280601,591032
59,2055,310431,280601,591032
60,2055,310425,280601,591026
61,2055,310396,280601,590997
62,2055,310384,280601,590985
63,2055,310452,280601,591053
64,2055,310622,280615,591237
65,2055,310565,280615,591180
66,2055,310466,280601,591067
67,2055,310560,280601,591161
68,2055,310503,280601,591104
69,2055,310459,280601,591060
70,2055,310415,280601,591016
71,2055,310321,280601,590922
72,2055,310394,280611,591005
73,2055,310297,280601,590898
74,2055,310297,280601,590898
75,2055,310297,280601,590898
76,2055,310297,280601,590898
77,2055,310297,280601,590898
78,2055,316765,303090,619855
79,2055,316576,303067,619643
80,2055,316701,303735,620436
81,2055,316971,305349,622320
82,2055,316971,305349,622320
83,2055,316971,305349,622320
84,2055,316971,305349,622320
85,2055,316971,305349,622320
86,2055,316971,305349,622320
87,2055,316971,305349,622320
88,2055,316971,305349,622320
89,2055,316971,305349,622320
90,2055,316971,305349,622320
91,2055,316971,305349,622320
92,2055,316971,305349,622320
93,2055,316971,305349,622320
94,2055,316971,305349,622320
95,2055,316971,305349,622320
96,2055,316971,305349,622320
97,2055,316971,305349,622320
98,2055,316971,305349,622320
99,2055,316971,305349,622320
100,2055,316971,305349,622320
0,2055,290394,273022,563416
1,2055,290394,272960,563354
2,2055,290359,272960,563319
3,2055,290259,272886,563145
4,2055,290454,272808,563262
5,2055,291611,274441,566052
6,2055,290844,274238,565082
7,2055,290993,274439,565432
8,2055,292558,275788,568346
9,2055,292683,276220,568903
10,2055,290916,274282,565198
11,2055,292270,275799,568069
12,2055,292527,276121,568648
13,2055,293904,275836,569740
14,2055,293814,275619,569433
15,2055,296491,275550,572041
16,2055,296013,275404,571417
17,2055,300549,276014,576563
18,2055,303703,277256,580959
19,2055,304886,279668,584554
20,2055,307763,280642,588405
21,2055,308577,280432,589009
22,2055,309209,280601,589810
23,2055,309657,280601,590258
24,2055,309658,280601,590259
25,2055,309658,280601,590259
26,2055,309658,280601,590259
27,2055,309658,280601,590259
28,2055,309658,280601,590259
29,2055,309658,280601,590259
30,2055,309658,280601,590259
31,2055,309658,280601,590259
32,2055,309658,280601,590259
33,2055,309658,280601,590259
34,2055,309658,280601,590259
35,2055,309658,280601,590259
36,2055,309658,280601,590259
37,2055,309666,280681,590347
38,2055,309666,280681,590347
39,2055,309666,280681,590347
40,2055,309666,280681,590347
41,2055,310400,280705,591105
42,2055,310400,280705,591105
43,2055,310400,280705,591105
44,2055,310418,280719,591137
45,2055,310418,280719,591137
46,2055,310454,280719,591173
47,2055,310454,280719,591173
48,2055,310454,280719,591173
49,2055,310454,280719,591173
50,2055,310454,280719,591173
51,2055,310454,280719,591173
52,2055,310454,280719,591173
53,2055,310454,280719,591173
54,2055,310454,280719,591173
55,2055,310454,280719,591173
56,2055,310454,280719,591173
57,2055,310454,280719,591173
58,2055,310454,280719,591173
59,2055,310454,280719,591173
60,2055,310454,280719,591173
61,2055,310425,280719,591144
62,2055,310355,280719,591074
63,2055,310557,280719,591276
64,2055,310622,280709,591331
65,2055,310657,280709,591366
66,2055,310551,280719,591270
67,2055,310578,280709,591287
68,2055,310595,280719,591314
69,2055,310527,280719,591246
70,2055,310501,280719,591220
71,2055,310167,280719,590886
72,2055,310365,280719,591084
73,2055,310097,280705,590802
74,2055,310097,280705,590802
75,2055,310097,280705,590802
76,2055,310097,280705,590802
77,2055,310097,280705,590802
78,2055,316031,304649,620680
79,2055,316015,304523,620538
80,2055,316491,304884,621375
81,2055,317021,307179,624200
82,2055,317021,307179,624200
83,2055,317021,307179,624200
84,2055,317021,307179,624200
85,2055,317021,307179,624200
86,2055,317021,307179,624200
87,2055,317021,307179,624200
88,2055,317021,307179,624200
89,2055,317021,307179,624200
90,2055,317021,307179,624200
91,2055,317021,307179,624200
92,2055,317021,307179,624200
93,2055,317021,307179,624200
94,2055,317021,307179,624200
95,2055,317021,307179,624200
96,2055,317021,307179,624200
97,2055,317021,307179,624200
98,2055,317021,307179,624200
99,2055,317021,307179,624200
100,2055,317021,307179,624200
0,2055,291389,273588,564977
1,2055,291361,273588,564949
2,2055,291342,273588,564930
3,2055,290486,273473,563959
4,2055,291427,273538,564965
5,2055,292690,275544,568234
6,2055,291841,274747,566588
7,2055,291918,275199,567117
8,2055,292254,275800,568054
9,2055,291248,275379,566627
10,2055,292120,274848,566968
11,2055,292386,276244,568630
12,2055,292471,275750,568221
13,2055,293842,275635,569477
14,2055,294684,275923,570607
15,2055,295202,274951,570153
16,2055,296309,275544,571853
17,2055,300680,275961,576641
18,2055,306176,277396,583572
19,2055,304844,279082,583926
20,2055,307760,280252,588012
21,2055,308575,280608,589183
22,2055,309265,280695,589960
23,2055,309759,280695,590454
24,2055,309761,280695,590456
25,2055,309761,280695,590456
26,2055,309761,280695,590456
27,2055,309761,280695,590456
28,2055,309761,280695,590456
29,2055,309761,280695,590456
30,2055,309761,280695,590456
31,2055,309761,280695,590456
32,2055,309761,280695,590456
33,2055,309761,280695,590456
34,2055,309761,280695,590456
35,2055,309761,280695,590456
36,2055,309761,280695,590456
37,2055,309760,280695,590455
38,2055,309760,280695,590455
39,2055,309760,280695,590455
40,2055,309760,280695,590455
41,2055,310532,280719,591251
42,2055,310532,280719,591251
43,2055,310532,280719,591251
44,2055,310612,280709,591321
45,2055,310612,280709,591321
46,2055,310612,280709,591321
47,2055,310612,280709,591321
48,2055,310612,280709,591321
49,2055,310612,280709,591321
50,2055,310612,280709,591321
51,2055,310612,280709,591321
52,2055,310612,280709,591321
53,2055,310612,280709,591321
54,2055,310612,280709,591321
55,2055,310612,280709,591321
56,2055,310612,280709,591321
57,2055,310612,280709,591321
58,2055,310612,280709,591321
59,2055,310612,280709,591321
60,2055,310612,280709,591321
61,2055,310583,280709,591292
62,2055,310342,280719,591061
63,2055,310663,280709,591372
64,2055,310791,280709,591500
65,2055,310817,280709,591526
66,2055,310711,280709,591420
67,2055,310719,280709,591428
68,2055,310627,280709,591336
69,2055,310569,280709,591278
70,2055,310553,280709,591262
71,2055,310114,280719,590833
72,2055,310402,280719,591121
73,2055,310099,280695,590794
74,2055,310099,280695,590794
75,2055,310099,280695,590794
76,2055,310099,280695,590794
77,2055,310099,280695,590794
78,2055,316416,306500,622916
79,2055,316414,306851,623265
80,2055,317112,306603,623715
81,2055,320548,305311,625859
82,2055,320548,305311,625859
83,2055,320548,305311,625859
84,2055,320548,305311,625859
85,2055,320548,305311,625859
86,2055,320548,305311,625859
87,2055,320548,305311,625859
88,2055,320548,305311,625859
89,2055,320548,305311,625859
90,2055,320548,305311,625859
91,2055,320548,305311,625859
92,2055,320548,305311,625859
93,2055,320548,305311,625859
94,2055,320548,305311,625859
95,2055,320548,305311,625859
96,2055,320548,305311,625859
97,2055,320548,305311,625859
98,2055,320548,305311,625859
99,2055,320548,305311,625859
100,2055,320548,305311,625859
0,2055,292751,275522,568273
1,2055,292768,275518,568286
2,2055,292769,275518,568287
3,2055,291789,274356,566145
4,2055,293025,274710,567735
5,2055,292813,276399,569212
6,2055,292765,276223,568988
7,2055,292672,276268,568940
8,2055,292330,276276,568606
9,2055,291393,275989,567382
10,2055,292673,276157,568830
11,2055,291584,275622,567206
12,2055,292581,275830,568411
13,2055,294134,275933,570067
14,2055,295041,276344,571385
15,2055,297727,275310,573037
16,2055,296109,275747,571856
17,2055,313874,275931,589805
18,2055,305144,277547,582691
19,2055,305947,279202,585149
20,2055,308539,280233,588772
21,2055,309150,280634,589784
22,2055,309340,280727,590067
23,2055,309735,280695,590430
24,2055,309736,280695,590431
25,2055,309736,280695,590431
26,2055,309736,280695,590431
27,2055,309736,280695,590431
28,2055,309736,280695,590431
29,2055,309736,280695,590431
30,2055,309736,280695,590431
31,2055,309736,280695,590431
32,2055,309736,280695,590431
33,2055,309736,280695,590431
34,2055,309736,280695,590431
35,2055,309736,280695,590431
36,2055,309736,280695,590431
37,2055,309736,280695,590431
38,2055,309736,280695,590431
39,2055,309736,280695,590431
40,2055,309736,280695,590431
41,2055,310615,280709,591324
42,2055,310615,280709,591324
43,2055,310615,280709,591324
44,2055,310580,280709,591289
45,2055,310580,280709,591289
46,2055,310589,280709,591298
47,2055,310589,280709,591298
48,2055,310589,280709,591298
49,2055,310589,280709,591298
50,2055,310589,280709,591298
51,2055,310589,280709,591298
52,2055,310589,280709,591298
53,2055,310589,280709,591298
54,2055,310589,280709,591298
55,2055,310589,280709,591298
56,2055,310589,280709,591298
57,2055,310589,280709,591298
58,2055,310589,280709,591298
59,2055,310589,280709,591298
60,2055,310589,280709,591298
61,2055,310560,280709,591269
62,2055,310362,280719,591081
63,2055,310688,280709,591397
64,2055,310777,280709,591486
65,2055,310815,280709,591524
66,2055,310706,280709,591415
67,2055,310743,280709,591452
68,2055,310757,280709,591466
69,2055,310692,280709,591401
70,2055,310676,280709,591385
71,2055,310183,280695,590878
72,2055,310549,280719,591268
73,2055,310133,280695,590828
74,2055,310133,280695,590828
75,2055,310133,280695,590828
76,2055,310133,280695,590828
77,2055,310133,280695,590828
78,2055,319143,305453,624596
79,2055,319327,305676,625003
80,2055,319274,305068,624342
81,2055,318978,306401,625379
82,2055,318978,306401,625379
83,2055,318978,306401,625379
84,2055,318978,306401,625379
85,2055,318978,306401,625379
86,2055,318978,306401,625379
87,2055,318978,306401,625379
88,2055,318978,306401,625379
89,2055,318978,306401,625379
90,2055,318978,306401,625379
91,2055,318978,306401,625379
92,2055,318978,306401,625379
93,2055,318978,306401,625379
94,2055,318978,306401,625379
95,2055,318978,306401,625379
96,2055,318978,306401,625379
97,2055,318978,306401,625379
98,2055,318978,306401,625379
99,2055,318978,306401,625379
100,2055,318978,306401,625379
0,2055,292327,275510,567837
1,2055,292327,275659,567986
2,2055,292320,275647,567967
3,2055,292875,275527,568402
4,2055,292828,275721,568549
5,2055,291154,274409,565563
6,2055,291431,275516,566947
7,2055,291405,275336,566741
8,2055,290990,275061,566051
9,2055,292128,275695,567823
10,2055,291559,275769,567328
11,2055,291377,275586,566963
12,2055,293155,276000,569155
13,2055,294189,275958,570147
14,2055,295769,275717,571486
15,2055,297153,275649,572802
16,2055,295944,275372,571316
17,2055,307331,276682,584013
18,2055,304499,277441,581940
19,2055,307335,279222,586557
20,2055,309367,280247,589614
21,2055,309425,280514,589939
22,2055,309452,280752,590204
23,2055,309762,280695,590457
24,2055,309764,280695,590459
25,2055,309764,280695,590459
26,2055,309764,280695,590459
27,2055,309764,280695,590459
28,2055,309764,280695,590459
29,2055,309764,280695,590459
30,2055,309764,280695,590459
31,2055,309764,280695,590459
32,2055,309764,280695,590459
33,2055,309764,280695,590459
34,2055,309764,280695,590459
35,2055,309764,280695,590459
36,2055,309764,280695,590459
37,2055,309738,280695,590433
38,2055,309738,280695,590433
39,2055,309738,280695,590433
40,2055,309738,280695,590433
41,2055,310581,280709,591290
42,2055,310581,280709,591290
43,2055,310581,280709,591290
44,2055,310522,280709,591231
45,2055,310522,280709,591231
46,2055,310522,280709,591231
47,2055,310522,280709,591231
48,2055,310522,280709,591231
49,2055,310522,280709,591231
50,2055,310522,280709,591231
51,2055,310522,280709,591231
52,2055,310522,280709,591231
53,2055,310522,280709,591231
54,2055,310522,280709,591231
55,2055,310522,280709,591231
56,2055,310522,280709,591231
57,2055,310522,280709,591231
58,2055,310522,280709,591231
59,2055,310522,280709,591231
60,2055,310522,280709,591231
61,2055,310493,280709,591202
62,2055,310500,280719,591219
63,2055,310622,280709,591331
64,2055,310711,280709,591420
65,2055,310854,280709,591563
66,2055,310736,280709,591445
67,2055,310677,280709,591386
68,2055,310743,280709,591452
69,2055,310668,280709,591377
70,2055,310642,280709,591351
71,2055,310117,280719,590836
72,2055,310404,280709,591113
73,2055,310176,280695,590871
74,2055,310176,280695,590871
75,2055,310176,280695,590871
76,2055,310176,280695,590871
77,2055,310176,280695,590871
78,2055,317218,306629,623847
79,2055,317604,306070,623674
80,2055,317715,306312,624027
81,2055,319435,304795,624230
82,2055,319435,304795,624230
83,2055,319435,304795,624230
84,2055,319435,304795,624230
85,2055,319435,304795,624230
86,2055,319435,304795,624230
87,2055,319435,304795,624230
88,2055,319435,304795,624230
89,2055,319435,304795,624230
90,2055,319435,304795,624230
91,2055,319435,304795,624230
92,2055,319435,304795,624230
93,2055,319435,304795,624230
94,2055,319435,304795,624230
95,2055,319435,304795,624230
96,2055,319435,304795,624230
97,2055,319435,304795,624230
98,2055,319435,304795,624230
99,2055,319435,304795,624230
100,2055,319435,304795,624230
0,2055,292237,275533,567770
1,2055,292258,275489,567747
2,2055,292255,275489,567744
3,2055,292520,275565,568085
4,2055,292646,275922,568568
5,2055,290941,274761,565702
6,2055,291650,275540,567190
7,2055,291571,275602,567173
8,2055,290150,274568,564718
9,2055,292443,275886,568329
10,2055,291915,275595,567510
11,2055,292561,275926,568487
12,2055,293011,276402,569413
13,2055,293947,275772,569719
14,2055,294479,275523,570002
15,2055,297722,275788,573510
16,2055,296132,275359,571491
17,2055,303346,276680,580026
18,2055,304374,277451,581825
19,2055,307952,279352,587304
20,2055,309700,280525,590225
21,2055,308980,280464,589444
22,2055,309470,280601,590071
23,2055,309775,280616,590391
24,2055,309777,280616,590393
25,2055,309777,280616,590393
26,2055,309777,280616,590393
27,2055,309777,280616,590393
28,2055,309777,280616,590393
29,2055,309777,280616,590393
30,2055,309777,280616,590393
31,2055,309777,280616,590393
32,2055,309777,280616,590393
33,2055,309777,280616,590393
34,2055,309777,280616,590393
35,2055,309777,280616,590393
36,2055,309777,280616,590393
37,2055,309777,280616,590393
38,2055,309777,280616,590393
39,2055,309777,280616,590393
40,2055,309777,280616,590393
41,2055,310522,280709,591231
42,2055,310522,280709,591231
43,2055,310522,280709,591231
44,2055,310523,280709,591232
45,2055,310523,280709,591232
46,2055,310523,280709,591232
47,2055,310523,280709,591232
48,2055,310523,280709,591232
49,2055,310523,280709,591232
50,2055,310523,280709,591232
51,2055,310523,280709,591232
52,2055,310523,280709,591232
53,2055,310523,280709,591232
54,2055,310523,280709,591232
55,2055,310523,280709,591232
56,2055,310523,280709,591232
57,2055,310523,280709,591232
58,2055,310523,280709,591232
59,2055,310523,280709,591232
60,2055,310523,280709,591232
61,2055,310494,280709,591203
62,2055,310481,280709,591190
63,2055,310622,280709,591331
64,2055,310711,280709,591420
65,2055,310728,280709,591437
66,2055,310677,280709,591386
67,2055,310677,280709,591386
68,2055,310677,280709,591386
69,2055,310602,280709,591311
70,2055,310576,280709,591285
71,2055,310117,280695,590812
72,2055,310481,280719,591200
73,2055,310143,280719,590862
74,2055,310143,280719,590862
75,2055,310143,280719,590862
76,2055,310143,280719,590862
77,2055,310143,280719,590862
78,2055,319280,304872,624152
79,2055,317218,306403,623621
80,2055,318885,305538,624423
81,2055,315816,304901,620717
82,2055,315816,304901,620717
83,2055,315816,304901,620717
84,2055,315816,304901,620717
85,2055,315816,304901,620717
86,2055,315816,304901,620717
87,2055,315816,304901,620717
88,2055,315816,304901,620717
89,2055,315816,304901,620717
90,2055,315816,304901,620717
91,2055,315816,304901,620717
92,2055,315816,304901,620717
93,2055,315816,304901,620717
94,2055,315816,304901,620717
95,2055,315816,304901,620717
96,2055,315816,304901,620717
97,2055,315816,304901,620717
98,2055,315816,304901,620717
99,2055,315816,304901,620717
100,2055,315816,304901,620717
0,2055,292050,274642,566692
1,2055,291992,274566,566558
2,2055,292049,274566,566615
3,2055,292288,275393,567681
4,2055,292350,275433,567783
5,2055,291665,275418,567083
6,2055,292616,275683,568299
7,2055,292591,275714,568305
8,2055,289388,272724,562112
9,2055,292120,275796,567916
10,2055,292494,275697,568191
11,2055,292571,276455,569026
12,2055,292461,275605,568066
13,2055,293891,275625,569516
14,2055,294576,275565,570141
15,2055,296947,275357,572304
16,2055,296197,275623,571820
17,2055,302139,276579,578718
18,2055,304368,277408,581776
19,2055,309074,279536,588610
20,2055,308796,280425,589221
21,2055,308818,280514,589332
22,2055,309431,280601,590032
23,2055,309749,280616,590365
24,2055,309751,280616,590367
25,2055,309751,280616,590367
26,2055,309751,280616,590367
27,2055,309751,280616,590367
28,2055,309751,280616,590367
29,2055,309751,280616,590367
30,2055,309751,280616,590367
31,2055,309751,280616,590367
32,2055,309751,280616,590367
33,2055,309751,280616,590367
34,2055,309751,280616,590367
35,2055,309751,280616,590367
36,2055,309751,280616,590367
37,2055,309751,280616,590367
38,2055,309751,280616,590367
39,2055,309751,280616,590367
40,2055,309751,280616,590367
41,2055,310523,280709,591232
42,2055,310523,280709,591232
43,2055,310523,280709,591232
44,2055,310523,280709,591232
45,2055,310523,280709,591232
46,2055,310523,280709,591232
47,2055,310523,280709,591232
48,2055,310523,280709,591232
49,2055,310523,280709,591232
50,2055,310523,280709,591232
51,2055,310523,280709,591232
52,2055,310523,280709,591232
53,2055,310523,280709,591232
54,2055,310523,280709,591232
55,2055,310523,280709,591232
56,2055,310523,280709,591232
57,2055,310523,280709,591232
58,2055,310523,280709,591232
59,2055,310523,280709,591232
60,2055,310523,280709,591232
61,2055,310502,280709,591211
62,2055,310533,280709,591242
63,2055,310629,280709,591338
64,2055,310711,280709,591420
65,2055,310748,280709,591457
66,2055,310677,280709,591386
67,2055,310677,280709,591386
68,2055,310677,280709,591386
69,2055,310602,280709,591311
70,2055,310576,280709,591285
71,2055,310117,280695,590812
72,2055,310465,280709,591174
73,2055,310117,280719,590836
74,2055,310117,280719,590836
75,2055,310117,280719,590836
76,2055,310117,280719,590836
77,2055,310117,280719,590836
78,2055,317018,305496,622514
79,2055,319763,304916,624679
80,2055,316558,305659,622217
81,2055,315093,304229,619322
82,2055,315093,304229,619322
83,2055,315093,304229,619322
84,2055,315093,304229,619322
85,2055,315093,304229,619322
86,2055,315093,304229,619322
87,2055,315093,304229,619322
88,2055,315093,304229,619322
89,2055,315093,304229,619322
90,2055,315093,304229,619322
91,2055,315093,304229,619322
92,2055,315093,304229,619322
93,2055,315093,304229,619322
94,2055,315093,304229,619322
95,2055,315093,304229,619322
96,2055,315093,304229,619322
97,2055,315093,304229,619322
98,2055,315093,304229,619322
99,2055,315093,304229,619322
100,2055,315093,304229,619322
0,2055,292467,275809,568276
1,2055,292460,275777,568237
2,2055,292457,275777,568234
3,2055,292245,275154,567399
4,2055,292274,275644,567918
5,2055,292620,276606,569226
6,2055,292731,276392,569123
7,2055,292547,276434,568981
8,2055,290424,273014,563438
9,2055,292125,275680,567805
10,2055,292649,276206,568855
11,2055,291627,275325,566952
12,2055,292214,276093,568307
13,2055,294275,275933,570208
14,2055,294898,275677,570575
15,2055,296696,275498,572194
16,2055,296083,275608,571691
17,2055,302392,276114,578506
18,2055,304800,277408,582208
19,2055,308341,280112,588453
20,2055,308246,280444,588690
21,2055,308721,280514,589235
22,2055,309400,280616,590016
23,2055,309775,280616,590391
24,2055,309777,280616,590393
25,2055,309777,280616,590393
26,2055,309777,280616,590393
27,2055,309777,280616,590393
28,2055,309777,280616,590393
29,2055,309777,280616,590393
30,2055,309777,280616,590393
31,2055,309777,280616,590393
32,2055,309777,280616,590393
33,2055,309777,280616,590393
34,2055,309777,280616,590393
35,2055,309777,280616,590393
36,2055,309777,280616,590393
37,2055,309751,280616,590367
38,2055,309751,280616,590367
39,2055,309751,280616,590367
40,2055,309751,280616,590367
41,2055,310523,280709,591232
42,2055,310523,280709,591232
43,2055,310523,280709,591232
44,2055,310523,280709,591232
45,2055,310523,280709,591232
46,2055,310523,280709,591232
47,2055,310523,280709,591232
48,2055,310523,280709,591232
49,2055,310523,280709,591232
50,2055,310523,280709,591232
51,2055,310523,280709,591232
52,2055,310523,280709,591232
53,2055,310523,280709,591232
54,2055,310523,280709,591232
55,2055,310523,280709,591232
56,2055,310523,280709,591232
57,2055,310523,280709,591232
58,2055,310523,280709,591232
59,2055,310523,280709,591232
60,2055,310523,280709,591232
61,2055,310502,280709,591211
62,2055,310490,280709,591199
63,2055,310629,280709,591338
64,2055,310711,280709,591420
65,2055,310728,280709,591437
66,2055,310677,280709,591386
67,2055,310677,280709,591386
68,2055,310677,280709,591386
69,2055,310609,280709,591318
70,2055,310583,280709,591292
71,2055,310117,280695,590812
72,2055,310465,280709,591174
73,2055,310117,280695,590812
74,2055,310117,280695,590812
75,2055,310117,280695,590812
76,2055,310117,280695,590812
77,2055,310117,280695,590812
78,2055,315589,306728,622317
79,2055,317850,304290,622140
80,2055,315286,304700,619986
81,2055,313486,303270,616756
82,2055,313486,303270,616756
83,2055,313486,303270,616756
84,2055,313486,303270,616756
85,2055,313486,303270,616756
86,2055,313486,303270,616756
87,2055,313486,303270,616756
88,2055,313486,303270,616756
89,2055,313486,303270,616756
90,2055,313486,303270,616756
91,2055,313486,303270,616756
92,2055,313486,303270,616756
93,2055,313486,303270,616756
94,2055,313486,303270,616756
95,2055,313486,303270,616756
96,2055,313486,303270,616756
97,2055,313486,303270,616756
98,2055,313486,303270,616756
99,2055,313486,303270,616756
100,2055,313486,303270,616756
0,2055,292071,275839,567910
1,2055,292089,275900,567989
2,2055,292086,275900,567986
3,2055,292381,275949,568330
4,2055,292447,276194,568641
5,2055,291076,274117,565193
6,2055,291032,274854,565886
7,2055,290997,274886,565883
8,2055,291455,273560,565015
9,2055,292220,275875,568095
10,2055,291207,275214,566421
11,2055,291288,275553,566841
12,2055,293021,276358,569379
13,2055,294152,276089,570241
14,2055,295132,275773,570905
15,2055,295672,275405,571077
16,2055,296009,275276,571285
17,2055,303498,276207,579705
18,2055,304580,277399,581979
19,2055,307593,280366,587959
20,2055,308648,280447,589095
21,2055,309185,280529,589714
22,2055,309411,280647,590058
23,2055,309775,280616,590391
24,2055,309777,280624,590401
25,2055,309777,280624,590401
26,2055,309777,280624,590401
27,2055,309777,280624,590401
28,2055,309777,280624,590401
29,2055,309777,280624,590401
30,2055,309777,280624,590401
31,2055,309777,280624,590401
32,2055,309777,280624,590401
33,2055,309777,280624,590401
34,2055,309777,280624,590401
35,2055,309777,280624,590401
36,2055,309777,280624,590401
37,2055,309777,280616,590393
38,2055,309777,280616,590393
39,2055,309777,280616,590393
40,2055,309777,280616,590393
41,2055,310523,280709,591232
42,2055,310523,280709,591232
43,2055,310523,280709,591232
44,2055,310523,280709,591232
45,2055,310523,280709,591232
46,2055,310523,280709,591232
47,2055,310523,280709,591232
48,2055,310523,280709,591232
49,2055,310523,280709,591232
50,2055,310523,280709,591232
51,2055,310523,280709,591232
52,2055,310523,280709,591232
53,2055,310523,280709,591232
54,2055,310523,280709,591232
55,2055,310523,280709,591232
56,2055,310523,280709,591232
57,2055,310523,280709,591232
58,2055,310523,280709,591232
59,2055,310523,280709,591232
60,2055,310523,280709,591232
61,2055,310502,280709,591211
62,2055,310482,280709,591191
63,2055,310622,280709,591331
64,2055,310711,280709,591420
65,2055,310776,280709,591485
66,2055,310677,280709,591386
67,2055,310677,280709,591386
68,2055,310677,280709,591386
69,2055,310609,280709,591318
70,2055,310583,280709,591292
71,2055,310117,280695,590812
72,2055,310465,280709,591174
73,2055,310117,280695,590812
74,2055,310117,280695,590812
75,2055,310117,280695,590812
76,2055,310117,280695,590812
77,2055,310117,280695,590812
78,2055,319253,303696,622949
79,2055,314882,303302,618184
80,2055,314483,304209,618692
81,2055,313400,302807,616207
82,2055,313400,302807,616207
83,2055,313400,302807,616207
84,2055,313400,302807,616207
85,2055,313400,302807,616207
86,2055,313400,302807,616207
87,2055,313400,302807,616207
88,2055,313400,302807,616207
89,2055,313400,302807,616207
90,2055,313400,302807,616207
91,2055,313400,302807,616207
92,2055,313400,302807,616207
93,2055,313400,302807,616207
94,2055,313400,302807,616207
95,2055,313400,302807,616207
96,2055,313400,302807,616207
97,2055,313400,302807,616207
98,2055,313400,302807,616207
99,2055,313400,302807,616207
100,2055,313400,302807,616207
0,2055,291929,276118,568047
1,2055,292050,276184,568234
2,2055,292024,276184,568208
3,2055,292099,275673,567772
4,2055,291120,275219,566339
5,2055,290898,274381,565279
6,2055,290201,274869,565070
7,2055,289966,274416,564382
8,2055,293136,274868,568004
9,2055,292151,275983,568134
10,2055,291191,275417,566608
11,2055,292570,276264,568834
12,2055,292503,275712,568215
13,2055,293667,275662,569329
14,2055,296166,275731,571897
15,2055,295497,275115,570612
16,2055,296079,275458,571537
17,2055,303229,276582,579811
18,2055,304477,277399,581876
19,2055,306568,280199,586767
20,2055,308456,280490,588946
21,2055,309412,280464,589876
22,2055,309419,280647,590066
23,2055,309775,280624,590399
24,2055,309777,280624,590401
25,2055,309777,280624,590401
26,2055,309777,280624,590401
27,2055,309777,280624,590401
28,2055,309777,280624,590401
29,2055,309777,280624,590401
30,2055,309777,280624,590401
31,2055,309777,280624,590401
32,2055,309777,280624,590401
33,2055,309777,280624,590401
34,2055,309777,280624,590401
35,2055,309777,280624,590401
36,2055,309777,280624,590401
37,2055,309777,280624,590401
38,2055,309777,280624,590401
39,2055,309777,280624,590401
40,2055,309777,280624,590401
41,2055,310523,280709,591232
42,2055,310523,280709,591232
43,2055,310523,280709,591232
44,2055,310523,280709,591232
45,2055,310523,280709,591232
46,2055,310523,280709,591232
47,2055,310523,280709,591232
48,2055,310523,280709,591232
49,2055,310523,280709,591232
50,2055,310523,280709,591232
51,2055,310523,280709,591232
52,2055,310523,280709,591232
53,2055,310523,280709,591232
54,2055,310523,280709,591232
55,2055,310523,280709,591232
56,2055,310523,280709,591232
57,2055,310523,280709,591232
58,2055,310523,280709,591232
59,2055,310523,280709,591232
60,2055,310523,280709,591232
61,2055,310502,280709,591211
62,2055,310542,280709,591251
63,2055,310622,280709,591331
64,2055,310711,280709,591420
65,2055,310776,280709,591485
66,2055,310677,280709,591386
67,2055,310677,280709,591386
68,2055,310677,280709,591386
69,2055,310609,280709,591318
70,2055,310583,280709,591292
71,2055,310117,280695,590812
72,2055,310465,280709,591174
73,2055,310117,280695,590812
74,2055,310117,280695,590812
75,2055,310117,280695,590812
76,2055,310117,280695,590812
77,2055,310117,280695,590812
78,2055,315391,302409,617800
79,2055,313281,301886,615167
80,2055,313582,303403,616985
81,2055,313300,302781,616081
82,2055,313300,302781,616081
83,2055,313300,302781,616081
84,2055,313300,302781,616081
85,2055,313300,302781,616081
86,2055,313300,302781,616081
87,2055,313300,302781,616081
88,2055,313300,302781,616081
89,2055,313300,302781,616081
90,2055,313300,302781,616081
91,2055,313300,302781,616081
92,2055,313300,302781,616081
93,2055,313300,302781,616081
94,2055,313300,302781,616081
95,2055,313300,302781,616081
96,2055,313300,302781,616081
97,2055,313300,302781,616081
98,2055,313300,302781,616081
99,2055,313300,302781,616081
100,2055,313300,302781,616081
0,2055,290678,274865,565543
1,2055,290646,274600,565246
2,2055,290646,274600,565246
3,2055,292028,275935,567963
4,2055,290806,274931,565737
5,2055,291693,275335,567028
6,2055,289512,272972,562484
7,2055,289426,272773,562199
8,2055,292970,275895,568865
9,2055,292042,275514,567556
10,2055,292198,275741,567939
11,2055,291715,275941,567656
12,2055,292280,275815,568095
13,2055,293958,275737,569695
14,2055,295390,275951,571341
15,2055,295576,275625,571201
16,2055,296316,275830,572146
17,2055,302965,276281,579246
18,2055,304630,277408,582038
19,2055,305272,279385,584657
20,2055,308843,280475,589318
21,2055,308966,280464,589430
22,2055,309419,280616,590035
23,2055,309775,280616,590391
24,2055,309777,280616,590393
25,2055,309777,280616,590393
26,2055,309777,280616,590393
27,2055,309777,280616,590393
28,2055,309777,280616,590393
29,2055,309777,280616,590393
30,2055,309777,280616,590393
31,2055,309777,280616,590393
32,2055,309777,280616,590393
33,2055,309777,280616,590393
34,2055,309777,280616,590393
35,2055,309777,280616,590393
36,2055,309777,280616,590393
37,2055,309777,280616,590393
38,2055,309777,280616,590393
39,2055,309777,280616,590393
40,2055,309777,280616,590393
41,2055,310523,280709,591232
42,2055,310523,280709,591232
43,2055,310523,280709,591232
44,2055,310523,280709,591232
45,2055,310523,280709,591232
46,2055,310523,280709,591232
47,2055,310523,280709,591232
48,2055,310523,280709,591232
49,2055,310523,280709,591232
50,2055,310523,280709,591232
51,2055,310523,280709,591232
52,2055,310523,280709,591232
53,2055,310523,280709,591232
54,2055,310523,280709,591232
55,2055,310523,280709,591232
56,2055,310523,280709,591232
57,2055,310523,280709,591232
58,2055,310523,280709,591232
59,2055,310523,280709,591232
60,2055,310523,280709,591232
61,2055,310502,280709,591211
62,2055,310490,280709,591199
63,2055,310629,280709,591338
64,2055,310711,280709,591420
65,2055,310776,280709,591485
66,2055,310677,280709,591386
67,2055,310677,280709,591386
68,2055,310677,280709,591386
69,2055,310609,280709,591318
70,2055,310583,280709,591292
71,2055,310117,280695,590812
72,2055,310465,280709,591174
73,2055,310117,280695,590812
74,2055,310117,280695,590812
75,2055,310117,280695,590812
76,2055,310117,280695,590812
77,2055,310117,280695,590812
78,2055,314163,302133,616296
79,2055,313574,301568,615142
80,2055,313325,302887,616212
81,2055,314143,304623,618766
82,2055,314143,304623,618766
83,2055,314143,304623,618766
84,2055,314143,304623,618766
85,2055,314143,304623,618766
86,2055,314143,304623,618766
87,2055,314143,304623,618766
88,2055,314143,304623,618766
89,2055,314143,304623,618766
90,2055,314143,304623,618766
91,2055,314143,304623,618766
92,2055,314143,304623,618766
93,2055,314143,304623,618766
94,2055,314143,304623,618766
95,2055,314143,304623,618766
96,2055,314143,304623,618766
97,2055,314143,304623,618766
98,2055,314143,304623,618766
99,2055,314143,304623,618766
100,2055,314143,304623,618766
0,2055,289630,273527,563157
1,2055,289084,272978,562062
2,2055,289096,272978,562074
3,2055,291944,275546,567490
4,2055,290744,274239,564983
5,2055,292628,276596,569224
6,2055,290215,273130,563345
7,2055,290379,273170,563549
8,2055,292789,275868,568657
9,2055,292007,275599,567606
10,2055,292516,276305,568821
11,2055,291831,275642,567473
12,2055,293193,276213,569406
13,2055,294133,275848,569981
14,2055,294756,275557,570313
15,2055,295875,275849,571724
16,2055,296104,275804,571908
17,2055,302976,276373,579349
18,2055,304434,277399,581833
19,2055,305026,279291,584317
20,2055,308802,280475,589277
21,2055,308820,280514,589334
22,2055,309407,280616,590023
23,2055,309775,280624,590399
24,2055,309777,280624,590401
25,2055,309777,280624,590401
26,2055,309777,280624,590401
27,2055,309777,280624,590401
28,2055,309777,280624,590401
29,2055,309777,280624,590401
30,2055,309777,280624,590401
31,2055,309777,280624,590401
32,2055,309777,280624,590401
33,2055,309777,280624,590401
34,2055,309777,280624,590401
35,2055,309777,280624,590401
36,2055,309777,280624,590401
37,2055,309777,280616,590393
38,2055,309777,280616,590393
39,2055,309777,280616,590393
40,2055,309777,280616,590393
41,2055,310523,280709,591232
42,2055,310523,280709,591232
43,2055,310523,280709,591232
44,2055,310523,280709,591232
45,2055,310523,280709,591232
46,2055,310523,280709,591232
47,2055,310523,280709,591232
48,2055,310523,280709,591232
49,2055,310523,280709,591232
50,2055,310523,280709,591232
51,2055,310523,280709,591232
52,2055,310523,280709,591232
53,2055,310523,280709,591232
54,2055,310523,280709,591232
55,2055,310523,280709,591232
56,2055,310523,280709,591232
57,2055,310523,280709,591232
58,2055,310523,280709,591232
59,2055,310523,280709,591232
60,2055,310523,280709,591232
61,2055,310502,280709,591211
62,2055,310482,280709,591191
63,2055,310629,280709,591338
64,2055,310711,280709,591420
65,2055,310776,280709,591485
66,2055,310677,280709,591386
67,2055,310677,280709,591386
68,2055,310677,280709,591386
69,2055,310609,280709,591318
70,2055,310583,280709,591292
71,2055,310117,280695,590812
72,2055,310465,280709,591174
73,2055,310117,280695,590812
74,2055,310117,280695,590812
75,2055,310117,280695,590812
76,2055,310117,280695,590812
77,2055,310117,280695,590812
78,2055,312824,302255,615079
79,2055,312361,301855,614216
80,2055,313545,304204,617749
81,2055,315175,307024,622199
82,2055,315175,307024,622199
83,2055,315175,307024,622199
84,2055,315175,307024,622199
85,2055,315175,307024,622199
86,2055,315175,307024,622199
87,2055,315175,307024,622199
88,2055,315175,307024,622199
89,2055,315175,307024,622199
90,2055,315175,307024,622199
91,2055,315175,307024,622199
92,2055,315175,307024,622199
93,2055,315175,307024,622199
94,2055,315175,307024,622199
95,2055,315175,307024,622199
96,2055,315175,307024,622199
97,2055,315175,307024,622199
98,2055,315175,307024,622199
99,2055,315175,307024,622199
100,2055,315175,307024,622199
0,2055,289931,272729,562660
1,2055,289934,272911,562845
2,2055,289982,272952,562934
3,2055,292195,275576,567771
4,2055,291187,274432,565619
5,2055,291032,274005,565037
6,2055,290574,273727,564301
7,2055,291554,273847,565401
8,2055,292191,275275,567466
9,2055,292300,275900,568200
10,2055,291218,275119,566337
11,2055,292350,275661,568011
12,2055,292533,276111,568644
13,2055,294243,276045,570288
14,2055,294509,275322,569831
15,2055,295696,275954,571650
16,2055,295745,275365,571110
17,2055,302787,276624,579411
18,2055,304700,277408,582108
19,2055,305830,279172,585002
20,2055,308798,280475,589273
21,2055,308721,280514,589235
22,2055,309400,280616,590016
23,2055,309775,280624,590399
24,2055,309777,280624,590401
25,2055,309777,280624,590401
26,2055,309777,280624,590401
27,2055,309777,280624,590401
28,2055,309777,280624,590401
29,2055,309777,280624,590401
30,2055,309777,280624,590401
31,2055,309777,280624,590401
32,2055,309777,280624,590401
33,2055,309777,280624,590401
34,2055,309777,280624,590401
35,2055,309777,280624,590401
36,2055,309777,280624,590401
37,2055,309777,280624,590401
38,2055,309777,280624,590401
39,2055,309777,280624,590401
40,2055,309777,280624,590401
41,2055,310523,280709,591232
42,2055,310523,280709,591232
43,2055,310523,280709,591232
44,2055,310523,280709,591232
45,2055,310523,280709,591232
46,2055,310523,280709,591232
47,2055,310523,280709,591232
48,2055,310523,280709,591232
49,2055,310523,280709,591232
50,2055,310523,280709,591232
51,2055,310523,280709,591232
52,2055,310523,280709,591232
53,2055,310523,280709,591232
54,2055,310523,280709,591232
55,2055,310523,280709,591232
56,2055,310523,280709,591232
57,2055,310523,280709,591232
58,2055,310523,280709,591232
59,2055,310523,280709,591232
60,2055,310523,280709,591232
61,2055,310502,280709,591211
62,2055,310542,280709,591251
63,2055,310622,280709,591331
64,2055,310711,280709,591420
65,2055,310776,280709,591485
66,2055,310677,280709,591386
67,2055,310677,280709,591386
68,2055,310677,280709,591386
69,2055,310609,280709,591318
70,2055,310583,280709,591292
71,2055,310117,280695,590812
72,2055,310465,280709,591174
73,2055,310117,280695,590812
74,2055,310117,280695,590812
75,2055,310117,280695,590812
76,2055,310117,280695,590812
77,2055,310117,280695,590812
78,2055,314312,303031,617343
79,2055,314087,303226,617313
80,2055,313783,305497,619280
81,2055,319234,305827,625061
82,2055,319234,305827,625061
83,2055,319234,305827,625061
84,2055,319234,305827,625061
85,2055,319234,305827,625061
86,2055,319234,305827,625061
87,2055,319234,305827,625061
88,2055,319234,305827,625061
89,2055,319234,305827,625061
90,2055,319234,305827,625061
91,2055,319234,305827,625061
92,2055,319234,305827,625061
93,2055,319234,305827,625061
94,2055,319234,305827,625061
95,2055,319234,305827,625061
96,2055,319234,305827,625061
97,2055,319234,305827,625061
98,2055,319234,305827,625061
99,2055,319234,305827,625061
100,2055,319234,305827,625061
0,2055,290389,273324,563713
1,2055,290357,273423,563780
2,2055,290327,273499,563826
3,2055,292216,275829,568045
4,2055,292652,275969,568621
5,2055,290429,274160,564589
6,2055,291995,274742,566737
7,2055,293131,275594,568725
8,2055,292310,275603,567913
9,2055,292239,275895,568134
10,2055,291305,275231,566536
11,2055,292658,276470,569128
12,2055,291894,275712,567606
13,2055,293818,275668,569486
14,2055,294959,275664,570623
15,2055,295329,275541,570870
16,2055,296065,275365,571430
17,2055,302452,276309,578761
18,2055,304434,277399,581833
19,2055,307640,279219,586859
20,2055,308797,280475,589272
21,2055,309191,280529,589720
22,2055,309411,280647,590058
23,2055,309775,280624,590399
24,2055,309777,280624,590401
25,2055,309777,280624,590401
26,2055,309777,280624,590401
27,2055,309777,280624,590401
28,2055,309777,280624,590401
29,2055,309777,280624,590401
30,2055,309777,280624,590401
31,2055,309777,280624,590401
32,2055,309777,280624,590401
33,2055,309777,280624,590401
34,2055,309777,280624,590401
35,2055,309777,280624,590401
36,2055,309777,280624,590401
37,2055,309777,280624,590401
38,2055,309777,280624,590401
39,2055,309777,280624,590401
40,2055,309777,280624,590401
41,2055,310523,280709,591232
42,2055,310523,280709,591232
43,2055,310523,280709,591232
44,2055,310523,280709,591232
45,2055,310523,280709,591232
46,2055,310523,280709,591232
47,2055,310523,280709,591232
48,2055,310523,280709,591232
49,2055,310523,280709,591232
50,2055,310523,280709,591232
51,2055,310523,280709,591232
52,2055,310523,280709,591232
53,2055,310523,280709,591232
54,2055,310523,280709,591232
55,2055,310523,280709,591232
56,2055,310523,280709,591232
57,2055,310523,280709,591232
58,2055,310523,280709,591232
59,2055,310523,280709,591232
60,2055,310523,280709,591232
61,2055,310502,280709,591211
62,2055,310490,280709,591199
63,2055,310622,280709,591331
64,2055,310711,280709,591420
65,2055,310776,280709,591485
66,2055,310677,280709,591386
67,2055,310677,280709,591386
68,2055,310677,280709,591386
69,2055,310609,280709,591318
70,2055,310583,280709,591292
71,2055,310117,280695,590812
72,2055,310465,280709,591174
73,2055,310117,280695,590812
74,2055,310117,280695,590812
75,2055,310117,280695,590812
76,2055,310117,280695,590812
77,2055,310117,280695,590812
78,2055,314565,303350,617915
79,2055,315463,303836,619299
80,2055,315597,307591,623188
81,2055,318475,306338,624813
82,2055,318475,306338,624813
83,2055,318475,306338,624813
84,2055,318475,306338,624813
85,2055,318475,306338,624813
86,2055,318475,306338,624813
87,2055,318475,306338,624813
88,2055,318475,306338,624813
89,2055,318475,306338,624813
90,2055,318475,306338,624813
91,2055,318475,306338,624813
92,2055,318475,306338,624813
93,2055,318475,306338,624813
94,2055,318475,306338,624813
95,2055,318475,306338,624813
96,2055,318475,306338,624813
97,2055,318475,306338,624813
98,2055,318475,306338,624813
99,2055,318475,306338,624813
100,2055,318475,306338,624813
0,2055,291577,274118,565695
1,2055,291704,274059,565763
2,2055,291728,274070,565798
3,2055,292172,275866,568038
4,2055,292520,275795,568315
5,2055,290894,274103,564997
6,2055,293029,275653,568682
7,2055,293002,275585,568587
8,2055,292514,276161,568675
9,2055,292060,275434,567494
10,2055,292373,275869,568242
11,2055,291521,275321,566842
12,2055,292700,275905,568605
13,2055,293942,275538,569480
14,2055,295205,275997,571202
15,2055,296250,275426,571676
16,2055,296330,275907,572237
17,2055,302651,276235,578886
18,2055,304622,277408,582030
19,2055,308470,279310,587780
20,2055,308804,280475,589279
21,2055,309404,280464,589868
22,2055,309411,280647,590058
23,2055,309775,280624,590399
24,2055,309777,280624,590401
25,2055,309777,280624,590401
26,2055,309777,280624,590401
27,2055,309777,280624,590401
28,2055,309777,280624,590401
29,2055,309777,280624,590401
30,2055,309777,280624,590401
31,2055,309777,280624,590401
32,2055,309777,280624,590401
33,2055,309777,280624,590401
34,2055,309777,280624,590401
35,2055,309777,280624,590401
36,2055,309777,280624,590401
37,2055,309777,280624,590401
38,2055,309777,280624,590401
39,2055,309777,280624,590401
40,2055,309777,280624,590401
41,2055,310523,280709,591232
42,2055,310523,280709,591232
43,2055,310523,280709,591232
44,2055,310523,280709,591232
45,2055,310523,280709,591232
46,2055,310523,280709,591232
47,2055,310523,280709,591232
48,2055,310523,280709,591232
49,2055,310523,280709,591232
50,2055,310523,280709,591232
51,2055,310523,280709,591232
52,2055,310523,280709,591232
53,2055,310523,280709,591232
54,2055,310523,280709,591232
55,2055,310523,280709,591232
56,2055,310523,280709,591232
57,2055,310523,280709,591232
58,2055,310523,280709,591232
59,2055,310523,280709,591232
60,2055,310523,280709,591232
61,2055,310502,280709,591211
62,2055,310482,280709,591191
63,2055,310629,280709,591338
64,2055,310711,280709,591420
65,2055,310776,280709,591485
66,2055,310677,280709,591386
67,2055,310677,280709,591386
68,2055,310677,280709,591386
69,2055,310609,280709,591318
70,2055,310583,280709,591292
71,2055,310117,280695,590812
72,2055,310465,280709,591174
73,2055,310117,280695,590812
74,2055,310117,280695,590812
75,2055,310117,280695,590812
76,2055,310117,280695,590812
77,2055,310117,280695,590812
78,2055,314748,304905,619653
79,2055,315681,305040,620721
80,2055,320100,305595,625695
81,2055,319150,304796,623946
82,2055,319150,304796,623946
83,2055,319150,304796,623946
84,2055,319150,304796,623946
85,2055,319150,304796,623946
86,2055,319150,304796,623946
87,2055,319150,304796,623946
88,2055,319150,304796,623946
89,2055,319150,304796,623946
90,2055,319150,304796,623946
91,2055,319150,304796,623946
92,2055,319150,304796,623946
93,2055,319150,304796,623946
94,2055,319150,304796,623946
95,2055,319150,304796,623946
96,2055,319150,304796,623946
97,2055,319150,304796,623946
98,2055,319150,304796,623946
99,2055,319150,304796,623946
100,2055,319150,304796,623946
0,2055,292691,275252,567943
1,2055,292737,275408,568145
2,2055,292737,275396,568133
3,2055,291909,275660,567569
4,2055,292434,275675,568109
5,2055,292224,276129,568353
6,2055,292989,275830,568819
7,2055,292884,275778,568662
8,2055,291224,275620,566844
9,2055,291990,275557,567547
10,2055,292433,276415,568848
11,2055,291391,275660,567051
12,2055,293221,276798,570019
13,2055,294261,275802,570063
14,2055,297791,275834,573625
15,2055,295951,275686,571637
16,2055,296030,275683,571713
17,2055,302367,276387,578754
18,2055,304434,277399,581833
19,2055,309346,279536,588882
20,2055,308804,280475,589279
21,2055,308966,280464,589430
22,2055,309411,280616,590027
23,2055,309775,280624,590399
24,2055,309777,280624,590401
25,2055,309777,280624,590401
26,2055,309777,280624,590401
27,2055,309777,280624,590401
28,2055,309777,280624,590401
29,2055,309777,280624,590401
30,2055,309777,280624,590401
31,2055,309777,280624,590401
32,2055,309777,280624,590401
33,2055,309777,280624,590401
34,2055,309777,280624,590401
35,2055,309777,280624,590401
36,2055,309777,280624,590401
37,2055,309777,280624,590401
38,2055,309777,280624,590401
39,2055,309777,280624,590401
40,2055,309777,280624,590401
41,2055,310523,280709,591232
42,2055,310523,280709,591232
43,2055,310523,280709,591232
44,2055,310523,280709,591232
45,2055,310523,280709,591232
46,2055,310523,280709,591232
47,2055,310523,280709,591232
48,2055,310523,280709,591232
49,2055,310523,280709,591232
50,2055,310523,280709,591232
51,2055,310523,280709,591232
52,2055,310523,280709,591232
53,2055,310523,280709,591232
54,2055,310523,280709,591232
55,2055,310523,280709,591232
56,2055,310523,280709,591232
57,2055,310523,280709,591232
58,2055,310523,280709,591232
59,2055,310523,280709,591232
60,2055,310523,280709,591232
61,2055,310502,280709,591211
62,2055,310542,280709,591251
63,2055,310629,280709,591338
64,2055,310711,280709,591420
65,2055,310776,280709,591485
66,2055,310677,280709,591386
67,2055,310677,280709,591386
68,2055,310677,280709,591386
69,2055,310609,280709,591318
70,2055,310583,280709,591292
71,2055,310117,280695,590812
72,2055,310465,280709,591174
73,2055,310117,280695,590812
74,2055,310117,280695,590812
75,2055,310117,280695,590812
76,2055,310117,280695,590812
77,2055,310117,280695,590812
78,2055,315901,306651,622552
79,2055,316557,307162,623719
80,2055,319112,306085,625197
81,2055,317302,305907,623209
82,2055,317302,305907,623209
83,2055,317302,305907,623209
84,2055,317302,305907,623209
85,2055,317302,305907,623209
86,2055,317302,305907,623209
87,2055,317302,305907,623209
88,2055,317302,305907,623209
89,2055,317302,305907,623209
90,2055,317302,305907,623209
91,2055,317302,305907,623209
92,2055,317302,305907,623209
93,2055,317302,305907,623209
94,2055,317302,305907,623209
95,2055,317302,305907,623209
96,2055,317302,305907,623209
97,2055,317302,305907,623209
98,2055,317302,305907,623209
99,2055,317302,305907,623209
100,2055,317302,305907,623209
0,2056,292160,275407,567567
1,2056,292160,275407,567567
2,2056,292156,275407,567563
3,2056,292317,275433,567750
4,2056,292459,275435,567894
5,2056,292604,275460,568064
6,2056,292715,275538,568253
7,2056,292699,275529,568228
8,2056,292688,275503,568191
9,2056,292689,275485,568174
10,2056,292704,275551,568255
11,2056,292828,275972,568800
12,2056,293342,276256,569598
13,2056,293719,276375,570094
14,2056,293758,276281,570039
15,2056,293823,276272,570095
16,2056,294123,276355,570478
17,2056,294561,276410,570971
18,2056,295789,276733,572522
19,2056,296731,278188,574919
20,2056,296795,278225,575020
21,2056,296833,278284,575117
22,2056,296862,278532,575394
23,2056,296890,278545,575435
24,2056,296890,278545,575435
25,2056,296890,278545,575435
26,2056,296890,278545,575435
27,2056,296890,278545,575435
28,2056,296890,278545,575435
29,2056,296890,278545,575435
30,2056,296890,278545,575435
31,2056,296890,278545,575435
32,2056,296890,278545,575435
33,2056,296890,278545,575435
34,2056,296890,278545,575435
35,2056,296890,278545,575435
36,2056,296890,278545,575435
37,2056,296890,278545,575435
38,2056,296890,278545,575435
39,2056,296890,278545,575435
40,2056,296890,278545,575435
41,2056,296890,278545,575435
42,2056,296890,278545,575435
43,2056,296890,278545,575435
44,2056,296890,278545,575435
45,2056,296890,278545,575435
46,2056,296881,278545,575426
47,2056,296873,278545,575418
48,2056,296873,278545,575418
49,2056,296873,278545,575418
50,2056,296873,278545,575418
51,2056,296873,278595,575468
52,2056,296873,278595,575468
53,2056,296873,278595,575468
54,2056,296873,278595,575468
55,2056,296873,278595,575468
56,2056,296873,278595,575468
57,2056,296873,278595,575468
58,2056,296873,278595,575468
59,2056,296873,278595,575468
60,2056,296873,278595,575468
61,2056,296873,278595,575468
62,2056,296873,278595,575468
63,2056,296873,278595,575468
64,2056,296825,278595,575420
65,2056,296825,278595,575420
66,2056,296738,278595,575333
67,2056,296738,278595,575333
68,2056,296472,278595,575067
69,2056,296377,278595,574972
70,2056,296237,278595,574832
71,2056,295800,278595,574395
72,2056,295800,278595,574395
73,2056,295461,278595,574056
74,2056,295423,278595,574018
75,2056,295423,278595,574018
76,2056,295423,278595,574018
77,2056,295423,278595,574018
78,2056,295423,279554,574977
79,2056,295423,279363,574786
80,2056,295423,279614,575037
81,2056,295423,279743,575166
82,2056,295423,279743,575166
83,2056,295423,279743,575166
84,2056,295423,279743,575166
85,2056,295423,279743,575166
86,2056,295423,279743,575166
87,2056,295423,279743,575166
88,2056,295423,279743,575166
89,2056,295423,279743,575166
90,2056,295423,279743,575166
91,2056,295423,279743,575166
92,2056,295423,279743,575166
93,2056,295423,279743,575166
94,2056,295423,279743,575166
95,2056,295423,279743,575166
96,2056,295423,279743,575166
97,2056,295423,279743,575166
98,2056,295423,279743,575166
99,2056,295423,279743,575166
100,2056,295423,279743,575166
0,2056,292266,275259,567525
1,2056,292266,275259,567525
2,2056,292259,275259,567518
3,2056,292436,275274,567710
4,2056,292615,275193,567808
5,2056,292741,275299,568040
6,2056,292868,275406,568274
7,2056,292842,275390,568232
8,2056,292820,275364,568184
9,2056,292815,275344,568159
10,2056,292810,275474,568284
11,2056,292862,275699,568561
12,2056,293184,275754,568938
13,2056,293704,275708,569412
14,2056,293937,275800,569737
15,2056,294124,275792,569916
16,2056,294466,275859,570325
17,2056,295672,275850,571522
18,2056,297964,276497,574461
19,2056,298821,278322,577143
20,2056,299958,278491,578449
21,2056,300126,278538,578664
22,2056,300128,279006,579134
23,2056,300136,279020,579156
24,2056,300136,279020,579156
25,2056,300136,279020,579156
26,2056,300136,279020,579156
27,2056,300136,279020,579156
28,2056,300136,279020,579156
29,2056,300136,279020,579156
30,2056,300136,279020,579156
31,2056,300136,279020,579156
32,2056,300136,279020,579156
33,2056,300136,279020,579156
34,2056,300136,279020,579156
35,2056,300136,279020,579156
36,2056,300136,279020,579156
37,2056,300136,279020,579156
38,2056,300136,279020,579156
39,2056,300136,279020,579156
40,2056,300136,279020,579156
41,2056,300136,279020,579156
42,2056,300136,279020,579156
43,2056,300136,279020,579156
44,2056,300538,279020,579558
45,2056,300538,279020,579558
46,2056,300536,279020,579556
47,2056,300528,279020,579548
48,2056,300528,279020,579548
49,2056,300528,279020,579548
50,2056,300528,279020,579548
51,2056,300528,279059,579587
52,2056,300528,279059,579587
53,2056,300528,279059,579587
54,2056,300528,279059,579587
55,2056,300528,279059,579587
56,2056,300528,279059,579587
57,2056,300528,279059,579587
58,2056,300528,279059,579587
59,2056,300528,279059,579587
60,2056,300528,279059,579587
61,2056,300528,279059,579587
62,2056,300528,279059,579587
63,2056,300528,279059,579587
64,2056,300557,279059,579616
65,2056,300557,279059,579616
66,2056,300066,279059,579125
67,2056,300008,279059,579067
68,2056,299613,279059,578672
69,2056,299663,279059,578722
70,2056,299415,279037,578452
71,2056,298888,279037,577925
72,2056,298782,279037,577819
73,2056,298283,278963,577246
74,2056,298238,278963,577201
75,2056,298238,278963,577201
76,2056,298238,278963,577201
77,2056,298238,278963,577201
78,2056,298344,280269,578613
79,2056,298259,280078,578337
80,2056,298344,280826,579170
81,2056,298338,280568,578906
82,2056,298338,280568,578906
83,2056,298338,280568,578906
84,2056,298338,280568,578906
85,2056,298338,280568,578906
86,2056,298338,280568,578906
87,2056,298338,280568,578906
88,2056,298338,280568,578906
89,2056,298338,280568,578906
90,2056,298338,280568,578906
91,2056,298338,280568,578906
92,2056,298338,280568,578906
93,2056,298338,280568,578906
94,2056,298338,280568,578906
95,2056,298338,280568,578906
96,2056,298338,280568,578906
97,2056,298338,280568,578906
98,2056,298338,280568,578906
99,2056,298338,280568,578906
100,2056,298338,280568,578906
0,2056,292274,275413,567687
1,2056,292274,275413,567687
2,2056,292266,275413,567679
3,2056,292417,275347,567764
4,2056,292716,275394,568110
5,2056,292856,275450,568306
6,2056,292910,275526,568436
7,2056,292866,275510,568376
8,2056,292838,275471,568309
9,2056,292865,275477,568342
10,2056,292819,275561,568380
11,2056,292909,275804,568713
12,2056,293366,276259,569625
13,2056,294527,276216,570743
14,2056,294776,276418,571194
15,2056,295034,276413,571447
16,2056,296135,276482,572617
17,2056,297419,276524,573943
18,2056,299982,276890,576872
19,2056,300697,278092,578789
20,2056,300794,278561,579355
21,2056,301474,278636,580110
22,2056,301310,278941,580251
23,2056,301326,278955,580281
24,2056,301326,278955,580281
25,2056,301326,278955,580281
26,2056,301326,278955,580281
27,2056,301326,278955,580281
28,2056,301326,278955,580281
29,2056,301326,278955,580281
30,2056,301326,278955,580281
31,2056,301326,278955,580281
32,2056,301326,278955,580281
33,2056,301326,278955,580281
34,2056,301326,278955,580281
35,2056,301326,278955,580281
36,2056,301326,278955,580281
37,2056,301326,278955,580281
38,2056,301326,278955,580281
39,2056,301326,278955,580281
40,2056,301326,278955,580281
41,2056,301326,278955,580281
42,2056,301326,278955,580281
43,2056,301333,278955,580288
44,2056,303077,279111,582188
45,2056,303077,279111,582188
46,2056,302118,279111,581229
47,2056,302109,279111,581220
48,2056,302109,279111,581220
49,2056,302109,279111,581220
50,2056,302109,279111,581220
51,2056,302109,279149,581258
52,2056,302109,279149,581258
53,2056,302109,279149,581258
54,2056,302109,279149,581258
55,2056,302109,279149,581258
56,2056,302109,279149,581258
57,2056,302109,279149,581258
58,2056,302109,279149,581258
59,2056,302109,279149,581258
60,2056,302109,279149,581258
61,2056,302109,279149,581258
62,2056,302109,279149,581258
63,2056,302109,279149,581258
64,2056,303056,279149,582205
65,2056,303056,279149,582205
66,2056,301751,278994,580745
67,2056,301764,278926,580690
68,2056,301625,278926,580551
69,2056,301693,278926,580619
70,2056,301698,278926,580624
71,2056,302699,279051,581750
72,2056,302614,279051,581665
73,2056,301717,279129,580846
74,2056,301717,279129,580846
75,2056,301717,279129,580846
76,2056,301717,279129,580846
77,2056,301717,279129,580846
78,2056,301618,283834,585452
79,2056,301588,283520,585108
80,2056,301523,283856,585379
81,2056,301545,283856,585401
82,2056,301545,283856,585401
83,2056,301545,283856,585401
84,2056,301545,283856,585401
85,2056,301545,283856,585401
86,2056,301545,283856,585401
87,2056,301545,283856,585401
88,2056,301545,283856,585401
89,2056,301545,283856,585401
90,2056,301545,283856,585401
91,2056,301545,283856,585401
92,2056,301545,283856,585401
93,2056,301545,283856,585401
94,2056,301545,283856,585401
95,2056,301545,283856,585401
96,2056,301545,283856,585401
97,2056,301545,283856,585401
98,2056,301545,283856,585401
99,2056,301545,283856,585401
100,2056,301545,283856,585401
0,2056,292099,274901,567000
1,2056,292099,274901,567000
2,2056,292091,274901,566992
3,2056,292300,274901,567201
4,2056,292463,274931,567394
5,2056,292518,274983,567501
6,2056,292615,275035,567650
7,2056,292607,275057,567664
8,2056,292601,275043,567644
9,2056,292574,275024,567598
10,2056,292549,275055,567604
11,2056,292624,275339,567963
12,2056,293047,275490,568537
13,2056,294584,275590,570174
14,2056,295239,275679,570918
15,2056,297561,275661,573222
16,2056,296031,275360,571391
17,2056,298511,275281,573792
18,2056,300960,276311,577271
19,2056,318140,278178,596318
20,2056,318570,278704,597274
21,2056,307169,279147,586316
22,2056,306963,279195,586158
23,2056,307025,279209,586234
24,2056,307025,279209,586234
25,2056,307025,279209,586234
26,2056,307025,279209,586234
27,2056,307025,279209,586234
28,2056,307025,279209,586234
29,2056,307025,279209,586234
30,2056,307025,279209,586234
31,2056,307025,279209,586234
32,2056,307025,279209,586234
33,2056,307025,279209,586234
34,2056,307025,279209,586234
35,2056,307025,279209,586234
36,2056,307025,279209,586234
37,2056,307025,279209,586234
38,2056,307025,279209,586234
39,2056,307025,279209,586234
40,2056,307025,279209,586234
41,2056,307025,279209,586234
42,2056,307025,279209,586234
43,2056,307025,279209,586234
44,2056,309401,279433,588834
45,2056,309401,279433,588834
46,2056,308138,279364,587502
47,2056,308207,279364,587571
48,2056,308207,279364,587571
49,2056,308207,279364,587571
50,2056,308207,279364,587571
51,2056,308198,279402,587600
52,2056,308198,279402,587600
53,2056,308198,279402,587600
54,2056,308198,279402,587600
55,2056,308198,279402,587600
56,2056,308198,279402,587600
57,2056,308198,279402,587600
58,2056,308198,279402,587600
59,2056,308198,279402,587600
60,2056,308198,279402,587600
61,2056,308198,279402,587600
62,2056,308198,279402,587600
63,2056,308198,279402,587600
64,2056,309449,279472,588921
65,2056,309538,279472,589010
66,2056,307947,279400,587347
67,2056,308227,279400,587627
68,2056,307618,279138,586756
69,2056,307735,279232,586967
70,2056,307742,279123,586865
71,2056,309127,279187,588314
72,2056,308751,279129,587880
73,2056,307179,279129,586308
74,2056,307179,279129,586308
75,2056,307179,279129,586308
76,2056,307179,279129,586308
77,2056,307179,279129,586308
78,2056,306934,286413,593347
79,2056,306862,284996,591858
80,2056,306855,286432,593287
81,2056,306855,286432,593287
82,2056,306855,286432,593287
83,2056,306855,286432,593287
84,2056,306855,286432,593287
85,2056,306855,286432,593287
86,2056,306855,286432,593287
87,2056,306855,286432,593287
88,2056,306855,286432,593287
89,2056,306855,286432,593287
90,2056,306855,286432,593287
91,2056,306855,286432,593287
92,2056,306855,286432,593287
93,2056,306855,286432,593287
94,2056,306855,286432,593287
95,2056,306855,286432,593287
96,2056,306855,286432,593287
97,2056,306855,286432,593287
98,2056,306855,286432,593287
99,2056,306855,286432,593287
100,2056,306855,286432,593287
0,2056,292414,276267,568681
1,2056,292414,276267,568681
2,2056,292410,276267,568677
3,2056,292524,276267,568791
4,2056,292770,276374,569144
5,2056,292782,276405,569187
6,2056,292777,275836,568613
7,2056,292789,275833,568622
8,2056,292809,276105,568914
9,2056,292817,276218,569035
10,2056,292752,276008,568760
11,2056,292786,276013,568799
12,2056,292637,275836,568473
13,2056,294207,275567,569774
14,2056,297544,275452,572996
15,2056,296712,275491,572203
16,2056,295873,275344,571217
17,2056,298696,275638,574334
18,2056,308040,277244,585284
19,2056,310244,279250,589494
20,2056,310992,279343,590335
21,2056,309447,279369,588816
22,2056,309498,279517,589015
23,2056,309548,279517,589065
24,2056,309548,279517,589065
25,2056,309548,279517,589065
26,2056,309548,279517,589065
27,2056,309548,279517,589065
28,2056,309548,279517,589065
29,2056,309548,279517,589065
30,2056,309548,279517,589065
31,2056,309548,279517,589065
32,2056,309548,279517,589065
33,2056,309548,279517,589065
34,2056,309548,279517,589065
35,2056,309548,279517,589065
36,2056,309548,279517,589065
37,2056,309933,279517,589450
38,2056,309933,279517,589450
39,2056,309933,279517,589450
40,2056,309933,279517,589450
41,2056,309933,279517,589450
42,2056,309933,279517,589450
43,2056,309933,279517,589450
44,2056,311218,279445,590663
45,2056,311218,279445,590663
46,2056,311078,279485,590563
47,2056,311078,279485,590563
48,2056,311078,279485,590563
49,2056,311078,279485,590563
50,2056,311078,279485,590563
51,2056,311087,279523,590610
52,2056,311087,279523,590610
53,2056,311087,279523,590610
54,2056,311087,279523,590610
55,2056,311087,279523,590610
56,2056,311087,279523,590610
57,2056,311087,279523,590610
58,2056,311087,279523,590610
59,2056,311087,279523,590610
60,2056,311087,279523,590610
61,2056,311087,279523,590610
62,2056,311087,279523,590610
63,2056,311197,279523,590720
64,2056,311402,279483,590885
65,2056,311494,279483,590977
66,2056,311142,279522,590664
67,2056,311181,279522,590703
68,2056,310276,279498,589774
69,2056,310326,279498,589824
70,2056,310257,279585,589842
71,2056,310672,279598,590270
72,2056,310683,279572,590255
73,2056,309854,279579,589433
74,2056,309854,279579,589433
75,2056,309854,279579,589433
76,2056,309854,279579,589433
77,2056,309854,279579,589433
78,2056,309223,297053,606276
79,2056,309182,295170,604352
80,2056,309215,297002,606217
81,2056,309223,297359,606582
82,2056,309223,297359,606582
83,2056,309223,297359,606582
84,2056,309223,297359,606582
85,2056,309223,297359,606582
86,2056,309223,297359,606582
87,2056,309223,297359,606582
88,2056,309223,297359,606582
89,2056,309223,297359,606582
90,2056,309223,297359,606582
91,2056,309223,297359,606582
92,2056,309223,297359,606582
93,2056,309223,297359,606582
94,2056,309223,297359,606582
95,2056,309223,297359,606582
96,2056,309223,297359,606582
97,2056,309223,297359,606582
98,2056,309223,297359,606582
99,2056,309223,297359,606582
100,2056,309223,297359,606582
0,2056,290839,275033,565872
1,2056,290839,275033,565872
2,2056,290835,275033,565868
3,2056,290937,275233,566170
4,2056,291005,274937,565942
5,2056,291046,275155,566201
6,2056,292232,276240,568472
7,2056,292199,276233,568432
8,2056,291249,275661,566910
9,2056,291199,275601,566800
10,2056,292123,276191,568314
11,2056,292361,276048,568409
12,2056,293171,276060,569231
13,2056,294126,275531,569657
14,2056,296668,275937,572605
15,2056,295244,275388,570632
16,2056,296127,275713,571840
17,2056,298662,276231,574893
18,2056,305162,277907,583069
19,2056,309543,280666,590209
20,2056,310358,280573,590931
21,2056,310236,280007,590243
22,2056,310517,280086,590603
23,2056,310504,280086,590590
24,2056,310504,280086,590590
25,2056,310504,280086,590590
26,2056,310504,280086,590590
27,2056,310504,280086,590590
28,2056,310504,280086,590590
29,2056,310504,280086,590590
30,2056,310504,280086,590590
31,2056,310504,280086,590590
32,2056,310504,280086,590590
33,2056,310504,280086,590590
34,2056,310504,280086,590590
35,2056,310504,280086,590590
36,2056,310504,280086,590590
37,2056,310568,280086,590654
38,2056,310568,280086,590654
39,2056,310568,280086,590654
40,2056,310568,280086,590654
41,2056,310949,280086,591035
42,2056,310949,280086,591035
43,2056,310949,280086,591035
44,2056,311212,280770,591982
45,2056,311212,280770,591982
46,2056,311402,280718,592120
47,2056,311402,280718,592120
48,2056,311402,280718,592120
49,2056,311402,280718,592120
50,2056,311402,280718,592120
51,2056,311402,280757,592159
52,2056,311402,280757,592159
53,2056,311402,280757,592159
54,2056,311402,280757,592159
55,2056,311402,280757,592159
56,2056,311402,280757,592159
57,2056,311402,280757,592159
58,2056,311402,280757,592159
59,2056,311402,280757,592159
60,2056,311402,280757,592159
61,2056,311402,280757,592159
62,2056,311402,280757,592159
63,2056,311500,280757,592257
64,2056,311363,280826,592189
65,2056,311724,280826,592550
66,2056,311611,280757,592368
67,2056,311478,280757,592235
68,2056,311136,280282,591418
69,2056,311224,280386,591610
70,2056,311089,280359,591448
71,2056,311023,280782,591805
72,2056,311415,280757,592172
73,2056,310475,280113,590588
74,2056,310475,280113,590588
75,2056,310475,280113,590588
76,2056,310475,280113,590588
77,2056,310475,280113,590588
78,2056,312080,301426,613506
79,2056,311717,300216,611933
80,2056,312078,301550,613628
81,2056,312097,305369,617466
82,2056,312097,305369,617466
83,2056,312097,305369,617466
84,2056,312097,305369,617466
85,2056,312097,305369,617466
86,2056,312097,305369,617466
87,2056,312097,305369,617466
88,2056,312097,305369,617466
89,2056,312097,305369,617466
90,2056,312097,305369,617466
91,2056,312097,305369,617466
92,2056,312097,305369,617466
93,2056,312097,305369,617466
94,2056,312097,305369,617466
95,2056,312097,305369,617466
96,2056,312097,305369,617466
97,2056,312097,305369,617466
98,2056,312097,305369,617466
99,2056,312097,305369,617466
100,2056,312097,305369,617466
0,2056,289659,274603,564262
1,2056,289659,274603,564262
2,2056,289665,274603,564268
3,2056,290131,274992,565123
4,2056,290075,275018,565093
5,2056,290517,275453,565970
6,2056,291142,275727,566869
7,2056,291129,275727,566856
8,2056,291983,276029,568012
9,2056,291141,275810,566951
10,2056,291146,275616,566762
11,2056,292016,276074,568090
12,2056,292897,276138,569035
13,2056,294262,276019,570281
14,2056,294683,275572,570255
15,2056,297679,275397,573076
16,2056,295993,275946,571939
17,2056,298812,276626,575438
18,2056,303893,278118,582011
19,2056,307392,280296,587688
20,2056,308113,280287,588400
21,2056,310267,280533,590800
22,2056,310619,280734,591353
23,2056,310685,280734,591419
24,2056,310685,280734,591419
25,2056,310685,280734,591419
26,2056,310685,280734,591419
27,2056,310685,280734,591419
28,2056,310685,280734,591419
29,2056,310685,280734,591419
30,2056,310685,280734,591419
31,2056,310685,280734,591419
32,2056,310685,280734,591419
33,2056,310685,280734,591419
34,2056,310685,280734,591419
35,2056,310685,280734,591419
36,2056,310685,280734,591419
37,2056,310706,280734,591440
38,2056,310706,280734,591440
39,2056,310706,280734,591440
40,2056,310706,280734,591440
41,2056,311060,280758,591818
42,2056,311060,280758,591818
43,2056,311060,280758,591818
44,2056,310515,280639,591154
45,2056,310515,280639,591154
46,2056,310557,280639,591196
47,2056,310557,280639,591196
48,2056,310557,280639,591196
49,2056,310557,280639,591196
50,2056,310557,280639,591196
51,2056,310557,280639,591196
52,2056,310557,280639,591196
53,2056,310557,280639,591196
54,2056,310557,280639,591196
55,2056,310557,280639,591196
56,2056,310557,280639,591196
57,2056,310557,280639,591196
58,2056,310557,280639,591196
59,2056,310557,280639,591196
60,2056,310557,280639,591196
61,2056,310557,280639,591196
62,2056,310557,280639,591196
63,2056,310910,280639,591549
64,2056,310761,280639,591400
65,2056,311033,280639,591672
66,2056,311135,280672,591807
67,2056,310932,280639,591571
68,2056,311116,280771,591887
69,2056,311041,280703,591744
70,2056,310992,280666,591658
71,2056,310516,280639,591155
72,2056,310473,280639,591112
73,2056,311008,280697,591705
74,2056,311008,280697,591705
75,2056,311008,280697,591705
76,2056,311008,280697,591705
77,2056,311008,280697,591705
78,2056,314470,302480,616950
79,2056,314144,302411,616555
80,2056,314352,302829,617181
81,2056,316242,304224,620466
82,2056,316242,304224,620466
83,2056,316242,304224,620466
84,2056,316242,304224,620466
85,2056,316242,304224,620466
86,2056,316242,304224,620466
87,2056,316242,304224,620466
88,2056,316242,304224,620466
89,2056,316242,304224,620466
90,2056,316242,304224,620466
91,2056,316242,304224,620466
92,2056,316242,304224,620466
93,2056,316242,304224,620466
94,2056,316242,304224,620466
95,2056,316242,304224,620466
96,2056,316242,304224,620466
97,2056,316242,304224,620466
98,2056,316242,304224,620466
99,2056,316242,304224,620466
100,2056,316242,304224,620466
0,2056,289139,272661,561800
1,2056,289139,272661,561800
2,2056,289140,272661,561801
3,2056,289119,272764,561883
4,2056,289360,272455,561815
5,2056,290329,273837,564166
6,2056,290582,275044,565626
7,2056,290513,275001,565514
8,2056,291822,275327,567149
9,2056,292040,275205,567245
10,2056,290765,275121,565886
11,2056,291646,275629,567275
12,2056,292463,275852,568315
13,2056,293960,275907,569867
14,2056,294086,274870,568956
15,2056,297101,275906,573007
16,2056,295988,275549,571537
17,2056,299178,275915,575093
18,2056,303074,277430,580504
19,2056,305532,280384,585916
20,2056,307797,280492,588289
21,2056,309263,280395,589658
22,2056,309846,280601,590447
23,2056,310066,280601,590667
24,2056,310068,280601,590669
25,2056,310068,280601,590669
26,2056,310068,280601,590669
27,2056,310068,280601,590669
28,2056,310068,280601,590669
29,2056,310068,280601,590669
30,2056,310068,280601,590669
31,2056,310068,280601,590669
32,2056,310068,280601,590669
33,2056,310068,280601,590669
34,2056,310068,280601,590669
35,2056,310068,280601,590669
36,2056,310068,280601,590669
37,2056,310106,280601,590707
38,2056,310106,280601,590707
39,2056,310106,280601,590707
40,2056,310106,280601,590707
41,2056,310504,280601,591105
42,2056,310504,280601,591105
43,2056,310504,280601,591105
44,2056,310371,280615,590986
45,2056,310371,280615,590986
46,2056,310431,280601,591032
47,2056,310431,280601,591032
48,2056,310431,280601,591032
49,2056,310431,280601,591032
50,2056,310431,280601,591032
51,2056,310431,280601,591032
52,2056,310431,280601,591032
53,2056,310431,280601,591032
54,2056,310431,280601,591032
55,2056,310431,280601,591032
56,2056,310431,280601,591032
57,2056,310431,280601,591032
58,2056,310431,280601,591032
59,2056,310431,280601,591032
60,2056,310425,280601,591026
61,2056,310396,280601,590997
62,2056,310384,280601,590985
63,2056,310452,280601,591053
64,2056,310622,280615,591237
65,2056,310565,280615,591180
66,2056,310466,280601,591067
67,2056,310560,280601,591161
68,2056,310503,280601,591104
69,2056,310459,280601,591060
70,2056,310415,280601,591016
71,2056,310321,280601,590922
72,2056,310394,280611,591005
73,2056,310297,280601,590898
74,2056,310297,280601,590898
75,2056,310297,280601,590898
76,2056,310297,280601,590898
77,2056,310297,280601,590898
78,2056,316765,303090,619855
79,2056,316576,303067,619643
80,2056,316701,303735,620436
81,2056,316971,305349,622320
82,2056,316971,305349,622320
83,2056,316971,305349,622320
84,2056,316971,305349,622320
85,2056,316971,305349,622320
86,2056,316971,305349,622320
87,2056,316971,305349,622320
88,2056,316971,305349,622320
89,2056,316971,305349,622320
90,2056,316971,305349,622320
91,2056,316971,305349,622320
92,2056,316971,305349,622320
93,2056,316971,305349,622320
94,2056,316971,305349,622320
95,2056,316971,305349,622320
96,2056,316971,305349,622320
97,2056,316971,305349,622320
98,2056,316971,305349,622320
99,2056,316971,305349,622320
100,2056,316971,305349,622320
0,2056,290394,273022,563416
1,2056,290394,272960,563354
2,2056,290359,272960,563319
3,2056,290259,272886,563145
4,2056,290454,272808,563262
5,2056,291611,274441,566052
6,2056,290844,274238,565082
7,2056,290993,274439,565432
8,2056,292558,275788,568346
9,2056,292683,276220,568903
10,2056,290916,274282,565198
11,2056,292270,275799,568069
12,2056,292527,276121,568648
13,2056,293904,275836,569740
14,2056,293814,275619,569433
15,2056,296491,275550,572041
16,2056,296013,275404,571417
17,2056,300549,276014,576563
18,2056,303703,277256,580959
19,2056,304886,279668,584554
20,2056,307763,280642,588405
21,2056,308577,280432,589009
22,2056,309209,280601,589810
23,2056,309657,280601,590258
24,2056,309658,280601,590259
25,2056,309658,280601,590259
26,2056,309658,280601,590259
27,2056,309658,280601,590259
28,2056,309658,280601,590259
29,2056,309658,280601,590259
30,2056,309658,280601,590259
31,2056,309658,280601,590259
32,2056,309658,280601,590259
33,2056,309658,280601,590259
34,2056,309658,280601,590259
35,2056,309658,280601,590259
36,2056,309658,280601,590259
37,2056,309666,280681,590347
38,2056,309666,280681,590347
39,2056,309666,280681,590347
40,2056,309666,280681,590347
41,2056,310400,280705,591105
42,2056,310400,280705,591105
43,2056,310400,280705,591105
44,2056,310418,280719,591137
45,2056,310418,280719,591137
46,2056,310454,280719,591173
47,2056,310454,280719,591173
48,2056,310454,280719,591173
49,2056,310454,280719,591173
50,2056,310454,280719,591173
51,2056,310454,280719,591173
52,2056,310454,280719,591173
53,2056,310454,280719,591173
54,2056,310454,280719,591173
55,2056,310454,280719,591173
56,2056,310454,280719,591173
57,2056,310454,280719,591173
58,2056,310454,280719,591173
59,2056,310454,280719,591173
60,2056,310454,280719,591173
61,2056,310425,280719,591144
62,2056,310355,280719,591074
63,2056,310557,280719,591276
64,2056,310622,280709,591331
65,2056,310657,280709,591366
66,2056,310551,280719,591270
67,2056,310578,280709,591287
68,2056,310595,280719,591314
69,2056,310527,280719,591246
70,2056,310501,280719,591220
71,2056,310167,280719,590886
72,2056,310365,280719,591084
73,2056,310097,280705,590802
74,2056,310097,280705,590802
75,2056,310097,280705,590802
76,2056,310097,280705,590802
77,2056,310097,280705,590802
78,2056,316031,304649,620680
79,2056,316015,304523,620538
80,2056,316491,304884,621375
81,2056,317021,307179,624200
82,2056,317021,307179,624200
83,2056,317021,307179,624200
84,2056,317021,307179,624200
85,2056,317021,307179,624200
86,2056,317021,307179,624200
87,2056,317021,307179,624200
88,2056,317021,307179,624200
89,2056,317021,307179,624200
90,2056,317021,307179,624200
91,2056,317021,307179,624200
92,2056,317021,307179,624200
93,2056,317021,307179,624200
94,2056,317021,307179,624200
95,2056,317021,307179,624200
96,2056,317021,307179,624200
97,2056,317021,307179,624200
98,2056,317021,307179,624200
99,2056,317021,307179,624200
100,2056,317021,307179,624200
0,2056,291389,273588,564977
1,2056,291361,273588,564949
2,2056,291342,273588,564930
3,2056,290486,273473,563959
4,2056,291427,273538,564965
5,2056,292690,275544,568234
6,2056,291841,274747,566588
7,2056,291918,275199,567117
8,2056,292254,275800,568054
9,2056,291248,275379,566627
10,2056,292120,274848,566968
11,2056,292386,276244,568630
12,2056,292471,275750,568221
13,2056,293842,275635,569477
14,2056,294684,275923,570607
15,2056,295202,274951,570153
16,2056,296309,275544,571853
17,2056,300680,275961,576641
18,2056,306176,277396,583572
19,2056,304844,279082,583926
20,2056,307760,280252,588012
21,2056,308575,280608,589183
22,2056,309265,280695,589960
23,2056,309759,280695,590454
24,2056,309761,280695,590456
25,2056,309761,280695,590456
26,2056,309761,280695,590456
27,2056,309761,280695,590456
28,2056,309761,280695,590456
29,2056,309761,280695,590456
30,2056,309761,280695,590456
31,2056,309761,280695,590456
32,2056,309761,280695,590456
33,2056,309761,280695,590456
34,2056,309761,280695,590456
35,2056,309761,280695,590456
36,2056,309761,280695,590456
37,2056,309760,280695,590455
38,2056,309760,280695,590455
39,2056,309760,280695,590455
40,2056,309760,280695,590455
41,2056,310532,280719,591251
42,2056,310532,280719,591251
43,2056,310532,280719,591251
44,2056,310612,280709,591321
45,2056,310612,280709,591321
46,2056,310612,280709,591321
47,2056,310612,280709,591321
48,2056,310612,280709,591321
49,2056,310612,280709,591321
50,2056,310612,280709,591321
51,2056,310612,280709,591321
52,2056,310612,280709,591321
53,2056,310612,280709,591321
54,2056,310612,280709,591321
55,2056,310612,280709,591321
56,2056,310612,280709,591321
57,2056,310612,280709,591321
58,2056,310612,280709,591321
59,2056,310612,280709,591321
60,2056,310612,280709,591321
61,2056,310583,280709,591292
62,2056,310342,280719,591061
63,2056,310663,280709,591372
64,2056,310791,280709,591500
65,2056,310817,280709,591526
66,2056,310711,280709,591420
67,2056,310719,280709,591428
68,2056,310627,280709,591336
69,2056,310569,280709,591278
70,2056,310553,280709,591262
71,2056,310114,280719,590833
72,2056,310402,280719,591121
73,2056,310099,280695,590794
74,2056,310099,280695,590794
75,2056,310099,280695,590794
76,2056,310099,280695,590794
77,2056,310099,280695,590794
78,2056,316416,306500,622916
79,2056,316414,306851,623265
80,2056,317112,306603,623715
81,2056,320548,305311,625859
82,2056,320548,305311,625859
83,2056,320548,305311,625859
84,2056,320548,305311,625859
85,2056,320548,305311,625859
86,2056,320548,305311,625859
87,2056,320548,305311,625859
88,2056,320548,305311,625859
89,2056,320548,305311,625859
90,2056,320548,305311,625859
91,2056,320548,305311,625859
92,2056,320548,305311,625859
93,2056,320548,305311,625859
94,2056,320548,305311,625859
95,2056,320548,305311,625859
96,2056,320548,305311,625859
97,2056,320548,305311,625859
98,2056,320548,305311,625859
99,2056,320548,305311,625859
100,2056,320548,305311,625859
0,2056,292751,275522,568273
1,2056,292768,275518,568286
2,2056,292769,275518,568287
3,2056,291789,274356,566145
4,2056,293025,274710,567735
5,2056,292813,276399,569212
6,2056,292765,276223,568988
7,2056,292672,276268,568940
8,2056,292330,276276,568606
9,2056,291393,275989,567382
10,2056,292673,276157,568830
11,2056,291584,275622,567206
12,2056,292581,275830,568411
13,2056,294134,275933,570067
14,2056,295041,276344,571385
15,2056,297727,275310,573037
16,2056,296109,275747,571856
17,2056,313874,275931,589805
18,2056,305144,277547,582691
19,2056,305947,279202,585149
20,2056,308539,280233,588772
21,2056,309150,280634,589784
22,2056,309340,280727,590067
23,2056,309735,280695,590430
24,2056,309736,280695,590431
25,2056,309736,280695,590431
26,2056,309736,280695,590431
27,2056,309736,280695,590431
28,2056,309736,280695,590431
29,2056,309736,280695,590431
30,2056,309736,280695,590431
31,2056,309736,280695,590431
32,2056,309736,280695,590431
33,2056,309736,280695,590431
34,2056,309736,280695,590431
35,2056,309736,280695,590431
36,2056,309736,280695,590431
37,2056,309736,280695,590431
38,2056,309736,280695,590431
39,2056,309736,280695,590431
40,2056,309736,280695,590431
41,2056,310615,280709,591324
42,2056,310615,280709,591324
43,2056,310615,280709,591324
44,2056,310580,280709,591289
45,2056,310580,280709,591289
46,2056,310589,280709,591298
47,2056,310589,280709,591298
48,2056,310589,280709,591298
49,2056,310589,280709,591298
50,2056,310589,280709,591298
51,2056,310589,280709,591298
52,2056,310589,280709,591298
53,2056,310589,280709,591298
54,2056,310589,280709,591298
55,2056,310589,280709,591298
56,2056,310589,280709,591298
57,2056,310589,280709,591298
58,2056,310589,280709,591298
59,2056,310589,280709,591298
60,2056,310589,280709,591298
61,2056,310560,280709,591269
62,2056,310362,280719,591081
63,2056,310688,280709,591397
64,2056,310777,280709,591486
65,2056,310815,280709,591524
66,2056,310706,280709,591415
67,2056,310743,280709,591452
68,2056,310757,280709,591466
69,2056,310692,280709,591401
70,2056,310676,280709,591385
71,2056,310183,280695,590878
72,2056,310549,280719,591268
73,2056,310133,280695,590828
74,2056,310133,280695,590828
75,2056,310133,280695,590828
76,2056,310133,280695,590828
77,2056,310133,280695,590828
78,2056,319143,305453,624596
79,2056,319327,305676,625003
80,2056,319274,305068,624342
81,2056,318978,306401,625379
82,2056,318978,306401,625379
83,2056,318978,306401,625379
84,2056,318978,306401,625379
85,2056,318978,306401,625379
86,2056,318978,306401,625379
87,2056,318978,306401,625379
88,2056,318978,306401,625379
89,2056,318978,306401,625379
90,2056,318978,306401,625379
91,2056,318978,306401,625379
92,2056,318978,306401,625379
93,2056,318978,306401,625379
94,2056,318978,306401,625379
95,2056,318978,306401,625379
96,2056,318978,306401,625379
97,2056,318978,306401,625379
98,2056,318978,306401,625379
99,2056,318978,306401,625379
100,2056,318978,306401,625379
0,2056,292327,275510,567837
1,2056,292327,275659,567986
2,2056,292320,275647,567967
3,2056,292875,275527,568402
4,2056,292828,275721,568549
5,2056,291154,274409,565563
6,2056,291431,275516,566947
7,2056,291405,275336,566741
8,2056,290990,275061,566051
9,2056,292128,275695,567823
10,2056,291559,275769,567328
11,2056,291377,275586,566963
12,2056,293155,276000,569155
13,2056,294189,275958,570147
14,2056,295769,275717,571486
15,2056,297153,275649,572802
16,2056,295944,275372,571316
17,2056,307331,276682,584013
18,2056,304499,277441,581940
19,2056,307335,279222,586557
20,2056,309367,280247,589614
21,2056,309425,280514,589939
22,2056,309452,280752,590204
23,2056,309762,280695,590457
24,2056,309764,280695,590459
25,2056,309764,280695,590459
26,2056,309764,280695,590459
27,2056,309764,280695,590459
28,2056,309764,280695,590459
29,2056,309764,280695,590459
30,2056,309764,280695,590459
31,2056,309764,280695,590459
32,2056,309764,280695,590459
33,2056,309764,280695,590459
34,2056,309764,280695,590459
35,2056,309764,280695,590459
36,2056,309764,280695,590459
37,2056,309738,280695,590433
38,2056,309738,280695,590433
39,2056,309738,280695,590433
40,2056,309738,280695,590433
41,2056,310581,280709,591290
42,2056,310581,280709,591290
43,2056,310581,280709,591290
44,2056,310522,280709,591231
45,2056,310522,280709,591231
46,2056,310522,280709,591231
47,2056,310522,280709,591231
48,2056,310522,280709,591231
49,2056,310522,280709,591231
50,2056,310522,280709,591231
51,2056,310522,280709,591231
52,2056,310522,280709,591231
53,2056,310522,280709,591231
54,2056,310522,280709,591231
55,2056,310522,280709,591231
56,2056,310522,280709,591231
57,2056,310522,280709,591231
58,2056,310522,280709,591231
59,2056,310522,280709,591231
60,2056,310522,280709,591231
61,2056,310493,280709,591202
62,2056,310500,280719,591219
63,2056,310622,280709,591331
64,2056,310711,280709,591420
65,2056,310854,280709,591563
66,2056,310736,280709,591445
67,2056,310677,280709,591386
68,2056,310743,280709,591452
69,2056,310668,280709,591377
70,2056,310642,280709,591351
71,2056,310117,280719,590836
72,2056,310404,280709,591113
73,2056,310176,280695,590871
74,2056,310176,280695,590871
75,2056,310176,280695,590871
76,2056,310176,280695,590871
77,2056,310176,280695,590871
78,2056,317218,306629,623847
79,2056,317604,306070,623674
80,2056,317715,306312,624027
81,2056,319435,304795,624230
82,2056,319435,304795,624230
83,2056,319435,304795,624230
84,2056,319435,304795,624230
85,2056,319435,304795,624230
86,2056,319435,304795,624230
87,2056,319435,304795,624230
88,2056,319435,304795,624230
89,2056,319435,304795,624230
90,2056,319435,304795,624230
91,2056,319435,304795,624230
92,2056,319435,304795,624230
93,2056,319435,304795,624230
94,2056,319435,304795,624230
95,2056,319435,304795,624230
96,2056,319435,304795,624230
97,2056,319435,304795,624230
98,2056,319435,304795,624230
99,2056,319435,304795,624230
100,2056,319435,304795,624230
0,2056,292237,275533,567770
1,2056,292258,275489,567747
2,2056,292255,275489,567744
3,2056,292520,275565,568085
4,2056,292646,275922,568568
5,2056,290941,274761,565702
6,2056,291650,275540,567190
7,2056,291571,275602,567173
8,2056,290150,274568,564718
9,2056,292443,275886,568329
10,2056,291915,275595,567510
11,2056,292561,275926,568487
12,2056,293011,276402,569413
13,2056,293947,275772,569719
14,2056,294479,275523,570002
15,2056,297722,275788,573510
16,2056,296132,275359,571491
17,2056,303346,276680,580026
18,2056,304374,277451,581825
19,2056,307952,279352,587304
20,2056,309700,280525,590225
21,2056,308980,280464,589444
22,2056,309470,280601,590071
23,2056,309775,280616,590391
24,2056,309777,280616,590393
25,2056,309777,280616,590393
26,2056,309777,280616,590393
27,2056,309777,280616,590393
28,2056,309777,280616,590393
29,2056,309777,280616,590393
30,2056,309777,280616,590393
31,2056,309777,280616,590393
32,2056,309777,280616,590393
33,2056,309777,280616,590393
34,2056,309777,280616,590393
35,2056,309777,280616,590393
36,2056,309777,280616,590393
37,2056,309777,280616,590393
38,2056,309777,280616,590393
39,2056,309777,280616,590393
40,2056,309777,280616,590393
41,2056,310522,280709,591231
42,2056,310522,280709,591231
43,2056,310522,280709,591231
44,2056,310523,280709,591232
45,2056,310523,280709,591232
46,2056,310523,280709,591232
47,2056,310523,280709,591232
48,2056,310523,280709,591232
49,2056,310523,280709,591232
50,2056,310523,280709,591232
51,2056,310523,280709,591232
52,2056,310523,280709,591232
53,2056,310523,280709,591232
54,2056,310523,280709,591232
55,2056,310523,280709,591232
56,2056,310523,280709,591232
57,2056,310523,280709,591232
58,2056,310523,280709,591232
59,2056,310523,280709,591232
60,2056,310523,280709,591232
61,2056,310494,280709,591203
62,2056,310481,280709,591190
63,2056,310622,280709,591331
64,2056,310711,280709,591420
65,2056,310728,280709,591437
66,2056,310677,280709,591386
67,2056,310677,280709,591386
68,2056,310677,280709,591386
69,2056,310602,280709,591311
70,2056,310576,280709,591285
71,2056,310117,280695,590812
72,2056,310481,280719,591200
73,2056,310143,280719,590862
74,2056,310143,280719,590862
75,2056,310143,280719,590862
76,2056,310143,280719,590862
77,2056,310143,280719,590862
78,2056,319280,304872,624152
79,2056,317218,306403,623621
80,2056,318885,305538,624423
81,2056,315816,304901,620717
82,2056,315816,304901,620717
83,2056,315816,304901,620717
84,2056,315816,304901,620717
85,2056,315816,304901,620717
86,2056,315816,304901,620717
87,2056,315816,304901,620717
88,2056,315816,304901,620717
89,2056,315816,304901,620717
90,2056,315816,304901,620717
91,2056,315816,304901,620717
92,2056,315816,304901,620717
93,2056,315816,304901,620717
94,2056,315816,304901,620717
95,2056,315816,304901,620717
96,2056,315816,304901,620717
97,2056,315816,304901,620717
98,2056,315816,304901,620717
99,2056,315816,304901,620717
100,2056,315816,304901,620717
0,2056,292050,274642,566692
1,2056,291992,274566,566558
2,2056,292049,274566,566615
3,2056,292288,275393,567681
4,2056,292350,275433,567783
5,2056,291665,275418,567083
6,2056,292616,275683,568299
7,2056,292591,275714,568305
8,2056,289388,272724,562112
9,2056,292120,275796,567916
10,2056,292494,275697,568191
11,2056,292571,276455,569026
12,2056,292461,275605,568066
13,2056,293891,275625,569516
14,2056,294576,275565,570141
15,2056,296947,275357,572304
16,2056,296197,275623,571820
17,2056,302139,276579,578718
18,2056,304368,277408,581776
19,2056,309074,279536,588610
20,2056,308796,280425,589221
21,2056,308818,280514,589332
22,2056,309431,280601,590032
23,2056,309749,280616,590365
24,2056,309751,280616,590367
25,2056,309751,280616,590367
26,2056,309751,280616,590367
27,2056,309751,280616,590367
28,2056,309751,280616,590367
29,2056,309751,280616,590367
30,2056,309751,280616,590367
31,2056,309751,280616,590367
32,2056,309751,280616,590367
33,2056,309751,280616,590367
34,2056,309751,280616,590367
35,2056,309751,280616,590367
36,2056,309751,280616,590367
37,2056,309751,280616,590367
38,2056,309751,280616,590367
39,2056,309751,280616,590367
40,2056,309751,280616,590367
41,2056,310523,280709,591232
42,2056,310523,280709,591232
43,2056,310523,280709,591232
44,2056,310523,280709,591232
45,2056,310523,280709,591232
46,2056,310523,280709,591232
47,2056,310523,280709,591232
48,2056,310523,280709,591232
49,2056,310523,280709,591232
50,2056,310523,280709,591232
51,2056,310523,280709,591232
52,2056,310523,280709,591232
53,2056,310523,280709,591232
54,2056,310523,280709,591232
55,2056,310523,280709,591232
56,2056,310523,280709,591232
57,2056,310523,280709,591232
58,2056,310523,280709,591232
59,2056,310523,280709,591232
60,2056,310523,280709,591232
61,2056,310502,280709,591211
62,2056,310533,280709,591242
63,2056,310629,280709,591338
64,2056,310711,280709,591420
65,2056,310748,280709,591457
66,2056,310677,280709,591386
67,2056,310677,280709,591386
68,2056,310677,280709,591386
69,2056,310602,280709,591311
70,2056,310576,280709,591285
71,2056,310117,280695,590812
72,2056,310465,280709,591174
73,2056,310117,280719,590836
74,2056,310117,280719,590836
75,2056,310117,280719,590836
76,2056,310117,280719,590836
77,2056,310117,280719,590836
78,2056,317018,305496,622514
79,2056,319763,304916,624679
80,2056,316558,305659,622217
81,2056,315093,304229,619322
82,2056,315093,304229,619322
83,2056,315093,304229,619322
84,2056,315093,304229,619322
85,2056,315093,304229,619322
86,2056,315093,304229,619322
87,2056,315093,304229,619322
88,2056,315093,304229,619322
89,2056,315093,304229,619322
90,2056,315093,304229,619322
91,2056,315093,304229,619322
92,2056,315093,304229,619322
93,2056,315093,304229,619322
94,2056,315093,304229,619322
95,2056,315093,304229,619322
96,2056,315093,304229,619322
97,2056,315093,304229,619322
98,2056,315093,304229,619322
99,2056,315093,304229,619322
100,2056,315093,304229,619322
0,2056,292467,275809,568276
1,2056,292460,275777,568237
2,2056,292457,275777,568234
3,2056,292245,275154,567399
4,2056,292274,275644,567918
5,2056,292620,276606,569226
6,2056,292731,276392,569123
7,2056,292547,276434,568981
8,2056,290424,273014,563438
9,2056,292125,275680,567805
10,2056,292649,276206,568855
11,2056,291627,275325,566952
12,2056,292214,276093,568307
13,2056,294275,275933,570208
14,2056,294898,275677,570575
15,2056,296696,275498,572194
16,2056,296083,275608,571691
17,2056,302392,276114,578506
18,2056,304800,277408,582208
19,2056,308341,280112,588453
20,2056,308246,280444,588690
21,2056,308721,280514,589235
22,2056,309400,280616,590016
23,2056,309775,280616,590391
24,2056,309777,280616,590393
25,2056,309777,280616,590393
26,2056,309777,280616,590393
27,2056,309777,280616,590393
28,2056,309777,280616,590393
29,2056,309777,280616,590393
30,2056,309777,280616,590393
31,2056,309777,280616,590393
32,2056,309777,280616,590393
33,2056,309777,280616,590393
34,2056,309777,280616,590393
35,2056,309777,280616,590393
36,2056,309777,280616,590393
37,2056,309751,280616,590367
38,2056,309751,280616,590367
39,2056,309751,280616,590367
40,2056,309751,280616,590367
41,2056,310523,280709,591232
42,2056,310523,280709,591232
43,2056,310523,280709,591232
44,2056,310523,280709,591232
45,2056,310523,280709,591232
46,2056,310523,280709,591232
47,2056,310523,280709,591232
48,2056,310523,280709,591232
49,2056,310523,280709,591232
50,2056,310523,280709,591232
51,2056,310523,280709,591232
52,2056,310523,280709,591232
53,2056,310523,280709,591232
54,2056,310523,280709,591232
55,2056,310523,280709,591232
56,2056,310523,280709,591232
57,2056,310523,280709,591232
58,2056,310523,280709,591232
59,2056,310523,280709,591232
60,2056,310523,280709,591232
61,2056,310502,280709,591211
62,2056,310490,280709,591199
63,2056,310629,280709,591338
64,2056,310711,280709,591420
65,2056,310728,280709,591437
66,2056,310677,280709,591386
67,2056,310677,280709,591386
68,2056,310677,280709,591386
69,2056,310609,280709,591318
70,2056,310583,280709,591292
71,2056,310117,280695,590812
72,2056,310465,280709,591174
73,2056,310117,280695,590812
74,2056,310117,280695,590812
75,2056,310117,280695,590812
76,2056,310117,280695,590812
77,2056,310117,280695,590812
78,2056,315589,306728,622317
79,2056,317850,304290,622140
80,2056,315286,304700,619986
81,2056,313486,303270,616756
82,2056,313486,303270,616756
83,2056,313486,303270,616756
84,2056,313486,303270,616756
85,2056,313486,303270,616756
86,2056,313486,303270,616756
87,2056,313486,303270,616756
88,2056,313486,303270,616756
89,2056,313486,303270,616756
90,2056,313486,303270,616756
91,2056,313486,303270,616756
92,2056,313486,303270,616756
93,2056,313486,303270,616756
94,2056,313486,303270,616756
95,2056,313486,303270,616756
96,2056,313486,303270,616756
97,2056,313486,303270,616756
98,2056,313486,303270,616756
99,2056,313486,303270,616756
100,2056,313486,303270,616756
0,2056,292071,275839,567910
1,2056,292089,275900,567989
2,2056,292086,275900,567986
3,2056,292381,275949,568330
4,2056,292447,276194,568641
5,2056,291076,274117,565193
6,2056,291032,274854,565886
7,2056,290997,274886,565883
8,2056,291455,273560,565015
9,2056,292220,275875,568095
10,2056,291207,275214,566421
11,2056,291288,275553,566841
12,2056,293021,276358,569379
13,2056,294152,276089,570241
14,2056,295132,275773,570905
15,2056,295672,275405,571077
16,2056,296009,275276,571285
17,2056,303498,276207,579705
18,2056,304580,277399,581979
19,2056,307593,280366,587959
20,2056,308648,280447,589095
21,2056,309185,280529,589714
22,2056,309411,280647,590058
23,2056,309775,280616,590391
24,2056,309777,280624,590401
25,2056,309777,280624,590401
26,2056,309777,280624,590401
27,2056,309777,280624,590401
28,2056,309777,280624,590401
29,2056,309777,280624,590401
30,2056,309777,280624,590401
31,2056,309777,280624,590401
32,2056,309777,280624,590401
33,2056,309777,280624,590401
34,2056,309777,280624,590401
35,2056,309777,280624,590401
36,2056,309777,280624,590401
37,2056,309777,280616,590393
38,2056,309777,280616,590393
39,2056,309777,280616,590393
40,2056,309777,280616,590393
41,2056,310523,280709,591232
42,2056,310523,280709,591232
43,2056,310523,280709,591232
44,2056,310523,280709,591232
45,2056,310523,280709,591232
46,2056,310523,280709,591232
47,2056,310523,280709,591232
48,2056,310523,280709,591232
49,2056,310523,280709,591232
50,2056,310523,280709,591232
51,2056,310523,280709,591232
52,2056,310523,280709,591232
53,2056,310523,280709,591232
54,2056,310523,280709,591232
55,2056,310523,280709,591232
56,2056,310523,280709,591232
57,2056,310523,280709,591232
58,2056,310523,280709,591232
59,2056,310523,280709,591232
60,2056,310523,280709,591232
61,2056,310502,280709,591211
62,2056,310482,280709,591191
63,2056,310622,280709,591331
64,2056,310711,280709,591420
65,2056,310776,280709,591485
66,2056,310677,280709,591386
67,2056,310677,280709,591386
68,2056,310677,280709,591386
69,2056,310609,280709,591318
70,2056,310583,280709,591292
71,2056,310117,280695,590812
72,2056,310465,280709,591174
73,2056,310117,280695,590812
74,2056,310117,280695,590812
75,2056,310117,280695,590812
76,2056,310117,280695,590812
77,2056,310117,280695,590812
78,2056,319253,303696,622949
79,2056,314882,303302,618184
80,2056,314483,304209,618692
81,2056,313400,302807,616207
82,2056,313400,302807,616207
83,2056,313400,302807,616207
84,2056,313400,302807,616207
85,2056,313400,302807,616207
86,2056,313400,302807,616207
87,2056,313400,302807,616207
88,2056,313400,302807,616207
89,2056,313400,302807,616207
90,2056,313400,302807,616207
91,2056,313400,302807,616207
92,2056,313400,302807,616207
93,2056,313400,302807,616207
94,2056,313400,302807,616207
95,2056,313400,302807,616207
96,2056,313400,302807,616207
97,2056,313400,302807,616207
98,2056,313400,302807,616207
99,2056,313400,302807,616207
100,2056,313400,302807,616207
0,2056,291929,276118,568047
1,2056,292050,276184,568234
2,2056,292024,276184,568208
3,2056,292099,275673,567772
4,2056,291120,275219,566339
5,2056,290898,274381,565279
6,2056,290201,274869,565070
7,2056,289966,274416,564382
8,2056,293136,274868,568004
9,2056,292151,275983,568134
10,2056,291191,275417,566608
11,2056,292570,276264,568834
12,2056,292503,275712,568215
13,2056,293667,275662,569329
14,2056,296166,275731,571897
15,2056,295497,275115,570612
16,2056,296079,275458,571537
17,2056,303229,276582,579811
18,2056,304477,277399,581876
19,2056,306568,280199,586767
20,2056,308456,280490,588946
21,2056,309412,280464,589876
22,2056,309419,280647,590066
23,2056,309775,280624,590399
24,2056,309777,280624,590401
25,2056,309777,280624,590401
26,2056,309777,280624,590401
27,2056,309777,280624,590401
28,2056,309777,280624,590401
29,2056,309777,280624,590401
30,2056,309777,280624,590401
31,2056,309777,280624,590401
32,2056,309777,280624,590401
33,2056,309777,280624,590401
34,2056,309777,280624,590401
35,2056,309777,280624,590401
36,2056,309777,280624,590401
37,2056,309777,280624,590401
38,2056,309777,280624,590401
39,2056,309777,280624,590401
40,2056,309777,280624,590401
41,2056,310523,280709,591232
42,2056,310523,280709,591232
43,2056,310523,280709,591232
44,2056,310523,280709,591232
45,2056,310523,280709,591232
46,2056,310523,280709,591232
47,2056,310523,280709,591232
48,2056,310523,280709,591232
49,2056,310523,280709,591232
50,2056,310523,280709,591232
51,2056,310523,280709,591232
52,2056,310523,280709,591232
53,2056,310523,280709,591232
54,2056,310523,280709,591232
55,2056,310523,280709,591232
56,2056,310523,280709,591232
57,2056,310523,280709,591232
58,2056,310523,280709,591232
59,2056,310523,280709,591232
60,2056,310523,280709,591232
61,2056,310502,280709,591211
62,2056,310542,280709,591251
63,2056,310622,280709,591331
64,2056,310711,280709,591420
65,2056,310776,280709,591485
66,2056,310677,280709,591386
67,2056,310677,280709,591386
68,2056,310677,280709,591386
69,2056,310609,280709,591318
70,2056,310583,280709,591292
71,2056,310117,280695,590812
72,2056,310465,280709,591174
73,2056,310117,280695,590812
74,2056,310117,280695,590812
75,2056,310117,280695,590812
76,2056,310117,280695,590812
77,2056,310117,280695,590812
78,2056,315391,302409,617800
79,2056,313281,301886,615167
80,2056,313582,303403,616985
81,2056,313300,302781,616081
82,2056,313300,302781,616081
83,2056,313300,302781,616081
84,2056,313300,302781,616081
85,2056,313300,302781,616081
86,2056,313300,302781,616081
87,2056,313300,302781,616081
88,2056,313300,302781,616081
89,2056,313300,302781,616081
90,2056,313300,302781,616081
91,2056,313300,302781,616081
92,2056,313300,302781,616081
93,2056,313300,302781,616081
94,2056,313300,302781,616081
95,2056,313300,302781,616081
96,2056,313300,302781,616081
97,2056,313300,302781,616081
98,2056,313300,302781,616081
99,2056,313300,302781,616081
100,2056,313300,302781,616081
0,2056,290678,274865,565543
1,2056,290646,274600,565246
2,2056,290646,274600,565246
3,2056,292028,275935,567963
4,2056,290806,274931,565737
5,2056,291693,275335,567028
6,2056,289512,272972,562484
7,2056,289426,272773,562199
8,2056,292970,275895,568865
9,2056,292042,275514,567556
10,2056,292198,275741,567939
11,2056,291715,275941,567656
12,2056,292280,275815,568095
13,2056,293958,275737,569695
14,2056,295390,275951,571341
15,2056,295576,275625,571201
16,2056,296316,275830,572146
17,2056,302965,276281,579246
18,2056,304630,277408,582038
19,2056,305272,279385,584657
20,2056,308843,280475,589318
21,2056,308966,280464,589430
22,2056,309419,280616,590035
23,2056,309775,280616,590391
24,2056,309777,280616,590393
25,2056,309777,280616,590393
26,2056,309777,280616,590393
27,2056,309777,280616,590393
28,2056,309777,280616,590393
29,2056,309777,280616,590393
30,2056,309777,280616,590393
31,2056,309777,280616,590393
32,2056,309777,280616,590393
33,2056,309777,280616,590393
34,2056,309777,280616,590393
35,2056,309777,280616,590393
36,2056,309777,280616,590393
37,2056,309777,280616,590393
38,2056,309777,280616,590393
39,2056,309777,280616,590393
40,2056,309777,280616,590393
41,2056,310523,280709,591232
42,2056,310523,280709,591232
43,2056,310523,280709,591232
44,2056,310523,280709,591232
45,2056,310523,280709,591232
46,2056,310523,280709,591232
47,2056,310523,280709,591232
48,2056,310523,280709,591232
49,2056,310523,280709,591232
50,2056,310523,280709,591232
51,2056,310523,280709,591232
52,2056,310523,280709,591232
53,2056,310523,280709,591232
54,2056,310523,280709,591232
55,2056,310523,280709,591232
56,2056,310523,280709,591232
57,2056,310523,280709,591232
58,2056,310523,280709,591232
59,2056,310523,280709,591232
60,2056,310523,280709,591232
61,2056,310502,280709,591211
62,2056,310490,280709,591199
63,2056,310629,280709,591338
64,2056,310711,280709,591420
65,2056,310776,280709,591485
66,2056,310677,280709,591386
67,2056,310677,280709,591386
68,2056,310677,280709,591386
69,2056,310609,280709,591318
70,2056,310583,280709,591292
71,2056,310117,280695,590812
72,2056,310465,280709,591174
73,2056,310117,280695,590812
74,2056,310117,280695,590812
75,2056,310117,280695,590812
76,2056,310117,280695,590812
77,2056,310117,280695,590812
78,2056,314163,302133,616296
79,2056,313574,301568,615142
80,2056,313325,302887,616212
81,2056,314143,304623,618766
82,2056,314143,304623,618766
83,2056,314143,304623,618766
84,2056,314143,304623,618766
85,2056,314143,304623,618766
86,2056,314143,304623,618766
87,2056,314143,304623,618766
88,2056,314143,304623,618766
89,2056,314143,304623,618766
90,2056,314143,304623,618766
91,2056,314143,304623,618766
92,2056,314143,304623,618766
93,2056,314143,304623,618766
94,2056,314143,304623,618766
95,2056,314143,304623,618766
96,2056,314143,304623,618766
97,2056,314143,304623,618766
98,2056,314143,304623,618766
99,2056,314143,304623,618766
100,2056,314143,304623,618766
0,2056,289630,273527,563157
1,2056,289084,272978,562062
2,2056,289096,272978,562074
3,2056,291944,275546,567490
4,2056,290744,274239,564983
5,2056,292628,276596,569224
6,2056,290215,273130,563345
7,2056,290379,273170,563549
8,2056,292789,275868,568657
9,2056,292007,275599,567606
10,2056,292516,276305,568821
11,2056,291831,275642,567473
12,2056,293193,276213,569406
13,2056,294133,275848,569981
14,2056,294756,275557,570313
15,2056,295875,275849,571724
16,2056,296104,275804,571908
17,2056,302976,276373,579349
18,2056,304434,277399,581833
19,2056,305026,279291,584317
20,2056,308802,280475,589277
21,2056,308820,280514,589334
22,2056,309407,280616,590023
23,2056,309775,280624,590399
24,2056,309777,280624,590401
25,2056,309777,280624,590401
26,2056,309777,280624,590401
27,2056,309777,280624,590401
28,2056,309777,280624,590401
29,2056,309777,280624,590401
30,2056,309777,280624,590401
31,2056,309777,280624,590401
32,2056,309777,280624,590401
33,2056,309777,280624,590401
34,2056,309777,280624,590401
35,2056,309777,280624,590401
36,2056,309777,280624,590401
37,2056,309777,280616,590393
38,2056,309777,280616,590393
39,2056,309777,280616,590393
40,2056,309777,280616,590393
41,2056,310523,280709,591232
42,2056,310523,280709,591232
43,2056,310523,280709,591232
44,2056,310523,280709,591232
45,2056,310523,280709,591232
46,2056,310523,280709,591232
47,2056,310523,280709,591232
48,2056,310523,280709,591232
49,2056,310523,280709,591232
50,2056,310523,280709,591232
51,2056,310523,280709,591232
52,2056,310523,280709,591232
53,2056,310523,280709,591232
54,2056,310523,280709,591232
55,2056,310523,280709,591232
56,2056,310523,280709,591232
57,2056,310523,280709,591232
58,2056,310523,280709,591232
59,2056,310523,280709,591232
60,2056,310523,280709,591232
61,2056,310502,280709,591211
62,2056,310482,280709,591191
63,2056,310629,280709,591338
64,2056,310711,280709,591420
65,2056,310776,280709,591485
66,2056,310677,280709,591386
67,2056,310677,280709,591386
68,2056,310677,280709,591386
69,2056,310609,280709,591318
70,2056,310583,280709,591292
71,2056,310117,280695,590812
72,2056,310465,280709,591174
73,2056,310117,280695,590812
74,2056,310117,280695,590812
75,2056,310117,280695,590812
76,2056,310117,280695,590812
77,2056,310117,280695,590812
78,2056,312824,302255,615079
79,2056,312361,301855,614216
80,2056,313545,304204,617749
81,2056,315175,307024,622199
82,2056,315175,307024,622199
83,2056,315175,307024,622199
84,2056,315175,307024,622199
85,2056,315175,307024,622199
86,2056,315175,307024,622199
87,2056,315175,307024,622199
88,2056,315175,307024,622199
89,2056,315175,307024,622199
90,2056,315175,307024,622199
91,2056,315175,307024,622199
92,2056,315175,307024,622199
93,2056,315175,307024,622199
94,2056,315175,307024,622199
95,2056,315175,307024,622199
96,2056,315175,307024,622199
97,2056,315175,307024,622199
98,2056,315175,307024,622199
99,2056,315175,307024,622199
100,2056,315175,307024,622199
0,2056,289931,272729,562660
1,2056,289934,272911,562845
2,2056,289982,272952,562934
3,2056,292195,275576,567771
4,2056,291187,274432,565619
5,2056,291032,274005,565037
6,2056,290574,273727,564301
7,2056,291554,273847,565401
8,2056,292191,275275,567466
9,2056,292300,275900,568200
10,2056,291218,275119,566337
11,2056,292350,275661,568011
12,2056,292533,276111,568644
13,2056,294243,276045,570288
14,2056,294509,275322,569831
15,2056,295696,275954,571650
16,2056,295745,275365,571110
17,2056,302787,276624,579411
18,2056,304700,277408,582108
19,2056,305830,279172,585002
20,2056,308798,280475,589273
21,2056,308721,280514,589235
22,2056,309400,280616,590016
23,2056,309775,280624,590399
24,2056,309777,280624,590401
25,2056,309777,280624,590401
26,2056,309777,280624,590401
27,2056,309777,280624,590401
28,2056,309777,280624,590401
29,2056,309777,280624,590401
30,2056,309777,280624,590401
31,2056,309777,280624,590401
32,2056,309777,280624,590401
33,2056,309777,280624,590401
34,2056,309777,280624,590401
35,2056,309777,280624,590401
36,2056,309777,280624,590401
37,2056,309777,280624,590401
38,2056,309777,280624,590401
39,2056,309777,280624,590401
40,2056,309777,280624,590401
41,2056,310523,280709,591232
42,2056,310523,280709,591232
43,2056,310523,280709,591232
44,2056,310523,280709,591232
45,2056,310523,280709,591232
46,2056,310523,280709,591232
47,2056,310523,280709,591232
48,2056,310523,280709,591232
49,2056,310523,280709,591232
50,2056,310523,280709,591232
51,2056,310523,280709,591232
52,2056,310523,280709,591232
53,2056,310523,280709,591232
54,2056,310523,280709,591232
55,2056,310523,280709,591232
56,2056,310523,280709,591232
57,2056,310523,280709,591232
58,2056,310523,280709,591232
59,2056,310523,280709,591232
60,2056,310523,280709,591232
61,2056,310502,280709,591211
62,2056,310542,280709,591251
63,2056,310622,280709,591331
64,2056,310711,280709,591420
65,2056,310776,280709,591485
66,2056,310677,280709,591386
67,2056,310677,280709,591386
68,2056,310677,280709,591386
69,2056,310609,280709,591318
70,2056,310583,280709,591292
71,2056,310117,280695,590812
72,2056,310465,280709,591174
73,2056,310117,280695,590812
74,2056,310117,280695,590812
75,2056,310117,280695,590812
76,2056,310117,280695,590812
77,2056,310117,280695,590812
78,2056,314312,303031,617343
79,2056,314087,303226,617313
80,2056,313783,305497,619280
81,2056,319234,305827,625061
82,2056,319234,305827,625061
83,2056,319234,305827,625061
84,2056,319234,305827,625061
85,2056,319234,305827,625061
86,2056,319234,305827,625061
87,2056,319234,305827,625061
88,2056,319234,305827,625061
89,2056,319234,305827,625061
90,2056,319234,305827,625061
91,2056,319234,305827,625061
92,2056,319234,305827,625061
93,2056,319234,305827,625061
94,2056,319234,305827,625061
95,2056,319234,305827,625061
96,2056,319234,305827,625061
97,2056,319234,305827,625061
98,2056,319234,305827,625061
99,2056,319234,305827,625061
100,2056,319234,305827,625061
0,2056,290389,273324,563713
1,2056,290357,273423,563780
2,2056,290327,273499,563826
3,2056,292216,275829,568045
4,2056,292652,275969,568621
5,2056,290429,274160,564589
6,2056,291995,274742,566737
7,2056,293131,275594,568725
8,2056,292310,275603,567913
9,2056,292239,275895,568134
10,2056,291305,275231,566536
11,2056,292658,276470,569128
12,2056,291894,275712,567606
13,2056,293818,275668,569486
14,2056,294959,275664,570623
15,2056,295329,275541,570870
16,2056,296065,275365,571430
17,2056,302452,276309,578761
18,2056,304434,277399,581833
19,2056,307640,279219,586859
20,2056,308797,280475,589272
21,2056,309191,280529,589720
22,2056,309411,280647,590058
23,2056,309775,280624,590399
24,2056,309777,280624,590401
25,2056,309777,280624,590401
26,2056,309777,280624,590401
27,2056,309777,280624,590401
28,2056,309777,280624,590401
29,2056,309777,280624,590401
30,2056,309777,280624,590401
31,2056,309777,280624,590401
32,2056,309777,280624,590401
33,2056,309777,280624,590401
34,2056,309777,280624,590401
35,2056,309777,280624,590401
36,2056,309777,280624,590401
37,2056,309777,280624,590401
38,2056,309777,280624,590401
39,2056,309777,280624,590401
40,2056,309777,280624,590401
41,2056,310523,280709,591232
42,2056,310523,280709,591232
43,2056,310523,280709,591232
44,2056,310523,280709,591232
45,2056,310523,280709,591232
46,2056,310523,280709,591232
47,2056,310523,280709,591232
48,2056,310523,280709,591232
49,2056,310523,280709,591232
50,2056,310523,280709,591232
51,2056,310523,280709,591232
52,2056,310523,280709,591232
53,2056,310523,280709,591232
54,2056,310523,280709,591232
55,2056,310523,280709,591232
56,2056,310523,280709,591232
57,2056,310523,280709,591232
58,2056,310523,280709,591232
59,2056,310523,280709,591232
60,2056,310523,280709,591232
61,2056,310502,280709,591211
62,2056,310490,280709,591199
63,2056,310622,280709,591331
64,2056,310711,280709,591420
65,2056,310776,280709,591485
66,2056,310677,280709,591386
67,2056,310677,280709,591386
68,2056,310677,280709,591386
69,2056,310609,280709,591318
70,2056,310583,280709,591292
71,2056,310117,280695,590812
72,2056,310465,280709,591174
73,2056,310117,280695,590812
74,2056,310117,280695,590812
75,2056,310117,280695,590812
76,2056,310117,280695,590812
77,2056,310117,280695,590812
78,2056,314565,303350,617915
79,2056,315463,303836,619299
80,2056,315597,307591,623188
81,2056,318475,306338,624813
82,2056,318475,306338,624813
83,2056,318475,306338,624813
84,2056,318475,306338,624813
85,2056,318475,306338,624813
86,2056,318475,306338,624813
87,2056,318475,306338,624813
88,2056,318475,306338,624813
89,2056,318475,306338,624813
90,2056,318475,306338,624813
91,2056,318475,306338,624813
92,2056,318475,306338,624813
93,2056,318475,306338,624813
94,2056,318475,306338,624813
95,2056,318475,306338,624813
96,2056,318475,306338,624813
97,2056,318475,306338,624813
98,2056,318475,306338,624813
99,2056,318475,306338,624813
100,2056,318475,306338,624813
0,2056,291577,274118,565695
1,2056,291704,274059,565763
2,2056,291728,274070,565798
3,2056,292172,275866,568038
4,2056,292520,275795,568315
5,2056,290894,274103,564997
6,2056,293029,275653,568682
7,2056,293002,275585,568587
8,2056,292514,276161,568675
9,2056,292060,275434,567494
10,2056,292373,275869,568242
11,2056,291521,275321,566842
12,2056,292700,275905,568605
13,2056,293942,275538,569480
14,2056,295205,275997,571202
15,2056,296250,275426,571676
16,2056,296330,275907,572237
17,2056,302651,276235,578886
18,2056,304622,277408,582030
19,2056,308470,279310,587780
20,2056,308804,280475,589279
21,2056,309404,280464,589868
22,2056,309411,280647,590058
23,2056,309775,280624,590399
24,2056,309777,280624,590401
25,2056,309777,280624,590401
26,2056,309777,280624,590401
27,2056,309777,280624,590401
28,2056,309777,280624,590401
29,2056,309777,280624,590401
30,2056,309777,280624,590401
31,2056,309777,280624,590401
32,2056,309777,280624,590401
33,2056,309777,280624,590401
34,2056,309777,280624,590401
35,2056,309777,280624,590401
36,2056,309777,280624,590401
37,2056,309777,280624,590401
38,2056,309777,280624,590401
39,2056,309777,280624,590401
40,2056,309777,280624,590401
41,2056,310523,280709,591232
42,2056,310523,280709,591232
43,2056,310523,280709,591232
44,2056,310523,280709,591232
45,2056,310523,280709,591232
46,2056,310523,280709,591232
47,2056,310523,280709,591232
48,2056,310523,280709,591232
49,2056,310523,280709,591232
50,2056,310523,280709,591232
51,2056,310523,280709,591232
52,2056,310523,280709,591232
53,2056,310523,280709,591232
54,2056,310523,280709,591232
55,2056,310523,280709,591232
56,2056,310523,280709,591232
57,2056,310523,280709,591232
58,2056,310523,280709,591232
59,2056,310523,280709,591232
60,2056,310523,280709,591232
61,2056,310502,280709,591211
62,2056,310482,280709,591191
63,2056,310629,280709,591338
64,2056,310711,280709,591420
65,2056,310776,280709,591485
66,2056,310677,280709,591386
67,2056,310677,280709,591386
68,2056,310677,280709,591386
69,2056,310609,280709,591318
70,2056,310583,280709,591292
71,2056,310117,280695,590812
72,2056,310465,280709,591174
73,2056,310117,280695,590812
74,2056,310117,280695,590812
75,2056,310117,280695,590812
76,2056,310117,280695,590812
77,2056,310117,280695,590812
78,2056,314748,304905,619653
79,2056,315681,305040,620721
80,2056,320100,305595,625695
81,2056,319150,304796,623946
82,2056,319150,304796,623946
83,2056,319150,304796,623946
84,2056,319150,304796,623946
85,2056,319150,304796,623946
86,2056,319150,304796,623946
87,2056,319150,304796,623946
88,2056,319150,304796,623946
89,2056,319150,304796,623946
90,2056,319150,304796,623946
91,2056,319150,304796,623946
92,2056,319150,304796,623946
93,2056,319150,304796,623946
94,2056,319150,304796,623946
95,2056,319150,304796,623946
96,2056,319150,304796,623946
97,2056,319150,304796,623946
98,2056,319150,304796,623946
99,2056,319150,304796,623946
100,2056,319150,304796,623946
0,2056,292691,275252,567943
1,2056,292737,275408,568145
2,2056,292737,275396,568133
3,2056,291909,275660,567569
4,2056,292434,275675,568109
5,2056,292224,276129,568353
6,2056,292989,275830,568819
7,2056,292884,275778,568662
8,2056,291224,275620,566844
9,2056,291990,275557,567547
10,2056,292433,276415,568848
11,2056,291391,275660,567051
12,2056,293221,276798,570019
13,2056,294261,275802,570063
14,2056,297791,275834,573625
15,2056,295951,275686,571637
16,2056,296030,275683,571713
17,2056,302367,276387,578754
18,2056,304434,277399,581833
19,2056,309346,279536,588882
20,2056,308804,280475,589279
21,2056,308966,280464,589430
22,2056,309411,280616,590027
23,2056,309775,280624,590399
24,2056,309777,280624,590401
25,2056,309777,280624,590401
26,2056,309777,280624,590401
27,2056,309777,280624,590401
28,2056,309777,280624,590401
29,2056,309777,280624,590401
30,2056,309777,280624,590401
31,2056,309777,280624,590401
32,2056,309777,280624,590401
33,2056,309777,280624,590401
34,2056,309777,280624,590401
35,2056,309777,280624,590401
36,2056,309777,280624,590401
37,2056,309777,280624,590401
38,2056,309777,280624,590401
39,2056,309777,280624,590401
40,2056,309777,280624,590401
41,2056,310523,280709,591232
42,2056,310523,280709,591232
43,2056,310523,280709,591232
44,2056,310523,280709,591232
45,2056,310523,280709,591232
46,2056,310523,280709,591232
47,2056,310523,280709,591232
48,2056,310523,280709,591232
49,2056,310523,280709,591232
50,2056,310523,280709,591232
51,2056,310523,280709,591232
52,2056,310523,280709,591232
53,2056,310523,280709,591232
54,2056,310523,280709,591232
55,2056,310523,280709,591232
56,2056,310523,280709,591232
57,2056,310523,280709,591232
58,2056,310523,280709,591232
59,2056,310523,280709,591232
60,2056,310523,280709,591232
61,2056,310502,280709,591211
62,2056,310542,280709,591251
63,2056,310629,280709,591338
64,2056,310711,280709,591420
65,2056,310776,280709,591485
66,2056,310677,280709,591386
67,2056,310677,280709,591386
68,2056,310677,280709,591386
69,2056,310609,280709,591318
70,2056,310583,280709,591292
71,2056,310117,280695,590812
72,2056,310465,280709,591174
73,2056,310117,280695,590812
74,2056,310117,280695,590812
75,2056,310117,280695,590812
76,2056,310117,280695,590812
77,2056,310117,280695,590812
78,2056,315901,306651,622552
79,2056,316557,307162,623719
80,2056,319112,306085,625197
81,2056,317302,305907,623209
82,2056,317302,305907,623209
83,2056,317302,305907,623209
84,2056,317302,305907,623209
85,2056,317302,305907,623209
86,2056,317302,305907,623209
87,2056,317302,305907,623209
88,2056,317302,305907,623209
89,2056,317302,305907,623209
90,2056,317302,305907,623209
91,2056,317302,305907,623209
92,2056,317302,305907,623209
93,2056,317302,305907,623209
94,2056,317302,305907,623209
95,2056,317302,305907,623209
96,2056,317302,305907,623209
97,2056,317302,305907,623209
98,2056,317302,305907,623209
99,2056,317302,305907,623209
100,2056,317302,305907,623209
0,2057,292160,275407,567567
1,2057,292160,275407,567567
2,2057,292156,275407,567563
3,2057,292317,275433,567750
4,2057,292459,275435,567894
5,2057,292604,275460,568064
6,2057,292715,275538,568253
7,2057,292699,275529,568228
8,2057,292688,275503,568191
9,2057,292689,275485,568174
10,2057,292704,275551,568255
11,2057,292828,275972,568800
12,2057,293342,276256,569598
13,2057,293719,276375,570094
14,2057,293758,276281,570039
15,2057,293823,276272,570095
16,2057,294123,276355,570478
17,2057,294561,276410,570971
18,2057,295789,276733,572522
19,2057,296731,278188,574919
20,2057,296795,278225,575020
21,2057,296833,278284,575117
22,2057,296862,278532,575394
23,2057,296890,278545,575435
24,2057,296890,278545,575435
25,2057,296890,278545,575435
26,2057,296890,278545,575435
27,2057,296890,278545,575435
28,2057,296890,278545,575435
29,2057,296890,278545,575435
30,2057,296890,278545,575435
31,2057,296890,278545,575435
32,2057,296890,278545,575435
33,2057,296890,278545,575435
34,2057,296890,278545,575435
35,2057,296890,278545,575435
36,2057,296890,278545,575435
37,2057,296890,278545,575435
38,2057,296890,278545,575435
39,2057,296890,278545,575435
40,2057,296890,278545,575435
41,2057,296890,278545,575435
42,2057,296890,278545,575435
43,2057,296890,278545,575435
44,2057,296890,278545,575435
45,2057,296890,278545,575435
46,2057,296881,278545,575426
47,2057,296873,278545,575418
48,2057,296873,278545,575418
49,2057,296873,278545,575418
50,2057,296873,278545,575418
51,2057,296873,278595,575468
52,2057,296873,278595,575468
53,2057,296873,278595,575468
54,2057,296873,278595,575468
55,2057,296873,278595,575468
56,2057,296873,278595,575468
57,2057,296873,278595,575468
58,2057,296873,278595,575468
59,2057,296873,278595,575468
60,2057,296873,278595,575468
61,2057,296873,278595,575468
62,2057,296873,278595,575468
63,2057,296873,278595,575468
64,2057,296825,278595,575420
65,2057,296825,278595,575420
66,2057,296738,278595,575333
67,2057,296738,278595,575333
68,2057,296472,278595,575067
69,2057,296377,278595,574972
70,2057,296237,278595,574832
71,2057,295800,278595,574395
72,2057,295800,278595,574395
73,2057,295461,278595,574056
74,2057,295423,278595,574018
75,2057,295423,278595,574018
76,2057,295423,278595,574018
77,2057,295423,278595,574018
78,2057,295423,279554,574977
79,2057,295423,279363,574786
80,2057,295423,279614,575037
81,2057,295423,279743,575166
82,2057,295423,279743,575166
83,2057,295423,279743,575166
84,2057,295423,279743,575166
85,2057,295423,279743,575166
86,2057,295423,279743,575166
87,2057,295423,279743,575166
88,2057,295423,279743,575166
89,2057,295423,279743,575166
90,2057,295423,279743,575166
91,2057,295423,279743,575166
92,2057,295423,279743,575166
93,2057,295423,279743,575166
94,2057,295423,279743,575166
95,2057,295423,279743,575166
96,2057,295423,279743,575166
97,2057,295423,279743,575166
98,2057,295423,279743,575166
99,2057,295423,279743,575166
100,2057,295423,279743,575166
0,2057,292266,275259,567525
1,2057,292266,275259,567525
2,2057,292259,275259,567518
3,2057,292436,275274,567710
4,2057,292615,275193,567808
5,2057,292741,275299,568040
6,2057,292868,275406,568274
7,2057,292842,275390,568232
8,2057,292820,275364,568184
9,2057,292815,275344,568159
10,2057,292810,275474,568284
11,2057,292862,275699,568561
12,2057,293184,275754,568938
13,2057,293704,275708,569412
14,2057,293937,275800,569737
15,2057,294124,275792,569916
16,2057,294466,275859,570325
17,2057,295672,275850,571522
18,2057,297964,276497,574461
19,2057,298821,278322,577143
20,2057,299958,278491,578449
21,2057,300126,278538,578664
22,2057,300128,279006,579134
23,2057,300136,279020,579156
24,2057,300136,279020,579156
25,2057,300136,279020,579156
26,2057,300136,279020,579156
27,2057,300136,279020,579156
28,2057,300136,279020,579156
29,2057,300136,279020,579156
30,2057,300136,279020,579156
31,2057,300136,279020,579156
32,2057,300136,279020,579156
33,2057,300136,279020,579156
34,2057,300136,279020,579156
35,2057,300136,279020,579156
36,2057,300136,279020,579156
37,2057,300136,279020,579156
38,2057,300136,279020,579156
39,2057,300136,279020,579156
40,2057,300136,279020,579156
41,2057,300136,279020,579156
42,2057,300136,279020,579156
43,2057,300136,279020,579156
44,2057,300538,279020,579558
45,2057,300538,279020,579558
46,2057,300536,279020,579556
47,2057,300528,279020,579548
48,2057,300528,279020,579548
49,2057,300528,279020,579548
50,2057,300528,279020,579548
51,2057,300528,279059,579587
52,2057,300528,279059,579587
53,2057,300528,279059,579587
54,2057,300528,279059,579587
55,2057,300528,279059,579587
56,2057,300528,279059,579587
57,2057,300528,279059,579587
58,2057,300528,279059,579587
59,2057,300528,279059,579587
60,2057,300528,279059,579587
61,2057,300528,279059,579587
62,2057,300528,279059,579587
63,2057,300528,279059,579587
64,2057,300557,279059,579616
65,2057,300557,279059,579616
66,2057,300066,279059,579125
67,2057,300008,279059,579067
68,2057,299613,279059,578672
69,2057,299663,279059,578722
70,2057,299415,279037,578452
71,2057,298888,279037,577925
72,2057,298782,279037,577819
73,2057,298283,278963,577246
74,2057,298238,278963,577201
75,2057,298238,278963,577201
76,2057,298238,278963,577201
77,2057,298238,278963,577201
78,2057,298344,280269,578613
79,2057,298259,280078,578337
80,2057,298344,280826,579170
81,2057,298338,280568,578906
82,2057,298338,280568,578906
83,2057,298338,280568,578906
84,2057,298338,280568,578906
85,2057,298338,280568,578906
86,2057,298338,280568,578906
87,2057,298338,280568,578906
88,2057,298338,280568,578906
89,2057,298338,280568,578906
90,2057,298338,280568,578906
91,2057,298338,280568,578906
92,2057,298338,280568,578906
93,2057,298338,280568,578906
94,2057,298338,280568,578906
95,2057,298338,280568,578906
96,2057,298338,280568,578906
97,2057,298338,280568,578906
98,2057,298338,280568,578906
99,2057,298338,280568,578906
100,2057,298338,280568,578906
0,2057,292274,275413,567687
1,2057,292274,275413,567687
2,2057,292266,275413,567679
3,2057,292417,275347,567764
4,2057,292716,275394,568110
5,2057,292856,275450,568306
6,2057,292910,275526,568436
7,2057,292866,275510,568376
8,2057,292838,275471,568309
9,2057,292865,275477,568342
10,2057,292819,275561,568380
11,2057,292909,275804,568713
12,2057,293366,276259,569625
13,2057,294527,276216,570743
14,2057,294776,276418,571194
15,2057,295034,276413,571447
16,2057,296135,276482,572617
17,2057,297419,276524,573943
18,2057,299982,276890,576872
19,2057,300697,278092,578789
20,2057,300794,278561,579355
21,2057,301474,278636,580110
22,2057,301310,278941,580251
23,2057,301326,278955,580281
24,2057,301326,278955,580281
25,2057,301326,278955,580281
26,2057,301326,278955,580281
27,2057,301326,278955,580281
28,2057,301326,278955,580281
29,2057,301326,278955,580281
30,2057,301326,278955,580281
31,2057,301326,278955,580281
32,2057,301326,278955,580281
33,2057,301326,278955,580281
34,2057,301326,278955,580281
35,2057,301326,278955,580281
36,2057,301326,278955,580281
37,2057,301326,278955,580281
38,2057,301326,278955,580281
39,2057,301326,278955,580281
40,2057,301326,278955,580281
41,2057,301326,278955,580281
42,2057,301326,278955,580281
43,2057,301333,278955,580288
44,2057,303077,279111,582188
45,2057,303077,279111,582188
46,2057,302118,279111,581229
47,2057,302109,279111,581220
48,2057,302109,279111,581220
49,2057,302109,279111,581220
50,2057,302109,279111,581220
51,2057,302109,279149,581258
52,2057,302109,279149,581258
53,2057,302109,279149,581258
54,2057,302109,279149,581258
55,2057,302109,279149,581258
56,2057,302109,279149,581258
57,2057,302109,279149,581258
58,2057,302109,279149,581258
59,2057,302109,279149,581258
60,2057,302109,279149,581258
61,2057,302109,279149,581258
62,2057,302109,279149,581258
63,2057,302109,279149,581258
64,2057,303056,279149,582205
65,2057,303056,279149,582205
66,2057,301751,278994,580745
67,2057,301764,278926,580690
68,2057,301625,278926,580551
69,2057,301693,278926,580619
70,2057,301698,278926,580624
71,2057,302699,279051,581750
72,2057,302614,279051,581665
73,2057,301717,279129,580846
74,2057,301717,279129,580846
75,2057,301717,279129,580846
76,2057,301717,279129,580846
77,2057,301717,279129,580846
78,2057,301618,283834,585452
79,2057,301588,283520,585108
80,2057,301523,283856,585379
81,2057,301545,283856,585401
82,2057,301545,283856,585401
83,2057,301545,283856,585401
84,2057,301545,283856,585401
85,2057,301545,283856,585401
86,2057,301545,283856,585401
87,2057,301545,283856,585401
88,2057,301545,283856,585401
89,2057,301545,283856,585401
90,2057,301545,283856,585401
91,2057,301545,283856,585401
92,2057,301545,283856,585401
93,2057,301545,283856,585401
94,2057,301545,283856,585401
95,2057,301545,283856,585401
96,2057,301545,283856,585401
97,2057,301545,283856,585401
98,2057,301545,283856,585401
99,2057,301545,283856,585401
100,2057,301545,283856,585401
0,2057,292099,274901,567000
1,2057,292099,274901,567000
2,2057,292091,274901,566992
3,2057,292300,274901,567201
4,2057,292463,274931,567394
5,2057,292518,274983,567501
6,2057,292615,275035,567650
7,2057,292607,275057,567664
8,2057,292601,275043,567644
9,2057,292574,275024,567598
10,2057,292549,275055,567604
11,2057,292624,275339,567963
12,2057,293047,275490,568537
13,2057,294584,275590,570174
14,2057,295239,275679,570918
15,2057,297561,275661,573222
16,2057,296031,275360,571391
17,2057,298511,275281,573792
18,2057,300960,276311,577271
19,2057,318140,278178,596318
20,2057,318570,278704,597274
21,2057,307169,279147,586316
22,2057,306963,279195,586158
23,2057,307025,279209,586234
24,2057,307025,279209,586234
25,2057,307025,279209,586234
26,2057,307025,279209,586234
27,2057,307025,279209,586234
28,2057,307025,279209,586234
29,2057,307025,279209,586234
30,2057,307025,279209,586234
31,2057,307025,279209,586234
32,2057,307025,279209,586234
33,2057,307025,279209,586234
34,2057,307025,279209,586234
35,2057,307025,279209,586234
36,2057,307025,279209,586234
37,2057,307025,279209,586234
38,2057,307025,279209,586234
39,2057,307025,279209,586234
40,2057,307025,279209,586234
41,2057,307025,279209,586234
42,2057,307025,279209,586234
43,2057,307025,279209,586234
44,2057,309401,279433,588834
45,2057,309401,279433,588834
46,2057,308138,279364,587502
47,2057,308207,279364,587571
48,2057,308207,279364,587571
49,2057,308207,279364,587571
50,2057,308207,279364,587571
51,2057,308198,279402,587600
52,2057,308198,279402,587600
53,2057,308198,279402,587600
54,2057,308198,279402,587600
55,2057,308198,279402,587600
56,2057,308198,279402,587600
57,2057,308198,279402,587600
58,2057,308198,279402,587600
59,2057,308198,279402,587600
60,2057,308198,279402,587600
61,2057,308198,279402,587600
62,2057,308198,279402,587600
63,2057,308198,279402,587600
64,2057,309449,279472,588921
65,2057,309538,279472,589010
66,2057,307947,279400,587347
67,2057,308227,279400,587627
68,2057,307618,279138,586756
69,2057,307735,279232,586967
70,2057,307742,279123,586865
71,2057,309127,279187,588314
72,2057,308751,279129,587880
73,2057,307179,279129,586308
74,2057,307179,279129,586308
75,2057,307179,279129,586308
76,2057,307179,279129,586308
77,2057,307179,279129,586308
78,2057,306934,286413,593347
79,2057,306862,284996,591858
80,2057,306855,286432,593287
81,2057,306855,286432,593287
82,2057,306855,286432,593287
83,2057,306855,286432,593287
84,2057,306855,286432,593287
85,2057,306855,286432,593287
86,2057,306855,286432,593287
87,2057,306855,286432,593287
88,2057,306855,286432,593287
89,2057,306855,286432,593287
90,2057,306855,286432,593287
91,2057,306855,286432,593287
92,2057,306855,286432,593287
93,2057,306855,286432,593287
94,2057,306855,286432,593287
95,2057,306855,286432,593287
96,2057,306855,286432,593287
97,2057,306855,286432,593287
98,2057,306855,286432,593287
99,2057,306855,286432,593287
100,2057,306855,286432,593287
0,2057,292414,276267,568681
1,2057,292414,276267,568681
2,2057,292410,276267,568677
3,2057,292524,276267,568791
4,2057,292770,276374,569144
5,2057,292782,276405,569187
6,2057,292777,275836,568613
7,2057,292789,275833,568622
8,2057,292809,276105,568914
9,2057,292817,276218,569035
10,2057,292752,276008,568760
11,2057,292786,276013,568799
12,2057,292637,275836,568473
13,2057,294207,275567,569774
14,2057,297544,275452,572996
15,2057,296712,275491,572203
16,2057,295873,275344,571217
17,2057,298696,275638,574334
18,2057,308040,277244,585284
19,2057,310244,279250,589494
20,2057,310992,279343,590335
21,2057,309447,279369,588816
22,2057,309498,279517,589015
23,2057,309548,279517,589065
24,2057,309548,279517,589065
25,2057,309548,279517,589065
26,2057,309548,279517,589065
27,2057,309548,279517,589065
28,2057,309548,279517,589065
29,2057,309548,279517,589065
30,2057,309548,279517,589065
31,2057,309548,279517,589065
32,2057,309548,279517,589065
33,2057,309548,279517,589065
34,2057,309548,279517,589065
35,2057,309548,279517,589065
36,2057,309548,279517,589065
37,2057,309933,279517,589450
38,2057,309933,279517,589450
39,2057,309933,279517,589450
40,2057,309933,279517,589450
41,2057,309933,279517,589450
42,2057,309933,279517,589450
43,2057,309933,279517,589450
44,2057,311218,279445,590663
45,2057,311218,279445,590663
46,2057,311078,279485,590563
47,2057,311078,279485,590563
48,2057,311078,279485,590563
49,2057,311078,279485,590563
50,2057,311078,279485,590563
51,2057,311087,279523,590610
52,2057,311087,279523,590610
53,2057,311087,279523,590610
54,2057,311087,279523,590610
55,2057,311087,279523,590610
56,2057,311087,279523,590610
57,2057,311087,279523,590610
58,2057,311087,279523,590610
59,2057,311087,279523,590610
60,2057,311087,279523,590610
61,2057,311087,279523,590610
62,2057,311087,279523,590610
63,2057,311197,279523,590720
64,2057,311402,279483,590885
65,2057,311494,279483,590977
66,2057,311142,279522,590664
67,2057,311181,279522,590703
68,2057,310276,279498,589774
69,2057,310326,279498,589824
70,2057,310257,279585,589842
71,2057,310672,279598,590270
72,2057,310683,279572,590255
73,2057,309854,279579,589433
74,2057,309854,279579,589433
75,2057,309854,279579,589433
76,2057,309854,279579,589433
77,2057,309854,279579,589433
78,2057,309223,297053,606276
79,2057,309182,295170,604352
80,2057,309215,297002,606217
81,2057,309223,297359,606582
82,2057,309223,297359,606582
83,2057,309223,297359,606582
84,2057,309223,297359,606582
85,2057,309223,297359,606582
86,2057,309223,297359,606582
87,2057,309223,297359,606582
88,2057,309223,297359,606582
89,2057,309223,297359,606582
90,2057,309223,297359,606582
91,2057,309223,297359,606582
92,2057,309223,297359,606582
93,2057,309223,297359,606582
94,2057,309223,297359,606582
95,2057,309223,297359,606582
96,2057,309223,297359,606582
97,2057,309223,297359,606582
98,2057,309223,297359,606582
99,2057,309223,297359,606582
100,2057,309223,297359,606582
0,2057,290839,275033,565872
1,2057,290839,275033,565872
2,2057,290835,275033,565868
3,2057,290937,275233,566170
4,2057,291005,274937,565942
5,2057,291046,275155,566201
6,2057,292232,276240,568472
7,2057,292199,276233,568432
8,2057,291249,275661,566910
9,2057,291199,275601,566800
10,2057,292123,276191,568314
11,2057,292361,276048,568409
12,2057,293171,276060,569231
13,2057,294126,275531,569657
14,2057,296668,275937,572605
15,2057,295244,275388,570632
16,2057,296127,275713,571840
17,2057,298662,276231,574893
18,2057,305162,277907,583069
19,2057,309543,280666,590209
20,2057,310358,280573,590931
21,2057,310236,280007,590243
22,2057,310517,280086,590603
23,2057,310504,280086,590590
24,2057,310504,280086,590590
25,2057,310504,280086,590590
26,2057,310504,280086,590590
27,2057,310504,280086,590590
28,2057,310504,280086,590590
29,2057,310504,280086,590590
30,2057,310504,280086,590590
31,2057,310504,280086,590590
32,2057,310504,280086,590590
33,2057,310504,280086,590590
34,2057,310504,280086,590590
35,2057,310504,280086,590590
36,2057,310504,280086,590590
37,2057,310568,280086,590654
38,2057,310568,280086,590654
39,2057,310568,280086,590654
40,2057,310568,280086,590654
41,2057,310949,280086,591035
42,2057,310949,280086,591035
43,2057,310949,280086,591035
44,2057,311212,280770,591982
45,2057,311212,280770,591982
46,2057,311402,280718,592120
47,2057,311402,280718,592120
48,2057,311402,280718,592120
49,2057,311402,280718,592120
50,2057,311402,280718,592120
51,2057,311402,280757,592159
52,2057,311402,280757,592159
53,2057,311402,280757,592159
54,2057,311402,280757,592159
55,2057,311402,280757,592159
56,2057,311402,280757,592159
57,2057,311402,280757,592159
58,2057,311402,280757,592159
59,2057,311402,280757,592159
60,2057,311402,280757,592159
61,2057,311402,280757,592159
62,2057,311402,280757,592159
63,2057,311500,280757,592257
64,2057,311363,280826,592189
65,2057,311724,280826,592550
66,2057,311611,280757,592368
67,2057,311478,280757,592235
68,2057,311136,280282,591418
69,2057,311224,280386,591610
70,2057,311089,280359,591448
71,2057,311023,280782,591805
72,2057,311415,280757,592172
73,2057,310475,280113,590588
74,2057,310475,280113,590588
75,2057,310475,280113,590588
76,2057,310475,280113,590588
77,2057,310475,280113,590588
78,2057,312080,301426,613506
79,2057,311717,300216,611933
80,2057,312078,301550,613628
81,2057,312097,305369,617466
82,2057,312097,305369,617466
83,2057,312097,305369,617466
84,2057,312097,305369,617466
85,2057,312097,305369,617466
86,2057,312097,305369,617466
87,2057,312097,305369,617466
88,2057,312097,305369,617466
89,2057,312097,305369,617466
90,2057,312097,305369,617466
91,2057,312097,305369,617466
92,2057,312097,305369,617466
93,2057,312097,305369,617466
94,2057,312097,305369,617466
95,2057,312097,305369,617466
96,2057,312097,305369,617466
97,2057,312097,305369,617466
98,2057,312097,305369,617466
99,2057,312097,305369,617466
100,2057,312097,305369,617466
0,2057,289659,274603,564262
1,2057,289659,274603,564262
2,2057,289665,274603,564268
3,2057,290131,274992,565123
4,2057,290075,275018,565093
5,2057,290517,275453,565970
6,2057,291142,275727,566869
7,2057,291129,275727,566856
8,2057,291983,276029,568012
9,2057,291141,275810,566951
10,2057,291146,275616,566762
11,2057,292016,276074,568090
12,2057,292897,276138,569035
13,2057,294262,276019,570281
14,2057,294683,275572,570255
15,2057,297679,275397,573076
16,2057,295993,275946,571939
17,2057,298812,276626,575438
18,2057,303893,278118,582011
19,2057,307392,280296,587688
20,2057,308113,280287,588400
21,2057,310267,280533,590800
22,2057,310619,280734,591353
23,2057,310685,280734,591419
24,2057,310685,280734,591419
25,2057,310685,280734,591419
26,2057,310685,280734,591419
27,2057,310685,280734,591419
28,2057,310685,280734,591419
29,2057,310685,280734,591419
30,2057,310685,280734,591419
31,2057,310685,280734,591419
32,2057,310685,280734,591419
33,2057,310685,280734,591419
34,2057,310685,280734,591419
35,2057,310685,280734,591419
36,2057,310685,280734,591419
37,2057,310706,280734,591440
38,2057,310706,280734,591440
39,2057,310706,280734,591440
40,2057,310706,280734,591440
41,2057,311060,280758,591818
42,2057,311060,280758,591818
43,2057,311060,280758,591818
44,2057,310515,280639,591154
45,2057,310515,280639,591154
46,2057,310557,280639,591196
47,2057,310557,280639,591196
48,2057,310557,280639,591196
49,2057,310557,280639,591196
50,2057,310557,280639,591196
51,2057,310557,280639,591196
52,2057,310557,280639,591196
53,2057,310557,280639,591196
54,2057,310557,280639,591196
55,2057,310557,280639,591196
56,2057,310557,280639,591196
57,2057,310557,280639,591196
58,2057,310557,280639,591196
59,2057,310557,280639,591196
60,2057,310557,280639,591196
61,2057,310557,280639,591196
62,2057,310557,280639,591196
63,2057,310910,280639,591549
64,2057,310761,280639,591400
65,2057,311033,280639,591672
66,2057,311135,280672,591807
67,2057,310932,280639,591571
68,2057,311116,280771,591887
69,2057,311041,280703,591744
70,2057,310992,280666,591658
71,2057,310516,280639,591155
72,2057,310473,280639,591112
73,2057,311008,280697,591705
74,2057,311008,280697,591705
75,2057,311008,280697,591705
76,2057,311008,280697,591705
77,2057,311008,280697,591705
78,2057,314470,302480,616950
79,2057,314144,302411,616555
80,2057,314352,302829,617181
81,2057,316242,304224,620466
82,2057,316242,304224,620466
83,2057,316242,304224,620466
84,2057,316242,304224,620466
85,2057,316242,304224,620466
86,2057,316242,304224,620466
87,2057,316242,304224,620466
88,2057,316242,304224,620466
89,2057,316242,304224,620466
90,2057,316242,304224,620466
91,2057,316242,304224,620466
92,2057,316242,304224,620466
93,2057,316242,304224,620466
94,2057,316242,304224,620466
95,2057,316242,304224,620466
96,2057,316242,304224,620466
97,2057,316242,304224,620466
98,2057,316242,304224,620466
99,2057,316242,304224,620466
100,2057,316242,304224,620466
0,2057,289139,272661,561800
1,2057,289139,272661,561800
2,2057,289140,272661,561801
3,2057,289119,272764,561883
4,2057,289360,272455,561815
5,2057,290329,273837,564166
6,2057,290582,275044,565626
7,2057,290513,275001,565514
8,2057,291822,275327,567149
9,2057,292040,275205,567245
10,2057,290765,275121,565886
11,2057,291646,275629,567275
12,2057,292463,275852,568315
13,2057,293960,275907,569867
14,2057,294086,274870,568956
15,2057,297101,275906,573007
16,2057,295988,275549,571537
17,2057,299178,275915,575093
18,2057,303074,277430,580504
19,2057,305532,280384,585916
20,2057,307797,280492,588289
21,2057,309263,280395,589658
22,2057,309846,280601,590447
23,2057,310066,280601,590667
24,2057,310068,280601,590669
25,2057,310068,280601,590669
26,2057,310068,280601,590669
27,2057,310068,280601,590669
28,2057,310068,280601,590669
29,2057,310068,280601,590669
30,2057,310068,280601,590669
31,2057,310068,280601,590669
32,2057,310068,280601,590669
33,2057,310068,280601,590669
34,2057,310068,280601,590669
35,2057,310068,280601,590669
36,2057,310068,280601,590669
37,2057,310106,280601,590707
38,2057,310106,280601,590707
39,2057,310106,280601,590707
40,2057,310106,280601,590707
41,2057,310504,280601,591105
42,2057,310504,280601,591105
43,2057,310504,280601,591105
44,2057,310371,280615,590986
45,2057,310371,280615,590986
46,2057,310431,280601,591032
47,2057,310431,280601,591032
48,2057,310431,280601,591032
49,2057,310431,280601,591032
50,2057,310431,280601,591032
51,2057,310431,280601,591032
52,2057,310431,280601,591032
53,2057,310431,280601,591032
54,2057,310431,280601,591032
55,2057,310431,280601,591032
56,2057,310431,280601,591032
57,2057,310431,280601,591032
58,2057,310431,280601,591032
59,2057,310431,280601,591032
60,2057,310425,280601,591026
61,2057,310396,280601,590997
62,2057,310384,280601,590985
63,2057,310452,280601,591053
64,2057,310622,280615,591237
65,2057,310565,280615,591180
66,2057,310466,280601,591067
67,2057,310560,280601,591161
68,2057,310503,280601,591104
69,2057,310459,280601,591060
70,2057,310415,280601,591016
71,2057,310321,280601,590922
72,2057,310394,280611,591005
73,2057,310297,280601,590898
74,2057,310297,280601,590898
75,2057,310297,280601,590898
76,2057,310297,280601,590898
77,2057,310297,280601,590898
78,2057,316765,303090,619855
79,2057,316576,303067,619643
80,2057,316701,303735,620436
81,2057,316971,305349,622320
82,2057,316971,305349,622320
83,2057,316971,305349,622320
84,2057,316971,305349,622320
85,2057,316971,305349,622320
86,2057,316971,305349,622320
87,2057,316971,305349,622320
88,2057,316971,305349,622320
89,2057,316971,305349,622320
90,2057,316971,305349,622320
91,2057,316971,305349,622320
92,2057,316971,305349,622320
93,2057,316971,305349,622320
94,2057,316971,305349,622320
95,2057,316971,305349,622320
96,2057,316971,305349,622320
97,2057,316971,305349,622320
98,2057,316971,305349,622320
99,2057,316971,305349,622320
100,2057,316971,305349,622320
0,2057,290394,273022,563416
1,2057,290394,272960,563354
2,2057,290359,272960,563319
3,2057,290259,272886,563145
4,2057,290454,272808,563262
5,2057,291611,274441,566052
6,2057,290844,274238,565082
7,2057,290993,274439,565432
8,2057,292558,275788,568346
9,2057,292683,276220,568903
10,2057,290916,274282,565198
11,2057,292270,275799,568069
12,2057,292527,276121,568648
13,2057,293904,275836,569740
14,2057,293814,275619,569433
15,2057,296491,275550,572041
16,2057,296013,275404,571417
17,2057,300549,276014,576563
18,2057,303703,277256,580959
19,2057,304886,279668,584554
20,2057,307763,280642,588405
21,2057,308577,280432,589009
22,2057,309209,280601,589810
23,2057,309657,280601,590258
24,2057,309658,280601,590259
25,2057,309658,280601,590259
26,2057,309658,280601,590259
27,2057,309658,280601,590259
28,2057,309658,280601,590259
29,2057,309658,280601,590259
30,2057,309658,280601,590259
31,2057,309658,280601,590259
32,2057,309658,280601,590259
33,2057,309658,280601,590259
34,2057,309658,280601,590259
35,2057,309658,280601,590259
36,2057,309658,280601,590259
37,2057,309666,280681,590347
38,2057,309666,280681,590347
39,2057,309666,280681,590347
40,2057,309666,280681,590347
41,2057,310400,280705,591105
42,2057,310400,280705,591105
43,2057,310400,280705,591105
44,2057,310418,280719,591137
45,2057,310418,280719,591137
46,2057,310454,280719,591173
47,2057,310454,280719,591173
48,2057,310454,280719,591173
49,2057,310454,280719,591173
50,2057,310454,280719,591173
51,2057,310454,280719,591173
52,2057,310454,280719,591173
53,2057,310454,280719,591173
54,2057,310454,280719,591173
55,2057,310454,280719,591173
56,2057,310454,280719,591173
57,2057,310454,280719,591173
58,2057,310454,280719,591173
59,2057,310454,280719,591173
60,2057,310454,280719,591173
61,2057,310425,280719,591144
62,2057,310355,280719,591074
63,2057,310557,280719,591276
64,2057,310622,280709,591331
65,2057,310657,280709,591366
66,2057,310551,280719,591270
67,2057,310578,280709,591287
68,2057,310595,280719,591314
69,2057,310527,280719,591246
70,2057,310501,280719,591220
71,2057,310167,280719,590886
72,2057,310365,280719,591084
73,2057,310097,280705,590802
74,2057,310097,280705,590802
75,2057,310097,280705,590802
76,2057,310097,280705,590802
77,2057,310097,280705,590802
78,2057,316031,304649,620680
79,2057,316015,304523,620538
80,2057,316491,304884,621375
81,2057,317021,307179,624200
82,2057,317021,307179,624200
83,2057,317021,307179,624200
84,2057,317021,307179,624200
85,2057,317021,307179,624200
86,2057,317021,307179,624200
87,2057,317021,307179,624200
88,2057,317021,307179,624200
89,2057,317021,307179,624200
90,2057,317021,307179,624200
91,2057,317021,307179,624200
92,2057,317021,307179,624200
93,2057,317021,307179,624200
94,2057,317021,307179,624200
95,2057,317021,307179,624200
96,2057,317021,307179,624200
97,2057,317021,307179,624200
98,2057,317021,307179,624200
99,2057,317021,307179,624200
100,2057,317021,307179,624200
0,2057,291389,273588,564977
1,2057,291361,273588,564949
2,2057,291342,273588,564930
3,2057,290486,273473,563959
4,2057,291427,273538,564965
5,2057,292690,275544,568234
6,2057,291841,274747,566588
7,2057,291918,275199,567117
8,2057,292254,275800,568054
9,2057,291248,275379,566627
10,2057,292120,274848,566968
11,2057,292386,276244,568630
12,2057,292471,275750,568221
13,2057,293842,275635,569477
14,2057,294684,275923,570607
15,2057,295202,274951,570153
16,2057,296309,275544,571853
17,2057,300680,275961,576641
18,2057,306176,277396,583572
19,2057,304844,279082,583926
20,2057,307760,280252,588012
21,2057,308575,280608,589183
22,2057,309265,280695,589960
23,2057,309759,280695,590454
24,2057,309761,280695,590456
25,2057,309761,280695,590456
26,2057,309761,280695,590456
27,2057,309761,280695,590456
28,2057,309761,280695,590456
29,2057,309761,280695,590456
30,2057,309761,280695,590456
31,2057,309761,280695,590456
32,2057,309761,280695,590456
33,2057,309761,280695,590456
34,2057,309761,280695,590456
35,2057,309761,280695,590456
36,2057,309761,280695,590456
37,2057,309760,280695,590455
38,2057,309760,280695,590455
39,2057,309760,280695,590455
40,2057,309760,280695,590455
41,2057,310532,280719,591251
42,2057,310532,280719,591251
43,2057,310532,280719,591251
44,2057,310612,280709,591321
45,2057,310612,280709,591321
46,2057,310612,280709,591321
47,2057,310612,280709,591321
48,2057,310612,280709,591321
49,2057,310612,280709,591321
50,2057,310612,280709,591321
51,2057,310612,280709,591321
52,2057,310612,280709,591321
53,2057,310612,280709,591321
54,2057,310612,280709,591321
55,2057,310612,280709,591321
56,2057,310612,280709,591321
57,2057,310612,280709,591321
58,2057,310612,280709,591321
59,2057,310612,280709,591321
60,2057,310612,280709,591321
61,2057,310583,280709,591292
62,2057,310342,280719,591061
63,2057,310663,280709,591372
64,2057,310791,280709,591500
65,2057,310817,280709,591526
66,2057,310711,280709,591420
67,2057,310719,280709,591428
68,2057,310627,280709,591336
69,2057,310569,280709,591278
70,2057,310553,280709,591262
71,2057,310114,280719,590833
72,2057,310402,280719,591121
73,2057,310099,280695,590794
74,2057,310099,280695,590794
75,2057,310099,280695,590794
76,2057,310099,280695,590794
77,2057,310099,280695,590794
78,2057,316416,306500,622916
79,2057,316414,306851,623265
80,2057,317112,306603,623715
81,2057,320548,305311,625859
82,2057,320548,305311,625859
83,2057,320548,305311,625859
84,2057,320548,305311,625859
85,2057,320548,305311,625859
86,2057,320548,305311,625859
87,2057,320548,305311,625859
88,2057,320548,305311,625859
89,2057,320548,305311,625859
90,2057,320548,305311,625859
91,2057,320548,305311,625859
92,2057,320548,305311,625859
93,2057,320548,305311,625859
94,2057,320548,305311,625859
95,2057,320548,305311,625859
96,2057,320548,305311,625859
97,2057,320548,305311,625859
98,2057,320548,305311,625859
99,2057,320548,305311,625859
100,2057,320548,305311,625859
0,2057,292751,275522,568273
1,2057,292768,275518,568286
2,2057,292769,275518,568287
3,2057,291789,274356,566145
4,2057,293025,274710,567735
5,2057,292813,276399,569212
6,2057,292765,276223,568988
7,2057,292672,276268,568940
8,2057,292330,276276,568606
9,2057,291393,275989,567382
10,2057,292673,276157,568830
11,2057,291584,275622,567206
12,2057,292581,275830,568411
13,2057,294134,275933,570067
14,2057,295041,276344,571385
15,2057,297727,275310,573037
16,2057,296109,275747,571856
17,2057,313874,275931,589805
18,2057,305144,277547,582691
19,2057,305947,279202,585149
20,2057,308539,280233,588772
21,2057,309150,280634,589784
22,2057,309340,280727,590067
23,2057,309735,280695,590430
24,2057,309736,280695,590431
25,2057,309736,280695,590431
26,2057,309736,280695,590431
27,2057,309736,280695,590431
28,2057,309736,280695,590431
29,2057,309736,280695,590431
30,2057,309736,280695,590431
31,2057,309736,280695,590431
32,2057,309736,280695,590431
33,2057,309736,280695,590431
34,2057,309736,280695,590431
35,2057,309736,280695,590431
36,2057,309736,280695,590431
37,2057,309736,280695,590431
38,2057,309736,280695,590431
39,2057,309736,280695,590431
40,2057,309736,280695,590431
41,2057,310615,280709,591324
42,2057,310615,280709,591324
43,2057,310615,280709,591324
44,2057,310580,280709,591289
45,2057,310580,280709,591289
46,2057,310589,280709,591298
47,2057,310589,280709,591298
48,2057,310589,280709,591298
49,2057,310589,280709,591298
50,2057,310589,280709,591298
51,2057,310589,280709,591298
52,2057,310589,280709,591298
53,2057,310589,280709,591298
54,2057,310589,280709,591298
55,2057,310589,280709,591298
56,2057,310589,280709,591298
57,2057,310589,280709,591298
58,2057,310589,280709,591298
59,2057,310589,280709,591298
60,2057,310589,280709,591298
61,2057,310560,280709,591269
62,2057,310362,280719,591081
63,2057,310688,280709,591397
64,2057,310777,280709,591486
65,2057,310815,280709,591524
66,2057,310706,280709,591415
67,2057,310743,280709,591452
68,2057,310757,280709,591466
69,2057,310692,280709,591401
70,2057,310676,280709,591385
71,2057,310183,280695,590878
72,2057,310549,280719,591268
73,2057,310133,280695,590828
74,2057,310133,280695,590828
75,2057,310133,280695,590828
76,2057,310133,280695,590828
77,2057,310133,280695,590828
78,2057,319143,305453,624596
79,2057,319327,305676,625003
80,2057,319274,305068,624342
81,2057,318978,306401,625379
82,2057,318978,306401,625379
83,2057,318978,306401,625379
84,2057,318978,306401,625379
85,2057,318978,306401,625379
86,2057,318978,306401,625379
87,2057,318978,306401,625379
88,2057,318978,306401,625379
89,2057,318978,306401,625379
90,2057,318978,306401,625379
91,2057,318978,306401,625379
92,2057,318978,306401,625379
93,2057,318978,306401,625379
94,2057,318978,306401,625379
95,2057,318978,306401,625379
96,2057,318978,306401,625379
97,2057,318978,306401,625379
98,2057,318978,306401,625379
99,2057,318978,306401,625379
100,2057,318978,306401,625379
0,2057,292327,275510,567837
1,2057,292327,275659,567986
2,2057,292320,275647,567967
3,2057,292875,275527,568402
4,2057,292828,275721,568549
5,2057,291154,274409,565563
6,2057,291431,275516,566947
7,2057,291405,275336,566741
8,2057,290990,275061,566051
9,2057,292128,275695,567823
10,2057,291559,275769,567328
11,2057,291377,275586,566963
12,2057,293155,276000,569155
13,2057,294189,275958,570147
14,2057,295769,275717,571486
15,2057,297153,275649,572802
16,2057,295944,275372,571316
17,2057,307331,276682,584013
18,2057,304499,277441,581940
19,2057,307335,279222,586557
20,2057,309367,280247,589614
21,2057,309425,280514,589939
22,2057,309452,280752,590204
23,2057,309762,280695,590457
24,2057,309764,280695,590459
25,2057,309764,280695,590459
26,2057,309764,280695,590459
27,2057,309764,280695,590459
28,2057,309764,280695,590459
29,2057,309764,280695,590459
30,2057,309764,280695,590459
31,2057,309764,280695,590459
32,2057,309764,280695,590459
33,2057,309764,280695,590459
34,2057,309764,280695,590459
35,2057,309764,280695,590459
36,2057,309764,280695,590459
37,2057,309738,280695,590433
38,2057,309738,280695,590433
39,2057,309738,280695,590433
40,2057,309738,280695,590433
41,2057,310581,280709,591290
42,2057,310581,280709,591290
43,2057,310581,280709,591290
44,2057,310522,280709,591231
45,2057,310522,280709,591231
46,2057,310522,280709,591231
47,2057,310522,280709,591231
48,2057,310522,280709,591231
49,2057,310522,280709,591231
50,2057,310522,280709,591231
51,2057,310522,280709,591231
52,2057,310522,280709,591231
53,2057,310522,280709,591231
54,2057,310522,280709,591231
55,2057,310522,280709,591231
56,2057,310522,280709,591231
57,2057,310522,280709,591231
58,2057,310522,280709,591231
59,2057,310522,280709,591231
60,2057,310522,280709,591231
61,2057,310493,280709,591202
62,2057,310500,280719,591219
63,2057,310622,280709,591331
64,2057,310711,280709,591420
65,2057,310854,280709,591563
66,2057,310736,280709,591445
67,2057,310677,280709,591386
68,2057,310743,280709,591452
69,2057,310668,280709,591377
70,2057,310642,280709,591351
71,2057,310117,280719,590836
72,2057,310404,280709,591113
73,2057,310176,280695,590871
74,2057,310176,280695,590871
75,2057,310176,280695,590871
76,2057,310176,280695,590871
77,2057,310176,280695,590871
78,2057,317218,306629,623847
79,2057,317604,306070,623674
80,2057,317715,306312,624027
81,2057,319435,304795,624230
82,2057,319435,304795,624230
83,2057,319435,304795,624230
84,2057,319435,304795,624230
85,2057,319435,304795,624230
86,2057,319435,304795,624230
87,2057,319435,304795,624230
88,2057,319435,304795,624230
89,2057,319435,304795,624230
90,2057,319435,304795,624230
91,2057,319435,304795,624230
92,2057,319435,304795,624230
93,2057,319435,304795,624230
94,2057,319435,304795,624230
95,2057,319435,304795,624230
96,2057,319435,304795,624230
97,2057,319435,304795,624230
98,2057,319435,304795,624230
99,2057,319435,304795,624230
100,2057,319435,304795,624230
0,2057,292237,275533,567770
1,2057,292258,275489,567747
2,2057,292255,275489,567744
3,2057,292520,275565,568085
4,2057,292646,275922,568568
5,2057,290941,274761,565702
6,2057,291650,275540,567190
7,2057,291571,275602,567173
8,2057,290150,274568,564718
9,2057,292443,275886,568329
10,2057,291915,275595,567510
11,2057,292561,275926,568487
12,2057,293011,276402,569413
13,2057,293947,275772,569719
14,2057,294479,275523,570002
15,2057,297722,275788,573510
16,2057,296132,275359,571491
17,2057,303346,276680,580026
18,2057,304374,277451,581825
19,2057,307952,279352,587304
20,2057,309700,280525,590225
21,2057,308980,280464,589444
22,2057,309470,280601,590071
23,2057,309775,280616,590391
24,2057,309777,280616,590393
25,2057,309777,280616,590393
26,2057,309777,280616,590393
27,2057,309777,280616,590393
28,2057,309777,280616,590393
29,2057,309777,280616,590393
30,2057,309777,280616,590393
31,2057,309777,280616,590393
32,2057,309777,280616,590393
33,2057,309777,280616,590393
34,2057,309777,280616,590393
35,2057,309777,280616,590393
36,2057,309777,280616,590393
37,2057,309777,280616,590393
38,2057,309777,280616,590393
39,2057,309777,280616,590393
40,2057,309777,280616,590393
41,2057,310522,280709,591231
42,2057,310522,280709,591231
43,2057,310522,280709,591231
44,2057,310523,280709,591232
45,2057,310523,280709,591232
46,2057,310523,280709,591232
47,2057,310523,280709,591232
48,2057,310523,280709,591232
49,2057,310523,280709,591232
50,2057,310523,280709,591232
51,2057,310523,280709,591232
52,2057,310523,280709,591232
53,2057,310523,280709,591232
54,2057,310523,280709,591232
55,2057,310523,280709,591232
56,2057,310523,280709,591232
57,2057,310523,280709,591232
58,2057,310523,280709,591232
59,2057,310523,280709,591232
60,2057,310523,280709,591232
61,2057,310494,280709,591203
62,2057,310481,280709,591190
63,2057,310622,280709,591331
64,2057,310711,280709,591420
65,2057,310728,280709,591437
66,2057,310677,280709,591386
67,2057,310677,280709,591386
68,2057,310677,280709,591386
69,2057,310602,280709,591311
70,2057,310576,280709,591285
71,2057,310117,280695,590812
72,2057,310481,280719,591200
73,2057,310143,280719,590862
74,2057,310143,280719,590862
75,2057,310143,280719,590862
76,2057,310143,280719,590862
77,2057,310143,280719,590862
78,2057,319280,304872,624152
79,2057,317218,306403,623621
80,2057,318885,305538,624423
81,2057,315816,304901,620717
82,2057,315816,304901,620717
83,2057,315816,304901,620717
84,2057,315816,304901,620717
85,2057,315816,304901,620717
86,2057,315816,304901,620717
87,2057,315816,304901,620717
88,2057,315816,304901,620717
89,2057,315816,304901,620717
90,2057,315816,304901,620717
91,2057,315816,304901,620717
92,2057,315816,304901,620717
93,2057,315816,304901,620717
94,2057,315816,304901,620717
95,2057,315816,304901,620717
96,2057,315816,304901,620717
97,2057,315816,304901,620717
98,2057,315816,304901,620717
99,2057,315816,304901,620717
100,2057,315816,304901,620717
0,2057,292050,274642,566692
1,2057,291992,274566,566558
2,2057,292049,274566,566615
3,2057,292288,275393,567681
4,2057,292350,275433,567783
5,2057,291665,275418,567083
6,2057,292616,275683,568299
7,2057,292591,275714,568305
8,2057,289388,272724,562112
9,2057,292120,275796,567916
10,2057,292494,275697,568191
11,2057,292571,276455,569026
12,2057,292461,275605,568066
13,2057,293891,275625,569516
14,2057,294576,275565,570141
15,2057,296947,275357,572304
16,2057,296197,275623,571820
17,2057,302139,276579,578718
18,2057,304368,277408,581776
19,2057,309074,279536,588610
20,2057,308796,280425,589221
21,2057,308818,280514,589332
22,2057,309431,280601,590032
23,2057,309749,280616,590365
24,2057,309751,280616,590367
25,2057,309751,280616,590367
26,2057,309751,280616,590367
27,2057,309751,280616,590367
28,2057,309751,280616,590367
29,2057,309751,280616,590367
30,2057,309751,280616,590367
31,2057,309751,280616,590367
32,2057,309751,280616,590367
33,2057,309751,280616,590367
34,2057,309751,280616,590367
35,2057,309751,280616,590367
36,2057,309751,280616,590367
37,2057,309751,280616,590367
38,2057,309751,280616,590367
39,2057,309751,280616,590367
40,2057,309751,280616,590367
41,2057,310523,280709,591232
42,2057,310523,280709,591232
43,2057,310523,280709,591232
44,2057,310523,280709,591232
45,2057,310523,280709,591232
46,2057,310523,280709,591232
47,2057,310523,280709,591232
48,2057,310523,280709,591232
49,2057,310523,280709,591232
50,2057,310523,280709,591232
51,2057,310523,280709,591232
52,2057,310523,280709,591232
53,2057,310523,280709,591232
54,2057,310523,280709,591232
55,2057,310523,280709,591232
56,2057,310523,280709,591232
57,2057,310523,280709,591232
58,2057,310523,280709,591232
59,2057,310523,280709,591232
60,2057,310523,280709,591232
61,2057,310502,280709,591211
62,2057,310533,280709,591242
63,2057,310629,280709,591338
64,2057,310711,280709,591420
65,2057,310748,280709,591457
66,2057,310677,280709,591386
67,2057,310677,280709,591386
68,2057,310677,280709,591386
69,2057,310602,280709,591311
70,2057,310576,280709,591285
71,2057,310117,280695,590812
72,2057,310465,280709,591174
73,2057,310117,280719,590836
74,2057,310117,280719,590836
75,2057,310117,280719,590836
76,2057,310117,280719,590836
77,2057,310117,280719,590836
78,2057,317018,305496,622514
79,2057,319763,304916,624679
80,2057,316558,305659,622217
81,2057,315093,304229,619322
82,2057,315093,304229,619322
83,2057,315093,304229,619322
84,2057,315093,304229,619322
85,2057,315093,304229,619322
86,2057,315093,304229,619322
87,2057,315093,304229,619322
88,2057,315093,304229,619322
89,2057,315093,304229,619322
90,2057,315093,304229,619322
91,2057,315093,304229,619322
92,2057,315093,304229,619322
93,2057,315093,304229,619322
94,2057,315093,304229,619322
95,2057,315093,304229,619322
96,2057,315093,304229,619322
97,2057,315093,304229,619322
98,2057,315093,304229,619322
99,2057,315093,304229,619322
100,2057,315093,304229,619322
0,2057,292467,275809,568276
1,2057,292460,275777,568237
2,2057,292457,275777,568234
3,2057,292245,275154,567399
4,2057,292274,275644,567918
5,2057,292620,276606,569226
6,2057,292731,276392,569123
7,2057,292547,276434,568981
8,2057,290424,273014,563438
9,2057,292125,275680,567805
10,2057,292649,276206,568855
11,2057,291627,275325,566952
12,2057,292214,276093,568307
13,2057,294275,275933,570208
14,2057,294898,275677,570575
15,2057,296696,275498,572194
16,2057,296083,275608,571691
17,2057,302392,276114,578506
18,2057,304800,277408,582208
19,2057,308341,280112,588453
20,2057,308246,280444,588690
21,2057,308721,280514,589235
22,2057,309400,280616,590016
23,2057,309775,280616,590391
24,2057,309777,280616,590393
25,2057,309777,280616,590393
26,2057,309777,280616,590393
27,2057,309777,280616,590393
28,2057,309777,280616,590393
29,2057,309777,280616,590393
30,2057,309777,280616,590393
31,2057,309777,280616,590393
32,2057,309777,280616,590393
33,2057,309777,280616,590393
34,2057,309777,280616,590393
35,2057,309777,280616,590393
36,2057,309777,280616,590393
37,2057,309751,280616,590367
38,2057,309751,280616,590367
39,2057,309751,280616,590367
40,2057,309751,280616,590367
41,2057,310523,280709,591232
42,2057,310523,280709,591232
43,2057,310523,280709,591232
44,2057,310523,280709,591232
45,2057,310523,280709,591232
46,2057,310523,280709,591232
47,2057,310523,280709,591232
48,2057,310523,280709,591232
49,2057,310523,280709,591232
50,2057,310523,280709,591232
51,2057,310523,280709,591232
52,2057,310523,280709,591232
53,2057,310523,280709,591232
54,2057,310523,280709,591232
55,2057,310523,280709,591232
56,2057,310523,280709,591232
57,2057,310523,280709,591232
58,2057,310523,280709,591232
59,2057,310523,280709,591232
60,2057,310523,280709,591232
61,2057,310502,280709,591211
62,2057,310490,280709,591199
63,2057,310629,280709,591338
64,2057,310711,280709,591420
65,2057,310728,280709,591437
66,2057,310677,280709,591386
67,2057,310677,280709,591386
68,2057,310677,280709,591386
69,2057,310609,280709,591318
70,2057,310583,280709,591292
71,2057,310117,280695,590812
72,2057,310465,280709,591174
73,2057,310117,280695,590812
74,2057,310117,280695,590812
75,2057,310117,280695,590812
76,2057,310117,280695,590812
77,2057,310117,280695,590812
78,2057,315589,306728,622317
79,2057,317850,304290,622140
80,2057,315286,304700,619986
81,2057,313486,303270,616756
82,2057,313486,303270,616756
83,2057,313486,303270,616756
84,2057,313486,303270,616756
85,2057,313486,303270,616756
86,2057,313486,303270,616756
87,2057,313486,303270,616756
88,2057,313486,303270,616756
89,2057,313486,303270,616756
90,2057,313486,303270,616756
91,2057,313486,303270,616756
92,2057,313486,303270,616756
93,2057,313486,303270,616756
94,2057,313486,303270,616756
95,2057,313486,303270,616756
96,2057,313486,303270,616756
97,2057,313486,303270,616756
98,2057,313486,303270,616756
99,2057,313486,303270,616756
100,2057,313486,303270,616756
0,2057,292071,275839,567910
1,2057,292089,275900,567989
2,2057,292086,275900,567986
3,2057,292381,275949,568330
4,2057,292447,276194,568641
5,2057,291076,274117,565193
6,2057,291032,274854,565886
7,2057,290997,274886,565883
8,2057,291455,273560,565015
9,2057,292220,275875,568095
10,2057,291207,275214,566421
11,2057,291288,275553,566841
12,2057,293021,276358,569379
13,2057,294152,276089,570241
14,2057,295132,275773,570905
15,2057,295672,275405,571077
16,2057,296009,275276,571285
17,2057,303498,276207,579705
18,2057,304580,277399,581979
19,2057,307593,280366,587959
20,2057,308648,280447,589095
21,2057,309185,280529,589714
22,2057,309411,280647,590058
23,2057,309775,280616,590391
24,2057,309777,280624,590401
25,2057,309777,280624,590401
26,2057,309777,280624,590401
27,2057,309777,280624,590401
28,2057,309777,280624,590401
29,2057,309777,280624,590401
30,2057,309777,280624,590401
31,2057,309777,280624,590401
32,2057,309777,280624,590401
33,2057,309777,280624,590401
34,2057,309777,280624,590401
35,2057,309777,280624,590401
36,2057,309777,280624,590401
37,2057,309777,280616,590393
38,2057,309777,280616,590393
39,2057,309777,280616,590393
40,2057,309777,280616,590393
41,2057,310523,280709,591232
42,2057,310523,280709,591232
43,2057,310523,280709,591232
44,2057,310523,280709,591232
45,2057,310523,280709,591232
46,2057,310523,280709,591232
47,2057,310523,280709,591232
48,2057,310523,280709,591232
49,2057,310523,280709,591232
50,2057,310523,280709,591232
51,2057,310523,280709,591232
52,2057,310523,280709,591232
53,2057,310523,280709,591232
54,2057,310523,280709,591232
55,2057,310523,280709,591232
56,2057,310523,280709,591232
57,2057,310523,280709,591232
58,2057,310523,280709,591232
59,2057,310523,280709,591232
60,2057,310523,280709,591232
61,2057,310502,280709,591211
62,2057,310482,280709,591191
63,2057,310622,280709,591331
64,2057,310711,280709,591420
65,2057,310776,280709,591485
66,2057,310677,280709,591386
67,2057,310677,280709,591386
68,2057,310677,280709,591386
69,2057,310609,280709,591318
70,2057,310583,280709,591292
71,2057,310117,280695,590812
72,2057,310465,280709,591174
73,2057,310117,280695,590812
74,2057,310117,280695,590812
75,2057,310117,280695,590812
76,2057,310117,280695,590812
77,2057,310117,280695,590812
78,2057,319253,303696,622949
79,2057,314882,303302,618184
80,2057,314483,304209,618692
81,2057,313400,302807,616207
82,2057,313400,302807,616207
83,2057,313400,302807,616207
84,2057,313400,302807,616207
85,2057,313400,302807,616207
86,2057,313400,302807,616207
87,2057,313400,302807,616207
88,2057,313400,302807,616207
89,2057,313400,302807,616207
90,2057,313400,302807,616207
91,2057,313400,302807,616207
92,2057,313400,302807,616207
93,2057,313400,302807,616207
94,2057,313400,302807,616207
95,2057,313400,302807,616207
96,2057,313400,302807,616207
97,2057,313400,302807,616207
98,2057,313400,302807,616207
99,2057,313400,302807,616207
100,2057,313400,302807,616207
0,2057,291929,276118,568047
1,2057,292050,276184,568234
2,2057,292024,276184,568208
3,2057,292099,275673,567772
4,2057,291120,275219,566339
5,2057,290898,274381,565279
6,2057,290201,274869,565070
7,2057,289966,274416,564382
8,2057,293136,274868,568004
9,2057,292151,275983,568134
10,2057,291191,275417,566608
11,2057,292570,276264,568834
12,2057,292503,275712,568215
13,2057,293667,275662,569329
14,2057,296166,275731,571897
15,2057,295497,275115,570612
16,2057,296079,275458,571537
17,2057,303229,276582,579811
18,2057,304477,277399,581876
19,2057,306568,280199,586767
20,2057,308456,280490,588946
21,2057,309412,280464,589876
22,2057,309419,280647,590066
23,2057,309775,280624,590399
24,2057,309777,280624,590401
25,2057,309777,280624,590401
26,2057,309777,280624,590401
27,2057,309777,280624,590401
28,2057,309777,280624,590401
29,2057,309777,280624,590401
30,2057,309777,280624,590401
31,2057,309777,280624,590401
32,2057,309777,280624,590401
33,2057,309777,280624,590401
34,2057,309777,280624,590401
35,2057,309777,280624,590401
36,2057,309777,280624,590401
37,2057,309777,280624,590401
38,2057,309777,280624,590401
39,2057,309777,280624,590401
40,2057,309777,280624,590401
41,2057,310523,280709,591232
42,2057,310523,280709,591232
43,2057,310523,280709,591232
44,2057,310523,280709,591232
45,2057,310523,280709,591232
46,2057,310523,280709,591232
47,2057,310523,280709,591232
48,2057,310523,280709,591232
49,2057,310523,280709,591232
50,2057,310523,280709,591232
51,2057,310523,280709,591232
52,2057,310523,280709,591232
53,2057,310523,280709,591232
54,2057,310523,280709,591232
55,2057,310523,280709,591232
56,2057,310523,280709,591232
57,2057,310523,280709,591232
58,2057,310523,280709,591232
59,2057,310523,280709,591232
60,2057,310523,280709,591232
61,2057,310502,280709,591211
62,2057,310542,280709,591251
63,2057,310622,280709,591331
64,2057,310711,280709,591420
65,2057,310776,280709,591485
66,2057,310677,280709,591386
67,2057,310677,280709,591386
68,2057,310677,280709,591386
69,2057,310609,280709,591318
70,2057,310583,280709,591292
71,2057,310117,280695,590812
72,2057,310465,280709,591174
73,2057,310117,280695,590812
74,2057,310117,280695,590812
75,2057,310117,280695,590812
76,2057,310117,280695,590812
77,2057,310117,280695,590812
78,2057,315391,302409,617800
79,2057,313281,301886,615167
80,2057,313582,303403,616985
81,2057,313300,302781,616081
82,2057,313300,302781,616081
83,2057,313300,302781,616081
84,2057,313300,302781,616081
85,2057,313300,302781,616081
86,2057,313300,302781,616081
87,2057,313300,302781,616081
88,2057,313300,302781,616081
89,2057,313300,302781,616081
90,2057,313300,302781,616081
91,2057,313300,302781,616081
92,2057,313300,302781,616081
93,2057,313300,302781,616081
94,2057,313300,302781,616081
95,2057,313300,302781,616081
96,2057,313300,302781,616081
97,2057,313300,302781,616081
98,2057,313300,302781,616081
99,2057,313300,302781,616081
100,2057,313300,302781,616081
0,2057,290678,274865,565543
1,2057,290646,274600,565246
2,2057,290646,274600,565246
3,2057,292028,275935,567963
4,2057,290806,274931,565737
5,2057,291693,275335,567028
6,2057,289512,272972,562484
7,2057,289426,272773,562199
8,2057,292970,275895,568865
9,2057,292042,275514,567556
10,2057,292198,275741,567939
11,2057,291715,275941,567656
12,2057,292280,275815,568095
13,2057,293958,275737,569695
14,2057,295390,275951,571341
15,2057,295576,275625,571201
16,2057,296316,275830,572146
17,2057,302965,276281,579246
18,2057,304630,277408,582038
19,2057,305272,279385,584657
20,2057,308843,280475,589318
21,2057,308966,280464,589430
22,2057,309419,280616,590035
23,2057,309775,280616,590391
24,2057,309777,280616,590393
25,2057,309777,280616,590393
26,2057,309777,280616,590393
27,2057,309777,280616,590393
28,2057,309777,280616,590393
29,2057,309777,280616,590393
30,2057,309777,280616,590393
31,2057,309777,280616,590393
32,2057,309777,280616,590393
33,2057,309777,280616,590393
34,2057,309777,280616,590393
35,2057,309777,280616,590393
36,2057,309777,280616,590393
37,2057,309777,280616,590393
38,2057,309777,280616,590393
39,2057,309777,280616,590393
40,2057,309777,280616,590393
41,2057,310523,280709,591232
42,2057,310523,280709,591232
43,2057,310523,280709,591232
44,2057,310523,280709,591232
45,2057,310523,280709,591232
46,2057,310523,280709,591232
47,2057,310523,280709,591232
48,2057,310523,280709,591232
49,2057,310523,280709,591232
50,2057,310523,280709,591232
51,2057,310523,280709,591232
52,2057,310523,280709,591232
53,2057,310523,280709,591232
54,2057,310523,280709,591232
55,2057,310523,280709,591232
56,2057,310523,280709,591232
57,2057,310523,280709,591232
58,2057,310523,280709,591232
59,2057,310523,280709,591232
60,2057,310523,280709,591232
61,2057,310502,280709,591211
62,2057,310490,280709,591199
63,2057,310629,280709,591338
64,2057,310711,280709,591420
65,2057,310776,280709,591485
66,2057,310677,280709,591386
67,2057,310677,280709,591386
68,2057,310677,280709,591386
69,2057,310609,280709,591318
70,2057,310583,280709,591292
71,2057,310117,280695,590812
72,2057,310465,280709,591174
73,2057,310117,280695,590812
74,2057,310117,280695,590812
75,2057,310117,280695,590812
76,2057,310117,280695,590812
77,2057,310117,280695,590812
78,2057,314163,302133,616296
79,2057,313574,301568,615142
80,2057,313325,302887,616212
81,2057,314143,304623,618766
82,2057,314143,304623,618766
83,2057,314143,304623,618766
84,2057,314143,304623,618766
85,2057,314143,304623,618766
86,2057,314143,304623,618766
87,2057,314143,304623,618766
88,2057,314143,304623,618766
89,2057,314143,304623,618766
90,2057,314143,304623,618766
91,2057,314143,304623,618766
92,2057,314143,304623,618766
93,2057,314143,304623,618766
94,2057,314143,304623,618766
95,2057,314143,304623,618766
96,2057,314143,304623,618766
97,2057,314143,304623,618766
98,2057,314143,304623,618766
99,2057,314143,304623,618766
100,2057,314143,304623,618766
0,2057,289630,273527,563157
1,2057,289084,272978,562062
2,2057,289096,272978,562074
3,2057,291944,275546,567490
4,2057,290744,274239,564983
5,2057,292628,276596,569224
6,2057,290215,273130,563345
7,2057,290379,273170,563549
8,2057,292789,275868,568657
9,2057,292007,275599,567606
10,2057,292516,276305,568821
11,2057,291831,275642,567473
12,2057,293193,276213,569406
13,2057,294133,275848,569981
14,2057,294756,275557,570313
15,2057,295875,275849,571724
16,2057,296104,275804,571908
17,2057,302976,276373,579349
18,2057,304434,277399,581833
19,2057,305026,279291,584317
20,2057,308802,280475,589277
21,2057,308820,280514,589334
22,2057,309407,280616,590023
23,2057,309775,280624,590399
24,2057,309777,280624,590401
25,2057,309777,280624,590401
26,2057,309777,280624,590401
27,2057,309777,280624,590401
28,2057,309777,280624,590401
29,2057,309777,280624,590401
30,2057,309777,280624,590401
31,2057,309777,280624,590401
32,2057,309777,280624,590401
33,2057,309777,280624,590401
34,2057,309777,280624,590401
35,2057,309777,280624,590401
36,2057,309777,280624,590401
37,2057,309777,280616,590393
38,2057,309777,280616,590393
39,2057,309777,280616,590393
40,2057,309777,280616,590393
41,2057,310523,280709,591232
42,2057,310523,280709,591232
43,2057,310523,280709,591232
44,2057,310523,280709,591232
45,2057,310523,280709,591232
46,2057,310523,280709,591232
47,2057,310523,280709,591232
48,2057,310523,280709,591232
49,2057,310523,280709,591232
50,2057,310523,280709,591232
51,2057,310523,280709,591232
52,2057,310523,280709,591232
53,2057,310523,280709,591232
54,2057,310523,280709,591232
55,2057,310523,280709,591232
56,2057,310523,280709,591232
57,2057,310523,280709,591232
58,2057,310523,280709,591232
59,2057,310523,280709,591232
60,2057,310523,280709,591232
61,2057,310502,280709,591211
62,2057,310482,280709,591191
63,2057,310629,280709,591338
64,2057,310711,280709,591420
65,2057,310776,280709,591485
66,2057,310677,280709,591386
67,2057,310677,280709,591386
68,2057,310677,280709,591386
69,2057,310609,280709,591318
70,2057,310583,280709,591292
71,2057,310117,280695,590812
72,2057,310465,280709,591174
73,2057,310117,280695,590812
74,2057,310117,280695,590812
75,2057,310117,280695,590812
76,2057,310117,280695,590812
77,2057,310117,280695,590812
78,2057,312824,302255,615079
79,2057,312361,301855,614216
80,2057,313545,304204,617749
81,2057,315175,307024,622199
82,2057,315175,307024,622199
83,2057,315175,307024,622199
84,2057,315175,307024,622199
85,2057,315175,307024,622199
86,2057,315175,307024,622199
87,2057,315175,307024,622199
88,2057,315175,307024,622199
89,2057,315175,307024,622199
90,2057,315175,307024,622199
91,2057,315175,307024,622199
92,2057,315175,307024,622199
93,2057,315175,307024,622199
94,2057,315175,307024,622199
95,2057,315175,307024,622199
96,2057,315175,307024,622199
97,2057,315175,307024,622199
98,2057,315175,307024,622199
99,2057,315175,307024,622199
100,2057,315175,307024,622199
0,2057,289931,272729,562660
1,2057,289934,272911,562845
2,2057,289982,272952,562934
3,2057,292195,275576,567771
4,2057,291187,274432,565619
5,2057,291032,274005,565037
6,2057,290574,273727,564301
7,2057,291554,273847,565401
8,2057,292191,275275,567466
9,2057,292300,275900,568200
10,2057,291218,275119,566337
11,2057,292350,275661,568011
12,2057,292533,276111,568644
13,2057,294243,276045,570288
14,2057,294509,275322,569831
15,2057,295696,275954,571650
16,2057,295745,275365,571110
17,2057,302787,276624,579411
18,2057,304700,277408,582108
19,2057,305830,279172,585002
20,2057,308798,280475,589273
21,2057,308721,280514,589235
22,2057,309400,280616,590016
23,2057,309775,280624,590399
24,2057,309777,280624,590401
25,2057,309777,280624,590401
26,2057,309777,280624,590401
27,2057,309777,280624,590401
28,2057,309777,280624,590401
29,2057,309777,280624,590401
30,2057,309777,280624,590401
31,2057,309777,280624,590401
32,2057,309777,280624,590401
33,2057,309777,280624,590401
34,2057,309777,280624,590401
35,2057,309777,280624,590401
36,2057,309777,280624,590401
37,2057,309777,280624,590401
38,2057,309777,280624,590401
39,2057,309777,280624,590401
40,2057,309777,280624,590401
41,2057,310523,280709,591232
42,2057,310523,280709,591232
43,2057,310523,280709,591232
44,2057,310523,280709,591232
45,2057,310523,280709,591232
46,2057,310523,280709,591232
47,2057,310523,280709,591232
48,2057,310523,280709,591232
49,2057,310523,280709,591232
50,2057,310523,280709,591232
51,2057,310523,280709,591232
52,2057,310523,280709,591232
53,2057,310523,280709,591232
54,2057,310523,280709,591232
55,2057,310523,280709,591232
56,2057,310523,280709,591232
57,2057,310523,280709,591232
58,2057,310523,280709,591232
59,2057,310523,280709,591232
60,2057,310523,280709,591232
61,2057,310502,280709,591211
62,2057,310542,280709,591251
63,2057,310622,280709,591331
64,2057,310711,280709,591420
65,2057,310776,280709,591485
66,2057,310677,280709,591386
67,2057,310677,280709,591386
68,2057,310677,280709,591386
69,2057,310609,280709,591318
70,2057,310583,280709,591292
71,2057,310117,280695,590812
72,2057,310465,280709,591174
73,2057,310117,280695,590812
74,2057,310117,280695,590812
75,2057,310117,280695,590812
76,2057,310117,280695,590812
77,2057,310117,280695,590812
78,2057,314312,303031,617343
79,2057,314087,303226,617313
80,2057,313783,305497,619280
81,2057,319234,305827,625061
82,2057,319234,305827,625061
83,2057,319234,305827,625061
84,2057,319234,305827,625061
85,2057,319234,305827,625061
86,2057,319234,305827,625061
87,2057,319234,305827,625061
88,2057,319234,305827,625061
89,2057,319234,305827,625061
90,2057,319234,305827,625061
91,2057,319234,305827,625061
92,2057,319234,305827,625061
93,2057,319234,305827,625061
94,2057,319234,305827,625061
95,2057,319234,305827,625061
96,2057,319234,305827,625061
97,2057,319234,305827,625061
98,2057,319234,305827,625061
99,2057,319234,305827,625061
100,2057,319234,305827,625061
0,2057,290389,273324,563713
1,2057,290357,273423,563780
2,2057,290327,273499,563826
3,2057,292216,275829,568045
4,2057,292652,275969,568621
5,2057,290429,274160,564589
6,2057,291995,274742,566737
7,2057,293131,275594,568725
8,2057,292310,275603,567913
9,2057,292239,275895,568134
10,2057,291305,275231,566536
11,2057,292658,276470,569128
12,2057,291894,275712,567606
13,2057,293818,275668,569486
14,2057,294959,275664,570623
15,2057,295329,275541,570870
16,2057,296065,275365,571430
17,2057,302452,276309,578761
18,2057,304434,277399,581833
19,2057,307640,279219,586859
20,2057,308797,280475,589272
21,2057,309191,280529,589720
22,2057,309411,280647,590058
23,2057,309775,280624,590399
24,2057,309777,280624,590401
25,2057,309777,280624,590401
26,2057,309777,280624,590401
27,2057,309777,280624,590401
28,2057,309777,280624,590401
29,2057,309777,280624,590401
30,2057,309777,280624,590401
31,2057,309777,280624,590401
32,2057,309777,280624,590401
33,2057,309777,280624,590401
34,2057,309777,280624,590401
35,2057,309777,280624,590401
36,2057,309777,280624,590401
37,2057,309777,280624,590401
38,2057,309777,280624,590401
39,2057,309777,280624,590401
40,2057,309777,280624,590401
41,2057,310523,280709,591232
42,2057,310523,280709,591232
43,2057,310523,280709,591232
44,2057,310523,280709,591232
45,2057,310523,280709,591232
46,2057,310523,280709,591232
47,2057,310523,280709,591232
48,2057,310523,280709,591232
49,2057,310523,280709,591232
50,2057,310523,280709,591232
51,2057,310523,280709,591232
52,2057,310523,280709,591232
53,2057,310523,280709,591232
54,2057,310523,280709,591232
55,2057,310523,280709,591232
56,2057,310523,280709,591232
57,2057,310523,280709,591232
58,2057,310523,280709,591232
59,2057,310523,280709,591232
60,2057,310523,280709,591232
61,2057,310502,280709,591211
62,2057,310490,280709,591199
63,2057,310622,280709,591331
64,2057,310711,280709,591420
65,2057,310776,280709,591485
66,2057,310677,280709,591386
67,2057,310677,280709,591386
68,2057,310677,280709,591386
69,2057,310609,280709,591318
70,2057,310583,280709,591292
71,2057,310117,280695,590812
72,2057,310465,280709,591174
73,2057,310117,280695,590812
74,2057,310117,280695,590812
75,2057,310117,280695,590812
76,2057,310117,280695,590812
77,2057,310117,280695,590812
78,2057,314565,303350,617915
79,2057,315463,303836,619299
80,2057,315597,307591,623188
81,2057,318475,306338,624813
82,2057,318475,306338,624813
83,2057,318475,306338,624813
84,2057,318475,306338,624813
85,2057,318475,306338,624813
86,2057,318475,306338,624813
87,2057,318475,306338,624813
88,2057,318475,306338,624813
89,2057,318475,306338,624813
90,2057,318475,306338,624813
91,2057,318475,306338,624813
92,2057,318475,306338,624813
93,2057,318475,306338,624813
94,2057,318475,306338,624813
95,2057,318475,306338,624813
96,2057,318475,306338,624813
97,2057,318475,306338,624813
98,2057,318475,306338,624813
99,2057,318475,306338,624813
100,2057,318475,306338,624813
0,2057,291577,274118,565695
1,2057,291704,274059,565763
2,2057,291728,274070,565798
3,2057,292172,275866,568038
4,2057,292520,275795,568315
5,2057,290894,274103,564997
6,2057,293029,275653,568682
7,2057,293002,275585,568587
8,2057,292514,276161,568675
9,2057,292060,275434,567494
10,2057,292373,275869,568242
11,2057,291521,275321,566842
12,2057,292700,275905,568605
13,2057,293942,275538,569480
14,2057,295205,275997,571202
15,2057,296250,275426,571676
16,2057,296330,275907,572237
17,2057,302651,276235,578886
18,2057,304622,277408,582030
19,2057,308470,279310,587780
20,2057,308804,280475,589279
21,2057,309404,280464,589868
22,2057,309411,280647,590058
23,2057,309775,280624,590399
24,2057,309777,280624,590401
25,2057,309777,280624,590401
26,2057,309777,280624,590401
27,2057,309777,280624,590401
28,2057,309777,280624,590401
29,2057,309777,280624,590401
30,2057,309777,280624,590401
31,2057,309777,280624,590401
32,2057,309777,280624,590401
33,2057,309777,280624,590401
34,2057,309777,280624,590401
35,2057,309777,280624,590401
36,2057,309777,280624,590401
37,2057,309777,280624,590401
38,2057,309777,280624,590401
39,2057,309777,280624,590401
40,2057,309777,280624,590401
41,2057,310523,280709,591232
42,2057,310523,280709,591232
43,2057,310523,280709,591232
44,2057,310523,280709,591232
45,2057,310523,280709,591232
46,2057,310523,280709,591232
47,2057,310523,280709,591232
48,2057,310523,280709,591232
49,2057,310523,280709,591232
50,2057,310523,280709,591232
51,2057,310523,280709,591232
52,2057,310523,280709,591232
53,2057,310523,280709,591232
54,2057,310523,280709,591232
55,2057,310523,280709,591232
56,2057,310523,280709,591232
57,2057,310523,280709,591232
58,2057,310523,280709,591232
59,2057,310523,280709,591232
60,2057,310523,280709,591232
61,2057,310502,280709,591211
62,2057,310482,280709,591191
63,2057,310629,280709,591338
64,2057,310711,280709,591420
65,2057,310776,280709,591485
66,2057,310677,280709,591386
67,2057,310677,280709,591386
68,2057,310677,280709,591386
69,2057,310609,280709,591318
70,2057,310583,280709,591292
71,2057,310117,280695,590812
72,2057,310465,280709,591174
73,2057,310117,280695,590812
74,2057,310117,280695,590812
75,2057,310117,280695,590812
76,2057,310117,280695,590812
77,2057,310117,280695,590812
78,2057,314748,304905,619653
79,2057,315681,305040,620721
80,2057,320100,305595,625695
81,2057,319150,304796,623946
82,2057,319150,304796,623946
83,2057,319150,304796,623946
84,2057,319150,304796,623946
85,2057,319150,304796,623946
86,2057,319150,304796,623946
87,2057,319150,304796,623946
88,2057,319150,304796,623946
89,2057,319150,304796,623946
90,2057,319150,304796,623946
91,2057,319150,304796,623946
92,2057,319150,304796,623946
93,2057,319150,304796,623946
94,2057,319150,304796,623946
95,2057,319150,304796,623946
96,2057,319150,304796,623946
97,2057,319150,304796,623946
98,2057,319150,304796,623946
99,2057,319150,304796,623946
100,2057,319150,304796,623946
0,2057,292691,275252,567943
1,2057,292737,275408,568145
2,2057,292737,275396,568133
3,2057,291909,275660,567569
4,2057,292434,275675,568109
5,2057,292224,276129,568353
6,2057,292989,275830,568819
7,2057,292884,275778,568662
8,2057,291224,275620,566844
9,2057,291990,275557,567547
10,2057,292433,276415,568848
11,2057,291391,275660,567051
12,2057,293221,276798,570019
13,2057,294261,275802,570063
14,2057,297791,275834,573625
15,2057,295951,275686,571637
16,2057,296030,275683,571713
17,2057,302367,276387,578754
18,2057,304434,277399,581833
19,2057,309346,279536,588882
20,2057,308804,280475,589279
21,2057,308966,280464,589430
22,2057,309411,280616,590027
23,2057,309775,280624,590399
24,2057,309777,280624,590401
25,2057,309777,280624,590401
26,2057,309777,280624,590401
27,2057,309777,280624,590401
28,2057,309777,280624,590401
29,2057,309777,280624,590401
30,2057,309777,280624,590401
31,2057,309777,280624,590401
32,2057,309777,280624,590401
33,2057,309777,280624,590401
34,2057,309777,280624,590401
35,2057,309777,280624,590401
36,2057,309777,280624,590401
37,2057,309777,280624,590401
38,2057,309777,280624,590401
39,2057,309777,280624,590401
40,2057,309777,280624,590401
41,2057,310523,280709,591232
42,2057,310523,280709,591232
43,2057,310523,280709,591232
44,2057,310523,280709,591232
45,2057,310523,280709,591232
46,2057,310523,280709,591232
47,2057,310523,280709,591232
48,2057,310523,280709,591232
49,2057,310523,280709,591232
50,2057,310523,280709,591232
51,2057,310523,280709,591232
52,2057,310523,280709,591232
53,2057,310523,280709,591232
54,2057,310523,280709,591232
55,2057,310523,280709,591232
56,2057,310523,280709,591232
57,2057,310523,280709,591232
58,2057,310523,280709,591232
59,2057,310523,280709,591232
60,2057,310523,280709,591232
61,2057,310502,280709,591211
62,2057,310542,280709,591251
63,2057,310629,280709,591338
64,2057,310711,280709,591420
65,2057,310776,280709,591485
66,2057,310677,280709,591386
67,2057,310677,280709,591386
68,2057,310677,280709,591386
69,2057,310609,280709,591318
70,2057,310583,280709,591292
71,2057,310117,280695,590812
72,2057,310465,280709,591174
73,2057,310117,280695,590812
74,2057,310117,280695,590812
75,2057,310117,280695,590812
76,2057,310117,280695,590812
77,2057,310117,280695,590812
78,2057,315901,306651,622552
79,2057,316557,307162,623719
80,2057,319112,306085,625197
81,2057,317302,305907,623209
82,2057,317302,305907,623209
83,2057,317302,305907,623209
84,2057,317302,305907,623209
85,2057,317302,305907,623209
86,2057,317302,305907,623209
87,2057,317302,305907,623209
88,2057,317302,305907,623209
89,2057,317302,305907,623209
90,2057,317302,305907,623209
91,2057,317302,305907,623209
92,2057,317302,305907,623209
93,2057,317302,305907,623209
94,2057,317302,305907,623209
95,2057,317302,305907,623209
96,2057,317302,305907,623209
97,2057,317302,305907,623209
98,2057,317302,305907,623209
99,2057,317302,305907,623209
100,2057,317302,305907,623209
0,2058,292160,275407,567567
1,2058,292160,275407,567567
2,2058,292156,275407,567563
3,2058,292317,275433,567750
4,2058,292459,275435,567894
5,2058,292604,275460,568064
6,2058,292715,275538,568253
7,2058,292699,275529,568228
8,2058,292688,275503,568191
9,2058,292689,275485,568174
10,2058,292704,275551,568255
11,2058,292828,275972,568800
12,2058,293342,276256,569598
13,2058,293719,276375,570094
14,2058,293758,276281,570039
15,2058,293823,276272,570095
16,2058,294123,276355,570478
17,2058,294561,276410,570971
18,2058,295789,276733,572522
19,2058,296731,278188,574919
20,2058,296795,278225,575020
21,2058,296833,278284,575117
22,2058,296862,278532,575394
23,2058,296890,278545,575435
24,2058,296890,278545,575435
25,2058,296890,278545,575435
26,2058,296890,278545,575435
27,2058,296890,278545,575435
28,2058,296890,278545,575435
29,2058,296890,278545,575435
30,2058,296890,278545,575435
31,2058,296890,278545,575435
32,2058,296890,278545,575435
33,2058,296890,278545,575435
34,2058,296890,278545,575435
35,2058,296890,278545,575435
36,2058,296890,278545,575435
37,2058,296890,278545,575435
38,2058,296890,278545,575435
39,2058,296890,278545,575435
40,2058,296890,278545,575435
41,2058,296890,278545,575435
42,2058,296890,278545,575435
43,2058,296890,278545,575435
44,2058,296890,278545,575435
45,2058,296890,278545,575435
46,2058,296881,278545,575426
47,2058,296873,278545,575418
48,2058,296873,278545,575418
49,2058,296873,278545,575418
50,2058,296873,278545,575418
51,2058,296873,278595,575468
52,2058,296873,278595,575468
53,2058,296873,278595,575468
54,2058,296873,278595,575468
55,2058,296873,278595,575468
56,2058,296873,278595,575468
57,2058,296873,278595,575468
58,2058,296873,278595,575468
59,2058,296873,278595,575468
60,2058,296873,278595,575468
61,2058,296873,278595,575468
62,2058,296873,278595,575468
63,2058,296873,278595,575468
64,2058,296825,278595,575420
65,2058,296825,278595,575420
66,2058,296738,278595,575333
67,2058,296738,278595,575333
68,2058,296472,278595,575067
69,2058,296377,278595,574972
70,2058,296237,278595,574832
71,2058,295800,278595,574395
72,2058,295800,278595,574395
73,2058,295461,278595,574056
74,2058,295423,278595,574018
75,2058,295423,278595,574018
76,2058,295423,278595,574018
77,2058,295423,278595,574018
78,2058,295423,279554,574977
79,2058,295423,279363,574786
80,2058,295423,279614,575037
81,2058,295423,279743,575166
82,2058,295423,279743,575166
83,2058,295423,279743,575166
84,2058,295423,279743,575166
85,2058,295423,279743,575166
86,2058,295423,279743,575166
87,2058,295423,279743,575166
88,2058,295423,279743,575166
89,2058,295423,279743,575166
90,2058,295423,279743,575166
91,2058,295423,279743,575166
92,2058,295423,279743,575166
93,2058,295423,279743,575166
94,2058,295423,279743,575166
95,2058,295423,279743,575166
96,2058,295423,279743,575166
97,2058,295423,279743,575166
98,2058,295423,279743,575166
99,2058,295423,279743,575166
100,2058,295423,279743,575166
0,2058,292266,275259,567525
1,2058,292266,275259,567525
2,2058,292259,275259,567518
3,2058,292436,275274,567710
4,2058,292615,275193,567808
5,2058,292741,275299,568040
6,2058,292868,275406,568274
7,2058,292842,275390,568232
8,2058,292820,275364,568184
9,2058,292815,275344,568159
10,2058,292810,275474,568284
11,2058,292862,275699,568561
12,2058,293184,275754,568938
13,2058,293704,275708,569412
14,2058,293937,275800,569737
15,2058,294124,275792,569916
16,2058,294466,275859,570325
17,2058,295672,275850,571522
18,2058,297964,276497,574461
19,2058,298821,278322,577143
20,2058,299958,278491,578449
21,2058,300126,278538,578664
22,2058,300128,279006,579134
23,2058,300136,279020,579156
24,2058,300136,279020,579156
25,2058,300136,279020,579156
26,2058,300136,279020,579156
27,2058,300136,279020,579156
28,2058,300136,279020,579156
29,2058,300136,279020,579156
30,2058,300136,279020,579156
31,2058,300136,279020,579156
32,2058,300136,279020,579156
33,2058,300136,279020,579156
34,2058,300136,279020,579156
35,2058,300136,279020,579156
36,2058,300136,279020,579156
37,2058,300136,279020,579156
38,2058,300136,279020,579156
39,2058,300136,279020,579156
40,2058,300136,279020,579156
41,2058,300136,279020,579156
42,2058,300136,279020,579156
43,2058,300136,279020,579156
44,2058,300538,279020,579558
45,2058,300538,279020,579558
46,2058,300536,279020,579556
47,2058,300528,279020,579548
48,2058,300528,279020,579548
49,2058,300528,279020,579548
50,2058,300528,279020,579548
51,2058,300528,279059,579587
52,2058,300528,279059,579587
53,2058,300528,279059,579587
54,2058,300528,279059,579587
55,2058,300528,279059,579587
56,2058,300528,279059,579587
57,2058,300528,279059,579587
58,2058,300528,279059,579587
59,2058,300528,279059,579587
60,2058,300528,279059,579587
61,2058,300528,279059,579587
62,2058,300528,279059,579587
63,2058,300528,279059,579587
64,2058,300557,279059,579616
65,2058,300557,279059,579616
66,2058,300066,279059,579125
67,2058,300008,279059,579067
68,2058,299613,279059,578672
69,2058,299663,279059,578722
70,2058,299415,279037,578452
71,2058,298888,279037,577925
72,2058,298782,279037,577819
73,2058,298283,278963,577246
74,2058,298238,278963,577201
75,2058,298238,278963,577201
76,2058,298238,278963,577201
77,2058,298238,278963,577201
78,2058,298344,280269,578613
79,2058,298259,280078,578337
80,2058,298344,280826,579170
81,2058,298338,280568,578906
82,2058,298338,280568,578906
83,2058,298338,280568,578906
84,2058,298338,280568,578906
85,2058,298338,280568,578906
86,2058,298338,280568,578906
87,2058,298338,280568,578906
88,2058,298338,280568,578906
89,2058,298338,280568,578906
90,2058,298338,280568,578906
91,2058,298338,280568,578906
92,2058,298338,280568,578906
93,2058,298338,280568,578906
94,2058,298338,280568,578906
95,2058,298338,280568,578906
96,2058,298338,280568,578906
97,2058,298338,280568,578906
98,2058,298338,280568,578906
99,2058,298338,280568,578906
100,2058,298338,280568,578906
0,2058,292274,275413,567687
1,2058,292274,275413,567687
2,2058,292266,275413,567679
3,2058,292417,275347,567764
4,2058,292716,275394,568110
5,2058,292856,275450,568306
6,2058,292910,275526,568436
7,2058,292866,275510,568376
8,2058,292838,275471,568309
9,2058,292865,275477,568342
10,2058,292819,275561,568380
11,2058,292909,275804,568713
12,2058,293366,276259,569625
13,2058,294527,276216,570743
14,2058,294776,276418,571194
15,2058,295034,276413,571447
16,2058,296135,276482,572617
17,2058,297419,276524,573943
18,2058,299982,276890,576872
19,2058,300697,278092,578789
20,2058,300794,278561,579355
21,2058,301474,278636,580110
22,2058,301310,278941,580251
23,2058,301326,278955,580281
24,2058,301326,278955,580281
25,2058,301326,278955,580281
26,2058,301326,278955,580281
27,2058,301326,278955,580281
28,2058,301326,278955,580281
29,2058,301326,278955,580281
30,2058,301326,278955,580281
31,2058,301326,278955,580281
32,2058,301326,278955,580281
33,2058,301326,278955,580281
34,2058,301326,278955,580281
35,2058,301326,278955,580281
36,2058,301326,278955,580281
37,2058,301326,278955,580281
38,2058,301326,278955,580281
39,2058,301326,278955,580281
40,2058,301326,278955,580281
41,2058,301326,278955,580281
42,2058,301326,278955,580281
43,2058,301333,278955,580288
44,2058,303077,279111,582188
45,2058,303077,279111,582188
46,2058,302118,279111,581229
47,2058,302109,279111,581220
48,2058,302109,279111,581220
49,2058,302109,279111,581220
50,2058,302109,279111,581220
51,2058,302109,279149,581258
52,2058,302109,279149,581258
53,2058,302109,279149,581258
54,2058,302109,279149,581258
55,2058,302109,279149,581258
56,2058,302109,279149,581258
57,2058,302109,279149,581258
58,2058,302109,279149,581258
59,2058,302109,279149,581258
60,2058,302109,279149,581258
61,2058,302109,279149,581258
62,2058,302109,279149,581258
63,2058,302109,279149,581258
64,2058,303056,279149,582205
65,2058,303056,279149,582205
66,2058,301751,278994,580745
67,2058,301764,278926,580690
68,2058,301625,278926,580551
69,2058,301693,278926,580619
70,2058,301698,278926,580624
71,2058,302699,279051,581750
72,2058,302614,279051,581665
73,2058,301717,279129,580846
74,2058,301717,279129,580846
75,2058,301717,279129,580846
76,2058,301717,279129,580846
77,2058,301717,279129,580846
78,2058,301618,283834,585452
79,2058,301588,283520,585108
80,2058,301523,283856,585379
81,2058,301545,283856,585401
82,2058,301545,283856,585401
83,2058,301545,283856,585401
84,2058,301545,283856,585401
85,2058,301545,283856,585401
86,2058,301545,283856,585401
87,2058,301545,283856,585401
88,2058,301545,283856,585401
89,2058,301545,283856,585401
90,2058,301545,283856,585401
91,2058,301545,283856,585401
92,2058,301545,283856,585401
93,2058,301545,283856,585401
94,2058,301545,283856,585401
95,2058,301545,283856,585401
96,2058,301545,283856,585401
97,2058,301545,283856,585401
98,2058,301545,283856,585401
99,2058,301545,283856,585401
100,2058,301545,283856,585401
0,2058,292099,274901,567000
1,2058,292099,274901,567000
2,2058,292091,274901,566992
3,2058,292300,274901,567201
4,2058,292463,274931,567394
5,2058,292518,274983,567501
6,2058,292615,275035,567650
7,2058,292607,275057,567664
8,2058,292601,275043,567644
9,2058,292574,275024,567598
10,2058,292549,275055,567604
11,2058,292624,275339,567963
12,2058,293047,275490,568537
13,2058,294584,275590,570174
14,2058,295239,275679,570918
15,2058,297561,275661,573222
16,2058,296031,275360,571391
17,2058,298511,275281,573792
18,2058,300960,276311,577271
19,2058,318140,278178,596318
20,2058,318570,278704,597274
21,2058,307169,279147,586316
22,2058,306963,279195,586158
23,2058,307025,279209,586234
24,2058,307025,279209,586234
25,2058,307025,279209,586234
26,2058,307025,279209,586234
27,2058,307025,279209,586234
28,2058,307025,279209,586234
29,2058,307025,279209,586234
30,2058,307025,279209,586234
31,2058,307025,279209,586234
32,2058,307025,279209,586234
33,2058,307025,279209,586234
34,2058,307025,279209,586234
35,2058,307025,279209,586234
36,2058,307025,279209,586234
37,2058,307025,279209,586234
38,2058,307025,279209,586234
39,2058,307025,279209,586234
40,2058,307025,279209,586234
41,2058,307025,279209,586234
42,2058,307025,279209,586234
43,2058,307025,279209,586234
44,2058,309401,279433,588834
45,2058,309401,279433,588834
46,2058,308138,279364,587502
47,2058,308207,279364,587571
48,2058,308207,279364,587571
49,2058,308207,279364,587571
50,2058,308207,279364,587571
51,2058,308198,279402,587600
52,2058,308198,279402,587600
53,2058,308198,279402,587600
54,2058,308198,279402,587600
55,2058,308198,279402,587600
56,2058,308198,279402,587600
57,2058,308198,279402,587600
58,2058,308198,279402,587600
59,2058,308198,279402,587600
60,2058,308198,279402,587600
61,2058,308198,279402,587600
62,2058,308198,279402,587600
63,2058,308198,279402,587600
64,2058,309449,279472,588921
65,2058,309538,279472,589010
66,2058,307947,279400,587347
67,2058,308227,279400,587627
68,2058,307618,279138,586756
69,2058,307735,279232,586967
70,2058,307742,279123,586865
71,2058,309127,279187,588314
72,2058,308751,279129,587880
73,2058,307179,279129,586308
74,2058,307179,279129,586308
75,2058,307179,279129,586308
76,2058,307179,279129,586308
77,2058,307179,279129,586308
78,2058,306934,286413,593347
79,2058,306862,284996,591858
80,2058,306855,286432,593287
81,2058,306855,286432,593287
82,2058,306855,286432,593287
83,2058,306855,286432,593287
84,2058,306855,286432,593287
85,2058,306855,286432,593287
86,2058,306855,286432,593287
87,2058,306855,286432,593287
88,2058,306855,286432,593287
89,2058,306855,286432,593287
90,2058,306855,286432,593287
91,2058,306855,286432,593287
92,2058,306855,286432,593287
93,2058,306855,286432,593287
94,2058,306855,286432,593287
95,2058,306855,286432,593287
96,2058,306855,286432,593287
97,2058,306855,286432,593287
98,2058,306855,286432,593287
99,2058,306855,286432,593287
100,2058,306855,286432,593287
0,2058,292414,276267,568681
1,2058,292414,276267,568681
2,2058,292410,276267,568677
3,2058,292524,276267,568791
4,2058,292770,276374,569144
5,2058,292782,276405,569187
6,2058,292777,275836,568613
7,2058,292789,275833,568622
8,2058,292809,276105,568914
9,2058,292817,276218,569035
10,2058,292752,276008,568760
11,2058,292786,276013,568799
12,2058,292637,275836,568473
13,2058,294207,275567,569774
14,2058,297544,275452,572996
15,2058,296712,275491,572203
16,2058,295873,275344,571217
17,2058,298696,275638,574334
18,2058,308040,277244,585284
19,2058,310244,279250,589494
20,2058,310992,279343,590335
21,2058,309447,279369,588816
22,2058,309498,279517,589015
23,2058,309548,279517,589065
24,2058,309548,279517,589065
25,2058,309548,279517,589065
26,2058,309548,279517,589065
27,2058,309548,279517,589065
28,2058,309548,279517,589065
29,2058,309548,279517,589065
30,2058,309548,279517,589065
31,2058,309548,279517,589065
32,2058,309548,279517,589065
33,2058,309548,279517,589065
34,2058,309548,279517,589065
35,2058,309548,279517,589065
36,2058,309548,279517,589065
37,2058,309933,279517,589450
38,2058,309933,279517,589450
39,2058,309933,279517,589450
40,2058,309933,279517,589450
41,2058,309933,279517,589450
42,2058,309933,279517,589450
43,2058,309933,279517,589450
44,2058,311218,279445,590663
45,2058,311218,279445,590663
46,2058,311078,279485,590563
47,2058,311078,279485,590563
48,2058,311078,279485,590563
49,2058,311078,279485,590563
50,2058,311078,279485,590563
51,2058,311087,279523,590610
52,2058,311087,279523,590610
53,2058,311087,279523,590610
54,2058,311087,279523,590610
55,2058,311087,279523,590610
56,2058,311087,279523,590610
57,2058,311087,279523,590610
58,2058,311087,279523,590610
59,2058,311087,279523,590610
60,2058,311087,279523,590610
61,2058,311087,279523,590610
62,2058,311087,279523,590610
63,2058,311197,279523,590720
64,2058,311402,279483,590885
65,2058,311494,279483,590977
66,2058,311142,279522,590664
67,2058,311181,279522,590703
68,2058,310276,279498,589774
69,2058,310326,279498,589824
70,2058,310257,279585,589842
71,2058,310672,279598,590270
72,2058,310683,279572,590255
73,2058,309854,279579,589433
74,2058,309854,279579,589433
75,2058,309854,279579,589433
76,2058,309854,279579,589433
77,2058,309854,279579,589433
78,2058,309223,297053,606276
79,2058,309182,295170,604352
80,2058,309215,297002,606217
81,2058,309223,297359,606582
82,2058,309223,297359,606582
83,2058,309223,297359,606582
84,2058,309223,297359,606582
85,2058,309223,297359,606582
86,2058,309223,297359,606582
87,2058,309223,297359,606582
88,2058,309223,297359,606582
89,2058,309223,297359,606582
90,2058,309223,297359,606582
91,2058,309223,297359,606582
92,2058,309223,297359,606582
93,2058,309223,297359,606582
94,2058,309223,297359,606582
95,2058,309223,297359,606582
96,2058,309223,297359,606582
97,2058,309223,297359,606582
98,2058,309223,297359,606582
99,2058,309223,297359,606582
100,2058,309223,297359,606582
0,2058,290839,275033,565872
1,2058,290839,275033,565872
2,2058,290835,275033,565868
3,2058,290937,275233,566170
4,2058,291005,274937,565942
5,2058,291046,275155,566201
6,2058,292232,276240,568472
7,2058,292199,276233,568432
8,2058,291249,275661,566910
9,2058,291199,275601,566800
10,2058,292123,276191,568314
11,2058,292361,276048,568409
12,2058,293171,276060,569231
13,2058,294126,275531,569657
14,2058,296668,275937,572605
15,2058,295244,275388,570632
16,2058,296127,275713,571840
17,2058,298662,276231,574893
18,2058,305162,277907,583069
19,2058,309543,280666,590209
20,2058,310358,280573,590931
21,2058,310236,280007,590243
22,2058,310517,280086,590603
23,2058,310504,280086,590590
24,2058,310504,280086,590590
25,2058,310504,280086,590590
26,2058,310504,280086,590590
27,2058,310504,280086,590590
28,2058,310504,280086,590590
29,2058,310504,280086,590590
30,2058,310504,280086,590590
31,2058,310504,280086,590590
32,2058,310504,280086,590590
33,2058,310504,280086,590590
34,2058,310504,280086,590590
35,2058,310504,280086,590590
36,2058,310504,280086,590590
37,2058,310568,280086,590654
38,2058,310568,280086,590654
39,2058,310568,280086,590654
40,2058,310568,280086,590654
41,2058,310949,280086,591035
42,2058,310949,280086,591035
43,2058,310949,280086,591035
44,2058,311212,280770,591982
45,2058,311212,280770,591982
46,2058,311402,280718,592120
47,2058,311402,280718,592120
48,2058,311402,280718,592120
49,2058,311402,280718,592120
50,2058,311402,280718,592120
51,2058,311402,280757,592159
52,2058,311402,280757,592159
53,2058,311402,280757,592159
54,2058,311402,280757,592159
55,2058,311402,280757,592159
56,2058,311402,280757,592159
57,2058,311402,280757,592159
58,2058,311402,280757,592159
59,2058,311402,280757,592159
60,2058,311402,280757,592159
61,2058,311402,280757,592159
62,2058,311402,280757,592159
63,2058,311500,280757,592257
64,2058,311363,280826,592189
65,2058,311724,280826,592550
66,2058,311611,280757,592368
67,2058,311478,280757,592235
68,2058,311136,280282,591418
69,2058,311224,280386,591610
70,2058,311089,280359,591448
71,2058,311023,280782,591805
72,2058,311415,280757,592172
73,2058,310475,280113,590588
74,2058,310475,280113,590588
75,2058,310475,280113,590588
76,2058,310475,280113,590588
77,2058,310475,280113,590588
78,2058,312080,301426,613506
79,2058,311717,300216,611933
80,2058,312078,301550,613628
81,2058,312097,305369,617466
82,2058,312097,305369,617466
83,2058,312097,305369,617466
84,2058,312097,305369,617466
85,2058,312097,305369,617466
86,2058,312097,305369,617466
87,2058,312097,305369,617466
88,2058,312097,305369,617466
89,2058,312097,305369,617466
90,2058,312097,305369,617466
91,2058,312097,305369,617466
92,2058,312097,305369,617466
93,2058,312097,305369,617466
94,2058,312097,305369,617466
95,2058,312097,305369,617466
96,2058,312097,305369,617466
97,2058,312097,305369,617466
98,2058,312097,305369,617466
99,2058,312097,305369,617466
100,2058,312097,305369,617466
0,2058,289659,274603,564262
1,2058,289659,274603,564262
2,2058,289665,274603,564268
3,2058,290131,274992,565123
4,2058,290075,275018,565093
5,2058,290517,275453,565970
6,2058,291142,275727,566869
7,2058,291129,275727,566856
8,2058,291983,276029,568012
9,2058,291141,275810,566951
10,2058,291146,275616,566762
11,2058,292016,276074,568090
12,2058,292897,276138,569035
13,2058,294262,276019,570281
14,2058,294683,275572,570255
15,2058,297679,275397,573076
16,2058,295993,275946,571939
17,2058,298812,276626,575438
18,2058,303893,278118,582011
19,2058,307392,280296,587688
20,2058,308113,280287,588400
21,2058,310267,280533,590800
22,2058,310619,280734,591353
23,2058,310685,280734,591419
24,2058,310685,280734,591419
25,2058,310685,280734,591419
26,2058,310685,280734,591419
27,2058,310685,280734,591419
28,2058,310685,280734,591419
29,2058,310685,280734,591419
30,2058,310685,280734,591419
31,2058,310685,280734,591419
32,2058,310685,280734,591419
33,2058,310685,280734,591419
34,2058,310685,280734,591419
35,2058,310685,280734,591419
36,2058,310685,280734,591419
37,2058,310706,280734,591440
38,2058,310706,280734,591440
39,2058,310706,280734,591440
40,2058,310706,280734,591440
41,2058,311060,280758,591818
42,2058,311060,280758,591818
43,2058,311060,280758,591818
44,2058,310515,280639,591154
45,2058,310515,280639,591154
46,2058,310557,280639,591196
47,2058,310557,280639,591196
48,2058,310557,280639,591196
49,2058,310557,280639,591196
50,2058,310557,280639,591196
51,2058,310557,280639,591196
52,2058,310557,280639,591196
53,2058,310557,280639,591196
54,2058,310557,280639,591196
55,2058,310557,280639,591196
56,2058,310557,280639,591196
57,2058,310557,280639,591196
58,2058,310557,280639,591196
59,2058,310557,280639,591196
60,2058,310557,280639,591196
61,2058,310557,280639,591196
62,2058,310557,280639,591196
63,2058,310910,280639,591549
64,2058,310761,280639,591400
65,2058,311033,280639,591672
66,2058,311135,280672,591807
67,2058,310932,280639,591571
68,2058,311116,280771,591887
69,2058,311041,280703,591744
70,2058,310992,280666,591658
71,2058,310516,280639,591155
72,2058,310473,280639,591112
73,2058,311008,280697,591705
74,2058,311008,280697,591705
75,2058,311008,280697,591705
76,2058,311008,280697,591705
77,2058,311008,280697,591705
78,2058,314470,302480,616950
79,2058,314144,302411,616555
80,2058,314352,302829,617181
81,2058,316242,304224,620466
82,2058,316242,304224,620466
83,2058,316242,304224,620466
84,2058,316242,304224,620466
85,2058,316242,304224,620466
86,2058,316242,304224,620466
87,2058,316242,304224,620466
88,2058,316242,304224,620466
89,2058,316242,304224,620466
90,2058,316242,304224,620466
91,2058,316242,304224,620466
92,2058,316242,304224,620466
93,2058,316242,304224,620466
94,2058,316242,304224,620466
95,2058,316242,304224,620466
96,2058,316242,304224,620466
97,2058,316242,304224,620466
98,2058,316242,304224,620466
99,2058,316242,304224,620466
100,2058,316242,304224,620466
0,2058,289139,272661,561800
1,2058,289139,272661,561800
2,2058,289140,272661,561801
3,2058,289119,272764,561883
4,2058,289360,272455,561815
5,2058,290329,273837,564166
6,2058,290582,275044,565626
7,2058,290513,275001,565514
8,2058,291822,275327,567149
9,2058,292040,275205,567245
10,2058,290765,275121,565886
11,2058,291646,275629,567275
12,2058,292463,275852,568315
13,2058,293960,275907,569867
14,2058,294086,274870,568956
15,2058,297101,275906,573007
16,2058,295988,275549,571537
17,2058,299178,275915,575093
18,2058,303074,277430,580504
19,2058,305532,280384,585916
20,2058,307797,280492,588289
21,2058,309263,280395,589658
22,2058,309846,280601,590447
23,2058,310066,280601,590667
24,2058,310068,280601,590669
25,2058,310068,280601,590669
26,2058,310068,280601,590669
27,2058,310068,280601,590669
28,2058,310068,280601,590669
29,2058,310068,280601,590669
30,2058,310068,280601,590669
31,2058,310068,280601,590669
32,2058,310068,280601,590669
33,2058,310068,280601,590669
34,2058,310068,280601,590669
35,2058,310068,280601,590669
36,2058,310068,280601,590669
37,2058,310106,280601,590707
38,2058,310106,280601,590707
39,2058,310106,280601,590707
40,2058,310106,280601,590707
41,2058,310504,280601,591105
42,2058,310504,280601,591105
43,2058,310504,280601,591105
44,2058,310371,280615,590986
45,2058,310371,280615,590986
46,2058,310431,280601,591032
47,2058,310431,280601,591032
48,2058,310431,280601,591032
49,2058,310431,280601,591032
50,2058,310431,280601,591032
51,2058,310431,280601,591032
52,2058,310431,280601,591032
53,2058,310431,280601,591032
54,2058,310431,280601,591032
55,2058,310431,280601,591032
56,2058,310431,280601,591032
57,2058,310431,280601,591032
58,2058,310431,280601,591032
59,2058,310431,280601,591032
60,2058,310425,280601,591026
61,2058,310396,280601,590997
62,2058,310384,280601,590985
63,2058,310452,280601,591053
64,2058,310622,280615,591237
65,2058,310565,280615,591180
66,2058,310466,280601,591067
67,2058,310560,280601,591161
68,2058,310503,280601,591104
69,2058,310459,280601,591060
70,2058,310415,280601,591016
71,2058,310321,280601,590922
72,2058,310394,280611,591005
73,2058,310297,280601,590898
74,2058,310297,280601,590898
75,2058,310297,280601,590898
76,2058,310297,280601,590898
77,2058,310297,280601,590898
78,2058,316765,303090,619855
79,2058,316576,303067,619643
80,2058,316701,303735,620436
81,2058,316971,305349,622320
82,2058,316971,305349,622320
83,2058,316971,305349,622320
84,2058,316971,305349,622320
85,2058,316971,305349,622320
86,2058,316971,305349,622320
87,2058,316971,305349,622320
88,2058,316971,305349,622320
89,2058,316971,305349,622320
90,2058,316971,305349,622320
91,2058,316971,305349,622320
92,2058,316971,305349,622320
93,2058,316971,305349,622320
94,2058,316971,305349,622320
95,2058,316971,305349,622320
96,2058,316971,305349,622320
97,2058,316971,305349,622320
98,2058,316971,305349,622320
99,2058,316971,305349,622320
100,2058,316971,305349,622320
0,2058,290394,273022,563416
1,2058,290394,272960,563354
2,2058,290359,272960,563319
3,2058,290259,272886,563145
4,2058,290454,272808,563262
5,2058,291611,274441,566052
6,2058,290844,274238,565082
7,2058,290993,274439,565432
8,2058,292558,275788,568346
9,2058,292683,276220,568903
10,2058,290916,274282,565198
11,2058,292270,275799,568069
12,2058,292527,276121,568648
13,2058,293904,275836,569740
14,2058,293814,275619,569433
15,2058,296491,275550,572041
16,2058,296013,275404,571417
17,2058,300549,276014,576563
18,2058,303703,277256,580959
19,2058,304886,279668,584554
20,2058,307763,280642,588405
21,2058,308577,280432,589009
22,2058,309209,280601,589810
23,2058,309657,280601,590258
24,2058,309658,280601,590259
25,2058,309658,280601,590259
26,2058,309658,280601,590259
27,2058,309658,280601,590259
28,2058,309658,280601,590259
29,2058,309658,280601,590259
30,2058,309658,280601,590259
31,2058,309658,280601,590259
32,2058,309658,280601,590259
33,2058,309658,280601,590259
34,2058,309658,280601,590259
35,2058,309658,280601,590259
36,2058,309658,280601,590259
37,2058,309666,280681,590347
38,2058,309666,280681,590347
39,2058,309666,280681,590347
40,2058,309666,280681,590347
41,2058,310400,280705,591105
42,2058,310400,280705,591105
43,2058,310400,280705,591105
44,2058,310418,280719,591137
45,2058,310418,280719,591137
46,2058,310454,280719,591173
47,2058,310454,280719,591173
48,2058,310454,280719,591173
49,2058,310454,280719,591173
50,2058,310454,280719,591173
51,2058,310454,280719,591173
52,2058,310454,280719,591173
53,2058,310454,280719,591173
54,2058,310454,280719,591173
55,2058,310454,280719,591173
56,2058,310454,280719,591173
57,2058,310454,280719,591173
58,2058,310454,280719,591173
59,2058,310454,280719,591173
60,2058,310454,280719,591173
61,2058,310425,280719,591144
62,2058,310355,280719,591074
63,2058,310557,280719,591276
64,2058,310622,280709,591331
65,2058,310657,280709,591366
66,2058,310551,280719,591270
67,2058,310578,280709,591287
68,2058,310595,280719,591314
69,2058,310527,280719,591246
70,2058,310501,280719,591220
71,2058,310167,280719,590886
72,2058,310365,280719,591084
73,2058,310097,280705,590802
74,2058,310097,280705,590802
75,2058,310097,280705,590802
76,2058,310097,280705,590802
77,2058,310097,280705,590802
78,2058,316031,304649,620680
79,2058,316015,304523,620538
80,2058,316491,304884,621375
81,2058,317021,307179,624200
82,2058,317021,307179,624200
83,2058,317021,307179,624200
84,2058,317021,307179,624200
85,2058,317021,307179,624200
86,2058,317021,307179,624200
87,2058,317021,307179,624200
88,2058,317021,307179,624200
89,2058,317021,307179,624200
90,2058,317021,307179,624200
91,2058,317021,307179,624200
92,2058,317021,307179,624200
93,2058,317021,307179,624200
94,2058,317021,307179,624200
95,2058,317021,307179,624200
96,2058,317021,307179,624200
97,2058,317021,307179,624200
98,2058,317021,307179,624200
99,2058,317021,307179,624200
100,2058,317021,307179,624200
0,2058,291389,273588,564977
1,2058,291361,273588,564949
2,2058,291342,273588,564930
3,2058,290486,273473,563959
4,2058,291427,273538,564965
5,2058,292690,275544,568234
6,2058,291841,274747,566588
7,2058,291918,275199,567117
8,2058,292254,275800,568054
9,2058,291248,275379,566627
10,2058,292120,274848,566968
11,2058,292386,276244,568630
12,2058,292471,275750,568221
13,2058,293842,275635,569477
14,2058,294684,275923,570607
15,2058,295202,274951,570153
16,2058,296309,275544,571853
17,2058,300680,275961,576641
18,2058,306176,277396,583572
19,2058,304844,279082,583926
20,2058,307760,280252,588012
21,2058,308575,280608,589183
22,2058,309265,280695,589960
23,2058,309759,280695,590454
24,2058,309761,280695,590456
25,2058,309761,280695,590456
26,2058,309761,280695,590456
27,2058,309761,280695,590456
28,2058,309761,280695,590456
29,2058,309761,280695,590456
30,2058,309761,280695,590456
31,2058,309761,280695,590456
32,2058,309761,280695,590456
33,2058,309761,280695,590456
34,2058,309761,280695,590456
35,2058,309761,280695,590456
36,2058,309761,280695,590456
37,2058,309760,280695,590455
38,2058,309760,280695,590455
39,2058,309760,280695,590455
40,2058,309760,280695,590455
41,2058,310532,280719,591251
42,2058,310532,280719,591251
43,2058,310532,280719,591251
44,2058,310612,280709,591321
45,2058,310612,280709,591321
46,2058,310612,280709,591321
47,2058,310612,280709,591321
48,2058,310612,280709,591321
49,2058,310612,280709,591321
50,2058,310612,280709,591321
51,2058,310612,280709,591321
52,2058,310612,280709,591321
53,2058,310612,280709,591321
54,2058,310612,280709,591321
55,2058,310612,280709,591321
56,2058,310612,280709,591321
57,2058,310612,280709,591321
58,2058,310612,280709,591321
59,2058,310612,280709,591321
60,2058,310612,280709,591321
61,2058,310583,280709,591292
62,2058,310342,280719,591061
63,2058,310663,280709,591372
64,2058,310791,280709,591500
65,2058,310817,280709,591526
66,2058,310711,280709,591420
67,2058,310719,280709,591428
68,2058,310627,280709,591336
69,2058,310569,280709,591278
70,2058,310553,280709,591262
71,2058,310114,280719,590833
72,2058,310402,280719,591121
73,2058,310099,280695,590794
74,2058,310099,280695,590794
75,2058,310099,280695,590794
76,2058,310099,280695,590794
77,2058,310099,280695,590794
78,2058,316416,306500,622916
79,2058,316414,306851,623265
80,2058,317112,306603,623715
81,2058,320548,305311,625859
82,2058,320548,305311,625859
83,2058,320548,305311,625859
84,2058,320548,305311,625859
85,2058,320548,305311,625859
86,2058,320548,305311,625859
87,2058,320548,305311,625859
88,2058,320548,305311,625859
89,2058,320548,305311,625859
90,2058,320548,305311,625859
91,2058,320548,305311,625859
92,2058,320548,305311,625859
93,2058,320548,305311,625859
94,2058,320548,305311,625859
95,2058,320548,305311,625859
96,2058,320548,305311,625859
97,2058,320548,305311,625859
98,2058,320548,305311,625859
99,2058,320548,305311,625859
100,2058,320548,305311,625859
0,2058,292751,275522,568273
1,2058,292768,275518,568286
2,2058,292769,275518,568287
3,2058,291789,274356,566145
4,2058,293025,274710,567735
5,2058,292813,276399,569212
6,2058,292765,276223,568988
7,2058,292672,276268,568940
8,2058,292330,276276,568606
9,2058,291393,275989,567382
10,2058,292673,276157,568830
11,2058,291584,275622,567206
12,2058,292581,275830,568411
13,2058,294134,275933,570067
14,2058,295041,276344,571385
15,2058,297727,275310,573037
16,2058,296109,275747,571856
17,2058,313874,275931,589805
18,2058,305144,277547,582691
19,2058,305947,279202,585149
20,2058,308539,280233,588772
21,2058,309150,280634,589784
22,2058,309340,280727,590067
23,2058,309735,280695,590430
24,2058,309736,280695,590431
25,2058,309736,280695,590431
26,2058,309736,280695,590431
27,2058,309736,280695,590431
28,2058,309736,280695,590431
29,2058,309736,280695,590431
30,2058,309736,280695,590431
31,2058,309736,280695,590431
32,2058,309736,280695,590431
33,2058,309736,280695,590431
34,2058,309736,280695,590431
35,2058,309736,280695,590431
36,2058,309736,280695,590431
37,2058,309736,280695,590431
38,2058,309736,280695,590431
39,2058,309736,280695,590431
40,2058,309736,280695,590431
41,2058,310615,280709,591324
42,2058,310615,280709,591324
43,2058,310615,280709,591324
44,2058,310580,280709,591289
45,2058,310580,280709,591289
46,2058,310589,280709,591298
47,2058,310589,280709,591298
48,2058,310589,280709,591298
49,2058,310589,280709,591298
50,2058,310589,280709,591298
51,2058,310589,280709,591298
52,2058,310589,280709,591298
53,2058,310589,280709,591298
54,2058,310589,280709,591298
55,2058,310589,280709,591298
56,2058,310589,280709,591298
57,2058,310589,280709,591298
58,2058,310589,280709,591298
59,2058,310589,280709,591298
60,2058,310589,280709,591298
61,2058,310560,280709,591269
62,2058,310362,280719,591081
63,2058,310688,280709,591397
64,2058,310777,280709,591486
65,2058,310815,280709,591524
66,2058,310706,280709,591415
67,2058,310743,280709,591452
68,2058,310757,280709,591466
69,2058,310692,280709,591401
70,2058,310676,280709,591385
71,2058,310183,280695,590878
72,2058,310549,280719,591268
73,2058,310133,280695,590828
74,2058,310133,280695,590828
75,2058,310133,280695,590828
76,2058,310133,280695,590828
77,2058,310133,280695,590828
78,2058,319143,305453,624596
79,2058,319327,305676,625003
80,2058,319274,305068,624342
81,2058,318978,306401,625379
82,2058,318978,306401,625379
83,2058,318978,306401,625379
84,2058,318978,306401,625379
85,2058,318978,306401,625379
86,2058,318978,306401,625379
87,2058,318978,306401,625379
88,2058,318978,306401,625379
89,2058,318978,306401,625379
90,2058,318978,306401,625379
91,2058,318978,306401,625379
92,2058,318978,306401,625379
93,2058,318978,306401,625379
94,2058,318978,306401,625379
95,2058,318978,306401,625379
96,2058,318978,306401,625379
97,2058,318978,306401,625379
98,2058,318978,306401,625379
99,2058,318978,306401,625379
100,2058,318978,306401,625379
0,2058,292327,275510,567837
1,2058,292327,275659,567986
2,2058,292320,275647,567967
3,2058,292875,275527,568402
4,2058,292828,275721,568549
5,2058,291154,274409,565563
6,2058,291431,275516,566947
7,2058,291405,275336,566741
8,2058,290990,275061,566051
9,2058,292128,275695,567823
10,2058,291559,275769,567328
11,2058,291377,275586,566963
12,2058,293155,276000,569155
13,2058,294189,275958,570147
14,2058,295769,275717,571486
15,2058,297153,275649,572802
16,2058,295944,275372,571316
17,2058,307331,276682,584013
18,2058,304499,277441,581940
19,2058,307335,279222,586557
20,2058,309367,280247,589614
21,2058,309425,280514,589939
22,2058,309452,280752,590204
23,2058,309762,280695,590457
24,2058,309764,280695,590459
25,2058,309764,280695,590459
26,2058,309764,280695,590459
27,2058,309764,280695,590459
28,2058,309764,280695,590459
29,2058,309764,280695,590459
30,2058,309764,280695,590459
31,2058,309764,280695,590459
32,2058,309764,280695,590459
33,2058,309764,280695,590459
34,2058,309764,280695,590459
35,2058,309764,280695,590459
36,2058,309764,280695,590459
37,2058,309738,280695,590433
38,2058,309738,280695,590433
39,2058,309738,280695,590433
40,2058,309738,280695,590433
41,2058,310581,280709,591290
42,2058,310581,280709,591290
43,2058,310581,280709,591290
44,2058,310522,280709,591231
45,2058,310522,280709,591231
46,2058,310522,280709,591231
47,2058,310522,280709,591231
48,2058,310522,280709,591231
49,2058,310522,280709,591231
50,2058,310522,280709,591231
51,2058,310522,280709,591231
52,2058,310522,280709,591231
53,2058,310522,280709,591231
54,2058,310522,280709,591231
55,2058,310522,280709,591231
56,2058,310522,280709,591231
57,2058,310522,280709,591231
58,2058,310522,280709,591231
59,2058,310522,280709,591231
60,2058,310522,280709,591231
61,2058,310493,280709,591202
62,2058,310500,280719,591219
63,2058,310622,280709,591331
64,2058,310711,280709,591420
65,2058,310854,280709,591563
66,2058,310736,280709,591445
67,2058,310677,280709,591386
68,2058,310743,280709,591452
69,2058,310668,280709,591377
70,2058,310642,280709,591351
71,2058,310117,280719,590836
72,2058,310404,280709,591113
73,2058,310176,280695,590871
74,2058,310176,280695,590871
75,2058,310176,280695,590871
76,2058,310176,280695,590871
77,2058,310176,280695,590871
78,2058,317218,306629,623847
79,2058,317604,306070,623674
80,2058,317715,306312,624027
81,2058,319435,304795,624230
82,2058,319435,304795,624230
83,2058,319435,304795,624230
84,2058,319435,304795,624230
85,2058,319435,304795,624230
86,2058,319435,304795,624230
87,2058,319435,304795,624230
88,2058,319435,304795,624230
89,2058,319435,304795,624230
90,2058,319435,304795,624230
91,2058,319435,304795,624230
92,2058,319435,304795,624230
93,2058,319435,304795,624230
94,2058,319435,304795,624230
95,2058,319435,304795,624230
96,2058,319435,304795,624230
97,2058,319435,304795,624230
98,2058,319435,304795,624230
99,2058,319435,304795,624230
100,2058,319435,304795,624230
0,2058,292237,275533,567770
1,2058,292258,275489,567747
2,2058,292255,275489,567744
3,2058,292520,275565,568085
4,2058,292646,275922,568568
5,2058,290941,274761,565702
6,2058,291650,275540,567190
7,2058,291571,275602,567173
8,2058,290150,274568,564718
9,2058,292443,275886,568329
10,2058,291915,275595,567510
11,2058,292561,275926,568487
12,2058,293011,276402,569413
13,2058,293947,275772,569719
14,2058,294479,275523,570002
15,2058,297722,275788,573510
16,2058,296132,275359,571491
17,2058,303346,276680,580026
18,2058,304374,277451,581825
19,2058,307952,279352,587304
20,2058,309700,280525,590225
21,2058,308980,280464,589444
22,2058,309470,280601,590071
23,2058,309775,280616,590391
24,2058,309777,280616,590393
25,2058,309777,280616,590393
26,2058,309777,280616,590393
27,2058,309777,280616,590393
28,2058,309777,280616,590393
29,2058,309777,280616,590393
30,2058,309777,280616,590393
31,2058,309777,280616,590393
32,2058,309777,280616,590393
33,2058,309777,280616,590393
34,2058,309777,280616,590393
35,2058,309777,280616,590393
36,2058,309777,280616,590393
37,2058,309777,280616,590393
38,2058,309777,280616,590393
39,2058,309777,280616,590393
40,2058,309777,280616,590393
41,2058,310522,280709,591231
42,2058,310522,280709,591231
43,2058,310522,280709,591231
44,2058,310523,280709,591232
45,2058,310523,280709,591232
46,2058,310523,280709,591232
47,2058,310523,280709,591232
48,2058,310523,280709,591232
49,2058,310523,280709,591232
50,2058,310523,280709,591232
51,2058,310523,280709,591232
52,2058,310523,280709,591232
53,2058,310523,280709,591232
54,2058,310523,280709,591232
55,2058,310523,280709,591232
56,2058,310523,280709,591232
57,2058,310523,280709,591232
58,2058,310523,280709,591232
59,2058,310523,280709,591232
60,2058,310523,280709,591232
61,2058,310494,280709,591203
62,2058,310481,280709,591190
63,2058,310622,280709,591331
64,2058,310711,280709,591420
65,2058,310728,280709,591437
66,2058,310677,280709,591386
67,2058,310677,280709,591386
68,2058,310677,280709,591386
69,2058,310602,280709,591311
70,2058,310576,280709,591285
71,2058,310117,280695,590812
72,2058,310481,280719,591200
73,2058,310143,280719,590862
74,2058,310143,280719,590862
75,2058,310143,280719,590862
76,2058,310143,280719,590862
77,2058,310143,280719,590862
78,2058,319280,304872,624152
79,2058,317218,306403,623621
80,2058,318885,305538,624423
81,2058,315816,304901,620717
82,2058,315816,304901,620717
83,2058,315816,304901,620717
84,2058,315816,304901,620717
85,2058,315816,304901,620717
86,2058,315816,304901,620717
87,2058,315816,304901,620717
88,2058,315816,304901,620717
89,2058,315816,304901,620717
90,2058,315816,304901,620717
91,2058,315816,304901,620717
92,2058,315816,304901,620717
93,2058,315816,304901,620717
94,2058,315816,304901,620717
95,2058,315816,304901,620717
96,2058,315816,304901,620717
97,2058,315816,304901,620717
98,2058,315816,304901,620717
99,2058,315816,304901,620717
100,2058,315816,304901,620717
0,2058,292050,274642,566692
1,2058,291992,274566,566558
2,2058,292049,274566,566615
3,2058,292288,275393,567681
4,2058,292350,275433,567783
5,2058,291665,275418,567083
6,2058,292616,275683,568299
7,2058,292591,275714,568305
8,2058,289388,272724,562112
9,2058,292120,275796,567916
10,2058,292494,275697,568191
11,2058,292571,276455,569026
12,2058,292461,275605,568066
13,2058,293891,275625,569516
14,2058,294576,275565,570141
15,2058,296947,275357,572304
16,2058,296197,275623,571820
17,2058,302139,276579,578718
18,2058,304368,277408,581776
19,2058,309074,279536,588610
20,2058,308796,280425,589221
21,2058,308818,280514,589332
22,2058,309431,280601,590032
23,2058,309749,280616,590365
24,2058,309751,280616,590367
25,2058,309751,280616,590367
26,2058,309751,280616,590367
27,2058,309751,280616,590367
28,2058,309751,280616,590367
29,2058,309751,280616,590367
30,2058,309751,280616,590367
31,2058,309751,280616,590367
32,2058,309751,280616,590367
33,2058,309751,280616,590367
34,2058,309751,280616,590367
35,2058,309751,280616,590367
36,2058,309751,280616,590367
37,2058,309751,280616,590367
38,2058,309751,280616,590367
39,2058,309751,280616,590367
40,2058,309751,280616,590367
41,2058,310523,280709,591232
42,2058,310523,280709,591232
43,2058,310523,280709,591232
44,2058,310523,280709,591232
45,2058,310523,280709,591232
46,2058,310523,280709,591232
47,2058,310523,280709,591232
48,2058,310523,280709,591232
49,2058,310523,280709,591232
50,2058,310523,280709,591232
51,2058,310523,280709,591232
52,2058,310523,280709,591232
53,2058,310523,280709,591232
54,2058,310523,280709,591232
55,2058,310523,280709,591232
56,2058,310523,280709,591232
57,2058,310523,280709,591232
58,2058,310523,280709,591232
59,2058,310523,280709,591232
60,2058,310523,280709,591232
61,2058,310502,280709,591211
62,2058,310533,280709,591242
63,2058,310629,280709,591338
64,2058,310711,280709,591420
65,2058,310748,280709,591457
66,2058,310677,280709,591386
67,2058,310677,280709,591386
68,2058,310677,280709,591386
69,2058,310602,280709,591311
70,2058,310576,280709,591285
71,2058,310117,280695,590812
72,2058,310465,280709,591174
73,2058,310117,280719,590836
74,2058,310117,280719,590836
75,2058,310117,280719,590836
76,2058,310117,280719,590836
77,2058,310117,280719,590836
78,2058,317018,305496,622514
79,2058,319763,304916,624679
80,2058,316558,305659,622217
81,2058,315093,304229,619322
82,2058,315093,304229,619322
83,2058,315093,304229,619322
84,2058,315093,304229,619322
85,2058,315093,304229,619322
86,2058,315093,304229,619322
87,2058,315093,304229,619322
88,2058,315093,304229,619322
89,2058,315093,304229,619322
90,2058,315093,304229,619322
91,2058,315093,304229,619322
92,2058,315093,304229,619322
93,2058,315093,304229,619322
94,2058,315093,304229,619322
95,2058,315093,304229,619322
96,2058,315093,304229,619322
97,2058,315093,304229,619322
98,2058,315093,304229,619322
99,2058,315093,304229,619322
100,2058,315093,304229,619322
0,2058,292467,275809,568276
1,2058,292460,275777,568237
2,2058,292457,275777,568234
3,2058,292245,275154,567399
4,2058,292274,275644,567918
5,2058,292620,276606,569226
6,2058,292731,276392,569123
7,2058,292547,276434,568981
8,2058,290424,273014,563438
9,2058,292125,275680,567805
10,2058,292649,276206,568855
11,2058,291627,275325,566952
12,2058,292214,276093,568307
13,2058,294275,275933,570208
14,2058,294898,275677,570575
15,2058,296696,275498,572194
16,2058,296083,275608,571691
17,2058,302392,276114,578506
18,2058,304800,277408,582208
19,2058,308341,280112,588453
20,2058,308246,280444,588690
21,2058,308721,280514,589235
22,2058,309400,280616,590016
23,2058,309775,280616,590391
24,2058,309777,280616,590393
25,2058,309777,280616,590393
26,2058,309777,280616,590393
27,2058,309777,280616,590393
28,2058,309777,280616,590393
29,2058,309777,280616,590393
30,2058,309777,280616,590393
31,2058,309777,280616,590393
32,2058,309777,280616,590393
33,2058,309777,280616,590393
34,2058,309777,280616,590393
35,2058,309777,280616,590393
36,2058,309777,280616,590393
37,2058,309751,280616,590367
38,2058,309751,280616,590367
39,2058,309751,280616,590367
40,2058,309751,280616,590367
41,2058,310523,280709,591232
42,2058,310523,280709,591232
43,2058,310523,280709,591232
44,2058,310523,280709,591232
45,2058,310523,280709,591232
46,2058,310523,280709,591232
47,2058,310523,280709,591232
48,2058,310523,280709,591232
49,2058,310523,280709,591232
50,2058,310523,280709,591232
51,2058,310523,280709,591232
52,2058,310523,280709,591232
53,2058,310523,280709,591232
54,2058,310523,280709,591232
55,2058,310523,280709,591232
56,2058,310523,280709,591232
57,2058,310523,280709,591232
58,2058,310523,280709,591232
59,2058,310523,280709,591232
60,2058,310523,280709,591232
61,2058,310502,280709,591211
62,2058,310490,280709,591199
63,2058,310629,280709,591338
64,2058,310711,280709,591420
65,2058,310728,280709,591437
66,2058,310677,280709,591386
67,2058,310677,280709,591386
68,2058,310677,280709,591386
69,2058,310609,280709,591318
70,2058,310583,280709,591292
71,2058,310117,280695,590812
72,2058,310465,280709,591174
73,2058,310117,280695,590812
74,2058,310117,280695,590812
75,2058,310117,280695,590812
76,2058,310117,280695,590812
77,2058,310117,280695,590812
78,2058,315589,306728,622317
79,2058,317850,304290,622140
80,2058,315286,304700,619986
81,2058,313486,303270,616756
82,2058,313486,303270,616756
83,2058,313486,303270,616756
84,2058,313486,303270,616756
85,2058,313486,303270,616756
86,2058,313486,303270,616756
87,2058,313486,303270,616756
88,2058,313486,303270,616756
89,2058,313486,303270,616756
90,2058,313486,303270,616756
91,2058,313486,303270,616756
92,2058,313486,303270,616756
93,2058,313486,303270,616756
94,2058,313486,303270,616756
95,2058,313486,303270,616756
96,2058,313486,303270,616756
97,2058,313486,303270,616756
98,2058,313486,303270,616756
99,2058,313486,303270,616756
100,2058,313486,303270,616756
0,2058,292071,275839,567910
1,2058,292089,275900,567989
2,2058,292086,275900,567986
3,2058,292381,275949,568330
4,2058,292447,276194,568641
5,2058,291076,274117,565193
6,2058,291032,274854,565886
7,2058,290997,274886,565883
8,2058,291455,273560,565015
9,2058,292220,275875,568095
10,2058,291207,275214,566421
11,2058,291288,275553,566841
12,2058,293021,276358,569379
13,2058,294152,276089,570241
14,2058,295132,275773,570905
15,2058,295672,275405,571077
16,2058,296009,275276,571285
17,2058,303498,276207,579705
18,2058,304580,277399,581979
19,2058,307593,280366,587959
20,2058,308648,280447,589095
21,2058,309185,280529,589714
22,2058,309411,280647,590058
23,2058,309775,280616,590391
24,2058,309777,280624,590401
25,2058,309777,280624,590401
26,2058,309777,280624,590401
27,2058,309777,280624,590401
28,2058,309777,280624,590401
29,2058,309777,280624,590401
30,2058,309777,280624,590401
31,2058,309777,280624,590401
32,2058,309777,280624,590401
33,2058,309777,280624,590401
34,2058,309777,280624,590401
35,2058,309777,280624,590401
36,2058,309777,280624,590401
37,2058,309777,280616,590393
38,2058,309777,280616,590393
39,2058,309777,280616,590393
40,2058,309777,280616,590393
41,2058,310523,280709,591232
42,2058,310523,280709,591232
43,2058,310523,280709,591232
44,2058,310523,280709,591232
45,2058,310523,280709,591232
46,2058,310523,280709,591232
47,2058,310523,280709,591232
48,2058,310523,280709,591232
49,2058,310523,280709,591232
50,2058,310523,280709,591232
51,2058,310523,280709,591232
52,2058,310523,280709,591232
53,2058,310523,280709,591232
54,2058,310523,280709,591232
55,2058,310523,280709,591232
56,2058,310523,280709,591232
57,2058,310523,280709,591232
58,2058,310523,280709,591232
59,2058,310523,280709,591232
60,2058,310523,280709,591232
61,2058,310502,280709,591211
62,2058,310482,280709,591191
63,2058,310622,280709,591331
64,2058,310711,280709,591420
65,2058,310776,280709,591485
66,2058,310677,280709,591386
67,2058,310677,280709,591386
68,2058,310677,280709,591386
69,2058,310609,280709,591318
70,2058,310583,280709,591292
71,2058,310117,280695,590812
72,2058,310465,280709,591174
73,2058,310117,280695,590812
74,2058,310117,280695,590812
75,2058,310117,280695,590812
76,2058,310117,280695,590812
77,2058,310117,280695,590812
78,2058,319253,303696,622949
79,2058,314882,303302,618184
80,2058,314483,304209,618692
81,2058,313400,302807,616207
82,2058,313400,302807,616207
83,2058,313400,302807,616207
84,2058,313400,302807,616207
85,2058,313400,302807,616207
86,2058,313400,302807,616207
87,2058,313400,302807,616207
88,2058,313400,302807,616207
89,2058,313400,302807,616207
90,2058,313400,302807,616207
91,2058,313400,302807,616207
92,2058,313400,302807,616207
93,2058,313400,302807,616207
94,2058,313400,302807,616207
95,2058,313400,302807,616207
96,2058,313400,302807,616207
97,2058,313400,302807,616207
98,2058,313400,302807,616207
99,2058,313400,302807,616207
100,2058,313400,302807,616207
0,2058,291929,276118,568047
1,2058,292050,276184,568234
2,2058,292024,276184,568208
3,2058,292099,275673,567772
4,2058,291120,275219,566339
5,2058,290898,274381,565279
6,2058,290201,274869,565070
7,2058,289966,274416,564382
8,2058,293136,274868,568004
9,2058,292151,275983,568134
10,2058,291191,275417,566608
11,2058,292570,276264,568834
12,2058,292503,275712,568215
13,2058,293667,275662,569329
14,2058,296166,275731,571897
15,2058,295497,275115,570612
16,2058,296079,275458,571537
17,2058,303229,276582,579811
18,2058,304477,277399,581876
19,2058,306568,280199,586767
20,2058,308456,280490,588946
21,2058,309412,280464,589876
22,2058,309419,280647,590066
23,2058,309775,280624,590399
24,2058,309777,280624,590401
25,2058,309777,280624,590401
26,2058,309777,280624,590401
27,2058,309777,280624,590401
28,2058,309777,280624,590401
29,2058,309777,280624,590401
30,2058,309777,280624,590401
31,2058,309777,280624,590401
32,2058,309777,280624,590401
33,2058,309777,280624,590401
34,2058,309777,280624,590401
35,2058,309777,280624,590401
36,2058,309777,280624,590401
37,2058,309777,280624,590401
38,2058,309777,280624,590401
39,2058,309777,280624,590401
40,2058,309777,280624,590401
41,2058,310523,280709,591232
42,2058,310523,280709,591232
43,2058,310523,280709,591232
44,2058,310523,280709,591232
45,2058,310523,280709,591232
46,2058,310523,280709,591232
47,2058,310523,280709,591232
48,2058,310523,280709,591232
49,2058,310523,280709,591232
50,2058,310523,280709,591232
51,2058,310523,280709,591232
52,2058,310523,280709,591232
53,2058,310523,280709,591232
54,2058,310523,280709,591232
55,2058,310523,280709,591232
56,2058,310523,280709,591232
57,2058,310523,280709,591232
58,2058,310523,280709,591232
59,2058,310523,280709,591232
60,2058,310523,280709,591232
61,2058,310502,280709,591211
62,2058,310542,280709,591251
63,2058,310622,280709,591331
64,2058,310711,280709,591420
65,2058,310776,280709,591485
66,2058,310677,280709,591386
67,2058,310677,280709,591386
68,2058,310677,280709,591386
69,2058,310609,280709,591318
70,2058,310583,280709,591292
71,2058,310117,280695,590812
72,2058,310465,280709,591174
73,2058,310117,280695,590812
74,2058,310117,280695,590812
75,2058,310117,280695,590812
76,2058,310117,280695,590812
77,2058,310117,280695,590812
78,2058,315391,302409,617800
79,2058,313281,301886,615167
80,2058,313582,303403,616985
81,2058,313300,302781,616081
82,2058,313300,302781,616081
83,2058,313300,302781,616081
84,2058,313300,302781,616081
85,2058,313300,302781,616081
86,2058,313300,302781,616081
87,2058,313300,302781,616081
88,2058,313300,302781,616081
89,2058,313300,302781,616081
90,2058,313300,302781,616081
91,2058,313300,302781,616081
92,2058,313300,302781,616081
93,2058,313300,302781,616081
94,2058,313300,302781,616081
95,2058,313300,302781,616081
96,2058,313300,302781,616081
97,2058,313300,302781,616081
98,2058,313300,302781,616081
99,2058,313300,302781,616081
100,2058,313300,302781,616081
0,2058,290678,274865,565543
1,2058,290646,274600,565246
2,2058,290646,274600,565246
3,2058,292028,275935,567963
4,2058,290806,274931,565737
5,2058,291693,275335,567028
6,2058,289512,272972,562484
7,2058,289426,272773,562199
8,2058,292970,275895,568865
9,2058,292042,275514,567556
10,2058,292198,275741,567939
11,2058,291715,275941,567656
12,2058,292280,275815,568095
13,2058,293958,275737,569695
14,2058,295390,275951,571341
15,2058,295576,275625,571201
16,2058,296316,275830,572146
17,2058,302965,276281,579246
18,2058,304630,277408,582038
19,2058,305272,279385,584657
20,2058,308843,280475,589318
21,2058,308966,280464,589430
22,2058,309419,280616,590035
23,2058,309775,280616,590391
24,2058,309777,280616,590393
25,2058,309777,280616,590393
26,2058,309777,280616,590393
27,2058,309777,280616,590393
28,2058,309777,280616,590393
29,2058,309777,280616,590393
30,2058,309777,280616,590393
31,2058,309777,280616,590393
32,2058,309777,280616,590393
33,2058,309777,280616,590393
34,2058,309777,280616,590393
35,2058,309777,280616,590393
36,2058,309777,280616,590393
37,2058,309777,280616,590393
38,2058,309777,280616,590393
39,2058,309777,280616,590393
40,2058,309777,280616,590393
41,2058,310523,280709,591232
42,2058,310523,280709,591232
43,2058,310523,280709,591232
44,2058,310523,280709,591232
45,2058,310523,280709,591232
46,2058,310523,280709,591232
47,2058,310523,280709,591232
48,2058,310523,280709,591232
49,2058,310523,280709,591232
50,2058,310523,280709,591232
51,2058,310523,280709,591232
52,2058,310523,280709,591232
53,2058,310523,280709,591232
54,2058,310523,280709,591232
55,2058,310523,280709,591232
56,2058,310523,280709,591232
57,2058,310523,280709,591232
58,2058,310523,280709,591232
59,2058,310523,280709,591232
60,2058,310523,280709,591232
61,2058,310502,280709,591211
62,2058,310490,280709,591199
63,2058,310629,280709,591338
64,2058,310711,280709,591420
65,2058,310776,280709,591485
66,2058,310677,280709,591386
67,2058,310677,280709,591386
68,2058,310677,280709,591386
69,2058,310609,280709,591318
70,2058,310583,280709,591292
71,2058,310117,280695,590812
72,2058,310465,280709,591174
73,2058,310117,280695,590812
74,2058,310117,280695,590812
75,2058,310117,280695,590812
76,2058,310117,280695,590812
77,2058,310117,280695,590812
78,2058,314163,302133,616296
79,2058,313574,301568,615142
80,2058,313325,302887,616212
81,2058,314143,304623,618766
82,2058,314143,304623,618766
83,2058,314143,304623,618766
84,2058,314143,304623,618766
85,2058,314143,304623,618766
86,2058,314143,304623,618766
87,2058,314143,304623,618766
88,2058,314143,304623,618766
89,2058,314143,304623,618766
90,2058,314143,304623,618766
91,2058,314143,304623,618766
92,2058,314143,304623,618766
93,2058,314143,304623,618766
94,2058,314143,304623,618766
95,2058,314143,304623,618766
96,2058,314143,304623,618766
97,2058,314143,304623,618766
98,2058,314143,304623,618766
99,2058,314143,304623,618766
100,2058,314143,304623,618766
0,2058,289630,273527,563157
1,2058,289084,272978,562062
2,2058,289096,272978,562074
3,2058,291944,275546,567490
4,2058,290744,274239,564983
5,2058,292628,276596,569224
6,2058,290215,273130,563345
7,2058,290379,273170,563549
8,2058,292789,275868,568657
9,2058,292007,275599,567606
10,2058,292516,276305,568821
11,2058,291831,275642,567473
12,2058,293193,276213,569406
13,2058,294133,275848,569981
14,2058,294756,275557,570313
15,2058,295875,275849,571724
16,2058,296104,275804,571908
17,2058,302976,276373,579349
18,2058,304434,277399,581833
19,2058,305026,279291,584317
20,2058,308802,280475,589277
21,2058,308820,280514,589334
22,2058,309407,280616,590023
23,2058,309775,280624,590399
24,2058,309777,280624,590401
25,2058,309777,280624,590401
26,2058,309777,280624,590401
27,2058,309777,280624,590401
28,2058,309777,280624,590401
29,2058,309777,280624,590401
30,2058,309777,280624,590401
31,2058,309777,280624,590401
32,2058,309777,280624,590401
33,2058,309777,280624,590401
34,2058,309777,280624,590401
35,2058,309777,280624,590401
36,2058,309777,280624,590401
37,2058,309777,280616,590393
38,2058,309777,280616,590393
39,2058,309777,280616,590393
40,2058,309777,280616,590393
41,2058,310523,280709,591232
42,2058,310523,280709,591232
43,2058,310523,280709,591232
44,2058,310523,280709,591232
45,2058,310523,280709,591232
46,2058,310523,280709,591232
47,2058,310523,280709,591232
48,2058,310523,280709,591232
49,2058,310523,280709,591232
50,2058,310523,280709,591232
51,2058,310523,280709,591232
52,2058,310523,280709,591232
53,2058,310523,280709,591232
54,2058,310523,280709,591232
55,2058,310523,280709,591232
56,2058,310523,280709,591232
57,2058,310523,280709,591232
58,2058,310523,280709,591232
59,2058,310523,280709,591232
60,2058,310523,280709,591232
61,2058,310502,280709,591211
62,2058,310482,280709,591191
63,2058,310629,280709,591338
64,2058,310711,280709,591420
65,2058,310776,280709,591485
66,2058,310677,280709,591386
67,2058,310677,280709,591386
68,2058,310677,280709,591386
69,2058,310609,280709,591318
70,2058,310583,280709,591292
71,2058,310117,280695,590812
72,2058,310465,280709,591174
73,2058,310117,280695,590812
74,2058,310117,280695,590812
75,2058,310117,280695,590812
76,2058,310117,280695,590812
77,2058,310117,280695,590812
78,2058,312824,302255,615079
79,2058,312361,301855,614216
80,2058,313545,304204,617749
81,2058,315175,307024,622199
82,2058,315175,307024,622199
83,2058,315175,307024,622199
84,2058,315175,307024,622199
85,2058,315175,307024,622199
86,2058,315175,307024,622199
87,2058,315175,307024,622199
88,2058,315175,307024,622199
89,2058,315175,307024,622199
90,2058,315175,307024,622199
91,2058,315175,307024,622199
92,2058,315175,307024,622199
93,2058,315175,307024,622199
94,2058,315175,307024,622199
95,2058,315175,307024,622199
96,2058,315175,307024,622199
97,2058,315175,307024,622199
98,2058,315175,307024,622199
99,2058,315175,307024,622199
100,2058,315175,307024,622199
0,2058,289931,272729,562660
1,2058,289934,272911,562845
2,2058,289982,272952,562934
3,2058,292195,275576,567771
4,2058,291187,274432,565619
5,2058,291032,274005,565037
6,2058,290574,273727,564301
7,2058,291554,273847,565401
8,2058,292191,275275,567466
9,2058,292300,275900,568200
10,2058,291218,275119,566337
11,2058,292350,275661,568011
12,2058,292533,276111,568644
13,2058,294243,276045,570288
14,2058,294509,275322,569831
15,2058,295696,275954,571650
16,2058,295745,275365,571110
17,2058,302787,276624,579411
18,2058,304700,277408,582108
19,2058,305830,279172,585002
20,2058,308798,280475,589273
21,2058,308721,280514,589235
22,2058,309400,280616,590016
23,2058,309775,280624,590399
24,2058,309777,280624,590401
25,2058,309777,280624,590401
26,2058,309777,280624,590401
27,2058,309777,280624,590401
28,2058,309777,280624,590401
29,2058,309777,280624,590401
30,2058,309777,280624,590401
31,2058,309777,280624,590401
32,2058,309777,280624,590401
33,2058,309777,280624,590401
34,2058,309777,280624,590401
35,2058,309777,280624,590401
36,2058,309777,280624,590401
37,2058,309777,280624,590401
38,2058,309777,280624,590401
39,2058,309777,280624,590401
40,2058,309777,280624,590401
41,2058,310523,280709,591232
42,2058,310523,280709,591232
43,2058,310523,280709,591232
44,2058,310523,280709,591232
45,2058,310523,280709,591232
46,2058,310523,280709,591232
47,2058,310523,280709,591232
48,2058,310523,280709,591232
49,2058,310523,280709,591232
50,2058,310523,280709,591232
51,2058,310523,280709,591232
52,2058,310523,280709,591232
53,2058,310523,280709,591232
54,2058,310523,280709,591232
55,2058,310523,280709,591232
56,2058,310523,280709,591232
57,2058,310523,280709,591232
58,2058,310523,280709,591232
59,2058,310523,280709,591232
60,2058,310523,280709,591232
61,2058,310502,280709,591211
62,2058,310542,280709,591251
63,2058,310622,280709,591331
64,2058,310711,280709,591420
65,2058,310776,280709,591485
66,2058,310677,280709,591386
67,2058,310677,280709,591386
68,2058,310677,280709,591386
69,2058,310609,280709,591318
70,2058,310583,280709,591292
71,2058,310117,280695,590812
72,2058,310465,280709,591174
73,2058,310117,280695,590812
74,2058,310117,280695,590812
75,2058,310117,280695,590812
76,2058,310117,280695,590812
77,2058,310117,280695,590812
78,2058,314312,303031,617343
79,2058,314087,303226,617313
80,2058,313783,305497,619280
81,2058,319234,305827,625061
82,2058,319234,305827,625061
83,2058,319234,305827,625061
84,2058,319234,305827,625061
85,2058,319234,305827,625061
86,2058,319234,305827,625061
87,2058,319234,305827,625061
88,2058,319234,305827,625061
89,2058,319234,305827,625061
90,2058,319234,305827,625061
91,2058,319234,305827,625061
92,2058,319234,305827,625061
93,2058,319234,305827,625061
94,2058,319234,305827,625061
95,2058,319234,305827,625061
96,2058,319234,305827,625061
97,2058,319234,305827,625061
98,2058,319234,305827,625061
99,2058,319234,305827,625061
100,2058,319234,305827,625061
0,2058,290389,273324,563713
1,2058,290357,273423,563780
2,2058,290327,273499,563826
3,2058,292216,275829,568045
4,2058,292652,275969,568621
5,2058,290429,274160,564589
6,2058,291995,274742,566737
7,2058,293131,275594,568725
8,2058,292310,275603,567913
9,2058,292239,275895,568134
10,2058,291305,275231,566536
11,2058,292658,276470,569128
12,2058,291894,275712,567606
13,2058,293818,275668,569486
14,2058,294959,275664,570623
15,2058,295329,275541,570870
16,2058,296065,275365,571430
17,2058,302452,276309,578761
18,2058,304434,277399,581833
19,2058,307640,279219,586859
20,2058,308797,280475,589272
21,2058,309191,280529,589720
22,2058,309411,280647,590058
23,2058,309775,280624,590399
24,2058,309777,280624,590401
25,2058,309777,280624,590401
26,2058,309777,280624,590401
27,2058,309777,280624,590401
28,2058,309777,280624,590401
29,2058,309777,280624,590401
30,2058,309777,280624,590401
31,2058,309777,280624,590401
32,2058,309777,280624,590401
33,2058,309777,280624,590401
34,2058,309777,280624,590401
35,2058,309777,280624,590401
36,2058,309777,280624,590401
37,2058,309777,280624,590401
38,2058,309777,280624,590401
39,2058,309777,280624,590401
40,2058,309777,280624,590401
41,2058,310523,280709,591232
42,2058,310523,280709,591232
43,2058,310523,280709,591232
44,2058,310523,280709,591232
45,2058,310523,280709,591232
46,2058,310523,280709,591232
47,2058,310523,280709,591232
48,2058,310523,280709,591232
49,2058,310523,280709,591232
50,2058,310523,280709,591232
51,2058,310523,280709,591232
52,2058,310523,280709,591232
53,2058,310523,280709,591232
54,2058,310523,280709,591232
55,2058,310523,280709,591232
56,2058,310523,280709,591232
57,2058,310523,280709,591232
58,2058,310523,280709,591232
59,2058,310523,280709,591232
60,2058,310523,280709,591232
61,2058,310502,280709,591211
62,2058,310490,280709,591199
63,2058,310622,280709,591331
64,2058,310711,280709,591420
65,2058,310776,280709,591485
66,2058,310677,280709,591386
67,2058,310677,280709,591386
68,2058,310677,280709,591386
69,2058,310609,280709,591318
70,2058,310583,280709,591292
71,2058,310117,280695,590812
72,2058,310465,280709,591174
73,2058,310117,280695,590812
74,2058,310117,280695,590812
75,2058,310117,280695,590812
76,2058,310117,280695,590812
77,2058,310117,280695,590812
78,2058,314565,303350,617915
79,2058,315463,303836,619299
80,2058,315597,307591,623188
81,2058,318475,306338,624813
82,2058,318475,306338,624813
83,2058,318475,306338,624813
84,2058,318475,306338,624813
85,2058,318475,306338,624813
86,2058,318475,306338,624813
87,2058,318475,306338,624813
88,2058,318475,306338,624813
89,2058,318475,306338,624813
90,2058,318475,306338,624813
91,2058,318475,306338,624813
92,2058,318475,306338,624813
93,2058,318475,306338,624813
94,2058,318475,306338,624813
95,2058,318475,306338,624813
96,2058,318475,306338,624813
97,2058,318475,306338,624813
98,2058,318475,306338,624813
99,2058,318475,306338,624813
100,2058,318475,306338,624813
0,2058,291577,274118,565695
1,2058,291704,274059,565763
2,2058,291728,274070,565798
3,2058,292172,275866,568038
4,2058,292520,275795,568315
5,2058,290894,274103,564997
6,2058,293029,275653,568682
7,2058,293002,275585,568587
8,2058,292514,276161,568675
9,2058,292060,275434,567494
10,2058,292373,275869,568242
11,2058,291521,275321,566842
12,2058,292700,275905,568605
13,2058,293942,275538,569480
14,2058,295205,275997,571202
15,2058,296250,275426,571676
16,2058,296330,275907,572237
17,2058,302651,276235,578886
18,2058,304622,277408,582030
19,2058,308470,279310,587780
20,2058,308804,280475,589279
21,2058,309404,280464,589868
22,2058,309411,280647,590058
23,2058,309775,280624,590399
24,2058,309777,280624,590401
25,2058,309777,280624,590401
26,2058,309777,280624,590401
27,2058,309777,280624,590401
28,2058,309777,280624,590401
29,2058,309777,280624,590401
30,2058,309777,280624,590401
31,2058,309777,280624,590401
32,2058,309777,280624,590401
33,2058,309777,280624,590401
34,2058,309777,280624,590401
35,2058,309777,280624,590401
36,2058,309777,280624,590401
37,2058,309777,280624,590401
38,2058,309777,280624,590401
39,2058,309777,280624,590401
40,2058,309777,280624,590401
41,2058,310523,280709,591232
42,2058,310523,280709,591232
43,2058,310523,280709,591232
44,2058,310523,280709,591232
45,2058,310523,280709,591232
46,2058,310523,280709,591232
47,2058,310523,280709,591232
48,2058,310523,280709,591232
49,2058,310523,280709,591232
50,2058,310523,280709,591232
51,2058,310523,280709,591232
52,2058,310523,280709,591232
53,2058,310523,280709,591232
54,2058,310523,280709,591232
55,2058,310523,280709,591232
56,2058,310523,280709,591232
57,2058,310523,280709,591232
58,2058,310523,280709,591232
59,2058,310523,280709,591232
60,2058,310523,280709,591232
61,2058,310502,280709,591211
62,2058,310482,280709,591191
63,2058,310629,280709,591338
64,2058,310711,280709,591420
65,2058,310776,280709,591485
66,2058,310677,280709,591386
67,2058,310677,280709,591386
68,2058,310677,280709,591386
69,2058,310609,280709,591318
70,2058,310583,280709,591292
71,2058,310117,280695,590812
72,2058,310465,280709,591174
73,2058,310117,280695,590812
74,2058,310117,280695,590812
75,2058,310117,280695,590812
76,2058,310117,280695,590812
77,2058,310117,280695,590812
78,2058,314748,304905,619653
79,2058,315681,305040,620721
80,2058,320100,305595,625695
81,2058,319150,304796,623946
82,2058,319150,304796,623946
83,2058,319150,304796,623946
84,2058,319150,304796,623946
85,2058,319150,304796,623946
86,2058,319150,304796,623946
87,2058,319150,304796,623946
88,2058,319150,304796,623946
89,2058,319150,304796,623946
90,2058,319150,304796,623946
91,2058,319150,304796,623946
92,2058,319150,304796,623946
93,2058,319150,304796,623946
94,2058,319150,304796,623946
95,2058,319150,304796,623946
96,2058,319150,304796,623946
97,2058,319150,304796,623946
98,2058,319150,304796,623946
99,2058,319150,304796,623946
100,2058,319150,304796,623946
0,2058,292691,275252,567943
1,2058,292737,275408,568145
2,2058,292737,275396,568133
3,2058,291909,275660,567569
4,2058,292434,275675,568109
5,2058,292224,276129,568353
6,2058,292989,275830,568819
7,2058,292884,275778,568662
8,2058,291224,275620,566844
9,2058,291990,275557,567547
10,2058,292433,276415,568848
11,2058,291391,275660,567051
12,2058,293221,276798,570019
13,2058,294261,275802,570063
14,2058,297791,275834,573625
15,2058,295951,275686,571637
16,2058,296030,275683,571713
17,2058,302367,276387,578754
18,2058,304434,277399,581833
19,2058,309346,279536,588882
20,2058,308804,280475,589279
21,2058,308966,280464,589430
22,2058,309411,280616,590027
23,2058,309775,280624,590399
24,2058,309777,280624,590401
25,2058,309777,280624,590401
26,2058,309777,280624,590401
27,2058,309777,280624,590401
28,2058,309777,280624,590401
29,2058,309777,280624,590401
30,2058,309777,280624,590401
31,2058,309777,280624,590401
32,2058,309777,280624,590401
33,2058,309777,280624,590401
34,2058,309777,280624,590401
35,2058,309777,280624,590401
36,2058,309777,280624,590401
37,2058,309777,280624,590401
38,2058,309777,280624,590401
39,2058,309777,280624,590401
40,2058,309777,280624,590401
41,2058,310523,280709,591232
42,2058,310523,280709,591232
43,2058,310523,280709,591232
44,2058,310523,280709,591232
45,2058,310523,280709,591232
46,2058,310523,280709,591232
47,2058,310523,280709,591232
48,2058,310523,280709,591232
49,2058,310523,280709,591232
50,2058,310523,280709,591232
51,2058,310523,280709,591232
52,2058,310523,280709,591232
53,2058,310523,280709,591232
54,2058,310523,280709,591232
55,2058,310523,280709,591232
56,2058,310523,280709,591232
57,2058,310523,280709,591232
58,2058,310523,280709,591232
59,2058,310523,280709,591232
60,2058,310523,280709,591232
61,2058,310502,280709,591211
62,2058,310542,280709,591251
63,2058,310629,280709,591338
64,2058,310711,280709,591420
65,2058,310776,280709,591485
66,2058,310677,280709,591386
67,2058,310677,280709,591386
68,2058,310677,280709,591386
69,2058,310609,280709,591318
70,2058,310583,280709,591292
71,2058,310117,280695,590812
72,2058,310465,280709,591174
73,2058,310117,280695,590812
74,2058,310117,280695,590812
75,2058,310117,280695,590812
76,2058,310117,280695,590812
77,2058,310117,280695,590812
78,2058,315901,306651,622552
79,2058,316557,307162,623719
80,2058,319112,306085,625197
81,2058,317302,305907,623209
82,2058,317302,305907,623209
83,2058,317302,305907,623209
84,2058,317302,305907,623209
85,2058,317302,305907,623209
86,2058,317302,305907,623209
87,2058,317302,305907,623209
88,2058,317302,305907,623209
89,2058,317302,305907,623209
90,2058,317302,305907,623209
91,2058,317302,305907,623209
92,2058,317302,305907,623209
93,2058,317302,305907,623209
94,2058,317302,305907,623209
95,2058,317302,305907,623209
96,2058,317302,305907,623209
97,2058,317302,305907,623209
98,2058,317302,305907,623209
99,2058,317302,305907,623209
100,2058,317302,305907,623209
0,2059,292160,275407,567567
1,2059,292160,275407,567567
2,2059,292156,275407,567563
3,2059,292317,275433,567750
4,2059,292459,275435,567894
5,2059,292604,275460,568064
6,2059,292715,275538,568253
7,2059,292699,275529,568228
8,2059,292688,275503,568191
9,2059,292689,275485,568174
10,2059,292704,275551,568255
11,2059,292828,275972,568800
12,2059,293342,276256,569598
13,2059,293719,276375,570094
14,2059,293758,276281,570039
15,2059,293823,276272,570095
16,2059,294123,276355,570478
17,2059,294561,276410,570971
18,2059,295789,276733,572522
19,2059,296731,278188,574919
20,2059,296795,278225,575020
21,2059,296833,278284,575117
22,2059,296862,278532,575394
23,2059,296890,278545,575435
24,2059,296890,278545,575435
25,2059,296890,278545,575435
26,2059,296890,278545,575435
27,2059,296890,278545,575435
28,2059,296890,278545,575435
29,2059,296890,278545,575435
30,2059,296890,278545,575435
31,2059,296890,278545,575435
32,2059,296890,278545,575435
33,2059,296890,278545,575435
34,2059,296890,278545,575435
35,2059,296890,278545,575435
36,2059,296890,278545,575435
37,2059,296890,278545,575435
38,2059,296890,278545,575435
39,2059,296890,278545,575435
40,2059,296890,278545,575435
41,2059,296890,278545,575435
42,2059,296890,278545,575435
43,2059,296890,278545,575435
44,2059,296890,278545,575435
45,2059,296890,278545,575435
46,2059,296881,278545,575426
47,2059,296873,278545,575418
48,2059,296873,278545,575418
49,2059,296873,278545,575418
50,2059,296873,278545,575418
51,2059,296873,278595,575468
52,2059,296873,278595,575468
53,2059,296873,278595,575468
54,2059,296873,278595,575468
55,2059,296873,278595,575468
56,2059,296873,278595,575468
57,2059,296873,278595,575468
58,2059,296873,278595,575468
59,2059,296873,278595,575468
60,2059,296873,278595,575468
61,2059,296873,278595,575468
62,2059,296873,278595,575468
63,2059,296873,278595,575468
64,2059,296825,278595,575420
65,2059,296825,278595,575420
66,2059,296738,278595,575333
67,2059,296738,278595,575333
68,2059,296472,278595,575067
69,2059,296377,278595,574972
70,2059,296237,278595,574832
71,2059,295800,278595,574395
72,2059,295800,278595,574395
73,2059,295461,278595,574056
74,2059,295423,278595,574018
75,2059,295423,278595,574018
76,2059,295423,278595,574018
77,2059,295423,278595,574018
78,2059,295423,279554,574977
79,2059,295423,279363,574786
80,2059,295423,279614,575037
81,2059,295423,279743,575166
82,2059,295423,279743,575166
83,2059,295423,279743,575166
84,2059,295423,279743,575166
85,2059,295423,279743,575166
86,2059,295423,279743,575166
87,2059,295423,279743,575166
88,2059,295423,279743,575166
89,2059,295423,279743,575166
90,2059,295423,279743,575166
91,2059,295423,279743,575166
92,2059,295423,279743,575166
93,2059,295423,279743,575166
94,2059,295423,279743,575166
95,2059,295423,279743,575166
96,2059,295423,279743,575166
97,2059,295423,279743,575166
98,2059,295423,279743,575166
99,2059,295423,279743,575166
100,2059,295423,279743,575166
0,2059,292266,275259,567525
1,2059,292266,275259,567525
2,2059,292259,275259,567518
3,2059,292436,275274,567710
4,2059,292615,275193,567808
5,2059,292741,275299,568040
6,2059,292868,275406,568274
7,2059,292842,275390,568232
8,2059,292820,275364,568184
9,2059,292815,275344,568159
10,2059,292810,275474,568284
11,2059,292862,275699,568561
12,2059,293184,275754,568938
13,2059,293704,275708,569412
14,2059,293937,275800,569737
15,2059,294124,275792,569916
16,2059,294466,275859,570325
17,2059,295672,275850,571522
18,2059,297964,276497,574461
19,2059,298821,278322,577143
20,2059,299958,278491,578449
21,2059,300126,278538,578664
22,2059,300128,279006,579134
23,2059,300136,279020,579156
24,2059,300136,279020,579156
25,2059,300136,279020,579156
26,2059,300136,279020,579156
27,2059,300136,279020,579156
28,2059,300136,279020,579156
29,2059,300136,279020,579156
30,2059,300136,279020,579156
31,2059,300136,279020,579156
32,2059,300136,279020,579156
33,2059,300136,279020,579156
34,2059,300136,279020,579156
35,2059,300136,279020,579156
36,2059,300136,279020,579156
37,2059,300136,279020,579156
38,2059,300136,279020,579156
39,2059,300136,279020,579156
40,2059,300136,279020,579156
41,2059,300136,279020,579156
42,2059,300136,279020,579156
43,2059,300136,279020,579156
44,2059,300538,279020,579558
45,2059,300538,279020,579558
46,2059,300536,279020,579556
47,2059,300528,279020,579548
48,2059,300528,279020,579548
49,2059,300528,279020,579548
50,2059,300528,279020,579548
51,2059,300528,279059,579587
52,2059,300528,279059,579587
53,2059,300528,279059,579587
54,2059,300528,279059,579587
55,2059,300528,279059,579587
56,2059,300528,279059,579587
57,2059,300528,279059,579587
58,2059,300528,279059,579587
59,2059,300528,279059,579587
60,2059,300528,279059,579587
61,2059,300528,279059,579587
62,2059,300528,279059,579587
63,2059,300528,279059,579587
64,2059,300557,279059,579616
65,2059,300557,279059,579616
66,2059,300066,279059,579125
67,2059,300008,279059,579067
68,2059,299613,279059,578672
69,2059,299663,279059,578722
70,2059,299415,279037,578452
71,2059,298888,279037,577925
72,2059,298782,279037,577819
73,2059,298283,278963,577246
74,2059,298238,278963,577201
75,2059,298238,278963,577201
76,2059,298238,278963,577201
77,2059,298238,278963,577201
78,2059,298344,280269,578613
79,2059,298259,280078,578337
80,2059,298344,280826,579170
81,2059,298338,280568,578906
82,2059,298338,280568,578906
83,2059,298338,280568,578906
84,2059,298338,280568,578906
85,2059,298338,280568,578906
86,2059,298338,280568,578906
87,2059,298338,280568,578906
88,2059,298338,280568,578906
89,2059,298338,280568,578906
90,2059,298338,280568,578906
91,2059,298338,280568,578906
92,2059,298338,280568,578906
93,2059,298338,280568,578906
94,2059,298338,280568,578906
95,2059,298338,280568,578906
96,2059,298338,280568,578906
97,2059,298338,280568,578906
98,2059,298338,280568,578906
99,2059,298338,280568,578906
100,2059,298338,280568,578906
0,2059,292274,275413,567687
1,2059,292274,275413,567687
2,2059,292266,275413,567679
3,2059,292417,275347,567764
4,2059,292716,275394,568110
5,2059,292856,275450,568306
6,2059,292910,275526,568436
7,2059,292866,275510,568376
8,2059,292838,275471,568309
9,2059,292865,275477,568342
10,2059,292819,275561,568380
11,2059,292909,275804,568713
12,2059,293366,276259,569625
13,2059,294527,276216,570743
14,2059,294776,276418,571194
15,2059,295034,276413,571447
16,2059,296135,276482,572617
17,2059,297419,276524,573943
18,2059,299982,276890,576872
19,2059,300697,278092,578789
20,2059,300794,278561,579355
21,2059,301474,278636,580110
22,2059,301310,278941,580251
23,2059,301326,278955,580281
24,2059,301326,278955,580281
25,2059,301326,278955,580281
26,2059,301326,278955,580281
27,2059,301326,278955,580281
28,2059,301326,278955,580281
29,2059,301326,278955,580281
30,2059,301326,278955,580281
31,2059,301326,278955,580281
32,2059,301326,278955,580281
33,2059,301326,278955,580281
34,2059,301326,278955,580281
35,2059,301326,278955,580281
36,2059,301326,278955,580281
37,2059,301326,278955,580281
38,2059,301326,278955,580281
39,2059,301326,278955,580281
40,2059,301326,278955,580281
41,2059,301326,278955,580281
42,2059,301326,278955,580281
43,2059,301333,278955,580288
44,2059,303077,279111,582188
45,2059,303077,279111,582188
46,2059,302118,279111,581229
47,2059,302109,279111,581220
48,2059,302109,279111,581220
49,2059,302109,279111,581220
50,2059,302109,279111,581220
51,2059,302109,279149,581258
52,2059,302109,279149,581258
53,2059,302109,279149,581258
54,2059,302109,279149,581258
55,2059,302109,279149,581258
56,2059,302109,279149,581258
57,2059,302109,279149,581258
58,2059,302109,279149,581258
59,2059,302109,279149,581258
60,2059,302109,279149,581258
61,2059,302109,279149,581258
62,2059,302109,279149,581258
63,2059,302109,279149,581258
64,2059,303056,279149,582205
65,2059,303056,279149,582205
66,2059,301751,278994,580745
67,2059,301764,278926,580690
68,2059,301625,278926,580551
69,2059,301693,278926,580619
70,2059,301698,278926,580624
71,2059,302699,279051,581750
72,2059,302614,279051,581665
73,2059,301717,279129,580846
74,2059,301717,279129,580846
75,2059,301717,279129,580846
76,2059,301717,279129,580846
77,2059,301717,279129,580846
78,2059,301618,283834,585452
79,2059,301588,283520,585108
80,2059,301523,283856,585379
81,2059,301545,283856,585401
82,2059,301545,283856,585401
83,2059,301545,283856,585401
84,2059,301545,283856,585401
85,2059,301545,283856,585401
86,2059,301545,283856,585401
87,2059,301545,283856,585401
88,2059,301545,283856,585401
89,2059,301545,283856,585401
90,2059,301545,283856,585401
91,2059,301545,283856,585401
92,2059,301545,283856,585401
93,2059,301545,283856,585401
94,2059,301545,283856,585401
95,2059,301545,283856,585401
96,2059,301545,283856,585401
97,2059,301545,283856,585401
98,2059,301545,283856,585401
99,2059,301545,283856,585401
100,2059,301545,283856,585401
0,2059,292099,274901,567000
1,2059,292099,274901,567000
2,2059,292091,274901,566992
3,2059,292300,274901,567201
4,2059,292463,274931,567394
5,2059,292518,274983,567501
6,2059,292615,275035,567650
7,2059,292607,275057,567664
8,2059,292601,275043,567644
9,2059,292574,275024,567598
10,2059,292549,275055,567604
11,2059,292624,275339,567963
12,2059,293047,275490,568537
13,2059,294584,275590,570174
14,2059,295239,275679,570918
15,2059,297561,275661,573222
16,2059,296031,275360,571391
17,2059,298511,275281,573792
18,2059,300960,276311,577271
19,2059,318140,278178,596318
20,2059,318570,278704,597274
21,2059,307169,279147,586316
22,2059,306963,279195,586158
23,2059,307025,279209,586234
24,2059,307025,279209,586234
25,2059,307025,279209,586234
26,2059,307025,279209,586234
27,2059,307025,279209,586234
28,2059,307025,279209,586234
29,2059,307025,279209,586234
30,2059,307025,279209,586234
31,2059,307025,279209,586234
32,2059,307025,279209,586234
33,2059,307025,279209,586234
34,2059,307025,279209,586234
35,2059,307025,279209,586234
36,2059,307025,279209,586234
37,2059,307025,279209,586234
38,2059,307025,279209,586234
39,2059,307025,279209,586234
40,2059,307025,279209,586234
41,2059,307025,279209,586234
42,2059,307025,279209,586234
43,2059,307025,279209,586234
44,2059,309401,279433,588834
45,2059,309401,279433,588834
46,2059,308138,279364,587502
47,2059,308207,279364,587571
48,2059,308207,279364,587571
49,2059,308207,279364,587571
50,2059,308207,279364,587571
51,2059,308198,279402,587600
52,2059,308198,279402,587600
53,2059,308198,279402,587600
54,2059,308198,279402,587600
55,2059,308198,279402,587600
56,2059,308198,279402,587600
57,2059,308198,279402,587600
58,2059,308198,279402,587600
59,2059,308198,279402,587600
60,2059,308198,279402,587600
61,2059,308198,279402,587600
62,2059,308198,279402,587600
63,2059,308198,279402,587600
64,2059,309449,279472,588921
65,2059,309538,279472,589010
66,2059,307947,279400,587347
67,2059,308227,279400,587627
68,2059,307618,279138,586756
69,2059,307735,279232,586967
70,2059,307742,279123,586865
71,2059,309127,279187,588314
72,2059,308751,279129,587880
73,2059,307179,279129,586308
74,2059,307179,279129,586308
75,2059,307179,279129,586308
76,2059,307179,279129,586308
77,2059,307179,279129,586308
78,2059,306934,286413,593347
79,2059,306862,284996,591858
80,2059,306855,286432,593287
81,2059,306855,286432,593287
82,2059,306855,286432,593287
83,2059,306855,286432,593287
84,2059,306855,286432,593287
85,2059,306855,286432,593287
86,2059,306855,286432,593287
87,2059,306855,286432,593287
88,2059,306855,286432,593287
89,2059,306855,286432,593287
90,2059,306855,286432,593287
91,2059,306855,286432,593287
92,2059,306855,286432,593287
93,2059,306855,286432,593287
94,2059,306855,286432,593287
95,2059,306855,286432,593287
96,2059,306855,286432,593287
97,2059,306855,286432,593287
98,2059,306855,286432,593287
99,2059,306855,286432,593287
100,2059,306855,286432,593287
0,2059,292414,276267,568681
1,2059,292414,276267,568681
2,2059,292410,276267,568677
3,2059,292524,276267,568791
4,2059,292770,276374,569144
5,2059,292782,276405,569187
6,2059,292777,275836,568613
7,2059,292789,275833,568622
8,2059,292809,276105,568914
9,2059,292817,276218,569035
10,2059,292752,276008,568760
11,2059,292786,276013,568799
12,2059,292637,275836,568473
13,2059,294207,275567,569774
14,2059,297544,275452,572996
15,2059,296712,275491,572203
16,2059,295873,275344,571217
17,2059,298696,275638,574334
18,2059,308040,277244,585284
19,2059,310244,279250,589494
20,2059,310992,279343,590335
21,2059,309447,279369,588816
22,2059,309498,279517,589015
23,2059,309548,279517,589065
24,2059,309548,279517,589065
25,2059,309548,279517,589065
26,2059,309548,279517,589065
27,2059,309548,279517,589065
28,2059,309548,279517,589065
29,2059,309548,279517,589065
30,2059,309548,279517,589065
31,2059,309548,279517,589065
32,2059,309548,279517,589065
33,2059,309548,279517,589065
34,2059,309548,279517,589065
35,2059,309548,279517,589065
36,2059,309548,279517,589065
37,2059,309933,279517,589450
38,2059,309933,279517,589450
39,2059,309933,279517,589450
40,2059,309933,279517,589450
41,2059,309933,279517,589450
42,2059,309933,279517,589450
43,2059,309933,279517,589450
44,2059,311218,279445,590663
45,2059,311218,279445,590663
46,2059,311078,279485,590563
47,2059,311078,279485,590563
48,2059,311078,279485,590563
49,2059,311078,279485,590563
50,2059,311078,279485,590563
51,2059,311087,279523,590610
52,2059,311087,279523,590610
53,2059,311087,279523,590610
54,2059,311087,279523,590610
55,2059,311087,279523,590610
56,2059,311087,279523,590610
57,2059,311087,279523,590610
58,2059,311087,279523,590610
59,2059,311087,279523,590610
60,2059,311087,279523,590610
61,2059,311087,279523,590610
62,2059,311087,279523,590610
63,2059,311197,279523,590720
64,2059,311402,279483,590885
65,2059,311494,279483,590977
66,2059,311142,279522,590664
67,2059,311181,279522,590703
68,2059,310276,279498,589774
69,2059,310326,279498,589824
70,2059,310257,279585,589842
71,2059,310672,279598,590270
72,2059,310683,279572,590255
73,2059,309854,279579,589433
74,2059,309854,279579,589433
75,2059,309854,279579,589433
76,2059,309854,279579,589433
77,2059,309854,279579,589433
78,2059,309223,297053,606276
79,2059,309182,295170,604352
80,2059,309215,297002,606217
81,2059,309223,297359,606582
82,2059,309223,297359,606582
83,2059,309223,297359,606582
84,2059,309223,297359,606582
85,2059,309223,297359,606582
86,2059,309223,297359,606582
87,2059,309223,297359,606582
88,2059,309223,297359,606582
89,2059,309223,297359,606582
90,2059,309223,297359,606582
91,2059,309223,297359,606582
92,2059,309223,297359,606582
93,2059,309223,297359,606582
94,2059,309223,297359,606582
95,2059,309223,297359,606582
96,2059,309223,297359,606582
97,2059,309223,297359,606582
98,2059,309223,297359,606582
99,2059,309223,297359,606582
100,2059,309223,297359,606582
0,2059,290839,275033,565872
1,2059,290839,275033,565872
2,2059,290835,275033,565868
3,2059,290937,275233,566170
4,2059,291005,274937,565942
5,2059,291046,275155,566201
6,2059,292232,276240,568472
7,2059,292199,276233,568432
8,2059,291249,275661,566910
9,2059,291199,275601,566800
10,2059,292123,276191,568314
11,2059,292361,276048,568409
12,2059,293171,276060,569231
13,2059,294126,275531,569657
14,2059,296668,275937,572605
15,2059,295244,275388,570632
16,2059,296127,275713,571840
17,2059,298662,276231,574893
18,2059,305162,277907,583069
19,2059,309543,280666,590209
20,2059,310358,280573,590931
21,2059,310236,280007,590243
22,2059,310517,280086,590603
23,2059,310504,280086,590590
24,2059,310504,280086,590590
25,2059,310504,280086,590590
26,2059,310504,280086,590590
27,2059,310504,280086,590590
28,2059,310504,280086,590590
29,2059,310504,280086,590590
30,2059,310504,280086,590590
31,2059,310504,280086,590590
32,2059,310504,280086,590590
33,2059,310504,280086,590590
34,2059,310504,280086,590590
35,2059,310504,280086,590590
36,2059,310504,280086,590590
37,2059,310568,280086,590654
38,2059,310568,280086,590654
39,2059,310568,280086,590654
40,2059,310568,280086,590654
41,2059,310949,280086,591035
42,2059,310949,280086,591035
43,2059,310949,280086,591035
44,2059,311212,280770,591982
45,2059,311212,280770,591982
46,2059,311402,280718,592120
47,2059,311402,280718,592120
48,2059,311402,280718,592120
49,2059,311402,280718,592120
50,2059,311402,280718,592120
51,2059,311402,280757,592159
52,2059,311402,280757,592159
53,2059,311402,280757,592159
54,2059,311402,280757,592159
55,2059,311402,280757,592159
56,2059,311402,280757,592159
57,2059,311402,280757,592159
58,2059,311402,280757,592159
59,2059,311402,280757,592159
60,2059,311402,280757,592159
61,2059,311402,280757,592159
62,2059,311402,280757,592159
63,2059,311500,280757,592257
64,2059,311363,280826,592189
65,2059,311724,280826,592550
66,2059,311611,280757,592368
67,2059,311478,280757,592235
68,2059,311136,280282,591418
69,2059,311224,280386,591610
70,2059,311089,280359,591448
71,2059,311023,280782,591805
72,2059,311415,280757,592172
73,2059,310475,280113,590588
74,2059,310475,280113,590588
75,2059,310475,280113,590588
76,2059,310475,280113,590588
77,2059,310475,280113,590588
78,2059,312080,301426,613506
79,2059,311717,300216,611933
80,2059,312078,301550,613628
81,2059,312097,305369,617466
82,2059,312097,305369,617466
83,2059,312097,305369,617466
84,2059,312097,305369,617466
85,2059,312097,305369,617466
86,2059,312097,305369,617466
87,2059,312097,305369,617466
88,2059,312097,305369,617466
89,2059,312097,305369,617466
90,2059,312097,305369,617466
91,2059,312097,305369,617466
92,2059,312097,305369,617466
93,2059,312097,305369,617466
94,2059,312097,305369,617466
95,2059,312097,305369,617466
96,2059,312097,305369,617466
97,2059,312097,305369,617466
98,2059,312097,305369,617466
99,2059,312097,305369,617466
100,2059,312097,305369,617466
0,2059,289659,274603,564262
1,2059,289659,274603,564262
2,2059,289665,274603,564268
3,2059,290131,274992,565123
4,2059,290075,275018,565093
5,2059,290517,275453,565970
6,2059,291142,275727,566869
7,2059,291129,275727,566856
8,2059,291983,276029,568012
9,2059,291141,275810,566951
10,2059,291146,275616,566762
11,2059,292016,276074,568090
12,2059,292897,276138,569035
13,2059,294262,276019,570281
14,2059,294683,275572,570255
15,2059,297679,275397,573076
16,2059,295993,275946,571939
17,2059,298812,276626,575438
18,2059,303893,278118,582011
19,2059,307392,280296,587688
20,2059,308113,280287,588400
21,2059,310267,280533,590800
22,2059,310619,280734,591353
23,2059,310685,280734,591419
24,2059,310685,280734,591419
25,2059,310685,280734,591419
26,2059,310685,280734,591419
27,2059,310685,280734,591419
28,2059,310685,280734,591419
29,2059,310685,280734,591419
30,2059,310685,280734,591419
31,2059,310685,280734,591419
32,2059,310685,280734,591419
33,2059,310685,280734,591419
34,2059,310685,280734,591419
35,2059,310685,280734,591419
36,2059,310685,280734,591419
37,2059,310706,280734,591440
38,2059,310706,280734,591440
39,2059,310706,280734,591440
40,2059,310706,280734,591440
41,2059,311060,280758,591818
42,2059,311060,280758,591818
43,2059,311060,280758,591818
44,2059,310515,280639,591154
45,2059,310515,280639,591154
46,2059,310557,280639,591196
47,2059,310557,280639,591196
48,2059,310557,280639,591196
49,2059,310557,280639,591196
50,2059,310557,280639,591196
51,2059,310557,280639,591196
52,2059,310557,280639,591196
53,2059,310557,280639,591196
54,2059,310557,280639,591196
55,2059,310557,280639,591196
56,2059,310557,280639,591196
57,2059,310557,280639,591196
58,2059,310557,280639,591196
59,2059,310557,280639,591196
60,2059,310557,280639,591196
61,2059,310557,280639,591196
62,2059,310557,280639,591196
63,2059,310910,280639,591549
64,2059,310761,280639,591400
65,2059,311033,280639,591672
66,2059,311135,280672,591807
67,2059,310932,280639,591571
68,2059,311116,280771,591887
69,2059,311041,280703,591744
70,2059,310992,280666,591658
71,2059,310516,280639,591155
72,2059,310473,280639,591112
73,2059,311008,280697,591705
74,2059,311008,280697,591705
75,2059,311008,280697,591705
76,2059,311008,280697,591705
77,2059,311008,280697,591705
78,2059,314470,302480,616950
79,2059,314144,302411,616555
80,2059,314352,302829,617181
81,2059,316242,304224,620466
82,2059,316242,304224,620466
83,2059,316242,304224,620466
84,2059,316242,304224,620466
85,2059,316242,304224,620466
86,2059,316242,304224,620466
87,2059,316242,304224,620466
88,2059,316242,304224,620466
89,2059,316242,304224,620466
90,2059,316242,304224,620466
91,2059,316242,304224,620466
92,2059,316242,304224,620466
93,2059,316242,304224,620466
94,2059,316242,304224,620466
95,2059,316242,304224,620466
96,2059,316242,304224,620466
97,2059,316242,304224,620466
98,2059,316242,304224,620466
99,2059,316242,304224,620466
100,2059,316242,304224,620466
0,2059,289139,272661,561800
1,2059,289139,272661,561800
2,2059,289140,272661,561801
3,2059,289119,272764,561883
4,2059,289360,272455,561815
5,2059,290329,273837,564166
6,2059,290582,275044,565626
7,2059,290513,275001,565514
8,2059,291822,275327,567149
9,2059,292040,275205,567245
10,2059,290765,275121,565886
11,2059,291646,275629,567275
12,2059,292463,275852,568315
13,2059,293960,275907,569867
14,2059,294086,274870,568956
15,2059,297101,275906,573007
16,2059,295988,275549,571537
17,2059,299178,275915,575093
18,2059,303074,277430,580504
19,2059,305532,280384,585916
20,2059,307797,280492,588289
21,2059,309263,280395,589658
22,2059,309846,280601,590447
23,2059,310066,280601,590667
24,2059,310068,280601,590669
25,2059,310068,280601,590669
26,2059,310068,280601,590669
27,2059,310068,280601,590669
28,2059,310068,280601,590669
29,2059,310068,280601,590669
30,2059,310068,280601,590669
31,2059,310068,280601,590669
32,2059,310068,280601,590669
33,2059,310068,280601,590669
34,2059,310068,280601,590669
35,2059,310068,280601,590669
36,2059,310068,280601,590669
37,2059,310106,280601,590707
38,2059,310106,280601,590707
39,2059,310106,280601,590707
40,2059,310106,280601,590707
41,2059,310504,280601,591105
42,2059,310504,280601,591105
43,2059,310504,280601,591105
44,2059,310371,280615,590986
45,2059,310371,280615,590986
46,2059,310431,280601,591032
47,2059,310431,280601,591032
48,2059,310431,280601,591032
49,2059,310431,280601,591032
50,2059,310431,280601,591032
51,2059,310431,280601,591032
52,2059,310431,280601,591032
53,2059,310431,280601,591032
54,2059,310431,280601,591032
55,2059,310431,280601,591032
56,2059,310431,280601,591032
57,2059,310431,280601,591032
58,2059,310431,280601,591032
59,2059,310431,280601,591032
60,2059,310425,280601,591026
61,2059,310396,280601,590997
62,2059,310384,280601,590985
63,2059,310452,280601,591053
64,2059,310622,280615,591237
65,2059,310565,280615,591180
66,2059,310466,280601,591067
67,2059,310560,280601,591161
68,2059,310503,280601,591104
69,2059,310459,280601,591060
70,2059,310415,280601,591016
71,2059,310321,280601,590922
72,2059,310394,280611,591005
73,2059,310297,280601,590898
74,2059,310297,280601,590898
75,2059,310297,280601,590898
76,2059,310297,280601,590898
77,2059,310297,280601,590898
78,2059,316765,303090,619855
79,2059,316576,303067,619643
80,2059,316701,303735,620436
81,2059,316971,305349,622320
82,2059,316971,305349,622320
83,2059,316971,305349,622320
84,2059,316971,305349,622320
85,2059,316971,305349,622320
86,2059,316971,305349,622320
87,2059,316971,305349,622320
88,2059,316971,305349,622320
89,2059,316971,305349,622320
90,2059,316971,305349,622320
91,2059,316971,305349,622320
92,2059,316971,305349,622320
93,2059,316971,305349,622320
94,2059,316971,305349,622320
95,2059,316971,305349,622320
96,2059,316971,305349,622320
97,2059,316971,305349,622320
98,2059,316971,305349,622320
99,2059,316971,305349,622320
100,2059,316971,305349,622320
0,2059,290394,273022,563416
1,2059,290394,272960,563354
2,2059,290359,272960,563319
3,2059,290259,272886,563145
4,2059,290454,272808,563262
5,2059,291611,274441,566052
6,2059,290844,274238,565082
7,2059,290993,274439,565432
8,2059,292558,275788,568346
9,2059,292683,276220,568903
10,2059,290916,274282,565198
11,2059,292270,275799,568069
12,2059,292527,276121,568648
13,2059,293904,275836,569740
14,2059,293814,275619,569433
15,2059,296491,275550,572041
16,2059,296013,275404,571417
17,2059,300549,276014,576563
18,2059,303703,277256,580959
19,2059,304886,279668,584554
20,2059,307763,280642,588405
21,2059,308577,280432,589009
22,2059,309209,280601,589810
23,2059,309657,280601,590258
24,2059,309658,280601,590259
25,2059,309658,280601,590259
26,2059,309658,280601,590259
27,2059,309658,280601,590259
28,2059,309658,280601,590259
29,2059,309658,280601,590259
30,2059,309658,280601,590259
31,2059,309658,280601,590259
32,2059,309658,280601,590259
33,2059,309658,280601,590259
34,2059,309658,280601,590259
35,2059,309658,280601,590259
36,2059,309658,280601,590259
37,2059,309666,280681,590347
38,2059,309666,280681,590347
39,2059,309666,280681,590347
40,2059,309666,280681,590347
41,2059,310400,280705,591105
42,2059,310400,280705,591105
43,2059,310400,280705,591105
44,2059,310418,280719,591137
45,2059,310418,280719,591137
46,2059,310454,280719,591173
47,2059,310454,280719,591173
48,2059,310454,280719,591173
49,2059,310454,280719,591173
50,2059,310454,280719,591173
51,2059,310454,280719,591173
52,2059,310454,280719,591173
53,2059,310454,280719,591173
54,2059,310454,280719,591173
55,2059,310454,280719,591173
56,2059,310454,280719,591173
57,2059,310454,280719,591173
58,2059,310454,280719,591173
59,2059,310454,280719,591173
60,2059,310454,280719,591173
61,2059,310425,280719,591144
62,2059,310355,280719,591074
63,2059,310557,280719,591276
64,2059,310622,280709,591331
65,2059,310657,280709,591366
66,2059,310551,280719,591270
67,2059,310578,280709,591287
68,2059,310595,280719,591314
69,2059,310527,280719,591246
70,2059,310501,280719,591220
71,2059,310167,280719,590886
72,2059,310365,280719,591084
73,2059,310097,280705,590802
74,2059,310097,280705,590802
75,2059,310097,280705,590802
76,2059,310097,280705,590802
77,2059,310097,280705,590802
78,2059,316031,304649,620680
79,2059,316015,304523,620538
80,2059,316491,304884,621375
81,2059,317021,307179,624200
82,2059,317021,307179,624200
83,2059,317021,307179,624200
84,2059,317021,307179,624200
85,2059,317021,307179,624200
86,2059,317021,307179,624200
87,2059,317021,307179,624200
88,2059,317021,307179,624200
89,2059,317021,307179,624200
90,2059,317021,307179,624200
91,2059,317021,307179,624200
92,2059,317021,307179,624200
93,2059,317021,307179,624200
94,2059,317021,307179,624200
95,2059,317021,307179,624200
96,2059,317021,307179,624200
97,2059,317021,307179,624200
98,2059,317021,307179,624200
99,2059,317021,307179,624200
100,2059,317021,307179,624200
0,2059,291389,273588,564977
1,2059,291361,273588,564949
2,2059,291342,273588,564930
3,2059,290486,273473,563959
4,2059,291427,273538,564965
5,2059,292690,275544,568234
6,2059,291841,274747,566588
7,2059,291918,275199,567117
8,2059,292254,275800,568054
9,2059,291248,275379,566627
10,2059,292120,274848,566968
11,2059,292386,276244,568630
12,2059,292471,275750,568221
13,2059,293842,275635,569477
14,2059,294684,275923,570607
15,2059,295202,274951,570153
16,2059,296309,275544,571853
17,2059,300680,275961,576641
18,2059,306176,277396,583572
19,2059,304844,279082,583926
20,2059,307760,280252,588012
21,2059,308575,280608,589183
22,2059,309265,280695,589960
23,2059,309759,280695,590454
24,2059,309761,280695,590456
25,2059,309761,280695,590456
26,2059,309761,280695,590456
27,2059,309761,280695,590456
28,2059,309761,280695,590456
29,2059,309761,280695,590456
30,2059,309761,280695,590456
31,2059,309761,280695,590456
32,2059,309761,280695,590456
33,2059,309761,280695,590456
34,2059,309761,280695,590456
35,2059,309761,280695,590456
36,2059,309761,280695,590456
37,2059,309760,280695,590455
38,2059,309760,280695,590455
39,2059,309760,280695,590455
40,2059,309760,280695,590455
41,2059,310532,280719,591251
42,2059,310532,280719,591251
43,2059,310532,280719,591251
44,2059,310612,280709,591321
45,2059,310612,280709,591321
46,2059,310612,280709,591321
47,2059,310612,280709,591321
48,2059,310612,280709,591321
49,2059,310612,280709,591321
50,2059,310612,280709,591321
51,2059,310612,280709,591321
52,2059,310612,280709,591321
53,2059,310612,280709,591321
54,2059,310612,280709,591321
55,2059,310612,280709,591321
56,2059,310612,280709,591321
57,2059,310612,280709,591321
58,2059,310612,280709,591321
59,2059,310612,280709,591321
60,2059,310612,280709,591321
61,2059,310583,280709,591292
62,2059,310342,280719,591061
63,2059,310663,280709,591372
64,2059,310791,280709,591500
65,2059,310817,280709,591526
66,2059,310711,280709,591420
67,2059,310719,280709,591428
68,2059,310627,280709,591336
69,2059,310569,280709,591278
70,2059,310553,280709,591262
71,2059,310114,280719,590833
72,2059,310402,280719,591121
73,2059,310099,280695,590794
74,2059,310099,280695,590794
75,2059,310099,280695,590794
76,2059,310099,280695,590794
77,2059,310099,280695,590794
78,2059,316416,306500,622916
79,2059,316414,306851,623265
80,2059,317112,306603,623715
81,2059,320548,305311,625859
82,2059,320548,305311,625859
83,2059,320548,305311,625859
84,2059,320548,305311,625859
85,2059,320548,305311,625859
86,2059,320548,305311,625859
87,2059,320548,305311,625859
88,2059,320548,305311,625859
89,2059,320548,305311,625859
90,2059,320548,305311,625859
91,2059,320548,305311,625859
92,2059,320548,305311,625859
93,2059,320548,305311,625859
94,2059,320548,305311,625859
95,2059,320548,305311,625859
96,2059,320548,305311,625859
97,2059,320548,305311,625859
98,2059,320548,305311,625859
99,2059,320548,305311,625859
100,2059,320548,305311,625859
0,2059,292751,275522,568273
1,2059,292768,275518,568286
2,2059,292769,275518,568287
3,2059,291789,274356,566145
4,2059,293025,274710,567735
5,2059,292813,276399,569212
6,2059,292765,276223,568988
7,2059,292672,276268,568940
8,2059,292330,276276,568606
9,2059,291393,275989,567382
10,2059,292673,276157,568830
11,2059,291584,275622,567206
12,2059,292581,275830,568411
13,2059,294134,275933,570067
14,2059,295041,276344,571385
15,2059,297727,275310,573037
16,2059,296109,275747,571856
17,2059,313874,275931,589805
18,2059,305144,277547,582691
19,2059,305947,279202,585149
20,2059,308539,280233,588772
21,2059,309150,280634,589784
22,2059,309340,280727,590067
23,2059,309735,280695,590430
24,2059,309736,280695,590431
25,2059,309736,280695,590431
26,2059,309736,280695,590431
27,2059,309736,280695,590431
28,2059,309736,280695,590431
29,2059,309736,280695,590431
30,2059,309736,280695,590431
31,2059,309736,280695,590431
32,2059,309736,280695,590431
33,2059,309736,280695,590431
34,2059,309736,280695,590431
35,2059,309736,280695,590431
36,2059,309736,280695,590431
37,2059,309736,280695,590431
38,2059,309736,280695,590431
39,2059,309736,280695,590431
40,2059,309736,280695,590431
41,2059,310615,280709,591324
42,2059,310615,280709,591324
43,2059,310615,280709,591324
44,2059,310580,280709,591289
45,2059,310580,280709,591289
46,2059,310589,280709,591298
47,2059,310589,280709,591298
48,2059,310589,280709,591298
49,2059,310589,280709,591298
50,2059,310589,280709,591298
51,2059,310589,280709,591298
52,2059,310589,280709,591298
53,2059,310589,280709,591298
54,2059,310589,280709,591298
55,2059,310589,280709,591298
56,2059,310589,280709,591298
57,2059,310589,280709,591298
58,2059,310589,280709,591298
59,2059,310589,280709,591298
60,2059,310589,280709,591298
61,2059,310560,280709,591269
62,2059,310362,280719,591081
63,2059,310688,280709,591397
64,2059,310777,280709,591486
65,2059,310815,280709,591524
66,2059,310706,280709,591415
67,2059,310743,280709,591452
68,2059,310757,280709,591466
69,2059,310692,280709,591401
70,2059,310676,280709,591385
71,2059,310183,280695,590878
72,2059,310549,280719,591268
73,2059,310133,280695,590828
74,2059,310133,280695,590828
75,2059,310133,280695,590828
76,2059,310133,280695,590828
77,2059,310133,280695,590828
78,2059,319143,305453,624596
79,2059,319327,305676,625003
80,2059,319274,305068,624342
81,2059,318978,306401,625379
82,2059,318978,306401,625379
83,2059,318978,306401,625379
84,2059,318978,306401,625379
85,2059,318978,306401,625379
86,2059,318978,306401,625379
87,2059,318978,306401,625379
88,2059,318978,306401,625379
89,2059,318978,306401,625379
90,2059,318978,306401,625379
91,2059,318978,306401,625379
92,2059,318978,306401,625379
93,2059,318978,306401,625379
94,2059,318978,306401,625379
95,2059,318978,306401,625379
96,2059,318978,306401,625379
97,2059,318978,306401,625379
98,2059,318978,306401,625379
99,2059,318978,306401,625379
100,2059,318978,306401,625379
0,2059,292327,275510,567837
1,2059,292327,275659,567986
2,2059,292320,275647,567967
3,2059,292875,275527,568402
4,2059,292828,275721,568549
5,2059,291154,274409,565563
6,2059,291431,275516,566947
7,2059,291405,275336,566741
8,2059,290990,275061,566051
9,2059,292128,275695,567823
10,2059,291559,275769,567328
11,2059,291377,275586,566963
12,2059,293155,276000,569155
13,2059,294189,275958,570147
14,2059,295769,275717,571486
15,2059,297153,275649,572802
16,2059,295944,275372,571316
17,2059,307331,276682,584013
18,2059,304499,277441,581940
19,2059,307335,279222,586557
20,2059,309367,280247,589614
21,2059,309425,280514,589939
22,2059,309452,280752,590204
23,2059,309762,280695,590457
24,2059,309764,280695,590459
25,2059,309764,280695,590459
26,2059,309764,280695,590459
27,2059,309764,280695,590459
28,2059,309764,280695,590459
29,2059,309764,280695,590459
30,2059,309764,280695,590459
31,2059,309764,280695,590459
32,2059,309764,280695,590459
33,2059,309764,280695,590459
34,2059,309764,280695,590459
35,2059,309764,280695,590459
36,2059,309764,280695,590459
37,2059,309738,280695,590433
38,2059,309738,280695,590433
39,2059,309738,280695,590433
40,2059,309738,280695,590433
41,2059,310581,280709,591290
42,2059,310581,280709,591290
43,2059,310581,280709,591290
44,2059,310522,280709,591231
45,2059,310522,280709,591231
46,2059,310522,280709,591231
47,2059,310522,280709,591231
48,2059,310522,280709,591231
49,2059,310522,280709,591231
50,2059,310522,280709,591231
51,2059,310522,280709,591231
52,2059,310522,280709,591231
53,2059,310522,280709,591231
54,2059,310522,280709,591231
55,2059,310522,280709,591231
56,2059,310522,280709,591231
57,2059,310522,280709,591231
58,2059,310522,280709,591231
59,2059,310522,280709,591231
60,2059,310522,280709,591231
61,2059,310493,280709,591202
62,2059,310500,280719,591219
63,2059,310622,280709,591331
64,2059,310711,280709,591420
65,2059,310854,280709,591563
66,2059,310736,280709,591445
67,2059,310677,280709,591386
68,2059,310743,280709,591452
69,2059,310668,280709,591377
70,2059,310642,280709,591351
71,2059,310117,280719,590836
72,2059,310404,280709,591113
73,2059,310176,280695,590871
74,2059,310176,280695,590871
75,2059,310176,280695,590871
76,2059,310176,280695,590871
77,2059,310176,280695,590871
78,2059,317218,306629,623847
79,2059,317604,306070,623674
80,2059,317715,306312,624027
81,2059,319435,304795,624230
82,2059,319435,304795,624230
83,2059,319435,304795,624230
84,2059,319435,304795,624230
85,2059,319435,304795,624230
86,2059,319435,304795,624230
87,2059,319435,304795,624230
88,2059,319435,304795,624230
89,2059,319435,304795,624230
90,2059,319435,304795,624230
91,2059,319435,304795,624230
92,2059,319435,304795,624230
93,2059,319435,304795,624230
94,2059,319435,304795,624230
95,2059,319435,304795,624230
96,2059,319435,304795,624230
97,2059,319435,304795,624230
98,2059,319435,304795,624230
99,2059,319435,304795,624230
100,2059,319435,304795,624230
0,2059,292237,275533,567770
1,2059,292258,275489,567747
2,2059,292255,275489,567744
3,2059,292520,275565,568085
4,2059,292646,275922,568568
5,2059,290941,274761,565702
6,2059,291650,275540,567190
7,2059,291571,275602,567173
8,2059,290150,274568,564718
9,2059,292443,275886,568329
10,2059,291915,275595,567510
11,2059,292561,275926,568487
12,2059,293011,276402,569413
13,2059,293947,275772,569719
14,2059,294479,275523,570002
15,2059,297722,275788,573510
16,2059,296132,275359,571491
17,2059,303346,276680,580026
18,2059,304374,277451,581825
19,2059,307952,279352,587304
20,2059,309700,280525,590225
21,2059,308980,280464,589444
22,2059,309470,280601,590071
23,2059,309775,280616,590391
24,2059,309777,280616,590393
25,2059,309777,280616,590393
26,2059,309777,280616,590393
27,2059,309777,280616,590393
28,2059,309777,280616,590393
29,2059,309777,280616,590393
30,2059,309777,280616,590393
31,2059,309777,280616,590393
32,2059,309777,280616,590393
33,2059,309777,280616,590393
34,2059,309777,280616,590393
35,2059,309777,280616,590393
36,2059,309777,280616,590393
37,2059,309777,280616,590393
38,2059,309777,280616,590393
39,2059,309777,280616,590393
40,2059,309777,280616,590393
41,2059,310522,280709,591231
42,2059,310522,280709,591231
43,2059,310522,280709,591231
44,2059,310523,280709,591232
45,2059,310523,280709,591232
46,2059,310523,280709,591232
47,2059,310523,280709,591232
48,2059,310523,280709,591232
49,2059,310523,280709,591232
50,2059,310523,280709,591232
51,2059,310523,280709,591232
52,2059,310523,280709,591232
53,2059,310523,280709,591232
54,2059,310523,280709,591232
55,2059,310523,280709,591232
56,2059,310523,280709,591232
57,2059,310523,280709,591232
58,2059,310523,280709,591232
59,2059,310523,280709,591232
60,2059,310523,280709,591232
61,2059,310494,280709,591203
62,2059,310481,280709,591190
63,2059,310622,280709,591331
64,2059,310711,280709,591420
65,2059,310728,280709,591437
66,2059,310677,280709,591386
67,2059,310677,280709,591386
68,2059,310677,280709,591386
69,2059,310602,280709,591311
70,2059,310576,280709,591285
71,2059,310117,280695,590812
72,2059,310481,280719,591200
73,2059,310143,280719,590862
74,2059,310143,280719,590862
75,2059,310143,280719,590862
76,2059,310143,280719,590862
77,2059,310143,280719,590862
78,2059,319280,304872,624152
79,2059,317218,306403,623621
80,2059,318885,305538,624423
81,2059,315816,304901,620717
82,2059,315816,304901,620717
83,2059,315816,304901,620717
84,2059,315816,304901,620717
85,2059,315816,304901,620717
86,2059,315816,304901,620717
87,2059,315816,304901,620717
88,2059,315816,304901,620717
89,2059,315816,304901,620717
90,2059,315816,304901,620717
91,2059,315816,304901,620717
92,2059,315816,304901,620717
93,2059,315816,304901,620717
94,2059,315816,304901,620717
95,2059,315816,304901,620717
96,2059,315816,304901,620717
97,2059,315816,304901,620717
98,2059,315816,304901,620717
99,2059,315816,304901,620717
100,2059,315816,304901,620717
0,2059,292050,274642,566692
1,2059,291992,274566,566558
2,2059,292049,274566,566615
3,2059,292288,275393,567681
4,2059,292350,275433,567783
5,2059,291665,275418,567083
6,2059,292616,275683,568299
7,2059,292591,275714,568305
8,2059,289388,272724,562112
9,2059,292120,275796,567916
10,2059,292494,275697,568191
11,2059,292571,276455,569026
12,2059,292461,275605,568066
13,2059,293891,275625,569516
14,2059,294576,275565,570141
15,2059,296947,275357,572304
16,2059,296197,275623,571820
17,2059,302139,276579,578718
18,2059,304368,277408,581776
19,2059,309074,279536,588610
20,2059,308796,280425,589221
21,2059,308818,280514,589332
22,2059,309431,280601,590032
23,2059,309749,280616,590365
24,2059,309751,280616,590367
25,2059,309751,280616,590367
26,2059,309751,280616,590367
27,2059,309751,280616,590367
28,2059,309751,280616,590367
29,2059,309751,280616,590367
30,2059,309751,280616,590367
31,2059,309751,280616,590367
32,2059,309751,280616,590367
33,2059,309751,280616,590367
34,2059,309751,280616,590367
35,2059,309751,280616,590367
36,2059,309751,280616,590367
37,2059,309751,280616,590367
38,2059,309751,280616,590367
39,2059,309751,280616,590367
40,2059,309751,280616,590367
41,2059,310523,280709,591232
42,2059,310523,280709,591232
43,2059,310523,280709,591232
44,2059,310523,280709,591232
45,2059,310523,280709,591232
46,2059,310523,280709,591232
47,2059,310523,280709,591232
48,2059,310523,280709,591232
49,2059,310523,280709,591232
50,2059,310523,280709,591232
51,2059,310523,280709,591232
52,2059,310523,280709,591232
53,2059,310523,280709,591232
54,2059,310523,280709,591232
55,2059,310523,280709,591232
56,2059,310523,280709,591232
57,2059,310523,280709,591232
58,2059,310523,280709,591232
59,2059,310523,280709,591232
60,2059,310523,280709,591232
61,2059,310502,280709,591211
62,2059,310533,280709,591242
63,2059,310629,280709,591338
64,2059,310711,280709,591420
65,2059,310748,280709,591457
66,2059,310677,280709,591386
67,2059,310677,280709,591386
68,2059,310677,280709,591386
69,2059,310602,280709,591311
70,2059,310576,280709,591285
71,2059,310117,280695,590812
72,2059,310465,280709,591174
73,2059,310117,280719,590836
74,2059,310117,280719,590836
75,2059,310117,280719,590836
76,2059,310117,280719,590836
77,2059,310117,280719,590836
78,2059,317018,305496,622514
79,2059,319763,304916,624679
80,2059,316558,305659,622217
81,2059,315093,304229,619322
82,2059,315093,304229,619322
83,2059,315093,304229,619322
84,2059,315093,304229,619322
85,2059,315093,304229,619322
86,2059,315093,304229,619322
87,2059,315093,304229,619322
88,2059,315093,304229,619322
89,2059,315093,304229,619322
90,2059,315093,304229,619322
91,2059,315093,304229,619322
92,2059,315093,304229,619322
93,2059,315093,304229,619322
94,2059,315093,304229,619322
95,2059,315093,304229,619322
96,2059,315093,304229,619322
97,2059,315093,304229,619322
98,2059,315093,304229,619322
99,2059,315093,304229,619322
100,2059,315093,304229,619322
0,2059,292467,275809,568276
1,2059,292460,275777,568237
2,2059,292457,275777,568234
3,2059,292245,275154,567399
4,2059,292274,275644,567918
5,2059,292620,276606,569226
6,2059,292731,276392,569123
7,2059,292547,276434,568981
8,2059,290424,273014,563438
9,2059,292125,275680,567805
10,2059,292649,276206,568855
11,2059,291627,275325,566952
12,2059,292214,276093,568307
13,2059,294275,275933,570208
14,2059,294898,275677,570575
15,2059,296696,275498,572194
16,2059,296083,275608,571691
17,2059,302392,276114,578506
18,2059,304800,277408,582208
19,2059,308341,280112,588453
20,2059,308246,280444,588690
21,2059,308721,280514,589235
22,2059,309400,280616,590016
23,2059,309775,280616,590391
24,2059,309777,280616,590393
25,2059,309777,280616,590393
26,2059,309777,280616,590393
27,2059,309777,280616,590393
28,2059,309777,280616,590393
29,2059,309777,280616,590393
30,2059,309777,280616,590393
31,2059,309777,280616,590393
32,2059,309777,280616,590393
33,2059,309777,280616,590393
34,2059,309777,280616,590393
35,2059,309777,280616,590393
36,2059,309777,280616,590393
37,2059,309751,280616,590367
38,2059,309751,280616,590367
39,2059,309751,280616,590367
40,2059,309751,280616,590367
41,2059,310523,280709,591232
42,2059,310523,280709,591232
43,2059,310523,280709,591232
44,2059,310523,280709,591232
45,2059,310523,280709,591232
46,2059,310523,280709,591232
47,2059,310523,280709,591232
48,2059,310523,280709,591232
49,2059,310523,280709,591232
50,2059,310523,280709,591232
51,2059,310523,280709,591232
52,2059,310523,280709,591232
53,2059,310523,280709,591232
54,2059,310523,280709,591232
55,2059,310523,280709,591232
56,2059,310523,280709,591232
57,2059,310523,280709,591232
58,2059,310523,280709,591232
59,2059,310523,280709,591232
60,2059,310523,280709,591232
61,2059,310502,280709,591211
62,2059,310490,280709,591199
63,2059,310629,280709,591338
64,2059,310711,280709,591420
65,2059,310728,280709,591437
66,2059,310677,280709,591386
67,2059,310677,280709,591386
68,2059,310677,280709,591386
69,2059,310609,280709,591318
70,2059,310583,280709,591292
71,2059,310117,280695,590812
72,2059,310465,280709,591174
73,2059,310117,280695,590812
74,2059,310117,280695,590812
75,2059,310117,280695,590812
76,2059,310117,280695,590812
77,2059,310117,280695,590812
78,2059,315589,306728,622317
79,2059,317850,304290,622140
80,2059,315286,304700,619986
81,2059,313486,303270,616756
82,2059,313486,303270,616756
83,2059,313486,303270,616756
84,2059,313486,303270,616756
85,2059,313486,303270,616756
86,2059,313486,303270,616756
87,2059,313486,303270,616756
88,2059,313486,303270,616756
89,2059,313486,303270,616756
90,2059,313486,303270,616756
91,2059,313486,303270,616756
92,2059,313486,303270,616756
93,2059,313486,303270,616756
94,2059,313486,303270,616756
95,2059,313486,303270,616756
96,2059,313486,303270,616756
97,2059,313486,303270,616756
98,2059,313486,303270,616756
99,2059,313486,303270,616756
100,2059,313486,303270,616756
0,2059,292071,275839,567910
1,2059,292089,275900,567989
2,2059,292086,275900,567986
3,2059,292381,275949,568330
4,2059,292447,276194,568641
5,2059,291076,274117,565193
6,2059,291032,274854,565886
7,2059,290997,274886,565883
8,2059,291455,273560,565015
9,2059,292220,275875,568095
10,2059,291207,275214,566421
11,2059,291288,275553,566841
12,2059,293021,276358,569379
13,2059,294152,276089,570241
14,2059,295132,275773,570905
15,2059,295672,275405,571077
16,2059,296009,275276,571285
17,2059,303498,276207,579705
18,2059,304580,277399,581979
19,2059,307593,280366,587959
20,2059,308648,280447,589095
21,2059,309185,280529,589714
22,2059,309411,280647,590058
23,2059,309775,280616,590391
24,2059,309777,280624,590401
25,2059,309777,280624,590401
26,2059,309777,280624,590401
27,2059,309777,280624,590401
28,2059,309777,280624,590401
29,2059,309777,280624,590401
30,2059,309777,280624,590401
31,2059,309777,280624,590401
32,2059,309777,280624,590401
33,2059,309777,280624,590401
34,2059,309777,280624,590401
35,2059,309777,280624,590401
36,2059,309777,280624,590401
37,2059,309777,280616,590393
38,2059,309777,280616,590393
39,2059,309777,280616,590393
40,2059,309777,280616,590393
41,2059,310523,280709,591232
42,2059,310523,280709,591232
43,2059,310523,280709,591232
44,2059,310523,280709,591232
45,2059,310523,280709,591232
46,2059,310523,280709,591232
47,2059,310523,280709,591232
48,2059,310523,280709,591232
49,2059,310523,280709,591232
50,2059,310523,280709,591232
51,2059,310523,280709,591232
52,2059,310523,280709,591232
53,2059,310523,280709,591232
54,2059,310523,280709,591232
55,2059,310523,280709,591232
56,2059,310523,280709,591232
57,2059,310523,280709,591232
58,2059,310523,280709,591232
59,2059,310523,280709,591232
60,2059,310523,280709,591232
61,2059,310502,280709,591211
62,2059,310482,280709,591191
63,2059,310622,280709,591331
64,2059,310711,280709,591420
65,2059,310776,280709,591485
66,2059,310677,280709,591386
67,2059,310677,280709,591386
68,2059,310677,280709,591386
69,2059,310609,280709,591318
70,2059,310583,280709,591292
71,2059,310117,280695,590812
72,2059,310465,280709,591174
73,2059,310117,280695,590812
74,2059,310117,280695,590812
75,2059,310117,280695,590812
76,2059,310117,280695,590812
77,2059,310117,280695,590812
78,2059,319253,303696,622949
79,2059,314882,303302,618184
80,2059,314483,304209,618692
81,2059,313400,302807,616207
82,2059,313400,302807,616207
83,2059,313400,302807,616207
84,2059,313400,302807,616207
85,2059,313400,302807,616207
86,2059,313400,302807,616207
87,2059,313400,302807,616207
88,2059,313400,302807,616207
89,2059,313400,302807,616207
90,2059,313400,302807,616207
91,2059,313400,302807,616207
92,2059,313400,302807,616207
93,2059,313400,302807,616207
94,2059,313400,302807,616207
95,2059,313400,302807,616207
96,2059,313400,302807,616207
97,2059,313400,302807,616207
98,2059,313400,302807,616207
99,2059,313400,302807,616207
100,2059,313400,302807,616207
0,2059,291929,276118,568047
1,2059,292050,276184,568234
2,2059,292024,276184,568208
3,2059,292099,275673,567772
4,2059,291120,275219,566339
5,2059,290898,274381,565279
6,2059,290201,274869,565070
7,2059,289966,274416,564382
8,2059,293136,274868,568004
9,2059,292151,275983,568134
10,2059,291191,275417,566608
11,2059,292570,276264,568834
12,2059,292503,275712,568215
13,2059,293667,275662,569329
14,2059,296166,275731,571897
15,2059,295497,275115,570612
16,2059,296079,275458,571537
17,2059,303229,276582,579811
18,2059,304477,277399,581876
19,2059,306568,280199,586767
20,2059,308456,280490,588946
21,2059,309412,280464,589876
22,2059,309419,280647,590066
23,2059,309775,280624,590399
24,2059,309777,280624,590401
25,2059,309777,280624,590401
26,2059,309777,280624,590401
27,2059,309777,280624,590401
28,2059,309777,280624,590401
29,2059,309777,280624,590401
30,2059,309777,280624,590401
31,2059,309777,280624,590401
32,2059,309777,280624,590401
33,2059,309777,280624,590401
34,2059,309777,280624,590401
35,2059,309777,280624,590401
36,2059,309777,280624,590401
37,2059,309777,280624,590401
38,2059,309777,280624,590401
39,2059,309777,280624,590401
40,2059,309777,280624,590401
41,2059,310523,280709,591232
42,2059,310523,280709,591232
43,2059,310523,280709,591232
44,2059,310523,280709,591232
45,2059,310523,280709,591232
46,2059,310523,280709,591232
47,2059,310523,280709,591232
48,2059,310523,280709,591232
49,2059,310523,280709,591232
50,2059,310523,280709,591232
51,2059,310523,280709,591232
52,2059,310523,280709,591232
53,2059,310523,280709,591232
54,2059,310523,280709,591232
55,2059,310523,280709,591232
56,2059,310523,280709,591232
57,2059,310523,280709,591232
58,2059,310523,280709,591232
59,2059,310523,280709,591232
60,2059,310523,280709,591232
61,2059,310502,280709,591211
62,2059,310542,280709,591251
63,2059,310622,280709,591331
64,2059,310711,280709,591420
65,2059,310776,280709,591485
66,2059,310677,280709,591386
67,2059,310677,280709,591386
68,2059,310677,280709,591386
69,2059,310609,280709,591318
70,2059,310583,280709,591292
71,2059,310117,280695,590812
72,2059,310465,280709,591174
73,2059,310117,280695,590812
74,2059,310117,280695,590812
75,2059,310117,280695,590812
76,2059,310117,280695,590812
77,2059,310117,280695,590812
78,2059,315391,302409,617800
79,2059,313281,301886,615167
80,2059,313582,303403,616985
81,2059,313300,302781,616081
82,2059,313300,302781,616081
83,2059,313300,302781,616081
84,2059,313300,302781,616081
85,2059,313300,302781,616081
86,2059,313300,302781,616081
87,2059,313300,302781,616081
88,2059,313300,302781,616081
89,2059,313300,302781,616081
90,2059,313300,302781,616081
91,2059,313300,302781,616081
92,2059,313300,302781,616081
93,2059,313300,302781,616081
94,2059,313300,302781,616081
95,2059,313300,302781,616081
96,2059,313300,302781,616081
97,2059,313300,302781,616081
98,2059,313300,302781,616081
99,2059,313300,302781,616081
100,2059,313300,302781,616081
0,2059,290678,274865,565543
1,2059,290646,274600,565246
2,2059,290646,274600,565246
3,2059,292028,275935,567963
4,2059,290806,274931,565737
5,2059,291693,275335,567028
6,2059,289512,272972,562484
7,2059,289426,272773,562199
8,2059,292970,275895,568865
9,2059,292042,275514,567556
10,2059,292198,275741,567939
11,2059,291715,275941,567656
12,2059,292280,275815,568095
13,2059,293958,275737,569695
14,2059,295390,275951,571341
15,2059,295576,275625,571201
16,2059,296316,275830,572146
17,2059,302965,276281,579246
18,2059,304630,277408,582038
19,2059,305272,279385,584657
20,2059,308843,280475,589318
21,2059,308966,280464,589430
22,2059,309419,280616,590035
23,2059,309775,280616,590391
24,2059,309777,280616,590393
25,2059,309777,280616,590393
26,2059,309777,280616,590393
27,2059,309777,280616,590393
28,2059,309777,280616,590393
29,2059,309777,280616,590393
30,2059,309777,280616,590393
31,2059,309777,280616,590393
32,2059,309777,280616,590393
33,2059,309777,280616,590393
34,2059,309777,280616,590393
35,2059,309777,280616,590393
36,2059,309777,280616,590393
37,2059,309777,280616,590393
38,2059,309777,280616,590393
39,2059,309777,280616,590393
40,2059,309777,280616,590393
41,2059,310523,280709,591232
42,2059,310523,280709,591232
43,2059,310523,280709,591232
44,2059,310523,280709,591232
45,2059,310523,280709,591232
46,2059,310523,280709,591232
47,2059,310523,280709,591232
48,2059,310523,280709,591232
49,2059,310523,280709,591232
50,2059,310523,280709,591232
51,2059,310523,280709,591232
52,2059,310523,280709,591232
53,2059,310523,280709,591232
54,2059,310523,280709,591232
55,2059,310523,280709,591232
56,2059,310523,280709,591232
57,2059,310523,280709,591232
58,2059,310523,280709,591232
59,2059,310523,280709,591232
60,2059,310523,280709,591232
61,2059,310502,280709,591211
62,2059,310490,280709,591199
63,2059,310629,280709,591338
64,2059,310711,280709,591420
65,2059,310776,280709,591485
66,2059,310677,280709,591386
67,2059,310677,280709,591386
68,2059,310677,280709,591386
69,2059,310609,280709,591318
70,2059,310583,280709,591292
71,2059,310117,280695,590812
72,2059,310465,280709,591174
73,2059,310117,280695,590812
74,2059,310117,280695,590812
75,2059,310117,280695,590812
76,2059,310117,280695,590812
77,2059,310117,280695,590812
78,2059,314163,302133,616296
79,2059,313574,301568,615142
80,2059,313325,302887,616212
81,2059,314143,304623,618766
82,2059,314143,304623,618766
83,2059,314143,304623,618766
84,2059,314143,304623,618766
85,2059,314143,304623,618766
86,2059,314143,304623,618766
87,2059,314143,304623,618766
88,2059,314143,304623,618766
89,2059,314143,304623,618766
90,2059,314143,304623,618766
91,2059,314143,304623,618766
92,2059,314143,304623,618766
93,2059,314143,304623,618766
94,2059,314143,304623,618766
95,2059,314143,304623,618766
96,2059,314143,304623,618766
97,2059,314143,304623,618766
98,2059,314143,304623,618766
99,2059,314143,304623,618766
100,2059,314143,304623,618766
0,2059,289630,273527,563157
1,2059,289084,272978,562062
2,2059,289096,272978,562074
3,2059,291944,275546,567490
4,2059,290744,274239,564983
5,2059,292628,276596,569224
6,2059,290215,273130,563345
7,2059,290379,273170,563549
8,2059,292789,275868,568657
9,2059,292007,275599,567606
10,2059,292516,276305,568821
11,2059,291831,275642,567473
12,2059,293193,276213,569406
13,2059,294133,275848,569981
14,2059,294756,275557,570313
15,2059,295875,275849,571724
16,2059,296104,275804,571908
17,2059,302976,276373,579349
18,2059,304434,277399,581833
19,2059,305026,279291,584317
20,2059,308802,280475,589277
21,2059,308820,280514,589334
22,2059,309407,280616,590023
23,2059,309775,280624,590399
24,2059,309777,280624,590401
25,2059,309777,280624,590401
26,2059,309777,280624,590401
27,2059,309777,280624,590401
28,2059,309777,280624,590401
29,2059,309777,280624,590401
30,2059,309777,280624,590401
31,2059,309777,280624,590401
32,2059,309777,280624,590401
33,2059,309777,280624,590401
34,2059,309777,280624,590401
35,2059,309777,280624,590401
36,2059,309777,280624,590401
37,2059,309777,280616,590393
38,2059,309777,280616,590393
39,2059,309777,280616,590393
40,2059,309777,280616,590393
41,2059,310523,280709,591232
42,2059,310523,280709,591232
43,2059,310523,280709,591232
44,2059,310523,280709,591232
45,2059,310523,280709,591232
46,2059,310523,280709,591232
47,2059,310523,280709,591232
48,2059,310523,280709,591232
49,2059,310523,280709,591232
50,2059,310523,280709,591232
51,2059,310523,280709,591232
52,2059,310523,280709,591232
53,2059,310523,280709,591232
54,2059,310523,280709,591232
55,2059,310523,280709,591232
56,2059,310523,280709,591232
57,2059,310523,280709,591232
58,2059,310523,280709,591232
59,2059,310523,280709,591232
60,2059,310523,280709,591232
61,2059,310502,280709,591211
62,2059,310482,280709,591191
63,2059,310629,280709,591338
64,2059,310711,280709,591420
65,2059,310776,280709,591485
66,2059,310677,280709,591386
67,2059,310677,280709,591386
68,2059,310677,280709,591386
69,2059,310609,280709,591318
70,2059,310583,280709,591292
71,2059,310117,280695,590812
72,2059,310465,280709,591174
73,2059,310117,280695,590812
74,2059,310117,280695,590812
75,2059,310117,280695,590812
76,2059,310117,280695,590812
77,2059,310117,280695,590812
78,2059,312824,302255,615079
79,2059,312361,301855,614216
80,2059,313545,304204,617749
81,2059,315175,307024,622199
82,2059,315175,307024,622199
83,2059,315175,307024,622199
84,2059,315175,307024,622199
85,2059,315175,307024,622199
86,2059,315175,307024,622199
87,2059,315175,307024,622199
88,2059,315175,307024,622199
89,2059,315175,307024,622199
90,2059,315175,307024,622199
91,2059,315175,307024,622199
92,2059,315175,307024,622199
93,2059,315175,307024,622199
94,2059,315175,307024,622199
95,2059,315175,307024,622199
96,2059,315175,307024,622199
97,2059,315175,307024,622199
98,2059,315175,307024,622199
99,2059,315175,307024,622199
100,2059,315175,307024,622199
0,2059,289931,272729,562660
1,2059,289934,272911,562845
2,2059,289982,272952,562934
3,2059,292195,275576,567771
4,2059,291187,274432,565619
5,2059,291032,274005,565037
6,2059,290574,273727,564301
7,2059,291554,273847,565401
8,2059,292191,275275,567466
9,2059,292300,275900,568200
10,2059,291218,275119,566337
11,2059,292350,275661,568011
12,2059,292533,276111,568644
13,2059,294243,276045,570288
14,2059,294509,275322,569831
15,2059,295696,275954,571650
16,2059,295745,275365,571110
17,2059,302787,276624,579411
18,2059,304700,277408,582108
19,2059,305830,279172,585002
20,2059,308798,280475,589273
21,2059,308721,280514,589235
22,2059,309400,280616,590016
23,2059,309775,280624,590399
24,2059,309777,280624,590401
25,2059,309777,280624,590401
26,2059,309777,280624,590401
27,2059,309777,280624,590401
28,2059,309777,280624,590401
29,2059,309777,280624,590401
30,2059,309777,280624,590401
31,2059,309777,280624,590401
32,2059,309777,280624,590401
33,2059,309777,280624,590401
34,2059,309777,280624,590401
35,2059,309777,280624,590401
36,2059,309777,280624,590401
37,2059,309777,280624,590401
38,2059,309777,280624,590401
39,2059,309777,280624,590401
40,2059,309777,280624,590401
41,2059,310523,280709,591232
42,2059,310523,280709,591232
43,2059,310523,280709,591232
44,2059,310523,280709,591232
45,2059,310523,280709,591232
46,2059,310523,280709,591232
47,2059,310523,280709,591232
48,2059,310523,280709,591232
49,2059,310523,280709,591232
50,2059,310523,280709,591232
51,2059,310523,280709,591232
52,2059,310523,280709,591232
53,2059,310523,280709,591232
54,2059,310523,280709,591232
55,2059,310523,280709,591232
56,2059,310523,280709,591232
57,2059,310523,280709,591232
58,2059,310523,280709,591232
59,2059,310523,280709,591232
60,2059,310523,280709,591232
61,2059,310502,280709,591211
62,2059,310542,280709,591251
63,2059,310622,280709,591331
64,2059,310711,280709,591420
65,2059,310776,280709,591485
66,2059,310677,280709,591386
67,2059,310677,280709,591386
68,2059,310677,280709,591386
69,2059,310609,280709,591318
70,2059,310583,280709,591292
71,2059,310117,280695,590812
72,2059,310465,280709,591174
73,2059,310117,280695,590812
74,2059,310117,280695,590812
75,2059,310117,280695,590812
76,2059,310117,280695,590812
77,2059,310117,280695,590812
78,2059,314312,303031,617343
79,2059,314087,303226,617313
80,2059,313783,305497,619280
81,2059,319234,305827,625061
82,2059,319234,305827,625061
83,2059,319234,305827,625061
84,2059,319234,305827,625061
85,2059,319234,305827,625061
86,2059,319234,305827,625061
87,2059,319234,305827,625061
88,2059,319234,305827,625061
89,2059,319234,305827,625061
90,2059,319234,305827,625061
91,2059,319234,305827,625061
92,2059,319234,305827,625061
93,2059,319234,305827,625061
94,2059,319234,305827,625061
95,2059,319234,305827,625061
96,2059,319234,305827,625061
97,2059,319234,305827,625061
98,2059,319234,305827,625061
99,2059,319234,305827,625061
100,2059,319234,305827,625061
0,2059,290389,273324,563713
1,2059,290357,273423,563780
2,2059,290327,273499,563826
3,2059,292216,275829,568045
4,2059,292652,275969,568621
5,2059,290429,274160,564589
6,2059,291995,274742,566737
7,2059,293131,275594,568725
8,2059,292310,275603,567913
9,2059,292239,275895,568134
10,2059,291305,275231,566536
11,2059,292658,276470,569128
12,2059,291894,275712,567606
13,2059,293818,275668,569486
14,2059,294959,275664,570623
15,2059,295329,275541,570870
16,2059,296065,275365,571430
17,2059,302452,276309,578761
18,2059,304434,277399,581833
19,2059,307640,279219,586859
20,2059,308797,280475,589272
21,2059,309191,280529,589720
22,2059,309411,280647,590058
23,2059,309775,280624,590399
24,2059,309777,280624,590401
25,2059,309777,280624,590401
26,2059,309777,280624,590401
27,2059,309777,280624,590401
28,2059,309777,280624,590401
29,2059,309777,280624,590401
30,2059,309777,280624,590401
31,2059,309777,280624,590401
32,2059,309777,280624,590401
33,2059,309777,280624,590401
34,2059,309777,280624,590401
35,2059,309777,280624,590401
36,2059,309777,280624,590401
37,2059,309777,280624,590401
38,2059,309777,280624,590401
39,2059,309777,280624,590401
40,2059,309777,280624,590401
41,2059,310523,280709,591232
42,2059,310523,280709,591232
43,2059,310523,280709,591232
44,2059,310523,280709,591232
45,2059,310523,280709,591232
46,2059,310523,280709,591232
47,2059,310523,280709,591232
48,2059,310523,280709,591232
49,2059,310523,280709,591232
50,2059,310523,280709,591232
51,2059,310523,280709,591232
52,2059,310523,280709,591232
53,2059,310523,280709,591232
54,2059,310523,280709,591232
55,2059,310523,280709,591232
56,2059,310523,280709,591232
57,2059,310523,280709,591232
58,2059,310523,280709,591232
59,2059,310523,280709,591232
60,2059,310523,280709,591232
61,2059,310502,280709,591211
62,2059,310490,280709,591199
63,2059,310622,280709,591331
64,2059,310711,280709,591420
65,2059,310776,280709,591485
66,2059,310677,280709,591386
67,2059,310677,280709,591386
68,2059,310677,280709,591386
69,2059,310609,280709,591318
70,2059,310583,280709,591292
71,2059,310117,280695,590812
72,2059,310465,280709,591174
73,2059,310117,280695,590812
74,2059,310117,280695,590812
75,2059,310117,280695,590812
76,2059,310117,280695,590812
77,2059,310117,280695,590812
78,2059,314565,303350,617915
79,2059,315463,303836,619299
80,2059,315597,307591,623188
81,2059,318475,306338,624813
82,2059,318475,306338,624813
83,2059,318475,306338,624813
84,2059,318475,306338,624813
85,2059,318475,306338,624813
86,2059,318475,306338,624813
87,2059,318475,306338,624813
88,2059,318475,306338,624813
89,2059,318475,306338,624813
90,2059,318475,306338,624813
91,2059,318475,306338,624813
92,2059,318475,306338,624813
93,2059,318475,306338,624813
94,2059,318475,306338,624813
95,2059,318475,306338,624813
96,2059,318475,306338,624813
97,2059,318475,306338,624813
98,2059,318475,306338,624813
99,2059,318475,306338,624813
100,2059,318475,306338,624813
0,2059,291577,274118,565695
1,2059,291704,274059,565763
2,2059,291728,274070,565798
3,2059,292172,275866,568038
4,2059,292520,275795,568315
5,2059,290894,274103,564997
6,2059,293029,275653,568682
7,2059,293002,275585,568587
8,2059,292514,276161,568675
9,2059,292060,275434,567494
10,2059,292373,275869,568242
11,2059,291521,275321,566842
12,2059,292700,275905,568605
13,2059,293942,275538,569480
14,2059,295205,275997,571202
15,2059,296250,275426,571676
16,2059,296330,275907,572237
17,2059,302651,276235,578886
18,2059,304622,277408,582030
19,2059,308470,279310,587780
20,2059,308804,280475,589279
21,2059,309404,280464,589868
22,2059,309411,280647,590058
23,2059,309775,280624,590399
24,2059,309777,280624,590401
25,2059,309777,280624,590401
26,2059,309777,280624,590401
27,2059,309777,280624,590401
28,2059,309777,280624,590401
29,2059,309777,280624,590401
30,2059,309777,280624,590401
31,2059,309777,280624,590401
32,2059,309777,280624,590401
33,2059,309777,280624,590401
34,2059,309777,280624,590401
35,2059,309777,280624,590401
36,2059,309777,280624,590401
37,2059,309777,280624,590401
38,2059,309777,280624,590401
39,2059,309777,280624,590401
40,2059,309777,280624,590401
41,2059,310523,280709,591232
42,2059,310523,280709,591232
43,2059,310523,280709,591232
44,2059,310523,280709,591232
45,2059,310523,280709,591232
46,2059,310523,280709,591232
47,2059,310523,280709,591232
48,2059,310523,280709,591232
49,2059,310523,280709,591232
50,2059,310523,280709,591232
51,2059,310523,280709,591232
52,2059,310523,280709,591232
53,2059,310523,280709,591232
54,2059,310523,280709,591232
55,2059,310523,280709,591232
56,2059,310523,280709,591232
57,2059,310523,280709,591232
58,2059,310523,280709,591232
59,2059,310523,280709,591232
60,2059,310523,280709,591232
61,2059,310502,280709,591211
62,2059,310482,280709,591191
63,2059,310629,280709,591338
64,2059,310711,280709,591420
65,2059,310776,280709,591485
66,2059,310677,280709,591386
67,2059,310677,280709,591386
68,2059,310677,280709,591386
69,2059,310609,280709,591318
70,2059,310583,280709,591292
71,2059,310117,280695,590812
72,2059,310465,280709,591174
73,2059,310117,280695,590812
74,2059,310117,280695,590812
75,2059,310117,280695,590812
76,2059,310117,280695,590812
77,2059,310117,280695,590812
78,2059,314748,304905,619653
79,2059,315681,305040,620721
80,2059,320100,305595,625695
81,2059,319150,304796,623946
82,2059,319150,304796,623946
83,2059,319150,304796,623946
84,2059,319150,304796,623946
85,2059,319150,304796,623946
86,2059,319150,304796,623946
87,2059,319150,304796,623946
88,2059,319150,304796,623946
89,2059,319150,304796,623946
90,2059,319150,304796,623946
91,2059,319150,304796,623946
92,2059,319150,304796,623946
93,2059,319150,304796,623946
94,2059,319150,304796,623946
95,2059,319150,304796,623946
96,2059,319150,304796,623946
97,2059,319150,304796,623946
98,2059,319150,304796,623946
99,2059,319150,304796,623946
100,2059,319150,304796,623946
0,2059,292691,275252,567943
1,2059,292737,275408,568145
2,2059,292737,275396,568133
3,2059,291909,275660,567569
4,2059,292434,275675,568109
5,2059,292224,276129,568353
6,2059,292989,275830,568819
7,2059,292884,275778,568662
8,2059,291224,275620,566844
9,2059,291990,275557,567547
10,2059,292433,276415,568848
11,2059,291391,275660,567051
12,2059,293221,276798,570019
13,2059,294261,275802,570063
14,2059,297791,275834,573625
15,2059,295951,275686,571637
16,2059,296030,275683,571713
17,2059,302367,276387,578754
18,2059,304434,277399,581833
19,2059,309346,279536,588882
20,2059,308804,280475,589279
21,2059,308966,280464,589430
22,2059,309411,280616,590027
23,2059,309775,280624,590399
24,2059,309777,280624,590401
25,2059,309777,280624,590401
26,2059,309777,280624,590401
27,2059,309777,280624,590401
28,2059,309777,280624,590401
29,2059,309777,280624,590401
30,2059,309777,280624,590401
31,2059,309777,280624,590401
32,2059,309777,280624,590401
33,2059,309777,280624,590401
34,2059,309777,280624,590401
35,2059,309777,280624,590401
36,2059,309777,280624,590401
37,2059,309777,280624,590401
38,2059,309777,280624,590401
39,2059,309777,280624,590401
40,2059,309777,280624,590401
41,2059,310523,280709,591232
42,2059,310523,280709,591232
43,2059,310523,280709,591232
44,2059,310523,280709,591232
45,2059,310523,280709,591232
46,2059,310523,280709,591232
47,2059,310523,280709,591232
48,2059,310523,280709,591232
49,2059,310523,280709,591232
50,2059,310523,280709,591232
51,2059,310523,280709,591232
52,2059,310523,280709,591232
53,2059,310523,280709,591232
54,2059,310523,280709,591232
55,2059,310523,280709,591232
56,2059,310523,280709,591232
57,2059,310523,280709,591232
58,2059,310523,280709,591232
59,2059,310523,280709,591232
60,2059,310523,280709,591232
61,2059,310502,280709,591211
62,2059,310542,280709,591251
63,2059,310629,280709,591338
64,2059,310711,280709,591420
65,2059,310776,280709,591485
66,2059,310677,280709,591386
67,2059,310677,280709,591386
68,2059,310677,280709,591386
69,2059,310609,280709,591318
70,2059,310583,280709,591292
71,2059,310117,280695,590812
72,2059,310465,280709,591174
73,2059,310117,280695,590812
74,2059,310117,280695,590812
75,2059,310117,280695,590812
76,2059,310117,280695,590812
77,2059,310117,280695,590812
78,2059,315901,306651,622552
79,2059,316557,307162,623719
80,2059,319112,306085,625197
81,2059,317302,305907,623209
82,2059,317302,305907,623209
83,2059,317302,305907,623209
84,2059,317302,305907,623209
85,2059,317302,305907,623209
86,2059,317302,305907,623209
87,2059,317302,305907,623209
88,2059,317302,305907,623209
89,2059,317302,305907,623209
90,2059,317302,305907,623209
91,2059,317302,305907,623209
92,2059,317302,305907,623209
93,2059,317302,305907,623209
94,2059,317302,305907,623209
95,2059,317302,305907,623209
96,2059,317302,305907,623209
97,2059,317302,305907,623209
98,2059,317302,305907,623209
99,2059,317302,305907,623209
100,2059,317302,305907,623209
0,2060,292160,275407,567567
1,2060,292160,275407,567567
2,2060,292156,275407,567563
3,2060,292317,275433,567750
4,2060,292459,275435,567894
5,2060,292604,275460,568064
6,2060,292715,275538,568253
7,2060,292699,275529,568228
8,2060,292688,275503,568191
9,2060,292689,275485,568174
10,2060,292704,275551,568255
11,2060,292828,275972,568800
12,2060,293342,276256,569598
13,2060,293719,276375,570094
14,2060,293758,276281,570039
15,2060,293823,276272,570095
16,2060,294123,276355,570478
17,2060,294561,276410,570971
18,2060,295789,276733,572522
19,2060,296731,278188,574919
20,2060,296795,278225,575020
21,2060,296833,278284,575117
22,2060,296862,278532,575394
23,2060,296890,278545,575435
24,2060,296890,278545,575435
25,2060,296890,278545,575435
26,2060,296890,278545,575435
27,2060,296890,278545,575435
28,2060,296890,278545,575435
29,2060,296890,278545,575435
30,2060,296890,278545,575435
31,2060,296890,278545,575435
32,2060,296890,278545,575435
33,2060,296890,278545,575435
34,2060,296890,278545,575435
35,2060,296890,278545,575435
36,2060,296890,278545,575435
37,2060,296890,278545,575435
38,2060,296890,278545,575435
39,2060,296890,278545,575435
40,2060,296890,278545,575435
41,2060,296890,278545,575435
42,2060,296890,278545,575435
43,2060,296890,278545,575435
44,2060,296890,278545,575435
45,2060,296890,278545,575435
46,2060,296881,278545,575426
47,2060,296873,278545,575418
48,2060,296873,278545,575418
49,2060,296873,278545,575418
50,2060,296873,278545,575418
51,2060,296873,278595,575468
52,2060,296873,278595,575468
53,2060,296873,278595,575468
54,2060,296873,278595,575468
55,2060,296873,278595,575468
56,2060,296873,278595,575468
57,2060,296873,278595,575468
58,2060,296873,278595,575468
59,2060,296873,278595,575468
60,2060,296873,278595,575468
61,2060,296873,278595,575468
62,2060,296873,278595,575468
63,2060,296873,278595,575468
64,2060,296825,278595,575420
65,2060,296825,278595,575420
66,2060,296738,278595,575333
67,2060,296738,278595,575333
68,2060,296472,278595,575067
69,2060,296377,278595,574972
70,2060,296237,278595,574832
71,2060,295800,278595,574395
72,2060,295800,278595,574395
73,2060,295461,278595,574056
74,2060,295423,278595,574018
75,2060,295423,278595,574018
76,2060,295423,278595,574018
77,2060,295423,278595,574018
78,2060,295423,279554,574977
79,2060,295423,279363,574786
80,2060,295423,279614,575037
81,2060,295423,279743,575166
82,2060,295423,279743,575166
83,2060,295423,279743,575166
84,2060,295423,279743,575166
85,2060,295423,279743,575166
86,2060,295423,279743,575166
87,2060,295423,279743,575166
88,2060,295423,279743,575166
89,2060,295423,279743,575166
90,2060,295423,279743,575166
91,2060,295423,279743,575166
92,2060,295423,279743,575166
93,2060,295423,279743,575166
94,2060,295423,279743,575166
95,2060,295423,279743,575166
96,2060,295423,279743,575166
97,2060,295423,279743,575166
98,2060,295423,279743,575166
99,2060,295423,279743,575166
100,2060,295423,279743,575166
0,2060,292266,275259,567525
1,2060,292266,275259,567525
2,2060,292259,275259,567518
3,2060,292436,275274,567710
4,2060,292615,275193,567808
5,2060,292741,275299,568040
6,2060,292868,275406,568274
7,2060,292842,275390,568232
8,2060,292820,275364,568184
9,2060,292815,275344,568159
10,2060,292810,275474,568284
11,2060,292862,275699,568561
12,2060,293184,275754,568938
13,2060,293704,275708,569412
14,2060,293937,275800,569737
15,2060,294124,275792,569916
16,2060,294466,275859,570325
17,2060,295672,275850,571522
18,2060,297964,276497,574461
19,2060,298821,278322,577143
20,2060,299958,278491,578449
21,2060,300126,278538,578664
22,2060,300128,279006,579134
23,2060,300136,279020,579156
24,2060,300136,279020,579156
25,2060,300136,279020,579156
26,2060,300136,279020,579156
27,2060,300136,279020,579156
28,2060,300136,279020,579156
29,2060,300136,279020,579156
30,2060,300136,279020,579156
31,2060,300136,279020,579156
32,2060,300136,279020,579156
33,2060,300136,279020,579156
34,2060,300136,279020,579156
35,2060,300136,279020,579156
36,2060,300136,279020,579156
37,2060,300136,279020,579156
38,2060,300136,279020,579156
39,2060,300136,279020,579156
40,2060,300136,279020,579156
41,2060,300136,279020,579156
42,2060,300136,279020,579156
43,2060,300136,279020,579156
44,2060,300538,279020,579558
45,2060,300538,279020,579558
46,2060,300536,279020,579556
47,2060,300528,279020,579548
48,2060,300528,279020,579548
49,2060,300528,279020,579548
50,2060,300528,279020,579548
51,2060,300528,279059,579587
52,2060,300528,279059,579587
53,2060,300528,279059,579587
54,2060,300528,279059,579587
55,2060,300528,279059,579587
56,2060,300528,279059,579587
57,2060,300528,279059,579587
58,2060,300528,279059,579587
59,2060,300528,279059,579587
60,2060,300528,279059,579587
61,2060,300528,279059,579587
62,2060,300528,279059,579587
63,2060,300528,279059,579587
64,2060,300557,279059,579616
65,2060,300557,279059,579616
66,2060,300066,279059,579125
67,2060,300008,279059,579067
68,2060,299613,279059,578672
69,2060,299663,279059,578722
70,2060,299415,279037,578452
71,2060,298888,279037,577925
72,2060,298782,279037,577819
73,2060,298283,278963,577246
74,2060,298238,278963,577201
75,2060,298238,278963,577201
76,2060,298238,278963,577201
77,2060,298238,278963,577201
78,2060,298344,280269,578613
79,2060,298259,280078,578337
80,2060,298344,280826,579170
81,2060,298338,280568,578906
82,2060,298338,280568,578906
83,2060,298338,280568,578906
84,2060,298338,280568,578906
85,2060,298338,280568,578906
86,2060,298338,280568,578906
87,2060,298338,280568,578906
88,2060,298338,280568,578906
89,2060,298338,280568,578906
90,2060,298338,280568,578906
91,2060,298338,280568,578906
92,2060,298338,280568,578906
93,2060,298338,280568,578906
94,2060,298338,280568,578906
95,2060,298338,280568,578906
96,2060,298338,280568,578906
97,2060,298338,280568,578906
98,2060,298338,280568,578906
99,2060,298338,280568,578906
100,2060,298338,280568,578906
0,2060,292274,275413,567687
1,2060,292274,275413,567687
2,2060,292266,275413,567679
3,2060,292417,275347,567764
4,2060,292716,275394,568110
5,2060,292856,275450,568306
6,2060,292910,275526,568436
7,2060,292866,275510,568376
8,2060,292838,275471,568309
9,2060,292865,275477,568342
10,2060,292819,275561,568380
11,2060,292909,275804,568713
12,2060,293366,276259,569625
13,2060,294527,276216,570743
14,2060,294776,276418,571194
15,2060,295034,276413,571447
16,2060,296135,276482,572617
17,2060,297419,276524,573943
18,2060,299982,276890,576872
19,2060,300697,278092,578789
20,2060,300794,278561,579355
21,2060,301474,278636,580110
22,2060,301310,278941,580251
23,2060,301326,278955,580281
24,2060,301326,278955,580281
25,2060,301326,278955,580281
26,2060,301326,278955,580281
27,2060,301326,278955,580281
28,2060,301326,278955,580281
29,2060,301326,278955,580281
30,2060,301326,278955,580281
31,2060,301326,278955,580281
32,2060,301326,278955,580281
33,2060,301326,278955,580281
34,2060,301326,278955,580281
35,2060,301326,278955,580281
36,2060,301326,278955,580281
37,2060,301326,278955,580281
38,2060,301326,278955,580281
39,2060,301326,278955,580281
40,2060,301326,278955,580281
41,2060,301326,278955,580281
42,2060,301326,278955,580281
43,2060,301333,278955,580288
44,2060,303077,279111,582188
45,2060,303077,279111,582188
46,2060,302118,279111,581229
47,2060,302109,279111,581220
48,2060,302109,279111,581220
49,2060,302109,279111,581220
50,2060,302109,279111,581220
51,2060,302109,279149,581258
52,2060,302109,279149,581258
53,2060,302109,279149,581258
54,2060,302109,279149,581258
55,2060,302109,279149,581258
56,2060,302109,279149,581258
57,2060,302109,279149,581258
58,2060,302109,279149,581258
59,2060,302109,279149,581258
60,2060,302109,279149,581258
61,2060,302109,279149,581258
62,2060,302109,279149,581258
63,2060,302109,279149,581258
64,2060,303056,279149,582205
65,2060,303056,279149,582205
66,2060,301751,278994,580745
67,2060,301764,278926,580690
68,2060,301625,278926,580551
69,2060,301693,278926,580619
70,2060,301698,278926,580624
71,2060,302699,279051,581750
72,2060,302614,279051,581665
73,2060,301717,279129,580846
74,2060,301717,279129,580846
75,2060,301717,279129,580846
76,2060,301717,279129,580846
77,2060,301717,279129,580846
78,2060,301618,283834,585452
79,2060,301588,283520,585108
80,2060,301523,283856,585379
81,2060,301545,283856,585401
82,2060,301545,283856,585401
83,2060,301545,283856,585401
84,2060,301545,283856,585401
85,2060,301545,283856,585401
86,2060,301545,283856,585401
87,2060,301545,283856,585401
88,2060,301545,283856,585401
89,2060,301545,283856,585401
90,2060,301545,283856,585401
91,2060,301545,283856,585401
92,2060,301545,283856,585401
93,2060,301545,283856,585401
94,2060,301545,283856,585401
95,2060,301545,283856,585401
96,2060,301545,283856,585401
97,2060,301545,283856,585401
98,2060,301545,283856,585401
99,2060,301545,283856,585401
100,2060,301545,283856,585401
0,2060,292099,274901,567000
1,2060,292099,274901,567000
2,2060,292091,274901,566992
3,2060,292300,274901,567201
4,2060,292463,274931,567394
5,2060,292518,274983,567501
6,2060,292615,275035,567650
7,2060,292607,275057,567664
8,2060,292601,275043,567644
9,2060,292574,275024,567598
10,2060,292549,275055,567604
11,2060,292624,275339,567963
12,2060,293047,275490,568537
13,2060,294584,275590,570174
14,2060,295239,275679,570918
15,2060,297561,275661,573222
16,2060,296031,275360,571391
17,2060,298511,275281,573792
18,2060,300960,276311,577271
19,2060,318140,278178,596318
20,2060,318570,278704,597274
21,2060,307169,279147,586316
22,2060,306963,279195,586158
23,2060,307025,279209,586234
24,2060,307025,279209,586234
25,2060,307025,279209,586234
26,2060,307025,279209,586234
27,2060,307025,279209,586234
28,2060,307025,279209,586234
29,2060,307025,279209,586234
30,2060,307025,279209,586234
31,2060,307025,279209,586234
32,2060,307025,279209,586234
33,2060,307025,279209,586234
34,2060,307025,279209,586234
35,2060,307025,279209,586234
36,2060,307025,279209,586234
37,2060,307025,279209,586234
38,2060,307025,279209,586234
39,2060,307025,279209,586234
40,2060,307025,279209,586234
41,2060,307025,279209,586234
42,2060,307025,279209,586234
43,2060,307025,279209,586234
44,2060,309401,279433,588834
45,2060,309401,279433,588834
46,2060,308138,279364,587502
47,2060,308207,279364,587571
48,2060,308207,279364,587571
49,2060,308207,279364,587571
50,2060,308207,279364,587571
51,2060,308198,279402,587600
52,2060,308198,279402,587600
53,2060,308198,279402,587600
54,2060,308198,279402,587600
55,2060,308198,279402,587600
56,2060,308198,279402,587600
57,2060,308198,279402,587600
58,2060,308198,279402,587600
59,2060,308198,279402,587600
60,2060,308198,279402,587600
61,2060,308198,279402,587600
62,2060,308198,279402,587600
63,2060,308198,279402,587600
64,2060,309449,279472,588921
65,2060,309538,279472,589010
66,2060,307947,279400,587347
67,2060,308227,279400,587627
68,2060,307618,279138,586756
69,2060,307735,279232,586967
70,2060,307742,279123,586865
71,2060,309127,279187,588314
72,2060,308751,279129,587880
73,2060,307179,279129,586308
74,2060,307179,279129,586308
75,2060,307179,279129,586308
76,2060,307179,279129,586308
77,2060,307179,279129,586308
78,2060,306934,286413,593347
79,2060,306862,284996,591858
80,2060,306855,286432,593287
81,2060,306855,286432,593287
82,2060,306855,286432,593287
83,2060,306855,286432,593287
84,2060,306855,286432,593287
85,2060,306855,286432,593287
86,2060,306855,286432,593287
87,2060,306855,286432,593287
88,2060,306855,286432,593287
89,2060,306855,286432,593287
90,2060,306855,286432,593287
91,2060,306855,286432,593287
92,2060,306855,286432,593287
93,2060,306855,286432,593287
94,2060,306855,286432,593287
95,2060,306855,286432,593287
96,2060,306855,286432,593287
97,2060,306855,286432,593287
98,2060,306855,286432,593287
99,2060,306855,286432,593287
100,2060,306855,286432,593287
0,2060,292414,276267,568681
1,2060,292414,276267,568681
2,2060,292410,276267,568677
3,2060,292524,276267,568791
4,2060,292770,276374,569144
5,2060,292782,276405,569187
6,2060,292777,275836,568613
7,2060,292789,275833,568622
8,2060,292809,276105,568914
9,2060,292817,276218,569035
10,2060,292752,276008,568760
11,2060,292786,276013,568799
12,2060,292637,275836,568473
13,2060,294207,275567,569774
14,2060,297544,275452,572996
15,2060,296712,275491,572203
16,2060,295873,275344,571217
17,2060,298696,275638,574334
18,2060,308040,277244,585284
19,2060,310244,279250,589494
20,2060,310992,279343,590335
21,2060,309447,279369,588816
22,2060,309498,279517,589015
23,2060,309548,279517,589065
24,2060,309548,279517,589065
25,2060,309548,279517,589065
26,2060,309548,279517,589065
27,2060,309548,279517,589065
28,2060,309548,279517,589065
29,2060,309548,279517,589065
30,2060,309548,279517,589065
31,2060,309548,279517,589065
32,2060,309548,279517,589065
33,2060,309548,279517,589065
34,2060,309548,279517,589065
35,2060,309548,279517,589065
36,2060,309548,279517,589065
37,2060,309933,279517,589450
38,2060,309933,279517,589450
39,2060,309933,279517,589450
40,2060,309933,279517,589450
41,2060,309933,279517,589450
42,2060,309933,279517,589450
43,2060,309933,279517,589450
44,2060,311218,279445,590663
45,2060,311218,279445,590663
46,2060,311078,279485,590563
47,2060,311078,279485,590563
48,2060,311078,279485,590563
49,2060,311078,279485,590563
50,2060,311078,279485,590563
51,2060,311087,279523,590610
52,2060,311087,279523,590610
53,2060,311087,279523,590610
54,2060,311087,279523,590610
55,2060,311087,279523,590610
56,2060,311087,279523,590610
57,2060,311087,279523,590610
58,2060,311087,279523,590610
59,2060,311087,279523,590610
60,2060,311087,279523,590610
61,2060,311087,279523,590610
62,2060,311087,279523,590610
63,2060,311197,279523,590720
64,2060,311402,279483,590885
65,2060,311494,279483,590977
66,2060,311142,279522,590664
67,2060,311181,279522,590703
68,2060,310276,279498,589774
69,2060,310326,279498,589824
70,2060,310257,279585,589842
71,2060,310672,279598,590270
72,2060,310683,279572,590255
73,2060,309854,279579,589433
74,2060,309854,279579,589433
75,2060,309854,279579,589433
76,2060,309854,279579,589433
77,2060,309854,279579,589433
78,2060,309223,297053,606276
79,2060,309182,295170,604352
80,2060,309215,297002,606217
81,2060,309223,297359,606582
82,2060,309223,297359,606582
83,2060,309223,297359,606582
84,2060,309223,297359,606582
85,2060,309223,297359,606582
86,2060,309223,297359,606582
87,2060,309223,297359,606582
88,2060,309223,297359,606582
89,2060,309223,297359,606582
90,2060,309223,297359,606582
91,2060,309223,297359,606582
92,2060,309223,297359,606582
93,2060,309223,297359,606582
94,2060,309223,297359,606582
95,2060,309223,297359,606582
96,2060,309223,297359,606582
97,2060,309223,297359,606582
98,2060,309223,297359,606582
99,2060,309223,297359,606582
100,2060,309223,297359,606582
0,2060,290839,275033,565872
1,2060,290839,275033,565872
2,2060,290835,275033,565868
3,2060,290937,275233,566170
4,2060,291005,274937,565942
5,2060,291046,275155,566201
6,2060,292232,276240,568472
7,2060,292199,276233,568432
8,2060,291249,275661,566910
9,2060,291199,275601,566800
10,2060,292123,276191,568314
11,2060,292361,276048,568409
12,2060,293171,276060,569231
13,2060,294126,275531,569657
14,2060,296668,275937,572605
15,2060,295244,275388,570632
16,2060,296127,275713,571840
17,2060,298662,276231,574893
18,2060,305162,277907,583069
19,2060,309543,280666,590209
20,2060,310358,280573,590931
21,2060,310236,280007,590243
22,2060,310517,280086,590603
23,2060,310504,280086,590590
24,2060,310504,280086,590590
25,2060,310504,280086,590590
26,2060,310504,280086,590590
27,2060,310504,280086,590590
28,2060,310504,280086,590590
29,2060,310504,280086,590590
30,2060,310504,280086,590590
31,2060,310504,280086,590590
32,2060,310504,280086,590590
33,2060,310504,280086,590590
34,2060,310504,280086,590590
35,2060,310504,280086,590590
36,2060,310504,280086,590590
37,2060,310568,280086,590654
38,2060,310568,280086,590654
39,2060,310568,280086,590654
40,2060,310568,280086,590654
41,2060,310949,280086,591035
42,2060,310949,280086,591035
43,2060,310949,280086,591035
44,2060,311212,280770,591982
45,2060,311212,280770,591982
46,2060,311402,280718,592120
47,2060,311402,280718,592120
48,2060,311402,280718,592120
49,2060,311402,280718,592120
50,2060,311402,280718,592120
51,2060,311402,280757,592159
52,2060,311402,280757,592159
53,2060,311402,280757,592159
54,2060,311402,280757,592159
55,2060,311402,280757,592159
56,2060,311402,280757,592159
57,2060,311402,280757,592159
58,2060,311402,280757,592159
59,2060,311402,280757,592159
60,2060,311402,280757,592159
61,2060,311402,280757,592159
62,2060,311402,280757,592159
63,2060,311500,280757,592257
64,2060,311363,280826,592189
65,2060,311724,280826,592550
66,2060,311611,280757,592368
67,2060,311478,280757,592235
68,2060,311136,280282,591418
69,2060,311224,280386,591610
70,2060,311089,280359,591448
71,2060,311023,280782,591805
72,2060,311415,280757,592172
73,2060,310475,280113,590588
74,2060,310475,280113,590588
75,2060,310475,280113,590588
76,2060,310475,280113,590588
77,2060,310475,280113,590588
78,2060,312080,301426,613506
79,2060,311717,300216,611933
80,2060,312078,301550,613628
81,2060,312097,305369,617466
82,2060,312097,305369,617466
83,2060,312097,305369,617466
84,2060,312097,305369,617466
85,2060,312097,305369,617466
86,2060,312097,305369,617466
87,2060,312097,305369,617466
88,2060,312097,305369,617466
89,2060,312097,305369,617466
90,2060,312097,305369,617466
91,2060,312097,305369,617466
92,2060,312097,305369,617466
93,2060,312097,305369,617466
94,2060,312097,305369,617466
95,2060,312097,305369,617466
96,2060,312097,305369,617466
97,2060,312097,305369,617466
98,2060,312097,305369,617466
99,2060,312097,305369,617466
100,2060,312097,305369,617466
0,2060,289659,274603,564262
1,2060,289659,274603,564262
2,2060,289665,274603,564268
3,2060,290131,274992,565123
4,2060,290075,275018,565093
5,2060,290517,275453,565970
6,2060,291142,275727,566869
7,2060,291129,275727,566856
8,2060,291983,276029,568012
9,2060,291141,275810,566951
10,2060,291146,275616,566762
11,2060,292016,276074,568090
12,2060,292897,276138,569035
13,2060,294262,276019,570281
14,2060,294683,275572,570255
15,2060,297679,275397,573076
16,2060,295993,275946,571939
17,2060,298812,276626,575438
18,2060,303893,278118,582011
19,2060,307392,280296,587688
20,2060,308113,280287,588400
21,2060,310267,280533,590800
22,2060,310619,280734,591353
23,2060,310685,280734,591419
24,2060,310685,280734,591419
25,2060,310685,280734,591419
26,2060,310685,280734,591419
27,2060,310685,280734,591419
28,2060,310685,280734,591419
29,2060,310685,280734,591419
30,2060,310685,280734,591419
31,2060,310685,280734,591419
32,2060,310685,280734,591419
33,2060,310685,280734,591419
34,2060,310685,280734,591419
35,2060,310685,280734,591419
36,2060,310685,280734,591419
37,2060,310706,280734,591440
38,2060,310706,280734,591440
39,2060,310706,280734,591440
40,2060,310706,280734,591440
41,2060,311060,280758,591818
42,2060,311060,280758,591818
43,2060,311060,280758,591818
44,2060,310515,280639,591154
45,2060,310515,280639,591154
46,2060,310557,280639,591196
47,2060,310557,280639,591196
48,2060,310557,280639,591196
49,2060,310557,280639,591196
50,2060,310557,280639,591196
51,2060,310557,280639,591196
52,2060,310557,280639,591196
53,2060,310557,280639,591196
54,2060,310557,280639,591196
55,2060,310557,280639,591196
56,2060,310557,280639,591196
57,2060,310557,280639,591196
58,2060,310557,280639,591196
59,2060,310557,280639,591196
60,2060,310557,280639,591196
61,2060,310557,280639,591196
62,2060,310557,280639,591196
63,2060,310910,280639,591549
64,2060,310761,280639,591400
65,2060,311033,280639,591672
66,2060,311135,280672,591807
67,2060,310932,280639,591571
68,2060,311116,280771,591887
69,2060,311041,280703,591744
70,2060,310992,280666,591658
71,2060,310516,280639,591155
72,2060,310473,280639,591112
73,2060,311008,280697,591705
74,2060,311008,280697,591705
75,2060,311008,280697,591705
76,2060,311008,280697,591705
77,2060,311008,280697,591705
78,2060,314470,302480,616950
79,2060,314144,302411,616555
80,2060,314352,302829,617181
81,2060,316242,304224,620466
82,2060,316242,304224,620466
83,2060,316242,304224,620466
84,2060,316242,304224,620466
85,2060,316242,304224,620466
86,2060,316242,304224,620466
87,2060,316242,304224,620466
88,2060,316242,304224,620466
89,2060,316242,304224,620466
90,2060,316242,304224,620466
91,2060,316242,304224,620466
92,2060,316242,304224,620466
93,2060,316242,304224,620466
94,2060,316242,304224,620466
95,2060,316242,304224,620466
96,2060,316242,304224,620466
97,2060,316242,304224,620466
98,2060,316242,304224,620466
99,2060,316242,304224,620466
100,2060,316242,304224,620466
0,2060,289139,272661,561800
1,2060,289139,272661,561800
2,2060,289140,272661,561801
3,2060,289119,272764,561883
4,2060,289360,272455,561815
5,2060,290329,273837,564166
6,2060,290582,275044,565626
7,2060,290513,275001,565514
8,2060,291822,275327,567149
9,2060,292040,275205,567245
10,2060,290765,275121,565886
11,2060,291646,275629,567275
12,2060,292463,275852,568315
13,2060,293960,275907,569867
14,2060,294086,274870,568956
15,2060,297101,275906,573007
16,2060,295988,275549,571537
17,2060,299178,275915,575093
18,2060,303074,277430,580504
19,2060,305532,280384,585916
20,2060,307797,280492,588289
21,2060,309263,280395,589658
22,2060,309846,280601,590447
23,2060,310066,280601,590667
24,2060,310068,280601,590669
25,2060,310068,280601,590669
26,2060,310068,280601,590669
27,2060,310068,280601,590669
28,2060,310068,280601,590669
29,2060,310068,280601,590669
30,2060,310068,280601,590669
31,2060,310068,280601,590669
32,2060,310068,280601,590669
33,2060,310068,280601,590669
34,2060,310068,280601,590669
35,2060,310068,280601,590669
36,2060,310068,280601,590669
37,2060,310106,280601,590707
38,2060,310106,280601,590707
39,2060,310106,280601,590707
40,2060,310106,280601,590707
41,2060,310504,280601,591105
42,2060,310504,280601,591105
43,2060,310504,280601,591105
44,2060,310371,280615,590986
45,2060,310371,280615,590986
46,2060,310431,280601,591032
47,2060,310431,280601,591032
48,2060,310431,280601,591032
49,2060,310431,280601,591032
50,2060,310431,280601,591032
51,2060,310431,280601,591032
52,2060,310431,280601,591032
53,2060,310431,280601,591032
54,2060,310431,280601,591032
55,2060,310431,280601,591032
56,2060,310431,280601,591032
57,2060,310431,280601,591032
58,2060,310431,280601,591032
59,2060,310431,280601,591032
60,2060,310425,280601,591026
61,2060,310396,280601,590997
62,2060,310384,280601,590985
63,2060,310452,280601,591053
64,2060,310622,280615,591237
65,2060,310565,280615,591180
66,2060,310466,280601,591067
67,2060,310560,280601,591161
68,2060,310503,280601,591104
69,2060,310459,280601,591060
70,2060,310415,280601,591016
71,2060,310321,280601,590922
72,2060,310394,280611,591005
73,2060,310297,280601,590898
74,2060,310297,280601,590898
75,2060,310297,280601,590898
76,2060,310297,280601,590898
77,2060,310297,280601,590898
78,2060,316765,303090,619855
79,2060,316576,303067,619643
80,2060,316701,303735,620436
81,2060,316971,305349,622320
82,2060,316971,305349,622320
83,2060,316971,305349,622320
84,2060,316971,305349,622320
85,2060,316971,305349,622320
86,2060,316971,305349,622320
87,2060,316971,305349,622320
88,2060,316971,305349,622320
89,2060,316971,305349,622320
90,2060,316971,305349,622320
91,2060,316971,305349,622320
92,2060,316971,305349,622320
93,2060,316971,305349,622320
94,2060,316971,305349,622320
95,2060,316971,305349,622320
96,2060,316971,305349,622320
97,2060,316971,305349,622320
98,2060,316971,305349,622320
99,2060,316971,305349,622320
100,2060,316971,305349,622320
0,2060,290394,273022,563416
1,2060,290394,272960,563354
2,2060,290359,272960,563319
3,2060,290259,272886,563145
4,2060,290454,272808,563262
5,2060,291611,274441,566052
6,2060,290844,274238,565082
7,2060,290993,274439,565432
8,2060,292558,275788,568346
9,2060,292683,276220,568903
10,2060,290916,274282,565198
11,2060,292270,275799,568069
12,2060,292527,276121,568648
13,2060,293904,275836,569740
14,2060,293814,275619,569433
15,2060,296491,275550,572041
16,2060,296013,275404,571417
17,2060,300549,276014,576563
18,2060,303703,277256,580959
19,2060,304886,279668,584554
20,2060,307763,280642,588405
21,2060,308577,280432,589009
22,2060,309209,280601,589810
23,2060,309657,280601,590258
24,2060,309658,280601,590259
25,2060,309658,280601,590259
26,2060,309658,280601,590259
27,2060,309658,280601,590259
28,2060,309658,280601,590259
29,2060,309658,280601,590259
30,2060,309658,280601,590259
31,2060,309658,280601,590259
32,2060,309658,280601,590259
33,2060,309658,280601,590259
34,2060,309658,280601,590259
35,2060,309658,280601,590259
36,2060,309658,280601,590259
37,2060,309666,280681,590347
38,2060,309666,280681,590347
39,2060,309666,280681,590347
40,2060,309666,280681,590347
41,2060,310400,280705,591105
42,2060,310400,280705,591105
43,2060,310400,280705,591105
44,2060,310418,280719,591137
45,2060,310418,280719,591137
46,2060,310454,280719,591173
47,2060,310454,280719,591173
48,2060,310454,280719,591173
49,2060,310454,280719,591173
50,2060,310454,280719,591173
51,2060,310454,280719,591173
52,2060,310454,280719,591173
53,2060,310454,280719,591173
54,2060,310454,280719,591173
55,2060,310454,280719,591173
56,2060,310454,280719,591173
57,2060,310454,280719,591173
58,2060,310454,280719,591173
59,2060,310454,280719,591173
60,2060,310454,280719,591173
61,2060,310425,280719,591144
62,2060,310355,280719,591074
63,2060,310557,280719,591276
64,2060,310622,280709,591331
65,2060,310657,280709,591366
66,2060,310551,280719,591270
67,2060,310578,280709,591287
68,2060,310595,280719,591314
69,2060,310527,280719,591246
70,2060,310501,280719,591220
71,2060,310167,280719,590886
72,2060,310365,280719,591084
73,2060,310097,280705,590802
74,2060,310097,280705,590802
75,2060,310097,280705,590802
76,2060,310097,280705,590802
77,2060,310097,280705,590802
78,2060,316031,304649,620680
79,2060,316015,304523,620538
80,2060,316491,304884,621375
81,2060,317021,307179,624200
82,2060,317021,307179,624200
83,2060,317021,307179,624200
84,2060,317021,307179,624200
85,2060,317021,307179,624200
86,2060,317021,307179,624200
87,2060,317021,307179,624200
88,2060,317021,307179,624200
89,2060,317021,307179,624200
90,2060,317021,307179,624200
91,2060,317021,307179,624200
92,2060,317021,307179,624200
93,2060,317021,307179,624200
94,2060,317021,307179,624200
95,2060,317021,307179,624200
96,2060,317021,307179,624200
97,2060,317021,307179,624200
98,2060,317021,307179,624200
99,2060,317021,307179,624200
100,2060,317021,307179,624200
0,2060,291389,273588,564977
1,2060,291361,273588,564949
2,2060,291342,273588,564930
3,2060,290486,273473,563959
4,2060,291427,273538,564965
5,2060,292690,275544,568234
6,2060,291841,274747,566588
7,2060,291918,275199,567117
8,2060,292254,275800,568054
9,2060,291248,275379,566627
10,2060,292120,274848,566968
11,2060,292386,276244,568630
12,2060,292471,275750,568221
13,2060,293842,275635,569477
14,2060,294684,275923,570607
15,2060,295202,274951,570153
16,2060,296309,275544,571853
17,2060,300680,275961,576641
18,2060,306176,277396,583572
19,2060,304844,279082,583926
20,2060,307760,280252,588012
21,2060,308575,280608,589183
22,2060,309265,280695,589960
23,2060,309759,280695,590454
24,2060,309761,280695,590456
25,2060,309761,280695,590456
26,2060,309761,280695,590456
27,2060,309761,280695,590456
28,2060,309761,280695,590456
29,2060,309761,280695,590456
30,2060,309761,280695,590456
31,2060,309761,280695,590456
32,2060,309761,280695,590456
33,2060,309761,280695,590456
34,2060,309761,280695,590456
35,2060,309761,280695,590456
36,2060,309761,280695,590456
37,2060,309760,280695,590455
38,2060,309760,280695,590455
39,2060,309760,280695,590455
40,2060,309760,280695,590455
41,2060,310532,280719,591251
42,2060,310532,280719,591251
43,2060,310532,280719,591251
44,2060,310612,280709,591321
45,2060,310612,280709,591321
46,2060,310612,280709,591321
47,2060,310612,280709,591321
48,2060,310612,280709,591321
49,2060,310612,280709,591321
50,2060,310612,280709,591321
51,2060,310612,280709,591321
52,2060,310612,280709,591321
53,2060,310612,280709,591321
54,2060,310612,280709,591321
55,2060,310612,280709,591321
56,2060,310612,280709,591321
57,2060,310612,280709,591321
58,2060,310612,280709,591321
59,2060,310612,280709,591321
60,2060,310612,280709,591321
61,2060,310583,280709,591292
62,2060,310342,280719,591061
63,2060,310663,280709,591372
64,2060,310791,280709,591500
65,2060,310817,280709,591526
66,2060,310711,280709,591420
67,2060,310719,280709,591428
68,2060,310627,280709,591336
69,2060,310569,280709,591278
70,2060,310553,280709,591262
71,2060,310114,280719,590833
72,2060,310402,280719,591121
73,2060,310099,280695,590794
74,2060,310099,280695,590794
75,2060,310099,280695,590794
76,2060,310099,280695,590794
77,2060,310099,280695,590794
78,2060,316416,306500,622916
79,2060,316414,306851,623265
80,2060,317112,306603,623715
81,2060,320548,305311,625859
82,2060,320548,305311,625859
83,2060,320548,305311,625859
84,2060,320548,305311,625859
85,2060,320548,305311,625859
86,2060,320548,305311,625859
87,2060,320548,305311,625859
88,2060,320548,305311,625859
89,2060,320548,305311,625859
90,2060,320548,305311,625859
91,2060,320548,305311,625859
92,2060,320548,305311,625859
93,2060,320548,305311,625859
94,2060,320548,305311,625859
95,2060,320548,305311,625859
96,2060,320548,305311,625859
97,2060,320548,305311,625859
98,2060,320548,305311,625859
99,2060,320548,305311,625859
100,2060,320548,305311,625859
0,2060,292751,275522,568273
1,2060,292768,275518,568286
2,2060,292769,275518,568287
3,2060,291789,274356,566145
4,2060,293025,274710,567735
5,2060,292813,276399,569212
6,2060,292765,276223,568988
7,2060,292672,276268,568940
8,2060,292330,276276,568606
9,2060,291393,275989,567382
10,2060,292673,276157,568830
11,2060,291584,275622,567206
12,2060,292581,275830,568411
13,2060,294134,275933,570067
14,2060,295041,276344,571385
15,2060,297727,275310,573037
16,2060,296109,275747,571856
17,2060,313874,275931,589805
18,2060,305144,277547,582691
19,2060,305947,279202,585149
20,2060,308539,280233,588772
21,2060,309150,280634,589784
22,2060,309340,280727,590067
23,2060,309735,280695,590430
24,2060,309736,280695,590431
25,2060,309736,280695,590431
26,2060,309736,280695,590431
27,2060,309736,280695,590431
28,2060,309736,280695,590431
29,2060,309736,280695,590431
30,2060,309736,280695,590431
31,2060,309736,280695,590431
32,2060,309736,280695,590431
33,2060,309736,280695,590431
34,2060,309736,280695,590431
35,2060,309736,280695,590431
36,2060,309736,280695,590431
37,2060,309736,280695,590431
38,2060,309736,280695,590431
39,2060,309736,280695,590431
40,2060,309736,280695,590431
41,2060,310615,280709,591324
42,2060,310615,280709,591324
43,2060,310615,280709,591324
44,2060,310580,280709,591289
45,2060,310580,280709,591289
46,2060,310589,280709,591298
47,2060,310589,280709,591298
48,2060,310589,280709,591298
49,2060,310589,280709,591298
50,2060,310589,280709,591298
51,2060,310589,280709,591298
52,2060,310589,280709,591298
53,2060,310589,280709,591298
54,2060,310589,280709,591298
55,2060,310589,280709,591298
56,2060,310589,280709,591298
57,2060,310589,280709,591298
58,2060,310589,280709,591298
59,2060,310589,280709,591298
60,2060,310589,280709,591298
61,2060,310560,280709,591269
62,2060,310362,280719,591081
63,2060,310688,280709,591397
64,2060,310777,280709,591486
65,2060,310815,280709,591524
66,2060,310706,280709,591415
67,2060,310743,280709,591452
68,2060,310757,280709,591466
69,2060,310692,280709,591401
70,2060,310676,280709,591385
71,2060,310183,280695,590878
72,2060,310549,280719,591268
73,2060,310133,280695,590828
74,2060,310133,280695,590828
75,2060,310133,280695,590828
76,2060,310133,280695,590828
77,2060,310133,280695,590828
78,2060,319143,305453,624596
79,2060,319327,305676,625003
80,2060,319274,305068,624342
81,2060,318978,306401,625379
82,2060,318978,306401,625379
83,2060,318978,306401,625379
84,2060,318978,306401,625379
85,2060,318978,306401,625379
86,2060,318978,306401,625379
87,2060,318978,306401,625379
88,2060,318978,306401,625379
89,2060,318978,306401,625379
90,2060,318978,306401,625379
91,2060,318978,306401,625379
92,2060,318978,306401,625379
93,2060,318978,306401,625379
94,2060,318978,306401,625379
95,2060,318978,306401,625379
96,2060,318978,306401,625379
97,2060,318978,306401,625379
98,2060,318978,306401,625379
99,2060,318978,306401,625379
100,2060,318978,306401,625379
0,2060,292327,275510,567837
1,2060,292327,275659,567986
2,2060,292320,275647,567967
3,2060,292875,275527,568402
4,2060,292828,275721,568549
5,2060,291154,274409,565563
6,2060,291431,275516,566947
7,2060,291405,275336,566741
8,2060,290990,275061,566051
9,2060,292128,275695,567823
10,2060,291559,275769,567328
11,2060,291377,275586,566963
12,2060,293155,276000,569155
13,2060,294189,275958,570147
14,2060,295769,275717,571486
15,2060,297153,275649,572802
16,2060,295944,275372,571316
17,2060,307331,276682,584013
18,2060,304499,277441,581940
19,2060,307335,279222,586557
20,2060,309367,280247,589614
21,2060,309425,280514,589939
22,2060,309452,280752,590204
23,2060,309762,280695,590457
24,2060,309764,280695,590459
25,2060,309764,280695,590459
26,2060,309764,280695,590459
27,2060,309764,280695,590459
28,2060,309764,280695,590459
29,2060,309764,280695,590459
30,2060,309764,280695,590459
31,2060,309764,280695,590459
32,2060,309764,280695,590459
33,2060,309764,280695,590459
34,2060,309764,280695,590459
35,2060,309764,280695,590459
36,2060,309764,280695,590459
37,2060,309738,280695,590433
38,2060,309738,280695,590433
39,2060,309738,280695,590433
40,2060,309738,280695,590433
41,2060,310581,280709,591290
42,2060,310581,280709,591290
43,2060,310581,280709,591290
44,2060,310522,280709,591231
45,2060,310522,280709,591231
46,2060,310522,280709,591231
47,2060,310522,280709,591231
48,2060,310522,280709,591231
49,2060,310522,280709,591231
50,2060,310522,280709,591231
51,2060,310522,280709,591231
52,2060,310522,280709,591231
53,2060,310522,280709,591231
54,2060,310522,280709,591231
55,2060,310522,280709,591231
56,2060,310522,280709,591231
57,2060,310522,280709,591231
58,2060,310522,280709,591231
59,2060,310522,280709,591231
60,2060,310522,280709,591231
61,2060,310493,280709,591202
62,2060,310500,280719,591219
63,2060,310622,280709,591331
64,2060,310711,280709,591420
65,2060,310854,280709,591563
66,2060,310736,280709,591445
67,2060,310677,280709,591386
68,2060,310743,280709,591452
69,2060,310668,280709,591377
70,2060,310642,280709,591351
71,2060,310117,280719,590836
72,2060,310404,280709,591113
73,2060,310176,280695,590871
74,2060,310176,280695,590871
75,2060,310176,280695,590871
76,2060,310176,280695,590871
77,2060,310176,280695,590871
78,2060,317218,306629,623847
79,2060,317604,306070,623674
80,2060,317715,306312,624027
81,2060,319435,304795,624230
82,2060,319435,304795,624230
83,2060,319435,304795,624230
84,2060,319435,304795,624230
85,2060,319435,304795,624230
86,2060,319435,304795,624230
87,2060,319435,304795,624230
88,2060,319435,304795,624230
89,2060,319435,304795,624230
90,2060,319435,304795,624230
91,2060,319435,304795,624230
92,2060,319435,304795,624230
93,2060,319435,304795,624230
94,2060,319435,304795,624230
95,2060,319435,304795,624230
96,2060,319435,304795,624230
97,2060,319435,304795,624230
98,2060,319435,304795,624230
99,2060,319435,304795,624230
100,2060,319435,304795,624230
0,2060,292237,275533,567770
1,2060,292258,275489,567747
2,2060,292255,275489,567744
3,2060,292520,275565,568085
4,2060,292646,275922,568568
5,2060,290941,274761,565702
6,2060,291650,275540,567190
7,2060,291571,275602,567173
8,2060,290150,274568,564718
9,2060,292443,275886,568329
10,2060,291915,275595,567510
11,2060,292561,275926,568487
12,2060,293011,276402,569413
13,2060,293947,275772,569719
14,2060,294479,275523,570002
15,2060,297722,275788,573510
16,2060,296132,275359,571491
17,2060,303346,276680,580026
18,2060,304374,277451,581825
19,2060,307952,279352,587304
20,2060,309700,280525,590225
21,2060,308980,280464,589444
22,2060,309470,280601,590071
23,2060,309775,280616,590391
24,2060,309777,280616,590393
25,2060,309777,280616,590393
26,2060,309777,280616,590393
27,2060,309777,280616,590393
28,2060,309777,280616,590393
29,2060,309777,280616,590393
30,2060,309777,280616,590393
31,2060,309777,280616,590393
32,2060,309777,280616,590393
33,2060,309777,280616,590393
34,2060,309777,280616,590393
35,2060,309777,280616,590393
36,2060,309777,280616,590393
37,2060,309777,280616,590393
38,2060,309777,280616,590393
39,2060,309777,280616,590393
40,2060,309777,280616,590393
41,2060,310522,280709,591231
42,2060,310522,280709,591231
43,2060,310522,280709,591231
44,2060,310523,280709,591232
45,2060,310523,280709,591232
46,2060,310523,280709,591232
47,2060,310523,280709,591232
48,2060,310523,280709,591232
49,2060,310523,280709,591232
50,2060,310523,280709,591232
51,2060,310523,280709,591232
52,2060,310523,280709,591232
53,2060,310523,280709,591232
54,2060,310523,280709,591232
55,2060,310523,280709,591232
56,2060,310523,280709,591232
57,2060,310523,280709,591232
58,2060,310523,280709,591232
59,2060,310523,280709,591232
60,2060,310523,280709,591232
61,2060,310494,280709,591203
62,2060,310481,280709,591190
63,2060,310622,280709,591331
64,2060,310711,280709,591420
65,2060,310728,280709,591437
66,2060,310677,280709,591386
67,2060,310677,280709,591386
68,2060,310677,280709,591386
69,2060,310602,280709,591311
70,2060,310576,280709,591285
71,2060,310117,280695,590812
72,2060,310481,280719,591200
73,2060,310143,280719,590862
74,2060,310143,280719,590862
75,2060,310143,280719,590862
76,2060,310143,280719,590862
77,2060,310143,280719,590862
78,2060,319280,304872,624152
79,2060,317218,306403,623621
80,2060,318885,305538,624423
81,2060,315816,304901,620717
82,2060,315816,304901,620717
83,2060,315816,304901,620717
84,2060,315816,304901,620717
85,2060,315816,304901,620717
86,2060,315816,304901,620717
87,2060,315816,304901,620717
88,2060,315816,304901,620717
89,2060,315816,304901,620717
90,2060,315816,304901,620717
91,2060,315816,304901,620717
92,2060,315816,304901,620717
93,2060,315816,304901,620717
94,2060,315816,304901,620717
95,2060,315816,304901,620717
96,2060,315816,304901,620717
97,2060,315816,304901,620717
98,2060,315816,304901,620717
99,2060,315816,304901,620717
100,2060,315816,304901,620717
0,2060,292050,274642,566692
1,2060,291992,274566,566558
2,2060,292049,274566,566615
3,2060,292288,275393,567681
4,2060,292350,275433,567783
5,2060,291665,275418,567083
6,2060,292616,275683,568299
7,2060,292591,275714,568305
8,2060,289388,272724,562112
9,2060,292120,275796,567916
10,2060,292494,275697,568191
11,2060,292571,276455,569026
12,2060,292461,275605,568066
13,2060,293891,275625,569516
14,2060,294576,275565,570141
15,2060,296947,275357,572304
16,2060,296197,275623,571820
17,2060,302139,276579,578718
18,2060,304368,277408,581776
19,2060,309074,279536,588610
20,2060,308796,280425,589221
21,2060,308818,280514,589332
22,2060,309431,280601,590032
23,2060,309749,280616,590365
24,2060,309751,280616,590367
25,2060,309751,280616,590367
26,2060,309751,280616,590367
27,2060,309751,280616,590367
28,2060,309751,280616,590367
29,2060,309751,280616,590367
30,2060,309751,280616,590367
31,2060,309751,280616,590367
32,2060,309751,280616,590367
33,2060,309751,280616,590367
34,2060,309751,280616,590367
35,2060,309751,280616,590367
36,2060,309751,280616,590367
37,2060,309751,280616,590367
38,2060,309751,280616,590367
39,2060,309751,280616,590367
40,2060,309751,280616,590367
41,2060,310523,280709,591232
42,2060,310523,280709,591232
43,2060,310523,280709,591232
44,2060,310523,280709,591232
45,2060,310523,280709,591232
46,2060,310523,280709,591232
47,2060,310523,280709,591232
48,2060,310523,280709,591232
49,2060,310523,280709,591232
50,2060,310523,280709,591232
51,2060,310523,280709,591232
52,2060,310523,280709,591232
53,2060,310523,280709,591232
54,2060,310523,280709,591232
55,2060,310523,280709,591232
56,2060,310523,280709,591232
57,2060,310523,280709,591232
58,2060,310523,280709,591232
59,2060,310523,280709,591232
60,2060,310523,280709,591232
61,2060,310502,280709,591211
62,2060,310533,280709,591242
63,2060,310629,280709,591338
64,2060,310711,280709,591420
65,2060,310748,280709,591457
66,2060,310677,280709,591386
67,2060,310677,280709,591386
68,2060,310677,280709,591386
69,2060,310602,280709,591311
70,2060,310576,280709,591285
71,2060,310117,280695,590812
72,2060,310465,280709,591174
73,2060,310117,280719,590836
74,2060,310117,280719,590836
75,2060,310117,280719,590836
76,2060,310117,280719,590836
77,2060,310117,280719,590836
78,2060,317018,305496,622514
79,2060,319763,304916,624679
80,2060,316558,305659,622217
81,2060,315093,304229,619322
82,2060,315093,304229,619322
83,2060,315093,304229,619322
84,2060,315093,304229,619322
85,2060,315093,304229,619322
86,2060,315093,304229,619322
87,2060,315093,304229,619322
88,2060,315093,304229,619322
89,2060,315093,304229,619322
90,2060,315093,304229,619322
91,2060,315093,304229,619322
92,2060,315093,304229,619322
93,2060,315093,304229,619322
94,2060,315093,304229,619322
95,2060,315093,304229,619322
96,2060,315093,304229,619322
97,2060,315093,304229,619322
98,2060,315093,304229,619322
99,2060,315093,304229,619322
100,2060,315093,304229,619322
0,2060,292467,275809,568276
1,2060,292460,275777,568237
2,2060,292457,275777,568234
3,2060,292245,275154,567399
4,2060,292274,275644,567918
5,2060,292620,276606,569226
6,2060,292731,276392,569123
7,2060,292547,276434,568981
8,2060,290424,273014,563438
9,2060,292125,275680,567805
10,2060,292649,276206,568855
11,2060,291627,275325,566952
12,2060,292214,276093,568307
13,2060,294275,275933,570208
14,2060,294898,275677,570575
15,2060,296696,275498,572194
16,2060,296083,275608,571691
17,2060,302392,276114,578506
18,2060,304800,277408,582208
19,2060,308341,280112,588453
20,2060,308246,280444,588690
21,2060,308721,280514,589235
22,2060,309400,280616,590016
23,2060,309775,280616,590391
24,2060,309777,280616,590393
25,2060,309777,280616,590393
26,2060,309777,280616,590393
27,2060,309777,280616,590393
28,2060,309777,280616,590393
29,2060,309777,280616,590393
30,2060,309777,280616,590393
31,2060,309777,280616,590393
32,2060,309777,280616,590393
33,2060,309777,280616,590393
34,2060,309777,280616,590393
35,2060,309777,280616,590393
36,2060,309777,280616,590393
37,2060,309751,280616,590367
38,2060,309751,280616,590367
39,2060,309751,280616,590367
40,2060,309751,280616,590367
41,2060,310523,280709,591232
42,2060,310523,280709,591232
43,2060,310523,280709,591232
44,2060,310523,280709,591232
45,2060,310523,280709,591232
46,2060,310523,280709,591232
47,2060,310523,280709,591232
48,2060,310523,280709,591232
49,2060,310523,280709,591232
50,2060,310523,280709,591232
51,2060,310523,280709,591232
52,2060,310523,280709,591232
53,2060,310523,280709,591232
54,2060,310523,280709,591232
55,2060,310523,280709,591232
56,2060,310523,280709,591232
57,2060,310523,280709,591232
58,2060,310523,280709,591232
59,2060,310523,280709,591232
60,2060,310523,280709,591232
61,2060,310502,280709,591211
62,2060,310490,280709,591199
63,2060,310629,280709,591338
64,2060,310711,280709,591420
65,2060,310728,280709,591437
66,2060,310677,280709,591386
67,2060,310677,280709,591386
68,2060,310677,280709,591386
69,2060,310609,280709,591318
70,2060,310583,280709,591292
71,2060,310117,280695,590812
72,2060,310465,280709,591174
73,2060,310117,280695,590812
74,2060,310117,280695,590812
75,2060,310117,280695,590812
76,2060,310117,280695,590812
77,2060,310117,280695,590812
78,2060,315589,306728,622317
79,2060,317850,304290,622140
80,2060,315286,304700,619986
81,2060,313486,303270,616756
82,2060,313486,303270,616756
83,2060,313486,303270,616756
84,2060,313486,303270,616756
85,2060,313486,303270,616756
86,2060,313486,303270,616756
87,2060,313486,303270,616756
88,2060,313486,303270,616756
89,2060,313486,303270,616756
90,2060,313486,303270,616756
91,2060,313486,303270,616756
92,2060,313486,303270,616756
93,2060,313486,303270,616756
94,2060,313486,303270,616756
95,2060,313486,303270,616756
96,2060,313486,303270,616756
97,2060,313486,303270,616756
98,2060,313486,303270,616756
99,2060,313486,303270,616756
100,2060,313486,303270,616756
0,2060,292071,275839,567910
1,2060,292089,275900,567989
2,2060,292086,275900,567986
3,2060,292381,275949,568330
4,2060,292447,276194,568641
5,2060,291076,274117,565193
6,2060,291032,274854,565886
7,2060,290997,274886,565883
8,2060,291455,273560,565015
9,2060,292220,275875,568095
10,2060,291207,275214,566421
11,2060,291288,275553,566841
12,2060,293021,276358,569379
13,2060,294152,276089,570241
14,2060,295132,275773,570905
15,2060,295672,275405,571077
16,2060,296009,275276,571285
17,2060,303498,276207,579705
18,2060,304580,277399,581979
19,2060,307593,280366,587959
20,2060,308648,280447,589095
21,2060,309185,280529,589714
22,2060,309411,280647,590058
23,2060,309775,280616,590391
24,2060,309777,280624,590401
25,2060,309777,280624,590401
26,2060,309777,280624,590401
27,2060,309777,280624,590401
28,2060,309777,280624,590401
29,2060,309777,280624,590401
30,2060,309777,280624,590401
31,2060,309777,280624,590401
32,2060,309777,280624,590401
33,2060,309777,280624,590401
34,2060,309777,280624,590401
35,2060,309777,280624,590401
36,2060,309777,280624,590401
37,2060,309777,280616,590393
38,2060,309777,280616,590393
39,2060,309777,280616,590393
40,2060,309777,280616,590393
41,2060,310523,280709,591232
42,2060,310523,280709,591232
43,2060,310523,280709,591232
44,2060,310523,280709,591232
45,2060,310523,280709,591232
46,2060,310523,280709,591232
47,2060,310523,280709,591232
48,2060,310523,280709,591232
49,2060,310523,280709,591232
50,2060,310523,280709,591232
51,2060,310523,280709,591232
52,2060,310523,280709,591232
53,2060,310523,280709,591232
54,2060,310523,280709,591232
55,2060,310523,280709,591232
56,2060,310523,280709,591232
57,2060,310523,280709,591232
58,2060,310523,280709,591232
59,2060,310523,280709,591232
60,2060,310523,280709,591232
61,2060,310502,280709,591211
62,2060,310482,280709,591191
63,2060,310622,280709,591331
64,2060,310711,280709,591420
65,2060,310776,280709,591485
66,2060,310677,280709,591386
67,2060,310677,280709,591386
68,2060,310677,280709,591386
69,2060,310609,280709,591318
70,2060,310583,280709,591292
71,2060,310117,280695,590812
72,2060,310465,280709,591174
73,2060,310117,280695,590812
74,2060,310117,280695,590812
75,2060,310117,280695,590812
76,2060,310117,280695,590812
77,2060,310117,280695,590812
78,2060,319253,303696,622949
79,2060,314882,303302,618184
80,2060,314483,304209,618692
81,2060,313400,302807,616207
82,2060,313400,302807,616207
83,2060,313400,302807,616207
84,2060,313400,302807,616207
85,2060,313400,302807,616207
86,2060,313400,302807,616207
87,2060,313400,302807,616207
88,2060,313400,302807,616207
89,2060,313400,302807,616207
90,2060,313400,302807,616207
91,2060,313400,302807,616207
92,2060,313400,302807,616207
93,2060,313400,302807,616207
94,2060,313400,302807,616207
95,2060,313400,302807,616207
96,2060,313400,302807,616207
97,2060,313400,302807,616207
98,2060,313400,302807,616207
99,2060,313400,302807,616207
100,2060,313400,302807,616207
0,2060,291929,276118,568047
1,2060,292050,276184,568234
2,2060,292024,276184,568208
3,2060,292099,275673,567772
4,2060,291120,275219,566339
5,2060,290898,274381,565279
6,2060,290201,274869,565070
7,2060,289966,274416,564382
8,2060,293136,274868,568004
9,2060,292151,275983,568134
10,2060,291191,275417,566608
11,2060,292570,276264,568834
12,2060,292503,275712,568215
13,2060,293667,275662,569329
14,2060,296166,275731,571897
15,2060,295497,275115,570612
16,2060,296079,275458,571537
17,2060,303229,276582,579811
18,2060,304477,277399,581876
19,2060,306568,280199,586767
20,2060,308456,280490,588946
21,2060,309412,280464,589876
22,2060,309419,280647,590066
23,2060,309775,280624,590399
24,2060,309777,280624,590401
25,2060,309777,280624,590401
26,2060,309777,280624,590401
27,2060,309777,280624,590401
28,2060,309777,280624,590401
29,2060,309777,280624,590401
30,2060,309777,280624,590401
31,2060,309777,280624,590401
32,2060,309777,280624,590401
33,2060,309777,280624,590401
34,2060,309777,280624,590401
35,2060,309777,280624,590401
36,2060,309777,280624,590401
37,2060,309777,280624,590401
38,2060,309777,280624,590401
39,2060,309777,280624,590401
40,2060,309777,280624,590401
41,2060,310523,280709,591232
42,2060,310523,280709,591232
43,2060,310523,280709,591232
44,2060,310523,280709,591232
45,2060,310523,280709,591232
46,2060,310523,280709,591232
47,2060,310523,280709,591232
48,2060,310523,280709,591232
49,2060,310523,280709,591232
50,2060,310523,280709,591232
51,2060,310523,280709,591232
52,2060,310523,280709,591232
53,2060,310523,280709,591232
54,2060,310523,280709,591232
55,2060,310523,280709,591232
56,2060,310523,280709,591232
57,2060,310523,280709,591232
58,2060,310523,280709,591232
59,2060,310523,280709,591232
60,2060,310523,280709,591232
61,2060,310502,280709,591211
62,2060,310542,280709,591251
63,2060,310622,280709,591331
64,2060,310711,280709,591420
65,2060,310776,280709,591485
66,2060,310677,280709,591386
67,2060,310677,280709,591386
68,2060,310677,280709,591386
69,2060,310609,280709,591318
70,2060,310583,280709,591292
71,2060,310117,280695,590812
72,2060,310465,280709,591174
73,2060,310117,280695,590812
74,2060,310117,280695,590812
75,2060,310117,280695,590812
76,2060,310117,280695,590812
77,2060,310117,280695,590812
78,2060,315391,302409,617800
79,2060,313281,301886,615167
80,2060,313582,303403,616985
81,2060,313300,302781,616081
82,2060,313300,302781,616081
83,2060,313300,302781,616081
84,2060,313300,302781,616081
85,2060,313300,302781,616081
86,2060,313300,302781,616081
87,2060,313300,302781,616081
88,2060,313300,302781,616081
89,2060,313300,302781,616081
90,2060,313300,302781,616081
91,2060,313300,302781,616081
92,2060,313300,302781,616081
93,2060,313300,302781,616081
94,2060,313300,302781,616081
95,2060,313300,302781,616081
96,2060,313300,302781,616081
97,2060,313300,302781,616081
98,2060,313300,302781,616081
99,2060,313300,302781,616081
100,2060,313300,302781,616081
0,2060,290678,274865,565543
1,2060,290646,274600,565246
2,2060,290646,274600,565246
3,2060,292028,275935,567963
4,2060,290806,274931,565737
5,2060,291693,275335,567028
6,2060,289512,272972,562484
7,2060,289426,272773,562199
8,2060,292970,275895,568865
9,2060,292042,275514,567556
10,2060,292198,275741,567939
11,2060,291715,275941,567656
12,2060,292280,275815,568095
13,2060,293958,275737,569695
14,2060,295390,275951,571341
15,2060,295576,275625,571201
16,2060,296316,275830,572146
17,2060,302965,276281,579246
18,2060,304630,277408,582038
19,2060,305272,279385,584657
20,2060,308843,280475,589318
21,2060,308966,280464,589430
22,2060,309419,280616,590035
23,2060,309775,280616,590391
24,2060,309777,280616,590393
25,2060,309777,280616,590393
26,2060,309777,280616,590393
27,2060,309777,280616,590393
28,2060,309777,280616,590393
29,2060,309777,280616,590393
30,2060,309777,280616,590393
31,2060,309777,280616,590393
32,2060,309777,280616,590393
33,2060,309777,280616,590393
34,2060,309777,280616,590393
35,2060,309777,280616,590393
36,2060,309777,280616,590393
37,2060,309777,280616,590393
38,2060,309777,280616,590393
39,2060,309777,280616,590393
40,2060,309777,280616,590393
41,2060,310523,280709,591232
42,2060,310523,280709,591232
43,2060,310523,280709,591232
44,2060,310523,280709,591232
45,2060,310523,280709,591232
46,2060,310523,280709,591232
47,2060,310523,280709,591232
48,2060,310523,280709,591232
49,2060,310523,280709,591232
50,2060,310523,280709,591232
51,2060,310523,280709,591232
52,2060,310523,280709,591232
53,2060,310523,280709,591232
54,2060,310523,280709,591232
55,2060,310523,280709,591232
56,2060,310523,280709,591232
57,2060,310523,280709,591232
58,2060,310523,280709,591232
59,2060,310523,280709,591232
60,2060,310523,280709,591232
61,2060,310502,280709,591211
62,2060,310490,280709,591199
63,2060,310629,280709,591338
64,2060,310711,280709,591420
65,2060,310776,280709,591485
66,2060,310677,280709,591386
67,2060,310677,280709,591386
68,2060,310677,280709,591386
69,2060,310609,280709,591318
70,2060,310583,280709,591292
71,2060,310117,280695,590812
72,2060,310465,280709,591174
73,2060,310117,280695,590812
74,2060,310117,280695,590812
75,2060,310117,280695,590812
76,2060,310117,280695,590812
77,2060,310117,280695,590812
78,2060,314163,302133,616296
79,2060,313574,301568,615142
80,2060,313325,302887,616212
81,2060,314143,304623,618766
82,2060,314143,304623,618766
83,2060,314143,304623,618766
84,2060,314143,304623,618766
85,2060,314143,304623,618766
86,2060,314143,304623,618766
87,2060,314143,304623,618766
88,2060,314143,304623,618766
89,2060,314143,304623,618766
90,2060,314143,304623,618766
91,2060,314143,304623,618766
92,2060,314143,304623,618766
93,2060,314143,304623,618766
94,2060,314143,304623,618766
95,2060,314143,304623,618766
96,2060,314143,304623,618766
97,2060,314143,304623,618766
98,2060,314143,304623,618766
99,2060,314143,304623,618766
100,2060,314143,304623,618766
0,2060,289630,273527,563157
1,2060,289084,272978,562062
2,2060,289096,272978,562074
3,2060,291944,275546,567490
4,2060,290744,274239,564983
5,2060,292628,276596,569224
6,2060,290215,273130,563345
7,2060,290379,273170,563549
8,2060,292789,275868,568657
9,2060,292007,275599,567606
10,2060,292516,276305,568821
11,2060,291831,275642,567473
12,2060,293193,276213,569406
13,2060,294133,275848,569981
14,2060,294756,275557,570313
15,2060,295875,275849,571724
16,2060,296104,275804,571908
17,2060,302976,276373,579349
18,2060,304434,277399,581833
19,2060,305026,279291,584317
20,2060,308802,280475,589277
21,2060,308820,280514,589334
22,2060,309407,280616,590023
23,2060,309775,280624,590399
24,2060,309777,280624,590401
25,2060,309777,280624,590401
26,2060,309777,280624,590401
27,2060,309777,280624,590401
28,2060,309777,280624,590401
29,2060,309777,280624,590401
30,2060,309777,280624,590401
31,2060,309777,280624,590401
32,2060,309777,280624,590401
33,2060,309777,280624,590401
34,2060,309777,280624,590401
35,2060,309777,280624,590401
36,2060,309777,280624,590401
37,2060,309777,280616,590393
38,2060,309777,280616,590393
39,2060,309777,280616,590393
40,2060,309777,280616,590393
41,2060,310523,280709,591232
42,2060,310523,280709,591232
43,2060,310523,280709,591232
44,2060,310523,280709,591232
45,2060,310523,280709,591232
46,2060,310523,280709,591232
47,2060,310523,280709,591232
48,2060,310523,280709,591232
49,2060,310523,280709,591232
50,2060,310523,280709,591232
51,2060,310523,280709,591232
52,2060,310523,280709,591232
53,2060,310523,280709,591232
54,2060,310523,280709,591232
55,2060,310523,280709,591232
56,2060,310523,280709,591232
57,2060,310523,280709,591232
58,2060,310523,280709,591232
59,2060,310523,280709,591232
60,2060,310523,280709,591232
61,2060,310502,280709,591211
62,2060,310482,280709,591191
63,2060,310629,280709,591338
64,2060,310711,280709,591420
65,2060,310776,280709,591485
66,2060,310677,280709,591386
67,2060,310677,280709,591386
68,2060,310677,280709,591386
69,2060,310609,280709,591318
70,2060,310583,280709,591292
71,2060,310117,280695,590812
72,2060,310465,280709,591174
73,2060,310117,280695,590812
74,2060,310117,280695,590812
75,2060,310117,280695,590812
76,2060,310117,280695,590812
77,2060,310117,280695,590812
78,2060,312824,302255,615079
79,2060,312361,301855,614216
80,2060,313545,304204,617749
81,2060,315175,307024,622199
82,2060,315175,307024,622199
83,2060,315175,307024,622199
84,2060,315175,307024,622199
85,2060,315175,307024,622199
86,2060,315175,307024,622199
87,2060,315175,307024,622199
88,2060,315175,307024,622199
89,2060,315175,307024,622199
90,2060,315175,307024,622199
91,2060,315175,307024,622199
92,2060,315175,307024,622199
93,2060,315175,307024,622199
94,2060,315175,307024,622199
95,2060,315175,307024,622199
96,2060,315175,307024,622199
97,2060,315175,307024,622199
98,2060,315175,307024,622199
99,2060,315175,307024,622199
100,2060,315175,307024,622199
0,2060,289931,272729,562660
1,2060,289934,272911,562845
2,2060,289982,272952,562934
3,2060,292195,275576,567771
4,2060,291187,274432,565619
5,2060,291032,274005,565037
6,2060,290574,273727,564301
7,2060,291554,273847,565401
8,2060,292191,275275,567466
9,2060,292300,275900,568200
10,2060,291218,275119,566337
11,2060,292350,275661,568011
12,2060,292533,276111,568644
13,2060,294243,276045,570288
14,2060,294509,275322,569831
15,2060,295696,275954,571650
16,2060,295745,275365,571110
17,2060,302787,276624,579411
18,2060,304700,277408,582108
19,2060,305830,279172,585002
20,2060,308798,280475,589273
21,2060,308721,280514,589235
22,2060,309400,280616,590016
23,2060,309775,280624,590399
24,2060,309777,280624,590401
25,2060,309777,280624,590401
26,2060,309777,280624,590401
27,2060,309777,280624,590401
28,2060,309777,280624,590401
29,2060,309777,280624,590401
30,2060,309777,280624,590401
31,2060,309777,280624,590401
32,2060,309777,280624,590401
33,2060,309777,280624,590401
34,2060,309777,280624,590401
35,2060,309777,280624,590401
36,2060,309777,280624,590401
37,2060,309777,280624,590401
38,2060,309777,280624,590401
39,2060,309777,280624,590401
40,2060,309777,280624,590401
41,2060,310523,280709,591232
42,2060,310523,280709,591232
43,2060,310523,280709,591232
44,2060,310523,280709,591232
45,2060,310523,280709,591232
46,2060,310523,280709,591232
47,2060,310523,280709,591232
48,2060,310523,280709,591232
49,2060,310523,280709,591232
50,2060,310523,280709,591232
51,2060,310523,280709,591232
52,2060,310523,280709,591232
53,2060,310523,280709,591232
54,2060,310523,280709,591232
55,2060,310523,280709,591232
56,2060,310523,280709,591232
57,2060,310523,280709,591232
58,2060,310523,280709,591232
59,2060,310523,280709,591232
60,2060,310523,280709,591232
61,2060,310502,280709,591211
62,2060,310542,280709,591251
63,2060,310622,280709,591331
64,2060,310711,280709,591420
65,2060,310776,280709,591485
66,2060,310677,280709,591386
67,2060,310677,280709,591386
68,2060,310677,280709,591386
69,2060,310609,280709,591318
70,2060,310583,280709,591292
71,2060,310117,280695,590812
72,2060,310465,280709,591174
73,2060,310117,280695,590812
74,2060,310117,280695,590812
75,2060,310117,280695,590812
76,2060,310117,280695,590812
77,2060,310117,280695,590812
78,2060,314312,303031,617343
79,2060,314087,303226,617313
80,2060,313783,305497,619280
81,2060,319234,305827,625061
82,2060,319234,305827,625061
83,2060,319234,305827,625061
84,2060,319234,305827,625061
85,2060,319234,305827,625061
86,2060,319234,305827,625061
87,2060,319234,305827,625061
88,2060,319234,305827,625061
89,2060,319234,305827,625061
90,2060,319234,305827,625061
91,2060,319234,305827,625061
92,2060,319234,305827,625061
93,2060,319234,305827,625061
94,2060,319234,305827,625061
95,2060,319234,305827,625061
96,2060,319234,305827,625061
97,2060,319234,305827,625061
98,2060,319234,305827,625061
99,2060,319234,305827,625061
100,2060,319234,305827,625061
0,2060,290389,273324,563713
1,2060,290357,273423,563780
2,2060,290327,273499,563826
3,2060,292216,275829,568045
4,2060,292652,275969,568621
5,2060,290429,274160,564589
6,2060,291995,274742,566737
7,2060,293131,275594,568725
8,2060,292310,275603,567913
9,2060,292239,275895,568134
10,2060,291305,275231,566536
11,2060,292658,276470,569128
12,2060,291894,275712,567606
13,2060,293818,275668,569486
14,2060,294959,275664,570623
15,2060,295329,275541,570870
16,2060,296065,275365,571430
17,2060,302452,276309,578761
18,2060,304434,277399,581833
19,2060,307640,279219,586859
20,2060,308797,280475,589272
21,2060,309191,280529,589720
22,2060,309411,280647,590058
23,2060,309775,280624,590399
24,2060,309777,280624,590401
25,2060,309777,280624,590401
26,2060,309777,280624,590401
27,2060,309777,280624,590401
28,2060,309777,280624,590401
29,2060,309777,280624,590401
30,2060,309777,280624,590401
31,2060,309777,280624,590401
32,2060,309777,280624,590401
33,2060,309777,280624,590401
34,2060,309777,280624,590401
35,2060,309777,280624,590401
36,2060,309777,280624,590401
37,2060,309777,280624,590401
38,2060,309777,280624,590401
39,2060,309777,280624,590401
40,2060,309777,280624,590401
41,2060,310523,280709,591232
42,2060,310523,280709,591232
43,2060,310523,280709,591232
44,2060,310523,280709,591232
45,2060,310523,280709,591232
46,2060,310523,280709,591232
47,2060,310523,280709,591232
48,2060,310523,280709,591232
49,2060,310523,280709,591232
50,2060,310523,280709,591232
51,2060,310523,280709,591232
52,2060,310523,280709,591232
53,2060,310523,280709,591232
54,2060,310523,280709,591232
55,2060,310523,280709,591232
56,2060,310523,280709,591232
57,2060,310523,280709,591232
58,2060,310523,280709,591232
59,2060,310523,280709,591232
60,2060,310523,280709,591232
61,2060,310502,280709,591211
62,2060,310490,280709,591199
63,2060,310622,280709,591331
64,2060,310711,280709,591420
65,2060,310776,280709,591485
66,2060,310677,280709,591386
67,2060,310677,280709,591386
68,2060,310677,280709,591386
69,2060,310609,280709,591318
70,2060,310583,280709,591292
71,2060,310117,280695,590812
72,2060,310465,280709,591174
73,2060,310117,280695,590812
74,2060,310117,280695,590812
75,2060,310117,280695,590812
76,2060,310117,280695,590812
77,2060,310117,280695,590812
78,2060,314565,303350,617915
79,2060,315463,303836,619299
80,2060,315597,307591,623188
81,2060,318475,306338,624813
82,2060,318475,306338,624813
83,2060,318475,306338,624813
84,2060,318475,306338,624813
85,2060,318475,306338,624813
86,2060,318475,306338,624813
87,2060,318475,306338,624813
88,2060,318475,306338,624813
89,2060,318475,306338,624813
90,2060,318475,306338,624813
91,2060,318475,306338,624813
92,2060,318475,306338,624813
93,2060,318475,306338,624813
94,2060,318475,306338,624813
95,2060,318475,306338,624813
96,2060,318475,306338,624813
97,2060,318475,306338,624813
98,2060,318475,306338,624813
99,2060,318475,306338,624813
100,2060,318475,306338,624813
0,2060,291577,274118,565695
1,2060,291704,274059,565763
2,2060,291728,274070,565798
3,2060,292172,275866,568038
4,2060,292520,275795,568315
5,2060,290894,274103,564997
6,2060,293029,275653,568682
7,2060,293002,275585,568587
8,2060,292514,276161,568675
9,2060,292060,275434,567494
10,2060,292373,275869,568242
11,2060,291521,275321,566842
12,2060,292700,275905,568605
13,2060,293942,275538,569480
14,2060,295205,275997,571202
15,2060,296250,275426,571676
16,2060,296330,275907,572237
17,2060,302651,276235,578886
18,2060,304622,277408,582030
19,2060,308470,279310,587780
20,2060,308804,280475,589279
21,2060,309404,280464,589868
22,2060,309411,280647,590058
23,2060,309775,280624,590399
24,2060,309777,280624,590401
25,2060,309777,280624,590401
26,2060,309777,280624,590401
27,2060,309777,280624,590401
28,2060,309777,280624,590401
29,2060,309777,280624,590401
30,2060,309777,280624,590401
31,2060,309777,280624,590401
32,2060,309777,280624,590401
33,2060,309777,280624,590401
34,2060,309777,280624,590401
35,2060,309777,280624,590401
36,2060,309777,280624,590401
37,2060,309777,280624,590401
38,2060,309777,280624,590401
39,2060,309777,280624,590401
40,2060,309777,280624,590401
41,2060,310523,280709,591232
42,2060,310523,280709,591232
43,2060,310523,280709,591232
44,2060,310523,280709,591232
45,2060,310523,280709,591232
46,2060,310523,280709,591232
47,2060,310523,280709,591232
48,2060,310523,280709,591232
49,2060,310523,280709,591232
50,2060,310523,280709,591232
51,2060,310523,280709,591232
52,2060,310523,280709,591232
53,2060,310523,280709,591232
54,2060,310523,280709,591232
55,2060,310523,280709,591232
56,2060,310523,280709,591232
57,2060,310523,280709,591232
58,2060,310523,280709,591232
59,2060,310523,280709,591232
60,2060,310523,280709,591232
61,2060,310502,280709,591211
62,2060,310482,280709,591191
63,2060,310629,280709,591338
64,2060,310711,280709,591420
65,2060,310776,280709,591485
66,2060,310677,280709,591386
67,2060,310677,280709,591386
68,2060,310677,280709,591386
69,2060,310609,280709,591318
70,2060,310583,280709,591292
71,2060,310117,280695,590812
72,2060,310465,280709,591174
73,2060,310117,280695,590812
74,2060,310117,280695,590812
75,2060,310117,280695,590812
76,2060,310117,280695,590812
77,2060,310117,280695,590812
78,2060,314748,304905,619653
79,2060,315681,305040,620721
80,2060,320100,305595,625695
81,2060,319150,304796,623946
82,2060,319150,304796,623946
83,2060,319150,304796,623946
84,2060,319150,304796,623946
85,2060,319150,304796,623946
86,2060,319150,304796,623946
87,2060,319150,304796,623946
88,2060,319150,304796,623946
89,2060,319150,304796,623946
90,2060,319150,304796,623946
91,2060,319150,304796,623946
92,2060,319150,304796,623946
93,2060,319150,304796,623946
94,2060,319150,304796,623946
95,2060,319150,304796,623946
96,2060,319150,304796,623946
97,2060,319150,304796,623946
98,2060,319150,304796,623946
99,2060,319150,304796,623946
100,2060,319150,304796,623946
0,2060,292691,275252,567943
1,2060,292737,275408,568145
2,2060,292737,275396,568133
3,2060,291909,275660,567569
4,2060,292434,275675,568109
5,2060,292224,276129,568353
6,2060,292989,275830,568819
7,2060,292884,275778,568662
8,2060,291224,275620,566844
9,2060,291990,275557,567547
10,2060,292433,276415,568848
11,2060,291391,275660,567051
12,2060,293221,276798,570019
13,2060,294261,275802,570063
14,2060,297791,275834,573625
15,2060,295951,275686,571637
16,2060,296030,275683,571713
17,2060,302367,276387,578754
18,2060,304434,277399,581833
19,2060,309346,279536,588882
20,2060,308804,280475,589279
21,2060,308966,280464,589430
22,2060,309411,280616,590027
23,2060,309775,280624,590399
24,2060,309777,280624,590401
25,2060,309777,280624,590401
26,2060,309777,280624,590401
27,2060,309777,280624,590401
28,2060,309777,280624,590401
29,2060,309777,280624,590401
30,2060,309777,280624,590401
31,2060,309777,280624,590401
32,2060,309777,280624,590401
33,2060,309777,280624,590401
34,2060,309777,280624,590401
35,2060,309777,280624,590401
36,2060,309777,280624,590401
37,2060,309777,280624,590401
38,2060,309777,280624,590401
39,2060,309777,280624,590401
40,2060,309777,280624,590401
41,2060,310523,280709,591232
42,2060,310523,280709,591232
43,2060,310523,280709,591232
44,2060,310523,280709,591232
45,2060,310523,280709,591232
46,2060,310523,280709,591232
47,2060,310523,280709,591232
48,2060,310523,280709,591232
49,2060,310523,280709,591232
50,2060,310523,280709,591232
51,2060,310523,280709,591232
52,2060,310523,280709,591232
53,2060,310523,280709,591232
54,2060,310523,280709,591232
55,2060,310523,280709,591232
56,2060,310523,280709,591232
57,2060,310523,280709,591232
58,2060,310523,280709,591232
59,2060,310523,280709,591232
60,2060,310523,280709,591232
61,2060,310502,280709,591211
62,2060,310542,280709,591251
63,2060,310629,280709,591338
64,2060,310711,280709,591420
65,2060,310776,280709,591485
66,2060,310677,280709,591386
67,2060,310677,280709,591386
68,2060,310677,280709,591386
69,2060,310609,280709,591318
70,2060,310583,280709,591292
71,2060,310117,280695,590812
72,2060,310465,280709,591174
73,2060,310117,280695,590812
74,2060,310117,280695,590812
75,2060,310117,280695,590812
76,2060,310117,280695,590812
77,2060,310117,280695,590812
78,2060,315901,306651,622552
79,2060,316557,307162,623719
80,2060,319112,306085,625197
81,2060,317302,305907,623209
82,2060,317302,305907,623209
83,2060,317302,305907,623209
84,2060,317302,305907,623209
85,2060,317302,305907,623209
86,2060,317302,305907,623209
87,2060,317302,305907,623209
88,2060,317302,305907,623209
89,2060,317302,305907,623209
90,2060,317302,305907,623209
91,2060,317302,305907,623209
92,2060,317302,305907,623209
93,2060,317302,305907,623209
94,2060,317302,305907,623209
95,2060,317302,305907,623209
96,2060,317302,305907,623209
97,2060,317302,305907,623209
98,2060,317302,305907,623209
99,2060,317302,305907,623209
100,2060,317302,305907,623209
0,2061,292160,275407,567567
1,2061,292160,275407,567567
2,2061,292156,275407,567563
3,2061,292317,275433,567750
4,2061,292459,275435,567894
5,2061,292604,275460,568064
6,2061,292715,275538,568253
7,2061,292699,275529,568228
8,2061,292688,275503,568191
9,2061,292689,275485,568174
10,2061,292704,275551,568255
11,2061,292828,275972,568800
12,2061,293342,276256,569598
13,2061,293719,276375,570094
14,2061,293758,276281,570039
15,2061,293823,276272,570095
16,2061,294123,276355,570478
17,2061,294561,276410,570971
18,2061,295789,276733,572522
19,2061,296731,278188,574919
20,2061,296795,278225,575020
21,2061,296833,278284,575117
22,2061,296862,278532,575394
23,2061,296890,278545,575435
24,2061,296890,278545,575435
25,2061,296890,278545,575435
26,2061,296890,278545,575435
27,2061,296890,278545,575435
28,2061,296890,278545,575435
29,2061,296890,278545,575435
30,2061,296890,278545,575435
31,2061,296890,278545,575435
32,2061,296890,278545,575435
33,2061,296890,278545,575435
34,2061,296890,278545,575435
35,2061,296890,278545,575435
36,2061,296890,278545,575435
37,2061,296890,278545,575435
38,2061,296890,278545,575435
39,2061,296890,278545,575435
40,2061,296890,278545,575435
41,2061,296890,278545,575435
42,2061,296890,278545,575435
43,2061,296890,278545,575435
44,2061,296890,278545,575435
45,2061,296890,278545,575435
46,2061,296881,278545,575426
47,2061,296873,278545,575418
48,2061,296873,278545,575418
49,2061,296873,278545,575418
50,2061,296873,278545,575418
51,2061,296873,278595,575468
52,2061,296873,278595,575468
53,2061,296873,278595,575468
54,2061,296873,278595,575468
55,2061,296873,278595,575468
56,2061,296873,278595,575468
57,2061,296873,278595,575468
58,2061,296873,278595,575468
59,2061,296873,278595,575468
60,2061,296873,278595,575468
61,2061,296873,278595,575468
62,2061,296873,278595,575468
63,2061,296873,278595,575468
64,2061,296825,278595,575420
65,2061,296825,278595,575420
66,2061,296738,278595,575333
67,2061,296738,278595,575333
68,2061,296472,278595,575067
69,2061,296377,278595,574972
70,2061,296237,278595,574832
71,2061,295800,278595,574395
72,2061,295800,278595,574395
73,2061,295461,278595,574056
74,2061,295423,278595,574018
75,2061,295423,278595,574018
76,2061,295423,278595,574018
77,2061,295423,278595,574018
78,2061,295423,279554,574977
79,2061,295423,279363,574786
80,2061,295423,279614,575037
81,2061,295423,279743,575166
82,2061,295423,279743,575166
83,2061,295423,279743,575166
84,2061,295423,279743,575166
85,2061,295423,279743,575166
86,2061,295423,279743,575166
87,2061,295423,279743,575166
88,2061,295423,279743,575166
89,2061,295423,279743,575166
90,2061,295423,279743,575166
91,2061,295423,279743,575166
92,2061,295423,279743,575166
93,2061,295423,279743,575166
94,2061,295423,279743,575166
95,2061,295423,279743,575166
96,2061,295423,279743,575166
97,2061,295423,279743,575166
98,2061,295423,279743,575166
99,2061,295423,279743,575166
100,2061,295423,279743,575166
0,2061,292266,275259,567525
1,2061,292266,275259,567525
2,2061,292259,275259,567518
3,2061,292436,275274,567710
4,2061,292615,275193,567808
5,2061,292741,275299,568040
6,2061,292868,275406,568274
7,2061,292842,275390,568232
8,2061,292820,275364,568184
9,2061,292815,275344,568159
10,2061,292810,275474,568284
11,2061,292862,275699,568561
12,2061,293184,275754,568938
13,2061,293704,275708,569412
14,2061,293937,275800,569737
15,2061,294124,275792,569916
16,2061,294466,275859,570325
17,2061,295672,275850,571522
18,2061,297964,276497,574461
19,2061,298821,278322,577143
20,2061,299958,278491,578449
21,2061,300126,278538,578664
22,2061,300128,279006,579134
23,2061,300136,279020,579156
24,2061,300136,279020,579156
25,2061,300136,279020,579156
26,2061,300136,279020,579156
27,2061,300136,279020,579156
28,2061,300136,279020,579156
29,2061,300136,279020,579156
30,2061,300136,279020,579156
31,2061,300136,279020,579156
32,2061,300136,279020,579156
33,2061,300136,279020,579156
34,2061,300136,279020,579156
35,2061,300136,279020,579156
36,2061,300136,279020,579156
37,2061,300136,279020,579156
38,2061,300136,279020,579156
39,2061,300136,279020,579156
40,2061,300136,279020,579156
41,2061,300136,279020,579156
42,2061,300136,279020,579156
43,2061,300136,279020,579156
44,2061,300538,279020,579558
45,2061,300538,279020,579558
46,2061,300536,279020,579556
47,2061,300528,279020,579548
48,2061,300528,279020,579548
49,2061,300528,279020,579548
50,2061,300528,279020,579548
51,2061,300528,279059,579587
52,2061,300528,279059,579587
53,2061,300528,279059,579587
54,2061,300528,279059,579587
55,2061,300528,279059,579587
56,2061,300528,279059,579587
57,2061,300528,279059,579587
58,2061,300528,279059,579587
59,2061,300528,279059,579587
60,2061,300528,279059,579587
61,2061,300528,279059,579587
62,2061,300528,279059,579587
63,2061,300528,279059,579587
64,2061,300557,279059,579616
65,2061,300557,279059,579616
66,2061,300066,279059,579125
67,2061,300008,279059,579067
68,2061,299613,279059,578672
69,2061,299663,279059,578722
70,2061,299415,279037,578452
71,2061,298888,279037,577925
72,2061,298782,279037,577819
73,2061,298283,278963,577246
74,2061,298238,278963,577201
75,2061,298238,278963,577201
76,2061,298238,278963,577201
77,2061,298238,278963,577201
78,2061,298344,280269,578613
79,2061,298259,280078,578337
80,2061,298344,280826,579170
81,2061,298338,280568,578906
82,2061,298338,280568,578906
83,2061,298338,280568,578906
84,2061,298338,280568,578906
85,2061,298338,280568,578906
86,2061,298338,280568,578906
87,2061,298338,280568,578906
88,2061,298338,280568,578906
89,2061,298338,280568,578906
90,2061,298338,280568,578906
91,2061,298338,280568,578906
92,2061,298338,280568,578906
93,2061,298338,280568,578906
94,2061,298338,280568,578906
95,2061,298338,280568,578906
96,2061,298338,280568,578906
97,2061,298338,280568,578906
98,2061,298338,280568,578906
99,2061,298338,280568,578906
100,2061,298338,280568,578906
0,2061,292274,275413,567687
1,2061,292274,275413,567687
2,2061,292266,275413,567679
3,2061,292417,275347,567764
4,2061,292716,275394,568110
5,2061,292856,275450,568306
6,2061,292910,275526,568436
7,2061,292866,275510,568376
8,2061,292838,275471,568309
9,2061,292865,275477,568342
10,2061,292819,275561,568380
11,2061,292909,275804,568713
12,2061,293366,276259,569625
13,2061,294527,276216,570743
14,2061,294776,276418,571194
15,2061,295034,276413,571447
16,2061,296135,276482,572617
17,2061,297419,276524,573943
18,2061,299982,276890,576872
19,2061,300697,278092,578789
20,2061,300794,278561,579355
21,2061,301474,278636,580110
22,2061,301310,278941,580251
23,2061,301326,278955,580281
24,2061,301326,278955,580281
25,2061,301326,278955,580281
26,2061,301326,278955,580281
27,2061,301326,278955,580281
28,2061,301326,278955,580281
29,2061,301326,278955,580281
30,2061,301326,278955,580281
31,2061,301326,278955,580281
32,2061,301326,278955,580281
33,2061,301326,278955,580281
34,2061,301326,278955,580281
35,2061,301326,278955,580281
36,2061,301326,278955,580281
37,2061,301326,278955,580281
38,2061,301326,278955,580281
39,2061,301326,278955,580281
40,2061,301326,278955,580281
41,2061,301326,278955,580281
42,2061,301326,278955,580281
43,2061,301333,278955,580288
44,2061,303077,279111,582188
45,2061,303077,279111,582188
46,2061,302118,279111,581229
47,2061,302109,279111,581220
48,2061,302109,279111,581220
49,2061,302109,279111,581220
50,2061,302109,279111,581220
51,2061,302109,279149,581258
52,2061,302109,279149,581258
53,2061,302109,279149,581258
54,2061,302109,279149,581258
55,2061,302109,279149,581258
56,2061,302109,279149,581258
57,2061,302109,279149,581258
58,2061,302109,279149,581258
59,2061,302109,279149,581258
60,2061,302109,279149,581258
61,2061,302109,279149,581258
62,2061,302109,279149,581258
63,2061,302109,279149,581258
64,2061,303056,279149,582205
65,2061,303056,279149,582205
66,2061,301751,278994,580745
67,2061,301764,278926,580690
68,2061,301625,278926,580551
69,2061,301693,278926,580619
70,2061,301698,278926,580624
71,2061,302699,279051,581750
72,2061,302614,279051,581665
73,2061,301717,279129,580846
74,2061,301717,279129,580846
75,2061,301717,279129,580846
76,2061,301717,279129,580846
77,2061,301717,279129,580846
78,2061,301618,283834,585452
79,2061,301588,283520,585108
80,2061,301523,283856,585379
81,2061,301545,283856,585401
82,2061,301545,283856,585401
83,2061,301545,283856,585401
84,2061,301545,283856,585401
85,2061,301545,283856,585401
86,2061,301545,283856,585401
87,2061,301545,283856,585401
88,2061,301545,283856,585401
89,2061,301545,283856,585401
90,2061,301545,283856,585401
91,2061,301545,283856,585401
92,2061,301545,283856,585401
93,2061,301545,283856,585401
94,2061,301545,283856,585401
95,2061,301545,283856,585401
96,2061,301545,283856,585401
97,2061,301545,283856,585401
98,2061,301545,283856,585401
99,2061,301545,283856,585401
100,2061,301545,283856,585401
0,2061,292099,274901,567000
1,2061,292099,274901,567000
2,2061,292091,274901,566992
3,2061,292300,274901,567201
4,2061,292463,274931,567394
5,2061,292518,274983,567501
6,2061,292615,275035,567650
7,2061,292607,275057,567664
8,2061,292601,275043,567644
9,2061,292574,275024,567598
10,2061,292549,275055,567604
11,2061,292624,275339,567963
12,2061,293047,275490,568537
13,2061,294584,275590,570174
14,2061,295239,275679,570918
15,2061,297561,275661,573222
16,2061,296031,275360,571391
17,2061,298511,275281,573792
18,2061,300960,276311,577271
19,2061,318140,278178,596318
20,2061,318570,278704,597274
21,2061,307169,279147,586316
22,2061,306963,279195,586158
23,2061,307025,279209,586234
24,2061,307025,279209,586234
25,2061,307025,279209,586234
26,2061,307025,279209,586234
27,2061,307025,279209,586234
28,2061,307025,279209,586234
29,2061,307025,279209,586234
30,2061,307025,279209,586234
31,2061,307025,279209,586234
32,2061,307025,279209,586234
33,2061,307025,279209,586234
34,2061,307025,279209,586234
35,2061,307025,279209,586234
36,2061,307025,279209,586234
37,2061,307025,279209,586234
38,2061,307025,279209,586234
39,2061,307025,279209,586234
40,2061,307025,279209,586234
41,2061,307025,279209,586234
42,2061,307025,279209,586234
43,2061,307025,279209,586234
44,2061,309401,279433,588834
45,2061,309401,279433,588834
46,2061,308138,279364,587502
47,2061,308207,279364,587571
48,2061,308207,279364,587571
49,2061,308207,279364,587571
50,2061,308207,279364,587571
51,2061,308198,279402,587600
52,2061,308198,279402,587600
53,2061,308198,279402,587600
54,2061,308198,279402,587600
55,2061,308198,279402,587600
56,2061,308198,279402,587600
57,2061,308198,279402,587600
58,2061,308198,279402,587600
59,2061,308198,279402,587600
60,2061,308198,279402,587600
61,2061,308198,279402,587600
62,2061,308198,279402,587600
63,2061,308198,279402,587600
64,2061,309449,279472,588921
65,2061,309538,279472,589010
66,2061,307947,279400,587347
67,2061,308227,279400,587627
68,2061,307618,279138,586756
69,2061,307735,279232,586967
70,2061,307742,279123,586865
71,2061,309127,279187,588314
72,2061,308751,279129,587880
73,2061,307179,279129,586308
74,2061,307179,279129,586308
75,2061,307179,279129,586308
76,2061,307179,279129,586308
77,2061,307179,279129,586308
78,2061,306934,286413,593347
79,2061,306862,284996,591858
80,2061,306855,286432,593287
81,2061,306855,286432,593287
82,2061,306855,286432,593287
83,2061,306855,286432,593287
84,2061,306855,286432,593287
85,2061,306855,286432,593287
86,2061,306855,286432,593287
87,2061,306855,286432,593287
88,2061,306855,286432,593287
89,2061,306855,286432,593287
90,2061,306855,286432,593287
91,2061,306855,286432,593287
92,2061,306855,286432,593287
93,2061,306855,286432,593287
94,2061,306855,286432,593287
95,2061,306855,286432,593287
96,2061,306855,286432,593287
97,2061,306855,286432,593287
98,2061,306855,286432,593287
99,2061,306855,286432,593287
100,2061,306855,286432,593287
0,2061,292414,276267,568681
1,2061,292414,276267,568681
2,2061,292410,276267,568677
3,2061,292524,276267,568791
4,2061,292770,276374,569144
5,2061,292782,276405,569187
6,2061,292777,275836,568613
7,2061,292789,275833,568622
8,2061,292809,276105,568914
9,2061,292817,276218,569035
10,2061,292752,276008,568760
11,2061,292786,276013,568799
12,2061,292637,275836,568473
13,2061,294207,275567,569774
14,2061,297544,275452,572996
15,2061,296712,275491,572203
16,2061,295873,275344,571217
17,2061,298696,275638,574334
18,2061,308040,277244,585284
19,2061,310244,279250,589494
20,2061,310992,279343,590335
21,2061,309447,279369,588816
22,2061,309498,279517,589015
23,2061,309548,279517,589065
24,2061,309548,279517,589065
25,2061,309548,279517,589065
26,2061,309548,279517,589065
27,2061,309548,279517,589065
28,2061,309548,279517,589065
29,2061,309548,279517,589065
30,2061,309548,279517,589065
31,2061,309548,279517,589065
32,2061,309548,279517,589065
33,2061,309548,279517,589065
34,2061,309548,279517,589065
35,2061,309548,279517,589065
36,2061,309548,279517,589065
37,2061,309933,279517,589450
38,2061,309933,279517,589450
39,2061,309933,279517,589450
40,2061,309933,279517,589450
41,2061,309933,279517,589450
42,2061,309933,279517,589450
43,2061,309933,279517,589450
44,2061,311218,279445,590663
45,2061,311218,279445,590663
46,2061,311078,279485,590563
47,2061,311078,279485,590563
48,2061,311078,279485,590563
49,2061,311078,279485,590563
50,2061,311078,279485,590563
51,2061,311087,279523,590610
52,2061,311087,279523,590610
53,2061,311087,279523,590610
54,2061,311087,279523,590610
55,2061,311087,279523,590610
56,2061,311087,279523,590610
57,2061,311087,279523,590610
58,2061,311087,279523,590610
59,2061,311087,279523,590610
60,2061,311087,279523,590610
61,2061,311087,279523,590610
62,2061,311087,279523,590610
63,2061,311197,279523,590720
64,2061,311402,279483,590885
65,2061,311494,279483,590977
66,2061,311142,279522,590664
67,2061,311181,279522,590703
68,2061,310276,279498,589774
69,2061,310326,279498,589824
70,2061,310257,279585,589842
71,2061,310672,279598,590270
72,2061,310683,279572,590255
73,2061,309854,279579,589433
74,2061,309854,279579,589433
75,2061,309854,279579,589433
76,2061,309854,279579,589433
77,2061,309854,279579,589433
78,2061,309223,297053,606276
79,2061,309182,295170,604352
80,2061,309215,297002,606217
81,2061,309223,297359,606582
82,2061,309223,297359,606582
83,2061,309223,297359,606582
84,2061,309223,297359,606582
85,2061,309223,297359,606582
86,2061,309223,297359,606582
87,2061,309223,297359,606582
88,2061,309223,297359,606582
89,2061,309223,297359,606582
90,2061,309223,297359,606582
91,2061,309223,297359,606582
92,2061,309223,297359,606582
93,2061,309223,297359,606582
94,2061,309223,297359,606582
95,2061,309223,297359,606582
96,2061,309223,297359,606582
97,2061,309223,297359,606582
98,2061,309223,297359,606582
99,2061,309223,297359,606582
100,2061,309223,297359,606582
0,2061,290839,275033,565872
1,2061,290839,275033,565872
2,2061,290835,275033,565868
3,2061,290937,275233,566170
4,2061,291005,274937,565942
5,2061,291046,275155,566201
6,2061,292232,276240,568472
7,2061,292199,276233,568432
8,2061,291249,275661,566910
9,2061,291199,275601,566800
10,2061,292123,276191,568314
11,2061,292361,276048,568409
12,2061,293171,276060,569231
13,2061,294126,275531,569657
14,2061,296668,275937,572605
15,2061,295244,275388,570632
16,2061,296127,275713,571840
17,2061,298662,276231,574893
18,2061,305162,277907,583069
19,2061,309543,280666,590209
20,2061,310358,280573,590931
21,2061,310236,280007,590243
22,2061,310517,280086,590603
23,2061,310504,280086,590590
24,2061,310504,280086,590590
25,2061,310504,280086,590590
26,2061,310504,280086,590590
27,2061,310504,280086,590590
28,2061,310504,280086,590590
29,2061,310504,280086,590590
30,2061,310504,280086,590590
31,2061,310504,280086,590590
32,2061,310504,280086,590590
33,2061,310504,280086,590590
34,2061,310504,280086,590590
35,2061,310504,280086,590590
36,2061,310504,280086,590590
37,2061,310568,280086,590654
38,2061,310568,280086,590654
39,2061,310568,280086,590654
40,2061,310568,280086,590654
41,2061,310949,280086,591035
42,2061,310949,280086,591035
43,2061,310949,280086,591035
44,2061,311212,280770,591982
45,2061,311212,280770,591982
46,2061,311402,280718,592120
47,2061,311402,280718,592120
48,2061,311402,280718,592120
49,2061,311402,280718,592120
50,2061,311402,280718,592120
51,2061,311402,280757,592159
52,2061,311402,280757,592159
53,2061,311402,280757,592159
54,2061,311402,280757,592159
55,2061,311402,280757,592159
56,2061,311402,280757,592159
57,2061,311402,280757,592159
58,2061,311402,280757,592159
59,2061,311402,280757,592159
60,2061,311402,280757,592159
61,2061,311402,280757,592159
62,2061,311402,280757,592159
63,2061,311500,280757,592257
64,2061,311363,280826,592189
65,2061,311724,280826,592550
66,2061,311611,280757,592368
67,2061,311478,280757,592235
68,2061,311136,280282,591418
69,2061,311224,280386,591610
70,2061,311089,280359,591448
71,2061,311023,280782,591805
72,2061,311415,280757,592172
73,2061,310475,280113,590588
74,2061,310475,280113,590588
75,2061,310475,280113,590588
76,2061,310475,280113,590588
77,2061,310475,280113,590588
78,2061,312080,301426,613506
79,2061,311717,300216,611933
80,2061,312078,301550,613628
81,2061,312097,305369,617466
82,2061,312097,305369,617466
83,2061,312097,305369,617466
84,2061,312097,305369,617466
85,2061,312097,305369,617466
86,2061,312097,305369,617466
87,2061,312097,305369,617466
88,2061,312097,305369,617466
89,2061,312097,305369,617466
90,2061,312097,305369,617466
91,2061,312097,305369,617466
92,2061,312097,305369,617466
93,2061,312097,305369,617466
94,2061,312097,305369,617466
95,2061,312097,305369,617466
96,2061,312097,305369,617466
97,2061,312097,305369,617466
98,2061,312097,305369,617466
99,2061,312097,305369,617466
100,2061,312097,305369,617466
0,2061,289659,274603,564262
1,2061,289659,274603,564262
2,2061,289665,274603,564268
3,2061,290131,274992,565123
4,2061,290075,275018,565093
5,2061,290517,275453,565970
6,2061,291142,275727,566869
7,2061,291129,275727,566856
8,2061,291983,276029,568012
9,2061,291141,275810,566951
10,2061,291146,275616,566762
11,2061,292016,276074,568090
12,2061,292897,276138,569035
13,2061,294262,276019,570281
14,2061,294683,275572,570255
15,2061,297679,275397,573076
16,2061,295993,275946,571939
17,2061,298812,276626,575438
18,2061,303893,278118,582011
19,2061,307392,280296,587688
20,2061,308113,280287,588400
21,2061,310267,280533,590800
22,2061,310619,280734,591353
23,2061,310685,280734,591419
24,2061,310685,280734,591419
25,2061,310685,280734,591419
26,2061,310685,280734,591419
27,2061,310685,280734,591419
28,2061,310685,280734,591419
29,2061,310685,280734,591419
30,2061,310685,280734,591419
31,2061,310685,280734,591419
32,2061,310685,280734,591419
33,2061,310685,280734,591419
34,2061,310685,280734,591419
35,2061,310685,280734,591419
36,2061,310685,280734,591419
37,2061,310706,280734,591440
38,2061,310706,280734,591440
39,2061,310706,280734,591440
40,2061,310706,280734,591440
41,2061,311060,280758,591818
42,2061,311060,280758,591818
43,2061,311060,280758,591818
44,2061,310515,280639,591154
45,2061,310515,280639,591154
46,2061,310557,280639,591196
47,2061,310557,280639,591196
48,2061,310557,280639,591196
49,2061,310557,280639,591196
50,2061,310557,280639,591196
51,2061,310557,280639,591196
52,2061,310557,280639,591196
53,2061,310557,280639,591196
54,2061,310557,280639,591196
55,2061,310557,280639,591196
56,2061,310557,280639,591196
57,2061,310557,280639,591196
58,2061,310557,280639,591196
59,2061,310557,280639,591196
60,2061,310557,280639,591196
61,2061,310557,280639,591196
62,2061,310557,280639,591196
63,2061,310910,280639,591549
64,2061,310761,280639,591400
65,2061,311033,280639,591672
66,2061,311135,280672,591807
67,2061,310932,280639,591571
68,2061,311116,280771,591887
69,2061,311041,280703,591744
70,2061,310992,280666,591658
71,2061,310516,280639,591155
72,2061,310473,280639,591112
73,2061,311008,280697,591705
74,2061,311008,280697,591705
75,2061,311008,280697,591705
76,2061,311008,280697,591705
77,2061,311008,280697,591705
78,2061,314470,302480,616950
79,2061,314144,302411,616555
80,2061,314352,302829,617181
81,2061,316242,304224,620466
82,2061,316242,304224,620466
83,2061,316242,304224,620466
84,2061,316242,304224,620466
85,2061,316242,304224,620466
86,2061,316242,304224,620466
87,2061,316242,304224,620466
88,2061,316242,304224,620466
89,2061,316242,304224,620466
90,2061,316242,304224,620466
91,2061,316242,304224,620466
92,2061,316242,304224,620466
93,2061,316242,304224,620466
94,2061,316242,304224,620466
95,2061,316242,304224,620466
96,2061,316242,304224,620466
97,2061,316242,304224,620466
98,2061,316242,304224,620466
99,2061,316242,304224,620466
100,2061,316242,304224,620466
0,2061,289139,272661,561800
1,2061,289139,272661,561800
2,2061,289140,272661,561801
3,2061,289119,272764,561883
4,2061,289360,272455,561815
5,2061,290329,273837,564166
6,2061,290582,275044,565626
7,2061,290513,275001,565514
8,2061,291822,275327,567149
9,2061,292040,275205,567245
10,2061,290765,275121,565886
11,2061,291646,275629,567275
12,2061,292463,275852,568315
13,2061,293960,275907,569867
14,2061,294086,274870,568956
15,2061,297101,275906,573007
16,2061,295988,275549,571537
17,2061,299178,275915,575093
18,2061,303074,277430,580504
19,2061,305532,280384,585916
20,2061,307797,280492,588289
21,2061,309263,280395,589658
22,2061,309846,280601,590447
23,2061,310066,280601,590667
24,2061,310068,280601,590669
25,2061,310068,280601,590669
26,2061,310068,280601,590669
27,2061,310068,280601,590669
28,2061,310068,280601,590669
29,2061,310068,280601,590669
30,2061,310068,280601,590669
31,2061,310068,280601,590669
32,2061,310068,280601,590669
33,2061,310068,280601,590669
34,2061,310068,280601,590669
35,2061,310068,280601,590669
36,2061,310068,280601,590669
37,2061,310106,280601,590707
38,2061,310106,280601,590707
39,2061,310106,280601,590707
40,2061,310106,280601,590707
41,2061,310504,280601,591105
42,2061,310504,280601,591105
43,2061,310504,280601,591105
44,2061,310371,280615,590986
45,2061,310371,280615,590986
46,2061,310431,280601,591032
47,2061,310431,280601,591032
48,2061,310431,280601,591032
49,2061,310431,280601,591032
50,2061,310431,280601,591032
51,2061,310431,280601,591032
52,2061,310431,280601,591032
53,2061,310431,280601,591032
54,2061,310431,280601,591032
55,2061,310431,280601,591032
56,2061,310431,280601,591032
57,2061,310431,280601,591032
58,2061,310431,280601,591032
59,2061,310431,280601,591032
60,2061,310425,280601,591026
61,2061,310396,280601,590997
62,2061,310384,280601,590985
63,2061,310452,280601,591053
64,2061,310622,280615,591237
65,2061,310565,280615,591180
66,2061,310466,280601,591067
67,2061,310560,280601,591161
68,2061,310503,280601,591104
69,2061,310459,280601,591060
70,2061,310415,280601,591016
71,2061,310321,280601,590922
72,2061,310394,280611,591005
73,2061,310297,280601,590898
74,2061,310297,280601,590898
75,2061,310297,280601,590898
76,2061,310297,280601,590898
77,2061,310297,280601,590898
78,2061,316765,303090,619855
79,2061,316576,303067,619643
80,2061,316701,303735,620436
81,2061,316971,305349,622320
82,2061,316971,305349,622320
83,2061,316971,305349,622320
84,2061,316971,305349,622320
85,2061,316971,305349,622320
86,2061,316971,305349,622320
87,2061,316971,305349,622320
88,2061,316971,305349,622320
89,2061,316971,305349,622320
90,2061,316971,305349,622320
91,2061,316971,305349,622320
92,2061,316971,305349,622320
93,2061,316971,305349,622320
94,2061,316971,305349,622320
95,2061,316971,305349,622320
96,2061,316971,305349,622320
97,2061,316971,305349,622320
98,2061,316971,305349,622320
99,2061,316971,305349,622320
100,2061,316971,305349,622320
0,2061,290394,273022,563416
1,2061,290394,272960,563354
2,2061,290359,272960,563319
3,2061,290259,272886,563145
4,2061,290454,272808,563262
5,2061,291611,274441,566052
6,2061,290844,274238,565082
7,2061,290993,274439,565432
8,2061,292558,275788,568346
9,2061,292683,276220,568903
10,2061,290916,274282,565198
11,2061,292270,275799,568069
12,2061,292527,276121,568648
13,2061,293904,275836,569740
14,2061,293814,275619,569433
15,2061,296491,275550,572041
16,2061,296013,275404,571417
17,2061,300549,276014,576563
18,2061,303703,277256,580959
19,2061,304886,279668,584554
20,2061,307763,280642,588405
21,2061,308577,280432,589009
22,2061,309209,280601,589810
23,2061,309657,280601,590258
24,2061,309658,280601,590259
25,2061,309658,280601,590259
26,2061,309658,280601,590259
27,2061,309658,280601,590259
28,2061,309658,280601,590259
29,2061,309658,280601,590259
30,2061,309658,280601,590259
31,2061,309658,280601,590259
32,2061,309658,280601,590259
33,2061,309658,280601,590259
34,2061,309658,280601,590259
35,2061,309658,280601,590259
36,2061,309658,280601,590259
37,2061,309666,280681,590347
38,2061,309666,280681,590347
39,2061,309666,280681,590347
40,2061,309666,280681,590347
41,2061,310400,280705,591105
42,2061,310400,280705,591105
43,2061,310400,280705,591105
44,2061,310418,280719,591137
45,2061,310418,280719,591137
46,2061,310454,280719,591173
47,2061,310454,280719,591173
48,2061,310454,280719,591173
49,2061,310454,280719,591173
50,2061,310454,280719,591173
51,2061,310454,280719,591173
52,2061,310454,280719,591173
53,2061,310454,280719,591173
54,2061,310454,280719,591173
55,2061,310454,280719,591173
56,2061,310454,280719,591173
57,2061,310454,280719,591173
58,2061,310454,280719,591173
59,2061,310454,280719,591173
60,2061,310454,280719,591173
61,2061,310425,280719,591144
62,2061,310355,280719,591074
63,2061,310557,280719,591276
64,2061,310622,280709,591331
65,2061,310657,280709,591366
66,2061,310551,280719,591270
67,2061,310578,280709,591287
68,2061,310595,280719,591314
69,2061,310527,280719,591246
70,2061,310501,280719,591220
71,2061,310167,280719,590886
72,2061,310365,280719,591084
73,2061,310097,280705,590802
74,2061,310097,280705,590802
75,2061,310097,280705,590802
76,2061,310097,280705,590802
77,2061,310097,280705,590802
78,2061,316031,304649,620680
79,2061,316015,304523,620538
80,2061,316491,304884,621375
81,2061,317021,307179,624200
82,2061,317021,307179,624200
83,2061,317021,307179,624200
84,2061,317021,307179,624200
85,2061,317021,307179,624200
86,2061,317021,307179,624200
87,2061,317021,307179,624200
88,2061,317021,307179,624200
89,2061,317021,307179,624200
90,2061,317021,307179,624200
91,2061,317021,307179,624200
92,2061,317021,307179,624200
93,2061,317021,307179,624200
94,2061,317021,307179,624200
95,2061,317021,307179,624200
96,2061,317021,307179,624200
97,2061,317021,307179,624200
98,2061,317021,307179,624200
99,2061,317021,307179,624200
100,2061,317021,307179,624200
0,2061,291389,273588,564977
1,2061,291361,273588,564949
2,2061,291342,273588,564930
3,2061,290486,273473,563959
4,2061,291427,273538,564965
5,2061,292690,275544,568234
6,2061,291841,274747,566588
7,2061,291918,275199,567117
8,2061,292254,275800,568054
9,2061,291248,275379,566627
10,2061,292120,274848,566968
11,2061,292386,276244,568630
12,2061,292471,275750,568221
13,2061,293842,275635,569477
14,2061,294684,275923,570607
15,2061,295202,274951,570153
16,2061,296309,275544,571853
17,2061,300680,275961,576641
18,2061,306176,277396,583572
19,2061,304844,279082,583926
20,2061,307760,280252,588012
21,2061,308575,280608,589183
22,2061,309265,280695,589960
23,2061,309759,280695,590454
24,2061,309761,280695,590456
25,2061,309761,280695,590456
26,2061,309761,280695,590456
27,2061,309761,280695,590456
28,2061,309761,280695,590456
29,2061,309761,280695,590456
30,2061,309761,280695,590456
31,2061,309761,280695,590456
32,2061,309761,280695,590456
33,2061,309761,280695,590456
34,2061,309761,280695,590456
35,2061,309761,280695,590456
36,2061,309761,280695,590456
37,2061,309760,280695,590455
38,2061,309760,280695,590455
39,2061,309760,280695,590455
40,2061,309760,280695,590455
41,2061,310532,280719,591251
42,2061,310532,280719,591251
43,2061,310532,280719,591251
44,2061,310612,280709,591321
45,2061,310612,280709,591321
46,2061,310612,280709,591321
47,2061,310612,280709,591321
48,2061,310612,280709,591321
49,2061,310612,280709,591321
50,2061,310612,280709,591321
51,2061,310612,280709,591321
52,2061,310612,280709,591321
53,2061,310612,280709,591321
54,2061,310612,280709,591321
55,2061,310612,280709,591321
56,2061,310612,280709,591321
57,2061,310612,280709,591321
58,2061,310612,280709,591321
59,2061,310612,280709,591321
60,2061,310612,280709,591321
61,2061,310583,280709,591292
62,2061,310342,280719,591061
63,2061,310663,280709,591372
64,2061,310791,280709,591500
65,2061,310817,280709,591526
66,2061,310711,280709,591420
67,2061,310719,280709,591428
68,2061,310627,280709,591336
69,2061,310569,280709,591278
70,2061,310553,280709,591262
71,2061,310114,280719,590833
72,2061,310402,280719,591121
73,2061,310099,280695,590794
74,2061,310099,280695,590794
75,2061,310099,280695,590794
76,2061,310099,280695,590794
77,2061,310099,280695,590794
78,2061,316416,306500,622916
79,2061,316414,306851,623265
80,2061,317112,306603,623715
81,2061,320548,305311,625859
82,2061,320548,305311,625859
83,2061,320548,305311,625859
84,2061,320548,305311,625859
85,2061,320548,305311,625859
86,2061,320548,305311,625859
87,2061,320548,305311,625859
88,2061,320548,305311,625859
89,2061,320548,305311,625859
90,2061,320548,305311,625859
91,2061,320548,305311,625859
92,2061,320548,305311,625859
93,2061,320548,305311,625859
94,2061,320548,305311,625859
95,2061,320548,305311,625859
96,2061,320548,305311,625859
97,2061,320548,305311,625859
98,2061,320548,305311,625859
99,2061,320548,305311,625859
100,2061,320548,305311,625859
0,2061,292751,275522,568273
1,2061,292768,275518,568286
2,2061,292769,275518,568287
3,2061,291789,274356,566145
4,2061,293025,274710,567735
5,2061,292813,276399,569212
6,2061,292765,276223,568988
7,2061,292672,276268,568940
8,2061,292330,276276,568606
9,2061,291393,275989,567382
10,2061,292673,276157,568830
11,2061,291584,275622,567206
12,2061,292581,275830,568411
13,2061,294134,275933,570067
14,2061,295041,276344,571385
15,2061,297727,275310,573037
16,2061,296109,275747,571856
17,2061,313874,275931,589805
18,2061,305144,277547,582691
19,2061,305947,279202,585149
20,2061,308539,280233,588772
21,2061,309150,280634,589784
22,2061,309340,280727,590067
23,2061,309735,280695,590430
24,2061,309736,280695,590431
25,2061,309736,280695,590431
26,2061,309736,280695,590431
27,2061,309736,280695,590431
28,2061,309736,280695,590431
29,2061,309736,280695,590431
30,2061,309736,280695,590431
31,2061,309736,280695,590431
32,2061,309736,280695,590431
33,2061,309736,280695,590431
34,2061,309736,280695,590431
35,2061,309736,280695,590431
36,2061,309736,280695,590431
37,2061,309736,280695,590431
38,2061,309736,280695,590431
39,2061,309736,280695,590431
40,2061,309736,280695,590431
41,2061,310615,280709,591324
42,2061,310615,280709,591324
43,2061,310615,280709,591324
44,2061,310580,280709,591289
45,2061,310580,280709,591289
46,2061,310589,280709,591298
47,2061,310589,280709,591298
48,2061,310589,280709,591298
49,2061,310589,280709,591298
50,2061,310589,280709,591298
51,2061,310589,280709,591298
52,2061,310589,280709,591298
53,2061,310589,280709,591298
54,2061,310589,280709,591298
55,2061,310589,280709,591298
56,2061,310589,280709,591298
57,2061,310589,280709,591298
58,2061,310589,280709,591298
59,2061,310589,280709,591298
60,2061,310589,280709,591298
61,2061,310560,280709,591269
62,2061,310362,280719,591081
63,2061,310688,280709,591397
64,2061,310777,280709,591486
65,2061,310815,280709,591524
66,2061,310706,280709,591415
67,2061,310743,280709,591452
68,2061,310757,280709,591466
69,2061,310692,280709,591401
70,2061,310676,280709,591385
71,2061,310183,280695,590878
72,2061,310549,280719,591268
73,2061,310133,280695,590828
74,2061,310133,280695,590828
75,2061,310133,280695,590828
76,2061,310133,280695,590828
77,2061,310133,280695,590828
78,2061,319143,305453,624596
79,2061,319327,305676,625003
80,2061,319274,305068,624342
81,2061,318978,306401,625379
82,2061,318978,306401,625379
83,2061,318978,306401,625379
84,2061,318978,306401,625379
85,2061,318978,306401,625379
86,2061,318978,306401,625379
87,2061,318978,306401,625379
88,2061,318978,306401,625379
89,2061,318978,306401,625379
90,2061,318978,306401,625379
91,2061,318978,306401,625379
92,2061,318978,306401,625379
93,2061,318978,306401,625379
94,2061,318978,306401,625379
95,2061,318978,306401,625379
96,2061,318978,306401,625379
97,2061,318978,306401,625379
98,2061,318978,306401,625379
99,2061,318978,306401,625379
100,2061,318978,306401,625379
0,2061,292327,275510,567837
1,2061,292327,275659,567986
2,2061,292320,275647,567967
3,2061,292875,275527,568402
4,2061,292828,275721,568549
5,2061,291154,274409,565563
6,2061,291431,275516,566947
7,2061,291405,275336,566741
8,2061,290990,275061,566051
9,2061,292128,275695,567823
10,2061,291559,275769,567328
11,2061,291377,275586,566963
12,2061,293155,276000,569155
13,2061,294189,275958,570147
14,2061,295769,275717,571486
15,2061,297153,275649,572802
16,2061,295944,275372,571316
17,2061,307331,276682,584013
18,2061,304499,277441,581940
19,2061,307335,279222,586557
20,2061,309367,280247,589614
21,2061,309425,280514,589939
22,2061,309452,280752,590204
23,2061,309762,280695,590457
24,2061,309764,280695,590459
25,2061,309764,280695,590459
26,2061,309764,280695,590459
27,2061,309764,280695,590459
28,2061,309764,280695,590459
29,2061,309764,280695,590459
30,2061,309764,280695,590459
31,2061,309764,280695,590459
32,2061,309764,280695,590459
33,2061,309764,280695,590459
34,2061,309764,280695,590459
35,2061,309764,280695,590459
36,2061,309764,280695,590459
37,2061,309738,280695,590433
38,2061,309738,280695,590433
39,2061,309738,280695,590433
40,2061,309738,280695,590433
41,2061,310581,280709,591290
42,2061,310581,280709,591290
43,2061,310581,280709,591290
44,2061,310522,280709,591231
45,2061,310522,280709,591231
46,2061,310522,280709,591231
47,2061,310522,280709,591231
48,2061,310522,280709,591231
49,2061,310522,280709,591231
50,2061,310522,280709,591231
51,2061,310522,280709,591231
52,2061,310522,280709,591231
53,2061,310522,280709,591231
54,2061,310522,280709,591231
55,2061,310522,280709,591231
56,2061,310522,280709,591231
57,2061,310522,280709,591231
58,2061,310522,280709,591231
59,2061,310522,280709,591231
60,2061,310522,280709,591231
61,2061,310493,280709,591202
62,2061,310500,280719,591219
63,2061,310622,280709,591331
64,2061,310711,280709,591420
65,2061,310854,280709,591563
66,2061,310736,280709,591445
67,2061,310677,280709,591386
68,2061,310743,280709,591452
69,2061,310668,280709,591377
70,2061,310642,280709,591351
71,2061,310117,280719,590836
72,2061,310404,280709,591113
73,2061,310176,280695,590871
74,2061,310176,280695,590871
75,2061,310176,280695,590871
76,2061,310176,280695,590871
77,2061,310176,280695,590871
78,2061,317218,306629,623847
79,2061,317604,306070,623674
80,2061,317715,306312,624027
81,2061,319435,304795,624230
82,2061,319435,304795,624230
83,2061,319435,304795,624230
84,2061,319435,304795,624230
85,2061,319435,304795,624230
86,2061,319435,304795,624230
87,2061,319435,304795,624230
88,2061,319435,304795,624230
89,2061,319435,304795,624230
90,2061,319435,304795,624230
91,2061,319435,304795,624230
92,2061,319435,304795,624230
93,2061,319435,304795,624230
94,2061,319435,304795,624230
95,2061,319435,304795,624230
96,2061,319435,304795,624230
97,2061,319435,304795,624230
98,2061,319435,304795,624230
99,2061,319435,304795,624230
100,2061,319435,304795,624230
0,2061,292237,275533,567770
1,2061,292258,275489,567747
2,2061,292255,275489,567744
3,2061,292520,275565,568085
4,2061,292646,275922,568568
5,2061,290941,274761,565702
6,2061,291650,275540,567190
7,2061,291571,275602,567173
8,2061,290150,274568,564718
9,2061,292443,275886,568329
10,2061,291915,275595,567510
11,2061,292561,275926,568487
12,2061,293011,276402,569413
13,2061,293947,275772,569719
14,2061,294479,275523,570002
15,2061,297722,275788,573510
16,2061,296132,275359,571491
17,2061,303346,276680,580026
18,2061,304374,277451,581825
19,2061,307952,279352,587304
20,2061,309700,280525,590225
21,2061,308980,280464,589444
22,2061,309470,280601,590071
23,2061,309775,280616,590391
24,2061,309777,280616,590393
25,2061,309777,280616,590393
26,2061,309777,280616,590393
27,2061,309777,280616,590393
28,2061,309777,280616,590393
29,2061,309777,280616,590393
30,2061,309777,280616,590393
31,2061,309777,280616,590393
32,2061,309777,280616,590393
33,2061,309777,280616,590393
34,2061,309777,280616,590393
35,2061,309777,280616,590393
36,2061,309777,280616,590393
37,2061,309777,280616,590393
38,2061,309777,280616,590393
39,2061,309777,280616,590393
40,2061,309777,280616,590393
41,2061,310522,280709,591231
42,2061,310522,280709,591231
43,2061,310522,280709,591231
44,2061,310523,280709,591232
45,2061,310523,280709,591232
46,2061,310523,280709,591232
47,2061,310523,280709,591232
48,2061,310523,280709,591232
49,2061,310523,280709,591232
50,2061,310523,280709,591232
51,2061,310523,280709,591232
52,2061,310523,280709,591232
53,2061,310523,280709,591232
54,2061,310523,280709,591232
55,2061,310523,280709,591232
56,2061,310523,280709,591232
57,2061,310523,280709,591232
58,2061,310523,280709,591232
59,2061,310523,280709,591232
60,2061,310523,280709,591232
61,2061,310494,280709,591203
62,2061,310481,280709,591190
63,2061,310622,280709,591331
64,2061,310711,280709,591420
65,2061,310728,280709,591437
66,2061,310677,280709,591386
67,2061,310677,280709,591386
68,2061,310677,280709,591386
69,2061,310602,280709,591311
70,2061,310576,280709,591285
71,2061,310117,280695,590812
72,2061,310481,280719,591200
73,2061,310143,280719,590862
74,2061,310143,280719,590862
75,2061,310143,280719,590862
76,2061,310143,280719,590862
77,2061,310143,280719,590862
78,2061,319280,304872,624152
79,2061,317218,306403,623621
80,2061,318885,305538,624423
81,2061,315816,304901,620717
82,2061,315816,304901,620717
83,2061,315816,304901,620717
84,2061,315816,304901,620717
85,2061,315816,304901,620717
86,2061,315816,304901,620717
87,2061,315816,304901,620717
88,2061,315816,304901,620717
89,2061,315816,304901,620717
90,2061,315816,304901,620717
91,2061,315816,304901,620717
92,2061,315816,304901,620717
93,2061,315816,304901,620717
94,2061,315816,304901,620717
95,2061,315816,304901,620717
96,2061,315816,304901,620717
97,2061,315816,304901,620717
98,2061,315816,304901,620717
99,2061,315816,304901,620717
100,2061,315816,304901,620717
0,2061,292050,274642,566692
1,2061,291992,274566,566558
2,2061,292049,274566,566615
3,2061,292288,275393,567681
4,2061,292350,275433,567783
5,2061,291665,275418,567083
6,2061,292616,275683,568299
7,2061,292591,275714,568305
8,2061,289388,272724,562112
9,2061,292120,275796,567916
10,2061,292494,275697,568191
11,2061,292571,276455,569026
12,2061,292461,275605,568066
13,2061,293891,275625,569516
14,2061,294576,275565,570141
15,2061,296947,275357,572304
16,2061,296197,275623,571820
17,2061,302139,276579,578718
18,2061,304368,277408,581776
19,2061,309074,279536,588610
20,2061,308796,280425,589221
21,2061,308818,280514,589332
22,2061,309431,280601,590032
23,2061,309749,280616,590365
24,2061,309751,280616,590367
25,2061,309751,280616,590367
26,2061,309751,280616,590367
27,2061,309751,280616,590367
28,2061,309751,280616,590367
29,2061,309751,280616,590367
30,2061,309751,280616,590367
31,2061,309751,280616,590367
32,2061,309751,280616,590367
33,2061,309751,280616,590367
34,2061,309751,280616,590367
35,2061,309751,280616,590367
36,2061,309751,280616,590367
37,2061,309751,280616,590367
38,2061,309751,280616,590367
39,2061,309751,280616,590367
40,2061,309751,280616,590367
41,2061,310523,280709,591232
42,2061,310523,280709,591232
43,2061,310523,280709,591232
44,2061,310523,280709,591232
45,2061,310523,280709,591232
46,2061,310523,280709,591232
47,2061,310523,280709,591232
48,2061,310523,280709,591232
49,2061,310523,280709,591232
50,2061,310523,280709,591232
51,2061,310523,280709,591232
52,2061,310523,280709,591232
53,2061,310523,280709,591232
54,2061,310523,280709,591232
55,2061,310523,280709,591232
56,2061,310523,280709,591232
57,2061,310523,280709,591232
58,2061,310523,280709,591232
59,2061,310523,280709,591232
60,2061,310523,280709,591232
61,2061,310502,280709,591211
62,2061,310533,280709,591242
63,2061,310629,280709,591338
64,2061,310711,280709,591420
65,2061,310748,280709,591457
66,2061,310677,280709,591386
67,2061,310677,280709,591386
68,2061,310677,280709,591386
69,2061,310602,280709,591311
70,2061,310576,280709,591285
71,2061,310117,280695,590812
72,2061,310465,280709,591174
73,2061,310117,280719,590836
74,2061,310117,280719,590836
75,2061,310117,280719,590836
76,2061,310117,280719,590836
77,2061,310117,280719,590836
78,2061,317018,305496,622514
79,2061,319763,304916,624679
80,2061,316558,305659,622217
81,2061,315093,304229,619322
82,2061,315093,304229,619322
83,2061,315093,304229,619322
84,2061,315093,304229,619322
85,2061,315093,304229,619322
86,2061,315093,304229,619322
87,2061,315093,304229,619322
88,2061,315093,304229,619322
89,2061,315093,304229,619322
90,2061,315093,304229,619322
91,2061,315093,304229,619322
92,2061,315093,304229,619322
93,2061,315093,304229,619322
94,2061,315093,304229,619322
95,2061,315093,304229,619322
96,2061,315093,304229,619322
97,2061,315093,304229,619322
98,2061,315093,304229,619322
99,2061,315093,304229,619322
100,2061,315093,304229,619322
0,2061,292467,275809,568276
1,2061,292460,275777,568237
2,2061,292457,275777,568234
3,2061,292245,275154,567399
4,2061,292274,275644,567918
5,2061,292620,276606,569226
6,2061,292731,276392,569123
7,2061,292547,276434,568981
8,2061,290424,273014,563438
9,2061,292125,275680,567805
10,2061,292649,276206,568855
11,2061,291627,275325,566952
12,2061,292214,276093,568307
13,2061,294275,275933,570208
14,2061,294898,275677,570575
15,2061,296696,275498,572194
16,2061,296083,275608,571691
17,2061,302392,276114,578506
18,2061,304800,277408,582208
19,2061,308341,280112,588453
20,2061,308246,280444,588690
21,2061,308721,280514,589235
22,2061,309400,280616,590016
23,2061,309775,280616,590391
24,2061,309777,280616,590393
25,2061,309777,280616,590393
26,2061,309777,280616,590393
27,2061,309777,280616,590393
28,2061,309777,280616,590393
29,2061,309777,280616,590393
30,2061,309777,280616,590393
31,2061,309777,280616,590393
32,2061,309777,280616,590393
33,2061,309777,280616,590393
34,2061,309777,280616,590393
35,2061,309777,280616,590393
36,2061,309777,280616,590393
37,2061,309751,280616,590367
38,2061,309751,280616,590367
39,2061,309751,280616,590367
40,2061,309751,280616,590367
41,2061,310523,280709,591232
42,2061,310523,280709,591232
43,2061,310523,280709,591232
44,2061,310523,280709,591232
45,2061,310523,280709,591232
46,2061,310523,280709,591232
47,2061,310523,280709,591232
48,2061,310523,280709,591232
49,2061,310523,280709,591232
50,2061,310523,280709,591232
51,2061,310523,280709,591232
52,2061,310523,280709,591232
53,2061,310523,280709,591232
54,2061,310523,280709,591232
55,2061,310523,280709,591232
56,2061,310523,280709,591232
57,2061,310523,280709,591232
58,2061,310523,280709,591232
59,2061,310523,280709,591232
60,2061,310523,280709,591232
61,2061,310502,280709,591211
62,2061,310490,280709,591199
63,2061,310629,280709,591338
64,2061,310711,280709,591420
65,2061,310728,280709,591437
66,2061,310677,280709,591386
67,2061,310677,280709,591386
68,2061,310677,280709,591386
69,2061,310609,280709,591318
70,2061,310583,280709,591292
71,2061,310117,280695,590812
72,2061,310465,280709,591174
73,2061,310117,280695,590812
74,2061,310117,280695,590812
75,2061,310117,280695,590812
76,2061,310117,280695,590812
77,2061,310117,280695,590812
78,2061,315589,306728,622317
79,2061,317850,304290,622140
80,2061,315286,304700,619986
81,2061,313486,303270,616756
82,2061,313486,303270,616756
83,2061,313486,303270,616756
84,2061,313486,303270,616756
85,2061,313486,303270,616756
86,2061,313486,303270,616756
87,2061,313486,303270,616756
88,2061,313486,303270,616756
89,2061,313486,303270,616756
90,2061,313486,303270,616756
91,2061,313486,303270,616756
92,2061,313486,303270,616756
93,2061,313486,303270,616756
94,2061,313486,303270,616756
95,2061,313486,303270,616756
96,2061,313486,303270,616756
97,2061,313486,303270,616756
98,2061,313486,303270,616756
99,2061,313486,303270,616756
100,2061,313486,303270,616756
0,2061,292071,275839,567910
1,2061,292089,275900,567989
2,2061,292086,275900,567986
3,2061,292381,275949,568330
4,2061,292447,276194,568641
5,2061,291076,274117,565193
6,2061,291032,274854,565886
7,2061,290997,274886,565883
8,2061,291455,273560,565015
9,2061,292220,275875,568095
10,2061,291207,275214,566421
11,2061,291288,275553,566841
12,2061,293021,276358,569379
13,2061,294152,276089,570241
14,2061,295132,275773,570905
15,2061,295672,275405,571077
16,2061,296009,275276,571285
17,2061,303498,276207,579705
18,2061,304580,277399,581979
19,2061,307593,280366,587959
20,2061,308648,280447,589095
21,2061,309185,280529,589714
22,2061,309411,280647,590058
23,2061,309775,280616,590391
24,2061,309777,280624,590401
25,2061,309777,280624,590401
26,2061,309777,280624,590401
27,2061,309777,280624,590401
28,2061,309777,280624,590401
29,2061,309777,280624,590401
30,2061,309777,280624,590401
31,2061,309777,280624,590401
32,2061,309777,280624,590401
33,2061,309777,280624,590401
34,2061,309777,280624,590401
35,2061,309777,280624,590401
36,2061,309777,280624,590401
37,2061,309777,280616,590393
38,2061,309777,280616,590393
39,2061,309777,280616,590393
40,2061,309777,280616,590393
41,2061,310523,280709,591232
42,2061,310523,280709,591232
43,2061,310523,280709,591232
44,2061,310523,280709,591232
45,2061,310523,280709,591232
46,2061,310523,280709,591232
47,2061,310523,280709,591232
48,2061,310523,280709,591232
49,2061,310523,280709,591232
50,2061,310523,280709,591232
51,2061,310523,280709,591232
52,2061,310523,280709,591232
53,2061,310523,280709,591232
54,2061,310523,280709,591232
55,2061,310523,280709,591232
56,2061,310523,280709,591232
57,2061,310523,280709,591232
58,2061,310523,280709,591232
59,2061,310523,280709,591232
60,2061,310523,280709,591232
61,2061,310502,280709,591211
62,2061,310482,280709,591191
63,2061,310622,280709,591331
64,2061,310711,280709,591420
65,2061,310776,280709,591485
66,2061,310677,280709,591386
67,2061,310677,280709,591386
68,2061,310677,280709,591386
69,2061,310609,280709,591318
70,2061,310583,280709,591292
71,2061,310117,280695,590812
72,2061,310465,280709,591174
73,2061,310117,280695,590812
74,2061,310117,280695,590812
75,2061,310117,280695,590812
76,2061,310117,280695,590812
77,2061,310117,280695,590812
78,2061,319253,303696,622949
79,2061,314882,303302,618184
80,2061,314483,304209,618692
81,2061,313400,302807,616207
82,2061,313400,302807,616207
83,2061,313400,302807,616207
84,2061,313400,302807,616207
85,2061,313400,302807,616207
86,2061,313400,302807,616207
87,2061,313400,302807,616207
88,2061,313400,302807,616207
89,2061,313400,302807,616207
90,2061,313400,302807,616207
91,2061,313400,302807,616207
92,2061,313400,302807,616207
93,2061,313400,302807,616207
94,2061,313400,302807,616207
95,2061,313400,302807,616207
96,2061,313400,302807,616207
97,2061,313400,302807,616207
98,2061,313400,302807,616207
99,2061,313400,302807,616207
100,2061,313400,302807,616207
0,2061,291929,276118,568047
1,2061,292050,276184,568234
2,2061,292024,276184,568208
3,2061,292099,275673,567772
4,2061,291120,275219,566339
5,2061,290898,274381,565279
6,2061,290201,274869,565070
7,2061,289966,274416,564382
8,2061,293136,274868,568004
9,2061,292151,275983,568134
10,2061,291191,275417,566608
11,2061,292570,276264,568834
12,2061,292503,275712,568215
13,2061,293667,275662,569329
14,2061,296166,275731,571897
15,2061,295497,275115,570612
16,2061,296079,275458,571537
17,2061,303229,276582,579811
18,2061,304477,277399,581876
19,2061,306568,280199,586767
20,2061,308456,280490,588946
21,2061,309412,280464,589876
22,2061,309419,280647,590066
23,2061,309775,280624,590399
24,2061,309777,280624,590401
25,2061,309777,280624,590401
26,2061,309777,280624,590401
27,2061,309777,280624,590401
28,2061,309777,280624,590401
29,2061,309777,280624,590401
30,2061,309777,280624,590401
31,2061,309777,280624,590401
32,2061,309777,280624,590401
33,2061,309777,280624,590401
34,2061,309777,280624,590401
35,2061,309777,280624,590401
36,2061,309777,280624,590401
37,2061,309777,280624,590401
38,2061,309777,280624,590401
39,2061,309777,280624,590401
40,2061,309777,280624,590401
41,2061,310523,280709,591232
42,2061,310523,280709,591232
43,2061,310523,280709,591232
44,2061,310523,280709,591232
45,2061,310523,280709,591232
46,2061,310523,280709,591232
47,2061,310523,280709,591232
48,2061,310523,280709,591232
49,2061,310523,280709,591232
50,2061,310523,280709,591232
51,2061,310523,280709,591232
52,2061,310523,280709,591232
53,2061,310523,280709,591232
54,2061,310523,280709,591232
55,2061,310523,280709,591232
56,2061,310523,280709,591232
57,2061,310523,280709,591232
58,2061,310523,280709,591232
59,2061,310523,280709,591232
60,2061,310523,280709,591232
61,2061,310502,280709,591211
62,2061,310542,280709,591251
63,2061,310622,280709,591331
64,2061,310711,280709,591420
65,2061,310776,280709,591485
66,2061,310677,280709,591386
67,2061,310677,280709,591386
68,2061,310677,280709,591386
69,2061,310609,280709,591318
70,2061,310583,280709,591292
71,2061,310117,280695,590812
72,2061,310465,280709,591174
73,2061,310117,280695,590812
74,2061,310117,280695,590812
75,2061,310117,280695,590812
76,2061,310117,280695,590812
77,2061,310117,280695,590812
78,2061,315391,302409,617800
79,2061,313281,301886,615167
80,2061,313582,303403,616985
81,2061,313300,302781,616081
82,2061,313300,302781,616081
83,2061,313300,302781,616081
84,2061,313300,302781,616081
85,2061,313300,302781,616081
86,2061,313300,302781,616081
87,2061,313300,302781,616081
88,2061,313300,302781,616081
89,2061,313300,302781,616081
90,2061,313300,302781,616081
91,2061,313300,302781,616081
92,2061,313300,302781,616081
93,2061,313300,302781,616081
94,2061,313300,302781,616081
95,2061,313300,302781,616081
96,2061,313300,302781,616081
97,2061,313300,302781,616081
98,2061,313300,302781,616081
99,2061,313300,302781,616081
100,2061,313300,302781,616081
0,2061,290678,274865,565543
1,2061,290646,274600,565246
2,2061,290646,274600,565246
3,2061,292028,275935,567963
4,2061,290806,274931,565737
5,2061,291693,275335,567028
6,2061,289512,272972,562484
7,2061,289426,272773,562199
8,2061,292970,275895,568865
9,2061,292042,275514,567556
10,2061,292198,275741,567939
11,2061,291715,275941,567656
12,2061,292280,275815,568095
13,2061,293958,275737,569695
14,2061,295390,275951,571341
15,2061,295576,275625,571201
16,2061,296316,275830,572146
17,2061,302965,276281,579246
18,2061,304630,277408,582038
19,2061,305272,279385,584657
20,2061,308843,280475,589318
21,2061,308966,280464,589430
22,2061,309419,280616,590035
23,2061,309775,280616,590391
24,2061,309777,280616,590393
25,2061,309777,280616,590393
26,2061,309777,280616,590393
27,2061,309777,280616,590393
28,2061,309777,280616,590393
29,2061,309777,280616,590393
30,2061,309777,280616,590393
31,2061,309777,280616,590393
32,2061,309777,280616,590393
33,2061,309777,280616,590393
34,2061,309777,280616,590393
35,2061,309777,280616,590393
36,2061,309777,280616,590393
37,2061,309777,280616,590393
38,2061,309777,280616,590393
39,2061,309777,280616,590393
40,2061,309777,280616,590393
41,2061,310523,280709,591232
42,2061,310523,280709,591232
43,2061,310523,280709,591232
44,2061,310523,280709,591232
45,2061,310523,280709,591232
46,2061,310523,280709,591232
47,2061,310523,280709,591232
48,2061,310523,280709,591232
49,2061,310523,280709,591232
50,2061,310523,280709,591232
51,2061,310523,280709,591232
52,2061,310523,280709,591232
53,2061,310523,280709,591232
54,2061,310523,280709,591232
55,2061,310523,280709,591232
56,2061,310523,280709,591232
57,2061,310523,280709,591232
58,2061,310523,280709,591232
59,2061,310523,280709,591232
60,2061,310523,280709,591232
61,2061,310502,280709,591211
62,2061,310490,280709,591199
63,2061,310629,280709,591338
64,2061,310711,280709,591420
65,2061,310776,280709,591485
66,2061,310677,280709,591386
67,2061,310677,280709,591386
68,2061,310677,280709,591386
69,2061,310609,280709,591318
70,2061,310583,280709,591292
71,2061,310117,280695,590812
72,2061,310465,280709,591174
73,2061,310117,280695,590812
74,2061,310117,280695,590812
75,2061,310117,280695,590812
76,2061,310117,280695,590812
77,2061,310117,280695,590812
78,2061,314163,302133,616296
79,2061,313574,301568,615142
80,2061,313325,302887,616212
81,2061,314143,304623,618766
82,2061,314143,304623,618766
83,2061,314143,304623,618766
84,2061,314143,304623,618766
85,2061,314143,304623,618766
86,2061,314143,304623,618766
87,2061,314143,304623,618766
88,2061,314143,304623,618766
89,2061,314143,304623,618766
90,2061,314143,304623,618766
91,2061,314143,304623,618766
92,2061,314143,304623,618766
93,2061,314143,304623,618766
94,2061,314143,304623,618766
95,2061,314143,304623,618766
96,2061,314143,304623,618766
97,2061,314143,304623,618766
98,2061,314143,304623,618766
99,2061,314143,304623,618766
100,2061,314143,304623,618766
0,2061,289630,273527,563157
1,2061,289084,272978,562062
2,2061,289096,272978,562074
3,2061,291944,275546,567490
4,2061,290744,274239,564983
5,2061,292628,276596,569224
6,2061,290215,273130,563345
7,2061,290379,273170,563549
8,2061,292789,275868,568657
9,2061,292007,275599,567606
10,2061,292516,276305,568821
11,2061,291831,275642,567473
12,2061,293193,276213,569406
13,2061,294133,275848,569981
14,2061,294756,275557,570313
15,2061,295875,275849,571724
16,2061,296104,275804,571908
17,2061,302976,276373,579349
18,2061,304434,277399,581833
19,2061,305026,279291,584317
20,2061,308802,280475,589277
21,2061,308820,280514,589334
22,2061,309407,280616,590023
23,2061,309775,280624,590399
24,2061,309777,280624,590401
25,2061,309777,280624,590401
26,2061,309777,280624,590401
27,2061,309777,280624,590401
28,2061,309777,280624,590401
29,2061,309777,280624,590401
30,2061,309777,280624,590401
31,2061,309777,280624,590401
32,2061,309777,280624,590401
33,2061,309777,280624,590401
34,2061,309777,280624,590401
35,2061,309777,280624,590401
36,2061,309777,280624,590401
37,2061,309777,280616,590393
38,2061,309777,280616,590393
39,2061,309777,280616,590393
40,2061,309777,280616,590393
41,2061,310523,280709,591232
42,2061,310523,280709,591232
43,2061,310523,280709,591232
44,2061,310523,280709,591232
45,2061,310523,280709,591232
46,2061,310523,280709,591232
47,2061,310523,280709,591232
48,2061,310523,280709,591232
49,2061,310523,280709,591232
50,2061,310523,280709,591232
51,2061,310523,280709,591232
52,2061,310523,280709,591232
53,2061,310523,280709,591232
54,2061,310523,280709,591232
55,2061,310523,280709,591232
56,2061,310523,280709,591232
57,2061,310523,280709,591232
58,2061,310523,280709,591232
59,2061,310523,280709,591232
60,2061,310523,280709,591232
61,2061,310502,280709,591211
62,2061,310482,280709,591191
63,2061,310629,280709,591338
64,2061,310711,280709,591420
65,2061,310776,280709,591485
66,2061,310677,280709,591386
67,2061,310677,280709,591386
68,2061,310677,280709,591386
69,2061,310609,280709,591318
70,2061,310583,280709,591292
71,2061,310117,280695,590812
72,2061,310465,280709,591174
73,2061,310117,280695,590812
74,2061,310117,280695,590812
75,2061,310117,280695,590812
76,2061,310117,280695,590812
77,2061,310117,280695,590812
78,2061,312824,302255,615079
79,2061,312361,301855,614216
80,2061,313545,304204,617749
81,2061,315175,307024,622199
82,2061,315175,307024,622199
83,2061,315175,307024,622199
84,2061,315175,307024,622199
85,2061,315175,307024,622199
86,2061,315175,307024,622199
87,2061,315175,307024,622199
88,2061,315175,307024,622199
89,2061,315175,307024,622199
90,2061,315175,307024,622199
91,2061,315175,307024,622199
92,2061,315175,307024,622199
93,2061,315175,307024,622199
94,2061,315175,307024,622199
95,2061,315175,307024,622199
96,2061,315175,307024,622199
97,2061,315175,307024,622199
98,2061,315175,307024,622199
99,2061,315175,307024,622199
100,2061,315175,307024,622199
0,2061,289931,272729,562660
1,2061,289934,272911,562845
2,2061,289982,272952,562934
3,2061,292195,275576,567771
4,2061,291187,274432,565619
5,2061,291032,274005,565037
6,2061,290574,273727,564301
7,2061,291554,273847,565401
8,2061,292191,275275,567466
9,2061,292300,275900,568200
10,2061,291218,275119,566337
11,2061,292350,275661,568011
12,2061,292533,276111,568644
13,2061,294243,276045,570288
14,2061,294509,275322,569831
15,2061,295696,275954,571650
16,2061,295745,275365,571110
17,2061,302787,276624,579411
18,2061,304700,277408,582108
19,2061,305830,279172,585002
20,2061,308798,280475,589273
21,2061,308721,280514,589235
22,2061,309400,280616,590016
23,2061,309775,280624,590399
24,2061,309777,280624,590401
25,2061,309777,280624,590401
26,2061,309777,280624,590401
27,2061,309777,280624,590401
28,2061,309777,280624,590401
29,2061,309777,280624,590401
30,2061,309777,280624,590401
31,2061,309777,280624,590401
32,2061,309777,280624,590401
33,2061,309777,280624,590401
34,2061,309777,280624,590401
35,2061,309777,280624,590401
36,2061,309777,280624,590401
37,2061,309777,280624,590401
38,2061,309777,280624,590401
39,2061,309777,280624,590401
40,2061,309777,280624,590401
41,2061,310523,280709,591232
42,2061,310523,280709,591232
43,2061,310523,280709,591232
44,2061,310523,280709,591232
45,2061,310523,280709,591232
46,2061,310523,280709,591232
47,2061,310523,280709,591232
48,2061,310523,280709,591232
49,2061,310523,280709,591232
50,2061,310523,280709,591232
51,2061,310523,280709,591232
52,2061,310523,280709,591232
53,2061,310523,280709,591232
54,2061,310523,280709,591232
55,2061,310523,280709,591232
56,2061,310523,280709,591232
57,2061,310523,280709,591232
58,2061,310523,280709,591232
59,2061,310523,280709,591232
60,2061,310523,280709,591232
61,2061,310502,280709,591211
62,2061,310542,280709,591251
63,2061,310622,280709,591331
64,2061,310711,280709,591420
65,2061,310776,280709,591485
66,2061,310677,280709,591386
67,2061,310677,280709,591386
68,2061,310677,280709,591386
69,2061,310609,280709,591318
70,2061,310583,280709,591292
71,2061,310117,280695,590812
72,2061,310465,280709,591174
73,2061,310117,280695,590812
74,2061,310117,280695,590812
75,2061,310117,280695,590812
76,2061,310117,280695,590812
77,2061,310117,280695,590812
78,2061,314312,303031,617343
79,2061,314087,303226,617313
80,2061,313783,305497,619280
81,2061,319234,305827,625061
82,2061,319234,305827,625061
83,2061,319234,305827,625061
84,2061,319234,305827,625061
85,2061,319234,305827,625061
86,2061,319234,305827,625061
87,2061,319234,305827,625061
88,2061,319234,305827,625061
89,2061,319234,305827,625061
90,2061,319234,305827,625061
91,2061,319234,305827,625061
92,2061,319234,305827,625061
93,2061,319234,305827,625061
94,2061,319234,305827,625061
95,2061,319234,305827,625061
96,2061,319234,305827,625061
97,2061,319234,305827,625061
98,2061,319234,305827,625061
99,2061,319234,305827,625061
100,2061,319234,305827,625061
0,2061,290389,273324,563713
1,2061,290357,273423,563780
2,2061,290327,273499,563826
3,2061,292216,275829,568045
4,2061,292652,275969,568621
5,2061,290429,274160,564589
6,2061,291995,274742,566737
7,2061,293131,275594,568725
8,2061,292310,275603,567913
9,2061,292239,275895,568134
10,2061,291305,275231,566536
11,2061,292658,276470,569128
12,2061,291894,275712,567606
13,2061,293818,275668,569486
14,2061,294959,275664,570623
15,2061,295329,275541,570870
16,2061,296065,275365,571430
17,2061,302452,276309,578761
18,2061,304434,277399,581833
19,2061,307640,279219,586859
20,2061,308797,280475,589272
21,2061,309191,280529,589720
22,2061,309411,280647,590058
23,2061,309775,280624,590399
24,2061,309777,280624,590401
25,2061,309777,280624,590401
26,2061,309777,280624,590401
27,2061,309777,280624,590401
28,2061,309777,280624,590401
29,2061,309777,280624,590401
30,2061,309777,280624,590401
31,2061,309777,280624,590401
32,2061,309777,280624,590401
33,2061,309777,280624,590401
34,2061,309777,280624,590401
35,2061,309777,280624,590401
36,2061,309777,280624,590401
37,2061,309777,280624,590401
38,2061,309777,280624,590401
39,2061,309777,280624,590401
40,2061,309777,280624,590401
41,2061,310523,280709,591232
42,2061,310523,280709,591232
43,2061,310523,280709,591232
44,2061,310523,280709,591232
45,2061,310523,280709,591232
46,2061,310523,280709,591232
47,2061,310523,280709,591232
48,2061,310523,280709,591232
49,2061,310523,280709,591232
50,2061,310523,280709,591232
51,2061,310523,280709,591232
52,2061,310523,280709,591232
53,2061,310523,280709,591232
54,2061,310523,280709,591232
55,2061,310523,280709,591232
56,2061,310523,280709,591232
57,2061,310523,280709,591232
58,2061,310523,280709,591232
59,2061,310523,280709,591232
60,2061,310523,280709,591232
61,2061,310502,280709,591211
62,2061,310490,280709,591199
63,2061,310622,280709,591331
64,2061,310711,280709,591420
65,2061,310776,280709,591485
66,2061,310677,280709,591386
67,2061,310677,280709,591386
68,2061,310677,280709,591386
69,2061,310609,280709,591318
70,2061,310583,280709,591292
71,2061,310117,280695,590812
72,2061,310465,280709,591174
73,2061,310117,280695,590812
74,2061,310117,280695,590812
75,2061,310117,280695,590812
76,2061,310117,280695,590812
77,2061,310117,280695,590812
78,2061,314565,303350,617915
79,2061,315463,303836,619299
80,2061,315597,307591,623188
81,2061,318475,306338,624813
82,2061,318475,306338,624813
83,2061,318475,306338,624813
84,2061,318475,306338,624813
85,2061,318475,306338,624813
86,2061,318475,306338,624813
87,2061,318475,306338,624813
88,2061,318475,306338,624813
89,2061,318475,306338,624813
90,2061,318475,306338,624813
91,2061,318475,306338,624813
92,2061,318475,306338,624813
93,2061,318475,306338,624813
94,2061,318475,306338,624813
95,2061,318475,306338,624813
96,2061,318475,306338,624813
97,2061,318475,306338,624813
98,2061,318475,306338,624813
99,2061,318475,306338,624813
100,2061,318475,306338,624813
0,2061,291577,274118,565695
1,2061,291704,274059,565763
2,2061,291728,274070,565798
3,2061,292172,275866,568038
4,2061,292520,275795,568315
5,2061,290894,274103,564997
6,2061,293029,275653,568682
7,2061,293002,275585,568587
8,2061,292514,276161,568675
9,2061,292060,275434,567494
10,2061,292373,275869,568242
11,2061,291521,275321,566842
12,2061,292700,275905,568605
13,2061,293942,275538,569480
14,2061,295205,275997,571202
15,2061,296250,275426,571676
16,2061,296330,275907,572237
17,2061,302651,276235,578886
18,2061,304622,277408,582030
19,2061,308470,279310,587780
20,2061,308804,280475,589279
21,2061,309404,280464,589868
22,2061,309411,280647,590058
23,2061,309775,280624,590399
24,2061,309777,280624,590401
25,2061,309777,280624,590401
26,2061,309777,280624,590401
27,2061,309777,280624,590401
28,2061,309777,280624,590401
29,2061,309777,280624,590401
30,2061,309777,280624,590401
31,2061,309777,280624,590401
32,2061,309777,280624,590401
33,2061,309777,280624,590401
34,2061,309777,280624,590401
35,2061,309777,280624,590401
36,2061,309777,280624,590401
37,2061,309777,280624,590401
38,2061,309777,280624,590401
39,2061,309777,280624,590401
40,2061,309777,280624,590401
41,2061,310523,280709,591232
42,2061,310523,280709,591232
43,2061,310523,280709,591232
44,2061,310523,280709,591232
45,2061,310523,280709,591232
46,2061,310523,280709,591232
47,2061,310523,280709,591232
48,2061,310523,280709,591232
49,2061,310523,280709,591232
50,2061,310523,280709,591232
51,2061,310523,280709,591232
52,2061,310523,280709,591232
53,2061,310523,280709,591232
54,2061,310523,280709,591232
55,2061,310523,280709,591232
56,2061,310523,280709,591232
57,2061,310523,280709,591232
58,2061,310523,280709,591232
59,2061,310523,280709,591232
60,2061,310523,280709,591232
61,2061,310502,280709,591211
62,2061,310482,280709,591191
63,2061,310629,280709,591338
64,2061,310711,280709,591420
65,2061,310776,280709,591485
66,2061,310677,280709,591386
67,2061,310677,280709,591386
68,2061,310677,280709,591386
69,2061,310609,280709,591318
70,2061,310583,280709,591292
71,2061,310117,280695,590812
72,2061,310465,280709,591174
73,2061,310117,280695,590812
74,2061,310117,280695,590812
75,2061,310117,280695,590812
76,2061,310117,280695,590812
77,2061,310117,280695,590812
78,2061,314748,304905,619653
79,2061,315681,305040,620721
80,2061,320100,305595,625695
81,2061,319150,304796,623946
82,2061,319150,304796,623946
83,2061,319150,304796,623946
84,2061,319150,304796,623946
85,2061,319150,304796,623946
86,2061,319150,304796,623946
87,2061,319150,304796,623946
88,2061,319150,304796,623946
89,2061,319150,304796,623946
90,2061,319150,304796,623946
91,2061,319150,304796,623946
92,2061,319150,304796,623946
93,2061,319150,304796,623946
94,2061,319150,304796,623946
95,2061,319150,304796,623946
96,2061,319150,304796,623946
97,2061,319150,304796,623946
98,2061,319150,304796,623946
99,2061,319150,304796,623946
100,2061,319150,304796,623946
0,2061,292691,275252,567943
1,2061,292737,275408,568145
2,2061,292737,275396,568133
3,2061,291909,275660,567569
4,2061,292434,275675,568109
5,2061,292224,276129,568353
6,2061,292989,275830,568819
7,2061,292884,275778,568662
8,2061,291224,275620,566844
9,2061,291990,275557,567547
10,2061,292433,276415,568848
11,2061,291391,275660,567051
12,2061,293221,276798,570019
13,2061,294261,275802,570063
14,2061,297791,275834,573625
15,2061,295951,275686,571637
16,2061,296030,275683,571713
17,2061,302367,276387,578754
18,2061,304434,277399,581833
19,2061,309346,279536,588882
20,2061,308804,280475,589279
21,2061,308966,280464,589430
22,2061,309411,280616,590027
23,2061,309775,280624,590399
24,2061,309777,280624,590401
25,2061,309777,280624,590401
26,2061,309777,280624,590401
27,2061,309777,280624,590401
28,2061,309777,280624,590401
29,2061,309777,280624,590401
30,2061,309777,280624,590401
31,2061,309777,280624,590401
32,2061,309777,280624,590401
33,2061,309777,280624,590401
34,2061,309777,280624,590401
35,2061,309777,280624,590401
36,2061,309777,280624,590401
37,2061,309777,280624,590401
38,2061,309777,280624,590401
39,2061,309777,280624,590401
40,2061,309777,280624,590401
41,2061,310523,280709,591232
42,2061,310523,280709,591232
43,2061,310523,280709,591232
44,2061,310523,280709,591232
45,2061,310523,280709,591232
46,2061,310523,280709,591232
47,2061,310523,280709,591232
48,2061,310523,280709,591232
49,2061,310523,280709,591232
50,2061,310523,280709,591232
51,2061,310523,280709,591232
52,2061,310523,280709,591232
53,2061,310523,280709,591232
54,2061,310523,280709,591232
55,2061,310523,280709,591232
56,2061,310523,280709,591232
57,2061,310523,280709,591232
58,2061,310523,280709,591232
59,2061,310523,280709,591232
60,2061,310523,280709,591232
61,2061,310502,280709,591211
62,2061,310542,280709,591251
63,2061,310629,280709,591338
64,2061,310711,280709,591420
65,2061,310776,280709,591485
66,2061,310677,280709,591386
67,2061,310677,280709,591386
68,2061,310677,280709,591386
69,2061,310609,280709,591318
70,2061,310583,280709,591292
71,2061,310117,280695,590812
72,2061,310465,280709,591174
73,2061,310117,280695,590812
74,2061,310117,280695,590812
75,2061,310117,280695,590812
76,2061,310117,280695,590812
77,2061,310117,280695,590812
78,2061,315901,306651,622552
79,2061,316557,307162,623719
80,2061,319112,306085,625197
81,2061,317302,305907,623209
82,2061,317302,305907,623209
83,2061,317302,305907,623209
84,2061,317302,305907,623209
85,2061,317302,305907,623209
86,2061,317302,305907,623209
87,2061,317302,305907,623209
88,2061,317302,305907,623209
89,2061,317302,305907,623209
90,2061,317302,305907,623209
91,2061,317302,305907,623209
92,2061,317302,305907,623209
93,2061,317302,305907,623209
94,2061,317302,305907,623209
95,2061,317302,305907,623209
96,2061,317302,305907,623209
97,2061,317302,305907,623209
98,2061,317302,305907,623209
99,2061,317302,305907,623209
100,2061,317302,305907,623209
0,2062,292160,275407,567567
1,2062,292160,275407,567567
2,2062,292156,275407,567563
3,2062,292317,275433,567750
4,2062,292459,275435,567894
5,2062,292604,275460,568064
6,2062,292715,275538,568253
7,2062,292699,275529,568228
8,2062,292688,275503,568191
9,2062,292689,275485,568174
10,2062,292704,275551,568255
11,2062,292828,275972,568800
12,2062,293342,276256,569598
13,2062,293719,276375,570094
14,2062,293758,276281,570039
15,2062,293823,276272,570095
16,2062,294123,276355,570478
17,2062,294561,276410,570971
18,2062,295789,276733,572522
19,2062,296731,278188,574919
20,2062,296795,278225,575020
21,2062,296833,278284,575117
22,2062,296862,278532,575394
23,2062,296890,278545,575435
24,2062,296890,278545,575435
25,2062,296890,278545,575435
26,2062,296890,278545,575435
27,2062,296890,278545,575435
28,2062,296890,278545,575435
29,2062,296890,278545,575435
30,2062,296890,278545,575435
31,2062,296890,278545,575435
32,2062,296890,278545,575435
33,2062,296890,278545,575435
34,2062,296890,278545,575435
35,2062,296890,278545,575435
36,2062,296890,278545,575435
37,2062,296890,278545,575435
38,2062,296890,278545,575435
39,2062,296890,278545,575435
40,2062,296890,278545,575435
41,2062,296890,278545,575435
42,2062,296890,278545,575435
43,2062,296890,278545,575435
44,2062,296890,278545,575435
45,2062,296890,278545,575435
46,2062,296881,278545,575426
47,2062,296873,278545,575418
48,2062,296873,278545,575418
49,2062,296873,278545,575418
50,2062,296873,278545,575418
51,2062,296873,278595,575468
52,2062,296873,278595,575468
53,2062,296873,278595,575468
54,2062,296873,278595,575468
55,2062,296873,278595,575468
56,2062,296873,278595,575468
57,2062,296873,278595,575468
58,2062,296873,278595,575468
59,2062,296873,278595,575468
60,2062,296873,278595,575468
61,2062,296873,278595,575468
62,2062,296873,278595,575468
63,2062,296873,278595,575468
64,2062,296825,278595,575420
65,2062,296825,278595,575420
66,2062,296738,278595,575333
67,2062,296738,278595,575333
68,2062,296472,278595,575067
69,2062,296377,278595,574972
70,2062,296237,278595,574832
71,2062,295800,278595,574395
72,2062,295800,278595,574395
73,2062,295461,278595,574056
74,2062,295423,278595,574018
75,2062,295423,278595,574018
76,2062,295423,278595,574018
77,2062,295423,278595,574018
78,2062,295423,279554,574977
79,2062,295423,279363,574786
80,2062,295423,279614,575037
81,2062,295423,279743,575166
82,2062,295423,279743,575166
83,2062,295423,279743,575166
84,2062,295423,279743,575166
85,2062,295423,279743,575166
86,2062,295423,279743,575166
87,2062,295423,279743,575166
88,2062,295423,279743,575166
89,2062,295423,279743,575166
90,2062,295423,279743,575166
91,2062,295423,279743,575166
92,2062,295423,279743,575166
93,2062,295423,279743,575166
94,2062,295423,279743,575166
95,2062,295423,279743,575166
96,2062,295423,279743,575166
97,2062,295423,279743,575166
98,2062,295423,279743,575166
99,2062,295423,279743,575166
100,2062,295423,279743,575166
0,2062,292266,275259,567525
1,2062,292266,275259,567525
2,2062,292259,275259,567518
3,2062,292436,275274,567710
4,2062,292615,275193,567808
5,2062,292741,275299,568040
6,2062,292868,275406,568274
7,2062,292842,275390,568232
8,2062,292820,275364,568184
9,2062,292815,275344,568159
10,2062,292810,275474,568284
11,2062,292862,275699,568561
12,2062,293184,275754,568938
13,2062,293704,275708,569412
14,2062,293937,275800,569737
15,2062,294124,275792,569916
16,2062,294466,275859,570325
17,2062,295672,275850,571522
18,2062,297964,276497,574461
19,2062,298821,278322,577143
20,2062,299958,278491,578449
21,2062,300126,278538,578664
22,2062,300128,279006,579134
23,2062,300136,279020,579156
24,2062,300136,279020,579156
25,2062,300136,279020,579156
26,2062,300136,279020,579156
27,2062,300136,279020,579156
28,2062,300136,279020,579156
29,2062,300136,279020,579156
30,2062,300136,279020,579156
31,2062,300136,279020,579156
32,2062,300136,279020,579156
33,2062,300136,279020,579156
34,2062,300136,279020,579156
35,2062,300136,279020,579156
36,2062,300136,279020,579156
37,2062,300136,279020,579156
38,2062,300136,279020,579156
39,2062,300136,279020,579156
40,2062,300136,279020,579156
41,2062,300136,279020,579156
42,2062,300136,279020,579156
43,2062,300136,279020,579156
44,2062,300538,279020,579558
45,2062,300538,279020,579558
46,2062,300536,279020,579556
47,2062,300528,279020,579548
48,2062,300528,279020,579548
49,2062,300528,279020,579548
50,2062,300528,279020,579548
51,2062,300528,279059,579587
52,2062,300528,279059,579587
53,2062,300528,279059,579587
54,2062,300528,279059,579587
55,2062,300528,279059,579587
56,2062,300528,279059,579587
57,2062,300528,279059,579587
58,2062,300528,279059,579587
59,2062,300528,279059,579587
60,2062,300528,279059,579587
61,2062,300528,279059,579587
62,2062,300528,279059,579587
63,2062,300528,279059,579587
64,2062,300557,279059,579616
65,2062,300557,279059,579616
66,2062,300066,279059,579125
67,2062,300008,279059,579067
68,2062,299613,279059,578672
69,2062,299663,279059,578722
70,2062,299415,279037,578452
71,2062,298888,279037,577925
72,2062,298782,279037,577819
73,2062,298283,278963,577246
74,2062,298238,278963,577201
75,2062,298238,278963,577201
76,2062,298238,278963,577201
77,2062,298238,278963,577201
78,2062,298344,280269,578613
79,2062,298259,280078,578337
80,2062,298344,280826,579170
81,2062,298338,280568,578906
82,2062,298338,280568,578906
83,2062,298338,280568,578906
84,2062,298338,280568,578906
85,2062,298338,280568,578906
86,2062,298338,280568,578906
87,2062,298338,280568,578906
88,2062,298338,280568,578906
89,2062,298338,280568,578906
90,2062,298338,280568,578906
91,2062,298338,280568,578906
92,2062,298338,280568,578906
93,2062,298338,280568,578906
94,2062,298338,280568,578906
95,2062,298338,280568,578906
96,2062,298338,280568,578906
97,2062,298338,280568,578906
98,2062,298338,280568,578906
99,2062,298338,280568,578906
100,2062,298338,280568,578906
0,2062,292274,275413,567687
1,2062,292274,275413,567687
2,2062,292266,275413,567679
3,2062,292417,275347,567764
4,2062,292716,275394,568110
5,2062,292856,275450,568306
6,2062,292910,275526,568436
7,2062,292866,275510,568376
8,2062,292838,275471,568309
9,2062,292865,275477,568342
10,2062,292819,275561,568380
11,2062,292909,275804,568713
12,2062,293366,276259,569625
13,2062,294527,276216,570743
14,2062,294776,276418,571194
15,2062,295034,276413,571447
16,2062,296135,276482,572617
17,2062,297419,276524,573943
18,2062,299982,276890,576872
19,2062,300697,278092,578789
20,2062,300794,278561,579355
21,2062,301474,278636,580110
22,2062,301310,278941,580251
23,2062,301326,278955,580281
24,2062,301326,278955,580281
25,2062,301326,278955,580281
26,2062,301326,278955,580281
27,2062,301326,278955,580281
28,2062,301326,278955,580281
29,2062,301326,278955,580281
30,2062,301326,278955,580281
31,2062,301326,278955,580281
32,2062,301326,278955,580281
33,2062,301326,278955,580281
34,2062,301326,278955,580281
35,2062,301326,278955,580281
36,2062,301326,278955,580281
37,2062,301326,278955,580281
38,2062,301326,278955,580281
39,2062,301326,278955,580281
40,2062,301326,278955,580281
41,2062,301326,278955,580281
42,2062,301326,278955,580281
43,2062,301333,278955,580288
44,2062,303077,279111,582188
45,2062,303077,279111,582188
46,2062,302118,279111,581229
47,2062,302109,279111,581220
48,2062,302109,279111,581220
49,2062,302109,279111,581220
50,2062,302109,279111,581220
51,2062,302109,279149,581258
52,2062,302109,279149,581258
53,2062,302109,279149,581258
54,2062,302109,279149,581258
55,2062,302109,279149,581258
56,2062,302109,279149,581258
57,2062,302109,279149,581258
58,2062,302109,279149,581258
59,2062,302109,279149,581258
60,2062,302109,279149,581258
61,2062,302109,279149,581258
62,2062,302109,279149,581258
63,2062,302109,279149,581258
64,2062,303056,279149,582205
65,2062,303056,279149,582205
66,2062,301751,278994,580745
67,2062,301764,278926,580690
68,2062,301625,278926,580551
69,2062,301693,278926,580619
70,2062,301698,278926,580624
71,2062,302699,279051,581750
72,2062,302614,279051,581665
73,2062,301717,279129,580846
74,2062,301717,279129,580846
75,2062,301717,279129,580846
76,2062,301717,279129,580846
77,2062,301717,279129,580846
78,2062,301618,283834,585452
79,2062,301588,283520,585108
80,2062,301523,283856,585379
81,2062,301545,283856,585401
82,2062,301545,283856,585401
83,2062,301545,283856,585401
84,2062,301545,283856,585401
85,2062,301545,283856,585401
86,2062,301545,283856,585401
87,2062,301545,283856,585401
88,2062,301545,283856,585401
89,2062,301545,283856,585401
90,2062,301545,283856,585401
91,2062,301545,283856,585401
92,2062,301545,283856,585401
93,2062,301545,283856,585401
94,2062,301545,283856,585401
95,2062,301545,283856,585401
96,2062,301545,283856,585401
97,2062,301545,283856,585401
98,2062,301545,283856,585401
99,2062,301545,283856,585401
100,2062,301545,283856,585401
0,2062,292099,274901,567000
1,2062,292099,274901,567000
2,2062,292091,274901,566992
3,2062,292300,274901,567201
4,2062,292463,274931,567394
5,2062,292518,274983,567501
6,2062,292615,275035,567650
7,2062,292607,275057,567664
8,2062,292601,275043,567644
9,2062,292574,275024,567598
10,2062,292549,275055,567604
11,2062,292624,275339,567963
12,2062,293047,275490,568537
13,2062,294584,275590,570174
14,2062,295239,275679,570918
15,2062,297561,275661,573222
16,2062,296031,275360,571391
17,2062,298511,275281,573792
18,2062,300960,276311,577271
19,2062,318140,278178,596318
20,2062,318570,278704,597274
21,2062,307169,279147,586316
22,2062,306963,279195,586158
23,2062,307025,279209,586234
24,2062,307025,279209,586234
25,2062,307025,279209,586234
26,2062,307025,279209,586234
27,2062,307025,279209,586234
28,2062,307025,279209,586234
29,2062,307025,279209,586234
30,2062,307025,279209,586234
31,2062,307025,279209,586234
32,2062,307025,279209,586234
33,2062,307025,279209,586234
34,2062,307025,279209,586234
35,2062,307025,279209,586234
36,2062,307025,279209,586234
37,2062,307025,279209,586234
38,2062,307025,279209,586234
39,2062,307025,279209,586234
40,2062,307025,279209,586234
41,2062,307025,279209,586234
42,2062,307025,279209,586234
43,2062,307025,279209,586234
44,2062,309401,279433,588834
45,2062,309401,279433,588834
46,2062,308138,279364,587502
47,2062,308207,279364,587571
48,2062,308207,279364,587571
49,2062,308207,279364,587571
50,2062,308207,279364,587571
51,2062,308198,279402,587600
52,2062,308198,279402,587600
53,2062,308198,279402,587600
54,2062,308198,279402,587600
55,2062,308198,279402,587600
56,2062,308198,279402,587600
57,2062,308198,279402,587600
58,2062,308198,279402,587600
59,2062,308198,279402,587600
60,2062,308198,279402,587600
61,2062,308198,279402,587600
62,2062,308198,279402,587600
63,2062,308198,279402,587600
64,2062,309449,279472,588921
65,2062,309538,279472,589010
66,2062,307947,279400,587347
67,2062,308227,279400,587627
68,2062,307618,279138,586756
69,2062,307735,279232,586967
70,2062,307742,279123,586865
71,2062,309127,279187,588314
72,2062,308751,279129,587880
73,2062,307179,279129,586308
74,2062,307179,279129,586308
75,2062,307179,279129,586308
76,2062,307179,279129,586308
77,2062,307179,279129,586308
78,2062,306934,286413,593347
79,2062,306862,284996,591858
80,2062,306855,286432,593287
81,2062,306855,286432,593287
82,2062,306855,286432,593287
83,2062,306855,286432,593287
84,2062,306855,286432,593287
85,2062,306855,286432,593287
86,2062,306855,286432,593287
87,2062,306855,286432,593287
88,2062,306855,286432,593287
89,2062,306855,286432,593287
90,2062,306855,286432,593287
91,2062,306855,286432,593287
92,2062,306855,286432,593287
93,2062,306855,286432,593287
94,2062,306855,286432,593287
95,2062,306855,286432,593287
96,2062,306855,286432,593287
97,2062,306855,286432,593287
98,2062,306855,286432,593287
99,2062,306855,286432,593287
100,2062,306855,286432,593287
0,2062,292414,276267,568681
1,2062,292414,276267,568681
2,2062,292410,276267,568677
3,2062,292524,276267,568791
4,2062,292770,276374,569144
5,2062,292782,276405,569187
6,2062,292777,275836,568613
7,2062,292789,275833,568622
8,2062,292809,276105,568914
9,2062,292817,276218,569035
10,2062,292752,276008,568760
11,2062,292786,276013,568799
12,2062,292637,275836,568473
13,2062,294207,275567,569774
14,2062,297544,275452,572996
15,2062,296712,275491,572203
16,2062,295873,275344,571217
17,2062,298696,275638,574334
18,2062,308040,277244,585284
19,2062,310244,279250,589494
20,2062,310992,279343,590335
21,2062,309447,279369,588816
22,2062,309498,279517,589015
23,2062,309548,279517,589065
24,2062,309548,279517,589065
25,2062,309548,279517,589065
26,2062,309548,279517,589065
27,2062,309548,279517,589065
28,2062,309548,279517,589065
29,2062,309548,279517,589065
30,2062,309548,279517,589065
31,2062,309548,279517,589065
32,2062,309548,279517,589065
33,2062,309548,279517,589065
34,2062,309548,279517,589065
35,2062,309548,279517,589065
36,2062,309548,279517,589065
37,2062,309933,279517,589450
38,2062,309933,279517,589450
39,2062,309933,279517,589450
40,2062,309933,279517,589450
41,2062,309933,279517,589450
42,2062,309933,279517,589450
43,2062,309933,279517,589450
44,2062,311218,279445,590663
45,2062,311218,279445,590663
46,2062,311078,279485,590563
47,2062,311078,279485,590563
48,2062,311078,279485,590563
49,2062,311078,279485,590563
50,2062,311078,279485,590563
51,2062,311087,279523,590610
52,2062,311087,279523,590610
53,2062,311087,279523,590610
54,2062,311087,279523,590610
55,2062,311087,279523,590610
56,2062,311087,279523,590610
57,2062,311087,279523,590610
58,2062,311087,279523,590610
59,2062,311087,279523,590610
60,2062,311087,279523,590610
61,2062,311087,279523,590610
62,2062,311087,279523,590610
63,2062,311197,279523,590720
64,2062,311402,279483,590885
65,2062,311494,279483,590977
66,2062,311142,279522,590664
67,2062,311181,279522,590703
68,2062,310276,279498,589774
69,2062,310326,279498,589824
70,2062,310257,279585,589842
71,2062,310672,279598,590270
72,2062,310683,279572,590255
73,2062,309854,279579,589433
74,2062,309854,279579,589433
75,2062,309854,279579,589433
76,2062,309854,279579,589433
77,2062,309854,279579,589433
78,2062,309223,297053,606276
79,2062,309182,295170,604352
80,2062,309215,297002,606217
81,2062,309223,297359,606582
82,2062,309223,297359,606582
83,2062,309223,297359,606582
84,2062,309223,297359,606582
85,2062,309223,297359,606582
86,2062,309223,297359,606582
87,2062,309223,297359,606582
88,2062,309223,297359,606582
89,2062,309223,297359,606582
90,2062,309223,297359,606582
91,2062,309223,297359,606582
92,2062,309223,297359,606582
93,2062,309223,297359,606582
94,2062,309223,297359,606582
95,2062,309223,297359,606582
96,2062,309223,297359,606582
97,2062,309223,297359,606582
98,2062,309223,297359,606582
99,2062,309223,297359,606582
100,2062,309223,297359,606582
0,2062,290839,275033,565872
1,2062,290839,275033,565872
2,2062,290835,275033,565868
3,2062,290937,275233,566170
4,2062,291005,274937,565942
5,2062,291046,275155,566201
6,2062,292232,276240,568472
7,2062,292199,276233,568432
8,2062,291249,275661,566910
9,2062,291199,275601,566800
10,2062,292123,276191,568314
11,2062,292361,276048,568409
12,2062,293171,276060,569231
13,2062,294126,275531,569657
14,2062,296668,275937,572605
15,2062,295244,275388,570632
16,2062,296127,275713,571840
17,2062,298662,276231,574893
18,2062,305162,277907,583069
19,2062,309543,280666,590209
20,2062,310358,280573,590931
21,2062,310236,280007,590243
22,2062,310517,280086,590603
23,2062,310504,280086,590590
24,2062,310504,280086,590590
25,2062,310504,280086,590590
26,2062,310504,280086,590590
27,2062,310504,280086,590590
28,2062,310504,280086,590590
29,2062,310504,280086,590590
30,2062,310504,280086,590590
31,2062,310504,280086,590590
32,2062,310504,280086,590590
33,2062,310504,280086,590590
34,2062,310504,280086,590590
35,2062,310504,280086,590590
36,2062,310504,280086,590590
37,2062,310568,280086,590654
38,2062,310568,280086,590654
39,2062,310568,280086,590654
40,2062,310568,280086,590654
41,2062,310949,280086,591035
42,2062,310949,280086,591035
43,2062,310949,280086,591035
44,2062,311212,280770,591982
45,2062,311212,280770,591982
46,2062,311402,280718,592120
47,2062,311402,280718,592120
48,2062,311402,280718,592120
49,2062,311402,280718,592120
50,2062,311402,280718,592120
51,2062,311402,280757,592159
52,2062,311402,280757,592159
53,2062,311402,280757,592159
54,2062,311402,280757,592159
55,2062,311402,280757,592159
56,2062,311402,280757,592159
57,2062,311402,280757,592159
58,2062,311402,280757,592159
59,2062,311402,280757,592159
60,2062,311402,280757,592159
61,2062,311402,280757,592159
62,2062,311402,280757,592159
63,2062,311500,280757,592257
64,2062,311363,280826,592189
65,2062,311724,280826,592550
66,2062,311611,280757,592368
67,2062,311478,280757,592235
68,2062,311136,280282,591418
69,2062,311224,280386,591610
70,2062,311089,280359,591448
71,2062,311023,280782,591805
72,2062,311415,280757,592172
73,2062,310475,280113,590588
74,2062,310475,280113,590588
75,2062,310475,280113,590588
76,2062,310475,280113,590588
77,2062,310475,280113,590588
78,2062,312080,301426,613506
79,2062,311717,300216,611933
80,2062,312078,301550,613628
81,2062,312097,305369,617466
82,2062,312097,305369,617466
83,2062,312097,305369,617466
84,2062,312097,305369,617466
85,2062,312097,305369,617466
86,2062,312097,305369,617466
87,2062,312097,305369,617466
88,2062,312097,305369,617466
89,2062,312097,305369,617466
90,2062,312097,305369,617466
91,2062,312097,305369,617466
92,2062,312097,305369,617466
93,2062,312097,305369,617466
94,2062,312097,305369,617466
95,2062,312097,305369,617466
96,2062,312097,305369,617466
97,2062,312097,305369,617466
98,2062,312097,305369,617466
99,2062,312097,305369,617466
100,2062,312097,305369,617466
0,2062,289659,274603,564262
1,2062,289659,274603,564262
2,2062,289665,274603,564268
3,2062,290131,274992,565123
4,2062,290075,275018,565093
5,2062,290517,275453,565970
6,2062,291142,275727,566869
7,2062,291129,275727,566856
8,2062,291983,276029,568012
9,2062,291141,275810,566951
10,2062,291146,275616,566762
11,2062,292016,276074,568090
12,2062,292897,276138,569035
13,2062,294262,276019,570281
14,2062,294683,275572,570255
15,2062,297679,275397,573076
16,2062,295993,275946,571939
17,2062,298812,276626,575438
18,2062,303893,278118,582011
19,2062,307392,280296,587688
20,2062,308113,280287,588400
21,2062,310267,280533,590800
22,2062,310619,280734,591353
23,2062,310685,280734,591419
24,2062,310685,280734,591419
25,2062,310685,280734,591419
26,2062,310685,280734,591419
27,2062,310685,280734,591419
28,2062,310685,280734,591419
29,2062,310685,280734,591419
30,2062,310685,280734,591419
31,2062,310685,280734,591419
32,2062,310685,280734,591419
33,2062,310685,280734,591419
34,2062,310685,280734,591419
35,2062,310685,280734,591419
36,2062,310685,280734,591419
37,2062,310706,280734,591440
38,2062,310706,280734,591440
39,2062,310706,280734,591440
40,2062,310706,280734,591440
41,2062,311060,280758,591818
42,2062,311060,280758,591818
43,2062,311060,280758,591818
44,2062,310515,280639,591154
45,2062,310515,280639,591154
46,2062,310557,280639,591196
47,2062,310557,280639,591196
48,2062,310557,280639,591196
49,2062,310557,280639,591196
50,2062,310557,280639,591196
51,2062,310557,280639,591196
52,2062,310557,280639,591196
53,2062,310557,280639,591196
54,2062,310557,280639,591196
55,2062,310557,280639,591196
56,2062,310557,280639,591196
57,2062,310557,280639,591196
58,2062,310557,280639,591196
59,2062,310557,280639,591196
60,2062,310557,280639,591196
61,2062,310557,280639,591196
62,2062,310557,280639,591196
63,2062,310910,280639,591549
64,2062,310761,280639,591400
65,2062,311033,280639,591672
66,2062,311135,280672,591807
67,2062,310932,280639,591571
68,2062,311116,280771,591887
69,2062,311041,280703,591744
70,2062,310992,280666,591658
71,2062,310516,280639,591155
72,2062,310473,280639,591112
73,2062,311008,280697,591705
74,2062,311008,280697,591705
75,2062,311008,280697,591705
76,2062,311008,280697,591705
77,2062,311008,280697,591705
78,2062,314470,302480,616950
79,2062,314144,302411,616555
80,2062,314352,302829,617181
81,2062,316242,304224,620466
82,2062,316242,304224,620466
83,2062,316242,304224,620466
84,2062,316242,304224,620466
85,2062,316242,304224,620466
86,2062,316242,304224,620466
87,2062,316242,304224,620466
88,2062,316242,304224,620466
89,2062,316242,304224,620466
90,2062,316242,304224,620466
91,2062,316242,304224,620466
92,2062,316242,304224,620466
93,2062,316242,304224,620466
94,2062,316242,304224,620466
95,2062,316242,304224,620466
96,2062,316242,304224,620466
97,2062,316242,304224,620466
98,2062,316242,304224,620466
99,2062,316242,304224,620466
100,2062,316242,304224,620466
0,2062,289139,272661,561800
1,2062,289139,272661,561800
2,2062,289140,272661,561801
3,2062,289119,272764,561883
4,2062,289360,272455,561815
5,2062,290329,273837,564166
6,2062,290582,275044,565626
7,2062,290513,275001,565514
8,2062,291822,275327,567149
9,2062,292040,275205,567245
10,2062,290765,275121,565886
11,2062,291646,275629,567275
12,2062,292463,275852,568315
13,2062,293960,275907,569867
14,2062,294086,274870,568956
15,2062,297101,275906,573007
16,2062,295988,275549,571537
17,2062,299178,275915,575093
18,2062,303074,277430,580504
19,2062,305532,280384,585916
20,2062,307797,280492,588289
21,2062,309263,280395,589658
22,2062,309846,280601,590447
23,2062,310066,280601,590667
24,2062,310068,280601,590669
25,2062,310068,280601,590669
26,2062,310068,280601,590669
27,2062,310068,280601,590669
28,2062,310068,280601,590669
29,2062,310068,280601,590669
30,2062,310068,280601,590669
31,2062,310068,280601,590669
32,2062,310068,280601,590669
33,2062,310068,280601,590669
34,2062,310068,280601,590669
35,2062,310068,280601,590669
36,2062,310068,280601,590669
37,2062,310106,280601,590707
38,2062,310106,280601,590707
39,2062,310106,280601,590707
40,2062,310106,280601,590707
41,2062,310504,280601,591105
42,2062,310504,280601,591105
43,2062,310504,280601,591105
44,2062,310371,280615,590986
45,2062,310371,280615,590986
46,2062,310431,280601,591032
47,2062,310431,280601,591032
48,2062,310431,280601,591032
49,2062,310431,280601,591032
50,2062,310431,280601,591032
51,2062,310431,280601,591032
52,2062,310431,280601,591032
53,2062,310431,280601,591032
54,2062,310431,280601,591032
55,2062,310431,280601,591032
56,2062,310431,280601,591032
57,2062,310431,280601,591032
58,2062,310431,280601,591032
59,2062,310431,280601,591032
60,2062,310425,280601,591026
61,2062,310396,280601,590997
62,2062,310384,280601,590985
63,2062,310452,280601,591053
64,2062,310622,280615,591237
65,2062,310565,280615,591180
66,2062,310466,280601,591067
67,2062,310560,280601,591161
68,2062,310503,280601,591104
69,2062,310459,280601,591060
70,2062,310415,280601,591016
71,2062,310321,280601,590922
72,2062,310394,280611,591005
73,2062,310297,280601,590898
74,2062,310297,280601,590898
75,2062,310297,280601,590898
76,2062,310297,280601,590898
77,2062,310297,280601,590898
78,2062,316765,303090,619855
79,2062,316576,303067,619643
80,2062,316701,303735,620436
81,2062,316971,305349,622320
82,2062,316971,305349,622320
83,2062,316971,305349,622320
84,2062,316971,305349,622320
85,2062,316971,305349,622320
86,2062,316971,305349,622320
87,2062,316971,305349,622320
88,2062,316971,305349,622320
89,2062,316971,305349,622320
90,2062,316971,305349,622320
91,2062,316971,305349,622320
92,2062,316971,305349,622320
93,2062,316971,305349,622320
94,2062,316971,305349,622320
95,2062,316971,305349,622320
96,2062,316971,305349,622320
97,2062,316971,305349,622320
98,2062,316971,305349,622320
99,2062,316971,305349,622320
100,2062,316971,305349,622320
0,2062,290394,273022,563416
1,2062,290394,272960,563354
2,2062,290359,272960,563319
3,2062,290259,272886,563145
4,2062,290454,272808,563262
5,2062,291611,274441,566052
6,2062,290844,274238,565082
7,2062,290993,274439,565432
8,2062,292558,275788,568346
9,2062,292683,276220,568903
10,2062,290916,274282,565198
11,2062,292270,275799,568069
12,2062,292527,276121,568648
13,2062,293904,275836,569740
14,2062,293814,275619,569433
15,2062,296491,275550,572041
16,2062,296013,275404,571417
17,2062,300549,276014,576563
18,2062,303703,277256,580959
19,2062,304886,279668,584554
20,2062,307763,280642,588405
21,2062,308577,280432,589009
22,2062,309209,280601,589810
23,2062,309657,280601,590258
24,2062,309658,280601,590259
25,2062,309658,280601,590259
26,2062,309658,280601,590259
27,2062,309658,280601,590259
28,2062,309658,280601,590259
29,2062,309658,280601,590259
30,2062,309658,280601,590259
31,2062,309658,280601,590259
32,2062,309658,280601,590259
33,2062,309658,280601,590259
34,2062,309658,280601,590259
35,2062,309658,280601,590259
36,2062,309658,280601,590259
37,2062,309666,280681,590347
38,2062,309666,280681,590347
39,2062,309666,280681,590347
40,2062,309666,280681,590347
41,2062,310400,280705,591105
42,2062,310400,280705,591105
43,2062,310400,280705,591105
44,2062,310418,280719,591137
45,2062,310418,280719,591137
46,2062,310454,280719,591173
47,2062,310454,280719,591173
48,2062,310454,280719,591173
49,2062,310454,280719,591173
50,2062,310454,280719,591173
51,2062,310454,280719,591173
52,2062,310454,280719,591173
53,2062,310454,280719,591173
54,2062,310454,280719,591173
55,2062,310454,280719,591173
56,2062,310454,280719,591173
57,2062,310454,280719,591173
58,2062,310454,280719,591173
59,2062,310454,280719,591173
60,2062,310454,280719,591173
61,2062,310425,280719,591144
62,2062,310355,280719,591074
63,2062,310557,280719,591276
64,2062,310622,280709,591331
65,2062,310657,280709,591366
66,2062,310551,280719,591270
67,2062,310578,280709,591287
68,2062,310595,280719,591314
69,2062,310527,280719,591246
70,2062,310501,280719,591220
71,2062,310167,280719,590886
72,2062,310365,280719,591084
73,2062,310097,280705,590802
74,2062,310097,280705,590802
75,2062,310097,280705,590802
76,2062,310097,280705,590802
77,2062,310097,280705,590802
78,2062,316031,304649,620680
79,2062,316015,304523,620538
80,2062,316491,304884,621375
81,2062,317021,307179,624200
82,2062,317021,307179,624200
83,2062,317021,307179,624200
84,2062,317021,307179,624200
85,2062,317021,307179,624200
86,2062,317021,307179,624200
87,2062,317021,307179,624200
88,2062,317021,307179,624200
89,2062,317021,307179,624200
90,2062,317021,307179,624200
91,2062,317021,307179,624200
92,2062,317021,307179,624200
93,2062,317021,307179,624200
94,2062,317021,307179,624200
95,2062,317021,307179,624200
96,2062,317021,307179,624200
97,2062,317021,307179,624200
98,2062,317021,307179,624200
99,2062,317021,307179,624200
100,2062,317021,307179,624200
0,2062,291389,273588,564977
1,2062,291361,273588,564949
2,2062,291342,273588,564930
3,2062,290486,273473,563959
4,2062,291427,273538,564965
5,2062,292690,275544,568234
6,2062,291841,274747,566588
7,2062,291918,275199,567117
8,2062,292254,275800,568054
9,2062,291248,275379,566627
10,2062,292120,274848,566968
11,2062,292386,276244,568630
12,2062,292471,275750,568221
13,2062,293842,275635,569477
14,2062,294684,275923,570607
15,2062,295202,274951,570153
16,2062,296309,275544,571853
17,2062,300680,275961,576641
18,2062,306176,277396,583572
19,2062,304844,279082,583926
20,2062,307760,280252,588012
21,2062,308575,280608,589183
22,2062,309265,280695,589960
23,2062,309759,280695,590454
24,2062,309761,280695,590456
25,2062,309761,280695,590456
26,2062,309761,280695,590456
27,2062,309761,280695,590456
28,2062,309761,280695,590456
29,2062,309761,280695,590456
30,2062,309761,280695,590456
31,2062,309761,280695,590456
32,2062,309761,280695,590456
33,2062,309761,280695,590456
34,2062,309761,280695,590456
35,2062,309761,280695,590456
36,2062,309761,280695,590456
37,2062,309760,280695,590455
38,2062,309760,280695,590455
39,2062,309760,280695,590455
40,2062,309760,280695,590455
41,2062,310532,280719,591251
42,2062,310532,280719,591251
43,2062,310532,280719,591251
44,2062,310612,280709,591321
45,2062,310612,280709,591321
46,2062,310612,280709,591321
47,2062,310612,280709,591321
48,2062,310612,280709,591321
49,2062,310612,280709,591321
50,2062,310612,280709,591321
51,2062,310612,280709,591321
52,2062,310612,280709,591321
53,2062,310612,280709,591321
54,2062,310612,280709,591321
55,2062,310612,280709,591321
56,2062,310612,280709,591321
57,2062,310612,280709,591321
58,2062,310612,280709,591321
59,2062,310612,280709,591321
60,2062,310612,280709,591321
61,2062,310583,280709,591292
62,2062,310342,280719,591061
63,2062,310663,280709,591372
64,2062,310791,280709,591500
65,2062,310817,280709,591526
66,2062,310711,280709,591420
67,2062,310719,280709,591428
68,2062,310627,280709,591336
69,2062,310569,280709,591278
70,2062,310553,280709,591262
71,2062,310114,280719,590833
72,2062,310402,280719,591121
73,2062,310099,280695,590794
74,2062,310099,280695,590794
75,2062,310099,280695,590794
76,2062,310099,280695,590794
77,2062,310099,280695,590794
78,2062,316416,306500,622916
79,2062,316414,306851,623265
80,2062,317112,306603,623715
81,2062,320548,305311,625859
82,2062,320548,305311,625859
83,2062,320548,305311,625859
84,2062,320548,305311,625859
85,2062,320548,305311,625859
86,2062,320548,305311,625859
87,2062,320548,305311,625859
88,2062,320548,305311,625859
89,2062,320548,305311,625859
90,2062,320548,305311,625859
91,2062,320548,305311,625859
92,2062,320548,305311,625859
93,2062,320548,305311,625859
94,2062,320548,305311,625859
95,2062,320548,305311,625859
96,2062,320548,305311,625859
97,2062,320548,305311,625859
98,2062,320548,305311,625859
99,2062,320548,305311,625859
100,2062,320548,305311,625859
0,2062,292751,275522,568273
1,2062,292768,275518,568286
2,2062,292769,275518,568287
3,2062,291789,274356,566145
4,2062,293025,274710,567735
5,2062,292813,276399,569212
6,2062,292765,276223,568988
7,2062,292672,276268,568940
8,2062,292330,276276,568606
9,2062,291393,275989,567382
10,2062,292673,276157,568830
11,2062,291584,275622,567206
12,2062,292581,275830,568411
13,2062,294134,275933,570067
14,2062,295041,276344,571385
15,2062,297727,275310,573037
16,2062,296109,275747,571856
17,2062,313874,275931,589805
18,2062,305144,277547,582691
19,2062,305947,279202,585149
20,2062,308539,280233,588772
21,2062,309150,280634,589784
22,2062,309340,280727,590067
23,2062,309735,280695,590430
24,2062,309736,280695,590431
25,2062,309736,280695,590431
26,2062,309736,280695,590431
27,2062,309736,280695,590431
28,2062,309736,280695,590431
29,2062,309736,280695,590431
30,2062,309736,280695,590431
31,2062,309736,280695,590431
32,2062,309736,280695,590431
33,2062,309736,280695,590431
34,2062,309736,280695,590431
35,2062,309736,280695,590431
36,2062,309736,280695,590431
37,2062,309736,280695,590431
38,2062,309736,280695,590431
39,2062,309736,280695,590431
40,2062,309736,280695,590431
41,2062,310615,280709,591324
42,2062,310615,280709,591324
43,2062,310615,280709,591324
44,2062,310580,280709,591289
45,2062,310580,280709,591289
46,2062,310589,280709,591298
47,2062,310589,280709,591298
48,2062,310589,280709,591298
49,2062,310589,280709,591298
50,2062,310589,280709,591298
51,2062,310589,280709,591298
52,2062,310589,280709,591298
53,2062,310589,280709,591298
54,2062,310589,280709,591298
55,2062,310589,280709,591298
56,2062,310589,280709,591298
57,2062,310589,280709,591298
58,2062,310589,280709,591298
59,2062,310589,280709,591298
60,2062,310589,280709,591298
61,2062,310560,280709,591269
62,2062,310362,280719,591081
63,2062,310688,280709,591397
64,2062,310777,280709,591486
65,2062,310815,280709,591524
66,2062,310706,280709,591415
67,2062,310743,280709,591452
68,2062,310757,280709,591466
69,2062,310692,280709,591401
70,2062,310676,280709,591385
71,2062,310183,280695,590878
72,2062,310549,280719,591268
73,2062,310133,280695,590828
74,2062,310133,280695,590828
75,2062,310133,280695,590828
76,2062,310133,280695,590828
77,2062,310133,280695,590828
78,2062,319143,305453,624596
79,2062,319327,305676,625003
80,2062,319274,305068,624342
81,2062,318978,306401,625379
82,2062,318978,306401,625379
83,2062,318978,306401,625379
84,2062,318978,306401,625379
85,2062,318978,306401,625379
86,2062,318978,306401,625379
87,2062,318978,306401,625379
88,2062,318978,306401,625379
89,2062,318978,306401,625379
90,2062,318978,306401,625379
91,2062,318978,306401,625379
92,2062,318978,306401,625379
93,2062,318978,306401,625379
94,2062,318978,306401,625379
95,2062,318978,306401,625379
96,2062,318978,306401,625379
97,2062,318978,306401,625379
98,2062,318978,306401,625379
99,2062,318978,306401,625379
100,2062,318978,306401,625379
0,2062,292327,275510,567837
1,2062,292327,275659,567986
2,2062,292320,275647,567967
3,2062,292875,275527,568402
4,2062,292828,275721,568549
5,2062,291154,274409,565563
6,2062,291431,275516,566947
7,2062,291405,275336,566741
8,2062,290990,275061,566051
9,2062,292128,275695,567823
10,2062,291559,275769,567328
11,2062,291377,275586,566963
12,2062,293155,276000,569155
13,2062,294189,275958,570147
14,2062,295769,275717,571486
15,2062,297153,275649,572802
16,2062,295944,275372,571316
17,2062,307331,276682,584013
18,2062,304499,277441,581940
19,2062,307335,279222,586557
20,2062,309367,280247,589614
21,2062,309425,280514,589939
22,2062,309452,280752,590204
23,2062,309762,280695,590457
24,2062,309764,280695,590459
25,2062,309764,280695,590459
26,2062,309764,280695,590459
27,2062,309764,280695,590459
28,2062,309764,280695,590459
29,2062,309764,280695,590459
30,2062,309764,280695,590459
31,2062,309764,280695,590459
32,2062,309764,280695,590459
33,2062,309764,280695,590459
34,2062,309764,280695,590459
35,2062,309764,280695,590459
36,2062,309764,280695,590459
37,2062,309738,280695,590433
38,2062,309738,280695,590433
39,2062,309738,280695,590433
40,2062,309738,280695,590433
41,2062,310581,280709,591290
42,2062,310581,280709,591290
43,2062,310581,280709,591290
44,2062,310522,280709,591231
45,2062,310522,280709,591231
46,2062,310522,280709,591231
47,2062,310522,280709,591231
48,2062,310522,280709,591231
49,2062,310522,280709,591231
50,2062,310522,280709,591231
51,2062,310522,280709,591231
52,2062,310522,280709,591231
53,2062,310522,280709,591231
54,2062,310522,280709,591231
55,2062,310522,280709,591231
56,2062,310522,280709,591231
57,2062,310522,280709,591231
58,2062,310522,280709,591231
59,2062,310522,280709,591231
60,2062,310522,280709,591231
61,2062,310493,280709,591202
62,2062,310500,280719,591219
63,2062,310622,280709,591331
64,2062,310711,280709,591420
65,2062,310854,280709,591563
66,2062,310736,280709,591445
67,2062,310677,280709,591386
68,2062,310743,280709,591452
69,2062,310668,280709,591377
70,2062,310642,280709,591351
71,2062,310117,280719,590836
72,2062,310404,280709,591113
73,2062,310176,280695,590871
74,2062,310176,280695,590871
75,2062,310176,280695,590871
76,2062,310176,280695,590871
77,2062,310176,280695,590871
78,2062,317218,306629,623847
79,2062,317604,306070,623674
80,2062,317715,306312,624027
81,2062,319435,304795,624230
82,2062,319435,304795,624230
83,2062,319435,304795,624230
84,2062,319435,304795,624230
85,2062,319435,304795,624230
86,2062,319435,304795,624230
87,2062,319435,304795,624230
88,2062,319435,304795,624230
89,2062,319435,304795,624230
90,2062,319435,304795,624230
91,2062,319435,304795,624230
92,2062,319435,304795,624230
93,2062,319435,304795,624230
94,2062,319435,304795,624230
95,2062,319435,304795,624230
96,2062,319435,304795,624230
97,2062,319435,304795,624230
98,2062,319435,304795,624230
99,2062,319435,304795,624230
100,2062,319435,304795,624230
0,2062,292237,275533,567770
1,2062,292258,275489,567747
2,2062,292255,275489,567744
3,2062,292520,275565,568085
4,2062,292646,275922,568568
5,2062,290941,274761,565702
6,2062,291650,275540,567190
7,2062,291571,275602,567173
8,2062,290150,274568,564718
9,2062,292443,275886,568329
10,2062,291915,275595,567510
11,2062,292561,275926,568487
12,2062,293011,276402,569413
13,2062,293947,275772,569719
14,2062,294479,275523,570002
15,2062,297722,275788,573510
16,2062,296132,275359,571491
17,2062,303346,276680,580026
18,2062,304374,277451,581825
19,2062,307952,279352,587304
20,2062,309700,280525,590225
21,2062,308980,280464,589444
22,2062,309470,280601,590071
23,2062,309775,280616,590391
24,2062,309777,280616,590393
25,2062,309777,280616,590393
26,2062,309777,280616,590393
27,2062,309777,280616,590393
28,2062,309777,280616,590393
29,2062,309777,280616,590393
30,2062,309777,280616,590393
31,2062,309777,280616,590393
32,2062,309777,280616,590393
33,2062,309777,280616,590393
34,2062,309777,280616,590393
35,2062,309777,280616,590393
36,2062,309777,280616,590393
37,2062,309777,280616,590393
38,2062,309777,280616,590393
39,2062,309777,280616,590393
40,2062,309777,280616,590393
41,2062,310522,280709,591231
42,2062,310522,280709,591231
43,2062,310522,280709,591231
44,2062,310523,280709,591232
45,2062,310523,280709,591232
46,2062,310523,280709,591232
47,2062,310523,280709,591232
48,2062,310523,280709,591232
49,2062,310523,280709,591232
50,2062,310523,280709,591232
51,2062,310523,280709,591232
52,2062,310523,280709,591232
53,2062,310523,280709,591232
54,2062,310523,280709,591232
55,2062,310523,280709,591232
56,2062,310523,280709,591232
57,2062,310523,280709,591232
58,2062,310523,280709,591232
59,2062,310523,280709,591232
60,2062,310523,280709,591232
61,2062,310494,280709,591203
62,2062,310481,280709,591190
63,2062,310622,280709,591331
64,2062,310711,280709,591420
65,2062,310728,280709,591437
66,2062,310677,280709,591386
67,2062,310677,280709,591386
68,2062,310677,280709,591386
69,2062,310602,280709,591311
70,2062,310576,280709,591285
71,2062,310117,280695,590812
72,2062,310481,280719,591200
73,2062,310143,280719,590862
74,2062,310143,280719,590862
75,2062,310143,280719,590862
76,2062,310143,280719,590862
77,2062,310143,280719,590862
78,2062,319280,304872,624152
79,2062,317218,306403,623621
80,2062,318885,305538,624423
81,2062,315816,304901,620717
82,2062,315816,304901,620717
83,2062,315816,304901,620717
84,2062,315816,304901,620717
85,2062,315816,304901,620717
86,2062,315816,304901,620717
87,2062,315816,304901,620717
88,2062,315816,304901,620717
89,2062,315816,304901,620717
90,2062,315816,304901,620717
91,2062,315816,304901,620717
92,2062,315816,304901,620717
93,2062,315816,304901,620717
94,2062,315816,304901,620717
95,2062,315816,304901,620717
96,2062,315816,304901,620717
97,2062,315816,304901,620717
98,2062,315816,304901,620717
99,2062,315816,304901,620717
100,2062,315816,304901,620717
0,2062,292050,274642,566692
1,2062,291992,274566,566558
2,2062,292049,274566,566615
3,2062,292288,275393,567681
4,2062,292350,275433,567783
5,2062,291665,275418,567083
6,2062,292616,275683,568299
7,2062,292591,275714,568305
8,2062,289388,272724,562112
9,2062,292120,275796,567916
10,2062,292494,275697,568191
11,2062,292571,276455,569026
12,2062,292461,275605,568066
13,2062,293891,275625,569516
14,2062,294576,275565,570141
15,2062,296947,275357,572304
16,2062,296197,275623,571820
17,2062,302139,276579,578718
18,2062,304368,277408,581776
19,2062,309074,279536,588610
20,2062,308796,280425,589221
21,2062,308818,280514,589332
22,2062,309431,280601,590032
23,2062,309749,280616,590365
24,2062,309751,280616,590367
25,2062,309751,280616,590367
26,2062,309751,280616,590367
27,2062,309751,280616,590367
28,2062,309751,280616,590367
29,2062,309751,280616,590367
30,2062,309751,280616,590367
31,2062,309751,280616,590367
32,2062,309751,280616,590367
33,2062,309751,280616,590367
34,2062,309751,280616,590367
35,2062,309751,280616,590367
36,2062,309751,280616,590367
37,2062,309751,280616,590367
38,2062,309751,280616,590367
39,2062,309751,280616,590367
40,2062,309751,280616,590367
41,2062,310523,280709,591232
42,2062,310523,280709,591232
43,2062,310523,280709,591232
44,2062,310523,280709,591232
45,2062,310523,280709,591232
46,2062,310523,280709,591232
47,2062,310523,280709,591232
48,2062,310523,280709,591232
49,2062,310523,280709,591232
50,2062,310523,280709,591232
51,2062,310523,280709,591232
52,2062,310523,280709,591232
53,2062,310523,280709,591232
54,2062,310523,280709,591232
55,2062,310523,280709,591232
56,2062,310523,280709,591232
57,2062,310523,280709,591232
58,2062,310523,280709,591232
59,2062,310523,280709,591232
60,2062,310523,280709,591232
61,2062,310502,280709,591211
62,2062,310533,280709,591242
63,2062,310629,280709,591338
64,2062,310711,280709,591420
65,2062,310748,280709,591457
66,2062,310677,280709,591386
67,2062,310677,280709,591386
68,2062,310677,280709,591386
69,2062,310602,280709,591311
70,2062,310576,280709,591285
71,2062,310117,280695,590812
72,2062,310465,280709,591174
73,2062,310117,280719,590836
74,2062,310117,280719,590836
75,2062,310117,280719,590836
76,2062,310117,280719,590836
77,2062,310117,280719,590836
78,2062,317018,305496,622514
79,2062,319763,304916,624679
80,2062,316558,305659,622217
81,2062,315093,304229,619322
82,2062,315093,304229,619322
83,2062,315093,304229,619322
84,2062,315093,304229,619322
85,2062,315093,304229,619322
86,2062,315093,304229,619322
87,2062,315093,304229,619322
88,2062,315093,304229,619322
89,2062,315093,304229,619322
90,2062,315093,304229,619322
91,2062,315093,304229,619322
92,2062,315093,304229,619322
93,2062,315093,304229,619322
94,2062,315093,304229,619322
95,2062,315093,304229,619322
96,2062,315093,304229,619322
97,2062,315093,304229,619322
98,2062,315093,304229,619322
99,2062,315093,304229,619322
100,2062,315093,304229,619322
0,2062,292467,275809,568276
1,2062,292460,275777,568237
2,2062,292457,275777,568234
3,2062,292245,275154,567399
4,2062,292274,275644,567918
5,2062,292620,276606,569226
6,2062,292731,276392,569123
7,2062,292547,276434,568981
8,2062,290424,273014,563438
9,2062,292125,275680,567805
10,2062,292649,276206,568855
11,2062,291627,275325,566952
12,2062,292214,276093,568307
13,2062,294275,275933,570208
14,2062,294898,275677,570575
15,2062,296696,275498,572194
16,2062,296083,275608,571691
17,2062,302392,276114,578506
18,2062,304800,277408,582208
19,2062,308341,280112,588453
20,2062,308246,280444,588690
21,2062,308721,280514,589235
22,2062,309400,280616,590016
23,2062,309775,280616,590391
24,2062,309777,280616,590393
25,2062,309777,280616,590393
26,2062,309777,280616,590393
27,2062,309777,280616,590393
28,2062,309777,280616,590393
29,2062,309777,280616,590393
30,2062,309777,280616,590393
31,2062,309777,280616,590393
32,2062,309777,280616,590393
33,2062,309777,280616,590393
34,2062,309777,280616,590393
35,2062,309777,280616,590393
36,2062,309777,280616,590393
37,2062,309751,280616,590367
38,2062,309751,280616,590367
39,2062,309751,280616,590367
40,2062,309751,280616,590367
41,2062,310523,280709,591232
42,2062,310523,280709,591232
43,2062,310523,280709,591232
44,2062,310523,280709,591232
45,2062,310523,280709,591232
46,2062,310523,280709,591232
47,2062,310523,280709,591232
48,2062,310523,280709,591232
49,2062,310523,280709,591232
50,2062,310523,280709,591232
51,2062,310523,280709,591232
52,2062,310523,280709,591232
53,2062,310523,280709,591232
54,2062,310523,280709,591232
55,2062,310523,280709,591232
56,2062,310523,280709,591232
57,2062,310523,280709,591232
58,2062,310523,280709,591232
59,2062,310523,280709,591232
60,2062,310523,280709,591232
61,2062,310502,280709,591211
62,2062,310490,280709,591199
63,2062,310629,280709,591338
64,2062,310711,280709,591420
65,2062,310728,280709,591437
66,2062,310677,280709,591386
67,2062,310677,280709,591386
68,2062,310677,280709,591386
69,2062,310609,280709,591318
70,2062,310583,280709,591292
71,2062,310117,280695,590812
72,2062,310465,280709,591174
73,2062,310117,280695,590812
74,2062,310117,280695,590812
75,2062,310117,280695,590812
76,2062,310117,280695,590812
77,2062,310117,280695,590812
78,2062,315589,306728,622317
79,2062,317850,304290,622140
80,2062,315286,304700,619986
81,2062,313486,303270,616756
82,2062,313486,303270,616756
83,2062,313486,303270,616756
84,2062,313486,303270,616756
85,2062,313486,303270,616756
86,2062,313486,303270,616756
87,2062,313486,303270,616756
88,2062,313486,303270,616756
89,2062,313486,303270,616756
90,2062,313486,303270,616756
91,2062,313486,303270,616756
92,2062,313486,303270,616756
93,2062,313486,303270,616756
94,2062,313486,303270,616756
95,2062,313486,303270,616756
96,2062,313486,303270,616756
97,2062,313486,303270,616756
98,2062,313486,303270,616756
99,2062,313486,303270,616756
100,2062,313486,303270,616756
0,2062,292071,275839,567910
1,2062,292089,275900,567989
2,2062,292086,275900,567986
3,2062,292381,275949,568330
4,2062,292447,276194,568641
5,2062,291076,274117,565193
6,2062,291032,274854,565886
7,2062,290997,274886,565883
8,2062,291455,273560,565015
9,2062,292220,275875,568095
10,2062,291207,275214,566421
11,2062,291288,275553,566841
12,2062,293021,276358,569379
13,2062,294152,276089,570241
14,2062,295132,275773,570905
15,2062,295672,275405,571077
16,2062,296009,275276,571285
17,2062,303498,276207,579705
18,2062,304580,277399,581979
19,2062,307593,280366,587959
20,2062,308648,280447,589095
21,2062,309185,280529,589714
22,2062,309411,280647,590058
23,2062,309775,280616,590391
24,2062,309777,280624,590401
25,2062,309777,280624,590401
26,2062,309777,280624,590401
27,2062,309777,280624,590401
28,2062,309777,280624,590401
29,2062,309777,280624,590401
30,2062,309777,280624,590401
31,2062,309777,280624,590401
32,2062,309777,280624,590401
33,2062,309777,280624,590401
34,2062,309777,280624,590401
35,2062,309777,280624,590401
36,2062,309777,280624,590401
37,2062,309777,280616,590393
38,2062,309777,280616,590393
39,2062,309777,280616,590393
40,2062,309777,280616,590393
41,2062,310523,280709,591232
42,2062,310523,280709,591232
43,2062,310523,280709,591232
44,2062,310523,280709,591232
45,2062,310523,280709,591232
46,2062,310523,280709,591232
47,2062,310523,280709,591232
48,2062,310523,280709,591232
49,2062,310523,280709,591232
50,2062,310523,280709,591232
51,2062,310523,280709,591232
52,2062,310523,280709,591232
53,2062,310523,280709,591232
54,2062,310523,280709,591232
55,2062,310523,280709,591232
56,2062,310523,280709,591232
57,2062,310523,280709,591232
58,2062,310523,280709,591232
59,2062,310523,280709,591232
60,2062,310523,280709,591232
61,2062,310502,280709,591211
62,2062,310482,280709,591191
63,2062,310622,280709,591331
64,2062,310711,280709,591420
65,2062,310776,280709,591485
66,2062,310677,280709,591386
67,2062,310677,280709,591386
68,2062,310677,280709,591386
69,2062,310609,280709,591318
70,2062,310583,280709,591292
71,2062,310117,280695,590812
72,2062,310465,280709,591174
73,2062,310117,280695,590812
74,2062,310117,280695,590812
75,2062,310117,280695,590812
76,2062,310117,280695,590812
77,2062,310117,280695,590812
78,2062,319253,303696,622949
79,2062,314882,303302,618184
80,2062,314483,304209,618692
81,2062,313400,302807,616207
82,2062,313400,302807,616207
83,2062,313400,302807,616207
84,2062,313400,302807,616207
85,2062,313400,302807,616207
86,2062,313400,302807,616207
87,2062,313400,302807,616207
88,2062,313400,302807,616207
89,2062,313400,302807,616207
90,2062,313400,302807,616207
91,2062,313400,302807,616207
92,2062,313400,302807,616207
93,2062,313400,302807,616207
94,2062,313400,302807,616207
95,2062,313400,302807,616207
96,2062,313400,302807,616207
97,2062,313400,302807,616207
98,2062,313400,302807,616207
99,2062,313400,302807,616207
100,2062,313400,302807,616207
0,2062,291929,276118,568047
1,2062,292050,276184,568234
2,2062,292024,276184,568208
3,2062,292099,275673,567772
4,2062,291120,275219,566339
5,2062,290898,274381,565279
6,2062,290201,274869,565070
7,2062,289966,274416,564382
8,2062,293136,274868,568004
9,2062,292151,275983,568134
10,2062,291191,275417,566608
11,2062,292570,276264,568834
12,2062,292503,275712,568215
13,2062,293667,275662,569329
14,2062,296166,275731,571897
15,2062,295497,275115,570612
16,2062,296079,275458,571537
17,2062,303229,276582,579811
18,2062,304477,277399,581876
19,2062,306568,280199,586767
20,2062,308456,280490,588946
21,2062,309412,280464,589876
22,2062,309419,280647,590066
23,2062,309775,280624,590399
24,2062,309777,280624,590401
25,2062,309777,280624,590401
26,2062,309777,280624,590401
27,2062,309777,280624,590401
28,2062,309777,280624,590401
29,2062,309777,280624,590401
30,2062,309777,280624,590401
31,2062,309777,280624,590401
32,2062,309777,280624,590401
33,2062,309777,280624,590401
34,2062,309777,280624,590401
35,2062,309777,280624,590401
36,2062,309777,280624,590401
37,2062,309777,280624,590401
38,2062,309777,280624,590401
39,2062,309777,280624,590401
40,2062,309777,280624,590401
41,2062,310523,280709,591232
42,2062,310523,280709,591232
43,2062,310523,280709,591232
44,2062,310523,280709,591232
45,2062,310523,280709,591232
46,2062,310523,280709,591232
47,2062,310523,280709,591232
48,2062,310523,280709,591232
49,2062,310523,280709,591232
50,2062,310523,280709,591232
51,2062,310523,280709,591232
52,2062,310523,280709,591232
53,2062,310523,280709,591232
54,2062,310523,280709,591232
55,2062,310523,280709,591232
56,2062,310523,280709,591232
57,2062,310523,280709,591232
58,2062,310523,280709,591232
59,2062,310523,280709,591232
60,2062,310523,280709,591232
61,2062,310502,280709,591211
62,2062,310542,280709,591251
63,2062,310622,280709,591331
64,2062,310711,280709,591420
65,2062,310776,280709,591485
66,2062,310677,280709,591386
67,2062,310677,280709,591386
68,2062,310677,280709,591386
69,2062,310609,280709,591318
70,2062,310583,280709,591292
71,2062,310117,280695,590812
72,2062,310465,280709,591174
73,2062,310117,280695,590812
74,2062,310117,280695,590812
75,2062,310117,280695,590812
76,2062,310117,280695,590812
77,2062,310117,280695,590812
78,2062,315391,302409,617800
79,2062,313281,301886,615167
80,2062,313582,303403,616985
81,2062,313300,302781,616081
82,2062,313300,302781,616081
83,2062,313300,302781,616081
84,2062,313300,302781,616081
85,2062,313300,302781,616081
86,2062,313300,302781,616081
87,2062,313300,302781,616081
88,2062,313300,302781,616081
89,2062,313300,302781,616081
90,2062,313300,302781,616081
91,2062,313300,302781,616081
92,2062,313300,302781,616081
93,2062,313300,302781,616081
94,2062,313300,302781,616081
95,2062,313300,302781,616081
96,2062,313300,302781,616081
97,2062,313300,302781,616081
98,2062,313300,302781,616081
99,2062,313300,302781,616081
100,2062,313300,302781,616081
0,2062,290678,274865,565543
1,2062,290646,274600,565246
2,2062,290646,274600,565246
3,2062,292028,275935,567963
4,2062,290806,274931,565737
5,2062,291693,275335,567028
6,2062,289512,272972,562484
7,2062,289426,272773,562199
8,2062,292970,275895,568865
9,2062,292042,275514,567556
10,2062,292198,275741,567939
11,2062,291715,275941,567656
12,2062,292280,275815,568095
13,2062,293958,275737,569695
14,2062,295390,275951,571341
15,2062,295576,275625,571201
16,2062,296316,275830,572146
17,2062,302965,276281,579246
18,2062,304630,277408,582038
19,2062,305272,279385,584657
20,2062,308843,280475,589318
21,2062,308966,280464,589430
22,2062,309419,280616,590035
23,2062,309775,280616,590391
24,2062,309777,280616,590393
25,2062,309777,280616,590393
26,2062,309777,280616,590393
27,2062,309777,280616,590393
28,2062,309777,280616,590393
29,2062,309777,280616,590393
30,2062,309777,280616,590393
31,2062,309777,280616,590393
32,2062,309777,280616,590393
33,2062,309777,280616,590393
34,2062,309777,280616,590393
35,2062,309777,280616,590393
36,2062,309777,280616,590393
37,2062,309777,280616,590393
38,2062,309777,280616,590393
39,2062,309777,280616,590393
40,2062,309777,280616,590393
41,2062,310523,280709,591232
42,2062,310523,280709,591232
43,2062,310523,280709,591232
44,2062,310523,280709,591232
45,2062,310523,280709,591232
46,2062,310523,280709,591232
47,2062,310523,280709,591232
48,2062,310523,280709,591232
49,2062,310523,280709,591232
50,2062,310523,280709,591232
51,2062,310523,280709,591232
52,2062,310523,280709,591232
53,2062,310523,280709,591232
54,2062,310523,280709,591232
55,2062,310523,280709,591232
56,2062,310523,280709,591232
57,2062,310523,280709,591232
58,2062,310523,280709,591232
59,2062,310523,280709,591232
60,2062,310523,280709,591232
61,2062,310502,280709,591211
62,2062,310490,280709,591199
63,2062,310629,280709,591338
64,2062,310711,280709,591420
65,2062,310776,280709,591485
66,2062,310677,280709,591386
67,2062,310677,280709,591386
68,2062,310677,280709,591386
69,2062,310609,280709,591318
70,2062,310583,280709,591292
71,2062,310117,280695,590812
72,2062,310465,280709,591174
73,2062,310117,280695,590812
74,2062,310117,280695,590812
75,2062,310117,280695,590812
76,2062,310117,280695,590812
77,2062,310117,280695,590812
78,2062,314163,302133,616296
79,2062,313574,301568,615142
80,2062,313325,302887,616212
81,2062,314143,304623,618766
82,2062,314143,304623,618766
83,2062,314143,304623,618766
84,2062,314143,304623,618766
85,2062,314143,304623,618766
86,2062,314143,304623,618766
87,2062,314143,304623,618766
88,2062,314143,304623,618766
89,2062,314143,304623,618766
90,2062,314143,304623,618766
91,2062,314143,304623,618766
92,2062,314143,304623,618766
93,2062,314143,304623,618766
94,2062,314143,304623,618766
95,2062,314143,304623,618766
96,2062,314143,304623,618766
97,2062,314143,304623,618766
98,2062,314143,304623,618766
99,2062,314143,304623,618766
100,2062,314143,304623,618766
0,2062,289630,273527,563157
1,2062,289084,272978,562062
2,2062,289096,272978,562074
3,2062,291944,275546,567490
4,2062,290744,274239,564983
5,2062,292628,276596,569224
6,2062,290215,273130,563345
7,2062,290379,273170,563549
8,2062,292789,275868,568657
9,2062,292007,275599,567606
10,2062,292516,276305,568821
11,2062,291831,275642,567473
12,2062,293193,276213,569406
13,2062,294133,275848,569981
14,2062,294756,275557,570313
15,2062,295875,275849,571724
16,2062,296104,275804,571908
17,2062,302976,276373,579349
18,2062,304434,277399,581833
19,2062,305026,279291,584317
20,2062,308802,280475,589277
21,2062,308820,280514,589334
22,2062,309407,280616,590023
23,2062,309775,280624,590399
24,2062,309777,280624,590401
25,2062,309777,280624,590401
26,2062,309777,280624,590401
27,2062,309777,280624,590401
28,2062,309777,280624,590401
29,2062,309777,280624,590401
30,2062,309777,280624,590401
31,2062,309777,280624,590401
32,2062,309777,280624,590401
33,2062,309777,280624,590401
34,2062,309777,280624,590401
35,2062,309777,280624,590401
36,2062,309777,280624,590401
37,2062,309777,280616,590393
38,2062,309777,280616,590393
39,2062,309777,280616,590393
40,2062,309777,280616,590393
41,2062,310523,280709,591232
42,2062,310523,280709,591232
43,2062,310523,280709,591232
44,2062,310523,280709,591232
45,2062,310523,280709,591232
46,2062,310523,280709,591232
47,2062,310523,280709,591232
48,2062,310523,280709,591232
49,2062,310523,280709,591232
50,2062,310523,280709,591232
51,2062,310523,280709,591232
52,2062,310523,280709,591232
53,2062,310523,280709,591232
54,2062,310523,280709,591232
55,2062,310523,280709,591232
56,2062,310523,280709,591232
57,2062,310523,280709,591232
58,2062,310523,280709,591232
59,2062,310523,280709,591232
60,2062,310523,280709,591232
61,2062,310502,280709,591211
62,2062,310482,280709,591191
63,2062,310629,280709,591338
64,2062,310711,280709,591420
65,2062,310776,280709,591485
66,2062,310677,280709,591386
67,2062,310677,280709,591386
68,2062,310677,280709,591386
69,2062,310609,280709,591318
70,2062,310583,280709,591292
71,2062,310117,280695,590812
72,2062,310465,280709,591174
73,2062,310117,280695,590812
74,2062,310117,280695,590812
75,2062,310117,280695,590812
76,2062,310117,280695,590812
77,2062,310117,280695,590812
78,2062,312824,302255,615079
79,2062,312361,301855,614216
80,2062,313545,304204,617749
81,2062,315175,307024,622199
82,2062,315175,307024,622199
83,2062,315175,307024,622199
84,2062,315175,307024,622199
85,2062,315175,307024,622199
86,2062,315175,307024,622199
87,2062,315175,307024,622199
88,2062,315175,307024,622199
89,2062,315175,307024,622199
90,2062,315175,307024,622199
91,2062,315175,307024,622199
92,2062,315175,307024,622199
93,2062,315175,307024,622199
94,2062,315175,307024,622199
95,2062,315175,307024,622199
96,2062,315175,307024,622199
97,2062,315175,307024,622199
98,2062,315175,307024,622199
99,2062,315175,307024,622199
100,2062,315175,307024,622199
0,2062,289931,272729,562660
1,2062,289934,272911,562845
2,2062,289982,272952,562934
3,2062,292195,275576,567771
4,2062,291187,274432,565619
5,2062,291032,274005,565037
6,2062,290574,273727,564301
7,2062,291554,273847,565401
8,2062,292191,275275,567466
9,2062,292300,275900,568200
10,2062,291218,275119,566337
11,2062,292350,275661,568011
12,2062,292533,276111,568644
13,2062,294243,276045,570288
14,2062,294509,275322,569831
15,2062,295696,275954,571650
16,2062,295745,275365,571110
17,2062,302787,276624,579411
18,2062,304700,277408,582108
19,2062,305830,279172,585002
20,2062,308798,280475,589273
21,2062,308721,280514,589235
22,2062,309400,280616,590016
23,2062,309775,280624,590399
24,2062,309777,280624,590401
25,2062,309777,280624,590401
26,2062,309777,280624,590401
27,2062,309777,280624,590401
28,2062,309777,280624,590401
29,2062,309777,280624,590401
30,2062,309777,280624,590401
31,2062,309777,280624,590401
32,2062,309777,280624,590401
33,2062,309777,280624,590401
34,2062,309777,280624,590401
35,2062,309777,280624,590401
36,2062,309777,280624,590401
37,2062,309777,280624,590401
38,2062,309777,280624,590401
39,2062,309777,280624,590401
40,2062,309777,280624,590401
41,2062,310523,280709,591232
42,2062,310523,280709,591232
43,2062,310523,280709,591232
44,2062,310523,280709,591232
45,2062,310523,280709,591232
46,2062,310523,280709,591232
47,2062,310523,280709,591232
48,2062,310523,280709,591232
49,2062,310523,280709,591232
50,2062,310523,280709,591232
51,2062,310523,280709,591232
52,2062,310523,280709,591232
53,2062,310523,280709,591232
54,2062,310523,280709,591232
55,2062,310523,280709,591232
56,2062,310523,280709,591232
57,2062,310523,280709,591232
58,2062,310523,280709,591232
59,2062,310523,280709,591232
60,2062,310523,280709,591232
61,2062,310502,280709,591211
62,2062,310542,280709,591251
63,2062,310622,280709,591331
64,2062,310711,280709,591420
65,2062,310776,280709,591485
66,2062,310677,280709,591386
67,2062,310677,280709,591386
68,2062,310677,280709,591386
69,2062,310609,280709,591318
70,2062,310583,280709,591292
71,2062,310117,280695,590812
72,2062,310465,280709,591174
73,2062,310117,280695,590812
74,2062,310117,280695,590812
75,2062,310117,280695,590812
76,2062,310117,280695,590812
77,2062,310117,280695,590812
78,2062,314312,303031,617343
79,2062,314087,303226,617313
80,2062,313783,305497,619280
81,2062,319234,305827,625061
82,2062,319234,305827,625061
83,2062,319234,305827,625061
84,2062,319234,305827,625061
85,2062,319234,305827,625061
86,2062,319234,305827,625061
87,2062,319234,305827,625061
88,2062,319234,305827,625061
89,2062,319234,305827,625061
90,2062,319234,305827,625061
91,2062,319234,305827,625061
92,2062,319234,305827,625061
93,2062,319234,305827,625061
94,2062,319234,305827,625061
95,2062,319234,305827,625061
96,2062,319234,305827,625061
97,2062,319234,305827,625061
98,2062,319234,305827,625061
99,2062,319234,305827,625061
100,2062,319234,305827,625061
0,2062,290389,273324,563713
1,2062,290357,273423,563780
2,2062,290327,273499,563826
3,2062,292216,275829,568045
4,2062,292652,275969,568621
5,2062,290429,274160,564589
6,2062,291995,274742,566737
7,2062,293131,275594,568725
8,2062,292310,275603,567913
9,2062,292239,275895,568134
10,2062,291305,275231,566536
11,2062,292658,276470,569128
12,2062,291894,275712,567606
13,2062,293818,275668,569486
14,2062,294959,275664,570623
15,2062,295329,275541,570870
16,2062,296065,275365,571430
17,2062,302452,276309,578761
18,2062,304434,277399,581833
19,2062,307640,279219,586859
20,2062,308797,280475,589272
21,2062,309191,280529,589720
22,2062,309411,280647,590058
23,2062,309775,280624,590399
24,2062,309777,280624,590401
25,2062,309777,280624,590401
26,2062,309777,280624,590401
27,2062,309777,280624,590401
28,2062,309777,280624,590401
29,2062,309777,280624,590401
30,2062,309777,280624,590401
31,2062,309777,280624,590401
32,2062,309777,280624,590401
33,2062,309777,280624,590401
34,2062,309777,280624,590401
35,2062,309777,280624,590401
36,2062,309777,280624,590401
37,2062,309777,280624,590401
38,2062,309777,280624,590401
39,2062,309777,280624,590401
40,2062,309777,280624,590401
41,2062,310523,280709,591232
42,2062,310523,280709,591232
43,2062,310523,280709,591232
44,2062,310523,280709,591232
45,2062,310523,280709,591232
46,2062,310523,280709,591232
47,2062,310523,280709,591232
48,2062,310523,280709,591232
49,2062,310523,280709,591232
50,2062,310523,280709,591232
51,2062,310523,280709,591232
52,2062,310523,280709,591232
53,2062,310523,280709,591232
54,2062,310523,280709,591232
55,2062,310523,280709,591232
56,2062,310523,280709,591232
57,2062,310523,280709,591232
58,2062,310523,280709,591232
59,2062,310523,280709,591232
60,2062,310523,280709,591232
61,2062,310502,280709,591211
62,2062,310490,280709,591199
63,2062,310622,280709,591331
64,2062,310711,280709,591420
65,2062,310776,280709,591485
66,2062,310677,280709,591386
67,2062,310677,280709,591386
68,2062,310677,280709,591386
69,2062,310609,280709,591318
70,2062,310583,280709,591292
71,2062,310117,280695,590812
72,2062,310465,280709,591174
73,2062,310117,280695,590812
74,2062,310117,280695,590812
75,2062,310117,280695,590812
76,2062,310117,280695,590812
77,2062,310117,280695,590812
78,2062,314565,303350,617915
79,2062,315463,303836,619299
80,2062,315597,307591,623188
81,2062,318475,306338,624813
82,2062,318475,306338,624813
83,2062,318475,306338,624813
84,2062,318475,306338,624813
85,2062,318475,306338,624813
86,2062,318475,306338,624813
87,2062,318475,306338,624813
88,2062,318475,306338,624813
89,2062,318475,306338,624813
90,2062,318475,306338,624813
91,2062,318475,306338,624813
92,2062,318475,306338,624813
93,2062,318475,306338,624813
94,2062,318475,306338,624813
95,2062,318475,306338,624813
96,2062,318475,306338,624813
97,2062,318475,306338,624813
98,2062,318475,306338,624813
99,2062,318475,306338,624813
100,2062,318475,306338,624813
0,2062,291577,274118,565695
1,2062,291704,274059,565763
2,2062,291728,274070,565798
3,2062,292172,275866,568038
4,2062,292520,275795,568315
5,2062,290894,274103,564997
6,2062,293029,275653,568682
7,2062,293002,275585,568587
8,2062,292514,276161,568675
9,2062,292060,275434,567494
10,2062,292373,275869,568242
11,2062,291521,275321,566842
12,2062,292700,275905,568605
13,2062,293942,275538,569480
14,2062,295205,275997,571202
15,2062,296250,275426,571676
16,2062,296330,275907,572237
17,2062,302651,276235,578886
18,2062,304622,277408,582030
19,2062,308470,279310,587780
20,2062,308804,280475,589279
21,2062,309404,280464,589868
22,2062,309411,280647,590058
23,2062,309775,280624,590399
24,2062,309777,280624,590401
25,2062,309777,280624,590401
26,2062,309777,280624,590401
27,2062,309777,280624,590401
28,2062,309777,280624,590401
29,2062,309777,280624,590401
30,2062,309777,280624,590401
31,2062,309777,280624,590401
32,2062,309777,280624,590401
33,2062,309777,280624,590401
34,2062,309777,280624,590401
35,2062,309777,280624,590401
36,2062,309777,280624,590401
37,2062,309777,280624,590401
38,2062,309777,280624,590401
39,2062,309777,280624,590401
40,2062,309777,280624,590401
41,2062,310523,280709,591232
42,2062,310523,280709,591232
43,2062,310523,280709,591232
44,2062,310523,280709,591232
45,2062,310523,280709,591232
46,2062,310523,280709,591232
47,2062,310523,280709,591232
48,2062,310523,280709,591232
49,2062,310523,280709,591232
50,2062,310523,280709,591232
51,2062,310523,280709,591232
52,2062,310523,280709,591232
53,2062,310523,280709,591232
54,2062,310523,280709,591232
55,2062,310523,280709,591232
56,2062,310523,280709,591232
57,2062,310523,280709,591232
58,2062,310523,280709,591232
59,2062,310523,280709,591232
60,2062,310523,280709,591232
61,2062,310502,280709,591211
62,2062,310482,280709,591191
63,2062,310629,280709,591338
64,2062,310711,280709,591420
65,2062,310776,280709,591485
66,2062,310677,280709,591386
67,2062,310677,280709,591386
68,2062,310677,280709,591386
69,2062,310609,280709,591318
70,2062,310583,280709,591292
71,2062,310117,280695,590812
72,2062,310465,280709,591174
73,2062,310117,280695,590812
74,2062,310117,280695,590812
75,2062,310117,280695,590812
76,2062,310117,280695,590812
77,2062,310117,280695,590812
78,2062,314748,304905,619653
79,2062,315681,305040,620721
80,2062,320100,305595,625695
81,2062,319150,304796,623946
82,2062,319150,304796,623946
83,2062,319150,304796,623946
84,2062,319150,304796,623946
85,2062,319150,304796,623946
86,2062,319150,304796,623946
87,2062,319150,304796,623946
88,2062,319150,304796,623946
89,2062,319150,304796,623946
90,2062,319150,304796,623946
91,2062,319150,304796,623946
92,2062,319150,304796,623946
93,2062,319150,304796,623946
94,2062,319150,304796,623946
95,2062,319150,304796,623946
96,2062,319150,304796,623946
97,2062,319150,304796,623946
98,2062,319150,304796,623946
99,2062,319150,304796,623946
100,2062,319150,304796,623946
0,2062,292691,275252,567943
1,2062,292737,275408,568145
2,2062,292737,275396,568133
3,2062,291909,275660,567569
4,2062,292434,275675,568109
5,2062,292224,276129,568353
6,2062,292989,275830,568819
7,2062,292884,275778,568662
8,2062,291224,275620,566844
9,2062,291990,275557,567547
10,2062,292433,276415,568848
11,2062,291391,275660,567051
12,2062,293221,276798,570019
13,2062,294261,275802,570063
14,2062,297791,275834,573625
15,2062,295951,275686,571637
16,2062,296030,275683,571713
17,2062,302367,276387,578754
18,2062,304434,277399,581833
19,2062,309346,279536,588882
20,2062,308804,280475,589279
21,2062,308966,280464,589430
22,2062,309411,280616,590027
23,2062,309775,280624,590399
24,2062,309777,280624,590401
25,2062,309777,280624,590401
26,2062,309777,280624,590401
27,2062,309777,280624,590401
28,2062,309777,280624,590401
29,2062,309777,280624,590401
30,2062,309777,280624,590401
31,2062,309777,280624,590401
32,2062,309777,280624,590401
33,2062,309777,280624,590401
34,2062,309777,280624,590401
35,2062,309777,280624,590401
36,2062,309777,280624,590401
37,2062,309777,280624,590401
38,2062,309777,280624,590401
39,2062,309777,280624,590401
40,2062,309777,280624,590401
41,2062,310523,280709,591232
42,2062,310523,280709,591232
43,2062,310523,280709,591232
44,2062,310523,280709,591232
45,2062,310523,280709,591232
46,2062,310523,280709,591232
47,2062,310523,280709,591232
48,2062,310523,280709,591232
49,2062,310523,280709,591232
50,2062,310523,280709,591232
51,2062,310523,280709,591232
52,2062,310523,280709,591232
53,2062,310523,280709,591232
54,2062,310523,280709,591232
55,2062,310523,280709,591232
56,2062,310523,280709,591232
57,2062,310523,280709,591232
58,2062,310523,280709,591232
59,2062,310523,280709,591232
60,2062,310523,280709,591232
61,2062,310502,280709,591211
62,2062,310542,280709,591251
63,2062,310629,280709,591338
64,2062,310711,280709,591420
65,2062,310776,280709,591485
66,2062,310677,280709,591386
67,2062,310677,280709,591386
68,2062,310677,280709,591386
69,2062,310609,280709,591318
70,2062,310583,280709,591292
71,2062,310117,280695,590812
72,2062,310465,280709,591174
73,2062,310117,280695,590812
74,2062,310117,280695,590812
75,2062,310117,280695,590812
76,2062,310117,280695,590812
77,2062,310117,280695,590812
78,2062,315901,306651,622552
79,2062,316557,307162,623719
80,2062,319112,306085,625197
81,2062,317302,305907,623209
82,2062,317302,305907,623209
83,2062,317302,305907,623209
84,2062,317302,305907,623209
85,2062,317302,305907,623209
86,2062,317302,305907,623209
87,2062,317302,305907,623209
88,2062,317302,305907,623209
89,2062,317302,305907,623209
90,2062,317302,305907,623209
91,2062,317302,305907,623209
92,2062,317302,305907,623209
93,2062,317302,305907,623209
94,2062,317302,305907,623209
95,2062,317302,305907,623209
96,2062,317302,305907,623209
97,2062,317302,305907,623209
98,2062,317302,305907,623209
99,2062,317302,305907,623209
100,2062,317302,305907,623209
0,2063,292160,275407,567567
1,2063,292160,275407,567567
2,2063,292156,275407,567563
3,2063,292317,275433,567750
4,2063,292459,275435,567894
5,2063,292604,275460,568064
6,2063,292715,275538,568253
7,2063,292699,275529,568228
8,2063,292688,275503,568191
9,2063,292689,275485,568174
10,2063,292704,275551,568255
11,2063,292828,275972,568800
12,2063,293342,276256,569598
13,2063,293719,276375,570094
14,2063,293758,276281,570039
15,2063,293823,276272,570095
16,2063,294123,276355,570478
17,2063,294561,276410,570971
18,2063,295789,276733,572522
19,2063,296731,278188,574919
20,2063,296795,278225,575020
21,2063,296833,278284,575117
22,2063,296862,278532,575394
23,2063,296890,278545,575435
24,2063,296890,278545,575435
25,2063,296890,278545,575435
26,2063,296890,278545,575435
27,2063,296890,278545,575435
28,2063,296890,278545,575435
29,2063,296890,278545,575435
30,2063,296890,278545,575435
31,2063,296890,278545,575435
32,2063,296890,278545,575435
33,2063,296890,278545,575435
34,2063,296890,278545,575435
35,2063,296890,278545,575435
36,2063,296890,278545,575435
37,2063,296890,278545,575435
38,2063,296890,278545,575435
39,2063,296890,278545,575435
40,2063,296890,278545,575435
41,2063,296890,278545,575435
42,2063,296890,278545,575435
43,2063,296890,278545,575435
44,2063,296890,278545,575435
45,2063,296890,278545,575435
46,2063,296881,278545,575426
47,2063,296873,278545,575418
48,2063,296873,278545,575418
49,2063,296873,278545,575418
50,2063,296873,278545,575418
51,2063,296873,278595,575468
52,2063,296873,278595,575468
53,2063,296873,278595,575468
54,2063,296873,278595,575468
55,2063,296873,278595,575468
56,2063,296873,278595,575468
57,2063,296873,278595,575468
58,2063,296873,278595,575468
59,2063,296873,278595,575468
60,2063,296873,278595,575468
61,2063,296873,278595,575468
62,2063,296873,278595,575468
63,2063,296873,278595,575468
64,2063,296825,278595,575420
65,2063,296825,278595,575420
66,2063,296738,278595,575333
67,2063,296738,278595,575333
68,2063,296472,278595,575067
69,2063,296377,278595,574972
70,2063,296237,278595,574832
71,2063,295800,278595,574395
72,2063,295800,278595,574395
73,2063,295461,278595,574056
74,2063,295423,278595,574018
75,2063,295423,278595,574018
76,2063,295423,278595,574018
77,2063,295423,278595,574018
78,2063,295423,279554,574977
79,2063,295423,279363,574786
80,2063,295423,279614,575037
81,2063,295423,279743,575166
82,2063,295423,279743,575166
83,2063,295423,279743,575166
84,2063,295423,279743,575166
85,2063,295423,279743,575166
86,2063,295423,279743,575166
87,2063,295423,279743,575166
88,2063,295423,279743,575166
89,2063,295423,279743,575166
90,2063,295423,279743,575166
91,2063,295423,279743,575166
92,2063,295423,279743,575166
93,2063,295423,279743,575166
94,2063,295423,279743,575166
95,2063,295423,279743,575166
96,2063,295423,279743,575166
97,2063,295423,279743,575166
98,2063,295423,279743,575166
99,2063,295423,279743,575166
100,2063,295423,279743,575166
0,2063,292266,275259,567525
1,2063,292266,275259,567525
2,2063,292259,275259,567518
3,2063,292436,275274,567710
4,2063,292615,275193,567808
5,2063,292741,275299,568040
6,2063,292868,275406,568274
7,2063,292842,275390,568232
8,2063,292820,275364,568184
9,2063,292815,275344,568159
10,2063,292810,275474,568284
11,2063,292862,275699,568561
12,2063,293184,275754,568938
13,2063,293704,275708,569412
14,2063,293937,275800,569737
15,2063,294124,275792,569916
16,2063,294466,275859,570325
17,2063,295672,275850,571522
18,2063,297964,276497,574461
19,2063,298821,278322,577143
20,2063,299958,278491,578449
21,2063,300126,278538,578664
22,2063,300128,279006,579134
23,2063,300136,279020,579156
24,2063,300136,279020,579156
25,2063,300136,279020,579156
26,2063,300136,279020,579156
27,2063,300136,279020,579156
28,2063,300136,279020,579156
29,2063,300136,279020,579156
30,2063,300136,279020,579156
31,2063,300136,279020,579156
32,2063,300136,279020,579156
33,2063,300136,279020,579156
34,2063,300136,279020,579156
35,2063,300136,279020,579156
36,2063,300136,279020,579156
37,2063,300136,279020,579156
38,2063,300136,279020,579156
39,2063,300136,279020,579156
40,2063,300136,279020,579156
41,2063,300136,279020,579156
42,2063,300136,279020,579156
43,2063,300136,279020,579156
44,2063,300538,279020,579558
45,2063,300538,279020,579558
46,2063,300536,279020,579556
47,2063,300528,279020,579548
48,2063,300528,279020,579548
49,2063,300528,279020,579548
50,2063,300528,279020,579548
51,2063,300528,279059,579587
52,2063,300528,279059,579587
53,2063,300528,279059,579587
54,2063,300528,279059,579587
55,2063,300528,279059,579587
56,2063,300528,279059,579587
57,2063,300528,279059,579587
58,2063,300528,279059,579587
59,2063,300528,279059,579587
60,2063,300528,279059,579587
61,2063,300528,279059,579587
62,2063,300528,279059,579587
63,2063,300528,279059,579587
64,2063,300557,279059,579616
65,2063,300557,279059,579616
66,2063,300066,279059,579125
67,2063,300008,279059,579067
68,2063,299613,279059,578672
69,2063,299663,279059,578722
70,2063,299415,279037,578452
71,2063,298888,279037,577925
72,2063,298782,279037,577819
73,2063,298283,278963,577246
74,2063,298238,278963,577201
75,2063,298238,278963,577201
76,2063,298238,278963,577201
77,2063,298238,278963,577201
78,2063,298344,280269,578613
79,2063,298259,280078,578337
80,2063,298344,280826,579170
81,2063,298338,280568,578906
82,2063,298338,280568,578906
83,2063,298338,280568,578906
84,2063,298338,280568,578906
85,2063,298338,280568,578906
86,2063,298338,280568,578906
87,2063,298338,280568,578906
88,2063,298338,280568,578906
89,2063,298338,280568,578906
90,2063,298338,280568,578906
91,2063,298338,280568,578906
92,2063,298338,280568,578906
93,2063,298338,280568,578906
94,2063,298338,280568,578906
95,2063,298338,280568,578906
96,2063,298338,280568,578906
97,2063,298338,280568,578906
98,2063,298338,280568,578906
99,2063,298338,280568,578906
100,2063,298338,280568,578906
0,2063,292274,275413,567687
1,2063,292274,275413,567687
2,2063,292266,275413,567679
3,2063,292417,275347,567764
4,2063,292716,275394,568110
5,2063,292856,275450,568306
6,2063,292910,275526,568436
7,2063,292866,275510,568376
8,2063,292838,275471,568309
9,2063,292865,275477,568342
10,2063,292819,275561,568380
11,2063,292909,275804,568713
12,2063,293366,276259,569625
13,2063,294527,276216,570743
14,2063,294776,276418,571194
15,2063,295034,276413,571447
16,2063,296135,276482,572617
17,2063,297419,276524,573943
18,2063,299982,276890,576872
19,2063,300697,278092,578789
20,2063,300794,278561,579355
21,2063,301474,278636,580110
22,2063,301310,278941,580251
23,2063,301326,278955,580281
24,2063,301326,278955,580281
25,2063,301326,278955,580281
26,2063,301326,278955,580281
27,2063,301326,278955,580281
28,2063,301326,278955,580281
29,2063,301326,278955,580281
30,2063,301326,278955,580281
31,2063,301326,278955,580281
32,2063,301326,278955,580281
33,2063,301326,278955,580281
34,2063,301326,278955,580281
35,2063,301326,278955,580281
36,2063,301326,278955,580281
37,2063,301326,278955,580281
38,2063,301326,278955,580281
39,2063,301326,278955,580281
40,2063,301326,278955,580281
41,2063,301326,278955,580281
42,2063,301326,278955,580281
43,2063,301333,278955,580288
44,2063,303077,279111,582188
45,2063,303077,279111,582188
46,2063,302118,279111,581229
47,2063,302109,279111,581220
48,2063,302109,279111,581220
49,2063,302109,279111,581220
50,2063,302109,279111,581220
51,2063,302109,279149,581258
52,2063,302109,279149,581258
53,2063,302109,279149,581258
54,2063,302109,279149,581258
55,2063,302109,279149,581258
56,2063,302109,279149,581258
57,2063,302109,279149,581258
58,2063,302109,279149,581258
59,2063,302109,279149,581258
60,2063,302109,279149,581258
61,2063,302109,279149,581258
62,2063,302109,279149,581258
63,2063,302109,279149,581258
64,2063,303056,279149,582205
65,2063,303056,279149,582205
66,2063,301751,278994,580745
67,2063,301764,278926,580690
68,2063,301625,278926,580551
69,2063,301693,278926,580619
70,2063,301698,278926,580624
71,2063,302699,279051,581750
72,2063,302614,279051,581665
73,2063,301717,279129,580846
74,2063,301717,279129,580846
75,2063,301717,279129,580846
76,2063,301717,279129,580846
77,2063,301717,279129,580846
78,2063,301618,283834,585452
79,2063,301588,283520,585108
80,2063,301523,283856,585379
81,2063,301545,283856,585401
82,2063,301545,283856,585401
83,2063,301545,283856,585401
84,2063,301545,283856,585401
85,2063,301545,283856,585401
86,2063,301545,283856,585401
87,2063,301545,283856,585401
88,2063,301545,283856,585401
89,2063,301545,283856,585401
90,2063,301545,283856,585401
91,2063,301545,283856,585401
92,2063,301545,283856,585401
93,2063,301545,283856,585401
94,2063,301545,283856,585401
95,2063,301545,283856,585401
96,2063,301545,283856,585401
97,2063,301545,283856,585401
98,2063,301545,283856,585401
99,2063,301545,283856,585401
100,2063,301545,283856,585401
0,2063,292099,274901,567000
1,2063,292099,274901,567000
2,2063,292091,274901,566992
3,2063,292300,274901,567201
4,2063,292463,274931,567394
5,2063,292518,274983,567501
6,2063,292615,275035,567650
7,2063,292607,275057,567664
8,2063,292601,275043,567644
9,2063,292574,275024,567598
10,2063,292549,275055,567604
11,2063,292624,275339,567963
12,2063,293047,275490,568537
13,2063,294584,275590,570174
14,2063,295239,275679,570918
15,2063,297561,275661,573222
16,2063,296031,275360,571391
17,2063,298511,275281,573792
18,2063,300960,276311,577271
19,2063,318140,278178,596318
20,2063,318570,278704,597274
21,2063,307169,279147,586316
22,2063,306963,279195,586158
23,2063,307025,279209,586234
24,2063,307025,279209,586234
25,2063,307025,279209,586234
26,2063,307025,279209,586234
27,2063,307025,279209,586234
28,2063,307025,279209,586234
29,2063,307025,279209,586234
30,2063,307025,279209,586234
31,2063,307025,279209,586234
32,2063,307025,279209,586234
33,2063,307025,279209,586234
34,2063,307025,279209,586234
35,2063,307025,279209,586234
36,2063,307025,279209,586234
37,2063,307025,279209,586234
38,2063,307025,279209,586234
39,2063,307025,279209,586234
40,2063,307025,279209,586234
41,2063,307025,279209,586234
42,2063,307025,279209,586234
43,2063,307025,279209,586234
44,2063,309401,279433,588834
45,2063,309401,279433,588834
46,2063,308138,279364,587502
47,2063,308207,279364,587571
48,2063,308207,279364,587571
49,2063,308207,279364,587571
50,2063,308207,279364,587571
51,2063,308198,279402,587600
52,2063,308198,279402,587600
53,2063,308198,279402,587600
54,2063,308198,279402,587600
55,2063,308198,279402,587600
56,2063,308198,279402,587600
57,2063,308198,279402,587600
58,2063,308198,279402,587600
59,2063,308198,279402,587600
60,2063,308198,279402,587600
61,2063,308198,279402,587600
62,2063,308198,279402,587600
63,2063,308198,279402,587600
64,2063,309449,279472,588921
65,2063,309538,279472,589010
66,2063,307947,279400,587347
67,2063,308227,279400,587627
68,2063,307618,279138,586756
69,2063,307735,279232,586967
70,2063,307742,279123,586865
71,2063,309127,279187,588314
72,2063,308751,279129,587880
73,2063,307179,279129,586308
74,2063,307179,279129,586308
75,2063,307179,279129,586308
76,2063,307179,279129,586308
77,2063,307179,279129,586308
78,2063,306934,286413,593347
79,2063,306862,284996,591858
80,2063,306855,286432,593287
81,2063,306855,286432,593287
82,2063,306855,286432,593287
83,2063,306855,286432,593287
84,2063,306855,286432,593287
85,2063,306855,286432,593287
86,2063,306855,286432,593287
87,2063,306855,286432,593287
88,2063,306855,286432,593287
89,2063,306855,286432,593287
90,2063,306855,286432,593287
91,2063,306855,286432,593287
92,2063,306855,286432,593287
93,2063,306855,286432,593287
94,2063,306855,286432,593287
95,2063,306855,286432,593287
96,2063,306855,286432,593287
97,2063,306855,286432,593287
98,2063,306855,286432,593287
99,2063,306855,286432,593287
100,2063,306855,286432,593287
0,2063,292414,276267,568681
1,2063,292414,276267,568681
2,2063,292410,276267,568677
3,2063,292524,276267,568791
4,2063,292770,276374,569144
5,2063,292782,276405,569187
6,2063,292777,275836,568613
7,2063,292789,275833,568622
8,2063,292809,276105,568914
9,2063,292817,276218,569035
10,2063,292752,276008,568760
11,2063,292786,276013,568799
12,2063,292637,275836,568473
13,2063,294207,275567,569774
14,2063,297544,275452,572996
15,2063,296712,275491,572203
16,2063,295873,275344,571217
17,2063,298696,275638,574334
18,2063,308040,277244,585284
19,2063,310244,279250,589494
20,2063,310992,279343,590335
21,2063,309447,279369,588816
22,2063,309498,279517,589015
23,2063,309548,279517,589065
24,2063,309548,279517,589065
25,2063,309548,279517,589065
26,2063,309548,279517,589065
27,2063,309548,279517,589065
28,2063,309548,279517,589065
29,2063,309548,279517,589065
30,2063,309548,279517,589065
31,2063,309548,279517,589065
32,2063,309548,279517,589065
33,2063,309548,279517,589065
34,2063,309548,279517,589065
35,2063,309548,279517,589065
36,2063,309548,279517,589065
37,2063,309933,279517,589450
38,2063,309933,279517,589450
39,2063,309933,279517,589450
40,2063,309933,279517,589450
41,2063,309933,279517,589450
42,2063,309933,279517,589450
43,2063,309933,279517,589450
44,2063,311218,279445,590663
45,2063,311218,279445,590663
46,2063,311078,279485,590563
47,2063,311078,279485,590563
48,2063,311078,279485,590563
49,2063,311078,279485,590563
50,2063,311078,279485,590563
51,2063,311087,279523,590610
52,2063,311087,279523,590610
53,2063,311087,279523,590610
54,2063,311087,279523,590610
55,2063,311087,279523,590610
56,2063,311087,279523,590610
57,2063,311087,279523,590610
58,2063,311087,279523,590610
59,2063,311087,279523,590610
60,2063,311087,279523,590610
61,2063,311087,279523,590610
62,2063,311087,279523,590610
63,2063,311197,279523,590720
64,2063,311402,279483,590885
65,2063,311494,279483,590977
66,2063,311142,279522,590664
67,2063,311181,279522,590703
68,2063,310276,279498,589774
69,2063,310326,279498,589824
70,2063,310257,279585,589842
71,2063,310672,279598,590270
72,2063,310683,279572,590255
73,2063,309854,279579,589433
74,2063,309854,279579,589433
75,2063,309854,279579,589433
76,2063,309854,279579,589433
77,2063,309854,279579,589433
78,2063,309223,297053,606276
79,2063,309182,295170,604352
80,2063,309215,297002,606217
81,2063,309223,297359,606582
82,2063,309223,297359,606582
83,2063,309223,297359,606582
84,2063,309223,297359,606582
85,2063,309223,297359,606582
86,2063,309223,297359,606582
87,2063,309223,297359,606582
88,2063,309223,297359,606582
89,2063,309223,297359,606582
90,2063,309223,297359,606582
91,2063,309223,297359,606582
92,2063,309223,297359,606582
93,2063,309223,297359,606582
94,2063,309223,297359,606582
95,2063,309223,297359,606582
96,2063,309223,297359,606582
97,2063,309223,297359,606582
98,2063,309223,297359,606582
99,2063,309223,297359,606582
100,2063,309223,297359,606582
0,2063,290839,275033,565872
1,2063,290839,275033,565872
2,2063,290835,275033,565868
3,2063,290937,275233,566170
4,2063,291005,274937,565942
5,2063,291046,275155,566201
6,2063,292232,276240,568472
7,2063,292199,276233,568432
8,2063,291249,275661,566910
9,2063,291199,275601,566800
10,2063,292123,276191,568314
11,2063,292361,276048,568409
12,2063,293171,276060,569231
13,2063,294126,275531,569657
14,2063,296668,275937,572605
15,2063,295244,275388,570632
16,2063,296127,275713,571840
17,2063,298662,276231,574893
18,2063,305162,277907,583069
19,2063,309543,280666,590209
20,2063,310358,280573,590931
21,2063,310236,280007,590243
22,2063,310517,280086,590603
23,2063,310504,280086,590590
24,2063,310504,280086,590590
25,2063,310504,280086,590590
26,2063,310504,280086,590590
27,2063,310504,280086,590590
28,2063,310504,280086,590590
29,2063,310504,280086,590590
30,2063,310504,280086,590590
31,2063,310504,280086,590590
32,2063,310504,280086,590590
33,2063,310504,280086,590590
34,2063,310504,280086,590590
35,2063,310504,280086,590590
36,2063,310504,280086,590590
37,2063,310568,280086,590654
38,2063,310568,280086,590654
39,2063,310568,280086,590654
40,2063,310568,280086,590654
41,2063,310949,280086,591035
42,2063,310949,280086,591035
43,2063,310949,280086,591035
44,2063,311212,280770,591982
45,2063,311212,280770,591982
46,2063,311402,280718,592120
47,2063,311402,280718,592120
48,2063,311402,280718,592120
49,2063,311402,280718,592120
50,2063,311402,280718,592120
51,2063,311402,280757,592159
52,2063,311402,280757,592159
53,2063,311402,280757,592159
54,2063,311402,280757,592159
55,2063,311402,280757,592159
56,2063,311402,280757,592159
57,2063,311402,280757,592159
58,2063,311402,280757,592159
59,2063,311402,280757,592159
60,2063,311402,280757,592159
61,2063,311402,280757,592159
62,2063,311402,280757,592159
63,2063,311500,280757,592257
64,2063,311363,280826,592189
65,2063,311724,280826,592550
66,2063,311611,280757,592368
67,2063,311478,280757,592235
68,2063,311136,280282,591418
69,2063,311224,280386,591610
70,2063,311089,280359,591448
71,2063,311023,280782,591805
72,2063,311415,280757,592172
73,2063,310475,280113,590588
74,2063,310475,280113,590588
75,2063,310475,280113,590588
76,2063,310475,280113,590588
77,2063,310475,280113,590588
78,2063,312080,301426,613506
79,2063,311717,300216,611933
80,2063,312078,301550,613628
81,2063,312097,305369,617466
82,2063,312097,305369,617466
83,2063,312097,305369,617466
84,2063,312097,305369,617466
85,2063,312097,305369,617466
86,2063,312097,305369,617466
87,2063,312097,305369,617466
88,2063,312097,305369,617466
89,2063,312097,305369,617466
90,2063,312097,305369,617466
91,2063,312097,305369,617466
92,2063,312097,305369,617466
93,2063,312097,305369,617466
94,2063,312097,305369,617466
95,2063,312097,305369,617466
96,2063,312097,305369,617466
97,2063,312097,305369,617466
98,2063,312097,305369,617466
99,2063,312097,305369,617466
100,2063,312097,305369,617466
0,2063,289659,274603,564262
1,2063,289659,274603,564262
2,2063,289665,274603,564268
3,2063,290131,274992,565123
4,2063,290075,275018,565093
5,2063,290517,275453,565970
6,2063,291142,275727,566869
7,2063,291129,275727,566856
8,2063,291983,276029,568012
9,2063,291141,275810,566951
10,2063,291146,275616,566762
11,2063,292016,276074,568090
12,2063,292897,276138,569035
13,2063,294262,276019,570281
14,2063,294683,275572,570255
15,2063,297679,275397,573076
16,2063,295993,275946,571939
17,2063,298812,276626,575438
18,2063,303893,278118,582011
19,2063,307392,280296,587688
20,2063,308113,280287,588400
21,2063,310267,280533,590800
22,2063,310619,280734,591353
23,2063,310685,280734,591419
24,2063,310685,280734,591419
25,2063,310685,280734,591419
26,2063,310685,280734,591419
27,2063,310685,280734,591419
28,2063,310685,280734,591419
29,2063,310685,280734,591419
30,2063,310685,280734,591419
31,2063,310685,280734,591419
32,2063,310685,280734,591419
33,2063,310685,280734,591419
34,2063,310685,280734,591419
35,2063,310685,280734,591419
36,2063,310685,280734,591419
37,2063,310706,280734,591440
38,2063,310706,280734,591440
39,2063,310706,280734,591440
40,2063,310706,280734,591440
41,2063,311060,280758,591818
42,2063,311060,280758,591818
43,2063,311060,280758,591818
44,2063,310515,280639,591154
45,2063,310515,280639,591154
46,2063,310557,280639,591196
47,2063,310557,280639,591196
48,2063,310557,280639,591196
49,2063,310557,280639,591196
50,2063,310557,280639,591196
51,2063,310557,280639,591196
52,2063,310557,280639,591196
53,2063,310557,280639,591196
54,2063,310557,280639,591196
55,2063,310557,280639,591196
56,2063,310557,280639,591196
57,2063,310557,280639,591196
58,2063,310557,280639,591196
59,2063,310557,280639,591196
60,2063,310557,280639,591196
61,2063,310557,280639,591196
62,2063,310557,280639,591196
63,2063,310910,280639,591549
64,2063,310761,280639,591400
65,2063,311033,280639,591672
66,2063,311135,280672,591807
67,2063,310932,280639,591571
68,2063,311116,280771,591887
69,2063,311041,280703,591744
70,2063,310992,280666,591658
71,2063,310516,280639,591155
72,2063,310473,280639,591112
73,2063,311008,280697,591705
74,2063,311008,280697,591705
75,2063,311008,280697,591705
76,2063,311008,280697,591705
77,2063,311008,280697,591705
78,2063,314470,302480,616950
79,2063,314144,302411,616555
80,2063,314352,302829,617181
81,2063,316242,304224,620466
82,2063,316242,304224,620466
83,2063,316242,304224,620466
84,2063,316242,304224,620466
85,2063,316242,304224,620466
86,2063,316242,304224,620466
87,2063,316242,304224,620466
88,2063,316242,304224,620466
89,2063,316242,304224,620466
90,2063,316242,304224,620466
91,2063,316242,304224,620466
92,2063,316242,304224,620466
93,2063,316242,304224,620466
94,2063,316242,304224,620466
95,2063,316242,304224,620466
96,2063,316242,304224,620466
97,2063,316242,304224,620466
98,2063,316242,304224,620466
99,2063,316242,304224,620466
100,2063,316242,304224,620466
0,2063,289139,272661,561800
1,2063,289139,272661,561800
2,2063,289140,272661,561801
3,2063,289119,272764,561883
4,2063,289360,272455,561815
5,2063,290329,273837,564166
6,2063,290582,275044,565626
7,2063,290513,275001,565514
8,2063,291822,275327,567149
9,2063,292040,275205,567245
10,2063,290765,275121,565886
11,2063,291646,275629,567275
12,2063,292463,275852,568315
13,2063,293960,275907,569867
14,2063,294086,274870,568956
15,2063,297101,275906,573007
16,2063,295988,275549,571537
17,2063,299178,275915,575093
18,2063,303074,277430,580504
19,2063,305532,280384,585916
20,2063,307797,280492,588289
21,2063,309263,280395,589658
22,2063,309846,280601,590447
23,2063,310066,280601,590667
24,2063,310068,280601,590669
25,2063,310068,280601,590669
26,2063,310068,280601,590669
27,2063,310068,280601,590669
28,2063,310068,280601,590669
29,2063,310068,280601,590669
30,2063,310068,280601,590669
31,2063,310068,280601,590669
32,2063,310068,280601,590669
33,2063,310068,280601,590669
34,2063,310068,280601,590669
35,2063,310068,280601,590669
36,2063,310068,280601,590669
37,2063,310106,280601,590707
38,2063,310106,280601,590707
39,2063,310106,280601,590707
40,2063,310106,280601,590707
41,2063,310504,280601,591105
42,2063,310504,280601,591105
43,2063,310504,280601,591105
44,2063,310371,280615,590986
45,2063,310371,280615,590986
46,2063,310431,280601,591032
47,2063,310431,280601,591032
48,2063,310431,280601,591032
49,2063,310431,280601,591032
50,2063,310431,280601,591032
51,2063,310431,280601,591032
52,2063,310431,280601,591032
53,2063,310431,280601,591032
54,2063,310431,280601,591032
55,2063,310431,280601,591032
56,2063,310431,280601,591032
57,2063,310431,280601,591032
58,2063,310431,280601,591032
59,2063,310431,280601,591032
60,2063,310425,280601,591026
61,2063,310396,280601,590997
62,2063,310384,280601,590985
63,2063,310452,280601,591053
64,2063,310622,280615,591237
65,2063,310565,280615,591180
66,2063,310466,280601,591067
67,2063,310560,280601,591161
68,2063,310503,280601,591104
69,2063,310459,280601,591060
70,2063,310415,280601,591016
71,2063,310321,280601,590922
72,2063,310394,280611,591005
73,2063,310297,280601,590898
74,2063,310297,280601,590898
75,2063,310297,280601,590898
76,2063,310297,280601,590898
77,2063,310297,280601,590898
78,2063,316765,303090,619855
79,2063,316576,303067,619643
80,2063,316701,303735,620436
81,2063,316971,305349,622320
82,2063,316971,305349,622320
83,2063,316971,305349,622320
84,2063,316971,305349,622320
85,2063,316971,305349,622320
86,2063,316971,305349,622320
87,2063,316971,305349,622320
88,2063,316971,305349,622320
89,2063,316971,305349,622320
90,2063,316971,305349,622320
91,2063,316971,305349,622320
92,2063,316971,305349,622320
93,2063,316971,305349,622320
94,2063,316971,305349,622320
95,2063,316971,305349,622320
96,2063,316971,305349,622320
97,2063,316971,305349,622320
98,2063,316971,305349,622320
99,2063,316971,305349,622320
100,2063,316971,305349,622320
0,2063,290394,273022,563416
1,2063,290394,272960,563354
2,2063,290359,272960,563319
3,2063,290259,272886,563145
4,2063,290454,272808,563262
5,2063,291611,274441,566052
6,2063,290844,274238,565082
7,2063,290993,274439,565432
8,2063,292558,275788,568346
9,2063,292683,276220,568903
10,2063,290916,274282,565198
11,2063,292270,275799,568069
12,2063,292527,276121,568648
13,2063,293904,275836,569740
14,2063,293814,275619,569433
15,2063,296491,275550,572041
16,2063,296013,275404,571417
17,2063,300549,276014,576563
18,2063,303703,277256,580959
19,2063,304886,279668,584554
20,2063,307763,280642,588405
21,2063,308577,280432,589009
22,2063,309209,280601,589810
23,2063,309657,280601,590258
24,2063,309658,280601,590259
25,2063,309658,280601,590259
26,2063,309658,280601,590259
27,2063,309658,280601,590259
28,2063,309658,280601,590259
29,2063,309658,280601,590259
30,2063,309658,280601,590259
31,2063,309658,280601,590259
32,2063,309658,280601,590259
33,2063,309658,280601,590259
34,2063,309658,280601,590259
35,2063,309658,280601,590259
36,2063,309658,280601,590259
37,2063,309666,280681,590347
38,2063,309666,280681,590347
39,2063,309666,280681,590347
40,2063,309666,280681,590347
41,2063,310400,280705,591105
42,2063,310400,280705,591105
43,2063,310400,280705,591105
44,2063,310418,280719,591137
45,2063,310418,280719,591137
46,2063,310454,280719,591173
47,2063,310454,280719,591173
48,2063,310454,280719,591173
49,2063,310454,280719,591173
50,2063,310454,280719,591173
51,2063,310454,280719,591173
52,2063,310454,280719,591173
53,2063,310454,280719,591173
54,2063,310454,280719,591173
55,2063,310454,280719,591173
56,2063,310454,280719,591173
57,2063,310454,280719,591173
58,2063,310454,280719,591173
59,2063,310454,280719,591173
60,2063,310454,280719,591173
61,2063,310425,280719,591144
62,2063,310355,280719,591074
63,2063,310557,280719,591276
64,2063,310622,280709,591331
65,2063,310657,280709,591366
66,2063,310551,280719,591270
67,2063,310578,280709,591287
68,2063,310595,280719,591314
69,2063,310527,280719,591246
70,2063,310501,280719,591220
71,2063,310167,280719,590886
72,2063,310365,280719,591084
73,2063,310097,280705,590802
74,2063,310097,280705,590802
75,2063,310097,280705,590802
76,2063,310097,280705,590802
77,2063,310097,280705,590802
78,2063,316031,304649,620680
79,2063,316015,304523,620538
80,2063,316491,304884,621375
81,2063,317021,307179,624200
82,2063,317021,307179,624200
83,2063,317021,307179,624200
84,2063,317021,307179,624200
85,2063,317021,307179,624200
86,2063,317021,307179,624200
87,2063,317021,307179,624200
88,2063,317021,307179,624200
89,2063,317021,307179,624200
90,2063,317021,307179,624200
91,2063,317021,307179,624200
92,2063,317021,307179,624200
93,2063,317021,307179,624200
94,2063,317021,307179,624200
95,2063,317021,307179,624200
96,2063,317021,307179,624200
97,2063,317021,307179,624200
98,2063,317021,307179,624200
99,2063,317021,307179,624200
100,2063,317021,307179,624200
0,2063,291389,273588,564977
1,2063,291361,273588,564949
2,2063,291342,273588,564930
3,2063,290486,273473,563959
4,2063,291427,273538,564965
5,2063,292690,275544,568234
6,2063,291841,274747,566588
7,2063,291918,275199,567117
8,2063,292254,275800,568054
9,2063,291248,275379,566627
10,2063,292120,274848,566968
11,2063,292386,276244,568630
12,2063,292471,275750,568221
13,2063,293842,275635,569477
14,2063,294684,275923,570607
15,2063,295202,274951,570153
16,2063,296309,275544,571853
17,2063,300680,275961,576641
18,2063,306176,277396,583572
19,2063,304844,279082,583926
20,2063,307760,280252,588012
21,2063,308575,280608,589183
22,2063,309265,280695,589960
23,2063,309759,280695,590454
24,2063,309761,280695,590456
25,2063,309761,280695,590456
26,2063,309761,280695,590456
27,2063,309761,280695,590456
28,2063,309761,280695,590456
29,2063,309761,280695,590456
30,2063,309761,280695,590456
31,2063,309761,280695,590456
32,2063,309761,280695,590456
33,2063,309761,280695,590456
34,2063,309761,280695,590456
35,2063,309761,280695,590456
36,2063,309761,280695,590456
37,2063,309760,280695,590455
38,2063,309760,280695,590455
39,2063,309760,280695,590455
40,2063,309760,280695,590455
41,2063,310532,280719,591251
42,2063,310532,280719,591251
43,2063,310532,280719,591251
44,2063,310612,280709,591321
45,2063,310612,280709,591321
46,2063,310612,280709,591321
47,2063,310612,280709,591321
48,2063,310612,280709,591321
49,2063,310612,280709,591321
50,2063,310612,280709,591321
51,2063,310612,280709,591321
52,2063,310612,280709,591321
53,2063,310612,280709,591321
54,2063,310612,280709,591321
55,2063,310612,280709,591321
56,2063,310612,280709,591321
57,2063,310612,280709,591321
58,2063,310612,280709,591321
59,2063,310612,280709,591321
60,2063,310612,280709,591321
61,2063,310583,280709,591292
62,2063,310342,280719,591061
63,2063,310663,280709,591372
64,2063,310791,280709,591500
65,2063,310817,280709,591526
66,2063,310711,280709,591420
67,2063,310719,280709,591428
68,2063,310627,280709,591336
69,2063,310569,280709,591278
70,2063,310553,280709,591262
71,2063,310114,280719,590833
72,2063,310402,280719,591121
73,2063,310099,280695,590794
74,2063,310099,280695,590794
75,2063,310099,280695,590794
76,2063,310099,280695,590794
77,2063,310099,280695,590794
78,2063,316416,306500,622916
79,2063,316414,306851,623265
80,2063,317112,306603,623715
81,2063,320548,305311,625859
82,2063,320548,305311,625859
83,2063,320548,305311,625859
84,2063,320548,305311,625859
85,2063,320548,305311,625859
86,2063,320548,305311,625859
87,2063,320548,305311,625859
88,2063,320548,305311,625859
89,2063,320548,305311,625859
90,2063,320548,305311,625859
91,2063,320548,305311,625859
92,2063,320548,305311,625859
93,2063,320548,305311,625859
94,2063,320548,305311,625859
95,2063,320548,305311,625859
96,2063,320548,305311,625859
97,2063,320548,305311,625859
98,2063,320548,305311,625859
99,2063,320548,305311,625859
100,2063,320548,305311,625859
0,2063,292751,275522,568273
1,2063,292768,275518,568286
2,2063,292769,275518,568287
3,2063,291789,274356,566145
4,2063,293025,274710,567735
5,2063,292813,276399,569212
6,2063,292765,276223,568988
7,2063,292672,276268,568940
8,2063,292330,276276,568606
9,2063,291393,275989,567382
10,2063,292673,276157,568830
11,2063,291584,275622,567206
12,2063,292581,275830,568411
13,2063,294134,275933,570067
14,2063,295041,276344,571385
15,2063,297727,275310,573037
16,2063,296109,275747,571856
17,2063,313874,275931,589805
18,2063,305144,277547,582691
19,2063,305947,279202,585149
20,2063,308539,280233,588772
21,2063,309150,280634,589784
22,2063,309340,280727,590067
23,2063,309735,280695,590430
24,2063,309736,280695,590431
25,2063,309736,280695,590431
26,2063,309736,280695,590431
27,2063,309736,280695,590431
28,2063,309736,280695,590431
29,2063,309736,280695,590431
30,2063,309736,280695,590431
31,2063,309736,280695,590431
32,2063,309736,280695,590431
33,2063,309736,280695,590431
34,2063,309736,280695,590431
35,2063,309736,280695,590431
36,2063,309736,280695,590431
37,2063,309736,280695,590431
38,2063,309736,280695,590431
39,2063,309736,280695,590431
40,2063,309736,280695,590431
41,2063,310615,280709,591324
42,2063,310615,280709,591324
43,2063,310615,280709,591324
44,2063,310580,280709,591289
45,2063,310580,280709,591289
46,2063,310589,280709,591298
47,2063,310589,280709,591298
48,2063,310589,280709,591298
49,2063,310589,280709,591298
50,2063,310589,280709,591298
51,2063,310589,280709,591298
52,2063,310589,280709,591298
53,2063,310589,280709,591298
54,2063,310589,280709,591298
55,2063,310589,280709,591298
56,2063,310589,280709,591298
57,2063,310589,280709,591298
58,2063,310589,280709,591298
59,2063,310589,280709,591298
60,2063,310589,280709,591298
61,2063,310560,280709,591269
62,2063,310362,280719,591081
63,2063,310688,280709,591397
64,2063,310777,280709,591486
65,2063,310815,280709,591524
66,2063,310706,280709,591415
67,2063,310743,280709,591452
68,2063,310757,280709,591466
69,2063,310692,280709,591401
70,2063,310676,280709,591385
71,2063,310183,280695,590878
72,2063,310549,280719,591268
73,2063,310133,280695,590828
74,2063,310133,280695,590828
75,2063,310133,280695,590828
76,2063,310133,280695,590828
77,2063,310133,280695,590828
78,2063,319143,305453,624596
79,2063,319327,305676,625003
80,2063,319274,305068,624342
81,2063,318978,306401,625379
82,2063,318978,306401,625379
83,2063,318978,306401,625379
84,2063,318978,306401,625379
85,2063,318978,306401,625379
86,2063,318978,306401,625379
87,2063,318978,306401,625379
88,2063,318978,306401,625379
89,2063,318978,306401,625379
90,2063,318978,306401,625379
91,2063,318978,306401,625379
92,2063,318978,306401,625379
93,2063,318978,306401,625379
94,2063,318978,306401,625379
95,2063,318978,306401,625379
96,2063,318978,306401,625379
97,2063,318978,306401,625379
98,2063,318978,306401,625379
99,2063,318978,306401,625379
100,2063,318978,306401,625379
0,2063,292327,275510,567837
1,2063,292327,275659,567986
2,2063,292320,275647,567967
3,2063,292875,275527,568402
4,2063,292828,275721,568549
5,2063,291154,274409,565563
6,2063,291431,275516,566947
7,2063,291405,275336,566741
8,2063,290990,275061,566051
9,2063,292128,275695,567823
10,2063,291559,275769,567328
11,2063,291377,275586,566963
12,2063,293155,276000,569155
13,2063,294189,275958,570147
14,2063,295769,275717,571486
15,2063,297153,275649,572802
16,2063,295944,275372,571316
17,2063,307331,276682,584013
18,2063,304499,277441,581940
19,2063,307335,279222,586557
20,2063,309367,280247,589614
21,2063,309425,280514,589939
22,2063,309452,280752,590204
23,2063,309762,280695,590457
24,2063,309764,280695,590459
25,2063,309764,280695,590459
26,2063,309764,280695,590459
27,2063,309764,280695,590459
28,2063,309764,280695,590459
29,2063,309764,280695,590459
30,2063,309764,280695,590459
31,2063,309764,280695,590459
32,2063,309764,280695,590459
33,2063,309764,280695,590459
34,2063,309764,280695,590459
35,2063,309764,280695,590459
36,2063,309764,280695,590459
37,2063,309738,280695,590433
38,2063,309738,280695,590433
39,2063,309738,280695,590433
40,2063,309738,280695,590433
41,2063,310581,280709,591290
42,2063,310581,280709,591290
43,2063,310581,280709,591290
44,2063,310522,280709,591231
45,2063,310522,280709,591231
46,2063,310522,280709,591231
47,2063,310522,280709,591231
48,2063,310522,280709,591231
49,2063,310522,280709,591231
50,2063,310522,280709,591231
51,2063,310522,280709,591231
52,2063,310522,280709,591231
53,2063,310522,280709,591231
54,2063,310522,280709,591231
55,2063,310522,280709,591231
56,2063,310522,280709,591231
57,2063,310522,280709,591231
58,2063,310522,280709,591231
59,2063,310522,280709,591231
60,2063,310522,280709,591231
61,2063,310493,280709,591202
62,2063,310500,280719,591219
63,2063,310622,280709,591331
64,2063,310711,280709,591420
65,2063,310854,280709,591563
66,2063,310736,280709,591445
67,2063,310677,280709,591386
68,2063,310743,280709,591452
69,2063,310668,280709,591377
70,2063,310642,280709,591351
71,2063,310117,280719,590836
72,2063,310404,280709,591113
73,2063,310176,280695,590871
74,2063,310176,280695,590871
75,2063,310176,280695,590871
76,2063,310176,280695,590871
77,2063,310176,280695,590871
78,2063,317218,306629,623847
79,2063,317604,306070,623674
80,2063,317715,306312,624027
81,2063,319435,304795,624230
82,2063,319435,304795,624230
83,2063,319435,304795,624230
84,2063,319435,304795,624230
85,2063,319435,304795,624230
86,2063,319435,304795,624230
87,2063,319435,304795,624230
88,2063,319435,304795,624230
89,2063,319435,304795,624230
90,2063,319435,304795,624230
91,2063,319435,304795,624230
92,2063,319435,304795,624230
93,2063,319435,304795,624230
94,2063,319435,304795,624230
95,2063,319435,304795,624230
96,2063,319435,304795,624230
97,2063,319435,304795,624230
98,2063,319435,304795,624230
99,2063,319435,304795,624230
100,2063,319435,304795,624230
0,2063,292237,275533,567770
1,2063,292258,275489,567747
2,2063,292255,275489,567744
3,2063,292520,275565,568085
4,2063,292646,275922,568568
5,2063,290941,274761,565702
6,2063,291650,275540,567190
7,2063,291571,275602,567173
8,2063,290150,274568,564718
9,2063,292443,275886,568329
10,2063,291915,275595,567510
11,2063,292561,275926,568487
12,2063,293011,276402,569413
13,2063,293947,275772,569719
14,2063,294479,275523,570002
15,2063,297722,275788,573510
16,2063,296132,275359,571491
17,2063,303346,276680,580026
18,2063,304374,277451,581825
19,2063,307952,279352,587304
20,2063,309700,280525,590225
21,2063,308980,280464,589444
22,2063,309470,280601,590071
23,2063,309775,280616,590391
24,2063,309777,280616,590393
25,2063,309777,280616,590393
26,2063,309777,280616,590393
27,2063,309777,280616,590393
28,2063,309777,280616,590393
29,2063,309777,280616,590393
30,2063,309777,280616,590393
31,2063,309777,280616,590393
32,2063,309777,280616,590393
33,2063,309777,280616,590393
34,2063,309777,280616,590393
35,2063,309777,280616,590393
36,2063,309777,280616,590393
37,2063,309777,280616,590393
38,2063,309777,280616,590393
39,2063,309777,280616,590393
40,2063,309777,280616,590393
41,2063,310522,280709,591231
42,2063,310522,280709,591231
43,2063,310522,280709,591231
44,2063,310523,280709,591232
45,2063,310523,280709,591232
46,2063,310523,280709,591232
47,2063,310523,280709,591232
48,2063,310523,280709,591232
49,2063,310523,280709,591232
50,2063,310523,280709,591232
51,2063,310523,280709,591232
52,2063,310523,280709,591232
53,2063,310523,280709,591232
54,2063,310523,280709,591232
55,2063,310523,280709,591232
56,2063,310523,280709,591232
57,2063,310523,280709,591232
58,2063,310523,280709,591232
59,2063,310523,280709,591232
60,2063,310523,280709,591232
61,2063,310494,280709,591203
62,2063,310481,280709,591190
63,2063,310622,280709,591331
64,2063,310711,280709,591420
65,2063,310728,280709,591437
66,2063,310677,280709,591386
67,2063,310677,280709,591386
68,2063,310677,280709,591386
69,2063,310602,280709,591311
70,2063,310576,280709,591285
71,2063,310117,280695,590812
72,2063,310481,280719,591200
73,2063,310143,280719,590862
74,2063,310143,280719,590862
75,2063,310143,280719,590862
76,2063,310143,280719,590862
77,2063,310143,280719,590862
78,2063,319280,304872,624152
79,2063,317218,306403,623621
80,2063,318885,305538,624423
81,2063,315816,304901,620717
82,2063,315816,304901,620717
83,2063,315816,304901,620717
84,2063,315816,304901,620717
85,2063,315816,304901,620717
86,2063,315816,304901,620717
87,2063,315816,304901,620717
88,2063,315816,304901,620717
89,2063,315816,304901,620717
90,2063,315816,304901,620717
91,2063,315816,304901,620717
92,2063,315816,304901,620717
93,2063,315816,304901,620717
94,2063,315816,304901,620717
95,2063,315816,304901,620717
96,2063,315816,304901,620717
97,2063,315816,304901,620717
98,2063,315816,304901,620717
99,2063,315816,304901,620717
100,2063,315816,304901,620717
0,2063,292050,274642,566692
1,2063,291992,274566,566558
2,2063,292049,274566,566615
3,2063,292288,275393,567681
4,2063,292350,275433,567783
5,2063,291665,275418,567083
6,2063,292616,275683,568299
7,2063,292591,275714,568305
8,2063,289388,272724,562112
9,2063,292120,275796,567916
10,2063,292494,275697,568191
11,2063,292571,276455,569026
12,2063,292461,275605,568066
13,2063,293891,275625,569516
14,2063,294576,275565,570141
15,2063,296947,275357,572304
16,2063,296197,275623,571820
17,2063,302139,276579,578718
18,2063,304368,277408,581776
19,2063,309074,279536,588610
20,2063,308796,280425,589221
21,2063,308818,280514,589332
22,2063,309431,280601,590032
23,2063,309749,280616,590365
24,2063,309751,280616,590367
25,2063,309751,280616,590367
26,2063,309751,280616,590367
27,2063,309751,280616,590367
28,2063,309751,280616,590367
29,2063,309751,280616,590367
30,2063,309751,280616,590367
31,2063,309751,280616,590367
32,2063,309751,280616,590367
33,2063,309751,280616,590367
34,2063,309751,280616,590367
35,2063,309751,280616,590367
36,2063,309751,280616,590367
37,2063,309751,280616,590367
38,2063,309751,280616,590367
39,2063,309751,280616,590367
40,2063,309751,280616,590367
41,2063,310523,280709,591232
42,2063,310523,280709,591232
43,2063,310523,280709,591232
44,2063,310523,280709,591232
45,2063,310523,280709,591232
46,2063,310523,280709,591232
47,2063,310523,280709,591232
48,2063,310523,280709,591232
49,2063,310523,280709,591232
50,2063,310523,280709,591232
51,2063,310523,280709,591232
52,2063,310523,280709,591232
53,2063,310523,280709,591232
54,2063,310523,280709,591232
55,2063,310523,280709,591232
56,2063,310523,280709,591232
57,2063,310523,280709,591232
58,2063,310523,280709,591232
59,2063,310523,280709,591232
60,2063,310523,280709,591232
61,2063,310502,280709,591211
62,2063,310533,280709,591242
63,2063,310629,280709,591338
64,2063,310711,280709,591420
65,2063,310748,280709,591457
66,2063,310677,280709,591386
67,2063,310677,280709,591386
68,2063,310677,280709,591386
69,2063,310602,280709,591311
70,2063,310576,280709,591285
71,2063,310117,280695,590812
72,2063,310465,280709,591174
73,2063,310117,280719,590836
74,2063,310117,280719,590836
75,2063,310117,280719,590836
76,2063,310117,280719,590836
77,2063,310117,280719,590836
78,2063,317018,305496,622514
79,2063,319763,304916,624679
80,2063,316558,305659,622217
81,2063,315093,304229,619322
82,2063,315093,304229,619322
83,2063,315093,304229,619322
84,2063,315093,304229,619322
85,2063,315093,304229,619322
86,2063,315093,304229,619322
87,2063,315093,304229,619322
88,2063,315093,304229,619322
89,2063,315093,304229,619322
90,2063,315093,304229,619322
91,2063,315093,304229,619322
92,2063,315093,304229,619322
93,2063,315093,304229,619322
94,2063,315093,304229,619322
95,2063,315093,304229,619322
96,2063,315093,304229,619322
97,2063,315093,304229,619322
98,2063,315093,304229,619322
99,2063,315093,304229,619322
100,2063,315093,304229,619322
0,2063,292467,275809,568276
1,2063,292460,275777,568237
2,2063,292457,275777,568234
3,2063,292245,275154,567399
4,2063,292274,275644,567918
5,2063,292620,276606,569226
6,2063,292731,276392,569123
7,2063,292547,276434,568981
8,2063,290424,273014,563438
9,2063,292125,275680,567805
10,2063,292649,276206,568855
11,2063,291627,275325,566952
12,2063,292214,276093,568307
13,2063,294275,275933,570208
14,2063,294898,275677,570575
15,2063,296696,275498,572194
16,2063,296083,275608,571691
17,2063,302392,276114,578506
18,2063,304800,277408,582208
19,2063,308341,280112,588453
20,2063,308246,280444,588690
21,2063,308721,280514,589235
22,2063,309400,280616,590016
23,2063,309775,280616,590391
24,2063,309777,280616,590393
25,2063,309777,280616,590393
26,2063,309777,280616,590393
27,2063,309777,280616,590393
28,2063,309777,280616,590393
29,2063,309777,280616,590393
30,2063,309777,280616,590393
31,2063,309777,280616,590393
32,2063,309777,280616,590393
33,2063,309777,280616,590393
34,2063,309777,280616,590393
35,2063,309777,280616,590393
36,2063,309777,280616,590393
37,2063,309751,280616,590367
38,2063,309751,280616,590367
39,2063,309751,280616,590367
40,2063,309751,280616,590367
41,2063,310523,280709,591232
42,2063,310523,280709,591232
43,2063,310523,280709,591232
44,2063,310523,280709,591232
45,2063,310523,280709,591232
46,2063,310523,280709,591232
47,2063,310523,280709,591232
48,2063,310523,280709,591232
49,2063,310523,280709,591232
50,2063,310523,280709,591232
51,2063,310523,280709,591232
52,2063,310523,280709,591232
53,2063,310523,280709,591232
54,2063,310523,280709,591232
55,2063,310523,280709,591232
56,2063,310523,280709,591232
57,2063,310523,280709,591232
58,2063,310523,280709,591232
59,2063,310523,280709,591232
60,2063,310523,280709,591232
61,2063,310502,280709,591211
62,2063,310490,280709,591199
63,2063,310629,280709,591338
64,2063,310711,280709,591420
65,2063,310728,280709,591437
66,2063,310677,280709,591386
67,2063,310677,280709,591386
68,2063,310677,280709,591386
69,2063,310609,280709,591318
70,2063,310583,280709,591292
71,2063,310117,280695,590812
72,2063,310465,280709,591174
73,2063,310117,280695,590812
74,2063,310117,280695,590812
75,2063,310117,280695,590812
76,2063,310117,280695,590812
77,2063,310117,280695,590812
78,2063,315589,306728,622317
79,2063,317850,304290,622140
80,2063,315286,304700,619986
81,2063,313486,303270,616756
82,2063,313486,303270,616756
83,2063,313486,303270,616756
84,2063,313486,303270,616756
85,2063,313486,303270,616756
86,2063,313486,303270,616756
87,2063,313486,303270,616756
88,2063,313486,303270,616756
89,2063,313486,303270,616756
90,2063,313486,303270,616756
91,2063,313486,303270,616756
92,2063,313486,303270,616756
93,2063,313486,303270,616756
94,2063,313486,303270,616756
95,2063,313486,303270,616756
96,2063,313486,303270,616756
97,2063,313486,303270,616756
98,2063,313486,303270,616756
99,2063,313486,303270,616756
100,2063,313486,303270,616756
0,2063,292071,275839,567910
1,2063,292089,275900,567989
2,2063,292086,275900,567986
3,2063,292381,275949,568330
4,2063,292447,276194,568641
5,2063,291076,274117,565193
6,2063,291032,274854,565886
7,2063,290997,274886,565883
8,2063,291455,273560,565015
9,2063,292220,275875,568095
10,2063,291207,275214,566421
11,2063,291288,275553,566841
12,2063,293021,276358,569379
13,2063,294152,276089,570241
14,2063,295132,275773,570905
15,2063,295672,275405,571077
16,2063,296009,275276,571285
17,2063,303498,276207,579705
18,2063,304580,277399,581979
19,2063,307593,280366,587959
20,2063,308648,280447,589095
21,2063,309185,280529,589714
22,2063,309411,280647,590058
23,2063,309775,280616,590391
24,2063,309777,280624,590401
25,2063,309777,280624,590401
26,2063,309777,280624,590401
27,2063,309777,280624,590401
28,2063,309777,280624,590401
29,2063,309777,280624,590401
30,2063,309777,280624,590401
31,2063,309777,280624,590401
32,2063,309777,280624,590401
33,2063,309777,280624,590401
34,2063,309777,280624,590401
35,2063,309777,280624,590401
36,2063,309777,280624,590401
37,2063,309777,280616,590393
38,2063,309777,280616,590393
39,2063,309777,280616,590393
40,2063,309777,280616,590393
41,2063,310523,280709,591232
42,2063,310523,280709,591232
43,2063,310523,280709,591232
44,2063,310523,280709,591232
45,2063,310523,280709,591232
46,2063,310523,280709,591232
47,2063,310523,280709,591232
48,2063,310523,280709,591232
49,2063,310523,280709,591232
50,2063,310523,280709,591232
51,2063,310523,280709,591232
52,2063,310523,280709,591232
53,2063,310523,280709,591232
54,2063,310523,280709,591232
55,2063,310523,280709,591232
56,2063,310523,280709,591232
57,2063,310523,280709,591232
58,2063,310523,280709,591232
59,2063,310523,280709,591232
60,2063,310523,280709,591232
61,2063,310502,280709,591211
62,2063,310482,280709,591191
63,2063,310622,280709,591331
64,2063,310711,280709,591420
65,2063,310776,280709,591485
66,2063,310677,280709,591386
67,2063,310677,280709,591386
68,2063,310677,280709,591386
69,2063,310609,280709,591318
70,2063,310583,280709,591292
71,2063,310117,280695,590812
72,2063,310465,280709,591174
73,2063,310117,280695,590812
74,2063,310117,280695,590812
75,2063,310117,280695,590812
76,2063,310117,280695,590812
77,2063,310117,280695,590812
78,2063,319253,303696,622949
79,2063,314882,303302,618184
80,2063,314483,304209,618692
81,2063,313400,302807,616207
82,2063,313400,302807,616207
83,2063,313400,302807,616207
84,2063,313400,302807,616207
85,2063,313400,302807,616207
86,2063,313400,302807,616207
87,2063,313400,302807,616207
88,2063,313400,302807,616207
89,2063,313400,302807,616207
90,2063,313400,302807,616207
91,2063,313400,302807,616207
92,2063,313400,302807,616207
93,2063,313400,302807,616207
94,2063,313400,302807,616207
95,2063,313400,302807,616207
96,2063,313400,302807,616207
97,2063,313400,302807,616207
98,2063,313400,302807,616207
99,2063,313400,302807,616207
100,2063,313400,302807,616207
0,2063,291929,276118,568047
1,2063,292050,276184,568234
2,2063,292024,276184,568208
3,2063,292099,275673,567772
4,2063,291120,275219,566339
5,2063,290898,274381,565279
6,2063,290201,274869,565070
7,2063,289966,274416,564382
8,2063,293136,274868,568004
9,2063,292151,275983,568134
10,2063,291191,275417,566608
11,2063,292570,276264,568834
12,2063,292503,275712,568215
13,2063,293667,275662,569329
14,2063,296166,275731,571897
15,2063,295497,275115,570612
16,2063,296079,275458,571537
17,2063,303229,276582,579811
18,2063,304477,277399,581876
19,2063,306568,280199,586767
20,2063,308456,280490,588946
21,2063,309412,280464,589876
22,2063,309419,280647,590066
23,2063,309775,280624,590399
24,2063,309777,280624,590401
25,2063,309777,280624,590401
26,2063,309777,280624,590401
27,2063,309777,280624,590401
28,2063,309777,280624,590401
29,2063,309777,280624,590401
30,2063,309777,280624,590401
31,2063,309777,280624,590401
32,2063,309777,280624,590401
33,2063,309777,280624,590401
34,2063,309777,280624,590401
35,2063,309777,280624,590401
36,2063,309777,280624,590401
37,2063,309777,280624,590401
38,2063,309777,280624,590401
39,2063,309777,280624,590401
40,2063,309777,280624,590401
41,2063,310523,280709,591232
42,2063,310523,280709,591232
43,2063,310523,280709,591232
44,2063,310523,280709,591232
45,2063,310523,280709,591232
46,2063,310523,280709,591232
47,2063,310523,280709,591232
48,2063,310523,280709,591232
49,2063,310523,280709,591232
50,2063,310523,280709,591232
51,2063,310523,280709,591232
52,2063,310523,280709,591232
53,2063,310523,280709,591232
54,2063,310523,280709,591232
55,2063,310523,280709,591232
56,2063,310523,280709,591232
57,2063,310523,280709,591232
58,2063,310523,280709,591232
59,2063,310523,280709,591232
60,2063,310523,280709,591232
61,2063,310502,280709,591211
62,2063,310542,280709,591251
63,2063,310622,280709,591331
64,2063,310711,280709,591420
65,2063,310776,280709,591485
66,2063,310677,280709,591386
67,2063,310677,280709,591386
68,2063,310677,280709,591386
69,2063,310609,280709,591318
70,2063,310583,280709,591292
71,2063,310117,280695,590812
72,2063,310465,280709,591174
73,2063,310117,280695,590812
74,2063,310117,280695,590812
75,2063,310117,280695,590812
76,2063,310117,280695,590812
77,2063,310117,280695,590812
78,2063,315391,302409,617800
79,2063,313281,301886,615167
80,2063,313582,303403,616985
81,2063,313300,302781,616081
82,2063,313300,302781,616081
83,2063,313300,302781,616081
84,2063,313300,302781,616081
85,2063,313300,302781,616081
86,2063,313300,302781,616081
87,2063,313300,302781,616081
88,2063,313300,302781,616081
89,2063,313300,302781,616081
90,2063,313300,302781,616081
91,2063,313300,302781,616081
92,2063,313300,302781,616081
93,2063,313300,302781,616081
94,2063,313300,302781,616081
95,2063,313300,302781,616081
96,2063,313300,302781,616081
97,2063,313300,302781,616081
98,2063,313300,302781,616081
99,2063,313300,302781,616081
100,2063,313300,302781,616081
0,2063,290678,274865,565543
1,2063,290646,274600,565246
2,2063,290646,274600,565246
3,2063,292028,275935,567963
4,2063,290806,274931,565737
5,2063,291693,275335,567028
6,2063,289512,272972,562484
7,2063,289426,272773,562199
8,2063,292970,275895,568865
9,2063,292042,275514,567556
10,2063,292198,275741,567939
11,2063,291715,275941,567656
12,2063,292280,275815,568095
13,2063,293958,275737,569695
14,2063,295390,275951,571341
15,2063,295576,275625,571201
16,2063,296316,275830,572146
17,2063,302965,276281,579246
18,2063,304630,277408,582038
19,2063,305272,279385,584657
20,2063,308843,280475,589318
21,2063,308966,280464,589430
22,2063,309419,280616,590035
23,2063,309775,280616,590391
24,2063,309777,280616,590393
25,2063,309777,280616,590393
26,2063,309777,280616,590393
27,2063,309777,280616,590393
28,2063,309777,280616,590393
29,2063,309777,280616,590393
30,2063,309777,280616,590393
31,2063,309777,280616,590393
32,2063,309777,280616,590393
33,2063,309777,280616,590393
34,2063,309777,280616,590393
35,2063,309777,280616,590393
36,2063,309777,280616,590393
37,2063,309777,280616,590393
38,2063,309777,280616,590393
39,2063,309777,280616,590393
40,2063,309777,280616,590393
41,2063,310523,280709,591232
42,2063,310523,280709,591232
43,2063,310523,280709,591232
44,2063,310523,280709,591232
45,2063,310523,280709,591232
46,2063,310523,280709,591232
47,2063,310523,280709,591232
48,2063,310523,280709,591232
49,2063,310523,280709,591232
50,2063,310523,280709,591232
51,2063,310523,280709,591232
52,2063,310523,280709,591232
53,2063,310523,280709,591232
54,2063,310523,280709,591232
55,2063,310523,280709,591232
56,2063,310523,280709,591232
57,2063,310523,280709,591232
58,2063,310523,280709,591232
59,2063,310523,280709,591232
60,2063,310523,280709,591232
61,2063,310502,280709,591211
62,2063,310490,280709,591199
63,2063,310629,280709,591338
64,2063,310711,280709,591420
65,2063,310776,280709,591485
66,2063,310677,280709,591386
67,2063,310677,280709,591386
68,2063,310677,280709,591386
69,2063,310609,280709,591318
70,2063,310583,280709,591292
71,2063,310117,280695,590812
72,2063,310465,280709,591174
73,2063,310117,280695,590812
74,2063,310117,280695,590812
75,2063,310117,280695,590812
76,2063,310117,280695,590812
77,2063,310117,280695,590812
78,2063,314163,302133,616296
79,2063,313574,301568,615142
80,2063,313325,302887,616212
81,2063,314143,304623,618766
82,2063,314143,304623,618766
83,2063,314143,304623,618766
84,2063,314143,304623,618766
85,2063,314143,304623,618766
86,2063,314143,304623,618766
87,2063,314143,304623,618766
88,2063,314143,304623,618766
89,2063,314143,304623,618766
90,2063,314143,304623,618766
91,2063,314143,304623,618766
92,2063,314143,304623,618766
93,2063,314143,304623,618766
94,2063,314143,304623,618766
95,2063,314143,304623,618766
96,2063,314143,304623,618766
97,2063,314143,304623,618766
98,2063,314143,304623,618766
99,2063,314143,304623,618766
100,2063,314143,304623,618766
0,2063,289630,273527,563157
1,2063,289084,272978,562062
2,2063,289096,272978,562074
3,2063,291944,275546,567490
4,2063,290744,274239,564983
5,2063,292628,276596,569224
6,2063,290215,273130,563345
7,2063,290379,273170,563549
8,2063,292789,275868,568657
9,2063,292007,275599,567606
10,2063,292516,276305,568821
11,2063,291831,275642,567473
12,2063,293193,276213,569406
13,2063,294133,275848,569981
14,2063,294756,275557,570313
15,2063,295875,275849,571724
16,2063,296104,275804,571908
17,2063,302976,276373,579349
18,2063,304434,277399,581833
19,2063,305026,279291,584317
20,2063,308802,280475,589277
21,2063,308820,280514,589334
22,2063,309407,280616,590023
23,2063,309775,280624,590399
24,2063,309777,280624,590401
25,2063,309777,280624,590401
26,2063,309777,280624,590401
27,2063,309777,280624,590401
28,2063,309777,280624,590401
29,2063,309777,280624,590401
30,2063,309777,280624,590401
31,2063,309777,280624,590401
32,2063,309777,280624,590401
33,2063,309777,280624,590401
34,2063,309777,280624,590401
35,2063,309777,280624,590401
36,2063,309777,280624,590401
37,2063,309777,280616,590393
38,2063,309777,280616,590393
39,2063,309777,280616,590393
40,2063,309777,280616,590393
41,2063,310523,280709,591232
42,2063,310523,280709,591232
43,2063,310523,280709,591232
44,2063,310523,280709,591232
45,2063,310523,280709,591232
46,2063,310523,280709,591232
47,2063,310523,280709,591232
48,2063,310523,280709,591232
49,2063,310523,280709,591232
50,2063,310523,280709,591232
51,2063,310523,280709,591232
52,2063,310523,280709,591232
53,2063,310523,280709,591232
54,2063,310523,280709,591232
55,2063,310523,280709,591232
56,2063,310523,280709,591232
57,2063,310523,280709,591232
58,2063,310523,280709,591232
59,2063,310523,280709,591232
60,2063,310523,280709,591232
61,2063,310502,280709,591211
62,2063,310482,280709,591191
63,2063,310629,280709,591338
64,2063,310711,280709,591420
65,2063,310776,280709,591485
66,2063,310677,280709,591386
67,2063,310677,280709,591386
68,2063,310677,280709,591386
69,2063,310609,280709,591318
70,2063,310583,280709,591292
71,2063,310117,280695,590812
72,2063,310465,280709,591174
73,2063,310117,280695,590812
74,2063,310117,280695,590812
75,2063,310117,280695,590812
76,2063,310117,280695,590812
77,2063,310117,280695,590812
78,2063,312824,302255,615079
79,2063,312361,301855,614216
80,2063,313545,304204,617749
81,2063,315175,307024,622199
82,2063,315175,307024,622199
83,2063,315175,307024,622199
84,2063,315175,307024,622199
85,2063,315175,307024,622199
86,2063,315175,307024,622199
87,2063,315175,307024,622199
88,2063,315175,307024,622199
89,2063,315175,307024,622199
90,2063,315175,307024,622199
91,2063,315175,307024,622199
92,2063,315175,307024,622199
93,2063,315175,307024,622199
94,2063,315175,307024,622199
95,2063,315175,307024,622199
96,2063,315175,307024,622199
97,2063,315175,307024,622199
98,2063,315175,307024,622199
99,2063,315175,307024,622199
100,2063,315175,307024,622199
0,2063,289931,272729,562660
1,2063,289934,272911,562845
2,2063,289982,272952,562934
3,2063,292195,275576,567771
4,2063,291187,274432,565619
5,2063,291032,274005,565037
6,2063,290574,273727,564301
7,2063,291554,273847,565401
8,2063,292191,275275,567466
9,2063,292300,275900,568200
10,2063,291218,275119,566337
11,2063,292350,275661,568011
12,2063,292533,276111,568644
13,2063,294243,276045,570288
14,2063,294509,275322,569831
15,2063,295696,275954,571650
16,2063,295745,275365,571110
17,2063,302787,276624,579411
18,2063,304700,277408,582108
19,2063,305830,279172,585002
20,2063,308798,280475,589273
21,2063,308721,280514,589235
22,2063,309400,280616,590016
23,2063,309775,280624,590399
24,2063,309777,280624,590401
25,2063,309777,280624,590401
26,2063,309777,280624,590401
27,2063,309777,280624,590401
28,2063,309777,280624,590401
29,2063,309777,280624,590401
30,2063,309777,280624,590401
31,2063,309777,280624,590401
32,2063,309777,280624,590401
33,2063,309777,280624,590401
34,2063,309777,280624,590401
35,2063,309777,280624,590401
36,2063,309777,280624,590401
37,2063,309777,280624,590401
38,2063,309777,280624,590401
39,2063,309777,280624,590401
40,2063,309777,280624,590401
41,2063,310523,280709,591232
42,2063,310523,280709,591232
43,2063,310523,280709,591232
44,2063,310523,280709,591232
45,2063,310523,280709,591232
46,2063,310523,280709,591232
47,2063,310523,280709,591232
48,2063,310523,280709,591232
49,2063,310523,280709,591232
50,2063,310523,280709,591232
51,2063,310523,280709,591232
52,2063,310523,280709,591232
53,2063,310523,280709,591232
54,2063,310523,280709,591232
55,2063,310523,280709,591232
56,2063,310523,280709,591232
57,2063,310523,280709,591232
58,2063,310523,280709,591232
59,2063,310523,280709,591232
60,2063,310523,280709,591232
61,2063,310502,280709,591211
62,2063,310542,280709,591251
63,2063,310622,280709,591331
64,2063,310711,280709,591420
65,2063,310776,280709,591485
66,2063,310677,280709,591386
67,2063,310677,280709,591386
68,2063,310677,280709,591386
69,2063,310609,280709,591318
70,2063,310583,280709,591292
71,2063,310117,280695,590812
72,2063,310465,280709,591174
73,2063,310117,280695,590812
74,2063,310117,280695,590812
75,2063,310117,280695,590812
76,2063,310117,280695,590812
77,2063,310117,280695,590812
78,2063,314312,303031,617343
79,2063,314087,303226,617313
80,2063,313783,305497,619280
81,2063,319234,305827,625061
82,2063,319234,305827,625061
83,2063,319234,305827,625061
84,2063,319234,305827,625061
85,2063,319234,305827,625061
86,2063,319234,305827,625061
87,2063,319234,305827,625061
88,2063,319234,305827,625061
89,2063,319234,305827,625061
90,2063,319234,305827,625061
91,2063,319234,305827,625061
92,2063,319234,305827,625061
93,2063,319234,305827,625061
94,2063,319234,305827,625061
95,2063,319234,305827,625061
96,2063,319234,305827,625061
97,2063,319234,305827,625061
98,2063,319234,305827,625061
99,2063,319234,305827,625061
100,2063,319234,305827,625061
0,2063,290389,273324,563713
1,2063,290357,273423,563780
2,2063,290327,273499,563826
3,2063,292216,275829,568045
4,2063,292652,275969,568621
5,2063,290429,274160,564589
6,2063,291995,274742,566737
7,2063,293131,275594,568725
8,2063,292310,275603,567913
9,2063,292239,275895,568134
10,2063,291305,275231,566536
11,2063,292658,276470,569128
12,2063,291894,275712,567606
13,2063,293818,275668,569486
14,2063,294959,275664,570623
15,2063,295329,275541,570870
16,2063,296065,275365,571430
17,2063,302452,276309,578761
18,2063,304434,277399,581833
19,2063,307640,279219,586859
20,2063,308797,280475,589272
21,2063,309191,280529,589720
22,2063,309411,280647,590058
23,2063,309775,280624,590399
24,2063,309777,280624,590401
25,2063,309777,280624,590401
26,2063,309777,280624,590401
27,2063,309777,280624,590401
28,2063,309777,280624,590401
29,2063,309777,280624,590401
30,2063,309777,280624,590401
31,2063,309777,280624,590401
32,2063,309777,280624,590401
33,2063,309777,280624,590401
34,2063,309777,280624,590401
35,2063,309777,280624,590401
36,2063,309777,280624,590401
37,2063,309777,280624,590401
38,2063,309777,280624,590401
39,2063,309777,280624,590401
40,2063,309777,280624,590401
41,2063,310523,280709,591232
42,2063,310523,280709,591232
43,2063,310523,280709,591232
44,2063,310523,280709,591232
45,2063,310523,280709,591232
46,2063,310523,280709,591232
47,2063,310523,280709,591232
48,2063,310523,280709,591232
49,2063,310523,280709,591232
50,2063,310523,280709,591232
51,2063,310523,280709,591232
52,2063,310523,280709,591232
53,2063,310523,280709,591232
54,2063,310523,280709,591232
55,2063,310523,280709,591232
56,2063,310523,280709,591232
57,2063,310523,280709,591232
58,2063,310523,280709,591232
59,2063,310523,280709,591232
60,2063,310523,280709,591232
61,2063,310502,280709,591211
62,2063,310490,280709,591199
63,2063,310622,280709,591331
64,2063,310711,280709,591420
65,2063,310776,280709,591485
66,2063,310677,280709,591386
67,2063,310677,280709,591386
68,2063,310677,280709,591386
69,2063,310609,280709,591318
70,2063,310583,280709,591292
71,2063,310117,280695,590812
72,2063,310465,280709,591174
73,2063,310117,280695,590812
74,2063,310117,280695,590812
75,2063,310117,280695,590812
76,2063,310117,280695,590812
77,2063,310117,280695,590812
78,2063,314565,303350,617915
79,2063,315463,303836,619299
80,2063,315597,307591,623188
81,2063,318475,306338,624813
82,2063,318475,306338,624813
83,2063,318475,306338,624813
84,2063,318475,306338,624813
85,2063,318475,306338,624813
86,2063,318475,306338,624813
87,2063,318475,306338,624813
88,2063,318475,306338,624813
89,2063,318475,306338,624813
90,2063,318475,306338,624813
91,2063,318475,306338,624813
92,2063,318475,306338,624813
93,2063,318475,306338,624813
94,2063,318475,306338,624813
95,2063,318475,306338,624813
96,2063,318475,306338,624813
97,2063,318475,306338,624813
98,2063,318475,306338,624813
99,2063,318475,306338,624813
100,2063,318475,306338,624813
0,2063,291577,274118,565695
1,2063,291704,274059,565763
2,2063,291728,274070,565798
3,2063,292172,275866,568038
4,2063,292520,275795,568315
5,2063,290894,274103,564997
6,2063,293029,275653,568682
7,2063,293002,275585,568587
8,2063,292514,276161,568675
9,2063,292060,275434,567494
10,2063,292373,275869,568242
11,2063,291521,275321,566842
12,2063,292700,275905,568605
13,2063,293942,275538,569480
14,2063,295205,275997,571202
15,2063,296250,275426,571676
16,2063,296330,275907,572237
17,2063,302651,276235,578886
18,2063,304622,277408,582030
19,2063,308470,279310,587780
20,2063,308804,280475,589279
21,2063,309404,280464,589868
22,2063,309411,280647,590058
23,2063,309775,280624,590399
24,2063,309777,280624,590401
25,2063,309777,280624,590401
26,2063,309777,280624,590401
27,2063,309777,280624,590401
28,2063,309777,280624,590401
29,2063,309777,280624,590401
30,2063,309777,280624,590401
31,2063,309777,280624,590401
32,2063,309777,280624,590401
33,2063,309777,280624,590401
34,2063,309777,280624,590401
35,2063,309777,280624,590401
36,2063,309777,280624,590401
37,2063,309777,280624,590401
38,2063,309777,280624,590401
39,2063,309777,280624,590401
40,2063,309777,280624,590401
41,2063,310523,280709,591232
42,2063,310523,280709,591232
43,2063,310523,280709,591232
44,2063,310523,280709,591232
45,2063,310523,280709,591232
46,2063,310523,280709,591232
47,2063,310523,280709,591232
48,2063,310523,280709,591232
49,2063,310523,280709,591232
50,2063,310523,280709,591232
51,2063,310523,280709,591232
52,2063,310523,280709,591232
53,2063,310523,280709,591232
54,2063,310523,280709,591232
55,2063,310523,280709,591232
56,2063,310523,280709,591232
57,2063,310523,280709,591232
58,2063,310523,280709,591232
59,2063,310523,280709,591232
60,2063,310523,280709,591232
61,2063,310502,280709,591211
62,2063,310482,280709,591191
63,2063,310629,280709,591338
64,2063,310711,280709,591420
65,2063,310776,280709,591485
66,2063,310677,280709,591386
67,2063,310677,280709,591386
68,2063,310677,280709,591386
69,2063,310609,280709,591318
70,2063,310583,280709,591292
71,2063,310117,280695,590812
72,2063,310465,280709,591174
73,2063,310117,280695,590812
74,2063,310117,280695,590812
75,2063,310117,280695,590812
76,2063,310117,280695,590812
77,2063,310117,280695,590812
78,2063,314748,304905,619653
79,2063,315681,305040,620721
80,2063,320100,305595,625695
81,2063,319150,304796,623946
82,2063,319150,304796,623946
83,2063,319150,304796,623946
84,2063,319150,304796,623946
85,2063,319150,304796,623946
86,2063,319150,304796,623946
87,2063,319150,304796,623946
88,2063,319150,304796,623946
89,2063,319150,304796,623946
90,2063,319150,304796,623946
91,2063,319150,304796,623946
92,2063,319150,304796,623946
93,2063,319150,304796,623946
94,2063,319150,304796,623946
95,2063,319150,304796,623946
96,2063,319150,304796,623946
97,2063,319150,304796,623946
98,2063,319150,304796,623946
99,2063,319150,304796,623946
100,2063,319150,304796,623946
0,2063,292691,275252,567943
1,2063,292737,275408,568145
2,2063,292737,275396,568133
3,2063,291909,275660,567569
4,2063,292434,275675,568109
5,2063,292224,276129,568353
6,2063,292989,275830,568819
7,2063,292884,275778,568662
8,2063,291224,275620,566844
9,2063,291990,275557,567547
10,2063,292433,276415,568848
11,2063,291391,275660,567051
12,2063,293221,276798,570019
13,2063,294261,275802,570063
14,2063,297791,275834,573625
15,2063,295951,275686,571637
16,2063,296030,275683,571713
17,2063,302367,276387,578754
18,2063,304434,277399,581833
19,2063,309346,279536,588882
20,2063,308804,280475,589279
21,2063,308966,280464,589430
22,2063,309411,280616,590027
23,2063,309775,280624,590399
24,2063,309777,280624,590401
25,2063,309777,280624,590401
26,2063,309777,280624,590401
27,2063,309777,280624,590401
28,2063,309777,280624,590401
29,2063,309777,280624,590401
30,2063,309777,280624,590401
31,2063,309777,280624,590401
32,2063,309777,280624,590401
33,2063,309777,280624,590401
34,2063,309777,280624,590401
35,2063,309777,280624,590401
36,2063,309777,280624,590401
37,2063,309777,280624,590401
38,2063,309777,280624,590401
39,2063,309777,280624,590401
40,2063,309777,280624,590401
41,2063,310523,280709,591232
42,2063,310523,280709,591232
43,2063,310523,280709,591232
44,2063,310523,280709,591232
45,2063,310523,280709,591232
46,2063,310523,280709,591232
47,2063,310523,280709,591232
48,2063,310523,280709,591232
49,2063,310523,280709,591232
50,2063,310523,280709,591232
51,2063,310523,280709,591232
52,2063,310523,280709,591232
53,2063,310523,280709,591232
54,2063,310523,280709,591232
55,2063,310523,280709,591232
56,2063,310523,280709,591232
57,2063,310523,280709,591232
58,2063,310523,280709,591232
59,2063,310523,280709,591232
60,2063,310523,280709,591232
61,2063,310502,280709,591211
62,2063,310542,280709,591251
63,2063,310629,280709,591338
64,2063,310711,280709,591420
65,2063,310776,280709,591485
66,2063,310677,280709,591386
67,2063,310677,280709,591386
68,2063,310677,280709,591386
69,2063,310609,280709,591318
70,2063,310583,280709,591292
71,2063,310117,280695,590812
72,2063,310465,280709,591174
73,2063,310117,280695,590812
74,2063,310117,280695,590812
75,2063,310117,280695,590812
76,2063,310117,280695,590812
77,2063,310117,280695,590812
78,2063,315901,306651,622552
79,2063,316557,307162,623719
80,2063,319112,306085,625197
81,2063,317302,305907,623209
82,2063,317302,305907,623209
83,2063,317302,305907,623209
84,2063,317302,305907,623209
85,2063,317302,305907,623209
86,2063,317302,305907,623209
87,2063,317302,305907,623209
88,2063,317302,305907,623209
89,2063,317302,305907,623209
90,2063,317302,305907,623209
91,2063,317302,305907,623209
92,2063,317302,305907,623209
93,2063,317302,305907,623209
94,2063,317302,305907,623209
95,2063,317302,305907,623209
96,2063,317302,305907,623209
97,2063,317302,305907,623209
98,2063,317302,305907,623209
99,2063,317302,305907,623209
100,2063,317302,305907,623209
0,2064,292160,275407,567567
1,2064,292160,275407,567567
2,2064,292156,275407,567563
3,2064,292317,275433,567750
4,2064,292459,275435,567894
5,2064,292604,275460,568064
6,2064,292715,275538,568253
7,2064,292699,275529,568228
8,2064,292688,275503,568191
9,2064,292689,275485,568174
10,2064,292704,275551,568255
11,2064,292828,275972,568800
12,2064,293342,276256,569598
13,2064,293719,276375,570094
14,2064,293758,276281,570039
15,2064,293823,276272,570095
16,2064,294123,276355,570478
17,2064,294561,276410,570971
18,2064,295789,276733,572522
19,2064,296731,278188,574919
20,2064,296795,278225,575020
21,2064,296833,278284,575117
22,2064,296862,278532,575394
23,2064,296890,278545,575435
24,2064,296890,278545,575435
25,2064,296890,278545,575435
26,2064,296890,278545,575435
27,2064,296890,278545,575435
28,2064,296890,278545,575435
29,2064,296890,278545,575435
30,2064,296890,278545,575435
31,2064,296890,278545,575435
32,2064,296890,278545,575435
33,2064,296890,278545,575435
34,2064,296890,278545,575435
35,2064,296890,278545,575435
36,2064,296890,278545,575435
37,2064,296890,278545,575435
38,2064,296890,278545,575435
39,2064,296890,278545,575435
40,2064,296890,278545,575435
41,2064,296890,278545,575435
42,2064,296890,278545,575435
43,2064,296890,278545,575435
44,2064,296890,278545,575435
45,2064,296890,278545,575435
46,2064,296881,278545,575426
47,2064,296873,278545,575418
48,2064,296873,278545,575418
49,2064,296873,278545,575418
50,2064,296873,278545,575418
51,2064,296873,278595,575468
52,2064,296873,278595,575468
53,2064,296873,278595,575468
54,2064,296873,278595,575468
55,2064,296873,278595,575468
56,2064,296873,278595,575468
57,2064,296873,278595,575468
58,2064,296873,278595,575468
59,2064,296873,278595,575468
60,2064,296873,278595,575468
61,2064,296873,278595,575468
62,2064,296873,278595,575468
63,2064,296873,278595,575468
64,2064,296825,278595,575420
65,2064,296825,278595,575420
66,2064,296738,278595,575333
67,2064,296738,278595,575333
68,2064,296472,278595,575067
69,2064,296377,278595,574972
70,2064,296237,278595,574832
71,2064,295800,278595,574395
72,2064,295800,278595,574395
73,2064,295461,278595,574056
74,2064,295423,278595,574018
75,2064,295423,278595,574018
76,2064,295423,278595,574018
77,2064,295423,278595,574018
78,2064,295423,279554,574977
79,2064,295423,279363,574786
80,2064,295423,279614,575037
81,2064,295423,279743,575166
82,2064,295423,279743,575166
83,2064,295423,279743,575166
84,2064,295423,279743,575166
85,2064,295423,279743,575166
86,2064,295423,279743,575166
87,2064,295423,279743,575166
88,2064,295423,279743,575166
89,2064,295423,279743,575166
90,2064,295423,279743,575166
91,2064,295423,279743,575166
92,2064,295423,279743,575166
93,2064,295423,279743,575166
94,2064,295423,279743,575166
95,2064,295423,279743,575166
96,2064,295423,279743,575166
97,2064,295423,279743,575166
98,2064,295423,279743,575166
99,2064,295423,279743,575166
100,2064,295423,279743,575166
0,2064,292266,275259,567525
1,2064,292266,275259,567525
2,2064,292259,275259,567518
3,2064,292436,275274,567710
4,2064,292615,275193,567808
5,2064,292741,275299,568040
6,2064,292868,275406,568274
7,2064,292842,275390,568232
8,2064,292820,275364,568184
9,2064,292815,275344,568159
10,2064,292810,275474,568284
11,2064,292862,275699,568561
12,2064,293184,275754,568938
13,2064,293704,275708,569412
14,2064,293937,275800,569737
15,2064,294124,275792,569916
16,2064,294466,275859,570325
17,2064,295672,275850,571522
18,2064,297964,276497,574461
19,2064,298821,278322,577143
20,2064,299958,278491,578449
21,2064,300126,278538,578664
22,2064,300128,279006,579134
23,2064,300136,279020,579156
24,2064,300136,279020,579156
25,2064,300136,279020,579156
26,2064,300136,279020,579156
27,2064,300136,279020,579156
28,2064,300136,279020,579156
29,2064,300136,279020,579156
30,2064,300136,279020,579156
31,2064,300136,279020,579156
32,2064,300136,279020,579156
33,2064,300136,279020,579156
34,2064,300136,279020,579156
35,2064,300136,279020,579156
36,2064,300136,279020,579156
37,2064,300136,279020,579156
38,2064,300136,279020,579156
39,2064,300136,279020,579156
40,2064,300136,279020,579156
41,2064,300136,279020,579156
42,2064,300136,279020,579156
43,2064,300136,279020,579156
44,2064,300538,279020,579558
45,2064,300538,279020,579558
46,2064,300536,279020,579556
47,2064,300528,279020,579548
48,2064,300528,279020,579548
49,2064,300528,279020,579548
50,2064,300528,279020,579548
51,2064,300528,279059,579587
52,2064,300528,279059,579587
53,2064,300528,279059,579587
54,2064,300528,279059,579587
55,2064,300528,279059,579587
56,2064,300528,279059,579587
57,2064,300528,279059,579587
58,2064,300528,279059,579587
59,2064,300528,279059,579587
60,2064,300528,279059,579587
61,2064,300528,279059,579587
62,2064,300528,279059,579587
63,2064,300528,279059,579587
64,2064,300557,279059,579616
65,2064,300557,279059,579616
66,2064,300066,279059,579125
67,2064,300008,279059,579067
68,2064,299613,279059,578672
69,2064,299663,279059,578722
70,2064,299415,279037,578452
71,2064,298888,279037,577925
72,2064,298782,279037,577819
73,2064,298283,278963,577246
74,2064,298238,278963,577201
75,2064,298238,278963,577201
76,2064,298238,278963,577201
77,2064,298238,278963,577201
78,2064,298344,280269,578613
79,2064,298259,280078,578337
80,2064,298344,280826,579170
81,2064,298338,280568,578906
82,2064,298338,280568,578906
83,2064,298338,280568,578906
84,2064,298338,280568,578906
85,2064,298338,280568,578906
86,2064,298338,280568,578906
87,2064,298338,280568,578906
88,2064,298338,280568,578906
89,2064,298338,280568,578906
90,2064,298338,280568,578906
91,2064,298338,280568,578906
92,2064,298338,280568,578906
93,2064,298338,280568,578906
94,2064,298338,280568,578906
95,2064,298338,280568,578906
96,2064,298338,280568,578906
97,2064,298338,280568,578906
98,2064,298338,280568,578906
99,2064,298338,280568,578906
100,2064,298338,280568,578906
0,2064,292274,275413,567687
1,2064,292274,275413,567687
2,2064,292266,275413,567679
3,2064,292417,275347,567764
4,2064,292716,275394,568110
5,2064,292856,275450,568306
6,2064,292910,275526,568436
7,2064,292866,275510,568376
8,2064,292838,275471,568309
9,2064,292865,275477,568342
10,2064,292819,275561,568380
11,2064,292909,275804,568713
12,2064,293366,276259,569625
13,2064,294527,276216,570743
14,2064,294776,276418,571194
15,2064,295034,276413,571447
16,2064,296135,276482,572617
17,2064,297419,276524,573943
18,2064,299982,276890,576872
19,2064,300697,278092,578789
20,2064,300794,278561,579355
21,2064,301474,278636,580110
22,2064,301310,278941,580251
23,2064,301326,278955,580281
24,2064,301326,278955,580281
25,2064,301326,278955,580281
26,2064,301326,278955,580281
27,2064,301326,278955,580281
28,2064,301326,278955,580281
29,2064,301326,278955,580281
30,2064,301326,278955,580281
31,2064,301326,278955,580281
32,2064,301326,278955,580281
33,2064,301326,278955,580281
34,2064,301326,278955,580281
35,2064,301326,278955,580281
36,2064,301326,278955,580281
37,2064,301326,278955,580281
38,2064,301326,278955,580281
39,2064,301326,278955,580281
40,2064,301326,278955,580281
41,2064,301326,278955,580281
42,2064,301326,278955,580281
43,2064,301333,278955,580288
44,2064,303077,279111,582188
45,2064,303077,279111,582188
46,2064,302118,279111,581229
47,2064,302109,279111,581220
48,2064,302109,279111,581220
49,2064,302109,279111,581220
50,2064,302109,279111,581220
51,2064,302109,279149,581258
52,2064,302109,279149,581258
53,2064,302109,279149,581258
54,2064,302109,279149,581258
55,2064,302109,279149,581258
56,2064,302109,279149,581258
57,2064,302109,279149,581258
58,2064,302109,279149,581258
59,2064,302109,279149,581258
60,2064,302109,279149,581258
61,2064,302109,279149,581258
62,2064,302109,279149,581258
63,2064,302109,279149,581258
64,2064,303056,279149,582205
65,2064,303056,279149,582205
66,2064,301751,278994,580745
67,2064,301764,278926,580690
68,2064,301625,278926,580551
69,2064,301693,278926,580619
70,2064,301698,278926,580624
71,2064,302699,279051,581750
72,2064,302614,279051,581665
73,2064,301717,279129,580846
74,2064,301717,279129,580846
75,2064,301717,279129,580846
76,2064,301717,279129,580846
77,2064,301717,279129,580846
78,2064,301618,283834,585452
79,2064,301588,283520,585108
80,2064,301523,283856,585379
81,2064,301545,283856,585401
82,2064,301545,283856,585401
83,2064,301545,283856,585401
84,2064,301545,283856,585401
85,2064,301545,283856,585401
86,2064,301545,283856,585401
87,2064,301545,283856,585401
88,2064,301545,283856,585401
89,2064,301545,283856,585401
90,2064,301545,283856,585401
91,2064,301545,283856,585401
92,2064,301545,283856,585401
93,2064,301545,283856,585401
94,2064,301545,283856,585401
95,2064,301545,283856,585401
96,2064,301545,283856,585401
97,2064,301545,283856,585401
98,2064,301545,283856,585401
99,2064,301545,283856,585401
100,2064,301545,283856,585401
0,2064,292099,274901,567000
1,2064,292099,274901,567000
2,2064,292091,274901,566992
3,2064,292300,274901,567201
4,2064,292463,274931,567394
5,2064,292518,274983,567501
6,2064,292615,275035,567650
7,2064,292607,275057,567664
8,2064,292601,275043,567644
9,2064,292574,275024,567598
10,2064,292549,275055,567604
11,2064,292624,275339,567963
12,2064,293047,275490,568537
13,2064,294584,275590,570174
14,2064,295239,275679,570918
15,2064,297561,275661,573222
16,2064,296031,275360,571391
17,2064,298511,275281,573792
18,2064,300960,276311,577271
19,2064,318140,278178,596318
20,2064,318570,278704,597274
21,2064,307169,279147,586316
22,2064,306963,279195,586158
23,2064,307025,279209,586234
24,2064,307025,279209,586234
25,2064,307025,279209,586234
26,2064,307025,279209,586234
27,2064,307025,279209,586234
28,2064,307025,279209,586234
29,2064,307025,279209,586234
30,2064,307025,279209,586234
31,2064,307025,279209,586234
32,2064,307025,279209,586234
33,2064,307025,279209,586234
34,2064,307025,279209,586234
35,2064,307025,279209,586234
36,2064,307025,279209,586234
37,2064,307025,279209,586234
38,2064,307025,279209,586234
39,2064,307025,279209,586234
40,2064,307025,279209,586234
41,2064,307025,279209,586234
42,2064,307025,279209,586234
43,2064,307025,279209,586234
44,2064,309401,279433,588834
45,2064,309401,279433,588834
46,2064,308138,279364,587502
47,2064,308207,279364,587571
48,2064,308207,279364,587571
49,2064,308207,279364,587571
50,2064,308207,279364,587571
51,2064,308198,279402,587600
52,2064,308198,279402,587600
53,2064,308198,279402,587600
54,2064,308198,279402,587600
55,2064,308198,279402,587600
56,2064,308198,279402,587600
57,2064,308198,279402,587600
58,2064,308198,279402,587600
59,2064,308198,279402,587600
60,2064,308198,279402,587600
61,2064,308198,279402,587600
62,2064,308198,279402,587600
63,2064,308198,279402,587600
64,2064,309449,279472,588921
65,2064,309538,279472,589010
66,2064,307947,279400,587347
67,2064,308227,279400,587627
68,2064,307618,279138,586756
69,2064,307735,279232,586967
70,2064,307742,279123,586865
71,2064,309127,279187,588314
72,2064,308751,279129,587880
73,2064,307179,279129,586308
74,2064,307179,279129,586308
75,2064,307179,279129,586308
76,2064,307179,279129,586308
77,2064,307179,279129,586308
78,2064,306934,286413,593347
79,2064,306862,284996,591858
80,2064,306855,286432,593287
81,2064,306855,286432,593287
82,2064,306855,286432,593287
83,2064,306855,286432,593287
84,2064,306855,286432,593287
85,2064,306855,286432,593287
86,2064,306855,286432,593287
87,2064,306855,286432,593287
88,2064,306855,286432,593287
89,2064,306855,286432,593287
90,2064,306855,286432,593287
91,2064,306855,286432,593287
92,2064,306855,286432,593287
93,2064,306855,286432,593287
94,2064,306855,286432,593287
95,2064,306855,286432,593287
96,2064,306855,286432,593287
97,2064,306855,286432,593287
98,2064,306855,286432,593287
99,2064,306855,286432,593287
100,2064,306855,286432,593287
0,2064,292414,276267,568681
1,2064,292414,276267,568681
2,2064,292410,276267,568677
3,2064,292524,276267,568791
4,2064,292770,276374,569144
5,2064,292782,276405,569187
6,2064,292777,275836,568613
7,2064,292789,275833,568622
8,2064,292809,276105,568914
9,2064,292817,276218,569035
10,2064,292752,276008,568760
11,2064,292786,276013,568799
12,2064,292637,275836,568473
13,2064,294207,275567,569774
14,2064,297544,275452,572996
15,2064,296712,275491,572203
16,2064,295873,275344,571217
17,2064,298696,275638,574334
18,2064,308040,277244,585284
19,2064,310244,279250,589494
20,2064,310992,279343,590335
21,2064,309447,279369,588816
22,2064,309498,279517,589015
23,2064,309548,279517,589065
24,2064,309548,279517,589065
25,2064,309548,279517,589065
26,2064,309548,279517,589065
27,2064,309548,279517,589065
28,2064,309548,279517,589065
29,2064,309548,279517,589065
30,2064,309548,279517,589065
31,2064,309548,279517,589065
32,2064,309548,279517,589065
33,2064,309548,279517,589065
34,2064,309548,279517,589065
35,2064,309548,279517,589065
36,2064,309548,279517,589065
37,2064,309933,279517,589450
38,2064,309933,279517,589450
39,2064,309933,279517,589450
40,2064,309933,279517,589450
41,2064,309933,279517,589450
42,2064,309933,279517,589450
43,2064,309933,279517,589450
44,2064,311218,279445,590663
45,2064,311218,279445,590663
46,2064,311078,279485,590563
47,2064,311078,279485,590563
48,2064,311078,279485,590563
49,2064,311078,279485,590563
50,2064,311078,279485,590563
51,2064,311087,279523,590610
52,2064,311087,279523,590610
53,2064,311087,279523,590610
54,2064,311087,279523,590610
55,2064,311087,279523,590610
56,2064,311087,279523,590610
57,2064,311087,279523,590610
58,2064,311087,279523,590610
59,2064,311087,279523,590610
60,2064,311087,279523,590610
61,2064,311087,279523,590610
62,2064,311087,279523,590610
63,2064,311197,279523,590720
64,2064,311402,279483,590885
65,2064,311494,279483,590977
66,2064,311142,279522,590664
67,2064,311181,279522,590703
68,2064,310276,279498,589774
69,2064,310326,279498,589824
70,2064,310257,279585,589842
71,2064,310672,279598,590270
72,2064,310683,279572,590255
73,2064,309854,279579,589433
74,2064,309854,279579,589433
75,2064,309854,279579,589433
76,2064,309854,279579,589433
77,2064,309854,279579,589433
78,2064,309223,297053,606276
79,2064,309182,295170,604352
80,2064,309215,297002,606217
81,2064,309223,297359,606582
82,2064,309223,297359,606582
83,2064,309223,297359,606582
84,2064,309223,297359,606582
85,2064,309223,297359,606582
86,2064,309223,297359,606582
87,2064,309223,297359,606582
88,2064,309223,297359,606582
89,2064,309223,297359,606582
90,2064,309223,297359,606582
91,2064,309223,297359,606582
92,2064,309223,297359,606582
93,2064,309223,297359,606582
94,2064,309223,297359,606582
95,2064,309223,297359,606582
96,2064,309223,297359,606582
97,2064,309223,297359,606582
98,2064,309223,297359,606582
99,2064,309223,297359,606582
100,2064,309223,297359,606582
0,2064,290839,275033,565872
1,2064,290839,275033,565872
2,2064,290835,275033,565868
3,2064,290937,275233,566170
4,2064,291005,274937,565942
5,2064,291046,275155,566201
6,2064,292232,276240,568472
7,2064,292199,276233,568432
8,2064,291249,275661,566910
9,2064,291199,275601,566800
10,2064,292123,276191,568314
11,2064,292361,276048,568409
12,2064,293171,276060,569231
13,2064,294126,275531,569657
14,2064,296668,275937,572605
15,2064,295244,275388,570632
16,2064,296127,275713,571840
17,2064,298662,276231,574893
18,2064,305162,277907,583069
19,2064,309543,280666,590209
20,2064,310358,280573,590931
21,2064,310236,280007,590243
22,2064,310517,280086,590603
23,2064,310504,280086,590590
24,2064,310504,280086,590590
25,2064,310504,280086,590590
26,2064,310504,280086,590590
27,2064,310504,280086,590590
28,2064,310504,280086,590590
29,2064,310504,280086,590590
30,2064,310504,280086,590590
31,2064,310504,280086,590590
32,2064,310504,280086,590590
33,2064,310504,280086,590590
34,2064,310504,280086,590590
35,2064,310504,280086,590590
36,2064,310504,280086,590590
37,2064,310568,280086,590654
38,2064,310568,280086,590654
39,2064,310568,280086,590654
40,2064,310568,280086,590654
41,2064,310949,280086,591035
42,2064,310949,280086,591035
43,2064,310949,280086,591035
44,2064,311212,280770,591982
45,2064,311212,280770,591982
46,2064,311402,280718,592120
47,2064,311402,280718,592120
48,2064,311402,280718,592120
49,2064,311402,280718,592120
50,2064,311402,280718,592120
51,2064,311402,280757,592159
52,2064,311402,280757,592159
53,2064,311402,280757,592159
54,2064,311402,280757,592159
55,2064,311402,280757,592159
56,2064,311402,280757,592159
57,2064,311402,280757,592159
58,2064,311402,280757,592159
59,2064,311402,280757,592159
60,2064,311402,280757,592159
61,2064,311402,280757,592159
62,2064,311402,280757,592159
63,2064,311500,280757,592257
64,2064,311363,280826,592189
65,2064,311724,280826,592550
66,2064,311611,280757,592368
67,2064,311478,280757,592235
68,2064,311136,280282,591418
69,2064,311224,280386,591610
70,2064,311089,280359,591448
71,2064,311023,280782,591805
72,2064,311415,280757,592172
73,2064,310475,280113,590588
74,2064,310475,280113,590588
75,2064,310475,280113,590588
76,2064,310475,280113,590588
77,2064,310475,280113,590588
78,2064,312080,301426,613506
79,2064,311717,300216,611933
80,2064,312078,301550,613628
81,2064,312097,305369,617466
82,2064,312097,305369,617466
83,2064,312097,305369,617466
84,2064,312097,305369,617466
85,2064,312097,305369,617466
86,2064,312097,305369,617466
87,2064,312097,305369,617466
88,2064,312097,305369,617466
89,2064,312097,305369,617466
90,2064,312097,305369,617466
91,2064,312097,305369,617466
92,2064,312097,305369,617466
93,2064,312097,305369,617466
94,2064,312097,305369,617466
95,2064,312097,305369,617466
96,2064,312097,305369,617466
97,2064,312097,305369,617466
98,2064,312097,305369,617466
99,2064,312097,305369,617466
100,2064,312097,305369,617466
0,2064,289659,274603,564262
1,2064,289659,274603,564262
2,2064,289665,274603,564268
3,2064,290131,274992,565123
4,2064,290075,275018,565093
5,2064,290517,275453,565970
6,2064,291142,275727,566869
7,2064,291129,275727,566856
8,2064,291983,276029,568012
9,2064,291141,275810,566951
10,2064,291146,275616,566762
11,2064,292016,276074,568090
12,2064,292897,276138,569035
13,2064,294262,276019,570281
14,2064,294683,275572,570255
15,2064,297679,275397,573076
16,2064,295993,275946,571939
17,2064,298812,276626,575438
18,2064,303893,278118,582011
19,2064,307392,280296,587688
20,2064,308113,280287,588400
21,2064,310267,280533,590800
22,2064,310619,280734,591353
23,2064,310685,280734,591419
24,2064,310685,280734,591419
25,2064,310685,280734,591419
26,2064,310685,280734,591419
27,2064,310685,280734,591419
28,2064,310685,280734,591419
29,2064,310685,280734,591419
30,2064,310685,280734,591419
31,2064,310685,280734,591419
32,2064,310685,280734,591419
33,2064,310685,280734,591419
34,2064,310685,280734,591419
35,2064,310685,280734,591419
36,2064,310685,280734,591419
37,2064,310706,280734,591440
38,2064,310706,280734,591440
39,2064,310706,280734,591440
40,2064,310706,280734,591440
41,2064,311060,280758,591818
42,2064,311060,280758,591818
43,2064,311060,280758,591818
44,2064,310515,280639,591154
45,2064,310515,280639,591154
46,2064,310557,280639,591196
47,2064,310557,280639,591196
48,2064,310557,280639,591196
49,2064,310557,280639,591196
50,2064,310557,280639,591196
51,2064,310557,280639,591196
52,2064,310557,280639,591196
53,2064,310557,280639,591196
54,2064,310557,280639,591196
55,2064,310557,280639,591196
56,2064,310557,280639,591196
57,2064,310557,280639,591196
58,2064,310557,280639,591196
59,2064,310557,280639,591196
60,2064,310557,280639,591196
61,2064,310557,280639,591196
62,2064,310557,280639,591196
63,2064,310910,280639,591549
64,2064,310761,280639,591400
65,2064,311033,280639,591672
66,2064,311135,280672,591807
67,2064,310932,280639,591571
68,2064,311116,280771,591887
69,2064,311041,280703,591744
70,2064,310992,280666,591658
71,2064,310516,280639,591155
72,2064,310473,280639,591112
73,2064,311008,280697,591705
74,2064,311008,280697,591705
75,2064,311008,280697,591705
76,2064,311008,280697,591705
77,2064,311008,280697,591705
78,2064,314470,302480,616950
79,2064,314144,302411,616555
80,2064,314352,302829,617181
81,2064,316242,304224,620466
82,2064,316242,304224,620466
83,2064,316242,304224,620466
84,2064,316242,304224,620466
85,2064,316242,304224,620466
86,2064,316242,304224,620466
87,2064,316242,304224,620466
88,2064,316242,304224,620466
89,2064,316242,304224,620466
90,2064,316242,304224,620466
91,2064,316242,304224,620466
92,2064,316242,304224,620466
93,2064,316242,304224,620466
94,2064,316242,304224,620466
95,2064,316242,304224,620466
96,2064,316242,304224,620466
97,2064,316242,304224,620466
98,2064,316242,304224,620466
99,2064,316242,304224,620466
100,2064,316242,304224,620466
0,2064,289139,272661,561800
1,2064,289139,272661,561800
2,2064,289140,272661,561801
3,2064,289119,272764,561883
4,2064,289360,272455,561815
5,2064,290329,273837,564166
6,2064,290582,275044,565626
7,2064,290513,275001,565514
8,2064,291822,275327,567149
9,2064,292040,275205,567245
10,2064,290765,275121,565886
11,2064,291646,275629,567275
12,2064,292463,275852,568315
13,2064,293960,275907,569867
14,2064,294086,274870,568956
15,2064,297101,275906,573007
16,2064,295988,275549,571537
17,2064,299178,275915,575093
18,2064,303074,277430,580504
19,2064,305532,280384,585916
20,2064,307797,280492,588289
21,2064,309263,280395,589658
22,2064,309846,280601,590447
23,2064,310066,280601,590667
24,2064,310068,280601,590669
25,2064,310068,280601,590669
26,2064,310068,280601,590669
27,2064,310068,280601,590669
28,2064,310068,280601,590669
29,2064,310068,280601,590669
30,2064,310068,280601,590669
31,2064,310068,280601,590669
32,2064,310068,280601,590669
33,2064,310068,280601,590669
34,2064,310068,280601,590669
35,2064,310068,280601,590669
36,2064,310068,280601,590669
37,2064,310106,280601,590707
38,2064,310106,280601,590707
39,2064,310106,280601,590707
40,2064,310106,280601,590707
41,2064,310504,280601,591105
42,2064,310504,280601,591105
43,2064,310504,280601,591105
44,2064,310371,280615,590986
45,2064,310371,280615,590986
46,2064,310431,280601,591032
47,2064,310431,280601,591032
48,2064,310431,280601,591032
49,2064,310431,280601,591032
50,2064,310431,280601,591032
51,2064,310431,280601,591032
52,2064,310431,280601,591032
53,2064,310431,280601,591032
54,2064,310431,280601,591032
55,2064,310431,280601,591032
56,2064,310431,280601,591032
57,2064,310431,280601,591032
58,2064,310431,280601,591032
59,2064,310431,280601,591032
60,2064,310425,280601,591026
61,2064,310396,280601,590997
62,2064,310384,280601,590985
63,2064,310452,280601,591053
64,2064,310622,280615,591237
65,2064,310565,280615,591180
66,2064,310466,280601,591067
67,2064,310560,280601,591161
68,2064,310503,280601,591104
69,2064,310459,280601,591060
70,2064,310415,280601,591016
71,2064,310321,280601,590922
72,2064,310394,280611,591005
73,2064,310297,280601,590898
74,2064,310297,280601,590898
75,2064,310297,280601,590898
76,2064,310297,280601,590898
77,2064,310297,280601,590898
78,2064,316765,303090,619855
79,2064,316576,303067,619643
80,2064,316701,303735,620436
81,2064,316971,305349,622320
82,2064,316971,305349,622320
83,2064,316971,305349,622320
84,2064,316971,305349,622320
85,2064,316971,305349,622320
86,2064,316971,305349,622320
87,2064,316971,305349,622320
88,2064,316971,305349,622320
89,2064,316971,305349,622320
90,2064,316971,305349,622320
91,2064,316971,305349,622320
92,2064,316971,305349,622320
93,2064,316971,305349,622320
94,2064,316971,305349,622320
95,2064,316971,305349,622320
96,2064,316971,305349,622320
97,2064,316971,305349,622320
98,2064,316971,305349,622320
99,2064,316971,305349,622320
100,2064,316971,305349,622320
0,2064,290394,273022,563416
1,2064,290394,272960,563354
2,2064,290359,272960,563319
3,2064,290259,272886,563145
4,2064,290454,272808,563262
5,2064,291611,274441,566052
6,2064,290844,274238,565082
7,2064,290993,274439,565432
8,2064,292558,275788,568346
9,2064,292683,276220,568903
10,2064,290916,274282,565198
11,2064,292270,275799,568069
12,2064,292527,276121,568648
13,2064,293904,275836,569740
14,2064,293814,275619,569433
15,2064,296491,275550,572041
16,2064,296013,275404,571417
17,2064,300549,276014,576563
18,2064,303703,277256,580959
19,2064,304886,279668,584554
20,2064,307763,280642,588405
21,2064,308577,280432,589009
22,2064,309209,280601,589810
23,2064,309657,280601,590258
24,2064,309658,280601,590259
25,2064,309658,280601,590259
26,2064,309658,280601,590259
27,2064,309658,280601,590259
28,2064,309658,280601,590259
29,2064,309658,280601,590259
30,2064,309658,280601,590259
31,2064,309658,280601,590259
32,2064,309658,280601,590259
33,2064,309658,280601,590259
34,2064,309658,280601,590259
35,2064,309658,280601,590259
36,2064,309658,280601,590259
37,2064,309666,280681,590347
38,2064,309666,280681,590347
39,2064,309666,280681,590347
40,2064,309666,280681,590347
41,2064,310400,280705,591105
42,2064,310400,280705,591105
43,2064,310400,280705,591105
44,2064,310418,280719,591137
45,2064,310418,280719,591137
46,2064,310454,280719,591173
47,2064,310454,280719,591173
48,2064,310454,280719,591173
49,2064,310454,280719,591173
50,2064,310454,280719,591173
51,2064,310454,280719,591173
52,2064,310454,280719,591173
53,2064,310454,280719,591173
54,2064,310454,280719,591173
55,2064,310454,280719,591173
56,2064,310454,280719,591173
57,2064,310454,280719,591173
58,2064,310454,280719,591173
59,2064,310454,280719,591173
60,2064,310454,280719,591173
61,2064,310425,280719,591144
62,2064,310355,280719,591074
63,2064,310557,280719,591276
64,2064,310622,280709,591331
65,2064,310657,280709,591366
66,2064,310551,280719,591270
67,2064,310578,280709,591287
68,2064,310595,280719,591314
69,2064,310527,280719,591246
70,2064,310501,280719,591220
71,2064,310167,280719,590886
72,2064,310365,280719,591084
73,2064,310097,280705,590802
74,2064,310097,280705,590802
75,2064,310097,280705,590802
76,2064,310097,280705,590802
77,2064,310097,280705,590802
78,2064,316031,304649,620680
79,2064,316015,304523,620538
80,2064,316491,304884,621375
81,2064,317021,307179,624200
82,2064,317021,307179,624200
83,2064,317021,307179,624200
84,2064,317021,307179,624200
85,2064,317021,307179,624200
86,2064,317021,307179,624200
87,2064,317021,307179,624200
88,2064,317021,307179,624200
89,2064,317021,307179,624200
90,2064,317021,307179,624200
91,2064,317021,307179,624200
92,2064,317021,307179,624200
93,2064,317021,307179,624200
94,2064,317021,307179,624200
95,2064,317021,307179,624200
96,2064,317021,307179,624200
97,2064,317021,307179,624200
98,2064,317021,307179,624200
99,2064,317021,307179,624200
100,2064,317021,307179,624200
0,2064,291389,273588,564977
1,2064,291361,273588,564949
2,2064,291342,273588,564930
3,2064,290486,273473,563959
4,2064,291427,273538,564965
5,2064,292690,275544,568234
6,2064,291841,274747,566588
7,2064,291918,275199,567117
8,2064,292254,275800,568054
9,2064,291248,275379,566627
10,2064,292120,274848,566968
11,2064,292386,276244,568630
12,2064,292471,275750,568221
13,2064,293842,275635,569477
14,2064,294684,275923,570607
15,2064,295202,274951,570153
16,2064,296309,275544,571853
17,2064,300680,275961,576641
18,2064,306176,277396,583572
19,2064,304844,279082,583926
20,2064,307760,280252,588012
21,2064,308575,280608,589183
22,2064,309265,280695,589960
23,2064,309759,280695,590454
24,2064,309761,280695,590456
25,2064,309761,280695,590456
26,2064,309761,280695,590456
27,2064,309761,280695,590456
28,2064,309761,280695,590456
29,2064,309761,280695,590456
30,2064,309761,280695,590456
31,2064,309761,280695,590456
32,2064,309761,280695,590456
33,2064,309761,280695,590456
34,2064,309761,280695,590456
35,2064,309761,280695,590456
36,2064,309761,280695,590456
37,2064,309760,280695,590455
38,2064,309760,280695,590455
39,2064,309760,280695,590455
40,2064,309760,280695,590455
41,2064,310532,280719,591251
42,2064,310532,280719,591251
43,2064,310532,280719,591251
44,2064,310612,280709,591321
45,2064,310612,280709,591321
46,2064,310612,280709,591321
47,2064,310612,280709,591321
48,2064,310612,280709,591321
49,2064,310612,280709,591321
50,2064,310612,280709,591321
51,2064,310612,280709,591321
52,2064,310612,280709,591321
53,2064,310612,280709,591321
54,2064,310612,280709,591321
55,2064,310612,280709,591321
56,2064,310612,280709,591321
57,2064,310612,280709,591321
58,2064,310612,280709,591321
59,2064,310612,280709,591321
60,2064,310612,280709,591321
61,2064,310583,280709,591292
62,2064,310342,280719,591061
63,2064,310663,280709,591372
64,2064,310791,280709,591500
65,2064,310817,280709,591526
66,2064,310711,280709,591420
67,2064,310719,280709,591428
68,2064,310627,280709,591336
69,2064,310569,280709,591278
70,2064,310553,280709,591262
71,2064,310114,280719,590833
72,2064,310402,280719,591121
73,2064,310099,280695,590794
74,2064,310099,280695,590794
75,2064,310099,280695,590794
76,2064,310099,280695,590794
77,2064,310099,280695,590794
78,2064,316416,306500,622916
79,2064,316414,306851,623265
80,2064,317112,306603,623715
81,2064,320548,305311,625859
82,2064,320548,305311,625859
83,2064,320548,305311,625859
84,2064,320548,305311,625859
85,2064,320548,305311,625859
86,2064,320548,305311,625859
87,2064,320548,305311,625859
88,2064,320548,305311,625859
89,2064,320548,305311,625859
90,2064,320548,305311,625859
91,2064,320548,305311,625859
92,2064,320548,305311,625859
93,2064,320548,305311,625859
94,2064,320548,305311,625859
95,2064,320548,305311,625859
96,2064,320548,305311,625859
97,2064,320548,305311,625859
98,2064,320548,305311,625859
99,2064,320548,305311,625859
100,2064,320548,305311,625859
0,2064,292751,275522,568273
1,2064,292768,275518,568286
2,2064,292769,275518,568287
3,2064,291789,274356,566145
4,2064,293025,274710,567735
5,2064,292813,276399,569212
6,2064,292765,276223,568988
7,2064,292672,276268,568940
8,2064,292330,276276,568606
9,2064,291393,275989,567382
10,2064,292673,276157,568830
11,2064,291584,275622,567206
12,2064,292581,275830,568411
13,2064,294134,275933,570067
14,2064,295041,276344,571385
15,2064,297727,275310,573037
16,2064,296109,275747,571856
17,2064,313874,275931,589805
18,2064,305144,277547,582691
19,2064,305947,279202,585149
20,2064,308539,280233,588772
21,2064,309150,280634,589784
22,2064,309340,280727,590067
23,2064,309735,280695,590430
24,2064,309736,280695,590431
25,2064,309736,280695,590431
26,2064,309736,280695,590431
27,2064,309736,280695,590431
28,2064,309736,280695,590431
29,2064,309736,280695,590431
30,2064,309736,280695,590431
31,2064,309736,280695,590431
32,2064,309736,280695,590431
33,2064,309736,280695,590431
34,2064,309736,280695,590431
35,2064,309736,280695,590431
36,2064,309736,280695,590431
37,2064,309736,280695,590431
38,2064,309736,280695,590431
39,2064,309736,280695,590431
40,2064,309736,280695,590431
41,2064,310615,280709,591324
42,2064,310615,280709,591324
43,2064,310615,280709,591324
44,2064,310580,280709,591289
45,2064,310580,280709,591289
46,2064,310589,280709,591298
47,2064,310589,280709,591298
48,2064,310589,280709,591298
49,2064,310589,280709,591298
50,2064,310589,280709,591298
51,2064,310589,280709,591298
52,2064,310589,280709,591298
53,2064,310589,280709,591298
54,2064,310589,280709,591298
55,2064,310589,280709,591298
56,2064,310589,280709,591298
57,2064,310589,280709,591298
58,2064,310589,280709,591298
59,2064,310589,280709,591298
60,2064,310589,280709,591298
61,2064,310560,280709,591269
62,2064,310362,280719,591081
63,2064,310688,280709,591397
64,2064,310777,280709,591486
65,2064,310815,280709,591524
66,2064,310706,280709,591415
67,2064,310743,280709,591452
68,2064,310757,280709,591466
69,2064,310692,280709,591401
70,2064,310676,280709,591385
71,2064,310183,280695,590878
72,2064,310549,280719,591268
73,2064,310133,280695,590828
74,2064,310133,280695,590828
75,2064,310133,280695,590828
76,2064,310133,280695,590828
77,2064,310133,280695,590828
78,2064,319143,305453,624596
79,2064,319327,305676,625003
80,2064,319274,305068,624342
81,2064,318978,306401,625379
82,2064,318978,306401,625379
83,2064,318978,306401,625379
84,2064,318978,306401,625379
85,2064,318978,306401,625379
86,2064,318978,306401,625379
87,2064,318978,306401,625379
88,2064,318978,306401,625379
89,2064,318978,306401,625379
90,2064,318978,306401,625379
91,2064,318978,306401,625379
92,2064,318978,306401,625379
93,2064,318978,306401,625379
94,2064,318978,306401,625379
95,2064,318978,306401,625379
96,2064,318978,306401,625379
97,2064,318978,306401,625379
98,2064,318978,306401,625379
99,2064,318978,306401,625379
100,2064,318978,306401,625379
0,2064,292327,275510,567837
1,2064,292327,275659,567986
2,2064,292320,275647,567967
3,2064,292875,275527,568402
4,2064,292828,275721,568549
5,2064,291154,274409,565563
6,2064,291431,275516,566947
7,2064,291405,275336,566741
8,2064,290990,275061,566051
9,2064,292128,275695,567823
10,2064,291559,275769,567328
11,2064,291377,275586,566963
12,2064,293155,276000,569155
13,2064,294189,275958,570147
14,2064,295769,275717,571486
15,2064,297153,275649,572802
16,2064,295944,275372,571316
17,2064,307331,276682,584013
18,2064,304499,277441,581940
19,2064,307335,279222,586557
20,2064,309367,280247,589614
21,2064,309425,280514,589939
22,2064,309452,280752,590204
23,2064,309762,280695,590457
24,2064,309764,280695,590459
25,2064,309764,280695,590459
26,2064,309764,280695,590459
27,2064,309764,280695,590459
28,2064,309764,280695,590459
29,2064,309764,280695,590459
30,2064,309764,280695,590459
31,2064,309764,280695,590459
32,2064,309764,280695,590459
33,2064,309764,280695,590459
34,2064,309764,280695,590459
35,2064,309764,280695,590459
36,2064,309764,280695,590459
37,2064,309738,280695,590433
38,2064,309738,280695,590433
39,2064,309738,280695,590433
40,2064,309738,280695,590433
41,2064,310581,280709,591290
42,2064,310581,280709,591290
43,2064,310581,280709,591290
44,2064,310522,280709,591231
45,2064,310522,280709,591231
46,2064,310522,280709,591231
47,2064,310522,280709,591231
48,2064,310522,280709,591231
49,2064,310522,280709,591231
50,2064,310522,280709,591231
51,2064,310522,280709,591231
52,2064,310522,280709,591231
53,2064,310522,280709,591231
54,2064,310522,280709,591231
55,2064,310522,280709,591231
56,2064,310522,280709,591231
57,2064,310522,280709,591231
58,2064,310522,280709,591231
59,2064,310522,280709,591231
60,2064,310522,280709,591231
61,2064,310493,280709,591202
62,2064,310500,280719,591219
63,2064,310622,280709,591331
64,2064,310711,280709,591420
65,2064,310854,280709,591563
66,2064,310736,280709,591445
67,2064,310677,280709,591386
68,2064,310743,280709,591452
69,2064,310668,280709,591377
70,2064,310642,280709,591351
71,2064,310117,280719,590836
72,2064,310404,280709,591113
73,2064,310176,280695,590871
74,2064,310176,280695,590871
75,2064,310176,280695,590871
76,2064,310176,280695,590871
77,2064,310176,280695,590871
78,2064,317218,306629,623847
79,2064,317604,306070,623674
80,2064,317715,306312,624027
81,2064,319435,304795,624230
82,2064,319435,304795,624230
83,2064,319435,304795,624230
84,2064,319435,304795,624230
85,2064,319435,304795,624230
86,2064,319435,304795,624230
87,2064,319435,304795,624230
88,2064,319435,304795,624230
89,2064,319435,304795,624230
90,2064,319435,304795,624230
91,2064,319435,304795,624230
92,2064,319435,304795,624230
93,2064,319435,304795,624230
94,2064,319435,304795,624230
95,2064,319435,304795,624230
96,2064,319435,304795,624230
97,2064,319435,304795,624230
98,2064,319435,304795,624230
99,2064,319435,304795,624230
100,2064,319435,304795,624230
0,2064,292237,275533,567770
1,2064,292258,275489,567747
2,2064,292255,275489,567744
3,2064,292520,275565,568085
4,2064,292646,275922,568568
5,2064,290941,274761,565702
6,2064,291650,275540,567190
7,2064,291571,275602,567173
8,2064,290150,274568,564718
9,2064,292443,275886,568329
10,2064,291915,275595,567510
11,2064,292561,275926,568487
12,2064,293011,276402,569413
13,2064,293947,275772,569719
14,2064,294479,275523,570002
15,2064,297722,275788,573510
16,2064,296132,275359,571491
17,2064,303346,276680,580026
18,2064,304374,277451,581825
19,2064,307952,279352,587304
20,2064,309700,280525,590225
21,2064,308980,280464,589444
22,2064,309470,280601,590071
23,2064,309775,280616,590391
24,2064,309777,280616,590393
25,2064,309777,280616,590393
26,2064,309777,280616,590393
27,2064,309777,280616,590393
28,2064,309777,280616,590393
29,2064,309777,280616,590393
30,2064,309777,280616,590393
31,2064,309777,280616,590393
32,2064,309777,280616,590393
33,2064,309777,280616,590393
34,2064,309777,280616,590393
35,2064,309777,280616,590393
36,2064,309777,280616,590393
37,2064,309777,280616,590393
38,2064,309777,280616,590393
39,2064,309777,280616,590393
40,2064,309777,280616,590393
41,2064,310522,280709,591231
42,2064,310522,280709,591231
43,2064,310522,280709,591231
44,2064,310523,280709,591232
45,2064,310523,280709,591232
46,2064,310523,280709,591232
47,2064,310523,280709,591232
48,2064,310523,280709,591232
49,2064,310523,280709,591232
50,2064,310523,280709,591232
51,2064,310523,280709,591232
52,2064,310523,280709,591232
53,2064,310523,280709,591232
54,2064,310523,280709,591232
55,2064,310523,280709,591232
56,2064,310523,280709,591232
57,2064,310523,280709,591232
58,2064,310523,280709,591232
59,2064,310523,280709,591232
60,2064,310523,280709,591232
61,2064,310494,280709,591203
62,2064,310481,280709,591190
63,2064,310622,280709,591331
64,2064,310711,280709,591420
65,2064,310728,280709,591437
66,2064,310677,280709,591386
67,2064,310677,280709,591386
68,2064,310677,280709,591386
69,2064,310602,280709,591311
70,2064,310576,280709,591285
71,2064,310117,280695,590812
72,2064,310481,280719,591200
73,2064,310143,280719,590862
74,2064,310143,280719,590862
75,2064,310143,280719,590862
76,2064,310143,280719,590862
77,2064,310143,280719,590862
78,2064,319280,304872,624152
79,2064,317218,306403,623621
80,2064,318885,305538,624423
81,2064,315816,304901,620717
82,2064,315816,304901,620717
83,2064,315816,304901,620717
84,2064,315816,304901,620717
85,2064,315816,304901,620717
86,2064,315816,304901,620717
87,2064,315816,304901,620717
88,2064,315816,304901,620717
89,2064,315816,304901,620717
90,2064,315816,304901,620717
91,2064,315816,304901,620717
92,2064,315816,304901,620717
93,2064,315816,304901,620717
94,2064,315816,304901,620717
95,2064,315816,304901,620717
96,2064,315816,304901,620717
97,2064,315816,304901,620717
98,2064,315816,304901,620717
99,2064,315816,304901,620717
100,2064,315816,304901,620717
0,2064,292050,274642,566692
1,2064,291992,274566,566558
2,2064,292049,274566,566615
3,2064,292288,275393,567681
4,2064,292350,275433,567783
5,2064,291665,275418,567083
6,2064,292616,275683,568299
7,2064,292591,275714,568305
8,2064,289388,272724,562112
9,2064,292120,275796,567916
10,2064,292494,275697,568191
11,2064,292571,276455,569026
12,2064,292461,275605,568066
13,2064,293891,275625,569516
14,2064,294576,275565,570141
15,2064,296947,275357,572304
16,2064,296197,275623,571820
17,2064,302139,276579,578718
18,2064,304368,277408,581776
19,2064,309074,279536,588610
20,2064,308796,280425,589221
21,2064,308818,280514,589332
22,2064,309431,280601,590032
23,2064,309749,280616,590365
24,2064,309751,280616,590367
25,2064,309751,280616,590367
26,2064,309751,280616,590367
27,2064,309751,280616,590367
28,2064,309751,280616,590367
29,2064,309751,280616,590367
30,2064,309751,280616,590367
31,2064,309751,280616,590367
32,2064,309751,280616,590367
33,2064,309751,280616,590367
34,2064,309751,280616,590367
35,2064,309751,280616,590367
36,2064,309751,280616,590367
37,2064,309751,280616,590367
38,2064,309751,280616,590367
39,2064,309751,280616,590367
40,2064,309751,280616,590367
41,2064,310523,280709,591232
42,2064,310523,280709,591232
43,2064,310523,280709,591232
44,2064,310523,280709,591232
45,2064,310523,280709,591232
46,2064,310523,280709,591232
47,2064,310523,280709,591232
48,2064,310523,280709,591232
49,2064,310523,280709,591232
50,2064,310523,280709,591232
51,2064,310523,280709,591232
52,2064,310523,280709,591232
53,2064,310523,280709,591232
54,2064,310523,280709,591232
55,2064,310523,280709,591232
56,2064,310523,280709,591232
57,2064,310523,280709,591232
58,2064,310523,280709,591232
59,2064,310523,280709,591232
60,2064,310523,280709,591232
61,2064,310502,280709,591211
62,2064,310533,280709,591242
63,2064,310629,280709,591338
64,2064,310711,280709,591420
65,2064,310748,280709,591457
66,2064,310677,280709,591386
67,2064,310677,280709,591386
68,2064,310677,280709,591386
69,2064,310602,280709,591311
70,2064,310576,280709,591285
71,2064,310117,280695,590812
72,2064,310465,280709,591174
73,2064,310117,280719,590836
74,2064,310117,280719,590836
75,2064,310117,280719,590836
76,2064,310117,280719,590836
77,2064,310117,280719,590836
78,2064,317018,305496,622514
79,2064,319763,304916,624679
80,2064,316558,305659,622217
81,2064,315093,304229,619322
82,2064,315093,304229,619322
83,2064,315093,304229,619322
84,2064,315093,304229,619322
85,2064,315093,304229,619322
86,2064,315093,304229,619322
87,2064,315093,304229,619322
88,2064,315093,304229,619322
89,2064,315093,304229,619322
90,2064,315093,304229,619322
91,2064,315093,304229,619322
92,2064,315093,304229,619322
93,2064,315093,304229,619322
94,2064,315093,304229,619322
95,2064,315093,304229,619322
96,2064,315093,304229,619322
97,2064,315093,304229,619322
98,2064,315093,304229,619322
99,2064,315093,304229,619322
100,2064,315093,304229,619322
0,2064,292467,275809,568276
1,2064,292460,275777,568237
2,2064,292457,275777,568234
3,2064,292245,275154,567399
4,2064,292274,275644,567918
5,2064,292620,276606,569226
6,2064,292731,276392,569123
7,2064,292547,276434,568981
8,2064,290424,273014,563438
9,2064,292125,275680,567805
10,2064,292649,276206,568855
11,2064,291627,275325,566952
12,2064,292214,276093,568307
13,2064,294275,275933,570208
14,2064,294898,275677,570575
15,2064,296696,275498,572194
16,2064,296083,275608,571691
17,2064,302392,276114,578506
18,2064,304800,277408,582208
19,2064,308341,280112,588453
20,2064,308246,280444,588690
21,2064,308721,280514,589235
22,2064,309400,280616,590016
23,2064,309775,280616,590391
24,2064,309777,280616,590393
25,2064,309777,280616,590393
26,2064,309777,280616,590393
27,2064,309777,280616,590393
28,2064,309777,280616,590393
29,2064,309777,280616,590393
30,2064,309777,280616,590393
31,2064,309777,280616,590393
32,2064,309777,280616,590393
33,2064,309777,280616,590393
34,2064,309777,280616,590393
35,2064,309777,280616,590393
36,2064,309777,280616,590393
37,2064,309751,280616,590367
38,2064,309751,280616,590367
39,2064,309751,280616,590367
40,2064,309751,280616,590367
41,2064,310523,280709,591232
42,2064,310523,280709,591232
43,2064,310523,280709,591232
44,2064,310523,280709,591232
45,2064,310523,280709,591232
46,2064,310523,280709,591232
47,2064,310523,280709,591232
48,2064,310523,280709,591232
49,2064,310523,280709,591232
50,2064,310523,280709,591232
51,2064,310523,280709,591232
52,2064,310523,280709,591232
53,2064,310523,280709,591232
54,2064,310523,280709,591232
55,2064,310523,280709,591232
56,2064,310523,280709,591232
57,2064,310523,280709,591232
58,2064,310523,280709,591232
59,2064,310523,280709,591232
60,2064,310523,280709,591232
61,2064,310502,280709,591211
62,2064,310490,280709,591199
63,2064,310629,280709,591338
64,2064,310711,280709,591420
65,2064,310728,280709,591437
66,2064,310677,280709,591386
67,2064,310677,280709,591386
68,2064,310677,280709,591386
69,2064,310609,280709,591318
70,2064,310583,280709,591292
71,2064,310117,280695,590812
72,2064,310465,280709,591174
73,2064,310117,280695,590812
74,2064,310117,280695,590812
75,2064,310117,280695,590812
76,2064,310117,280695,590812
77,2064,310117,280695,590812
78,2064,315589,306728,622317
79,2064,317850,304290,622140
80,2064,315286,304700,619986
81,2064,313486,303270,616756
82,2064,313486,303270,616756
83,2064,313486,303270,616756
84,2064,313486,303270,616756
85,2064,313486,303270,616756
86,2064,313486,303270,616756
87,2064,313486,303270,616756
88,2064,313486,303270,616756
89,2064,313486,303270,616756
90,2064,313486,303270,616756
91,2064,313486,303270,616756
92,2064,313486,303270,616756
93,2064,313486,303270,616756
94,2064,313486,303270,616756
95,2064,313486,303270,616756
96,2064,313486,303270,616756
97,2064,313486,303270,616756
98,2064,313486,303270,616756
99,2064,313486,303270,616756
100,2064,313486,303270,616756
0,2064,292071,275839,567910
1,2064,292089,275900,567989
2,2064,292086,275900,567986
3,2064,292381,275949,568330
4,2064,292447,276194,568641
5,2064,291076,274117,565193
6,2064,291032,274854,565886
7,2064,290997,274886,565883
8,2064,291455,273560,565015
9,2064,292220,275875,568095
10,2064,291207,275214,566421
11,2064,291288,275553,566841
12,2064,293021,276358,569379
13,2064,294152,276089,570241
14,2064,295132,275773,570905
15,2064,295672,275405,571077
16,2064,296009,275276,571285
17,2064,303498,276207,579705
18,2064,304580,277399,581979
19,2064,307593,280366,587959
20,2064,308648,280447,589095
21,2064,309185,280529,589714
22,2064,309411,280647,590058
23,2064,309775,280616,590391
24,2064,309777,280624,590401
25,2064,309777,280624,590401
26,2064,309777,280624,590401
27,2064,309777,280624,590401
28,2064,309777,280624,590401
29,2064,309777,280624,590401
30,2064,309777,280624,590401
31,2064,309777,280624,590401
32,2064,309777,280624,590401
33,2064,309777,280624,590401
34,2064,309777,280624,590401
35,2064,309777,280624,590401
36,2064,309777,280624,590401
37,2064,309777,280616,590393
38,2064,309777,280616,590393
39,2064,309777,280616,590393
40,2064,309777,280616,590393
41,2064,310523,280709,591232
42,2064,310523,280709,591232
43,2064,310523,280709,591232
44,2064,310523,280709,591232
45,2064,310523,280709,591232
46,2064,310523,280709,591232
47,2064,310523,280709,591232
48,2064,310523,280709,591232
49,2064,310523,280709,591232
50,2064,310523,280709,591232
51,2064,310523,280709,591232
52,2064,310523,280709,591232
53,2064,310523,280709,591232
54,2064,310523,280709,591232
55,2064,310523,280709,591232
56,2064,310523,280709,591232
57,2064,310523,280709,591232
58,2064,310523,280709,591232
59,2064,310523,280709,591232
60,2064,310523,280709,591232
61,2064,310502,280709,591211
62,2064,310482,280709,591191
63,2064,310622,280709,591331
64,2064,310711,280709,591420
65,2064,310776,280709,591485
66,2064,310677,280709,591386
67,2064,310677,280709,591386
68,2064,310677,280709,591386
69,2064,310609,280709,591318
70,2064,310583,280709,591292
71,2064,310117,280695,590812
72,2064,310465,280709,591174
73,2064,310117,280695,590812
74,2064,310117,280695,590812
75,2064,310117,280695,590812
76,2064,310117,280695,590812
77,2064,310117,280695,590812
78,2064,319253,303696,622949
79,2064,314882,303302,618184
80,2064,314483,304209,618692
81,2064,313400,302807,616207
82,2064,313400,302807,616207
83,2064,313400,302807,616207
84,2064,313400,302807,616207
85,2064,313400,302807,616207
86,2064,313400,302807,616207
87,2064,313400,302807,616207
88,2064,313400,302807,616207
89,2064,313400,302807,616207
90,2064,313400,302807,616207
91,2064,313400,302807,616207
92,2064,313400,302807,616207
93,2064,313400,302807,616207
94,2064,313400,302807,616207
95,2064,313400,302807,616207
96,2064,313400,302807,616207
97,2064,313400,302807,616207
98,2064,313400,302807,616207
99,2064,313400,302807,616207
100,2064,313400,302807,616207
0,2064,291929,276118,568047
1,2064,292050,276184,568234
2,2064,292024,276184,568208
3,2064,292099,275673,567772
4,2064,291120,275219,566339
5,2064,290898,274381,565279
6,2064,290201,274869,565070
7,2064,289966,274416,564382
8,2064,293136,274868,568004
9,2064,292151,275983,568134
10,2064,291191,275417,566608
11,2064,292570,276264,568834
12,2064,292503,275712,568215
13,2064,293667,275662,569329
14,2064,296166,275731,571897
15,2064,295497,275115,570612
16,2064,296079,275458,571537
17,2064,303229,276582,579811
18,2064,304477,277399,581876
19,2064,306568,280199,586767
20,2064,308456,280490,588946
21,2064,309412,280464,589876
22,2064,309419,280647,590066
23,2064,309775,280624,590399
24,2064,309777,280624,590401
25,2064,309777,280624,590401
26,2064,309777,280624,590401
27,2064,309777,280624,590401
28,2064,309777,280624,590401
29,2064,309777,280624,590401
30,2064,309777,280624,590401
31,2064,309777,280624,590401
32,2064,309777,280624,590401
33,2064,309777,280624,590401
34,2064,309777,280624,590401
35,2064,309777,280624,590401
36,2064,309777,280624,590401
37,2064,309777,280624,590401
38,2064,309777,280624,590401
39,2064,309777,280624,590401
40,2064,309777,280624,590401
41,2064,310523,280709,591232
42,2064,310523,280709,591232
43,2064,310523,280709,591232
44,2064,310523,280709,591232
45,2064,310523,280709,591232
46,2064,310523,280709,591232
47,2064,310523,280709,591232
48,2064,310523,280709,591232
49,2064,310523,280709,591232
50,2064,310523,280709,591232
51,2064,310523,280709,591232
52,2064,310523,280709,591232
53,2064,310523,280709,591232
54,2064,310523,280709,591232
55,2064,310523,280709,591232
56,2064,310523,280709,591232
57,2064,310523,280709,591232
58,2064,310523,280709,591232
59,2064,310523,280709,591232
60,2064,310523,280709,591232
61,2064,310502,280709,591211
62,2064,310542,280709,591251
63,2064,310622,280709,591331
64,2064,310711,280709,591420
65,2064,310776,280709,591485
66,2064,310677,280709,591386
67,2064,310677,280709,591386
68,2064,310677,280709,591386
69,2064,310609,280709,591318
70,2064,310583,280709,591292
71,2064,310117,280695,590812
72,2064,310465,280709,591174
73,2064,310117,280695,590812
74,2064,310117,280695,590812
75,2064,310117,280695,590812
76,2064,310117,280695,590812
77,2064,310117,280695,590812
78,2064,315391,302409,617800
79,2064,313281,301886,615167
80,2064,313582,303403,616985
81,2064,313300,302781,616081
82,2064,313300,302781,616081
83,2064,313300,302781,616081
84,2064,313300,302781,616081
85,2064,313300,302781,616081
86,2064,313300,302781,616081
87,2064,313300,302781,616081
88,2064,313300,302781,616081
89,2064,313300,302781,616081
90,2064,313300,302781,616081
91,2064,313300,302781,616081
92,2064,313300,302781,616081
93,2064,313300,302781,616081
94,2064,313300,302781,616081
95,2064,313300,302781,616081
96,2064,313300,302781,616081
97,2064,313300,302781,616081
98,2064,313300,302781,616081
99,2064,313300,302781,616081
100,2064,313300,302781,616081
0,2064,290678,274865,565543
1,2064,290646,274600,565246
2,2064,290646,274600,565246
3,2064,292028,275935,567963
4,2064,290806,274931,565737
5,2064,291693,275335,567028
6,2064,289512,272972,562484
7,2064,289426,272773,562199
8,2064,292970,275895,568865
9,2064,292042,275514,567556
10,2064,292198,275741,567939
11,2064,291715,275941,567656
12,2064,292280,275815,568095
13,2064,293958,275737,569695
14,2064,295390,275951,571341
15,2064,295576,275625,571201
16,2064,296316,275830,572146
17,2064,302965,276281,579246
18,2064,304630,277408,582038
19,2064,305272,279385,584657
20,2064,308843,280475,589318
21,2064,308966,280464,589430
22,2064,309419,280616,590035
23,2064,309775,280616,590391
24,2064,309777,280616,590393
25,2064,309777,280616,590393
26,2064,309777,280616,590393
27,2064,309777,280616,590393
28,2064,309777,280616,590393
29,2064,309777,280616,590393
30,2064,309777,280616,590393
31,2064,309777,280616,590393
32,2064,309777,280616,590393
33,2064,309777,280616,590393
34,2064,309777,280616,590393
35,2064,309777,280616,590393
36,2064,309777,280616,590393
37,2064,309777,280616,590393
38,2064,309777,280616,590393
39,2064,309777,280616,590393
40,2064,309777,280616,590393
41,2064,310523,280709,591232
42,2064,310523,280709,591232
43,2064,310523,280709,591232
44,2064,310523,280709,591232
45,2064,310523,280709,591232
46,2064,310523,280709,591232
47,2064,310523,280709,591232
48,2064,310523,280709,591232
49,2064,310523,280709,591232
50,2064,310523,280709,591232
51,2064,310523,280709,591232
52,2064,310523,280709,591232
53,2064,310523,280709,591232
54,2064,310523,280709,591232
55,2064,310523,280709,591232
56,2064,310523,280709,591232
57,2064,310523,280709,591232
58,2064,310523,280709,591232
59,2064,310523,280709,591232
60,2064,310523,280709,591232
61,2064,310502,280709,591211
62,2064,310490,280709,591199
63,2064,310629,280709,591338
64,2064,310711,280709,591420
65,2064,310776,280709,591485
66,2064,310677,280709,591386
67,2064,310677,280709,591386
68,2064,310677,280709,591386
69,2064,310609,280709,591318
70,2064,310583,280709,591292
71,2064,310117,280695,590812
72,2064,310465,280709,591174
73,2064,310117,280695,590812
74,2064,310117,280695,590812
75,2064,310117,280695,590812
76,2064,310117,280695,590812
77,2064,310117,280695,590812
78,2064,314163,302133,616296
79,2064,313574,301568,615142
80,2064,313325,302887,616212
81,2064,314143,304623,618766
82,2064,314143,304623,618766
83,2064,314143,304623,618766
84,2064,314143,304623,618766
85,2064,314143,304623,618766
86,2064,314143,304623,618766
87,2064,314143,304623,618766
88,2064,314143,304623,618766
89,2064,314143,304623,618766
90,2064,314143,304623,618766
91,2064,314143,304623,618766
92,2064,314143,304623,618766
93,2064,314143,304623,618766
94,2064,314143,304623,618766
95,2064,314143,304623,618766
96,2064,314143,304623,618766
97,2064,314143,304623,618766
98,2064,314143,304623,618766
99,2064,314143,304623,618766
100,2064,314143,304623,618766
0,2064,289630,273527,563157
1,2064,289084,272978,562062
2,2064,289096,272978,562074
3,2064,291944,275546,567490
4,2064,290744,274239,564983
5,2064,292628,276596,569224
6,2064,290215,273130,563345
7,2064,290379,273170,563549
8,2064,292789,275868,568657
9,2064,292007,275599,567606
10,2064,292516,276305,568821
11,2064,291831,275642,567473
12,2064,293193,276213,569406
13,2064,294133,275848,569981
14,2064,294756,275557,570313
15,2064,295875,275849,571724
16,2064,296104,275804,571908
17,2064,302976,276373,579349
18,2064,304434,277399,581833
19,2064,305026,279291,584317
20,2064,308802,280475,589277
21,2064,308820,280514,589334
22,2064,309407,280616,590023
23,2064,309775,280624,590399
24,2064,309777,280624,590401
25,2064,309777,280624,590401
26,2064,309777,280624,590401
27,2064,309777,280624,590401
28,2064,309777,280624,590401
29,2064,309777,280624,590401
30,2064,309777,280624,590401
31,2064,309777,280624,590401
32,2064,309777,280624,590401
33,2064,309777,280624,590401
34,2064,309777,280624,590401
35,2064,309777,280624,590401
36,2064,309777,280624,590401
37,2064,309777,280616,590393
38,2064,309777,280616,590393
39,2064,309777,280616,590393
40,2064,309777,280616,590393
41,2064,310523,280709,591232
42,2064,310523,280709,591232
43,2064,310523,280709,591232
44,2064,310523,280709,591232
45,2064,310523,280709,591232
46,2064,310523,280709,591232
47,2064,310523,280709,591232
48,2064,310523,280709,591232
49,2064,310523,280709,591232
50,2064,310523,280709,591232
51,2064,310523,280709,591232
52,2064,310523,280709,591232
53,2064,310523,280709,591232
54,2064,310523,280709,591232
55,2064,310523,280709,591232
56,2064,310523,280709,591232
57,2064,310523,280709,591232
58,2064,310523,280709,591232
59,2064,310523,280709,591232
60,2064,310523,280709,591232
61,2064,310502,280709,591211
62,2064,310482,280709,591191
63,2064,310629,280709,591338
64,2064,310711,280709,591420
65,2064,310776,280709,591485
66,2064,310677,280709,591386
67,2064,310677,280709,591386
68,2064,310677,280709,591386
69,2064,310609,280709,591318
70,2064,310583,280709,591292
71,2064,310117,280695,590812
72,2064,310465,280709,591174
73,2064,310117,280695,590812
74,2064,310117,280695,590812
75,2064,310117,280695,590812
76,2064,310117,280695,590812
77,2064,310117,280695,590812
78,2064,312824,302255,615079
79,2064,312361,301855,614216
80,2064,313545,304204,617749
81,2064,315175,307024,622199
82,2064,315175,307024,622199
83,2064,315175,307024,622199
84,2064,315175,307024,622199
85,2064,315175,307024,622199
86,2064,315175,307024,622199
87,2064,315175,307024,622199
88,2064,315175,307024,622199
89,2064,315175,307024,622199
90,2064,315175,307024,622199
91,2064,315175,307024,622199
92,2064,315175,307024,622199
93,2064,315175,307024,622199
94,2064,315175,307024,622199
95,2064,315175,307024,622199
96,2064,315175,307024,622199
97,2064,315175,307024,622199
98,2064,315175,307024,622199
99,2064,315175,307024,622199
100,2064,315175,307024,622199
0,2064,289931,272729,562660
1,2064,289934,272911,562845
2,2064,289982,272952,562934
3,2064,292195,275576,567771
4,2064,291187,274432,565619
5,2064,291032,274005,565037
6,2064,290574,273727,564301
7,2064,291554,273847,565401
8,2064,292191,275275,567466
9,2064,292300,275900,568200
10,2064,291218,275119,566337
11,2064,292350,275661,568011
12,2064,292533,276111,568644
13,2064,294243,276045,570288
14,2064,294509,275322,569831
15,2064,295696,275954,571650
16,2064,295745,275365,571110
17,2064,302787,276624,579411
18,2064,304700,277408,582108
19,2064,305830,279172,585002
20,2064,308798,280475,589273
21,2064,308721,280514,589235
22,2064,309400,280616,590016
23,2064,309775,280624,590399
24,2064,309777,280624,590401
25,2064,309777,280624,590401
26,2064,309777,280624,590401
27,2064,309777,280624,590401
28,2064,309777,280624,590401
29,2064,309777,280624,590401
30,2064,309777,280624,590401
31,2064,309777,280624,590401
32,2064,309777,280624,590401
33,2064,309777,280624,590401
34,2064,309777,280624,590401
35,2064,309777,280624,590401
36,2064,309777,280624,590401
37,2064,309777,280624,590401
38,2064,309777,280624,590401
39,2064,309777,280624,590401
40,2064,309777,280624,590401
41,2064,310523,280709,591232
42,2064,310523,280709,591232
43,2064,310523,280709,591232
44,2064,310523,280709,591232
45,2064,310523,280709,591232
46,2064,310523,280709,591232
47,2064,310523,280709,591232
48,2064,310523,280709,591232
49,2064,310523,280709,591232
50,2064,310523,280709,591232
51,2064,310523,280709,591232
52,2064,310523,280709,591232
53,2064,310523,280709,591232
54,2064,310523,280709,591232
55,2064,310523,280709,591232
56,2064,310523,280709,591232
57,2064,310523,280709,591232
58,2064,310523,280709,591232
59,2064,310523,280709,591232
60,2064,310523,280709,591232
61,2064,310502,280709,591211
62,2064,310542,280709,591251
63,2064,310622,280709,591331
64,2064,310711,280709,591420
65,2064,310776,280709,591485
66,2064,310677,280709,591386
67,2064,310677,280709,591386
68,2064,310677,280709,591386
69,2064,310609,280709,591318
70,2064,310583,280709,591292
71,2064,310117,280695,590812
72,2064,310465,280709,591174
73,2064,310117,280695,590812
74,2064,310117,280695,590812
75,2064,310117,280695,590812
76,2064,310117,280695,590812
77,2064,310117,280695,590812
78,2064,314312,303031,617343
79,2064,314087,303226,617313
80,2064,313783,305497,619280
81,2064,319234,305827,625061
82,2064,319234,305827,625061
83,2064,319234,305827,625061
84,2064,319234,305827,625061
85,2064,319234,305827,625061
86,2064,319234,305827,625061
87,2064,319234,305827,625061
88,2064,319234,305827,625061
89,2064,319234,305827,625061
90,2064,319234,305827,625061
91,2064,319234,305827,625061
92,2064,319234,305827,625061
93,2064,319234,305827,625061
94,2064,319234,305827,625061
95,2064,319234,305827,625061
96,2064,319234,305827,625061
97,2064,319234,305827,625061
98,2064,319234,305827,625061
99,2064,319234,305827,625061
100,2064,319234,305827,625061
0,2064,290389,273324,563713
1,2064,290357,273423,563780
2,2064,290327,273499,563826
3,2064,292216,275829,568045
4,2064,292652,275969,568621
5,2064,290429,274160,564589
6,2064,291995,274742,566737
7,2064,293131,275594,568725
8,2064,292310,275603,567913
9,2064,292239,275895,568134
10,2064,291305,275231,566536
11,2064,292658,276470,569128
12,2064,291894,275712,567606
13,2064,293818,275668,569486
14,2064,294959,275664,570623
15,2064,295329,275541,570870
16,2064,296065,275365,571430
17,2064,302452,276309,578761
18,2064,304434,277399,581833
19,2064,307640,279219,586859
20,2064,308797,280475,589272
21,2064,309191,280529,589720
22,2064,309411,280647,590058
23,2064,309775,280624,590399
24,2064,309777,280624,590401
25,2064,309777,280624,590401
26,2064,309777,280624,590401
27,2064,309777,280624,590401
28,2064,309777,280624,590401
29,2064,309777,280624,590401
30,2064,309777,280624,590401
31,2064,309777,280624,590401
32,2064,309777,280624,590401
33,2064,309777,280624,590401
34,2064,309777,280624,590401
35,2064,309777,280624,590401
36,2064,309777,280624,590401
37,2064,309777,280624,590401
38,2064,309777,280624,590401
39,2064,309777,280624,590401
40,2064,309777,280624,590401
41,2064,310523,280709,591232
42,2064,310523,280709,591232
43,2064,310523,280709,591232
44,2064,310523,280709,591232
45,2064,310523,280709,591232
46,2064,310523,280709,591232
47,2064,310523,280709,591232
48,2064,310523,280709,591232
49,2064,310523,280709,591232
50,2064,310523,280709,591232
51,2064,310523,280709,591232
52,2064,310523,280709,591232
53,2064,310523,280709,591232
54,2064,310523,280709,591232
55,2064,310523,280709,591232
56,2064,310523,280709,591232
57,2064,310523,280709,591232
58,2064,310523,280709,591232
59,2064,310523,280709,591232
60,2064,310523,280709,591232
61,2064,310502,280709,591211
62,2064,310490,280709,591199
63,2064,310622,280709,591331
64,2064,310711,280709,591420
65,2064,310776,280709,591485
66,2064,310677,280709,591386
67,2064,310677,280709,591386
68,2064,310677,280709,591386
69,2064,310609,280709,591318
70,2064,310583,280709,591292
71,2064,310117,280695,590812
72,2064,310465,280709,591174
73,2064,310117,280695,590812
74,2064,310117,280695,590812
75,2064,310117,280695,590812
76,2064,310117,280695,590812
77,2064,310117,280695,590812
78,2064,314565,303350,617915
79,2064,315463,303836,619299
80,2064,315597,307591,623188
81,2064,318475,306338,624813
82,2064,318475,306338,624813
83,2064,318475,306338,624813
84,2064,318475,306338,624813
85,2064,318475,306338,624813
86,2064,318475,306338,624813
87,2064,318475,306338,624813
88,2064,318475,306338,624813
89,2064,318475,306338,624813
90,2064,318475,306338,624813
91,2064,318475,306338,624813
92,2064,318475,306338,624813
93,2064,318475,306338,624813
94,2064,318475,306338,624813
95,2064,318475,306338,624813
96,2064,318475,306338,624813
97,2064,318475,306338,624813
98,2064,318475,306338,624813
99,2064,318475,306338,624813
100,2064,318475,306338,624813
0,2064,291577,274118,565695
1,2064,291704,274059,565763
2,2064,291728,274070,565798
3,2064,292172,275866,568038
4,2064,292520,275795,568315
5,2064,290894,274103,564997
6,2064,293029,275653,568682
7,2064,293002,275585,568587
8,2064,292514,276161,568675
9,2064,292060,275434,567494
10,2064,292373,275869,568242
11,2064,291521,275321,566842
12,2064,292700,275905,568605
13,2064,293942,275538,569480
14,2064,295205,275997,571202
15,2064,296250,275426,571676
16,2064,296330,275907,572237
17,2064,302651,276235,578886
18,2064,304622,277408,582030
19,2064,308470,279310,587780
20,2064,308804,280475,589279
21,2064,309404,280464,589868
22,2064,309411,280647,590058
23,2064,309775,280624,590399
24,2064,309777,280624,590401
25,2064,309777,280624,590401
26,2064,309777,280624,590401
27,2064,309777,280624,590401
28,2064,309777,280624,590401
29,2064,309777,280624,590401
30,2064,309777,280624,590401
31,2064,309777,280624,590401
32,2064,309777,280624,590401
33,2064,309777,280624,590401
34,2064,309777,280624,590401
35,2064,309777,280624,590401
36,2064,309777,280624,590401
37,2064,309777,280624,590401
38,2064,309777,280624,590401
39,2064,309777,280624,590401
40,2064,309777,280624,590401
41,2064,310523,280709,591232
42,2064,310523,280709,591232
43,2064,310523,280709,591232
44,2064,310523,280709,591232
45,2064,310523,280709,591232
46,2064,310523,280709,591232
47,2064,310523,280709,591232
48,2064,310523,280709,591232
49,2064,310523,280709,591232
50,2064,310523,280709,591232
51,2064,310523,280709,591232
52,2064,310523,280709,591232
53,2064,310523,280709,591232
54,2064,310523,280709,591232
55,2064,310523,280709,591232
56,2064,310523,280709,591232
57,2064,310523,280709,591232
58,2064,310523,280709,591232
59,2064,310523,280709,591232
60,2064,310523,280709,591232
61,2064,310502,280709,591211
62,2064,310482,280709,591191
63,2064,310629,280709,591338
64,2064,310711,280709,591420
65,2064,310776,280709,591485
66,2064,310677,280709,591386
67,2064,310677,280709,591386
68,2064,310677,280709,591386
69,2064,310609,280709,591318
70,2064,310583,280709,591292
71,2064,310117,280695,590812
72,2064,310465,280709,591174
73,2064,310117,280695,590812
74,2064,310117,280695,590812
75,2064,310117,280695,590812
76,2064,310117,280695,590812
77,2064,310117,280695,590812
78,2064,314748,304905,619653
79,2064,315681,305040,620721
80,2064,320100,305595,625695
81,2064,319150,304796,623946
82,2064,319150,304796,623946
83,2064,319150,304796,623946
84,2064,319150,304796,623946
85,2064,319150,304796,623946
86,2064,319150,304796,623946
87,2064,319150,304796,623946
88,2064,319150,304796,623946
89,2064,319150,304796,623946
90,2064,319150,304796,623946
91,2064,319150,304796,623946
92,2064,319150,304796,623946
93,2064,319150,304796,623946
94,2064,319150,304796,623946
95,2064,319150,304796,623946
96,2064,319150,304796,623946
97,2064,319150,304796,623946
98,2064,319150,304796,623946
99,2064,319150,304796,623946
100,2064,319150,304796,623946
0,2064,292691,275252,567943
1,2064,292737,275408,568145
2,2064,292737,275396,568133
3,2064,291909,275660,567569
4,2064,292434,275675,568109
5,2064,292224,276129,568353
6,2064,292989,275830,568819
7,2064,292884,275778,568662
8,2064,291224,275620,566844
9,2064,291990,275557,567547
10,2064,292433,276415,568848
11,2064,291391,275660,567051
12,2064,293221,276798,570019
13,2064,294261,275802,570063
14,2064,297791,275834,573625
15,2064,295951,275686,571637
16,2064,296030,275683,571713
17,2064,302367,276387,578754
18,2064,304434,277399,581833
19,2064,309346,279536,588882
20,2064,308804,280475,589279
21,2064,308966,280464,589430
22,2064,309411,280616,590027
23,2064,309775,280624,590399
24,2064,309777,280624,590401
25,2064,309777,280624,590401
26,2064,309777,280624,590401
27,2064,309777,280624,590401
28,2064,309777,280624,590401
29,2064,309777,280624,590401
30,2064,309777,280624,590401
31,2064,309777,280624,590401
32,2064,309777,280624,590401
33,2064,309777,280624,590401
34,2064,309777,280624,590401
35,2064,309777,280624,590401
36,2064,309777,280624,590401
37,2064,309777,280624,590401
38,2064,309777,280624,590401
39,2064,309777,280624,590401
40,2064,309777,280624,590401
41,2064,310523,280709,591232
42,2064,310523,280709,591232
43,2064,310523,280709,591232
44,2064,310523,280709,591232
45,2064,310523,280709,591232
46,2064,310523,280709,591232
47,2064,310523,280709,591232
48,2064,310523,280709,591232
49,2064,310523,280709,591232
50,2064,310523,280709,591232
51,2064,310523,280709,591232
52,2064,310523,280709,591232
53,2064,310523,280709,591232
54,2064,310523,280709,591232
55,2064,310523,280709,591232
56,2064,310523,280709,591232
57,2064,310523,280709,591232
58,2064,310523,280709,591232
59,2064,310523,280709,591232
60,2064,310523,280709,591232
61,2064,310502,280709,591211
62,2064,310542,280709,591251
63,2064,310629,280709,591338
64,2064,310711,280709,591420
65,2064,310776,280709,591485
66,2064,310677,280709,591386
67,2064,310677,280709,591386
68,2064,310677,280709,591386
69,2064,310609,280709,591318
70,2064,310583,280709,591292
71,2064,310117,280695,590812
72,2064,310465,280709,591174
73,2064,310117,280695,590812
74,2064,310117,280695,590812
75,2064,310117,280695,590812
76,2064,310117,280695,590812
77,2064,310117,280695,590812
78,2064,315901,306651,622552
79,2064,316557,307162,623719
80,2064,319112,306085,625197
81,2064,317302,305907,623209
82,2064,317302,305907,623209
83,2064,317302,305907,623209
84,2064,317302,305907,623209
85,2064,317302,305907,623209
86,2064,317302,305907,623209
87,2064,317302,305907,623209
88,2064,317302,305907,623209
89,2064,317302,305907,623209
90,2064,317302,305907,623209
91,2064,317302,305907,623209
92,2064,317302,305907,623209
93,2064,317302,305907,623209
94,2064,317302,305907,623209
95,2064,317302,305907,623209
96,2064,317302,305907,623209
97,2064,317302,305907,623209
98,2064,317302,305907,623209
99,2064,317302,305907,623209
100,2064,317302,305907,623209
0,2065,292160,275407,567567
1,2065,292160,275407,567567
2,2065,292156,275407,567563
3,2065,292317,275433,567750
4,2065,292459,275435,567894
5,2065,292604,275460,568064
6,2065,292715,275538,568253
7,2065,292699,275529,568228
8,2065,292688,275503,568191
9,2065,292689,275485,568174
10,2065,292704,275551,568255
11,2065,292828,275972,568800
12,2065,293342,276256,569598
13,2065,293719,276375,570094
14,2065,293758,276281,570039
15,2065,293823,276272,570095
16,2065,294123,276355,570478
17,2065,294561,276410,570971
18,2065,295789,276733,572522
19,2065,296731,278188,574919
20,2065,296795,278225,575020
21,2065,296833,278284,575117
22,2065,296862,278532,575394
23,2065,296890,278545,575435
24,2065,296890,278545,575435
25,2065,296890,278545,575435
26,2065,296890,278545,575435
27,2065,296890,278545,575435
28,2065,296890,278545,575435
29,2065,296890,278545,575435
30,2065,296890,278545,575435
31,2065,296890,278545,575435
32,2065,296890,278545,575435
33,2065,296890,278545,575435
34,2065,296890,278545,575435
35,2065,296890,278545,575435
36,2065,296890,278545,575435
37,2065,296890,278545,575435
38,2065,296890,278545,575435
39,2065,296890,278545,575435
40,2065,296890,278545,575435
41,2065,296890,278545,575435
42,2065,296890,278545,575435
43,2065,296890,278545,575435
44,2065,296890,278545,575435
45,2065,296890,278545,575435
46,2065,296881,278545,575426
47,2065,296873,278545,575418
48,2065,296873,278545,575418
49,2065,296873,278545,575418
50,2065,296873,278545,575418
51,2065,296873,278595,575468
52,2065,296873,278595,575468
53,2065,296873,278595,575468
54,2065,296873,278595,575468
55,2065,296873,278595,575468
56,2065,296873,278595,575468
57,2065,296873,278595,575468
58,2065,296873,278595,575468
59,2065,296873,278595,575468
60,2065,296873,278595,575468
61,2065,296873,278595,575468
62,2065,296873,278595,575468
63,2065,296873,278595,575468
64,2065,296825,278595,575420
65,2065,296825,278595,575420
66,2065,296738,278595,575333
67,2065,296738,278595,575333
68,2065,296472,278595,575067
69,2065,296377,278595,574972
70,2065,296237,278595,574832
71,2065,295800,278595,574395
72,2065,295800,278595,574395
73,2065,295461,278595,574056
74,2065,295423,278595,574018
75,2065,295423,278595,574018
76,2065,295423,278595,574018
77,2065,295423,278595,574018
78,2065,295423,279554,574977
79,2065,295423,279363,574786
80,2065,295423,279614,575037
81,2065,295423,279743,575166
82,2065,295423,279743,575166
83,2065,295423,279743,575166
84,2065,295423,279743,575166
85,2065,295423,279743,575166
86,2065,295423,279743,575166
87,2065,295423,279743,575166
88,2065,295423,279743,575166
89,2065,295423,279743,575166
90,2065,295423,279743,575166
91,2065,295423,279743,575166
92,2065,295423,279743,575166
93,2065,295423,279743,575166
94,2065,295423,279743,575166
95,2065,295423,279743,575166
96,2065,295423,279743,575166
97,2065,295423,279743,575166
98,2065,295423,279743,575166
99,2065,295423,279743,575166
100,2065,295423,279743,575166
0,2065,292266,275259,567525
1,2065,292266,275259,567525
2,2065,292259,275259,567518
3,2065,292436,275274,567710
4,2065,292615,275193,567808
5,2065,292741,275299,568040
6,2065,292868,275406,568274
7,2065,292842,275390,568232
8,2065,292820,275364,568184
9,2065,292815,275344,568159
10,2065,292810,275474,568284
11,2065,292862,275699,568561
12,2065,293184,275754,568938
13,2065,293704,275708,569412
14,2065,293937,275800,569737
15,2065,294124,275792,569916
16,2065,294466,275859,570325
17,2065,295672,275850,571522
18,2065,297964,276497,574461
19,2065,298821,278322,577143
20,2065,299958,278491,578449
21,2065,300126,278538,578664
22,2065,300128,279006,579134
23,2065,300136,279020,579156
24,2065,300136,279020,579156
25,2065,300136,279020,579156
26,2065,300136,279020,579156
27,2065,300136,279020,579156
28,2065,300136,279020,579156
29,2065,300136,279020,579156
30,2065,300136,279020,579156
31,2065,300136,279020,579156
32,2065,300136,279020,579156
33,2065,300136,279020,579156
34,2065,300136,279020,579156
35,2065,300136,279020,579156
36,2065,300136,279020,579156
37,2065,300136,279020,579156
38,2065,300136,279020,579156
39,2065,300136,279020,579156
40,2065,300136,279020,579156
41,2065,300136,279020,579156
42,2065,300136,279020,579156
43,2065,300136,279020,579156
44,2065,300538,279020,579558
45,2065,300538,279020,579558
46,2065,300536,279020,579556
47,2065,300528,279020,579548
48,2065,300528,279020,579548
49,2065,300528,279020,579548
50,2065,300528,279020,579548
51,2065,300528,279059,579587
52,2065,300528,279059,579587
53,2065,300528,279059,579587
54,2065,300528,279059,579587
55,2065,300528,279059,579587
56,2065,300528,279059,579587
57,2065,300528,279059,579587
58,2065,300528,279059,579587
59,2065,300528,279059,579587
60,2065,300528,279059,579587
61,2065,300528,279059,579587
62,2065,300528,279059,579587
63,2065,300528,279059,579587
64,2065,300557,279059,579616
65,2065,300557,279059,579616
66,2065,300066,279059,579125
67,2065,300008,279059,579067
68,2065,299613,279059,578672
69,2065,299663,279059,578722
70,2065,299415,279037,578452
71,2065,298888,279037,577925
72,2065,298782,279037,577819
73,2065,298283,278963,577246
74,2065,298238,278963,577201
75,2065,298238,278963,577201
76,2065,298238,278963,577201
77,2065,298238,278963,577201
78,2065,298344,280269,578613
79,2065,298259,280078,578337
80,2065,298344,280826,579170
81,2065,298338,280568,578906
82,2065,298338,280568,578906
83,2065,298338,280568,578906
84,2065,298338,280568,578906
85,2065,298338,280568,578906
86,2065,298338,280568,578906
87,2065,298338,280568,578906
88,2065,298338,280568,578906
89,2065,298338,280568,578906
90,2065,298338,280568,578906
91,2065,298338,280568,578906
92,2065,298338,280568,578906
93,2065,298338,280568,578906
94,2065,298338,280568,578906
95,2065,298338,280568,578906
96,2065,298338,280568,578906
97,2065,298338,280568,578906
98,2065,298338,280568,578906
99,2065,298338,280568,578906
100,2065,298338,280568,578906
0,2065,292274,275413,567687
1,2065,292274,275413,567687
2,2065,292266,275413,567679
3,2065,292417,275347,567764
4,2065,292716,275394,568110
5,2065,292856,275450,568306
6,2065,292910,275526,568436
7,2065,292866,275510,568376
8,2065,292838,275471,568309
9,2065,292865,275477,568342
10,2065,292819,275561,568380
11,2065,292909,275804,568713
12,2065,293366,276259,569625
13,2065,294527,276216,570743
14,2065,294776,276418,571194
15,2065,295034,276413,571447
16,2065,296135,276482,572617
17,2065,297419,276524,573943
18,2065,299982,276890,576872
19,2065,300697,278092,578789
20,2065,300794,278561,579355
21,2065,301474,278636,580110
22,2065,301310,278941,580251
23,2065,301326,278955,580281
24,2065,301326,278955,580281
25,2065,301326,278955,580281
26,2065,301326,278955,580281
27,2065,301326,278955,580281
28,2065,301326,278955,580281
29,2065,301326,278955,580281
30,2065,301326,278955,580281
31,2065,301326,278955,580281
32,2065,301326,278955,580281
33,2065,301326,278955,580281
34,2065,301326,278955,580281
35,2065,301326,278955,580281
36,2065,301326,278955,580281
37,2065,301326,278955,580281
38,2065,301326,278955,580281
39,2065,301326,278955,580281
40,2065,301326,278955,580281
41,2065,301326,278955,580281
42,2065,301326,278955,580281
43,2065,301333,278955,580288
44,2065,303077,279111,582188
45,2065,303077,279111,582188
46,2065,302118,279111,581229
47,2065,302109,279111,581220
48,2065,302109,279111,581220
49,2065,302109,279111,581220
50,2065,302109,279111,581220
51,2065,302109,279149,581258
52,2065,302109,279149,581258
53,2065,302109,279149,581258
54,2065,302109,279149,581258
55,2065,302109,279149,581258
56,2065,302109,279149,581258
57,2065,302109,279149,581258
58,2065,302109,279149,581258
59,2065,302109,279149,581258
60,2065,302109,279149,581258
61,2065,302109,279149,581258
62,2065,302109,279149,581258
63,2065,302109,279149,581258
64,2065,303056,279149,582205
65,2065,303056,279149,582205
66,2065,301751,278994,580745
67,2065,301764,278926,580690
68,2065,301625,278926,580551
69,2065,301693,278926,580619
70,2065,301698,278926,580624
71,2065,302699,279051,581750
72,2065,302614,279051,581665
73,2065,301717,279129,580846
74,2065,301717,279129,580846
75,2065,301717,279129,580846
76,2065,301717,279129,580846
77,2065,301717,279129,580846
78,2065,301618,283834,585452
79,2065,301588,283520,585108
80,2065,301523,283856,585379
81,2065,301545,283856,585401
82,2065,301545,283856,585401
83,2065,301545,283856,585401
84,2065,301545,283856,585401
85,2065,301545,283856,585401
86,2065,301545,283856,585401
87,2065,301545,283856,585401
88,2065,301545,283856,585401
89,2065,301545,283856,585401
90,2065,301545,283856,585401
91,2065,301545,283856,585401
92,2065,301545,283856,585401
93,2065,301545,283856,585401
94,2065,301545,283856,585401
95,2065,301545,283856,585401
96,2065,301545,283856,585401
97,2065,301545,283856,585401
98,2065,301545,283856,585401
99,2065,301545,283856,585401
100,2065,301545,283856,585401
0,2065,292099,274901,567000
1,2065,292099,274901,567000
2,2065,292091,274901,566992
3,2065,292300,274901,567201
4,2065,292463,274931,567394
5,2065,292518,274983,567501
6,2065,292615,275035,567650
7,2065,292607,275057,567664
8,2065,292601,275043,567644
9,2065,292574,275024,567598
10,2065,292549,275055,567604
11,2065,292624,275339,567963
12,2065,293047,275490,568537
13,2065,294584,275590,570174
14,2065,295239,275679,570918
15,2065,297561,275661,573222
16,2065,296031,275360,571391
17,2065,298511,275281,573792
18,2065,300960,276311,577271
19,2065,318140,278178,596318
20,2065,318570,278704,597274
21,2065,307169,279147,586316
22,2065,306963,279195,586158
23,2065,307025,279209,586234
24,2065,307025,279209,586234
25,2065,307025,279209,586234
26,2065,307025,279209,586234
27,2065,307025,279209,586234
28,2065,307025,279209,586234
29,2065,307025,279209,586234
30,2065,307025,279209,586234
31,2065,307025,279209,586234
32,2065,307025,279209,586234
33,2065,307025,279209,586234
34,2065,307025,279209,586234
35,2065,307025,279209,586234
36,2065,307025,279209,586234
37,2065,307025,279209,586234
38,2065,307025,279209,586234
39,2065,307025,279209,586234
40,2065,307025,279209,586234
41,2065,307025,279209,586234
42,2065,307025,279209,586234
43,2065,307025,279209,586234
44,2065,309401,279433,588834
45,2065,309401,279433,588834
46,2065,308138,279364,587502
47,2065,308207,279364,587571
48,2065,308207,279364,587571
49,2065,308207,279364,587571
50,2065,308207,279364,587571
51,2065,308198,279402,587600
52,2065,308198,279402,587600
53,2065,308198,279402,587600
54,2065,308198,279402,587600
55,2065,308198,279402,587600
56,2065,308198,279402,587600
57,2065,308198,279402,587600
58,2065,308198,279402,587600
59,2065,308198,279402,587600
60,2065,308198,279402,587600
61,2065,308198,279402,587600
62,2065,308198,279402,587600
63,2065,308198,279402,587600
64,2065,309449,279472,588921
65,2065,309538,279472,589010
66,2065,307947,279400,587347
67,2065,308227,279400,587627
68,2065,307618,279138,586756
69,2065,307735,279232,586967
70,2065,307742,279123,586865
71,2065,309127,279187,588314
72,2065,308751,279129,587880
73,2065,307179,279129,586308
74,2065,307179,279129,586308
75,2065,307179,279129,586308
76,2065,307179,279129,586308
77,2065,307179,279129,586308
78,2065,306934,286413,593347
79,2065,306862,284996,591858
80,2065,306855,286432,593287
81,2065,306855,286432,593287
82,2065,306855,286432,593287
83,2065,306855,286432,593287
84,2065,306855,286432,593287
85,2065,306855,286432,593287
86,2065,306855,286432,593287
87,2065,306855,286432,593287
88,2065,306855,286432,593287
89,2065,306855,286432,593287
90,2065,306855,286432,593287
91,2065,306855,286432,593287
92,2065,306855,286432,593287
93,2065,306855,286432,593287
94,2065,306855,286432,593287
95,2065,306855,286432,593287
96,2065,306855,286432,593287
97,2065,306855,286432,593287
98,2065,306855,286432,593287
99,2065,306855,286432,593287
100,2065,306855,286432,593287
0,2065,292414,276267,568681
1,2065,292414,276267,568681
2,2065,292410,276267,568677
3,2065,292524,276267,568791
4,2065,292770,276374,569144
5,2065,292782,276405,569187
6,2065,292777,275836,568613
7,2065,292789,275833,568622
8,2065,292809,276105,568914
9,2065,292817,276218,569035
10,2065,292752,276008,568760
11,2065,292786,276013,568799
12,2065,292637,275836,568473
13,2065,294207,275567,569774
14,2065,297544,275452,572996
15,2065,296712,275491,572203
16,2065,295873,275344,571217
17,2065,298696,275638,574334
18,2065,308040,277244,585284
19,2065,310244,279250,589494
20,2065,310992,279343,590335
21,2065,309447,279369,588816
22,2065,309498,279517,589015
23,2065,309548,279517,589065
24,2065,309548,279517,589065
25,2065,309548,279517,589065
26,2065,309548,279517,589065
27,2065,309548,279517,589065
28,2065,309548,279517,589065
29,2065,309548,279517,589065
30,2065,309548,279517,589065
31,2065,309548,279517,589065
32,2065,309548,279517,589065
33,2065,309548,279517,589065
34,2065,309548,279517,589065
35,2065,309548,279517,589065
36,2065,309548,279517,589065
37,2065,309933,279517,589450
38,2065,309933,279517,589450
39,2065,309933,279517,589450
40,2065,309933,279517,589450
41,2065,309933,279517,589450
42,2065,309933,279517,589450
43,2065,309933,279517,589450
44,2065,311218,279445,590663
45,2065,311218,279445,590663
46,2065,311078,279485,590563
47,2065,311078,279485,590563
48,2065,311078,279485,590563
49,2065,311078,279485,590563
50,2065,311078,279485,590563
51,2065,311087,279523,590610
52,2065,311087,279523,590610
53,2065,311087,279523,590610
54,2065,311087,279523,590610
55,2065,311087,279523,590610
56,2065,311087,279523,590610
57,2065,311087,279523,590610
58,2065,311087,279523,590610
59,2065,311087,279523,590610
60,2065,311087,279523,590610
61,2065,311087,279523,590610
62,2065,311087,279523,590610
63,2065,311197,279523,590720
64,2065,311402,279483,590885
65,2065,311494,279483,590977
66,2065,311142,279522,590664
67,2065,311181,279522,590703
68,2065,310276,279498,589774
69,2065,310326,279498,589824
70,2065,310257,279585,589842
71,2065,310672,279598,590270
72,2065,310683,279572,590255
73,2065,309854,279579,589433
74,2065,309854,279579,589433
75,2065,309854,279579,589433
76,2065,309854,279579,589433
77,2065,309854,279579,589433
78,2065,309223,297053,606276
79,2065,309182,295170,604352
80,2065,309215,297002,606217
81,2065,309223,297359,606582
82,2065,309223,297359,606582
83,2065,309223,297359,606582
84,2065,309223,297359,606582
85,2065,309223,297359,606582
86,2065,309223,297359,606582
87,2065,309223,297359,606582
88,2065,309223,297359,606582
89,2065,309223,297359,606582
90,2065,309223,297359,606582
91,2065,309223,297359,606582
92,2065,309223,297359,606582
93,2065,309223,297359,606582
94,2065,309223,297359,606582
95,2065,309223,297359,606582
96,2065,309223,297359,606582
97,2065,309223,297359,606582
98,2065,309223,297359,606582
99,2065,309223,297359,606582
100,2065,309223,297359,606582
0,2065,290839,275033,565872
1,2065,290839,275033,565872
2,2065,290835,275033,565868
3,2065,290937,275233,566170
4,2065,291005,274937,565942
5,2065,291046,275155,566201
6,2065,292232,276240,568472
7,2065,292199,276233,568432
8,2065,291249,275661,566910
9,2065,291199,275601,566800
10,2065,292123,276191,568314
11,2065,292361,276048,568409
12,2065,293171,276060,569231
13,2065,294126,275531,569657
14,2065,296668,275937,572605
15,2065,295244,275388,570632
16,2065,296127,275713,571840
17,2065,298662,276231,574893
18,2065,305162,277907,583069
19,2065,309543,280666,590209
20,2065,310358,280573,590931
21,2065,310236,280007,590243
22,2065,310517,280086,590603
23,2065,310504,280086,590590
24,2065,310504,280086,590590
25,2065,310504,280086,590590
26,2065,310504,280086,590590
27,2065,310504,280086,590590
28,2065,310504,280086,590590
29,2065,310504,280086,590590
30,2065,310504,280086,590590
31,2065,310504,280086,590590
32,2065,310504,280086,590590
33,2065,310504,280086,590590
34,2065,310504,280086,590590
35,2065,310504,280086,590590
36,2065,310504,280086,590590
37,2065,310568,280086,590654
38,2065,310568,280086,590654
39,2065,310568,280086,590654
40,2065,310568,280086,590654
41,2065,310949,280086,591035
42,2065,310949,280086,591035
43,2065,310949,280086,591035
44,2065,311212,280770,591982
45,2065,311212,280770,591982
46,2065,311402,280718,592120
47,2065,311402,280718,592120
48,2065,311402,280718,592120
49,2065,311402,280718,592120
50,2065,311402,280718,592120
51,2065,311402,280757,592159
52,2065,311402,280757,592159
53,2065,311402,280757,592159
54,2065,311402,280757,592159
55,2065,311402,280757,592159
56,2065,311402,280757,592159
57,2065,311402,280757,592159
58,2065,311402,280757,592159
59,2065,311402,280757,592159
60,2065,311402,280757,592159
61,2065,311402,280757,592159
62,2065,311402,280757,592159
63,2065,311500,280757,592257
64,2065,311363,280826,592189
65,2065,311724,280826,592550
66,2065,311611,280757,592368
67,2065,311478,280757,592235
68,2065,311136,280282,591418
69,2065,311224,280386,591610
70,2065,311089,280359,591448
71,2065,311023,280782,591805
72,2065,311415,280757,592172
73,2065,310475,280113,590588
74,2065,310475,280113,590588
75,2065,310475,280113,590588
76,2065,310475,280113,590588
77,2065,310475,280113,590588
78,2065,312080,301426,613506
79,2065,311717,300216,611933
80,2065,312078,301550,613628
81,2065,312097,305369,617466
82,2065,312097,305369,617466
83,2065,312097,305369,617466
84,2065,312097,305369,617466
85,2065,312097,305369,617466
86,2065,312097,305369,617466
87,2065,312097,305369,617466
88,2065,312097,305369,617466
89,2065,312097,305369,617466
90,2065,312097,305369,617466
91,2065,312097,305369,617466
92,2065,312097,305369,617466
93,2065,312097,305369,617466
94,2065,312097,305369,617466
95,2065,312097,305369,617466
96,2065,312097,305369,617466
97,2065,312097,305369,617466
98,2065,312097,305369,617466
99,2065,312097,305369,617466
100,2065,312097,305369,617466
0,2065,289659,274603,564262
1,2065,289659,274603,564262
2,2065,289665,274603,564268
3,2065,290131,274992,565123
4,2065,290075,275018,565093
5,2065,290517,275453,565970
6,2065,291142,275727,566869
7,2065,291129,275727,566856
8,2065,291983,276029,568012
9,2065,291141,275810,566951
10,2065,291146,275616,566762
11,2065,292016,276074,568090
12,2065,292897,276138,569035
13,2065,294262,276019,570281
14,2065,294683,275572,570255
15,2065,297679,275397,573076
16,2065,295993,275946,571939
17,2065,298812,276626,575438
18,2065,303893,278118,582011
19,2065,307392,280296,587688
20,2065,308113,280287,588400
21,2065,310267,280533,590800
22,2065,310619,280734,591353
23,2065,310685,280734,591419
24,2065,310685,280734,591419
25,2065,310685,280734,591419
26,2065,310685,280734,591419
27,2065,310685,280734,591419
28,2065,310685,280734,591419
29,2065,310685,280734,591419
30,2065,310685,280734,591419
31,2065,310685,280734,591419
32,2065,310685,280734,591419
33,2065,310685,280734,591419
34,2065,310685,280734,591419
35,2065,310685,280734,591419
36,2065,310685,280734,591419
37,2065,310706,280734,591440
38,2065,310706,280734,591440
39,2065,310706,280734,591440
40,2065,310706,280734,591440
41,2065,311060,280758,591818
42,2065,311060,280758,591818
43,2065,311060,280758,591818
44,2065,310515,280639,591154
45,2065,310515,280639,591154
46,2065,310557,280639,591196
47,2065,310557,280639,591196
48,2065,310557,280639,591196
49,2065,310557,280639,591196
50,2065,310557,280639,591196
51,2065,310557,280639,591196
52,2065,310557,280639,591196
53,2065,310557,280639,591196
54,2065,310557,280639,591196
55,2065,310557,280639,591196
56,2065,310557,280639,591196
57,2065,310557,280639,591196
58,2065,310557,280639,591196
59,2065,310557,280639,591196
60,2065,310557,280639,591196
61,2065,310557,280639,591196
62,2065,310557,280639,591196
63,2065,310910,280639,591549
64,2065,310761,280639,591400
65,2065,311033,280639,591672
66,2065,311135,280672,591807
67,2065,310932,280639,591571
68,2065,311116,280771,591887
69,2065,311041,280703,591744
70,2065,310992,280666,591658
71,2065,310516,280639,591155
72,2065,310473,280639,591112
73,2065,311008,280697,591705
74,2065,311008,280697,591705
75,2065,311008,280697,591705
76,2065,311008,280697,591705
77,2065,311008,280697,591705
78,2065,314470,302480,616950
79,2065,314144,302411,616555
80,2065,314352,302829,617181
81,2065,316242,304224,620466
82,2065,316242,304224,620466
83,2065,316242,304224,620466
84,2065,316242,304224,620466
85,2065,316242,304224,620466
86,2065,316242,304224,620466
87,2065,316242,304224,620466
88,2065,316242,304224,620466
89,2065,316242,304224,620466
90,2065,316242,304224,620466
91,2065,316242,304224,620466
92,2065,316242,304224,620466
93,2065,316242,304224,620466
94,2065,316242,304224,620466
95,2065,316242,304224,620466
96,2065,316242,304224,620466
97,2065,316242,304224,620466
98,2065,316242,304224,620466
99,2065,316242,304224,620466
100,2065,316242,304224,620466
0,2065,289139,272661,561800
1,2065,289139,272661,561800
2,2065,289140,272661,561801
3,2065,289119,272764,561883
4,2065,289360,272455,561815
5,2065,290329,273837,564166
6,2065,290582,275044,565626
7,2065,290513,275001,565514
8,2065,291822,275327,567149
9,2065,292040,275205,567245
10,2065,290765,275121,565886
11,2065,291646,275629,567275
12,2065,292463,275852,568315
13,2065,293960,275907,569867
14,2065,294086,274870,568956
15,2065,297101,275906,573007
16,2065,295988,275549,571537
17,2065,299178,275915,575093
18,2065,303074,277430,580504
19,2065,305532,280384,585916
20,2065,307797,280492,588289
21,2065,309263,280395,589658
22,2065,309846,280601,590447
23,2065,310066,280601,590667
24,2065,310068,280601,590669
25,2065,310068,280601,590669
26,2065,310068,280601,590669
27,2065,310068,280601,590669
28,2065,310068,280601,590669
29,2065,310068,280601,590669
30,2065,310068,280601,590669
31,2065,310068,280601,590669
32,2065,310068,280601,590669
33,2065,310068,280601,590669
34,2065,310068,280601,590669
35,2065,310068,280601,590669
36,2065,310068,280601,590669
37,2065,310106,280601,590707
38,2065,310106,280601,590707
39,2065,310106,280601,590707
40,2065,310106,280601,590707
41,2065,310504,280601,591105
42,2065,310504,280601,591105
43,2065,310504,280601,591105
44,2065,310371,280615,590986
45,2065,310371,280615,590986
46,2065,310431,280601,591032
47,2065,310431,280601,591032
48,2065,310431,280601,591032
49,2065,310431,280601,591032
50,2065,310431,280601,591032
51,2065,310431,280601,591032
52,2065,310431,280601,591032
53,2065,310431,280601,591032
54,2065,310431,280601,591032
55,2065,310431,280601,591032
56,2065,310431,280601,591032
57,2065,310431,280601,591032
58,2065,310431,280601,591032
59,2065,310431,280601,591032
60,2065,310425,280601,591026
61,2065,310396,280601,590997
62,2065,310384,280601,590985
63,2065,310452,280601,591053
64,2065,310622,280615,591237
65,2065,310565,280615,591180
66,2065,310466,280601,591067
67,2065,310560,280601,591161
68,2065,310503,280601,591104
69,2065,310459,280601,591060
70,2065,310415,280601,591016
71,2065,310321,280601,590922
72,2065,310394,280611,591005
73,2065,310297,280601,590898
74,2065,310297,280601,590898
75,2065,310297,280601,590898
76,2065,310297,280601,590898
77,2065,310297,280601,590898
78,2065,316765,303090,619855
79,2065,316576,303067,619643
80,2065,316701,303735,620436
81,2065,316971,305349,622320
82,2065,316971,305349,622320
83,2065,316971,305349,622320
84,2065,316971,305349,622320
85,2065,316971,305349,622320
86,2065,316971,305349,622320
87,2065,316971,305349,622320
88,2065,316971,305349,622320
89,2065,316971,305349,622320
90,2065,316971,305349,622320
91,2065,316971,305349,622320
92,2065,316971,305349,622320
93,2065,316971,305349,622320
94,2065,316971,305349,622320
95,2065,316971,305349,622320
96,2065,316971,305349,622320
97,2065,316971,305349,622320
98,2065,316971,305349,622320
99,2065,316971,305349,622320
100,2065,316971,305349,622320
0,2065,290394,273022,563416
1,2065,290394,272960,563354
2,2065,290359,272960,563319
3,2065,290259,272886,563145
4,2065,290454,272808,563262
5,2065,291611,274441,566052
6,2065,290844,274238,565082
7,2065,290993,274439,565432
8,2065,292558,275788,568346
9,2065,292683,276220,568903
10,2065,290916,274282,565198
11,2065,292270,275799,568069
12,2065,292527,276121,568648
13,2065,293904,275836,569740
14,2065,293814,275619,569433
15,2065,296491,275550,572041
16,2065,296013,275404,571417
17,2065,300549,276014,576563
18,2065,303703,277256,580959
19,2065,304886,279668,584554
20,2065,307763,280642,588405
21,2065,308577,280432,589009
22,2065,309209,280601,589810
23,2065,309657,280601,590258
24,2065,309658,280601,590259
25,2065,309658,280601,590259
26,2065,309658,280601,590259
27,2065,309658,280601,590259
28,2065,309658,280601,590259
29,2065,309658,280601,590259
30,2065,309658,280601,590259
31,2065,309658,280601,590259
32,2065,309658,280601,590259
33,2065,309658,280601,590259
34,2065,309658,280601,590259
35,2065,309658,280601,590259
36,2065,309658,280601,590259
37,2065,309666,280681,590347
38,2065,309666,280681,590347
39,2065,309666,280681,590347
40,2065,309666,280681,590347
41,2065,310400,280705,591105
42,2065,310400,280705,591105
43,2065,310400,280705,591105
44,2065,310418,280719,591137
45,2065,310418,280719,591137
46,2065,310454,280719,591173
47,2065,310454,280719,591173
48,2065,310454,280719,591173
49,2065,310454,280719,591173
50,2065,310454,280719,591173
51,2065,310454,280719,591173
52,2065,310454,280719,591173
53,2065,310454,280719,591173
54,2065,310454,280719,591173
55,2065,310454,280719,591173
56,2065,310454,280719,591173
57,2065,310454,280719,591173
58,2065,310454,280719,591173
59,2065,310454,280719,591173
60,2065,310454,280719,591173
61,2065,310425,280719,591144
62,2065,310355,280719,591074
63,2065,310557,280719,591276
64,2065,310622,280709,591331
65,2065,310657,280709,591366
66,2065,310551,280719,591270
67,2065,310578,280709,591287
68,2065,310595,280719,591314
69,2065,310527,280719,591246
70,2065,310501,280719,591220
71,2065,310167,280719,590886
72,2065,310365,280719,591084
73,2065,310097,280705,590802
74,2065,310097,280705,590802
75,2065,310097,280705,590802
76,2065,310097,280705,590802
77,2065,310097,280705,590802
78,2065,316031,304649,620680
79,2065,316015,304523,620538
80,2065,316491,304884,621375
81,2065,317021,307179,624200
82,2065,317021,307179,624200
83,2065,317021,307179,624200
84,2065,317021,307179,624200
85,2065,317021,307179,624200
86,2065,317021,307179,624200
87,2065,317021,307179,624200
88,2065,317021,307179,624200
89,2065,317021,307179,624200
90,2065,317021,307179,624200
91,2065,317021,307179,624200
92,2065,317021,307179,624200
93,2065,317021,307179,624200
94,2065,317021,307179,624200
95,2065,317021,307179,624200
96,2065,317021,307179,624200
97,2065,317021,307179,624200
98,2065,317021,307179,624200
99,2065,317021,307179,624200
100,2065,317021,307179,624200
0,2065,291389,273588,564977
1,2065,291361,273588,564949
2,2065,291342,273588,564930
3,2065,290486,273473,563959
4,2065,291427,273538,564965
5,2065,292690,275544,568234
6,2065,291841,274747,566588
7,2065,291918,275199,567117
8,2065,292254,275800,568054
9,2065,291248,275379,566627
10,2065,292120,274848,566968
11,2065,292386,276244,568630
12,2065,292471,275750,568221
13,2065,293842,275635,569477
14,2065,294684,275923,570607
15,2065,295202,274951,570153
16,2065,296309,275544,571853
17,2065,300680,275961,576641
18,2065,306176,277396,583572
19,2065,304844,279082,583926
20,2065,307760,280252,588012
21,2065,308575,280608,589183
22,2065,309265,280695,589960
23,2065,309759,280695,590454
24,2065,309761,280695,590456
25,2065,309761,280695,590456
26,2065,309761,280695,590456
27,2065,309761,280695,590456
28,2065,309761,280695,590456
29,2065,309761,280695,590456
30,2065,309761,280695,590456
31,2065,309761,280695,590456
32,2065,309761,280695,590456
33,2065,309761,280695,590456
34,2065,309761,280695,590456
35,2065,309761,280695,590456
36,2065,309761,280695,590456
37,2065,309760,280695,590455
38,2065,309760,280695,590455
39,2065,309760,280695,590455
40,2065,309760,280695,590455
41,2065,310532,280719,591251
42,2065,310532,280719,591251
43,2065,310532,280719,591251
44,2065,310612,280709,591321
45,2065,310612,280709,591321
46,2065,310612,280709,591321
47,2065,310612,280709,591321
48,2065,310612,280709,591321
49,2065,310612,280709,591321
50,2065,310612,280709,591321
51,2065,310612,280709,591321
52,2065,310612,280709,591321
53,2065,310612,280709,591321
54,2065,310612,280709,591321
55,2065,310612,280709,591321
56,2065,310612,280709,591321
57,2065,310612,280709,591321
58,2065,310612,280709,591321
59,2065,310612,280709,591321
60,2065,310612,280709,591321
61,2065,310583,280709,591292
62,2065,310342,280719,591061
63,2065,310663,280709,591372
64,2065,310791,280709,591500
65,2065,310817,280709,591526
66,2065,310711,280709,591420
67,2065,310719,280709,591428
68,2065,310627,280709,591336
69,2065,310569,280709,591278
70,2065,310553,280709,591262
71,2065,310114,280719,590833
72,2065,310402,280719,591121
73,2065,310099,280695,590794
74,2065,310099,280695,590794
75,2065,310099,280695,590794
76,2065,310099,280695,590794
77,2065,310099,280695,590794
78,2065,316416,306500,622916
79,2065,316414,306851,623265
80,2065,317112,306603,623715
81,2065,320548,305311,625859
82,2065,320548,305311,625859
83,2065,320548,305311,625859
84,2065,320548,305311,625859
85,2065,320548,305311,625859
86,2065,320548,305311,625859
87,2065,320548,305311,625859
88,2065,320548,305311,625859
89,2065,320548,305311,625859
90,2065,320548,305311,625859
91,2065,320548,305311,625859
92,2065,320548,305311,625859
93,2065,320548,305311,625859
94,2065,320548,305311,625859
95,2065,320548,305311,625859
96,2065,320548,305311,625859
97,2065,320548,305311,625859
98,2065,320548,305311,625859
99,2065,320548,305311,625859
100,2065,320548,305311,625859
0,2065,292751,275522,568273
1,2065,292768,275518,568286
2,2065,292769,275518,568287
3,2065,291789,274356,566145
4,2065,293025,274710,567735
5,2065,292813,276399,569212
6,2065,292765,276223,568988
7,2065,292672,276268,568940
8,2065,292330,276276,568606
9,2065,291393,275989,567382
10,2065,292673,276157,568830
11,2065,291584,275622,567206
12,2065,292581,275830,568411
13,2065,294134,275933,570067
14,2065,295041,276344,571385
15,2065,297727,275310,573037
16,2065,296109,275747,571856
17,2065,313874,275931,589805
18,2065,305144,277547,582691
19,2065,305947,279202,585149
20,2065,308539,280233,588772
21,2065,309150,280634,589784
22,2065,309340,280727,590067
23,2065,309735,280695,590430
24,2065,309736,280695,590431
25,2065,309736,280695,590431
26,2065,309736,280695,590431
27,2065,309736,280695,590431
28,2065,309736,280695,590431
29,2065,309736,280695,590431
30,2065,309736,280695,590431
31,2065,309736,280695,590431
32,2065,309736,280695,590431
33,2065,309736,280695,590431
34,2065,309736,280695,590431
35,2065,309736,280695,590431
36,2065,309736,280695,590431
37,2065,309736,280695,590431
38,2065,309736,280695,590431
39,2065,309736,280695,590431
40,2065,309736,280695,590431
41,2065,310615,280709,591324
42,2065,310615,280709,591324
43,2065,310615,280709,591324
44,2065,310580,280709,591289
45,2065,310580,280709,591289
46,2065,310589,280709,591298
47,2065,310589,280709,591298
48,2065,310589,280709,591298
49,2065,310589,280709,591298
50,2065,310589,280709,591298
51,2065,310589,280709,591298
52,2065,310589,280709,591298
53,2065,310589,280709,591298
54,2065,310589,280709,591298
55,2065,310589,280709,591298
56,2065,310589,280709,591298
57,2065,310589,280709,591298
58,2065,310589,280709,591298
59,2065,310589,280709,591298
60,2065,310589,280709,591298
61,2065,310560,280709,591269
62,2065,310362,280719,591081
63,2065,310688,280709,591397
64,2065,310777,280709,591486
65,2065,310815,280709,591524
66,2065,310706,280709,591415
67,2065,310743,280709,591452
68,2065,310757,280709,591466
69,2065,310692,280709,591401
70,2065,310676,280709,591385
71,2065,310183,280695,590878
72,2065,310549,280719,591268
73,2065,310133,280695,590828
74,2065,310133,280695,590828
75,2065,310133,280695,590828
76,2065,310133,280695,590828
77,2065,310133,280695,590828
78,2065,319143,305453,624596
79,2065,319327,305676,625003
80,2065,319274,305068,624342
81,2065,318978,306401,625379
82,2065,318978,306401,625379
83,2065,318978,306401,625379
84,2065,318978,306401,625379
85,2065,318978,306401,625379
86,2065,318978,306401,625379
87,2065,318978,306401,625379
88,2065,318978,306401,625379
89,2065,318978,306401,625379
90,2065,318978,306401,625379
91,2065,318978,306401,625379
92,2065,318978,306401,625379
93,2065,318978,306401,625379
94,2065,318978,306401,625379
95,2065,318978,306401,625379
96,2065,318978,306401,625379
97,2065,318978,306401,625379
98,2065,318978,306401,625379
99,2065,318978,306401,625379
100,2065,318978,306401,625379
0,2065,292327,275510,567837
1,2065,292327,275659,567986
2,2065,292320,275647,567967
3,2065,292875,275527,568402
4,2065,292828,275721,568549
5,2065,291154,274409,565563
6,2065,291431,275516,566947
7,2065,291405,275336,566741
8,2065,290990,275061,566051
9,2065,292128,275695,567823
10,2065,291559,275769,567328
11,2065,291377,275586,566963
12,2065,293155,276000,569155
13,2065,294189,275958,570147
14,2065,295769,275717,571486
15,2065,297153,275649,572802
16,2065,295944,275372,571316
17,2065,307331,276682,584013
18,2065,304499,277441,581940
19,2065,307335,279222,586557
20,2065,309367,280247,589614
21,2065,309425,280514,589939
22,2065,309452,280752,590204
23,2065,309762,280695,590457
24,2065,309764,280695,590459
25,2065,309764,280695,590459
26,2065,309764,280695,590459
27,2065,309764,280695,590459
28,2065,309764,280695,590459
29,2065,309764,280695,590459
30,2065,309764,280695,590459
31,2065,309764,280695,590459
32,2065,309764,280695,590459
33,2065,309764,280695,590459
34,2065,309764,280695,590459
35,2065,309764,280695,590459
36,2065,309764,280695,590459
37,2065,309738,280695,590433
38,2065,309738,280695,590433
39,2065,309738,280695,590433
40,2065,309738,280695,590433
41,2065,310581,280709,591290
42,2065,310581,280709,591290
43,2065,310581,280709,591290
44,2065,310522,280709,591231
45,2065,310522,280709,591231
46,2065,310522,280709,591231
47,2065,310522,280709,591231
48,2065,310522,280709,591231
49,2065,310522,280709,591231
50,2065,310522,280709,591231
51,2065,310522,280709,591231
52,2065,310522,280709,591231
53,2065,310522,280709,591231
54,2065,310522,280709,591231
55,2065,310522,280709,591231
56,2065,310522,280709,591231
57,2065,310522,280709,591231
58,2065,310522,280709,591231
59,2065,310522,280709,591231
60,2065,310522,280709,591231
61,2065,310493,280709,591202
62,2065,310500,280719,591219
63,2065,310622,280709,591331
64,2065,310711,280709,591420
65,2065,310854,280709,591563
66,2065,310736,280709,591445
67,2065,310677,280709,591386
68,2065,310743,280709,591452
69,2065,310668,280709,591377
70,2065,310642,280709,591351
71,2065,310117,280719,590836
72,2065,310404,280709,591113
73,2065,310176,280695,590871
74,2065,310176,280695,590871
75,2065,310176,280695,590871
76,2065,310176,280695,590871
77,2065,310176,280695,590871
78,2065,317218,306629,623847
79,2065,317604,306070,623674
80,2065,317715,306312,624027
81,2065,319435,304795,624230
82,2065,319435,304795,624230
83,2065,319435,304795,624230
84,2065,319435,304795,624230
85,2065,319435,304795,624230
86,2065,319435,304795,624230
87,2065,319435,304795,624230
88,2065,319435,304795,624230
89,2065,319435,304795,624230
90,2065,319435,304795,624230
91,2065,319435,304795,624230
92,2065,319435,304795,624230
93,2065,319435,304795,624230
94,2065,319435,304795,624230
95,2065,319435,304795,624230
96,2065,319435,304795,624230
97,2065,319435,304795,624230
98,2065,319435,304795,624230
99,2065,319435,304795,624230
100,2065,319435,304795,624230
0,2065,292237,275533,567770
1,2065,292258,275489,567747
2,2065,292255,275489,567744
3,2065,292520,275565,568085
4,2065,292646,275922,568568
5,2065,290941,274761,565702
6,2065,291650,275540,567190
7,2065,291571,275602,567173
8,2065,290150,274568,564718
9,2065,292443,275886,568329
10,2065,291915,275595,567510
11,2065,292561,275926,568487
12,2065,293011,276402,569413
13,2065,293947,275772,569719
14,2065,294479,275523,570002
15,2065,297722,275788,573510
16,2065,296132,275359,571491
17,2065,303346,276680,580026
18,2065,304374,277451,581825
19,2065,307952,279352,587304
20,2065,309700,280525,590225
21,2065,308980,280464,589444
22,2065,309470,280601,590071
23,2065,309775,280616,590391
24,2065,309777,280616,590393
25,2065,309777,280616,590393
26,2065,309777,280616,590393
27,2065,309777,280616,590393
28,2065,309777,280616,590393
29,2065,309777,280616,590393
30,2065,309777,280616,590393
31,2065,309777,280616,590393
32,2065,309777,280616,590393
33,2065,309777,280616,590393
34,2065,309777,280616,590393
35,2065,309777,280616,590393
36,2065,309777,280616,590393
37,2065,309777,280616,590393
38,2065,309777,280616,590393
39,2065,309777,280616,590393
40,2065,309777,280616,590393
41,2065,310522,280709,591231
42,2065,310522,280709,591231
43,2065,310522,280709,591231
44,2065,310523,280709,591232
45,2065,310523,280709,591232
46,2065,310523,280709,591232
47,2065,310523,280709,591232
48,2065,310523,280709,591232
49,2065,310523,280709,591232
50,2065,310523,280709,591232
51,2065,310523,280709,591232
52,2065,310523,280709,591232
53,2065,310523,280709,591232
54,2065,310523,280709,591232
55,2065,310523,280709,591232
56,2065,310523,280709,591232
57,2065,310523,280709,591232
58,2065,310523,280709,591232
59,2065,310523,280709,591232
60,2065,310523,280709,591232
61,2065,310494,280709,591203
62,2065,310481,280709,591190
63,2065,310622,280709,591331
64,2065,310711,280709,591420
65,2065,310728,280709,591437
66,2065,310677,280709,591386
67,2065,310677,280709,591386
68,2065,310677,280709,591386
69,2065,310602,280709,591311
70,2065,310576,280709,591285
71,2065,310117,280695,590812
72,2065,310481,280719,591200
73,2065,310143,280719,590862
74,2065,310143,280719,590862
75,2065,310143,280719,590862
76,2065,310143,280719,590862
77,2065,310143,280719,590862
78,2065,319280,304872,624152
79,2065,317218,306403,623621
80,2065,318885,305538,624423
81,2065,315816,304901,620717
82,2065,315816,304901,620717
83,2065,315816,304901,620717
84,2065,315816,304901,620717
85,2065,315816,304901,620717
86,2065,315816,304901,620717
87,2065,315816,304901,620717
88,2065,315816,304901,620717
89,2065,315816,304901,620717
90,2065,315816,304901,620717
91,2065,315816,304901,620717
92,2065,315816,304901,620717
93,2065,315816,304901,620717
94,2065,315816,304901,620717
95,2065,315816,304901,620717
96,2065,315816,304901,620717
97,2065,315816,304901,620717
98,2065,315816,304901,620717
99,2065,315816,304901,620717
100,2065,315816,304901,620717
0,2065,292050,274642,566692
1,2065,291992,274566,566558
2,2065,292049,274566,566615
3,2065,292288,275393,567681
4,2065,292350,275433,567783
5,2065,291665,275418,567083
6,2065,292616,275683,568299
7,2065,292591,275714,568305
8,2065,289388,272724,562112
9,2065,292120,275796,567916
10,2065,292494,275697,568191
11,2065,292571,276455,569026
12,2065,292461,275605,568066
13,2065,293891,275625,569516
14,2065,294576,275565,570141
15,2065,296947,275357,572304
16,2065,296197,275623,571820
17,2065,302139,276579,578718
18,2065,304368,277408,581776
19,2065,309074,279536,588610
20,2065,308796,280425,589221
21,2065,308818,280514,589332
22,2065,309431,280601,590032
23,2065,309749,280616,590365
24,2065,309751,280616,590367
25,2065,309751,280616,590367
26,2065,309751,280616,590367
27,2065,309751,280616,590367
28,2065,309751,280616,590367
29,2065,309751,280616,590367
30,2065,309751,280616,590367
31,2065,309751,280616,590367
32,2065,309751,280616,590367
33,2065,309751,280616,590367
34,2065,309751,280616,590367
35,2065,309751,280616,590367
36,2065,309751,280616,590367
37,2065,309751,280616,590367
38,2065,309751,280616,590367
39,2065,309751,280616,590367
40,2065,309751,280616,590367
41,2065,310523,280709,591232
42,2065,310523,280709,591232
43,2065,310523,280709,591232
44,2065,310523,280709,591232
45,2065,310523,280709,591232
46,2065,310523,280709,591232
47,2065,310523,280709,591232
48,2065,310523,280709,591232
49,2065,310523,280709,591232
50,2065,310523,280709,591232
51,2065,310523,280709,591232
52,2065,310523,280709,591232
53,2065,310523,280709,591232
54,2065,310523,280709,591232
55,2065,310523,280709,591232
56,2065,310523,280709,591232
57,2065,310523,280709,591232
58,2065,310523,280709,591232
59,2065,310523,280709,591232
60,2065,310523,280709,591232
61,2065,310502,280709,591211
62,2065,310533,280709,591242
63,2065,310629,280709,591338
64,2065,310711,280709,591420
65,2065,310748,280709,591457
66,2065,310677,280709,591386
67,2065,310677,280709,591386
68,2065,310677,280709,591386
69,2065,310602,280709,591311
70,2065,310576,280709,591285
71,2065,310117,280695,590812
72,2065,310465,280709,591174
73,2065,310117,280719,590836
74,2065,310117,280719,590836
75,2065,310117,280719,590836
76,2065,310117,280719,590836
77,2065,310117,280719,590836
78,2065,317018,305496,622514
79,2065,319763,304916,624679
80,2065,316558,305659,622217
81,2065,315093,304229,619322
82,2065,315093,304229,619322
83,2065,315093,304229,619322
84,2065,315093,304229,619322
85,2065,315093,304229,619322
86,2065,315093,304229,619322
87,2065,315093,304229,619322
88,2065,315093,304229,619322
89,2065,315093,304229,619322
90,2065,315093,304229,619322
91,2065,315093,304229,619322
92,2065,315093,304229,619322
93,2065,315093,304229,619322
94,2065,315093,304229,619322
95,2065,315093,304229,619322
96,2065,315093,304229,619322
97,2065,315093,304229,619322
98,2065,315093,304229,619322
99,2065,315093,304229,619322
100,2065,315093,304229,619322
0,2065,292467,275809,568276
1,2065,292460,275777,568237
2,2065,292457,275777,568234
3,2065,292245,275154,567399
4,2065,292274,275644,567918
5,2065,292620,276606,569226
6,2065,292731,276392,569123
7,2065,292547,276434,568981
8,2065,290424,273014,563438
9,2065,292125,275680,567805
10,2065,292649,276206,568855
11,2065,291627,275325,566952
12,2065,292214,276093,568307
13,2065,294275,275933,570208
14,2065,294898,275677,570575
15,2065,296696,275498,572194
16,2065,296083,275608,571691
17,2065,302392,276114,578506
18,2065,304800,277408,582208
19,2065,308341,280112,588453
20,2065,308246,280444,588690
21,2065,308721,280514,589235
22,2065,309400,280616,590016
23,2065,309775,280616,590391
24,2065,309777,280616,590393
25,2065,309777,280616,590393
26,2065,309777,280616,590393
27,2065,309777,280616,590393
28,2065,309777,280616,590393
29,2065,309777,280616,590393
30,2065,309777,280616,590393
31,2065,309777,280616,590393
32,2065,309777,280616,590393
33,2065,309777,280616,590393
34,2065,309777,280616,590393
35,2065,309777,280616,590393
36,2065,309777,280616,590393
37,2065,309751,280616,590367
38,2065,309751,280616,590367
39,2065,309751,280616,590367
40,2065,309751,280616,590367
41,2065,310523,280709,591232
42,2065,310523,280709,591232
43,2065,310523,280709,591232
44,2065,310523,280709,591232
45,2065,310523,280709,591232
46,2065,310523,280709,591232
47,2065,310523,280709,591232
48,2065,310523,280709,591232
49,2065,310523,280709,591232
50,2065,310523,280709,591232
51,2065,310523,280709,591232
52,2065,310523,280709,591232
53,2065,310523,280709,591232
54,2065,310523,280709,591232
55,2065,310523,280709,591232
56,2065,310523,280709,591232
57,2065,310523,280709,591232
58,2065,310523,280709,591232
59,2065,310523,280709,591232
60,2065,310523,280709,591232
61,2065,310502,280709,591211
62,2065,310490,280709,591199
63,2065,310629,280709,591338
64,2065,310711,280709,591420
65,2065,310728,280709,591437
66,2065,310677,280709,591386
67,2065,310677,280709,591386
68,2065,310677,280709,591386
69,2065,310609,280709,591318
70,2065,310583,280709,591292
71,2065,310117,280695,590812
72,2065,310465,280709,591174
73,2065,310117,280695,590812
74,2065,310117,280695,590812
75,2065,310117,280695,590812
76,2065,310117,280695,590812
77,2065,310117,280695,590812
78,2065,315589,306728,622317
79,2065,317850,304290,622140
80,2065,315286,304700,619986
81,2065,313486,303270,616756
82,2065,313486,303270,616756
83,2065,313486,303270,616756
84,2065,313486,303270,616756
85,2065,313486,303270,616756
86,2065,313486,303270,616756
87,2065,313486,303270,616756
88,2065,313486,303270,616756
89,2065,313486,303270,616756
90,2065,313486,303270,616756
91,2065,313486,303270,616756
92,2065,313486,303270,616756
93,2065,313486,303270,616756
94,2065,313486,303270,616756
95,2065,313486,303270,616756
96,2065,313486,303270,616756
97,2065,313486,303270,616756
98,2065,313486,303270,616756
99,2065,313486,303270,616756
100,2065,313486,303270,616756
0,2065,292071,275839,567910
1,2065,292089,275900,567989
2,2065,292086,275900,567986
3,2065,292381,275949,568330
4,2065,292447,276194,568641
5,2065,291076,274117,565193
6,2065,291032,274854,565886
7,2065,290997,274886,565883
8,2065,291455,273560,565015
9,2065,292220,275875,568095
10,2065,291207,275214,566421
11,2065,291288,275553,566841
12,2065,293021,276358,569379
13,2065,294152,276089,570241
14,2065,295132,275773,570905
15,2065,295672,275405,571077
16,2065,296009,275276,571285
17,2065,303498,276207,579705
18,2065,304580,277399,581979
19,2065,307593,280366,587959
20,2065,308648,280447,589095
21,2065,309185,280529,589714
22,2065,309411,280647,590058
23,2065,309775,280616,590391
24,2065,309777,280624,590401
25,2065,309777,280624,590401
26,2065,309777,280624,590401
27,2065,309777,280624,590401
28,2065,309777,280624,590401
29,2065,309777,280624,590401
30,2065,309777,280624,590401
31,2065,309777,280624,590401
32,2065,309777,280624,590401
33,2065,309777,280624,590401
34,2065,309777,280624,590401
35,2065,309777,280624,590401
36,2065,309777,280624,590401
37,2065,309777,280616,590393
38,2065,309777,280616,590393
39,2065,309777,280616,590393
40,2065,309777,280616,590393
41,2065,310523,280709,591232
42,2065,310523,280709,591232
43,2065,310523,280709,591232
44,2065,310523,280709,591232
45,2065,310523,280709,591232
46,2065,310523,280709,591232
47,2065,310523,280709,591232
48,2065,310523,280709,591232
49,2065,310523,280709,591232
50,2065,310523,280709,591232
51,2065,310523,280709,591232
52,2065,310523,280709,591232
53,2065,310523,280709,591232
54,2065,310523,280709,591232
55,2065,310523,280709,591232
56,2065,310523,280709,591232
57,2065,310523,280709,591232
58,2065,310523,280709,591232
59,2065,310523,280709,591232
60,2065,310523,280709,591232
61,2065,310502,280709,591211
62,2065,310482,280709,591191
63,2065,310622,280709,591331
64,2065,310711,280709,591420
65,2065,310776,280709,591485
66,2065,310677,280709,591386
67,2065,310677,280709,591386
68,2065,310677,280709,591386
69,2065,310609,280709,591318
70,2065,310583,280709,591292
71,2065,310117,280695,590812
72,2065,310465,280709,591174
73,2065,310117,280695,590812
74,2065,310117,280695,590812
75,2065,310117,280695,590812
76,2065,310117,280695,590812
77,2065,310117,280695,590812
78,2065,319253,303696,622949
79,2065,314882,303302,618184
80,2065,314483,304209,618692
81,2065,313400,302807,616207
82,2065,313400,302807,616207
83,2065,313400,302807,616207
84,2065,313400,302807,616207
85,2065,313400,302807,616207
86,2065,313400,302807,616207
87,2065,313400,302807,616207
88,2065,313400,302807,616207
89,2065,313400,302807,616207
90,2065,313400,302807,616207
91,2065,313400,302807,616207
92,2065,313400,302807,616207
93,2065,313400,302807,616207
94,2065,313400,302807,616207
95,2065,313400,302807,616207
96,2065,313400,302807,616207
97,2065,313400,302807,616207
98,2065,313400,302807,616207
99,2065,313400,302807,616207
100,2065,313400,302807,616207
0,2065,291929,276118,568047
1,2065,292050,276184,568234
2,2065,292024,276184,568208
3,2065,292099,275673,567772
4,2065,291120,275219,566339
5,2065,290898,274381,565279
6,2065,290201,274869,565070
7,2065,289966,274416,564382
8,2065,293136,274868,568004
9,2065,292151,275983,568134
10,2065,291191,275417,566608
11,2065,292570,276264,568834
12,2065,292503,275712,568215
13,2065,293667,275662,569329
14,2065,296166,275731,571897
15,2065,295497,275115,570612
16,2065,296079,275458,571537
17,2065,303229,276582,579811
18,2065,304477,277399,581876
19,2065,306568,280199,586767
20,2065,308456,280490,588946
21,2065,309412,280464,589876
22,2065,309419,280647,590066
23,2065,309775,280624,590399
24,2065,309777,280624,590401
25,2065,309777,280624,590401
26,2065,309777,280624,590401
27,2065,309777,280624,590401
28,2065,309777,280624,590401
29,2065,309777,280624,590401
30,2065,309777,280624,590401
31,2065,309777,280624,590401
32,2065,309777,280624,590401
33,2065,309777,280624,590401
34,2065,309777,280624,590401
35,2065,309777,280624,590401
36,2065,309777,280624,590401
37,2065,309777,280624,590401
38,2065,309777,280624,590401
39,2065,309777,280624,590401
40,2065,309777,280624,590401
41,2065,310523,280709,591232
42,2065,310523,280709,591232
43,2065,310523,280709,591232
44,2065,310523,280709,591232
45,2065,310523,280709,591232
46,2065,310523,280709,591232
47,2065,310523,280709,591232
48,2065,310523,280709,591232
49,2065,310523,280709,591232
50,2065,310523,280709,591232
51,2065,310523,280709,591232
52,2065,310523,280709,591232
53,2065,310523,280709,591232
54,2065,310523,280709,591232
55,2065,310523,280709,591232
56,2065,310523,280709,591232
57,2065,310523,280709,591232
58,2065,310523,280709,591232
59,2065,310523,280709,591232
60,2065,310523,280709,591232
61,2065,310502,280709,591211
62,2065,310542,280709,591251
63,2065,310622,280709,591331
64,2065,310711,280709,591420
65,2065,310776,280709,591485
66,2065,310677,280709,591386
67,2065,310677,280709,591386
68,2065,310677,280709,591386
69,2065,310609,280709,591318
70,2065,310583,280709,591292
71,2065,310117,280695,590812
72,2065,310465,280709,591174
73,2065,310117,280695,590812
74,2065,310117,280695,590812
75,2065,310117,280695,590812
76,2065,310117,280695,590812
77,2065,310117,280695,590812
78,2065,315391,302409,617800
79,2065,313281,301886,615167
80,2065,313582,303403,616985
81,2065,313300,302781,616081
82,2065,313300,302781,616081
83,2065,313300,302781,616081
84,2065,313300,302781,616081
85,2065,313300,302781,616081
86,2065,313300,302781,616081
87,2065,313300,302781,616081
88,2065,313300,302781,616081
89,2065,313300,302781,616081
90,2065,313300,302781,616081
91,2065,313300,302781,616081
92,2065,313300,302781,616081
93,2065,313300,302781,616081
94,2065,313300,302781,616081
95,2065,313300,302781,616081
96,2065,313300,302781,616081
97,2065,313300,302781,616081
98,2065,313300,302781,616081
99,2065,313300,302781,616081
100,2065,313300,302781,616081
0,2065,290678,274865,565543
1,2065,290646,274600,565246
2,2065,290646,274600,565246
3,2065,292028,275935,567963
4,2065,290806,274931,565737
5,2065,291693,275335,567028
6,2065,289512,272972,562484
7,2065,289426,272773,562199
8,2065,292970,275895,568865
9,2065,292042,275514,567556
10,2065,292198,275741,567939
11,2065,291715,275941,567656
12,2065,292280,275815,568095
13,2065,293958,275737,569695
14,2065,295390,275951,571341
15,2065,295576,275625,571201
16,2065,296316,275830,572146
17,2065,302965,276281,579246
18,2065,304630,277408,582038
19,2065,305272,279385,584657
20,2065,308843,280475,589318
21,2065,308966,280464,589430
22,2065,309419,280616,590035
23,2065,309775,280616,590391
24,2065,309777,280616,590393
25,2065,309777,280616,590393
26,2065,309777,280616,590393
27,2065,309777,280616,590393
28,2065,309777,280616,590393
29,2065,309777,280616,590393
30,2065,309777,280616,590393
31,2065,309777,280616,590393
32,2065,309777,280616,590393
33,2065,309777,280616,590393
34,2065,309777,280616,590393
35,2065,309777,280616,590393
36,2065,309777,280616,590393
37,2065,309777,280616,590393
38,2065,309777,280616,590393
39,2065,309777,280616,590393
40,2065,309777,280616,590393
41,2065,310523,280709,591232
42,2065,310523,280709,591232
43,2065,310523,280709,591232
44,2065,310523,280709,591232
45,2065,310523,280709,591232
46,2065,310523,280709,591232
47,2065,310523,280709,591232
48,2065,310523,280709,591232
49,2065,310523,280709,591232
50,2065,310523,280709,591232
51,2065,310523,280709,591232
52,2065,310523,280709,591232
53,2065,310523,280709,591232
54,2065,310523,280709,591232
55,2065,310523,280709,591232
56,2065,310523,280709,591232
57,2065,310523,280709,591232
58,2065,310523,280709,591232
59,2065,310523,280709,591232
60,2065,310523,280709,591232
61,2065,310502,280709,591211
62,2065,310490,280709,591199
63,2065,310629,280709,591338
64,2065,310711,280709,591420
65,2065,310776,280709,591485
66,2065,310677,280709,591386
67,2065,310677,280709,591386
68,2065,310677,280709,591386
69,2065,310609,280709,591318
70,2065,310583,280709,591292
71,2065,310117,280695,590812
72,2065,310465,280709,591174
73,2065,310117,280695,590812
74,2065,310117,280695,590812
75,2065,310117,280695,590812
76,2065,310117,280695,590812
77,2065,310117,280695,590812
78,2065,314163,302133,616296
79,2065,313574,301568,615142
80,2065,313325,302887,616212
81,2065,314143,304623,618766
82,2065,314143,304623,618766
83,2065,314143,304623,618766
84,2065,314143,304623,618766
85,2065,314143,304623,618766
86,2065,314143,304623,618766
87,2065,314143,304623,618766
88,2065,314143,304623,618766
89,2065,314143,304623,618766
90,2065,314143,304623,618766
91,2065,314143,304623,618766
92,2065,314143,304623,618766
93,2065,314143,304623,618766
94,2065,314143,304623,618766
95,2065,314143,304623,618766
96,2065,314143,304623,618766
97,2065,314143,304623,618766
98,2065,314143,304623,618766
99,2065,314143,304623,618766
100,2065,314143,304623,618766
0,2065,289630,273527,563157
1,2065,289084,272978,562062
2,2065,289096,272978,562074
3,2065,291944,275546,567490
4,2065,290744,274239,564983
5,2065,292628,276596,569224
6,2065,290215,273130,563345
7,2065,290379,273170,563549
8,2065,292789,275868,568657
9,2065,292007,275599,567606
10,2065,292516,276305,568821
11,2065,291831,275642,567473
12,2065,293193,276213,569406
13,2065,294133,275848,569981
14,2065,294756,275557,570313
15,2065,295875,275849,571724
16,2065,296104,275804,571908
17,2065,302976,276373,579349
18,2065,304434,277399,581833
19,2065,305026,279291,584317
20,2065,308802,280475,589277
21,2065,308820,280514,589334
22,2065,309407,280616,590023
23,2065,309775,280624,590399
24,2065,309777,280624,590401
25,2065,309777,280624,590401
26,2065,309777,280624,590401
27,2065,309777,280624,590401
28,2065,309777,280624,590401
29,2065,309777,280624,590401
30,2065,309777,280624,590401
31,2065,309777,280624,590401
32,2065,309777,280624,590401
33,2065,309777,280624,590401
34,2065,309777,280624,590401
35,2065,309777,280624,590401
36,2065,309777,280624,590401
37,2065,309777,280616,590393
38,2065,309777,280616,590393
39,2065,309777,280616,590393
40,2065,309777,280616,590393
41,2065,310523,280709,591232
42,2065,310523,280709,591232
43,2065,310523,280709,591232
44,2065,310523,280709,591232
45,2065,310523,280709,591232
46,2065,310523,280709,591232
47,2065,310523,280709,591232
48,2065,310523,280709,591232
49,2065,310523,280709,591232
50,2065,310523,280709,591232
51,2065,310523,280709,591232
52,2065,310523,280709,591232
53,2065,310523,280709,591232
54,2065,310523,280709,591232
55,2065,310523,280709,591232
56,2065,310523,280709,591232
57,2065,310523,280709,591232
58,2065,310523,280709,591232
59,2065,310523,280709,591232
60,2065,310523,280709,591232
61,2065,310502,280709,591211
62,2065,310482,280709,591191
63,2065,310629,280709,591338
64,2065,310711,280709,591420
65,2065,310776,280709,591485
66,2065,310677,280709,591386
67,2065,310677,280709,591386
68,2065,310677,280709,591386
69,2065,310609,280709,591318
70,2065,310583,280709,591292
71,2065,310117,280695,590812
72,2065,310465,280709,591174
73,2065,310117,280695,590812
74,2065,310117,280695,590812
75,2065,310117,280695,590812
76,2065,310117,280695,590812
77,2065,310117,280695,590812
78,2065,312824,302255,615079
79,2065,312361,301855,614216
80,2065,313545,304204,617749
81,2065,315175,307024,622199
82,2065,315175,307024,622199
83,2065,315175,307024,622199
84,2065,315175,307024,622199
85,2065,315175,307024,622199
86,2065,315175,307024,622199
87,2065,315175,307024,622199
88,2065,315175,307024,622199
89,2065,315175,307024,622199
90,2065,315175,307024,622199
91,2065,315175,307024,622199
92,2065,315175,307024,622199
93,2065,315175,307024,622199
94,2065,315175,307024,622199
95,2065,315175,307024,622199
96,2065,315175,307024,622199
97,2065,315175,307024,622199
98,2065,315175,307024,622199
99,2065,315175,307024,622199
100,2065,315175,307024,622199
0,2065,289931,272729,562660
1,2065,289934,272911,562845
2,2065,289982,272952,562934
3,2065,292195,275576,567771
4,2065,291187,274432,565619
5,2065,291032,274005,565037
6,2065,290574,273727,564301
7,2065,291554,273847,565401
8,2065,292191,275275,567466
9,2065,292300,275900,568200
10,2065,291218,275119,566337
11,2065,292350,275661,568011
12,2065,292533,276111,568644
13,2065,294243,276045,570288
14,2065,294509,275322,569831
15,2065,295696,275954,571650
16,2065,295745,275365,571110
17,2065,302787,276624,579411
18,2065,304700,277408,582108
19,2065,305830,279172,585002
20,2065,308798,280475,589273
21,2065,308721,280514,589235
22,2065,309400,280616,590016
23,2065,309775,280624,590399
24,2065,309777,280624,590401
25,2065,309777,280624,590401
26,2065,309777,280624,590401
27,2065,309777,280624,590401
28,2065,309777,280624,590401
29,2065,309777,280624,590401
30,2065,309777,280624,590401
31,2065,309777,280624,590401
32,2065,309777,280624,590401
33,2065,309777,280624,590401
34,2065,309777,280624,590401
35,2065,309777,280624,590401
36,2065,309777,280624,590401
37,2065,309777,280624,590401
38,2065,309777,280624,590401
39,2065,309777,280624,590401
40,2065,309777,280624,590401
41,2065,310523,280709,591232
42,2065,310523,280709,591232
43,2065,310523,280709,591232
44,2065,310523,280709,591232
45,2065,310523,280709,591232
46,2065,310523,280709,591232
47,2065,310523,280709,591232
48,2065,310523,280709,591232
49,2065,310523,280709,591232
50,2065,310523,280709,591232
51,2065,310523,280709,591232
52,2065,310523,280709,591232
53,2065,310523,280709,591232
54,2065,310523,280709,591232
55,2065,310523,280709,591232
56,2065,310523,280709,591232
57,2065,310523,280709,591232
58,2065,310523,280709,591232
59,2065,310523,280709,591232
60,2065,310523,280709,591232
61,2065,310502,280709,591211
62,2065,310542,280709,591251
63,2065,310622,280709,591331
64,2065,310711,280709,591420
65,2065,310776,280709,591485
66,2065,310677,280709,591386
67,2065,310677,280709,591386
68,2065,310677,280709,591386
69,2065,310609,280709,591318
70,2065,310583,280709,591292
71,2065,310117,280695,590812
72,2065,310465,280709,591174
73,2065,310117,280695,590812
74,2065,310117,280695,590812
75,2065,310117,280695,590812
76,2065,310117,280695,590812
77,2065,310117,280695,590812
78,2065,314312,303031,617343
79,2065,314087,303226,617313
80,2065,313783,305497,619280
81,2065,319234,305827,625061
82,2065,319234,305827,625061
83,2065,319234,305827,625061
84,2065,319234,305827,625061
85,2065,319234,305827,625061
86,2065,319234,305827,625061
87,2065,319234,305827,625061
88,2065,319234,305827,625061
89,2065,319234,305827,625061
90,2065,319234,305827,625061
91,2065,319234,305827,625061
92,2065,319234,305827,625061
93,2065,319234,305827,625061
94,2065,319234,305827,625061
95,2065,319234,305827,625061
96,2065,319234,305827,625061
97,2065,319234,305827,625061
98,2065,319234,305827,625061
99,2065,319234,305827,625061
100,2065,319234,305827,625061
0,2065,290389,273324,563713
1,2065,290357,273423,563780
2,2065,290327,273499,563826
3,2065,292216,275829,568045
4,2065,292652,275969,568621
5,2065,290429,274160,564589
6,2065,291995,274742,566737
7,2065,293131,275594,568725
8,2065,292310,275603,567913
9,2065,292239,275895,568134
10,2065,291305,275231,566536
11,2065,292658,276470,569128
12,2065,291894,275712,567606
13,2065,293818,275668,569486
14,2065,294959,275664,570623
15,2065,295329,275541,570870
16,2065,296065,275365,571430
17,2065,302452,276309,578761
18,2065,304434,277399,581833
19,2065,307640,279219,586859
20,2065,308797,280475,589272
21,2065,309191,280529,589720
22,2065,309411,280647,590058
23,2065,309775,280624,590399
24,2065,309777,280624,590401
25,2065,309777,280624,590401
26,2065,309777,280624,590401
27,2065,309777,280624,590401
28,2065,309777,280624,590401
29,2065,309777,280624,590401
30,2065,309777,280624,590401
31,2065,309777,280624,590401
32,2065,309777,280624,590401
33,2065,309777,280624,590401
34,2065,309777,280624,590401
35,2065,309777,280624,590401
36,2065,309777,280624,590401
37,2065,309777,280624,590401
38,2065,309777,280624,590401
39,2065,309777,280624,590401
40,2065,309777,280624,590401
41,2065,310523,280709,591232
42,2065,310523,280709,591232
43,2065,310523,280709,591232
44,2065,310523,280709,591232
45,2065,310523,280709,591232
46,2065,310523,280709,591232
47,2065,310523,280709,591232
48,2065,310523,280709,591232
49,2065,310523,280709,591232
50,2065,310523,280709,591232
51,2065,310523,280709,591232
52,2065,310523,280709,591232
53,2065,310523,280709,591232
54,2065,310523,280709,591232
55,2065,310523,280709,591232
56,2065,310523,280709,591232
57,2065,310523,280709,591232
58,2065,310523,280709,591232
59,2065,310523,280709,591232
60,2065,310523,280709,591232
61,2065,310502,280709,591211
62,2065,310490,280709,591199
63,2065,310622,280709,591331
64,2065,310711,280709,591420
65,2065,310776,280709,591485
66,2065,310677,280709,591386
67,2065,310677,280709,591386
68,2065,310677,280709,591386
69,2065,310609,280709,591318
70,2065,310583,280709,591292
71,2065,310117,280695,590812
72,2065,310465,280709,591174
73,2065,310117,280695,590812
74,2065,310117,280695,590812
75,2065,310117,280695,590812
76,2065,310117,280695,590812
77,2065,310117,280695,590812
78,2065,314565,303350,617915
79,2065,315463,303836,619299
80,2065,315597,307591,623188
81,2065,318475,306338,624813
82,2065,318475,306338,624813
83,2065,318475,306338,624813
84,2065,318475,306338,624813
85,2065,318475,306338,624813
86,2065,318475,306338,624813
87,2065,318475,306338,624813
88,2065,318475,306338,624813
89,2065,318475,306338,624813
90,2065,318475,306338,624813
91,2065,318475,306338,624813
92,2065,318475,306338,624813
93,2065,318475,306338,624813
94,2065,318475,306338,624813
95,2065,318475,306338,624813
96,2065,318475,306338,624813
97,2065,318475,306338,624813
98,2065,318475,306338,624813
99,2065,318475,306338,624813
100,2065,318475,306338,624813
0,2065,291577,274118,565695
1,2065,291704,274059,565763
2,2065,291728,274070,565798
3,2065,292172,275866,568038
4,2065,292520,275795,568315
5,2065,290894,274103,564997
6,2065,293029,275653,568682
7,2065,293002,275585,568587
8,2065,292514,276161,568675
9,2065,292060,275434,567494
10,2065,292373,275869,568242
11,2065,291521,275321,566842
12,2065,292700,275905,568605
13,2065,293942,275538,569480
14,2065,295205,275997,571202
15,2065,296250,275426,571676
16,2065,296330,275907,572237
17,2065,302651,276235,578886
18,2065,304622,277408,582030
19,2065,308470,279310,587780
20,2065,308804,280475,589279
21,2065,309404,280464,589868
22,2065,309411,280647,590058
23,2065,309775,280624,590399
24,2065,309777,280624,590401
25,2065,309777,280624,590401
26,2065,309777,280624,590401
27,2065,309777,280624,590401
28,2065,309777,280624,590401
29,2065,309777,280624,590401
30,2065,309777,280624,590401
31,2065,309777,280624,590401
32,2065,309777,280624,590401
33,2065,309777,280624,590401
34,2065,309777,280624,590401
35,2065,309777,280624,590401
36,2065,309777,280624,590401
37,2065,309777,280624,590401
38,2065,309777,280624,590401
39,2065,309777,280624,590401
40,2065,309777,280624,590401
41,2065,310523,280709,591232
42,2065,310523,280709,591232
43,2065,310523,280709,591232
44,2065,310523,280709,591232
45,2065,310523,280709,591232
46,2065,310523,280709,591232
47,2065,310523,280709,591232
48,2065,310523,280709,591232
49,2065,310523,280709,591232
50,2065,310523,280709,591232
51,2065,310523,280709,591232
52,2065,310523,280709,591232
53,2065,310523,280709,591232
54,2065,310523,280709,591232
55,2065,310523,280709,591232
56,2065,310523,280709,591232
57,2065,310523,280709,591232
58,2065,310523,280709,591232
59,2065,310523,280709,591232
60,2065,310523,280709,591232
61,2065,310502,280709,591211
62,2065,310482,280709,591191
63,2065,310629,280709,591338
64,2065,310711,280709,591420
65,2065,310776,280709,591485
66,2065,310677,280709,591386
67,2065,310677,280709,591386
68,2065,310677,280709,591386
69,2065,310609,280709,591318
70,2065,310583,280709,591292
71,2065,310117,280695,590812
72,2065,310465,280709,591174
73,2065,310117,280695,590812
74,2065,310117,280695,590812
75,2065,310117,280695,590812
76,2065,310117,280695,590812
77,2065,310117,280695,590812
78,2065,314748,304905,619653
79,2065,315681,305040,620721
80,2065,320100,305595,625695
81,2065,319150,304796,623946
82,2065,319150,304796,623946
83,2065,319150,304796,623946
84,2065,319150,304796,623946
85,2065,319150,304796,623946
86,2065,319150,304796,623946
87,2065,319150,304796,623946
88,2065,319150,304796,623946
89,2065,319150,304796,623946
90,2065,319150,304796,623946
91,2065,319150,304796,623946
92,2065,319150,304796,623946
93,2065,319150,304796,623946
94,2065,319150,304796,623946
95,2065,319150,304796,623946
96,2065,319150,304796,623946
97,2065,319150,304796,623946
98,2065,319150,304796,623946
99,2065,319150,304796,623946
100,2065,319150,304796,623946
0,2065,292691,275252,567943
1,2065,292737,275408,568145
2,2065,292737,275396,568133
3,2065,291909,275660,567569
4,2065,292434,275675,568109
5,2065,292224,276129,568353
6,2065,292989,275830,568819
7,2065,292884,275778,568662
8,2065,291224,275620,566844
9,2065,291990,275557,567547
10,2065,292433,276415,568848
11,2065,291391,275660,567051
12,2065,293221,276798,570019
13,2065,294261,275802,570063
14,2065,297791,275834,573625
15,2065,295951,275686,571637
16,2065,296030,275683,571713
17,2065,302367,276387,578754
18,2065,304434,277399,581833
19,2065,309346,279536,588882
20,2065,308804,280475,589279
21,2065,308966,280464,589430
22,2065,309411,280616,590027
23,2065,309775,280624,590399
24,2065,309777,280624,590401
25,2065,309777,280624,590401
26,2065,309777,280624,590401
27,2065,309777,280624,590401
28,2065,309777,280624,590401
29,2065,309777,280624,590401
30,2065,309777,280624,590401
31,2065,309777,280624,590401
32,2065,309777,280624,590401
33,2065,309777,280624,590401
34,2065,309777,280624,590401
35,2065,309777,280624,590401
36,2065,309777,280624,590401
37,2065,309777,280624,590401
38,2065,309777,280624,590401
39,2065,309777,280624,590401
40,2065,309777,280624,590401
41,2065,310523,280709,591232
42,2065,310523,280709,591232
43,2065,310523,280709,591232
44,2065,310523,280709,591232
45,2065,310523,280709,591232
46,2065,310523,280709,591232
47,2065,310523,280709,591232
48,2065,310523,280709,591232
49,2065,310523,280709,591232
50,2065,310523,280709,591232
51,2065,310523,280709,591232
52,2065,310523,280709,591232
53,2065,310523,280709,591232
54,2065,310523,280709,591232
55,2065,310523,280709,591232
56,2065,310523,280709,591232
57,2065,310523,280709,591232
58,2065,310523,280709,591232
59,2065,310523,280709,591232
60,2065,310523,280709,591232
61,2065,310502,280709,591211
62,2065,310542,280709,591251
63,2065,310629,280709,591338
64,2065,310711,280709,591420
65,2065,310776,280709,591485
66,2065,310677,280709,591386
67,2065,310677,280709,591386
68,2065,310677,280709,591386
69,2065,310609,280709,591318
70,2065,310583,280709,591292
71,2065,310117,280695,590812
72,2065,310465,280709,591174
73,2065,310117,280695,590812
74,2065,310117,280695,590812
75,2065,310117,280695,590812
76,2065,310117,280695,590812
77,2065,310117,280695,590812
78,2065,315901,306651,622552
79,2065,316557,307162,623719
80,2065,319112,306085,625197
81,2065,317302,305907,623209
82,2065,317302,305907,623209
83,2065,317302,305907,623209
84,2065,317302,305907,623209
85,2065,317302,305907,623209
86,2065,317302,305907,623209
87,2065,317302,305907,623209
88,2065,317302,305907,623209
89,2065,317302,305907,623209
90,2065,317302,305907,623209
91,2065,317302,305907,623209
92,2065,317302,305907,623209
93,2065,317302,305907,623209
94,2065,317302,305907,623209
95,2065,317302,305907,623209
96,2065,317302,305907,623209
97,2065,317302,305907,623209
98,2065,317302,305907,623209
99,2065,317302,305907,623209
100,2065,317302,305907,623209
0,2066,292160,275407,567567
1,2066,292160,275407,567567
2,2066,292156,275407,567563
3,2066,292317,275433,567750
4,2066,292459,275435,567894
5,2066,292604,275460,568064
6,2066,292715,275538,568253
7,2066,292699,275529,568228
8,2066,292688,275503,568191
9,2066,292689,275485,568174
10,2066,292704,275551,568255
11,2066,292828,275972,568800
12,2066,293342,276256,569598
13,2066,293719,276375,570094
14,2066,293758,276281,570039
15,2066,293823,276272,570095
16,2066,294123,276355,570478
17,2066,294561,276410,570971
18,2066,295789,276733,572522
19,2066,296731,278188,574919
20,2066,296795,278225,575020
21,2066,296833,278284,575117
22,2066,296862,278532,575394
23,2066,296890,278545,575435
24,2066,296890,278545,575435
25,2066,296890,278545,575435
26,2066,296890,278545,575435
27,2066,296890,278545,575435
28,2066,296890,278545,575435
29,2066,296890,278545,575435
30,2066,296890,278545,575435
31,2066,296890,278545,575435
32,2066,296890,278545,575435
33,2066,296890,278545,575435
34,2066,296890,278545,575435
35,2066,296890,278545,575435
36,2066,296890,278545,575435
37,2066,296890,278545,575435
38,2066,296890,278545,575435
39,2066,296890,278545,575435
40,2066,296890,278545,575435
41,2066,296890,278545,575435
42,2066,296890,278545,575435
43,2066,296890,278545,575435
44,2066,296890,278545,575435
45,2066,296890,278545,575435
46,2066,296881,278545,575426
47,2066,296873,278545,575418
48,2066,296873,278545,575418
49,2066,296873,278545,575418
50,2066,296873,278545,575418
51,2066,296873,278595,575468
52,2066,296873,278595,575468
53,2066,296873,278595,575468
54,2066,296873,278595,575468
55,2066,296873,278595,575468
56,2066,296873,278595,575468
57,2066,296873,278595,575468
58,2066,296873,278595,575468
59,2066,296873,278595,575468
60,2066,296873,278595,575468
61,2066,296873,278595,575468
62,2066,296873,278595,575468
63,2066,296873,278595,575468
64,2066,296825,278595,575420
65,2066,296825,278595,575420
66,2066,296738,278595,575333
67,2066,296738,278595,575333
68,2066,296472,278595,575067
69,2066,296377,278595,574972
70,2066,296237,278595,574832
71,2066,295800,278595,574395
72,2066,295800,278595,574395
73,2066,295461,278595,574056
74,2066,295423,278595,574018
75,2066,295423,278595,574018
76,2066,295423,278595,574018
77,2066,295423,278595,574018
78,2066,295423,279554,574977
79,2066,295423,279363,574786
80,2066,295423,279614,575037
81,2066,295423,279743,575166
82,2066,295423,279743,575166
83,2066,295423,279743,575166
84,2066,295423,279743,575166
85,2066,295423,279743,575166
86,2066,295423,279743,575166
87,2066,295423,279743,575166
88,2066,295423,279743,575166
89,2066,295423,279743,575166
90,2066,295423,279743,575166
91,2066,295423,279743,575166
92,2066,295423,279743,575166
93,2066,295423,279743,575166
94,2066,295423,279743,575166
95,2066,295423,279743,575166
96,2066,295423,279743,575166
97,2066,295423,279743,575166
98,2066,295423,279743,575166
99,2066,295423,279743,575166
100,2066,295423,279743,575166
0,2066,292266,275259,567525
1,2066,292266,275259,567525
2,2066,292259,275259,567518
3,2066,292436,275274,567710
4,2066,292615,275193,567808
5,2066,292741,275299,568040
6,2066,292868,275406,568274
7,2066,292842,275390,568232
8,2066,292820,275364,568184
9,2066,292815,275344,568159
10,2066,292810,275474,568284
11,2066,292862,275699,568561
12,2066,293184,275754,568938
13,2066,293704,275708,569412
14,2066,293937,275800,569737
15,2066,294124,275792,569916
16,2066,294466,275859,570325
17,2066,295672,275850,571522
18,2066,297964,276497,574461
19,2066,298821,278322,577143
20,2066,299958,278491,578449
21,2066,300126,278538,578664
22,2066,300128,279006,579134
23,2066,300136,279020,579156
24,2066,300136,279020,579156
25,2066,300136,279020,579156
26,2066,300136,279020,579156
27,2066,300136,279020,579156
28,2066,300136,279020,579156
29,2066,300136,279020,579156
30,2066,300136,279020,579156
31,2066,300136,279020,579156
32,2066,300136,279020,579156
33,2066,300136,279020,579156
34,2066,300136,279020,579156
35,2066,300136,279020,579156
36,2066,300136,279020,579156
37,2066,300136,279020,579156
38,2066,300136,279020,579156
39,2066,300136,279020,579156
40,2066,300136,279020,579156
41,2066,300136,279020,579156
42,2066,300136,279020,579156
43,2066,300136,279020,579156
44,2066,300538,279020,579558
45,2066,300538,279020,579558
46,2066,300536,279020,579556
47,2066,300528,279020,579548
48,2066,300528,279020,579548
49,2066,300528,279020,579548
50,2066,300528,279020,579548
51,2066,300528,279059,579587
52,2066,300528,279059,579587
53,2066,300528,279059,579587
54,2066,300528,279059,579587
55,2066,300528,279059,579587
56,2066,300528,279059,579587
57,2066,300528,279059,579587
58,2066,300528,279059,579587
59,2066,300528,279059,579587
60,2066,300528,279059,579587
61,2066,300528,279059,579587
62,2066,300528,279059,579587
63,2066,300528,279059,579587
64,2066,300557,279059,579616
65,2066,300557,279059,579616
66,2066,300066,279059,579125
67,2066,300008,279059,579067
68,2066,299613,279059,578672
69,2066,299663,279059,578722
70,2066,299415,279037,578452
71,2066,298888,279037,577925
72,2066,298782,279037,577819
73,2066,298283,278963,577246
74,2066,298238,278963,577201
75,2066,298238,278963,577201
76,2066,298238,278963,577201
77,2066,298238,278963,577201
78,2066,298344,280269,578613
79,2066,298259,280078,578337
80,2066,298344,280826,579170
81,2066,298338,280568,578906
82,2066,298338,280568,578906
83,2066,298338,280568,578906
84,2066,298338,280568,578906
85,2066,298338,280568,578906
86,2066,298338,280568,578906
87,2066,298338,280568,578906
88,2066,298338,280568,578906
89,2066,298338,280568,578906
90,2066,298338,280568,578906
91,2066,298338,280568,578906
92,2066,298338,280568,578906
93,2066,298338,280568,578906
94,2066,298338,280568,578906
95,2066,298338,280568,578906
96,2066,298338,280568,578906
97,2066,298338,280568,578906
98,2066,298338,280568,578906
99,2066,298338,280568,578906
100,2066,298338,280568,578906
0,2066,292274,275413,567687
1,2066,292274,275413,567687
2,2066,292266,275413,567679
3,2066,292417,275347,567764
4,2066,292716,275394,568110
5,2066,292856,275450,568306
6,2066,292910,275526,568436
7,2066,292866,275510,568376
8,2066,292838,275471,568309
9,2066,292865,275477,568342
10,2066,292819,275561,568380
11,2066,292909,275804,568713
12,2066,293366,276259,569625
13,2066,294527,276216,570743
14,2066,294776,276418,571194
15,2066,295034,276413,571447
16,2066,296135,276482,572617
17,2066,297419,276524,573943
18,2066,299982,276890,576872
19,2066,300697,278092,578789
20,2066,300794,278561,579355
21,2066,301474,278636,580110
22,2066,301310,278941,580251
23,2066,301326,278955,580281
24,2066,301326,278955,580281
25,2066,301326,278955,580281
26,2066,301326,278955,580281
27,2066,301326,278955,580281
28,2066,301326,278955,580281
29,2066,301326,278955,580281
30,2066,301326,278955,580281
31,2066,301326,278955,580281
32,2066,301326,278955,580281
33,2066,301326,278955,580281
34,2066,301326,278955,580281
35,2066,301326,278955,580281
36,2066,301326,278955,580281
37,2066,301326,278955,580281
38,2066,301326,278955,580281
39,2066,301326,278955,580281
40,2066,301326,278955,580281
41,2066,301326,278955,580281
42,2066,301326,278955,580281
43,2066,301333,278955,580288
44,2066,303077,279111,582188
45,2066,303077,279111,582188
46,2066,302118,279111,581229
47,2066,302109,279111,581220
48,2066,302109,279111,581220
49,2066,302109,279111,581220
50,2066,302109,279111,581220
51,2066,302109,279149,581258
52,2066,302109,279149,581258
53,2066,302109,279149,581258
54,2066,302109,279149,581258
55,2066,302109,279149,581258
56,2066,302109,279149,581258
57,2066,302109,279149,581258
58,2066,302109,279149,581258
59,2066,302109,279149,581258
60,2066,302109,279149,581258
61,2066,302109,279149,581258
62,2066,302109,279149,581258
63,2066,302109,279149,581258
64,2066,303056,279149,582205
65,2066,303056,279149,582205
66,2066,301751,278994,580745
67,2066,301764,278926,580690
68,2066,301625,278926,580551
69,2066,301693,278926,580619
70,2066,301698,278926,580624
71,2066,302699,279051,581750
72,2066,302614,279051,581665
73,2066,301717,279129,580846
74,2066,301717,279129,580846
75,2066,301717,279129,580846
76,2066,301717,279129,580846
77,2066,301717,279129,580846
78,2066,301618,283834,585452
79,2066,301588,283520,585108
80,2066,301523,283856,585379
81,2066,301545,283856,585401
82,2066,301545,283856,585401
83,2066,301545,283856,585401
84,2066,301545,283856,585401
85,2066,301545,283856,585401
86,2066,301545,283856,585401
87,2066,301545,283856,585401
88,2066,301545,283856,585401
89,2066,301545,283856,585401
90,2066,301545,283856,585401
91,2066,301545,283856,585401
92,2066,301545,283856,585401
93,2066,301545,283856,585401
94,2066,301545,283856,585401
95,2066,301545,283856,585401
96,2066,301545,283856,585401
97,2066,301545,283856,585401
98,2066,301545,283856,585401
99,2066,301545,283856,585401
100,2066,301545,283856,585401
0,2066,292099,274901,567000
1,2066,292099,274901,567000
2,2066,292091,274901,566992
3,2066,292300,274901,567201
4,2066,292463,274931,567394
5,2066,292518,274983,567501
6,2066,292615,275035,567650
7,2066,292607,275057,567664
8,2066,292601,275043,567644
9,2066,292574,275024,567598
10,2066,292549,275055,567604
11,2066,292624,275339,567963
12,2066,293047,275490,568537
13,2066,294584,275590,570174
14,2066,295239,275679,570918
15,2066,297561,275661,573222
16,2066,296031,275360,571391
17,2066,298511,275281,573792
18,2066,300960,276311,577271
19,2066,318140,278178,596318
20,2066,318570,278704,597274
21,2066,307169,279147,586316
22,2066,306963,279195,586158
23,2066,307025,279209,586234
24,2066,307025,279209,586234
25,2066,307025,279209,586234
26,2066,307025,279209,586234
27,2066,307025,279209,586234
28,2066,307025,279209,586234
29,2066,307025,279209,586234
30,2066,307025,279209,586234
31,2066,307025,279209,586234
32,2066,307025,279209,586234
33,2066,307025,279209,586234
34,2066,307025,279209,586234
35,2066,307025,279209,586234
36,2066,307025,279209,586234
37,2066,307025,279209,586234
38,2066,307025,279209,586234
39,2066,307025,279209,586234
40,2066,307025,279209,586234
41,2066,307025,279209,586234
42,2066,307025,279209,586234
43,2066,307025,279209,586234
44,2066,309401,279433,588834
45,2066,309401,279433,588834
46,2066,308138,279364,587502
47,2066,308207,279364,587571
48,2066,308207,279364,587571
49,2066,308207,279364,587571
50,2066,308207,279364,587571
51,2066,308198,279402,587600
52,2066,308198,279402,587600
53,2066,308198,279402,587600
54,2066,308198,279402,587600
55,2066,308198,279402,587600
56,2066,308198,279402,587600
57,2066,308198,279402,587600
58,2066,308198,279402,587600
59,2066,308198,279402,587600
60,2066,308198,279402,587600
61,2066,308198,279402,587600
62,2066,308198,279402,587600
63,2066,308198,279402,587600
64,2066,309449,279472,588921
65,2066,309538,279472,589010
66,2066,307947,279400,587347
67,2066,308227,279400,587627
68,2066,307618,279138,586756
69,2066,307735,279232,586967
70,2066,307742,279123,586865
71,2066,309127,279187,588314
72,2066,308751,279129,587880
73,2066,307179,279129,586308
74,2066,307179,279129,586308
75,2066,307179,279129,586308
76,2066,307179,279129,586308
77,2066,307179,279129,586308
78,2066,306934,286413,593347
79,2066,306862,284996,591858
80,2066,306855,286432,593287
81,2066,306855,286432,593287
82,2066,306855,286432,593287
83,2066,306855,286432,593287
84,2066,306855,286432,593287
85,2066,306855,286432,593287
86,2066,306855,286432,593287
87,2066,306855,286432,593287
88,2066,306855,286432,593287
89,2066,306855,286432,593287
90,2066,306855,286432,593287
91,2066,306855,286432,593287
92,2066,306855,286432,593287
93,2066,306855,286432,593287
94,2066,306855,286432,593287
95,2066,306855,286432,593287
96,2066,306855,286432,593287
97,2066,306855,286432,593287
98,2066,306855,286432,593287
99,2066,306855,286432,593287
100,2066,306855,286432,593287
0,2066,292414,276267,568681
1,2066,292414,276267,568681
2,2066,292410,276267,568677
3,2066,292524,276267,568791
4,2066,292770,276374,569144
5,2066,292782,276405,569187
6,2066,292777,275836,568613
7,2066,292789,275833,568622
8,2066,292809,276105,568914
9,2066,292817,276218,569035
10,2066,292752,276008,568760
11,2066,292786,276013,568799
12,2066,292637,275836,568473
13,2066,294207,275567,569774
14,2066,297544,275452,572996
15,2066,296712,275491,572203
16,2066,295873,275344,571217
17,2066,298696,275638,574334
18,2066,308040,277244,585284
19,2066,310244,279250,589494
20,2066,310992,279343,590335
21,2066,309447,279369,588816
22,2066,309498,279517,589015
23,2066,309548,279517,589065
24,2066,309548,279517,589065
25,2066,309548,279517,589065
26,2066,309548,279517,589065
27,2066,309548,279517,589065
28,2066,309548,279517,589065
29,2066,309548,279517,589065
30,2066,309548,279517,589065
31,2066,309548,279517,589065
32,2066,309548,279517,589065
33,2066,309548,279517,589065
34,2066,309548,279517,589065
35,2066,309548,279517,589065
36,2066,309548,279517,589065
37,2066,309933,279517,589450
38,2066,309933,279517,589450
39,2066,309933,279517,589450
40,2066,309933,279517,589450
41,2066,309933,279517,589450
42,2066,309933,279517,589450
43,2066,309933,279517,589450
44,2066,311218,279445,590663
45,2066,311218,279445,590663
46,2066,311078,279485,590563
47,2066,311078,279485,590563
48,2066,311078,279485,590563
49,2066,311078,279485,590563
50,2066,311078,279485,590563
51,2066,311087,279523,590610
52,2066,311087,279523,590610
53,2066,311087,279523,590610
54,2066,311087,279523,590610
55,2066,311087,279523,590610
56,2066,311087,279523,590610
57,2066,311087,279523,590610
58,2066,311087,279523,590610
59,2066,311087,279523,590610
60,2066,311087,279523,590610
61,2066,311087,279523,590610
62,2066,311087,279523,590610
63,2066,311197,279523,590720
64,2066,311402,279483,590885
65,2066,311494,279483,590977
66,2066,311142,279522,590664
67,2066,311181,279522,590703
68,2066,310276,279498,589774
69,2066,310326,279498,589824
70,2066,310257,279585,589842
71,2066,310672,279598,590270
72,2066,310683,279572,590255
73,2066,309854,279579,589433
74,2066,309854,279579,589433
75,2066,309854,279579,589433
76,2066,309854,279579,589433
77,2066,309854,279579,589433
78,2066,309223,297053,606276
79,2066,309182,295170,604352
80,2066,309215,297002,606217
81,2066,309223,297359,606582
82,2066,309223,297359,606582
83,2066,309223,297359,606582
84,2066,309223,297359,606582
85,2066,309223,297359,606582
86,2066,309223,297359,606582
87,2066,309223,297359,606582
88,2066,309223,297359,606582
89,2066,309223,297359,606582
90,2066,309223,297359,606582
91,2066,309223,297359,606582
92,2066,309223,297359,606582
93,2066,309223,297359,606582
94,2066,309223,297359,606582
95,2066,309223,297359,606582
96,2066,309223,297359,606582
97,2066,309223,297359,606582
98,2066,309223,297359,606582
99,2066,309223,297359,606582
100,2066,309223,297359,606582
0,2066,290839,275033,565872
1,2066,290839,275033,565872
2,2066,290835,275033,565868
3,2066,290937,275233,566170
4,2066,291005,274937,565942
5,2066,291046,275155,566201
6,2066,292232,276240,568472
7,2066,292199,276233,568432
8,2066,291249,275661,566910
9,2066,291199,275601,566800
10,2066,292123,276191,568314
11,2066,292361,276048,568409
12,2066,293171,276060,569231
13,2066,294126,275531,569657
14,2066,296668,275937,572605
15,2066,295244,275388,570632
16,2066,296127,275713,571840
17,2066,298662,276231,574893
18,2066,305162,277907,583069
19,2066,309543,280666,590209
20,2066,310358,280573,590931
21,2066,310236,280007,590243
22,2066,310517,280086,590603
23,2066,310504,280086,590590
24,2066,310504,280086,590590
25,2066,310504,280086,590590
26,2066,310504,280086,590590
27,2066,310504,280086,590590
28,2066,310504,280086,590590
29,2066,310504,280086,590590
30,2066,310504,280086,590590
31,2066,310504,280086,590590
32,2066,310504,280086,590590
33,2066,310504,280086,590590
34,2066,310504,280086,590590
35,2066,310504,280086,590590
36,2066,310504,280086,590590
37,2066,310568,280086,590654
38,2066,310568,280086,590654
39,2066,310568,280086,590654
40,2066,310568,280086,590654
41,2066,310949,280086,591035
42,2066,310949,280086,591035
43,2066,310949,280086,591035
44,2066,311212,280770,591982
45,2066,311212,280770,591982
46,2066,311402,280718,592120
47,2066,311402,280718,592120
48,2066,311402,280718,592120
49,2066,311402,280718,592120
50,2066,311402,280718,592120
51,2066,311402,280757,592159
52,2066,311402,280757,592159
53,2066,311402,280757,592159
54,2066,311402,280757,592159
55,2066,311402,280757,592159
56,2066,311402,280757,592159
57,2066,311402,280757,592159
58,2066,311402,280757,592159
59,2066,311402,280757,592159
60,2066,311402,280757,592159
61,2066,311402,280757,592159
62,2066,311402,280757,592159
63,2066,311500,280757,592257
64,2066,311363,280826,592189
65,2066,311724,280826,592550
66,2066,311611,280757,592368
67,2066,311478,280757,592235
68,2066,311136,280282,591418
69,2066,311224,280386,591610
70,2066,311089,280359,591448
71,2066,311023,280782,591805
72,2066,311415,280757,592172
73,2066,310475,280113,590588
74,2066,310475,280113,590588
75,2066,310475,280113,590588
76,2066,310475,280113,590588
77,2066,310475,280113,590588
78,2066,312080,301426,613506
79,2066,311717,300216,611933
80,2066,312078,301550,613628
81,2066,312097,305369,617466
82,2066,312097,305369,617466
83,2066,312097,305369,617466
84,2066,312097,305369,617466
85,2066,312097,305369,617466
86,2066,312097,305369,617466
87,2066,312097,305369,617466
88,2066,312097,305369,617466
89,2066,312097,305369,617466
90,2066,312097,305369,617466
91,2066,312097,305369,617466
92,2066,312097,305369,617466
93,2066,312097,305369,617466
94,2066,312097,305369,617466
95,2066,312097,305369,617466
96,2066,312097,305369,617466
97,2066,312097,305369,617466
98,2066,312097,305369,617466
99,2066,312097,305369,617466
100,2066,312097,305369,617466
0,2066,289659,274603,564262
1,2066,289659,274603,564262
2,2066,289665,274603,564268
3,2066,290131,274992,565123
4,2066,290075,275018,565093
5,2066,290517,275453,565970
6,2066,291142,275727,566869
7,2066,291129,275727,566856
8,2066,291983,276029,568012
9,2066,291141,275810,566951
10,2066,291146,275616,566762
11,2066,292016,276074,568090
12,2066,292897,276138,569035
13,2066,294262,276019,570281
14,2066,294683,275572,570255
15,2066,297679,275397,573076
16,2066,295993,275946,571939
17,2066,298812,276626,575438
18,2066,303893,278118,582011
19,2066,307392,280296,587688
20,2066,308113,280287,588400
21,2066,310267,280533,590800
22,2066,310619,280734,591353
23,2066,310685,280734,591419
24,2066,310685,280734,591419
25,2066,310685,280734,591419
26,2066,310685,280734,591419
27,2066,310685,280734,591419
28,2066,310685,280734,591419
29,2066,310685,280734,591419
30,2066,310685,280734,591419
31,2066,310685,280734,591419
32,2066,310685,280734,591419
33,2066,310685,280734,591419
34,2066,310685,280734,591419
35,2066,310685,280734,591419
36,2066,310685,280734,591419
37,2066,310706,280734,591440
38,2066,310706,280734,591440
39,2066,310706,280734,591440
40,2066,310706,280734,591440
41,2066,311060,280758,591818
42,2066,311060,280758,591818
43,2066,311060,280758,591818
44,2066,310515,280639,591154
45,2066,310515,280639,591154
46,2066,310557,280639,591196
47,2066,310557,280639,591196
48,2066,310557,280639,591196
49,2066,310557,280639,591196
50,2066,310557,280639,591196
51,2066,310557,280639,591196
52,2066,310557,280639,591196
53,2066,310557,280639,591196
54,2066,310557,280639,591196
55,2066,310557,280639,591196
56,2066,310557,280639,591196
57,2066,310557,280639,591196
58,2066,310557,280639,591196
59,2066,310557,280639,591196
60,2066,310557,280639,591196
61,2066,310557,280639,591196
62,2066,310557,280639,591196
63,2066,310910,280639,591549
64,2066,310761,280639,591400
65,2066,311033,280639,591672
66,2066,311135,280672,591807
67,2066,310932,280639,591571
68,2066,311116,280771,591887
69,2066,311041,280703,591744
70,2066,310992,280666,591658
71,2066,310516,280639,591155
72,2066,310473,280639,591112
73,2066,311008,280697,591705
74,2066,311008,280697,591705
75,2066,311008,280697,591705
76,2066,311008,280697,591705
77,2066,311008,280697,591705
78,2066,314470,302480,616950
79,2066,314144,302411,616555
80,2066,314352,302829,617181
81,2066,316242,304224,620466
82,2066,316242,304224,620466
83,2066,316242,304224,620466
84,2066,316242,304224,620466
85,2066,316242,304224,620466
86,2066,316242,304224,620466
87,2066,316242,304224,620466
88,2066,316242,304224,620466
89,2066,316242,304224,620466
90,2066,316242,304224,620466
91,2066,316242,304224,620466
92,2066,316242,304224,620466
93,2066,316242,304224,620466
94,2066,316242,304224,620466
95,2066,316242,304224,620466
96,2066,316242,304224,620466
97,2066,316242,304224,620466
98,2066,316242,304224,620466
99,2066,316242,304224,620466
100,2066,316242,304224,620466
0,2066,289139,272661,561800
1,2066,289139,272661,561800
2,2066,289140,272661,561801
3,2066,289119,272764,561883
4,2066,289360,272455,561815
5,2066,290329,273837,564166
6,2066,290582,275044,565626
7,2066,290513,275001,565514
8,2066,291822,275327,567149
9,2066,292040,275205,567245
10,2066,290765,275121,565886
11,2066,291646,275629,567275
12,2066,292463,275852,568315
13,2066,293960,275907,569867
14,2066,294086,274870,568956
15,2066,297101,275906,573007
16,2066,295988,275549,571537
17,2066,299178,275915,575093
18,2066,303074,277430,580504
19,2066,305532,280384,585916
20,2066,307797,280492,588289
21,2066,309263,280395,589658
22,2066,309846,280601,590447
23,2066,310066,280601,590667
24,2066,310068,280601,590669
25,2066,310068,280601,590669
26,2066,310068,280601,590669
27,2066,310068,280601,590669
28,2066,310068,280601,590669
29,2066,310068,280601,590669
30,2066,310068,280601,590669
31,2066,310068,280601,590669
32,2066,310068,280601,590669
33,2066,310068,280601,590669
34,2066,310068,280601,590669
35,2066,310068,280601,590669
36,2066,310068,280601,590669
37,2066,310106,280601,590707
38,2066,310106,280601,590707
39,2066,310106,280601,590707
40,2066,310106,280601,590707
41,2066,310504,280601,591105
42,2066,310504,280601,591105
43,2066,310504,280601,591105
44,2066,310371,280615,590986
45,2066,310371,280615,590986
46,2066,310431,280601,591032
47,2066,310431,280601,591032
48,2066,310431,280601,591032
49,2066,310431,280601,591032
50,2066,310431,280601,591032
51,2066,310431,280601,591032
52,2066,310431,280601,591032
53,2066,310431,280601,591032
54,2066,310431,280601,591032
55,2066,310431,280601,591032
56,2066,310431,280601,591032
57,2066,310431,280601,591032
58,2066,310431,280601,591032
59,2066,310431,280601,591032
60,2066,310425,280601,591026
61,2066,310396,280601,590997
62,2066,310384,280601,590985
63,2066,310452,280601,591053
64,2066,310622,280615,591237
65,2066,310565,280615,591180
66,2066,310466,280601,591067
67,2066,310560,280601,591161
68,2066,310503,280601,591104
69,2066,310459,280601,591060
70,2066,310415,280601,591016
71,2066,310321,280601,590922
72,2066,310394,280611,591005
73,2066,310297,280601,590898
74,2066,310297,280601,590898
75,2066,310297,280601,590898
76,2066,310297,280601,590898
77,2066,310297,280601,590898
78,2066,316765,303090,619855
79,2066,316576,303067,619643
80,2066,316701,303735,620436
81,2066,316971,305349,622320
82,2066,316971,305349,622320
83,2066,316971,305349,622320
84,2066,316971,305349,622320
85,2066,316971,305349,622320
86,2066,316971,305349,622320
87,2066,316971,305349,622320
88,2066,316971,305349,622320
89,2066,316971,305349,622320
90,2066,316971,305349,622320
91,2066,316971,305349,622320
92,2066,316971,305349,622320
93,2066,316971,305349,622320
94,2066,316971,305349,622320
95,2066,316971,305349,622320
96,2066,316971,305349,622320
97,2066,316971,305349,622320
98,2066,316971,305349,622320
99,2066,316971,305349,622320
100,2066,316971,305349,622320
0,2066,290394,273022,563416
1,2066,290394,272960,563354
2,2066,290359,272960,563319
3,2066,290259,272886,563145
4,2066,290454,272808,563262
5,2066,291611,274441,566052
6,2066,290844,274238,565082
7,2066,290993,274439,565432
8,2066,292558,275788,568346
9,2066,292683,276220,568903
10,2066,290916,274282,565198
11,2066,292270,275799,568069
12,2066,292527,276121,568648
13,2066,293904,275836,569740
14,2066,293814,275619,569433
15,2066,296491,275550,572041
16,2066,296013,275404,571417
17,2066,300549,276014,576563
18,2066,303703,277256,580959
19,2066,304886,279668,584554
20,2066,307763,280642,588405
21,2066,308577,280432,589009
22,2066,309209,280601,589810
23,2066,309657,280601,590258
24,2066,309658,280601,590259
25,2066,309658,280601,590259
26,2066,309658,280601,590259
27,2066,309658,280601,590259
28,2066,309658,280601,590259
29,2066,309658,280601,590259
30,2066,309658,280601,590259
31,2066,309658,280601,590259
32,2066,309658,280601,590259
33,2066,309658,280601,590259
34,2066,309658,280601,590259
35,2066,309658,280601,590259
36,2066,309658,280601,590259
37,2066,309666,280681,590347
38,2066,309666,280681,590347
39,2066,309666,280681,590347
40,2066,309666,280681,590347
41,2066,310400,280705,591105
42,2066,310400,280705,591105
43,2066,310400,280705,591105
44,2066,310418,280719,591137
45,2066,310418,280719,591137
46,2066,310454,280719,591173
47,2066,310454,280719,591173
48,2066,310454,280719,591173
49,2066,310454,280719,591173
50,2066,310454,280719,591173
51,2066,310454,280719,591173
52,2066,310454,280719,591173
53,2066,310454,280719,591173
54,2066,310454,280719,591173
55,2066,310454,280719,591173
56,2066,310454,280719,591173
57,2066,310454,280719,591173
58,2066,310454,280719,591173
59,2066,310454,280719,591173
60,2066,310454,280719,591173
61,2066,310425,280719,591144
62,2066,310355,280719,591074
63,2066,310557,280719,591276
64,2066,310622,280709,591331
65,2066,310657,280709,591366
66,2066,310551,280719,591270
67,2066,310578,280709,591287
68,2066,310595,280719,591314
69,2066,310527,280719,591246
70,2066,310501,280719,591220
71,2066,310167,280719,590886
72,2066,310365,280719,591084
73,2066,310097,280705,590802
74,2066,310097,280705,590802
75,2066,310097,280705,590802
76,2066,310097,280705,590802
77,2066,310097,280705,590802
78,2066,316031,304649,620680
79,2066,316015,304523,620538
80,2066,316491,304884,621375
81,2066,317021,307179,624200
82,2066,317021,307179,624200
83,2066,317021,307179,624200
84,2066,317021,307179,624200
85,2066,317021,307179,624200
86,2066,317021,307179,624200
87,2066,317021,307179,624200
88,2066,317021,307179,624200
89,2066,317021,307179,624200
90,2066,317021,307179,624200
91,2066,317021,307179,624200
92,2066,317021,307179,624200
93,2066,317021,307179,624200
94,2066,317021,307179,624200
95,2066,317021,307179,624200
96,2066,317021,307179,624200
97,2066,317021,307179,624200
98,2066,317021,307179,624200
99,2066,317021,307179,624200
100,2066,317021,307179,624200
0,2066,291389,273588,564977
1,2066,291361,273588,564949
2,2066,291342,273588,564930
3,2066,290486,273473,563959
4,2066,291427,273538,564965
5,2066,292690,275544,568234
6,2066,291841,274747,566588
7,2066,291918,275199,567117
8,2066,292254,275800,568054
9,2066,291248,275379,566627
10,2066,292120,274848,566968
11,2066,292386,276244,568630
12,2066,292471,275750,568221
13,2066,293842,275635,569477
14,2066,294684,275923,570607
15,2066,295202,274951,570153
16,2066,296309,275544,571853
17,2066,300680,275961,576641
18,2066,306176,277396,583572
19,2066,304844,279082,583926
20,2066,307760,280252,588012
21,2066,308575,280608,589183
22,2066,309265,280695,589960
23,2066,309759,280695,590454
24,2066,309761,280695,590456
25,2066,309761,280695,590456
26,2066,309761,280695,590456
27,2066,309761,280695,590456
28,2066,309761,280695,590456
29,2066,309761,280695,590456
30,2066,309761,280695,590456
31,2066,309761,280695,590456
32,2066,309761,280695,590456
33,2066,309761,280695,590456
34,2066,309761,280695,590456
35,2066,309761,280695,590456
36,2066,309761,280695,590456
37,2066,309760,280695,590455
38,2066,309760,280695,590455
39,2066,309760,280695,590455
40,2066,309760,280695,590455
41,2066,310532,280719,591251
42,2066,310532,280719,591251
43,2066,310532,280719,591251
44,2066,310612,280709,591321
45,2066,310612,280709,591321
46,2066,310612,280709,591321
47,2066,310612,280709,591321
48,2066,310612,280709,591321
49,2066,310612,280709,591321
50,2066,310612,280709,591321
51,2066,310612,280709,591321
52,2066,310612,280709,591321
53,2066,310612,280709,591321
54,2066,310612,280709,591321
55,2066,310612,280709,591321
56,2066,310612,280709,591321
57,2066,310612,280709,591321
58,2066,310612,280709,591321
59,2066,310612,280709,591321
60,2066,310612,280709,591321
61,2066,310583,280709,591292
62,2066,310342,280719,591061
63,2066,310663,280709,591372
64,2066,310791,280709,591500
65,2066,310817,280709,591526
66,2066,310711,280709,591420
67,2066,310719,280709,591428
68,2066,310627,280709,591336
69,2066,310569,280709,591278
70,2066,310553,280709,591262
71,2066,310114,280719,590833
72,2066,310402,280719,591121
73,2066,310099,280695,590794
74,2066,310099,280695,590794
75,2066,310099,280695,590794
76,2066,310099,280695,590794
77,2066,310099,280695,590794
78,2066,316416,306500,622916
79,2066,316414,306851,623265
80,2066,317112,306603,623715
81,2066,320548,305311,625859
82,2066,320548,305311,625859
83,2066,320548,305311,625859
84,2066,320548,305311,625859
85,2066,320548,305311,625859
86,2066,320548,305311,625859
87,2066,320548,305311,625859
88,2066,320548,305311,625859
89,2066,320548,305311,625859
90,2066,320548,305311,625859
91,2066,320548,305311,625859
92,2066,320548,305311,625859
93,2066,320548,305311,625859
94,2066,320548,305311,625859
95,2066,320548,305311,625859
96,2066,320548,305311,625859
97,2066,320548,305311,625859
98,2066,320548,305311,625859
99,2066,320548,305311,625859
100,2066,320548,305311,625859
0,2066,292751,275522,568273
1,2066,292768,275518,568286
2,2066,292769,275518,568287
3,2066,291789,274356,566145
4,2066,293025,274710,567735
5,2066,292813,276399,569212
6,2066,292765,276223,568988
7,2066,292672,276268,568940
8,2066,292330,276276,568606
9,2066,291393,275989,567382
10,2066,292673,276157,568830
11,2066,291584,275622,567206
12,2066,292581,275830,568411
13,2066,294134,275933,570067
14,2066,295041,276344,571385
15,2066,297727,275310,573037
16,2066,296109,275747,571856
17,2066,313874,275931,589805
18,2066,305144,277547,582691
19,2066,305947,279202,585149
20,2066,308539,280233,588772
21,2066,309150,280634,589784
22,2066,309340,280727,590067
23,2066,309735,280695,590430
24,2066,309736,280695,590431
25,2066,309736,280695,590431
26,2066,309736,280695,590431
27,2066,309736,280695,590431
28,2066,309736,280695,590431
29,2066,309736,280695,590431
30,2066,309736,280695,590431
31,2066,309736,280695,590431
32,2066,309736,280695,590431
33,2066,309736,280695,590431
34,2066,309736,280695,590431
35,2066,309736,280695,590431
36,2066,309736,280695,590431
37,2066,309736,280695,590431
38,2066,309736,280695,590431
39,2066,309736,280695,590431
40,2066,309736,280695,590431
41,2066,310615,280709,591324
42,2066,310615,280709,591324
43,2066,310615,280709,591324
44,2066,310580,280709,591289
45,2066,310580,280709,591289
46,2066,310589,280709,591298
47,2066,310589,280709,591298
48,2066,310589,280709,591298
49,2066,310589,280709,591298
50,2066,310589,280709,591298
51,2066,310589,280709,591298
52,2066,310589,280709,591298
53,2066,310589,280709,591298
54,2066,310589,280709,591298
55,2066,310589,280709,591298
56,2066,310589,280709,591298
57,2066,310589,280709,591298
58,2066,310589,280709,591298
59,2066,310589,280709,591298
60,2066,310589,280709,591298
61,2066,310560,280709,591269
62,2066,310362,280719,591081
63,2066,310688,280709,591397
64,2066,310777,280709,591486
65,2066,310815,280709,591524
66,2066,310706,280709,591415
67,2066,310743,280709,591452
68,2066,310757,280709,591466
69,2066,310692,280709,591401
70,2066,310676,280709,591385
71,2066,310183,280695,590878
72,2066,310549,280719,591268
73,2066,310133,280695,590828
74,2066,310133,280695,590828
75,2066,310133,280695,590828
76,2066,310133,280695,590828
77,2066,310133,280695,590828
78,2066,319143,305453,624596
79,2066,319327,305676,625003
80,2066,319274,305068,624342
81,2066,318978,306401,625379
82,2066,318978,306401,625379
83,2066,318978,306401,625379
84,2066,318978,306401,625379
85,2066,318978,306401,625379
86,2066,318978,306401,625379
87,2066,318978,306401,625379
88,2066,318978,306401,625379
89,2066,318978,306401,625379
90,2066,318978,306401,625379
91,2066,318978,306401,625379
92,2066,318978,306401,625379
93,2066,318978,306401,625379
94,2066,318978,306401,625379
95,2066,318978,306401,625379
96,2066,318978,306401,625379
97,2066,318978,306401,625379
98,2066,318978,306401,625379
99,2066,318978,306401,625379
100,2066,318978,306401,625379
0,2066,292327,275510,567837
1,2066,292327,275659,567986
2,2066,292320,275647,567967
3,2066,292875,275527,568402
4,2066,292828,275721,568549
5,2066,291154,274409,565563
6,2066,291431,275516,566947
7,2066,291405,275336,566741
8,2066,290990,275061,566051
9,2066,292128,275695,567823
10,2066,291559,275769,567328
11,2066,291377,275586,566963
12,2066,293155,276000,569155
13,2066,294189,275958,570147
14,2066,295769,275717,571486
15,2066,297153,275649,572802
16,2066,295944,275372,571316
17,2066,307331,276682,584013
18,2066,304499,277441,581940
19,2066,307335,279222,586557
20,2066,309367,280247,589614
21,2066,309425,280514,589939
22,2066,309452,280752,590204
23,2066,309762,280695,590457
24,2066,309764,280695,590459
25,2066,309764,280695,590459
26,2066,309764,280695,590459
27,2066,309764,280695,590459
28,2066,309764,280695,590459
29,2066,309764,280695,590459
30,2066,309764,280695,590459
31,2066,309764,280695,590459
32,2066,309764,280695,590459
33,2066,309764,280695,590459
34,2066,309764,280695,590459
35,2066,309764,280695,590459
36,2066,309764,280695,590459
37,2066,309738,280695,590433
38,2066,309738,280695,590433
39,2066,309738,280695,590433
40,2066,309738,280695,590433
41,2066,310581,280709,591290
42,2066,310581,280709,591290
43,2066,310581,280709,591290
44,2066,310522,280709,591231
45,2066,310522,280709,591231
46,2066,310522,280709,591231
47,2066,310522,280709,591231
48,2066,310522,280709,591231
49,2066,310522,280709,591231
50,2066,310522,280709,591231
51,2066,310522,280709,591231
52,2066,310522,280709,591231
53,2066,310522,280709,591231
54,2066,310522,280709,591231
55,2066,310522,280709,591231
56,2066,310522,280709,591231
57,2066,310522,280709,591231
58,2066,310522,280709,591231
59,2066,310522,280709,591231
60,2066,310522,280709,591231
61,2066,310493,280709,591202
62,2066,310500,280719,591219
63,2066,310622,280709,591331
64,2066,310711,280709,591420
65,2066,310854,280709,591563
66,2066,310736,280709,591445
67,2066,310677,280709,591386
68,2066,310743,280709,591452
69,2066,310668,280709,591377
70,2066,310642,280709,591351
71,2066,310117,280719,590836
72,2066,310404,280709,591113
73,2066,310176,280695,590871
74,2066,310176,280695,590871
75,2066,310176,280695,590871
76,2066,310176,280695,590871
77,2066,310176,280695,590871
78,2066,317218,306629,623847
79,2066,317604,306070,623674
80,2066,317715,306312,624027
81,2066,319435,304795,624230
82,2066,319435,304795,624230
83,2066,319435,304795,624230
84,2066,319435,304795,624230
85,2066,319435,304795,624230
86,2066,319435,304795,624230
87,2066,319435,304795,624230
88,2066,319435,304795,624230
89,2066,319435,304795,624230
90,2066,319435,304795,624230
91,2066,319435,304795,624230
92,2066,319435,304795,624230
93,2066,319435,304795,624230
94,2066,319435,304795,624230
95,2066,319435,304795,624230
96,2066,319435,304795,624230
97,2066,319435,304795,624230
98,2066,319435,304795,624230
99,2066,319435,304795,624230
100,2066,319435,304795,624230
0,2066,292237,275533,567770
1,2066,292258,275489,567747
2,2066,292255,275489,567744
3,2066,292520,275565,568085
4,2066,292646,275922,568568
5,2066,290941,274761,565702
6,2066,291650,275540,567190
7,2066,291571,275602,567173
8,2066,290150,274568,564718
9,2066,292443,275886,568329
10,2066,291915,275595,567510
11,2066,292561,275926,568487
12,2066,293011,276402,569413
13,2066,293947,275772,569719
14,2066,294479,275523,570002
15,2066,297722,275788,573510
16,2066,296132,275359,571491
17,2066,303346,276680,580026
18,2066,304374,277451,581825
19,2066,307952,279352,587304
20,2066,309700,280525,590225
21,2066,308980,280464,589444
22,2066,309470,280601,590071
23,2066,309775,280616,590391
24,2066,309777,280616,590393
25,2066,309777,280616,590393
26,2066,309777,280616,590393
27,2066,309777,280616,590393
28,2066,309777,280616,590393
29,2066,309777,280616,590393
30,2066,309777,280616,590393
31,2066,309777,280616,590393
32,2066,309777,280616,590393
33,2066,309777,280616,590393
34,2066,309777,280616,590393
35,2066,309777,280616,590393
36,2066,309777,280616,590393
37,2066,309777,280616,590393
38,2066,309777,280616,590393
39,2066,309777,280616,590393
40,2066,309777,280616,590393
41,2066,310522,280709,591231
42,2066,310522,280709,591231
43,2066,310522,280709,591231
44,2066,310523,280709,591232
45,2066,310523,280709,591232
46,2066,310523,280709,591232
47,2066,310523,280709,591232
48,2066,310523,280709,591232
49,2066,310523,280709,591232
50,2066,310523,280709,591232
51,2066,310523,280709,591232
52,2066,310523,280709,591232
53,2066,310523,280709,591232
54,2066,310523,280709,591232
55,2066,310523,280709,591232
56,2066,310523,280709,591232
57,2066,310523,280709,591232
58,2066,310523,280709,591232
59,2066,310523,280709,591232
60,2066,310523,280709,591232
61,2066,310494,280709,591203
62,2066,310481,280709,591190
63,2066,310622,280709,591331
64,2066,310711,280709,591420
65,2066,310728,280709,591437
66,2066,310677,280709,591386
67,2066,310677,280709,591386
68,2066,310677,280709,591386
69,2066,310602,280709,591311
70,2066,310576,280709,591285
71,2066,310117,280695,590812
72,2066,310481,280719,591200
73,2066,310143,280719,590862
74,2066,310143,280719,590862
75,2066,310143,280719,590862
76,2066,310143,280719,590862
77,2066,310143,280719,590862
78,2066,319280,304872,624152
79,2066,317218,306403,623621
80,2066,318885,305538,624423
81,2066,315816,304901,620717
82,2066,315816,304901,620717
83,2066,315816,304901,620717
84,2066,315816,304901,620717
85,2066,315816,304901,620717
86,2066,315816,304901,620717
87,2066,315816,304901,620717
88,2066,315816,304901,620717
89,2066,315816,304901,620717
90,2066,315816,304901,620717
91,2066,315816,304901,620717
92,2066,315816,304901,620717
93,2066,315816,304901,620717
94,2066,315816,304901,620717
95,2066,315816,304901,620717
96,2066,315816,304901,620717
97,2066,315816,304901,620717
98,2066,315816,304901,620717
99,2066,315816,304901,620717
100,2066,315816,304901,620717
0,2066,292050,274642,566692
1,2066,291992,274566,566558
2,2066,292049,274566,566615
3,2066,292288,275393,567681
4,2066,292350,275433,567783
5,2066,291665,275418,567083
6,2066,292616,275683,568299
7,2066,292591,275714,568305
8,2066,289388,272724,562112
9,2066,292120,275796,567916
10,2066,292494,275697,568191
11,2066,292571,276455,569026
12,2066,292461,275605,568066
13,2066,293891,275625,569516
14,2066,294576,275565,570141
15,2066,296947,275357,572304
16,2066,296197,275623,571820
17,2066,302139,276579,578718
18,2066,304368,277408,581776
19,2066,309074,279536,588610
20,2066,308796,280425,589221
21,2066,308818,280514,589332
22,2066,309431,280601,590032
23,2066,309749,280616,590365
24,2066,309751,280616,590367
25,2066,309751,280616,590367
26,2066,309751,280616,590367
27,2066,309751,280616,590367
28,2066,309751,280616,590367
29,2066,309751,280616,590367
30,2066,309751,280616,590367
31,2066,309751,280616,590367
32,2066,309751,280616,590367
33,2066,309751,280616,590367
34,2066,309751,280616,590367
35,2066,309751,280616,590367
36,2066,309751,280616,590367
37,2066,309751,280616,590367
38,2066,309751,280616,590367
39,2066,309751,280616,590367
40,2066,309751,280616,590367
41,2066,310523,280709,591232
42,2066,310523,280709,591232
43,2066,310523,280709,591232
44,2066,310523,280709,591232
45,2066,310523,280709,591232
46,2066,310523,280709,591232
47,2066,310523,280709,591232
48,2066,310523,280709,591232
49,2066,310523,280709,591232
50,2066,310523,280709,591232
51,2066,310523,280709,591232
52,2066,310523,280709,591232
53,2066,310523,280709,591232
54,2066,310523,280709,591232
55,2066,310523,280709,591232
56,2066,310523,280709,591232
57,2066,310523,280709,591232
58,2066,310523,280709,591232
59,2066,310523,280709,591232
60,2066,310523,280709,591232
61,2066,310502,280709,591211
62,2066,310533,280709,591242
63,2066,310629,280709,591338
64,2066,310711,280709,591420
65,2066,310748,280709,591457
66,2066,310677,280709,591386
67,2066,310677,280709,591386
68,2066,310677,280709,591386
69,2066,310602,280709,591311
70,2066,310576,280709,591285
71,2066,310117,280695,590812
72,2066,310465,280709,591174
73,2066,310117,280719,590836
74,2066,310117,280719,590836
75,2066,310117,280719,590836
76,2066,310117,280719,590836
77,2066,310117,280719,590836
78,2066,317018,305496,622514
79,2066,319763,304916,624679
80,2066,316558,305659,622217
81,2066,315093,304229,619322
82,2066,315093,304229,619322
83,2066,315093,304229,619322
84,2066,315093,304229,619322
85,2066,315093,304229,619322
86,2066,315093,304229,619322
87,2066,315093,304229,619322
88,2066,315093,304229,619322
89,2066,315093,304229,619322
90,2066,315093,304229,619322
91,2066,315093,304229,619322
92,2066,315093,304229,619322
93,2066,315093,304229,619322
94,2066,315093,304229,619322
95,2066,315093,304229,619322
96,2066,315093,304229,619322
97,2066,315093,304229,619322
98,2066,315093,304229,619322
99,2066,315093,304229,619322
100,2066,315093,304229,619322
0,2066,292467,275809,568276
1,2066,292460,275777,568237
2,2066,292457,275777,568234
3,2066,292245,275154,567399
4,2066,292274,275644,567918
5,2066,292620,276606,569226
6,2066,292731,276392,569123
7,2066,292547,276434,568981
8,2066,290424,273014,563438
9,2066,292125,275680,567805
10,2066,292649,276206,568855
11,2066,291627,275325,566952
12,2066,292214,276093,568307
13,2066,294275,275933,570208
14,2066,294898,275677,570575
15,2066,296696,275498,572194
16,2066,296083,275608,571691
17,2066,302392,276114,578506
18,2066,304800,277408,582208
19,2066,308341,280112,588453
20,2066,308246,280444,588690
21,2066,308721,280514,589235
22,2066,309400,280616,590016
23,2066,309775,280616,590391
24,2066,309777,280616,590393
25,2066,309777,280616,590393
26,2066,309777,280616,590393
27,2066,309777,280616,590393
28,2066,309777,280616,590393
29,2066,309777,280616,590393
30,2066,309777,280616,590393
31,2066,309777,280616,590393
32,2066,309777,280616,590393
33,2066,309777,280616,590393
34,2066,309777,280616,590393
35,2066,309777,280616,590393
36,2066,309777,280616,590393
37,2066,309751,280616,590367
38,2066,309751,280616,590367
39,2066,309751,280616,590367
40,2066,309751,280616,590367
41,2066,310523,280709,591232
42,2066,310523,280709,591232
43,2066,310523,280709,591232
44,2066,310523,280709,591232
45,2066,310523,280709,591232
46,2066,310523,280709,591232
47,2066,310523,280709,591232
48,2066,310523,280709,591232
49,2066,310523,280709,591232
50,2066,310523,280709,591232
51,2066,310523,280709,591232
52,2066,310523,280709,591232
53,2066,310523,280709,591232
54,2066,310523,280709,591232
55,2066,310523,280709,591232
56,2066,310523,280709,591232
57,2066,310523,280709,591232
58,2066,310523,280709,591232
59,2066,310523,280709,591232
60,2066,310523,280709,591232
61,2066,310502,280709,591211
62,2066,310490,280709,591199
63,2066,310629,280709,591338
64,2066,310711,280709,591420
65,2066,310728,280709,591437
66,2066,310677,280709,591386
67,2066,310677,280709,591386
68,2066,310677,280709,591386
69,2066,310609,280709,591318
70,2066,310583,280709,591292
71,2066,310117,280695,590812
72,2066,310465,280709,591174
73,2066,310117,280695,590812
74,2066,310117,280695,590812
75,2066,310117,280695,590812
76,2066,310117,280695,590812
77,2066,310117,280695,590812
78,2066,315589,306728,622317
79,2066,317850,304290,622140
80,2066,315286,304700,619986
81,2066,313486,303270,616756
82,2066,313486,303270,616756
83,2066,313486,303270,616756
84,2066,313486,303270,616756
85,2066,313486,303270,616756
86,2066,313486,303270,616756
87,2066,313486,303270,616756
88,2066,313486,303270,616756
89,2066,313486,303270,616756
90,2066,313486,303270,616756
91,2066,313486,303270,616756
92,2066,313486,303270,616756
93,2066,313486,303270,616756
94,2066,313486,303270,616756
95,2066,313486,303270,616756
96,2066,313486,303270,616756
97,2066,313486,303270,616756
98,2066,313486,303270,616756
99,2066,313486,303270,616756
100,2066,313486,303270,616756
0,2066,292071,275839,567910
1,2066,292089,275900,567989
2,2066,292086,275900,567986
3,2066,292381,275949,568330
4,2066,292447,276194,568641
5,2066,291076,274117,565193
6,2066,291032,274854,565886
7,2066,290997,274886,565883
8,2066,291455,273560,565015
9,2066,292220,275875,568095
10,2066,291207,275214,566421
11,2066,291288,275553,566841
12,2066,293021,276358,569379
13,2066,294152,276089,570241
14,2066,295132,275773,570905
15,2066,295672,275405,571077
16,2066,296009,275276,571285
17,2066,303498,276207,579705
18,2066,304580,277399,581979
19,2066,307593,280366,587959
20,2066,308648,280447,589095
21,2066,309185,280529,589714
22,2066,309411,280647,590058
23,2066,309775,280616,590391
24,2066,309777,280624,590401
25,2066,309777,280624,590401
26,2066,309777,280624,590401
27,2066,309777,280624,590401
28,2066,309777,280624,590401
29,2066,309777,280624,590401
30,2066,309777,280624,590401
31,2066,309777,280624,590401
32,2066,309777,280624,590401
33,2066,309777,280624,590401
34,2066,309777,280624,590401
35,2066,309777,280624,590401
36,2066,309777,280624,590401
37,2066,309777,280616,590393
38,2066,309777,280616,590393
39,2066,309777,280616,590393
40,2066,309777,280616,590393
41,2066,310523,280709,591232
42,2066,310523,280709,591232
43,2066,310523,280709,591232
44,2066,310523,280709,591232
45,2066,310523,280709,591232
46,2066,310523,280709,591232
47,2066,310523,280709,591232
48,2066,310523,280709,591232
49,2066,310523,280709,591232
50,2066,310523,280709,591232
51,2066,310523,280709,591232
52,2066,310523,280709,591232
53,2066,310523,280709,591232
54,2066,310523,280709,591232
55,2066,310523,280709,591232
56,2066,310523,280709,591232
57,2066,310523,280709,591232
58,2066,310523,280709,591232
59,2066,310523,280709,591232
60,2066,310523,280709,591232
61,2066,310502,280709,591211
62,2066,310482,280709,591191
63,2066,310622,280709,591331
64,2066,310711,280709,591420
65,2066,310776,280709,591485
66,2066,310677,280709,591386
67,2066,310677,280709,591386
68,2066,310677,280709,591386
69,2066,310609,280709,591318
70,2066,310583,280709,591292
71,2066,310117,280695,590812
72,2066,310465,280709,591174
73,2066,310117,280695,590812
74,2066,310117,280695,590812
75,2066,310117,280695,590812
76,2066,310117,280695,590812
77,2066,310117,280695,590812
78,2066,319253,303696,622949
79,2066,314882,303302,618184
80,2066,314483,304209,618692
81,2066,313400,302807,616207
82,2066,313400,302807,616207
83,2066,313400,302807,616207
84,2066,313400,302807,616207
85,2066,313400,302807,616207
86,2066,313400,302807,616207
87,2066,313400,302807,616207
88,2066,313400,302807,616207
89,2066,313400,302807,616207
90,2066,313400,302807,616207
91,2066,313400,302807,616207
92,2066,313400,302807,616207
93,2066,313400,302807,616207
94,2066,313400,302807,616207
95,2066,313400,302807,616207
96,2066,313400,302807,616207
97,2066,313400,302807,616207
98,2066,313400,302807,616207
99,2066,313400,302807,616207
100,2066,313400,302807,616207
0,2066,291929,276118,568047
1,2066,292050,276184,568234
2,2066,292024,276184,568208
3,2066,292099,275673,567772
4,2066,291120,275219,566339
5,2066,290898,274381,565279
6,2066,290201,274869,565070
7,2066,289966,274416,564382
8,2066,293136,274868,568004
9,2066,292151,275983,568134
10,2066,291191,275417,566608
11,2066,292570,276264,568834
12,2066,292503,275712,568215
13,2066,293667,275662,569329
14,2066,296166,275731,571897
15,2066,295497,275115,570612
16,2066,296079,275458,571537
17,2066,303229,276582,579811
18,2066,304477,277399,581876
19,2066,306568,280199,586767
20,2066,308456,280490,588946
21,2066,309412,280464,589876
22,2066,309419,280647,590066
23,2066,309775,280624,590399
24,2066,309777,280624,590401
25,2066,309777,280624,590401
26,2066,309777,280624,590401
27,2066,309777,280624,590401
28,2066,309777,280624,590401
29,2066,309777,280624,590401
30,2066,309777,280624,590401
31,2066,309777,280624,590401
32,2066,309777,280624,590401
33,2066,309777,280624,590401
34,2066,309777,280624,590401
35,2066,309777,280624,590401
36,2066,309777,280624,590401
37,2066,309777,280624,590401
38,2066,309777,280624,590401
39,2066,309777,280624,590401
40,2066,309777,280624,590401
41,2066,310523,280709,591232
42,2066,310523,280709,591232
43,2066,310523,280709,591232
44,2066,310523,280709,591232
45,2066,310523,280709,591232
46,2066,310523,280709,591232
47,2066,310523,280709,591232
48,2066,310523,280709,591232
49,2066,310523,280709,591232
50,2066,310523,280709,591232
51,2066,310523,280709,591232
52,2066,310523,280709,591232
53,2066,310523,280709,591232
54,2066,310523,280709,591232
55,2066,310523,280709,591232
56,2066,310523,280709,591232
57,2066,310523,280709,591232
58,2066,310523,280709,591232
59,2066,310523,280709,591232
60,2066,310523,280709,591232
61,2066,310502,280709,591211
62,2066,310542,280709,591251
63,2066,310622,280709,591331
64,2066,310711,280709,591420
65,2066,310776,280709,591485
66,2066,310677,280709,591386
67,2066,310677,280709,591386
68,2066,310677,280709,591386
69,2066,310609,280709,591318
70,2066,310583,280709,591292
71,2066,310117,280695,590812
72,2066,310465,280709,591174
73,2066,310117,280695,590812
74,2066,310117,280695,590812
75,2066,310117,280695,590812
76,2066,310117,280695,590812
77,2066,310117,280695,590812
78,2066,315391,302409,617800
79,2066,313281,301886,615167
80,2066,313582,303403,616985
81,2066,313300,302781,616081
82,2066,313300,302781,616081
83,2066,313300,302781,616081
84,2066,313300,302781,616081
85,2066,313300,302781,616081
86,2066,313300,302781,616081
87,2066,313300,302781,616081
88,2066,313300,302781,616081
89,2066,313300,302781,616081
90,2066,313300,302781,616081
91,2066,313300,302781,616081
92,2066,313300,302781,616081
93,2066,313300,302781,616081
94,2066,313300,302781,616081
95,2066,313300,302781,616081
96,2066,313300,302781,616081
97,2066,313300,302781,616081
98,2066,313300,302781,616081
99,2066,313300,302781,616081
100,2066,313300,302781,616081
0,2066,290678,274865,565543
1,2066,290646,274600,565246
2,2066,290646,274600,565246
3,2066,292028,275935,567963
4,2066,290806,274931,565737
5,2066,291693,275335,567028
6,2066,289512,272972,562484
7,2066,289426,272773,562199
8,2066,292970,275895,568865
9,2066,292042,275514,567556
10,2066,292198,275741,567939
11,2066,291715,275941,567656
12,2066,292280,275815,568095
13,2066,293958,275737,569695
14,2066,295390,275951,571341
15,2066,295576,275625,571201
16,2066,296316,275830,572146
17,2066,302965,276281,579246
18,2066,304630,277408,582038
19,2066,305272,279385,584657
20,2066,308843,280475,589318
21,2066,308966,280464,589430
22,2066,309419,280616,590035
23,2066,309775,280616,590391
24,2066,309777,280616,590393
25,2066,309777,280616,590393
26,2066,309777,280616,590393
27,2066,309777,280616,590393
28,2066,309777,280616,590393
29,2066,309777,280616,590393
30,2066,309777,280616,590393
31,2066,309777,280616,590393
32,2066,309777,280616,590393
33,2066,309777,280616,590393
34,2066,309777,280616,590393
35,2066,309777,280616,590393
36,2066,309777,280616,590393
37,2066,309777,280616,590393
38,2066,309777,280616,590393
39,2066,309777,280616,590393
40,2066,309777,280616,590393
41,2066,310523,280709,591232
42,2066,310523,280709,591232
43,2066,310523,280709,591232
44,2066,310523,280709,591232
45,2066,310523,280709,591232
46,2066,310523,280709,591232
47,2066,310523,280709,591232
48,2066,310523,280709,591232
49,2066,310523,280709,591232
50,2066,310523,280709,591232
51,2066,310523,280709,591232
52,2066,310523,280709,591232
53,2066,310523,280709,591232
54,2066,310523,280709,591232
55,2066,310523,280709,591232
56,2066,310523,280709,591232
57,2066,310523,280709,591232
58,2066,310523,280709,591232
59,2066,310523,280709,591232
60,2066,310523,280709,591232
61,2066,310502,280709,591211
62,2066,310490,280709,591199
63,2066,310629,280709,591338
64,2066,310711,280709,591420
65,2066,310776,280709,591485
66,2066,310677,280709,591386
67,2066,310677,280709,591386
68,2066,310677,280709,591386
69,2066,310609,280709,591318
70,2066,310583,280709,591292
71,2066,310117,280695,590812
72,2066,310465,280709,591174
73,2066,310117,280695,590812
74,2066,310117,280695,590812
75,2066,310117,280695,590812
76,2066,310117,280695,590812
77,2066,310117,280695,590812
78,2066,314163,302133,616296
79,2066,313574,301568,615142
80,2066,313325,302887,616212
81,2066,314143,304623,618766
82,2066,314143,304623,618766
83,2066,314143,304623,618766
84,2066,314143,304623,618766
85,2066,314143,304623,618766
86,2066,314143,304623,618766
87,2066,314143,304623,618766
88,2066,314143,304623,618766
89,2066,314143,304623,618766
90,2066,314143,304623,618766
91,2066,314143,304623,618766
92,2066,314143,304623,618766
93,2066,314143,304623,618766
94,2066,314143,304623,618766
95,2066,314143,304623,618766
96,2066,314143,304623,618766
97,2066,314143,304623,618766
98,2066,314143,304623,618766
99,2066,314143,304623,618766
100,2066,314143,304623,618766
0,2066,289630,273527,563157
1,2066,289084,272978,562062
2,2066,289096,272978,562074
3,2066,291944,275546,567490
4,2066,290744,274239,564983
5,2066,292628,276596,569224
6,2066,290215,273130,563345
7,2066,290379,273170,563549
8,2066,292789,275868,568657
9,2066,292007,275599,567606
10,2066,292516,276305,568821
11,2066,291831,275642,567473
12,2066,293193,276213,569406
13,2066,294133,275848,569981
14,2066,294756,275557,570313
15,2066,295875,275849,571724
16,2066,296104,275804,571908
17,2066,302976,276373,579349
18,2066,304434,277399,581833
19,2066,305026,279291,584317
20,2066,308802,280475,589277
21,2066,308820,280514,589334
22,2066,309407,280616,590023
23,2066,309775,280624,590399
24,2066,309777,280624,590401
25,2066,309777,280624,590401
26,2066,309777,280624,590401
27,2066,309777,280624,590401
28,2066,309777,280624,590401
29,2066,309777,280624,590401
30,2066,309777,280624,590401
31,2066,309777,280624,590401
32,2066,309777,280624,590401
33,2066,309777,280624,590401
34,2066,309777,280624,590401
35,2066,309777,280624,590401
36,2066,309777,280624,590401
37,2066,309777,280616,590393
38,2066,309777,280616,590393
39,2066,309777,280616,590393
40,2066,309777,280616,590393
41,2066,310523,280709,591232
42,2066,310523,280709,591232
43,2066,310523,280709,591232
44,2066,310523,280709,591232
45,2066,310523,280709,591232
46,2066,310523,280709,591232
47,2066,310523,280709,591232
48,2066,310523,280709,591232
49,2066,310523,280709,591232
50,2066,310523,280709,591232
51,2066,310523,280709,591232
52,2066,310523,280709,591232
53,2066,310523,280709,591232
54,2066,310523,280709,591232
55,2066,310523,280709,591232
56,2066,310523,280709,591232
57,2066,310523,280709,591232
58,2066,310523,280709,591232
59,2066,310523,280709,591232
60,2066,310523,280709,591232
61,2066,310502,280709,591211
62,2066,310482,280709,591191
63,2066,310629,280709,591338
64,2066,310711,280709,591420
65,2066,310776,280709,591485
66,2066,310677,280709,591386
67,2066,310677,280709,591386
68,2066,310677,280709,591386
69,2066,310609,280709,591318
70,2066,310583,280709,591292
71,2066,310117,280695,590812
72,2066,310465,280709,591174
73,2066,310117,280695,590812
74,2066,310117,280695,590812
75,2066,310117,280695,590812
76,2066,310117,280695,590812
77,2066,310117,280695,590812
78,2066,312824,302255,615079
79,2066,312361,301855,614216
80,2066,313545,304204,617749
81,2066,315175,307024,622199
82,2066,315175,307024,622199
83,2066,315175,307024,622199
84,2066,315175,307024,622199
85,2066,315175,307024,622199
86,2066,315175,307024,622199
87,2066,315175,307024,622199
88,2066,315175,307024,622199
89,2066,315175,307024,622199
90,2066,315175,307024,622199
91,2066,315175,307024,622199
92,2066,315175,307024,622199
93,2066,315175,307024,622199
94,2066,315175,307024,622199
95,2066,315175,307024,622199
96,2066,315175,307024,622199
97,2066,315175,307024,622199
98,2066,315175,307024,622199
99,2066,315175,307024,622199
100,2066,315175,307024,622199
0,2066,289931,272729,562660
1,2066,289934,272911,562845
2,2066,289982,272952,562934
3,2066,292195,275576,567771
4,2066,291187,274432,565619
5,2066,291032,274005,565037
6,2066,290574,273727,564301
7,2066,291554,273847,565401
8,2066,292191,275275,567466
9,2066,292300,275900,568200
10,2066,291218,275119,566337
11,2066,292350,275661,568011
12,2066,292533,276111,568644
13,2066,294243,276045,570288
14,2066,294509,275322,569831
15,2066,295696,275954,571650
16,2066,295745,275365,571110
17,2066,302787,276624,579411
18,2066,304700,277408,582108
19,2066,305830,279172,585002
20,2066,308798,280475,589273
21,2066,308721,280514,589235
22,2066,309400,280616,590016
23,2066,309775,280624,590399
24,2066,309777,280624,590401
25,2066,309777,280624,590401
26,2066,309777,280624,590401
27,2066,309777,280624,590401
28,2066,309777,280624,590401
29,2066,309777,280624,590401
30,2066,309777,280624,590401
31,2066,309777,280624,590401
32,2066,309777,280624,590401
33,2066,309777,280624,590401
34,2066,309777,280624,590401
35,2066,309777,280624,590401
36,2066,309777,280624,590401
37,2066,309777,280624,590401
38,2066,309777,280624,590401
39,2066,309777,280624,590401
40,2066,309777,280624,590401
41,2066,310523,280709,591232
42,2066,310523,280709,591232
43,2066,310523,280709,591232
44,2066,310523,280709,591232
45,2066,310523,280709,591232
46,2066,310523,280709,591232
47,2066,310523,280709,591232
48,2066,310523,280709,591232
49,2066,310523,280709,591232
50,2066,310523,280709,591232
51,2066,310523,280709,591232
52,2066,310523,280709,591232
53,2066,310523,280709,591232
54,2066,310523,280709,591232
55,2066,310523,280709,591232
56,2066,310523,280709,591232
57,2066,310523,280709,591232
58,2066,310523,280709,591232
59,2066,310523,280709,591232
60,2066,310523,280709,591232
61,2066,310502,280709,591211
62,2066,310542,280709,591251
63,2066,310622,280709,591331
64,2066,310711,280709,591420
65,2066,310776,280709,591485
66,2066,310677,280709,591386
67,2066,310677,280709,591386
68,2066,310677,280709,591386
69,2066,310609,280709,591318
70,2066,310583,280709,591292
71,2066,310117,280695,590812
72,2066,310465,280709,591174
73,2066,310117,280695,590812
74,2066,310117,280695,590812
75,2066,310117,280695,590812
76,2066,310117,280695,590812
77,2066,310117,280695,590812
78,2066,314312,303031,617343
79,2066,314087,303226,617313
80,2066,313783,305497,619280
81,2066,319234,305827,625061
82,2066,319234,305827,625061
83,2066,319234,305827,625061
84,2066,319234,305827,625061
85,2066,319234,305827,625061
86,2066,319234,305827,625061
87,2066,319234,305827,625061
88,2066,319234,305827,625061
89,2066,319234,305827,625061
90,2066,319234,305827,625061
91,2066,319234,305827,625061
92,2066,319234,305827,625061
93,2066,319234,305827,625061
94,2066,319234,305827,625061
95,2066,319234,305827,625061
96,2066,319234,305827,625061
97,2066,319234,305827,625061
98,2066,319234,305827,625061
99,2066,319234,305827,625061
100,2066,319234,305827,625061
0,2066,290389,273324,563713
1,2066,290357,273423,563780
2,2066,290327,273499,563826
3,2066,292216,275829,568045
4,2066,292652,275969,568621
5,2066,290429,274160,564589
6,2066,291995,274742,566737
7,2066,293131,275594,568725
8,2066,292310,275603,567913
9,2066,292239,275895,568134
10,2066,291305,275231,566536
11,2066,292658,276470,569128
12,2066,291894,275712,567606
13,2066,293818,275668,569486
14,2066,294959,275664,570623
15,2066,295329,275541,570870
16,2066,296065,275365,571430
17,2066,302452,276309,578761
18,2066,304434,277399,581833
19,2066,307640,279219,586859
20,2066,308797,280475,589272
21,2066,309191,280529,589720
22,2066,309411,280647,590058
23,2066,309775,280624,590399
24,2066,309777,280624,590401
25,2066,309777,280624,590401
26,2066,309777,280624,590401
27,2066,309777,280624,590401
28,2066,309777,280624,590401
29,2066,309777,280624,590401
30,2066,309777,280624,590401
31,2066,309777,280624,590401
32,2066,309777,280624,590401
33,2066,309777,280624,590401
34,2066,309777,280624,590401
35,2066,309777,280624,590401
36,2066,309777,280624,590401
37,2066,309777,280624,590401
38,2066,309777,280624,590401
39,2066,309777,280624,590401
40,2066,309777,280624,590401
41,2066,310523,280709,591232
42,2066,310523,280709,591232
43,2066,310523,280709,591232
44,2066,310523,280709,591232
45,2066,310523,280709,591232
46,2066,310523,280709,591232
47,2066,310523,280709,591232
48,2066,310523,280709,591232
49,2066,310523,280709,591232
50,2066,310523,280709,591232
51,2066,310523,280709,591232
52,2066,310523,280709,591232
53,2066,310523,280709,591232
54,2066,310523,280709,591232
55,2066,310523,280709,591232
56,2066,310523,280709,591232
57,2066,310523,280709,591232
58,2066,310523,280709,591232
59,2066,310523,280709,591232
60,2066,310523,280709,591232
61,2066,310502,280709,591211
62,2066,310490,280709,591199
63,2066,310622,280709,591331
64,2066,310711,280709,591420
65,2066,310776,280709,591485
66,2066,310677,280709,591386
67,2066,310677,280709,591386
68,2066,310677,280709,591386
69,2066,310609,280709,591318
70,2066,310583,280709,591292
71,2066,310117,280695,590812
72,2066,310465,280709,591174
73,2066,310117,280695,590812
74,2066,310117,280695,590812
75,2066,310117,280695,590812
76,2066,310117,280695,590812
77,2066,310117,280695,590812
78,2066,314565,303350,617915
79,2066,315463,303836,619299
80,2066,315597,307591,623188
81,2066,318475,306338,624813
82,2066,318475,306338,624813
83,2066,318475,306338,624813
84,2066,318475,306338,624813
85,2066,318475,306338,624813
86,2066,318475,306338,624813
87,2066,318475,306338,624813
88,2066,318475,306338,624813
89,2066,318475,306338,624813
90,2066,318475,306338,624813
91,2066,318475,306338,624813
92,2066,318475,306338,624813
93,2066,318475,306338,624813
94,2066,318475,306338,624813
95,2066,318475,306338,624813
96,2066,318475,306338,624813
97,2066,318475,306338,624813
98,2066,318475,306338,624813
99,2066,318475,306338,624813
100,2066,318475,306338,624813
0,2066,291577,274118,565695
1,2066,291704,274059,565763
2,2066,291728,274070,565798
3,2066,292172,275866,568038
4,2066,292520,275795,568315
5,2066,290894,274103,564997
6,2066,293029,275653,568682
7,2066,293002,275585,568587
8,2066,292514,276161,568675
9,2066,292060,275434,567494
10,2066,292373,275869,568242
11,2066,291521,275321,566842
12,2066,292700,275905,568605
13,2066,293942,275538,569480
14,2066,295205,275997,571202
15,2066,296250,275426,571676
16,2066,296330,275907,572237
17,2066,302651,276235,578886
18,2066,304622,277408,582030
19,2066,308470,279310,587780
20,2066,308804,280475,589279
21,2066,309404,280464,589868
22,2066,309411,280647,590058
23,2066,309775,280624,590399
24,2066,309777,280624,590401
25,2066,309777,280624,590401
26,2066,309777,280624,590401
27,2066,309777,280624,590401
28,2066,309777,280624,590401
29,2066,309777,280624,590401
30,2066,309777,280624,590401
31,2066,309777,280624,590401
32,2066,309777,280624,590401
33,2066,309777,280624,590401
34,2066,309777,280624,590401
35,2066,309777,280624,590401
36,2066,309777,280624,590401
37,2066,309777,280624,590401
38,2066,309777,280624,590401
39,2066,309777,280624,590401
40,2066,309777,280624,590401
41,2066,310523,280709,591232
42,2066,310523,280709,591232
43,2066,310523,280709,591232
44,2066,310523,280709,591232
45,2066,310523,280709,591232
46,2066,310523,280709,591232
47,2066,310523,280709,591232
48,2066,310523,280709,591232
49,2066,310523,280709,591232
50,2066,310523,280709,591232
51,2066,310523,280709,591232
52,2066,310523,280709,591232
53,2066,310523,280709,591232
54,2066,310523,280709,591232
55,2066,310523,280709,591232
56,2066,310523,280709,591232
57,2066,310523,280709,591232
58,2066,310523,280709,591232
59,2066,310523,280709,591232
60,2066,310523,280709,591232
61,2066,310502,280709,591211
62,2066,310482,280709,591191
63,2066,310629,280709,591338
64,2066,310711,280709,591420
65,2066,310776,280709,591485
66,2066,310677,280709,591386
67,2066,310677,280709,591386
68,2066,310677,280709,591386
69,2066,310609,280709,591318
70,2066,310583,280709,591292
71,2066,310117,280695,590812
72,2066,310465,280709,591174
73,2066,310117,280695,590812
74,2066,310117,280695,590812
75,2066,310117,280695,590812
76,2066,310117,280695,590812
77,2066,310117,280695,590812
78,2066,314748,304905,619653
79,2066,315681,305040,620721
80,2066,320100,305595,625695
81,2066,319150,304796,623946
82,2066,319150,304796,623946
83,2066,319150,304796,623946
84,2066,319150,304796,623946
85,2066,319150,304796,623946
86,2066,319150,304796,623946
87,2066,319150,304796,623946
88,2066,319150,304796,623946
89,2066,319150,304796,623946
90,2066,319150,304796,623946
91,2066,319150,304796,623946
92,2066,319150,304796,623946
93,2066,319150,304796,623946
94,2066,319150,304796,623946
95,2066,319150,304796,623946
96,2066,319150,304796,623946
97,2066,319150,304796,623946
98,2066,319150,304796,623946
99,2066,319150,304796,623946
100,2066,319150,304796,623946
0,2066,292691,275252,567943
1,2066,292737,275408,568145
2,2066,292737,275396,568133
3,2066,291909,275660,567569
4,2066,292434,275675,568109
5,2066,292224,276129,568353
6,2066,292989,275830,568819
7,2066,292884,275778,568662
8,2066,291224,275620,566844
9,2066,291990,275557,567547
10,2066,292433,276415,568848
11,2066,291391,275660,567051
12,2066,293221,276798,570019
13,2066,294261,275802,570063
14,2066,297791,275834,573625
15,2066,295951,275686,571637
16,2066,296030,275683,571713
17,2066,302367,276387,578754
18,2066,304434,277399,581833
19,2066,309346,279536,588882
20,2066,308804,280475,589279
21,2066,308966,280464,589430
22,2066,309411,280616,590027
23,2066,309775,280624,590399
24,2066,309777,280624,590401
25,2066,309777,280624,590401
26,2066,309777,280624,590401
27,2066,309777,280624,590401
28,2066,309777,280624,590401
29,2066,309777,280624,590401
30,2066,309777,280624,590401
31,2066,309777,280624,590401
32,2066,309777,280624,590401
33,2066,309777,280624,590401
34,2066,309777,280624,590401
35,2066,309777,280624,590401
36,2066,309777,280624,590401
37,2066,309777,280624,590401
38,2066,309777,280624,590401
39,2066,309777,280624,590401
40,2066,309777,280624,590401
41,2066,310523,280709,591232
42,2066,310523,280709,591232
43,2066,310523,280709,591232
44,2066,310523,280709,591232
45,2066,310523,280709,591232
46,2066,310523,280709,591232
47,2066,310523,280709,591232
48,2066,310523,280709,591232
49,2066,310523,280709,591232
50,2066,310523,280709,591232
51,2066,310523,280709,591232
52,2066,310523,280709,591232
53,2066,310523,280709,591232
54,2066,310523,280709,591232
55,2066,310523,280709,591232
56,2066,310523,280709,591232
57,2066,310523,280709,591232
58,2066,310523,280709,591232
59,2066,310523,280709,591232
60,2066,310523,280709,591232
61,2066,310502,280709,591211
62,2066,310542,280709,591251
63,2066,310629,280709,591338
64,2066,310711,280709,591420
65,2066,310776,280709,591485
66,2066,310677,280709,591386
67,2066,310677,280709,591386
68,2066,310677,280709,591386
69,2066,310609,280709,591318
70,2066,310583,280709,591292
71,2066,310117,280695,590812
72,2066,310465,280709,591174
73,2066,310117,280695,590812
74,2066,310117,280695,590812
75,2066,310117,280695,590812
76,2066,310117,280695,590812
77,2066,310117,280695,590812
78,2066,315901,306651,622552
79,2066,316557,307162,623719
80,2066,319112,306085,625197
81,2066,317302,305907,623209
82,2066,317302,305907,623209
83,2066,317302,305907,623209
84,2066,317302,305907,623209
85,2066,317302,305907,623209
86,2066,317302,305907,623209
87,2066,317302,305907,623209
88,2066,317302,305907,623209
89,2066,317302,305907,623209
90,2066,317302,305907,623209
91,2066,317302,305907,623209
92,2066,317302,305907,623209
93,2066,317302,305907,623209
94,2066,317302,305907,623209
95,2066,317302,305907,623209
96,2066,317302,305907,623209
97,2066,317302,305907,623209
98,2066,317302,305907,623209
99,2066,317302,305907,623209
100,2066,317302,305907,623209
0,2067,292160,275407,567567
1,2067,292160,275407,567567
2,2067,292156,275407,567563
3,2067,292317,275433,567750
4,2067,292459,275435,567894
5,2067,292604,275460,568064
6,2067,292715,275538,568253
7,2067,292699,275529,568228
8,2067,292688,275503,568191
9,2067,292689,275485,568174
10,2067,292704,275551,568255
11,2067,292828,275972,568800
12,2067,293342,276256,569598
13,2067,293719,276375,570094
14,2067,293758,276281,570039
15,2067,293823,276272,570095
16,2067,294123,276355,570478
17,2067,294561,276410,570971
18,2067,295789,276733,572522
19,2067,296731,278188,574919
20,2067,296795,278225,575020
21,2067,296833,278284,575117
22,2067,296862,278532,575394
23,2067,296890,278545,575435
24,2067,296890,278545,575435
25,2067,296890,278545,575435
26,2067,296890,278545,575435
27,2067,296890,278545,575435
28,2067,296890,278545,575435
29,2067,296890,278545,575435
30,2067,296890,278545,575435
31,2067,296890,278545,575435
32,2067,296890,278545,575435
33,2067,296890,278545,575435
34,2067,296890,278545,575435
35,2067,296890,278545,575435
36,2067,296890,278545,575435
37,2067,296890,278545,575435
38,2067,296890,278545,575435
39,2067,296890,278545,575435
40,2067,296890,278545,575435
41,2067,296890,278545,575435
42,2067,296890,278545,575435
43,2067,296890,278545,575435
44,2067,296890,278545,575435
45,2067,296890,278545,575435
46,2067,296881,278545,575426
47,2067,296873,278545,575418
48,2067,296873,278545,575418
49,2067,296873,278545,575418
50,2067,296873,278545,575418
51,2067,296873,278595,575468
52,2067,296873,278595,575468
53,2067,296873,278595,575468
54,2067,296873,278595,575468
55,2067,296873,278595,575468
56,2067,296873,278595,575468
57,2067,296873,278595,575468
58,2067,296873,278595,575468
59,2067,296873,278595,575468
60,2067,296873,278595,575468
61,2067,296873,278595,575468
62,2067,296873,278595,575468
63,2067,296873,278595,575468
64,2067,296825,278595,575420
65,2067,296825,278595,575420
66,2067,296738,278595,575333
67,2067,296738,278595,575333
68,2067,296472,278595,575067
69,2067,296377,278595,574972
70,2067,296237,278595,574832
71,2067,295800,278595,574395
72,2067,295800,278595,574395
73,2067,295461,278595,574056
74,2067,295423,278595,574018
75,2067,295423,278595,574018
76,2067,295423,278595,574018
77,2067,295423,278595,574018
78,2067,295423,279554,574977
79,2067,295423,279363,574786
80,2067,295423,279614,575037
81,2067,295423,279743,575166
82,2067,295423,279743,575166
83,2067,295423,279743,575166
84,2067,295423,279743,575166
85,2067,295423,279743,575166
86,2067,295423,279743,575166
87,2067,295423,279743,575166
88,2067,295423,279743,575166
89,2067,295423,279743,575166
90,2067,295423,279743,575166
91,2067,295423,279743,575166
92,2067,295423,279743,575166
93,2067,295423,279743,575166
94,2067,295423,279743,575166
95,2067,295423,279743,575166
96,2067,295423,279743,575166
97,2067,295423,279743,575166
98,2067,295423,279743,575166
99,2067,295423,279743,575166
100,2067,295423,279743,575166
0,2067,292266,275259,567525
1,2067,292266,275259,567525
2,2067,292259,275259,567518
3,2067,292436,275274,567710
4,2067,292615,275193,567808
5,2067,292741,275299,568040
6,2067,292868,275406,568274
7,2067,292842,275390,568232
8,2067,292820,275364,568184
9,2067,292815,275344,568159
10,2067,292810,275474,568284
11,2067,292862,275699,568561
12,2067,293184,275754,568938
13,2067,293704,275708,569412
14,2067,293937,275800,569737
15,2067,294124,275792,569916
16,2067,294466,275859,570325
17,2067,295672,275850,571522
18,2067,297964,276497,574461
19,2067,298821,278322,577143
20,2067,299958,278491,578449
21,2067,300126,278538,578664
22,2067,300128,279006,579134
23,2067,300136,279020,579156
24,2067,300136,279020,579156
25,2067,300136,279020,579156
26,2067,300136,279020,579156
27,2067,300136,279020,579156
28,2067,300136,279020,579156
29,2067,300136,279020,579156
30,2067,300136,279020,579156
31,2067,300136,279020,579156
32,2067,300136,279020,579156
33,2067,300136,279020,579156
34,2067,300136,279020,579156
35,2067,300136,279020,579156
36,2067,300136,279020,579156
37,2067,300136,279020,579156
38,2067,300136,279020,579156
39,2067,300136,279020,579156
40,2067,300136,279020,579156
41,2067,300136,279020,579156
42,2067,300136,279020,579156
43,2067,300136,279020,579156
44,2067,300538,279020,579558
45,2067,300538,279020,579558
46,2067,300536,279020,579556
47,2067,300528,279020,579548
48,2067,300528,279020,579548
49,2067,300528,279020,579548
50,2067,300528,279020,579548
51,2067,300528,279059,579587
52,2067,300528,279059,579587
53,2067,300528,279059,579587
54,2067,300528,279059,579587
55,2067,300528,279059,579587
56,2067,300528,279059,579587
57,2067,300528,279059,579587
58,2067,300528,279059,579587
59,2067,300528,279059,579587
60,2067,300528,279059,579587
61,2067,300528,279059,579587
62,2067,300528,279059,579587
63,2067,300528,279059,579587
64,2067,300557,279059,579616
65,2067,300557,279059,579616
66,2067,300066,279059,579125
67,2067,300008,279059,579067
68,2067,299613,279059,578672
69,2067,299663,279059,578722
70,2067,299415,279037,578452
71,2067,298888,279037,577925
72,2067,298782,279037,577819
73,2067,298283,278963,577246
74,2067,298238,278963,577201
75,2067,298238,278963,577201
76,2067,298238,278963,577201
77,2067,298238,278963,577201
78,2067,298344,280269,578613
79,2067,298259,280078,578337
80,2067,298344,280826,579170
81,2067,298338,280568,578906
82,2067,298338,280568,578906
83,2067,298338,280568,578906
84,2067,298338,280568,578906
85,2067,298338,280568,578906
86,2067,298338,280568,578906
87,2067,298338,280568,578906
88,2067,298338,280568,578906
89,2067,298338,280568,578906
90,2067,298338,280568,578906
91,2067,298338,280568,578906
92,2067,298338,280568,578906
93,2067,298338,280568,578906
94,2067,298338,280568,578906
95,2067,298338,280568,578906
96,2067,298338,280568,578906
97,2067,298338,280568,578906
98,2067,298338,280568,578906
99,2067,298338,280568,578906
100,2067,298338,280568,578906
0,2067,292274,275413,567687
1,2067,292274,275413,567687
2,2067,292266,275413,567679
3,2067,292417,275347,567764
4,2067,292716,275394,568110
5,2067,292856,275450,568306
6,2067,292910,275526,568436
7,2067,292866,275510,568376
8,2067,292838,275471,568309
9,2067,292865,275477,568342
10,2067,292819,275561,568380
11,2067,292909,275804,568713
12,2067,293366,276259,569625
13,2067,294527,276216,570743
14,2067,294776,276418,571194
15,2067,295034,276413,571447
16,2067,296135,276482,572617
17,2067,297419,276524,573943
18,2067,299982,276890,576872
19,2067,300697,278092,578789
20,2067,300794,278561,579355
21,2067,301474,278636,580110
22,2067,301310,278941,580251
23,2067,301326,278955,580281
24,2067,301326,278955,580281
25,2067,301326,278955,580281
26,2067,301326,278955,580281
27,2067,301326,278955,580281
28,2067,301326,278955,580281
29,2067,301326,278955,580281
30,2067,301326,278955,580281
31,2067,301326,278955,580281
32,2067,301326,278955,580281
33,2067,301326,278955,580281
34,2067,301326,278955,580281
35,2067,301326,278955,580281
36,2067,301326,278955,580281
37,2067,301326,278955,580281
38,2067,301326,278955,580281
39,2067,301326,278955,580281
40,2067,301326,278955,580281
41,2067,301326,278955,580281
42,2067,301326,278955,580281
43,2067,301333,278955,580288
44,2067,303077,279111,582188
45,2067,303077,279111,582188
46,2067,302118,279111,581229
47,2067,302109,279111,581220
48,2067,302109,279111,581220
49,2067,302109,279111,581220
50,2067,302109,279111,581220
51,2067,302109,279149,581258
52,2067,302109,279149,581258
53,2067,302109,279149,581258
54,2067,302109,279149,581258
55,2067,302109,279149,581258
56,2067,302109,279149,581258
57,2067,302109,279149,581258
58,2067,302109,279149,581258
59,2067,302109,279149,581258
60,2067,302109,279149,581258
61,2067,302109,279149,581258
62,2067,302109,279149,581258
63,2067,302109,279149,581258
64,2067,303056,279149,582205
65,2067,303056,279149,582205
66,2067,301751,278994,580745
67,2067,301764,278926,580690
68,2067,301625,278926,580551
69,2067,301693,278926,580619
70,2067,301698,278926,580624
71,2067,302699,279051,581750
72,2067,302614,279051,581665
73,2067,301717,279129,580846
74,2067,301717,279129,580846
75,2067,301717,279129,580846
76,2067,301717,279129,580846
77,2067,301717,279129,580846
78,2067,301618,283834,585452
79,2067,301588,283520,585108
80,2067,301523,283856,585379
81,2067,301545,283856,585401
82,2067,301545,283856,585401
83,2067,301545,283856,585401
84,2067,301545,283856,585401
85,2067,301545,283856,585401
86,2067,301545,283856,585401
87,2067,301545,283856,585401
88,2067,301545,283856,585401
89,2067,301545,283856,585401
90,2067,301545,283856,585401
91,2067,301545,283856,585401
92,2067,301545,283856,585401
93,2067,301545,283856,585401
94,2067,301545,283856,585401
95,2067,301545,283856,585401
96,2067,301545,283856,585401
97,2067,301545,283856,585401
98,2067,301545,283856,585401
99,2067,301545,283856,585401
100,2067,301545,283856,585401
0,2067,292099,274901,567000
1,2067,292099,274901,567000
2,2067,292091,274901,566992
3,2067,292300,274901,567201
4,2067,292463,274931,567394
5,2067,292518,274983,567501
6,2067,292615,275035,567650
7,2067,292607,275057,567664
8,2067,292601,275043,567644
9,2067,292574,275024,567598
10,2067,292549,275055,567604
11,2067,292624,275339,567963
12,2067,293047,275490,568537
13,2067,294584,275590,570174
14,2067,295239,275679,570918
15,2067,297561,275661,573222
16,2067,296031,275360,571391
17,2067,298511,275281,573792
18,2067,300960,276311,577271
19,2067,318140,278178,596318
20,2067,318570,278704,597274
21,2067,307169,279147,586316
22,2067,306963,279195,586158
23,2067,307025,279209,586234
24,2067,307025,279209,586234
25,2067,307025,279209,586234
26,2067,307025,279209,586234
27,2067,307025,279209,586234
28,2067,307025,279209,586234
29,2067,307025,279209,586234
30,2067,307025,279209,586234
31,2067,307025,279209,586234
32,2067,307025,279209,586234
33,2067,307025,279209,586234
34,2067,307025,279209,586234
35,2067,307025,279209,586234
36,2067,307025,279209,586234
37,2067,307025,279209,586234
38,2067,307025,279209,586234
39,2067,307025,279209,586234
40,2067,307025,279209,586234
41,2067,307025,279209,586234
42,2067,307025,279209,586234
43,2067,307025,279209,586234
44,2067,309401,279433,588834
45,2067,309401,279433,588834
46,2067,308138,279364,587502
47,2067,308207,279364,587571
48,2067,308207,279364,587571
49,2067,308207,279364,587571
50,2067,308207,279364,587571
51,2067,308198,279402,587600
52,2067,308198,279402,587600
53,2067,308198,279402,587600
54,2067,308198,279402,587600
55,2067,308198,279402,587600
56,2067,308198,279402,587600
57,2067,308198,279402,587600
58,2067,308198,279402,587600
59,2067,308198,279402,587600
60,2067,308198,279402,587600
61,2067,308198,279402,587600
62,2067,308198,279402,587600
63,2067,308198,279402,587600
64,2067,309449,279472,588921
65,2067,309538,279472,589010
66,2067,307947,279400,587347
67,2067,308227,279400,587627
68,2067,307618,279138,586756
69,2067,307735,279232,586967
70,2067,307742,279123,586865
71,2067,309127,279187,588314
72,2067,308751,279129,587880
73,2067,307179,279129,586308
74,2067,307179,279129,586308
75,2067,307179,279129,586308
76,2067,307179,279129,586308
77,2067,307179,279129,586308
78,2067,306934,286413,593347
79,2067,306862,284996,591858
80,2067,306855,286432,593287
81,2067,306855,286432,593287
82,2067,306855,286432,593287
83,2067,306855,286432,593287
84,2067,306855,286432,593287
85,2067,306855,286432,593287
86,2067,306855,286432,593287
87,2067,306855,286432,593287
88,2067,306855,286432,593287
89,2067,306855,286432,593287
90,2067,306855,286432,593287
91,2067,306855,286432,593287
92,2067,306855,286432,593287
93,2067,306855,286432,593287
94,2067,306855,286432,593287
95,2067,306855,286432,593287
96,2067,306855,286432,593287
97,2067,306855,286432,593287
98,2067,306855,286432,593287
99,2067,306855,286432,593287
100,2067,306855,286432,593287
0,2067,292414,276267,568681
1,2067,292414,276267,568681
2,2067,292410,276267,568677
3,2067,292524,276267,568791
4,2067,292770,276374,569144
5,2067,292782,276405,569187
6,2067,292777,275836,568613
7,2067,292789,275833,568622
8,2067,292809,276105,568914
9,2067,292817,276218,569035
10,2067,292752,276008,568760
11,2067,292786,276013,568799
12,2067,292637,275836,568473
13,2067,294207,275567,569774
14,2067,297544,275452,572996
15,2067,296712,275491,572203
16,2067,295873,275344,571217
17,2067,298696,275638,574334
18,2067,308040,277244,585284
19,2067,310244,279250,589494
20,2067,310992,279343,590335
21,2067,309447,279369,588816
22,2067,309498,279517,589015
23,2067,309548,279517,589065
24,2067,309548,279517,589065
25,2067,309548,279517,589065
26,2067,309548,279517,589065
27,2067,309548,279517,589065
28,2067,309548,279517,589065
29,2067,309548,279517,589065
30,2067,309548,279517,589065
31,2067,309548,279517,589065
32,2067,309548,279517,589065
33,2067,309548,279517,589065
34,2067,309548,279517,589065
35,2067,309548,279517,589065
36,2067,309548,279517,589065
37,2067,309933,279517,589450
38,2067,309933,279517,589450
39,2067,309933,279517,589450
40,2067,309933,279517,589450
41,2067,309933,279517,589450
42,2067,309933,279517,589450
43,2067,309933,279517,589450
44,2067,311218,279445,590663
45,2067,311218,279445,590663
46,2067,311078,279485,590563
47,2067,311078,279485,590563
48,2067,311078,279485,590563
49,2067,311078,279485,590563
50,2067,311078,279485,590563
51,2067,311087,279523,590610
52,2067,311087,279523,590610
53,2067,311087,279523,590610
54,2067,311087,279523,590610
55,2067,311087,279523,590610
56,2067,311087,279523,590610
57,2067,311087,279523,590610
58,2067,311087,279523,590610
59,2067,311087,279523,590610
60,2067,311087,279523,590610
61,2067,311087,279523,590610
62,2067,311087,279523,590610
63,2067,311197,279523,590720
64,2067,311402,279483,590885
65,2067,311494,279483,590977
66,2067,311142,279522,590664
67,2067,311181,279522,590703
68,2067,310276,279498,589774
69,2067,310326,279498,589824
70,2067,310257,279585,589842
71,2067,310672,279598,590270
72,2067,310683,279572,590255
73,2067,309854,279579,589433
74,2067,309854,279579,589433
75,2067,309854,279579,589433
76,2067,309854,279579,589433
77,2067,309854,279579,589433
78,2067,309223,297053,606276
79,2067,309182,295170,604352
80,2067,309215,297002,606217
81,2067,309223,297359,606582
82,2067,309223,297359,606582
83,2067,309223,297359,606582
84,2067,309223,297359,606582
85,2067,309223,297359,606582
86,2067,309223,297359,606582
87,2067,309223,297359,606582
88,2067,309223,297359,606582
89,2067,309223,297359,606582
90,2067,309223,297359,606582
91,2067,309223,297359,606582
92,2067,309223,297359,606582
93,2067,309223,297359,606582
94,2067,309223,297359,606582
95,2067,309223,297359,606582
96,2067,309223,297359,606582
97,2067,309223,297359,606582
98,2067,309223,297359,606582
99,2067,309223,297359,606582
100,2067,309223,297359,606582
0,2067,290839,275033,565872
1,2067,290839,275033,565872
2,2067,290835,275033,565868
3,2067,290937,275233,566170
4,2067,291005,274937,565942
5,2067,291046,275155,566201
6,2067,292232,276240,568472
7,2067,292199,276233,568432
8,2067,291249,275661,566910
9,2067,291199,275601,566800
10,2067,292123,276191,568314
11,2067,292361,276048,568409
12,2067,293171,276060,569231
13,2067,294126,275531,569657
14,2067,296668,275937,572605
15,2067,295244,275388,570632
16,2067,296127,275713,571840
17,2067,298662,276231,574893
18,2067,305162,277907,583069
19,2067,309543,280666,590209
20,2067,310358,280573,590931
21,2067,310236,280007,590243
22,2067,310517,280086,590603
23,2067,310504,280086,590590
24,2067,310504,280086,590590
25,2067,310504,280086,590590
26,2067,310504,280086,590590
27,2067,310504,280086,590590
28,2067,310504,280086,590590
29,2067,310504,280086,590590
30,2067,310504,280086,590590
31,2067,310504,280086,590590
32,2067,310504,280086,590590
33,2067,310504,280086,590590
34,2067,310504,280086,590590
35,2067,310504,280086,590590
36,2067,310504,280086,590590
37,2067,310568,280086,590654
38,2067,310568,280086,590654
39,2067,310568,280086,590654
40,2067,310568,280086,590654
41,2067,310949,280086,591035
42,2067,310949,280086,591035
43,2067,310949,280086,591035
44,2067,311212,280770,591982
45,2067,311212,280770,591982
46,2067,311402,280718,592120
47,2067,311402,280718,592120
48,2067,311402,280718,592120
49,2067,311402,280718,592120
50,2067,311402,280718,592120
51,2067,311402,280757,592159
52,2067,311402,280757,592159
53,2067,311402,280757,592159
54,2067,311402,280757,592159
55,2067,311402,280757,592159
56,2067,311402,280757,592159
57,2067,311402,280757,592159
58,2067,311402,280757,592159
59,2067,311402,280757,592159
60,2067,311402,280757,592159
61,2067,311402,280757,592159
62,2067,311402,280757,592159
63,2067,311500,280757,592257
64,2067,311363,280826,592189
65,2067,311724,280826,592550
66,2067,311611,280757,592368
67,2067,311478,280757,592235
68,2067,311136,280282,591418
69,2067,311224,280386,591610
70,2067,311089,280359,591448
71,2067,311023,280782,591805
72,2067,311415,280757,592172
73,2067,310475,280113,590588
74,2067,310475,280113,590588
75,2067,310475,280113,590588
76,2067,310475,280113,590588
77,2067,310475,280113,590588
78,2067,312080,301426,613506
79,2067,311717,300216,611933
80,2067,312078,301550,613628
81,2067,312097,305369,617466
82,2067,312097,305369,617466
83,2067,312097,305369,617466
84,2067,312097,305369,617466
85,2067,312097,305369,617466
86,2067,312097,305369,617466
87,2067,312097,305369,617466
88,2067,312097,305369,617466
89,2067,312097,305369,617466
90,2067,312097,305369,617466
91,2067,312097,305369,617466
92,2067,312097,305369,617466
93,2067,312097,305369,617466
94,2067,312097,305369,617466
95,2067,312097,305369,617466
96,2067,312097,305369,617466
97,2067,312097,305369,617466
98,2067,312097,305369,617466
99,2067,312097,305369,617466
100,2067,312097,305369,617466
0,2067,289659,274603,564262
1,2067,289659,274603,564262
2,2067,289665,274603,564268
3,2067,290131,274992,565123
4,2067,290075,275018,565093
5,2067,290517,275453,565970
6,2067,291142,275727,566869
7,2067,291129,275727,566856
8,2067,291983,276029,568012
9,2067,291141,275810,566951
10,2067,291146,275616,566762
11,2067,292016,276074,568090
12,2067,292897,276138,569035
13,2067,294262,276019,570281
14,2067,294683,275572,570255
15,2067,297679,275397,573076
16,2067,295993,275946,571939
17,2067,298812,276626,575438
18,2067,303893,278118,582011
19,2067,307392,280296,587688
20,2067,308113,280287,588400
21,2067,310267,280533,590800
22,2067,310619,280734,591353
23,2067,310685,280734,591419
24,2067,310685,280734,591419
25,2067,310685,280734,591419
26,2067,310685,280734,591419
27,2067,310685,280734,591419
28,2067,310685,280734,591419
29,2067,310685,280734,591419
30,2067,310685,280734,591419
31,2067,310685,280734,591419
32,2067,310685,280734,591419
33,2067,310685,280734,591419
34,2067,310685,280734,591419
35,2067,310685,280734,591419
36,2067,310685,280734,591419
37,2067,310706,280734,591440
38,2067,310706,280734,591440
39,2067,310706,280734,591440
40,2067,310706,280734,591440
41,2067,311060,280758,591818
42,2067,311060,280758,591818
43,2067,311060,280758,591818
44,2067,310515,280639,591154
45,2067,310515,280639,591154
46,2067,310557,280639,591196
47,2067,310557,280639,591196
48,2067,310557,280639,591196
49,2067,310557,280639,591196
50,2067,310557,280639,591196
51,2067,310557,280639,591196
52,2067,310557,280639,591196
53,2067,310557,280639,591196
54,2067,310557,280639,591196
55,2067,310557,280639,591196
56,2067,310557,280639,591196
57,2067,310557,280639,591196
58,2067,310557,280639,591196
59,2067,310557,280639,591196
60,2067,310557,280639,591196
61,2067,310557,280639,591196
62,2067,310557,280639,591196
63,2067,310910,280639,591549
64,2067,310761,280639,591400
65,2067,311033,280639,591672
66,2067,311135,280672,591807
67,2067,310932,280639,591571
68,2067,311116,280771,591887
69,2067,311041,280703,591744
70,2067,310992,280666,591658
71,2067,310516,280639,591155
72,2067,310473,280639,591112
73,2067,311008,280697,591705
74,2067,311008,280697,591705
75,2067,311008,280697,591705
76,2067,311008,280697,591705
77,2067,311008,280697,591705
78,2067,314470,302480,616950
79,2067,314144,302411,616555
80,2067,314352,302829,617181
81,2067,316242,304224,620466
82,2067,316242,304224,620466
83,2067,316242,304224,620466
84,2067,316242,304224,620466
85,2067,316242,304224,620466
86,2067,316242,304224,620466
87,2067,316242,304224,620466
88,2067,316242,304224,620466
89,2067,316242,304224,620466
90,2067,316242,304224,620466
91,2067,316242,304224,620466
92,2067,316242,304224,620466
93,2067,316242,304224,620466
94,2067,316242,304224,620466
95,2067,316242,304224,620466
96,2067,316242,304224,620466
97,2067,316242,304224,620466
98,2067,316242,304224,620466
99,2067,316242,304224,620466
100,2067,316242,304224,620466
0,2067,289139,272661,561800
1,2067,289139,272661,561800
2,2067,289140,272661,561801
3,2067,289119,272764,561883
4,2067,289360,272455,561815
5,2067,290329,273837,564166
6,2067,290582,275044,565626
7,2067,290513,275001,565514
8,2067,291822,275327,567149
9,2067,292040,275205,567245
10,2067,290765,275121,565886
11,2067,291646,275629,567275
12,2067,292463,275852,568315
13,2067,293960,275907,569867
14,2067,294086,274870,568956
15,2067,297101,275906,573007
16,2067,295988,275549,571537
17,2067,299178,275915,575093
18,2067,303074,277430,580504
19,2067,305532,280384,585916
20,2067,307797,280492,588289
21,2067,309263,280395,589658
22,2067,309846,280601,590447
23,2067,310066,280601,590667
24,2067,310068,280601,590669
25,2067,310068,280601,590669
26,2067,310068,280601,590669
27,2067,310068,280601,590669
28,2067,310068,280601,590669
29,2067,310068,280601,590669
30,2067,310068,280601,590669
31,2067,310068,280601,590669
32,2067,310068,280601,590669
33,2067,310068,280601,590669
34,2067,310068,280601,590669
35,2067,310068,280601,590669
36,2067,310068,280601,590669
37,2067,310106,280601,590707
38,2067,310106,280601,590707
39,2067,310106,280601,590707
40,2067,310106,280601,590707
41,2067,310504,280601,591105
42,2067,310504,280601,591105
43,2067,310504,280601,591105
44,2067,310371,280615,590986
45,2067,310371,280615,590986
46,2067,310431,280601,591032
47,2067,310431,280601,591032
48,2067,310431,280601,591032
49,2067,310431,280601,591032
50,2067,310431,280601,591032
51,2067,310431,280601,591032
52,2067,310431,280601,591032
53,2067,310431,280601,591032
54,2067,310431,280601,591032
55,2067,310431,280601,591032
56,2067,310431,280601,591032
57,2067,310431,280601,591032
58,2067,310431,280601,591032
59,2067,310431,280601,591032
60,2067,310425,280601,591026
61,2067,310396,280601,590997
62,2067,310384,280601,590985
63,2067,310452,280601,591053
64,2067,310622,280615,591237
65,2067,310565,280615,591180
66,2067,310466,280601,591067
67,2067,310560,280601,591161
68,2067,310503,280601,591104
69,2067,310459,280601,591060
70,2067,310415,280601,591016
71,2067,310321,280601,590922
72,2067,310394,280611,591005
73,2067,310297,280601,590898
74,2067,310297,280601,590898
75,2067,310297,280601,590898
76,2067,310297,280601,590898
77,2067,310297,280601,590898
78,2067,316765,303090,619855
79,2067,316576,303067,619643
80,2067,316701,303735,620436
81,2067,316971,305349,622320
82,2067,316971,305349,622320
83,2067,316971,305349,622320
84,2067,316971,305349,622320
85,2067,316971,305349,622320
86,2067,316971,305349,622320
87,2067,316971,305349,622320
88,2067,316971,305349,622320
89,2067,316971,305349,622320
90,2067,316971,305349,622320
91,2067,316971,305349,622320
92,2067,316971,305349,622320
93,2067,316971,305349,622320
94,2067,316971,305349,622320
95,2067,316971,305349,622320
96,2067,316971,305349,622320
97,2067,316971,305349,622320
98,2067,316971,305349,622320
99,2067,316971,305349,622320
100,2067,316971,305349,622320
0,2067,290394,273022,563416
1,2067,290394,272960,563354
2,2067,290359,272960,563319
3,2067,290259,272886,563145
4,2067,290454,272808,563262
5,2067,291611,274441,566052
6,2067,290844,274238,565082
7,2067,290993,274439,565432
8,2067,292558,275788,568346
9,2067,292683,276220,568903
10,2067,290916,274282,565198
11,2067,292270,275799,568069
12,2067,292527,276121,568648
13,2067,293904,275836,569740
14,2067,293814,275619,569433
15,2067,296491,275550,572041
16,2067,296013,275404,571417
17,2067,300549,276014,576563
18,2067,303703,277256,580959
19,2067,304886,279668,584554
20,2067,307763,280642,588405
21,2067,308577,280432,589009
22,2067,309209,280601,589810
23,2067,309657,280601,590258
24,2067,309658,280601,590259
25,2067,309658,280601,590259
26,2067,309658,280601,590259
27,2067,309658,280601,590259
28,2067,309658,280601,590259
29,2067,309658,280601,590259
30,2067,309658,280601,590259
31,2067,309658,280601,590259
32,2067,309658,280601,590259
33,2067,309658,280601,590259
34,2067,309658,280601,590259
35,2067,309658,280601,590259
36,2067,309658,280601,590259
37,2067,309666,280681,590347
38,2067,309666,280681,590347
39,2067,309666,280681,590347
40,2067,309666,280681,590347
41,2067,310400,280705,591105
42,2067,310400,280705,591105
43,2067,310400,280705,591105
44,2067,310418,280719,591137
45,2067,310418,280719,591137
46,2067,310454,280719,591173
47,2067,310454,280719,591173
48,2067,310454,280719,591173
49,2067,310454,280719,591173
50,2067,310454,280719,591173
51,2067,310454,280719,591173
52,2067,310454,280719,591173
53,2067,310454,280719,591173
54,2067,310454,280719,591173
55,2067,310454,280719,591173
56,2067,310454,280719,591173
57,2067,310454,280719,591173
58,2067,310454,280719,591173
59,2067,310454,280719,591173
60,2067,310454,280719,591173
61,2067,310425,280719,591144
62,2067,310355,280719,591074
63,2067,310557,280719,591276
64,2067,310622,280709,591331
65,2067,310657,280709,591366
66,2067,310551,280719,591270
67,2067,310578,280709,591287
68,2067,310595,280719,591314
69,2067,310527,280719,591246
70,2067,310501,280719,591220
71,2067,310167,280719,590886
72,2067,310365,280719,591084
73,2067,310097,280705,590802
74,2067,310097,280705,590802
75,2067,310097,280705,590802
76,2067,310097,280705,590802
77,2067,310097,280705,590802
78,2067,316031,304649,620680
79,2067,316015,304523,620538
80,2067,316491,304884,621375
81,2067,317021,307179,624200
82,2067,317021,307179,624200
83,2067,317021,307179,624200
84,2067,317021,307179,624200
85,2067,317021,307179,624200
86,2067,317021,307179,624200
87,2067,317021,307179,624200
88,2067,317021,307179,624200
89,2067,317021,307179,624200
90,2067,317021,307179,624200
91,2067,317021,307179,624200
92,2067,317021,307179,624200
93,2067,317021,307179,624200
94,2067,317021,307179,624200
95,2067,317021,307179,624200
96,2067,317021,307179,624200
97,2067,317021,307179,624200
98,2067,317021,307179,624200
99,2067,317021,307179,624200
100,2067,317021,307179,624200
0,2067,291389,273588,564977
1,2067,291361,273588,564949
2,2067,291342,273588,564930
3,2067,290486,273473,563959
4,2067,291427,273538,564965
5,2067,292690,275544,568234
6,2067,291841,274747,566588
7,2067,291918,275199,567117
8,2067,292254,275800,568054
9,2067,291248,275379,566627
10,2067,292120,274848,566968
11,2067,292386,276244,568630
12,2067,292471,275750,568221
13,2067,293842,275635,569477
14,2067,294684,275923,570607
15,2067,295202,274951,570153
16,2067,296309,275544,571853
17,2067,300680,275961,576641
18,2067,306176,277396,583572
19,2067,304844,279082,583926
20,2067,307760,280252,588012
21,2067,308575,280608,589183
22,2067,309265,280695,589960
23,2067,309759,280695,590454
24,2067,309761,280695,590456
25,2067,309761,280695,590456
26,2067,309761,280695,590456
27,2067,309761,280695,590456
28,2067,309761,280695,590456
29,2067,309761,280695,590456
30,2067,309761,280695,590456
31,2067,309761,280695,590456
32,2067,309761,280695,590456
33,2067,309761,280695,590456
34,2067,309761,280695,590456
35,2067,309761,280695,590456
36,2067,309761,280695,590456
37,2067,309760,280695,590455
38,2067,309760,280695,590455
39,2067,309760,280695,590455
40,2067,309760,280695,590455
41,2067,310532,280719,591251
42,2067,310532,280719,591251
43,2067,310532,280719,591251
44,2067,310612,280709,591321
45,2067,310612,280709,591321
46,2067,310612,280709,591321
47,2067,310612,280709,591321
48,2067,310612,280709,591321
49,2067,310612,280709,591321
50,2067,310612,280709,591321
51,2067,310612,280709,591321
52,2067,310612,280709,591321
53,2067,310612,280709,591321
54,2067,310612,280709,591321
55,2067,310612,280709,591321
56,2067,310612,280709,591321
57,2067,310612,280709,591321
58,2067,310612,280709,591321
59,2067,310612,280709,591321
60,2067,310612,280709,591321
61,2067,310583,280709,591292
62,2067,310342,280719,591061
63,2067,310663,280709,591372
64,2067,310791,280709,591500
65,2067,310817,280709,591526
66,2067,310711,280709,591420
67,2067,310719,280709,591428
68,2067,310627,280709,591336
69,2067,310569,280709,591278
70,2067,310553,280709,591262
71,2067,310114,280719,590833
72,2067,310402,280719,591121
73,2067,310099,280695,590794
74,2067,310099,280695,590794
75,2067,310099,280695,590794
76,2067,310099,280695,590794
77,2067,310099,280695,590794
78,2067,316416,306500,622916
79,2067,316414,306851,623265
80,2067,317112,306603,623715
81,2067,320548,305311,625859
82,2067,320548,305311,625859
83,2067,320548,305311,625859
84,2067,320548,305311,625859
85,2067,320548,305311,625859
86,2067,320548,305311,625859
87,2067,320548,305311,625859
88,2067,320548,305311,625859
89,2067,320548,305311,625859
90,2067,320548,305311,625859
91,2067,320548,305311,625859
92,2067,320548,305311,625859
93,2067,320548,305311,625859
94,2067,320548,305311,625859
95,2067,320548,305311,625859
96,2067,320548,305311,625859
97,2067,320548,305311,625859
98,2067,320548,305311,625859
99,2067,320548,305311,625859
100,2067,320548,305311,625859
0,2067,292751,275522,568273
1,2067,292768,275518,568286
2,2067,292769,275518,568287
3,2067,291789,274356,566145
4,2067,293025,274710,567735
5,2067,292813,276399,569212
6,2067,292765,276223,568988
7,2067,292672,276268,568940
8,2067,292330,276276,568606
9,2067,291393,275989,567382
10,2067,292673,276157,568830
11,2067,291584,275622,567206
12,2067,292581,275830,568411
13,2067,294134,275933,570067
14,2067,295041,276344,571385
15,2067,297727,275310,573037
16,2067,296109,275747,571856
17,2067,313874,275931,589805
18,2067,305144,277547,582691
19,2067,305947,279202,585149
20,2067,308539,280233,588772
21,2067,309150,280634,589784
22,2067,309340,280727,590067
23,2067,309735,280695,590430
24,2067,309736,280695,590431
25,2067,309736,280695,590431
26,2067,309736,280695,590431
27,2067,309736,280695,590431
28,2067,309736,280695,590431
29,2067,309736,280695,590431
30,2067,309736,280695,590431
31,2067,309736,280695,590431
32,2067,309736,280695,590431
33,2067,309736,280695,590431
34,2067,309736,280695,590431
35,2067,309736,280695,590431
36,2067,309736,280695,590431
37,2067,309736,280695,590431
38,2067,309736,280695,590431
39,2067,309736,280695,590431
40,2067,309736,280695,590431
41,2067,310615,280709,591324
42,2067,310615,280709,591324
43,2067,310615,280709,591324
44,2067,310580,280709,591289
45,2067,310580,280709,591289
46,2067,310589,280709,591298
47,2067,310589,280709,591298
48,2067,310589,280709,591298
49,2067,310589,280709,591298
50,2067,310589,280709,591298
51,2067,310589,280709,591298
52,2067,310589,280709,591298
53,2067,310589,280709,591298
54,2067,310589,280709,591298
55,2067,310589,280709,591298
56,2067,310589,280709,591298
57,2067,310589,280709,591298
58,2067,310589,280709,591298
59,2067,310589,280709,591298
60,2067,310589,280709,591298
61,2067,310560,280709,591269
62,2067,310362,280719,591081
63,2067,310688,280709,591397
64,2067,310777,280709,591486
65,2067,310815,280709,591524
66,2067,310706,280709,591415
67,2067,310743,280709,591452
68,2067,310757,280709,591466
69,2067,310692,280709,591401
70,2067,310676,280709,591385
71,2067,310183,280695,590878
72,2067,310549,280719,591268
73,2067,310133,280695,590828
74,2067,310133,280695,590828
75,2067,310133,280695,590828
76,2067,310133,280695,590828
77,2067,310133,280695,590828
78,2067,319143,305453,624596
79,2067,319327,305676,625003
80,2067,319274,305068,624342
81,2067,318978,306401,625379
82,2067,318978,306401,625379
83,2067,318978,306401,625379
84,2067,318978,306401,625379
85,2067,318978,306401,625379
86,2067,318978,306401,625379
87,2067,318978,306401,625379
88,2067,318978,306401,625379
89,2067,318978,306401,625379
90,2067,318978,306401,625379
91,2067,318978,306401,625379
92,2067,318978,306401,625379
93,2067,318978,306401,625379
94,2067,318978,306401,625379
95,2067,318978,306401,625379
96,2067,318978,306401,625379
97,2067,318978,306401,625379
98,2067,318978,306401,625379
99,2067,318978,306401,625379
100,2067,318978,306401,625379
0,2067,292327,275510,567837
1,2067,292327,275659,567986
2,2067,292320,275647,567967
3,2067,292875,275527,568402
4,2067,292828,275721,568549
5,2067,291154,274409,565563
6,2067,291431,275516,566947
7,2067,291405,275336,566741
8,2067,290990,275061,566051
9,2067,292128,275695,567823
10,2067,291559,275769,567328
11,2067,291377,275586,566963
12,2067,293155,276000,569155
13,2067,294189,275958,570147
14,2067,295769,275717,571486
15,2067,297153,275649,572802
16,2067,295944,275372,571316
17,2067,307331,276682,584013
18,2067,304499,277441,581940
19,2067,307335,279222,586557
20,2067,309367,280247,589614
21,2067,309425,280514,589939
22,2067,309452,280752,590204
23,2067,309762,280695,590457
24,2067,309764,280695,590459
25,2067,309764,280695,590459
26,2067,309764,280695,590459
27,2067,309764,280695,590459
28,2067,309764,280695,590459
29,2067,309764,280695,590459
30,2067,309764,280695,590459
31,2067,309764,280695,590459
32,2067,309764,280695,590459
33,2067,309764,280695,590459
34,2067,309764,280695,590459
35,2067,309764,280695,590459
36,2067,309764,280695,590459
37,2067,309738,280695,590433
38,2067,309738,280695,590433
39,2067,309738,280695,590433
40,2067,309738,280695,590433
41,2067,310581,280709,591290
42,2067,310581,280709,591290
43,2067,310581,280709,591290
44,2067,310522,280709,591231
45,2067,310522,280709,591231
46,2067,310522,280709,591231
47,2067,310522,280709,591231
48,2067,310522,280709,591231
49,2067,310522,280709,591231
50,2067,310522,280709,591231
51,2067,310522,280709,591231
52,2067,310522,280709,591231
53,2067,310522,280709,591231
54,2067,310522,280709,591231
55,2067,310522,280709,591231
56,2067,310522,280709,591231
57,2067,310522,280709,591231
58,2067,310522,280709,591231
59,2067,310522,280709,591231
60,2067,310522,280709,591231
61,2067,310493,280709,591202
62,2067,310500,280719,591219
63,2067,310622,280709,591331
64,2067,310711,280709,591420
65,2067,310854,280709,591563
66,2067,310736,280709,591445
67,2067,310677,280709,591386
68,2067,310743,280709,591452
69,2067,310668,280709,591377
70,2067,310642,280709,591351
71,2067,310117,280719,590836
72,2067,310404,280709,591113
73,2067,310176,280695,590871
74,2067,310176,280695,590871
75,2067,310176,280695,590871
76,2067,310176,280695,590871
77,2067,310176,280695,590871
78,2067,317218,306629,623847
79,2067,317604,306070,623674
80,2067,317715,306312,624027
81,2067,319435,304795,624230
82,2067,319435,304795,624230
83,2067,319435,304795,624230
84,2067,319435,304795,624230
85,2067,319435,304795,624230
86,2067,319435,304795,624230
87,2067,319435,304795,624230
88,2067,319435,304795,624230
89,2067,319435,304795,624230
90,2067,319435,304795,624230
91,2067,319435,304795,624230
92,2067,319435,304795,624230
93,2067,319435,304795,624230
94,2067,319435,304795,624230
95,2067,319435,304795,624230
96,2067,319435,304795,624230
97,2067,319435,304795,624230
98,2067,319435,304795,624230
99,2067,319435,304795,624230
100,2067,319435,304795,624230
0,2067,292237,275533,567770
1,2067,292258,275489,567747
2,2067,292255,275489,567744
3,2067,292520,275565,568085
4,2067,292646,275922,568568
5,2067,290941,274761,565702
6,2067,291650,275540,567190
7,2067,291571,275602,567173
8,2067,290150,274568,564718
9,2067,292443,275886,568329
10,2067,291915,275595,567510
11,2067,292561,275926,568487
12,2067,293011,276402,569413
13,2067,293947,275772,569719
14,2067,294479,275523,570002
15,2067,297722,275788,573510
16,2067,296132,275359,571491
17,2067,303346,276680,580026
18,2067,304374,277451,581825
19,2067,307952,279352,587304
20,2067,309700,280525,590225
21,2067,308980,280464,589444
22,2067,309470,280601,590071
23,2067,309775,280616,590391
24,2067,309777,280616,590393
25,2067,309777,280616,590393
26,2067,309777,280616,590393
27,2067,309777,280616,590393
28,2067,309777,280616,590393
29,2067,309777,280616,590393
30,2067,309777,280616,590393
31,2067,309777,280616,590393
32,2067,309777,280616,590393
33,2067,309777,280616,590393
34,2067,309777,280616,590393
35,2067,309777,280616,590393
36,2067,309777,280616,590393
37,2067,309777,280616,590393
38,2067,309777,280616,590393
39,2067,309777,280616,590393
40,2067,309777,280616,590393
41,2067,310522,280709,591231
42,2067,310522,280709,591231
43,2067,310522,280709,591231
44,2067,310523,280709,591232
45,2067,310523,280709,591232
46,2067,310523,280709,591232
47,2067,310523,280709,591232
48,2067,310523,280709,591232
49,2067,310523,280709,591232
50,2067,310523,280709,591232
51,2067,310523,280709,591232
52,2067,310523,280709,591232
53,2067,310523,280709,591232
54,2067,310523,280709,591232
55,2067,310523,280709,591232
56,2067,310523,280709,591232
57,2067,310523,280709,591232
58,2067,310523,280709,591232
59,2067,310523,280709,591232
60,2067,310523,280709,591232
61,2067,310494,280709,591203
62,2067,310481,280709,591190
63,2067,310622,280709,591331
64,2067,310711,280709,591420
65,2067,310728,280709,591437
66,2067,310677,280709,591386
67,2067,310677,280709,591386
68,2067,310677,280709,591386
69,2067,310602,280709,591311
70,2067,310576,280709,591285
71,2067,310117,280695,590812
72,2067,310481,280719,591200
73,2067,310143,280719,590862
74,2067,310143,280719,590862
75,2067,310143,280719,590862
76,2067,310143,280719,590862
77,2067,310143,280719,590862
78,2067,319280,304872,624152
79,2067,317218,306403,623621
80,2067,318885,305538,624423
81,2067,315816,304901,620717
82,2067,315816,304901,620717
83,2067,315816,304901,620717
84,2067,315816,304901,620717
85,2067,315816,304901,620717
86,2067,315816,304901,620717
87,2067,315816,304901,620717
88,2067,315816,304901,620717
89,2067,315816,304901,620717
90,2067,315816,304901,620717
91,2067,315816,304901,620717
92,2067,315816,304901,620717
93,2067,315816,304901,620717
94,2067,315816,304901,620717
95,2067,315816,304901,620717
96,2067,315816,304901,620717
97,2067,315816,304901,620717
98,2067,315816,304901,620717
99,2067,315816,304901,620717
100,2067,315816,304901,620717
0,2067,292050,274642,566692
1,2067,291992,274566,566558
2,2067,292049,274566,566615
3,2067,292288,275393,567681
4,2067,292350,275433,567783
5,2067,291665,275418,567083
6,2067,292616,275683,568299
7,2067,292591,275714,568305
8,2067,289388,272724,562112
9,2067,292120,275796,567916
10,2067,292494,275697,568191
11,2067,292571,276455,569026
12,2067,292461,275605,568066
13,2067,293891,275625,569516
14,2067,294576,275565,570141
15,2067,296947,275357,572304
16,2067,296197,275623,571820
17,2067,302139,276579,578718
18,2067,304368,277408,581776
19,2067,309074,279536,588610
20,2067,308796,280425,589221
21,2067,308818,280514,589332
22,2067,309431,280601,590032
23,2067,309749,280616,590365
24,2067,309751,280616,590367
25,2067,309751,280616,590367
26,2067,309751,280616,590367
27,2067,309751,280616,590367
28,2067,309751,280616,590367
29,2067,309751,280616,590367
30,2067,309751,280616,590367
31,2067,309751,280616,590367
32,2067,309751,280616,590367
33,2067,309751,280616,590367
34,2067,309751,280616,590367
35,2067,309751,280616,590367
36,2067,309751,280616,590367
37,2067,309751,280616,590367
38,2067,309751,280616,590367
39,2067,309751,280616,590367
40,2067,309751,280616,590367
41,2067,310523,280709,591232
42,2067,310523,280709,591232
43,2067,310523,280709,591232
44,2067,310523,280709,591232
45,2067,310523,280709,591232
46,2067,310523,280709,591232
47,2067,310523,280709,591232
48,2067,310523,280709,591232
49,2067,310523,280709,591232
50,2067,310523,280709,591232
51,2067,310523,280709,591232
52,2067,310523,280709,591232
53,2067,310523,280709,591232
54,2067,310523,280709,591232
55,2067,310523,280709,591232
56,2067,310523,280709,591232
57,2067,310523,280709,591232
58,2067,310523,280709,591232
59,2067,310523,280709,591232
60,2067,310523,280709,591232
61,2067,310502,280709,591211
62,2067,310533,280709,591242
63,2067,310629,280709,591338
64,2067,310711,280709,591420
65,2067,310748,280709,591457
66,2067,310677,280709,591386
67,2067,310677,280709,591386
68,2067,310677,280709,591386
69,2067,310602,280709,591311
70,2067,310576,280709,591285
71,2067,310117,280695,590812
72,2067,310465,280709,591174
73,2067,310117,280719,590836
74,2067,310117,280719,590836
75,2067,310117,280719,590836
76,2067,310117,280719,590836
77,2067,310117,280719,590836
78,2067,317018,305496,622514
79,2067,319763,304916,624679
80,2067,316558,305659,622217
81,2067,315093,304229,619322
82,2067,315093,304229,619322
83,2067,315093,304229,619322
84,2067,315093,304229,619322
85,2067,315093,304229,619322
86,2067,315093,304229,619322
87,2067,315093,304229,619322
88,2067,315093,304229,619322
89,2067,315093,304229,619322
90,2067,315093,304229,619322
91,2067,315093,304229,619322
92,2067,315093,304229,619322
93,2067,315093,304229,619322
94,2067,315093,304229,619322
95,2067,315093,304229,619322
96,2067,315093,304229,619322
97,2067,315093,304229,619322
98,2067,315093,304229,619322
99,2067,315093,304229,619322
100,2067,315093,304229,619322
0,2067,292467,275809,568276
1,2067,292460,275777,568237
2,2067,292457,275777,568234
3,2067,292245,275154,567399
4,2067,292274,275644,567918
5,2067,292620,276606,569226
6,2067,292731,276392,569123
7,2067,292547,276434,568981
8,2067,290424,273014,563438
9,2067,292125,275680,567805
10,2067,292649,276206,568855
11,2067,291627,275325,566952
12,2067,292214,276093,568307
13,2067,294275,275933,570208
14,2067,294898,275677,570575
15,2067,296696,275498,572194
16,2067,296083,275608,571691
17,2067,302392,276114,578506
18,2067,304800,277408,582208
19,2067,308341,280112,588453
20,2067,308246,280444,588690
21,2067,308721,280514,589235
22,2067,309400,280616,590016
23,2067,309775,280616,590391
24,2067,309777,280616,590393
25,2067,309777,280616,590393
26,2067,309777,280616,590393
27,2067,309777,280616,590393
28,2067,309777,280616,590393
29,2067,309777,280616,590393
30,2067,309777,280616,590393
31,2067,309777,280616,590393
32,2067,309777,280616,590393
33,2067,309777,280616,590393
34,2067,309777,280616,590393
35,2067,309777,280616,590393
36,2067,309777,280616,590393
37,2067,309751,280616,590367
38,2067,309751,280616,590367
39,2067,309751,280616,590367
40,2067,309751,280616,590367
41,2067,310523,280709,591232
42,2067,310523,280709,591232
43,2067,310523,280709,591232
44,2067,310523,280709,591232
45,2067,310523,280709,591232
46,2067,310523,280709,591232
47,2067,310523,280709,591232
48,2067,310523,280709,591232
49,2067,310523,280709,591232
50,2067,310523,280709,591232
51,2067,310523,280709,591232
52,2067,310523,280709,591232
53,2067,310523,280709,591232
54,2067,310523,280709,591232
55,2067,310523,280709,591232
56,2067,310523,280709,591232
57,2067,310523,280709,591232
58,2067,310523,280709,591232
59,2067,310523,280709,591232
60,2067,310523,280709,591232
61,2067,310502,280709,591211
62,2067,310490,280709,591199
63,2067,310629,280709,591338
64,2067,310711,280709,591420
65,2067,310728,280709,591437
66,2067,310677,280709,591386
67,2067,310677,280709,591386
68,2067,310677,280709,591386
69,2067,310609,280709,591318
70,2067,310583,280709,591292
71,2067,310117,280695,590812
72,2067,310465,280709,591174
73,2067,310117,280695,590812
74,2067,310117,280695,590812
75,2067,310117,280695,590812
76,2067,310117,280695,590812
77,2067,310117,280695,590812
78,2067,315589,306728,622317
79,2067,317850,304290,622140
80,2067,315286,304700,619986
81,2067,313486,303270,616756
82,2067,313486,303270,616756
83,2067,313486,303270,616756
84,2067,313486,303270,616756
85,2067,313486,303270,616756
86,2067,313486,303270,616756
87,2067,313486,303270,616756
88,2067,313486,303270,616756
89,2067,313486,303270,616756
90,2067,313486,303270,616756
91,2067,313486,303270,616756
92,2067,313486,303270,616756
93,2067,313486,303270,616756
94,2067,313486,303270,616756
95,2067,313486,303270,616756
96,2067,313486,303270,616756
97,2067,313486,303270,616756
98,2067,313486,303270,616756
99,2067,313486,303270,616756
100,2067,313486,303270,616756
0,2067,292071,275839,567910
1,2067,292089,275900,567989
2,2067,292086,275900,567986
3,2067,292381,275949,568330
4,2067,292447,276194,568641
5,2067,291076,274117,565193
6,2067,291032,274854,565886
7,2067,290997,274886,565883
8,2067,291455,273560,565015
9,2067,292220,275875,568095
10,2067,291207,275214,566421
11,2067,291288,275553,566841
12,2067,293021,276358,569379
13,2067,294152,276089,570241
14,2067,295132,275773,570905
15,2067,295672,275405,571077
16,2067,296009,275276,571285
17,2067,303498,276207,579705
18,2067,304580,277399,581979
19,2067,307593,280366,587959
20,2067,308648,280447,589095
21,2067,309185,280529,589714
22,2067,309411,280647,590058
23,2067,309775,280616,590391
24,2067,309777,280624,590401
25,2067,309777,280624,590401
26,2067,309777,280624,590401
27,2067,309777,280624,590401
28,2067,309777,280624,590401
29,2067,309777,280624,590401
30,2067,309777,280624,590401
31,2067,309777,280624,590401
32,2067,309777,280624,590401
33,2067,309777,280624,590401
34,2067,309777,280624,590401
35,2067,309777,280624,590401
36,2067,309777,280624,590401
37,2067,309777,280616,590393
38,2067,309777,280616,590393
39,2067,309777,280616,590393
40,2067,309777,280616,590393
41,2067,310523,280709,591232
42,2067,310523,280709,591232
43,2067,310523,280709,591232
44,2067,310523,280709,591232
45,2067,310523,280709,591232
46,2067,310523,280709,591232
47,2067,310523,280709,591232
48,2067,310523,280709,591232
49,2067,310523,280709,591232
50,2067,310523,280709,591232
51,2067,310523,280709,591232
52,2067,310523,280709,591232
53,2067,310523,280709,591232
54,2067,310523,280709,591232
55,2067,310523,280709,591232
56,2067,310523,280709,591232
57,2067,310523,280709,591232
58,2067,310523,280709,591232
59,2067,310523,280709,591232
60,2067,310523,280709,591232
61,2067,310502,280709,591211
62,2067,310482,280709,591191
63,2067,310622,280709,591331
64,2067,310711,280709,591420
65,2067,310776,280709,591485
66,2067,310677,280709,591386
67,2067,310677,280709,591386
68,2067,310677,280709,591386
69,2067,310609,280709,591318
70,2067,310583,280709,591292
71,2067,310117,280695,590812
72,2067,310465,280709,591174
73,2067,310117,280695,590812
74,2067,310117,280695,590812
75,2067,310117,280695,590812
76,2067,310117,280695,590812
77,2067,310117,280695,590812
78,2067,319253,303696,622949
79,2067,314882,303302,618184
80,2067,314483,304209,618692
81,2067,313400,302807,616207
82,2067,313400,302807,616207
83,2067,313400,302807,616207
84,2067,313400,302807,616207
85,2067,313400,302807,616207
86,2067,313400,302807,616207
87,2067,313400,302807,616207
88,2067,313400,302807,616207
89,2067,313400,302807,616207
90,2067,313400,302807,616207
91,2067,313400,302807,616207
92,2067,313400,302807,616207
93,2067,313400,302807,616207
94,2067,313400,302807,616207
95,2067,313400,302807,616207
96,2067,313400,302807,616207
97,2067,313400,302807,616207
98,2067,313400,302807,616207
99,2067,313400,302807,616207
100,2067,313400,302807,616207
0,2067,291929,276118,568047
1,2067,292050,276184,568234
2,2067,292024,276184,568208
3,2067,292099,275673,567772
4,2067,291120,275219,566339
5,2067,290898,274381,565279
6,2067,290201,274869,565070
7,2067,289966,274416,564382
8,2067,293136,274868,568004
9,2067,292151,275983,568134
10,2067,291191,275417,566608
11,2067,292570,276264,568834
12,2067,292503,275712,568215
13,2067,293667,275662,569329
14,2067,296166,275731,571897
15,2067,295497,275115,570612
16,2067,296079,275458,571537
17,2067,303229,276582,579811
18,2067,304477,277399,581876
19,2067,306568,280199,586767
20,2067,308456,280490,588946
21,2067,309412,280464,589876
22,2067,309419,280647,590066
23,2067,309775,280624,590399
24,2067,309777,280624,590401
25,2067,309777,280624,590401
26,2067,309777,280624,590401
27,2067,309777,280624,590401
28,2067,309777,280624,590401
29,2067,309777,280624,590401
30,2067,309777,280624,590401
31,2067,309777,280624,590401
32,2067,309777,280624,590401
33,2067,309777,280624,590401
34,2067,309777,280624,590401
35,2067,309777,280624,590401
36,2067,309777,280624,590401
37,2067,309777,280624,590401
38,2067,309777,280624,590401
39,2067,309777,280624,590401
40,2067,309777,280624,590401
41,2067,310523,280709,591232
42,2067,310523,280709,591232
43,2067,310523,280709,591232
44,2067,310523,280709,591232
45,2067,310523,280709,591232
46,2067,310523,280709,591232
47,2067,310523,280709,591232
48,2067,310523,280709,591232
49,2067,310523,280709,591232
50,2067,310523,280709,591232
51,2067,310523,280709,591232
52,2067,310523,280709,591232
53,2067,310523,280709,591232
54,2067,310523,280709,591232
55,2067,310523,280709,591232
56,2067,310523,280709,591232
57,2067,310523,280709,591232
58,2067,310523,280709,591232
59,2067,310523,280709,591232
60,2067,310523,280709,591232
61,2067,310502,280709,591211
62,2067,310542,280709,591251
63,2067,310622,280709,591331
64,2067,310711,280709,591420
65,2067,310776,280709,591485
66,2067,310677,280709,591386
67,2067,310677,280709,591386
68,2067,310677,280709,591386
69,2067,310609,280709,591318
70,2067,310583,280709,591292
71,2067,310117,280695,590812
72,2067,310465,280709,591174
73,2067,310117,280695,590812
74,2067,310117,280695,590812
75,2067,310117,280695,590812
76,2067,310117,280695,590812
77,2067,310117,280695,590812
78,2067,315391,302409,617800
79,2067,313281,301886,615167
80,2067,313582,303403,616985
81,2067,313300,302781,616081
82,2067,313300,302781,616081
83,2067,313300,302781,616081
84,2067,313300,302781,616081
85,2067,313300,302781,616081
86,2067,313300,302781,616081
87,2067,313300,302781,616081
88,2067,313300,302781,616081
89,2067,313300,302781,616081
90,2067,313300,302781,616081
91,2067,313300,302781,616081
92,2067,313300,302781,616081
93,2067,313300,302781,616081
94,2067,313300,302781,616081
95,2067,313300,302781,616081
96,2067,313300,302781,616081
97,2067,313300,302781,616081
98,2067,313300,302781,616081
99,2067,313300,302781,616081
100,2067,313300,302781,616081
0,2067,290678,274865,565543
1,2067,290646,274600,565246
2,2067,290646,274600,565246
3,2067,292028,275935,567963
4,2067,290806,274931,565737
5,2067,291693,275335,567028
6,2067,289512,272972,562484
7,2067,289426,272773,562199
8,2067,292970,275895,568865
9,2067,292042,275514,567556
10,2067,292198,275741,567939
11,2067,291715,275941,567656
12,2067,292280,275815,568095
13,2067,293958,275737,569695
14,2067,295390,275951,571341
15,2067,295576,275625,571201
16,2067,296316,275830,572146
17,2067,302965,276281,579246
18,2067,304630,277408,582038
19,2067,305272,279385,584657
20,2067,308843,280475,589318
21,2067,308966,280464,589430
22,2067,309419,280616,590035
23,2067,309775,280616,590391
24,2067,309777,280616,590393
25,2067,309777,280616,590393
26,2067,309777,280616,590393
27,2067,309777,280616,590393
28,2067,309777,280616,590393
29,2067,309777,280616,590393
30,2067,309777,280616,590393
31,2067,309777,280616,590393
32,2067,309777,280616,590393
33,2067,309777,280616,590393
34,2067,309777,280616,590393
35,2067,309777,280616,590393
36,2067,309777,280616,590393
37,2067,309777,280616,590393
38,2067,309777,280616,590393
39,2067,309777,280616,590393
40,2067,309777,280616,590393
41,2067,310523,280709,591232
42,2067,310523,280709,591232
43,2067,310523,280709,591232
44,2067,310523,280709,591232
45,2067,310523,280709,591232
46,2067,310523,280709,591232
47,2067,310523,280709,591232
48,2067,310523,280709,591232
49,2067,310523,280709,591232
50,2067,310523,280709,591232
51,2067,310523,280709,591232
52,2067,310523,280709,591232
53,2067,310523,280709,591232
54,2067,310523,280709,591232
55,2067,310523,280709,591232
56,2067,310523,280709,591232
57,2067,310523,280709,591232
58,2067,310523,280709,591232
59,2067,310523,280709,591232
60,2067,310523,280709,591232
61,2067,310502,280709,591211
62,2067,310490,280709,591199
63,2067,310629,280709,591338
64,2067,310711,280709,591420
65,2067,310776,280709,591485
66,2067,310677,280709,591386
67,2067,310677,280709,591386
68,2067,310677,280709,591386
69,2067,310609,280709,591318
70,2067,310583,280709,591292
71,2067,310117,280695,590812
72,2067,310465,280709,591174
73,2067,310117,280695,590812
74,2067,310117,280695,590812
75,2067,310117,280695,590812
76,2067,310117,280695,590812
77,2067,310117,280695,590812
78,2067,314163,302133,616296
79,2067,313574,301568,615142
80,2067,313325,302887,616212
81,2067,314143,304623,618766
82,2067,314143,304623,618766
83,2067,314143,304623,618766
84,2067,314143,304623,618766
85,2067,314143,304623,618766
86,2067,314143,304623,618766
87,2067,314143,304623,618766
88,2067,314143,304623,618766
89,2067,314143,304623,618766
90,2067,314143,304623,618766
91,2067,314143,304623,618766
92,2067,314143,304623,618766
93,2067,314143,304623,618766
94,2067,314143,304623,618766
95,2067,314143,304623,618766
96,2067,314143,304623,618766
97,2067,314143,304623,618766
98,2067,314143,304623,618766
99,2067,314143,304623,618766
100,2067,314143,304623,618766
0,2067,289630,273527,563157
1,2067,289084,272978,562062
2,2067,289096,272978,562074
3,2067,291944,275546,567490
4,2067,290744,274239,564983
5,2067,292628,276596,569224
6,2067,290215,273130,563345
7,2067,290379,273170,563549
8,2067,292789,275868,568657
9,2067,292007,275599,567606
10,2067,292516,276305,568821
11,2067,291831,275642,567473
12,2067,293193,276213,569406
13,2067,294133,275848,569981
14,2067,294756,275557,570313
15,2067,295875,275849,571724
16,2067,296104,275804,571908
17,2067,302976,276373,579349
18,2067,304434,277399,581833
19,2067,305026,279291,584317
20,2067,308802,280475,589277
21,2067,308820,280514,589334
22,2067,309407,280616,590023
23,2067,309775,280624,590399
24,2067,309777,280624,590401
25,2067,309777,280624,590401
26,2067,309777,280624,590401
27,2067,309777,280624,590401
28,2067,309777,280624,590401
29,2067,309777,280624,590401
30,2067,309777,280624,590401
31,2067,309777,280624,590401
32,2067,309777,280624,590401
33,2067,309777,280624,590401
34,2067,309777,280624,590401
35,2067,309777,280624,590401
36,2067,309777,280624,590401
37,2067,309777,280616,590393
38,2067,309777,280616,590393
39,2067,309777,280616,590393
40,2067,309777,280616,590393
41,2067,310523,280709,591232
42,2067,310523,280709,591232
43,2067,310523,280709,591232
44,2067,310523,280709,591232
45,2067,310523,280709,591232
46,2067,310523,280709,591232
47,2067,310523,280709,591232
48,2067,310523,280709,591232
49,2067,310523,280709,591232
50,2067,310523,280709,591232
51,2067,310523,280709,591232
52,2067,310523,280709,591232
53,2067,310523,280709,591232
54,2067,310523,280709,591232
55,2067,310523,280709,591232
56,2067,310523,280709,591232
57,2067,310523,280709,591232
58,2067,310523,280709,591232
59,2067,310523,280709,591232
60,2067,310523,280709,591232
61,2067,310502,280709,591211
62,2067,310482,280709,591191
63,2067,310629,280709,591338
64,2067,310711,280709,591420
65,2067,310776,280709,591485
66,2067,310677,280709,591386
67,2067,310677,280709,591386
68,2067,310677,280709,591386
69,2067,310609,280709,591318
70,2067,310583,280709,591292
71,2067,310117,280695,590812
72,2067,310465,280709,591174
73,2067,310117,280695,590812
74,2067,310117,280695,590812
75,2067,310117,280695,590812
76,2067,310117,280695,590812
77,2067,310117,280695,590812
78,2067,312824,302255,615079
79,2067,312361,301855,614216
80,2067,313545,304204,617749
81,2067,315175,307024,622199
82,2067,315175,307024,622199
83,2067,315175,307024,622199
84,2067,315175,307024,622199
85,2067,315175,307024,622199
86,2067,315175,307024,622199
87,2067,315175,307024,622199
88,2067,315175,307024,622199
89,2067,315175,307024,622199
90,2067,315175,307024,622199
91,2067,315175,307024,622199
92,2067,315175,307024,622199
93,2067,315175,307024,622199
94,2067,315175,307024,622199
95,2067,315175,307024,622199
96,2067,315175,307024,622199
97,2067,315175,307024,622199
98,2067,315175,307024,622199
99,2067,315175,307024,622199
100,2067,315175,307024,622199
0,2067,289931,272729,562660
1,2067,289934,272911,562845
2,2067,289982,272952,562934
3,2067,292195,275576,567771
4,2067,291187,274432,565619
5,2067,291032,274005,565037
6,2067,290574,273727,564301
7,2067,291554,273847,565401
8,2067,292191,275275,567466
9,2067,292300,275900,568200
10,2067,291218,275119,566337
11,2067,292350,275661,568011
12,2067,292533,276111,568644
13,2067,294243,276045,570288
14,2067,294509,275322,569831
15,2067,295696,275954,571650
16,2067,295745,275365,571110
17,2067,302787,276624,579411
18,2067,304700,277408,582108
19,2067,305830,279172,585002
20,2067,308798,280475,589273
21,2067,308721,280514,589235
22,2067,309400,280616,590016
23,2067,309775,280624,590399
24,2067,309777,280624,590401
25,2067,309777,280624,590401
26,2067,309777,280624,590401
27,2067,309777,280624,590401
28,2067,309777,280624,590401
29,2067,309777,280624,590401
30,2067,309777,280624,590401
31,2067,309777,280624,590401
32,2067,309777,280624,590401
33,2067,309777,280624,590401
34,2067,309777,280624,590401
35,2067,309777,280624,590401
36,2067,309777,280624,590401
37,2067,309777,280624,590401
38,2067,309777,280624,590401
39,2067,309777,280624,590401
40,2067,309777,280624,590401
41,2067,310523,280709,591232
42,2067,310523,280709,591232
43,2067,310523,280709,591232
44,2067,310523,280709,591232
45,2067,310523,280709,591232
46,2067,310523,280709,591232
47,2067,310523,280709,591232
48,2067,310523,280709,591232
49,2067,310523,280709,591232
50,2067,310523,280709,591232
51,2067,310523,280709,591232
52,2067,310523,280709,591232
53,2067,310523,280709,591232
54,2067,310523,280709,591232
55,2067,310523,280709,591232
56,2067,310523,280709,591232
57,2067,310523,280709,591232
58,2067,310523,280709,591232
59,2067,310523,280709,591232
60,2067,310523,280709,591232
61,2067,310502,280709,591211
62,2067,310542,280709,591251
63,2067,310622,280709,591331
64,2067,310711,280709,591420
65,2067,310776,280709,591485
66,2067,310677,280709,591386
67,2067,310677,280709,591386
68,2067,310677,280709,591386
69,2067,310609,280709,591318
70,2067,310583,280709,591292
71,2067,310117,280695,590812
72,2067,310465,280709,591174
73,2067,310117,280695,590812
74,2067,310117,280695,590812
75,2067,310117,280695,590812
76,2067,310117,280695,590812
77,2067,310117,280695,590812
78,2067,314312,303031,617343
79,2067,314087,303226,617313
80,2067,313783,305497,619280
81,2067,319234,305827,625061
82,2067,319234,305827,625061
83,2067,319234,305827,625061
84,2067,319234,305827,625061
85,2067,319234,305827,625061
86,2067,319234,305827,625061
87,2067,319234,305827,625061
88,2067,319234,305827,625061
89,2067,319234,305827,625061
90,2067,319234,305827,625061
91,2067,319234,305827,625061
92,2067,319234,305827,625061
93,2067,319234,305827,625061
94,2067,319234,305827,625061
95,2067,319234,305827,625061
96,2067,319234,305827,625061
97,2067,319234,305827,625061
98,2067,319234,305827,625061
99,2067,319234,305827,625061
100,2067,319234,305827,625061
0,2067,290389,273324,563713
1,2067,290357,273423,563780
2,2067,290327,273499,563826
3,2067,292216,275829,568045
4,2067,292652,275969,568621
5,2067,290429,274160,564589
6,2067,291995,274742,566737
7,2067,293131,275594,568725
8,2067,292310,275603,567913
9,2067,292239,275895,568134
10,2067,291305,275231,566536
11,2067,292658,276470,569128
12,2067,291894,275712,567606
13,2067,293818,275668,569486
14,2067,294959,275664,570623
15,2067,295329,275541,570870
16,2067,296065,275365,571430
17,2067,302452,276309,578761
18,2067,304434,277399,581833
19,2067,307640,279219,586859
20,2067,308797,280475,589272
21,2067,309191,280529,589720
22,2067,309411,280647,590058
23,2067,309775,280624,590399
24,2067,309777,280624,590401
25,2067,309777,280624,590401
26,2067,309777,280624,590401
27,2067,309777,280624,590401
28,2067,309777,280624,590401
29,2067,309777,280624,590401
30,2067,309777,280624,590401
31,2067,309777,280624,590401
32,2067,309777,280624,590401
33,2067,309777,280624,590401
34,2067,309777,280624,590401
35,2067,309777,280624,590401
36,2067,309777,280624,590401
37,2067,309777,280624,590401
38,2067,309777,280624,590401
39,2067,309777,280624,590401
40,2067,309777,280624,590401
41,2067,310523,280709,591232
42,2067,310523,280709,591232
43,2067,310523,280709,591232
44,2067,310523,280709,591232
45,2067,310523,280709,591232
46,2067,310523,280709,591232
47,2067,310523,280709,591232
48,2067,310523,280709,591232
49,2067,310523,280709,591232
50,2067,310523,280709,591232
51,2067,310523,280709,591232
52,2067,310523,280709,591232
53,2067,310523,280709,591232
54,2067,310523,280709,591232
55,2067,310523,280709,591232
56,2067,310523,280709,591232
57,2067,310523,280709,591232
58,2067,310523,280709,591232
59,2067,310523,280709,591232
60,2067,310523,280709,591232
61,2067,310502,280709,591211
62,2067,310490,280709,591199
63,2067,310622,280709,591331
64,2067,310711,280709,591420
65,2067,310776,280709,591485
66,2067,310677,280709,591386
67,2067,310677,280709,591386
68,2067,310677,280709,591386
69,2067,310609,280709,591318
70,2067,310583,280709,591292
71,2067,310117,280695,590812
72,2067,310465,280709,591174
73,2067,310117,280695,590812
74,2067,310117,280695,590812
75,2067,310117,280695,590812
76,2067,310117,280695,590812
77,2067,310117,280695,590812
78,2067,314565,303350,617915
79,2067,315463,303836,619299
80,2067,315597,307591,623188
81,2067,318475,306338,624813
82,2067,318475,306338,624813
83,2067,318475,306338,624813
84,2067,318475,306338,624813
85,2067,318475,306338,624813
86,2067,318475,306338,624813
87,2067,318475,306338,624813
88,2067,318475,306338,624813
89,2067,318475,306338,624813
90,2067,318475,306338,624813
91,2067,318475,306338,624813
92,2067,318475,306338,624813
93,2067,318475,306338,624813
94,2067,318475,306338,624813
95,2067,318475,306338,624813
96,2067,318475,306338,624813
97,2067,318475,306338,624813
98,2067,318475,306338,624813
99,2067,318475,306338,624813
100,2067,318475,306338,624813
0,2067,291577,274118,565695
1,2067,291704,274059,565763
2,2067,291728,274070,565798
3,2067,292172,275866,568038
4,2067,292520,275795,568315
5,2067,290894,274103,564997
6,2067,293029,275653,568682
7,2067,293002,275585,568587
8,2067,292514,276161,568675
9,2067,292060,275434,567494
10,2067,292373,275869,568242
11,2067,291521,275321,566842
12,2067,292700,275905,568605
13,2067,293942,275538,569480
14,2067,295205,275997,571202
15,2067,296250,275426,571676
16,2067,296330,275907,572237
17,2067,302651,276235,578886
18,2067,304622,277408,582030
19,2067,308470,279310,587780
20,2067,308804,280475,589279
21,2067,309404,280464,589868
22,2067,309411,280647,590058
23,2067,309775,280624,590399
24,2067,309777,280624,590401
25,2067,309777,280624,590401
26,2067,309777,280624,590401
27,2067,309777,280624,590401
28,2067,309777,280624,590401
29,2067,309777,280624,590401
30,2067,309777,280624,590401
31,2067,309777,280624,590401
32,2067,309777,280624,590401
33,2067,309777,280624,590401
34,2067,309777,280624,590401
35,2067,309777,280624,590401
36,2067,309777,280624,590401
37,2067,309777,280624,590401
38,2067,309777,280624,590401
39,2067,309777,280624,590401
40,2067,309777,280624,590401
41,2067,310523,280709,591232
42,2067,310523,280709,591232
43,2067,310523,280709,591232
44,2067,310523,280709,591232
45,2067,310523,280709,591232
46,2067,310523,280709,591232
47,2067,310523,280709,591232
48,2067,310523,280709,591232
49,2067,310523,280709,591232
50,2067,310523,280709,591232
51,2067,310523,280709,591232
52,2067,310523,280709,591232
53,2067,310523,280709,591232
54,2067,310523,280709,591232
55,2067,310523,280709,591232
56,2067,310523,280709,591232
57,2067,310523,280709,591232
58,2067,310523,280709,591232
59,2067,310523,280709,591232
60,2067,310523,280709,591232
61,2067,310502,280709,591211
62,2067,310482,280709,591191
63,2067,310629,280709,591338
64,2067,310711,280709,591420
65,2067,310776,280709,591485
66,2067,310677,280709,591386
67,2067,310677,280709,591386
68,2067,310677,280709,591386
69,2067,310609,280709,591318
70,2067,310583,280709,591292
71,2067,310117,280695,590812
72,2067,310465,280709,591174
73,2067,310117,280695,590812
74,2067,310117,280695,590812
75,2067,310117,280695,590812
76,2067,310117,280695,590812
77,2067,310117,280695,590812
78,2067,314748,304905,619653
79,2067,315681,305040,620721
80,2067,320100,305595,625695
81,2067,319150,304796,623946
82,2067,319150,304796,623946
83,2067,319150,304796,623946
84,2067,319150,304796,623946
85,2067,319150,304796,623946
86,2067,319150,304796,623946
87,2067,319150,304796,623946
88,2067,319150,304796,623946
89,2067,319150,304796,623946
90,2067,319150,304796,623946
91,2067,319150,304796,623946
92,2067,319150,304796,623946
93,2067,319150,304796,623946
94,2067,319150,304796,623946
95,2067,319150,304796,623946
96,2067,319150,304796,623946
97,2067,319150,304796,623946
98,2067,319150,304796,623946
99,2067,319150,304796,623946
100,2067,319150,304796,623946
0,2067,292691,275252,567943
1,2067,292737,275408,568145
2,2067,292737,275396,568133
3,2067,291909,275660,567569
4,2067,292434,275675,568109
5,2067,292224,276129,568353
6,2067,292989,275830,568819
7,2067,292884,275778,568662
8,2067,291224,275620,566844
9,2067,291990,275557,567547
10,2067,292433,276415,568848
11,2067,291391,275660,567051
12,2067,293221,276798,570019
13,2067,294261,275802,570063
14,2067,297791,275834,573625
15,2067,295951,275686,571637
16,2067,296030,275683,571713
17,2067,302367,276387,578754
18,2067,304434,277399,581833
19,2067,309346,279536,588882
20,2067,308804,280475,589279
21,2067,308966,280464,589430
22,2067,309411,280616,590027
23,2067,309775,280624,590399
24,2067,309777,280624,590401
25,2067,309777,280624,590401
26,2067,309777,280624,590401
27,2067,309777,280624,590401
28,2067,309777,280624,590401
29,2067,309777,280624,590401
30,2067,309777,280624,590401
31,2067,309777,280624,590401
32,2067,309777,280624,590401
33,2067,309777,280624,590401
34,2067,309777,280624,590401
35,2067,309777,280624,590401
36,2067,309777,280624,590401
37,2067,309777,280624,590401
38,2067,309777,280624,590401
39,2067,309777,280624,590401
40,2067,309777,280624,590401
41,2067,310523,280709,591232
42,2067,310523,280709,591232
43,2067,310523,280709,591232
44,2067,310523,280709,591232
45,2067,310523,280709,591232
46,2067,310523,280709,591232
47,2067,310523,280709,591232
48,2067,310523,280709,591232
49,2067,310523,280709,591232
50,2067,310523,280709,591232
51,2067,310523,280709,591232
52,2067,310523,280709,591232
53,2067,310523,280709,591232
54,2067,310523,280709,591232
55,2067,310523,280709,591232
56,2067,310523,280709,591232
57,2067,310523,280709,591232
58,2067,310523,280709,591232
59,2067,310523,280709,591232
60,2067,310523,280709,591232
61,2067,310502,280709,591211
62,2067,310542,280709,591251
63,2067,310629,280709,591338
64,2067,310711,280709,591420
65,2067,310776,280709,591485
66,2067,310677,280709,591386
67,2067,310677,280709,591386
68,2067,310677,280709,591386
69,2067,310609,280709,591318
70,2067,310583,280709,591292
71,2067,310117,280695,590812
72,2067,310465,280709,591174
73,2067,310117,280695,590812
74,2067,310117,280695,590812
75,2067,310117,280695,590812
76,2067,310117,280695,590812
77,2067,310117,280695,590812
78,2067,315901,306651,622552
79,2067,316557,307162,623719
80,2067,319112,306085,625197
81,2067,317302,305907,623209
82,2067,317302,305907,623209
83,2067,317302,305907,623209
84,2067,317302,305907,623209
85,2067,317302,305907,623209
86,2067,317302,305907,623209
87,2067,317302,305907,623209
88,2067,317302,305907,623209
89,2067,317302,305907,623209
90,2067,317302,305907,623209
91,2067,317302,305907,623209
92,2067,317302,305907,623209
93,2067,317302,305907,623209
94,2067,317302,305907,623209
95,2067,317302,305907,623209
96,2067,317302,305907,623209
97,2067,317302,305907,623209
98,2067,317302,305907,623209
99,2067,317302,305907,623209
100,2067,317302,305907,623209
0,2068,292160,275407,567567
1,2068,292160,275407,567567
2,2068,292156,275407,567563
3,2068,292317,275433,567750
4,2068,292459,275435,567894
5,2068,292604,275460,568064
6,2068,292715,275538,568253
7,2068,292699,275529,568228
8,2068,292688,275503,568191
9,2068,292689,275485,568174
10,2068,292704,275551,568255
11,2068,292828,275972,568800
12,2068,293342,276256,569598
13,2068,293719,276375,570094
14,2068,293758,276281,570039
15,2068,293823,276272,570095
16,2068,294123,276355,570478
17,2068,294561,276410,570971
18,2068,295789,276733,572522
19,2068,296731,278188,574919
20,2068,296795,278225,575020
21,2068,296833,278284,575117
22,2068,296862,278532,575394
23,2068,296890,278545,575435
24,2068,296890,278545,575435
25,2068,296890,278545,575435
26,2068,296890,278545,575435
27,2068,296890,278545,575435
28,2068,296890,278545,575435
29,2068,296890,278545,575435
30,2068,296890,278545,575435
31,2068,296890,278545,575435
32,2068,296890,278545,575435
33,2068,296890,278545,575435
34,2068,296890,278545,575435
35,2068,296890,278545,575435
36,2068,296890,278545,575435
37,2068,296890,278545,575435
38,2068,296890,278545,575435
39,2068,296890,278545,575435
40,2068,296890,278545,575435
41,2068,296890,278545,575435
42,2068,296890,278545,575435
43,2068,296890,278545,575435
44,2068,296890,278545,575435
45,2068,296890,278545,575435
46,2068,296881,278545,575426
47,2068,296873,278545,575418
48,2068,296873,278545,575418
49,2068,296873,278545,575418
50,2068,296873,278545,575418
51,2068,296873,278595,575468
52,2068,296873,278595,575468
53,2068,296873,278595,575468
54,2068,296873,278595,575468
55,2068,296873,278595,575468
56,2068,296873,278595,575468
57,2068,296873,278595,575468
58,2068,296873,278595,575468
59,2068,296873,278595,575468
60,2068,296873,278595,575468
61,2068,296873,278595,575468
62,2068,296873,278595,575468
63,2068,296873,278595,575468
64,2068,296825,278595,575420
65,2068,296825,278595,575420
66,2068,296738,278595,575333
67,2068,296738,278595,575333
68,2068,296472,278595,575067
69,2068,296377,278595,574972
70,2068,296237,278595,574832
71,2068,295800,278595,574395
72,2068,295800,278595,574395
73,2068,295461,278595,574056
74,2068,295423,278595,574018
75,2068,295423,278595,574018
76,2068,295423,278595,574018
77,2068,295423,278595,574018
78,2068,295423,279554,574977
79,2068,295423,279363,574786
80,2068,295423,279614,575037
81,2068,295423,279743,575166
82,2068,295423,279743,575166
83,2068,295423,279743,575166
84,2068,295423,279743,575166
85,2068,295423,279743,575166
86,2068,295423,279743,575166
87,2068,295423,279743,575166
88,2068,295423,279743,575166
89,2068,295423,279743,575166
90,2068,295423,279743,575166
91,2068,295423,279743,575166
92,2068,295423,279743,575166
93,2068,295423,279743,575166
94,2068,295423,279743,575166
95,2068,295423,279743,575166
96,2068,295423,279743,575166
97,2068,295423,279743,575166
98,2068,295423,279743,575166
99,2068,295423,279743,575166
100,2068,295423,279743,575166
0,2068,292266,275259,567525
1,2068,292266,275259,567525
2,2068,292259,275259,567518
3,2068,292436,275274,567710
4,2068,292615,275193,567808
5,2068,292741,275299,568040
6,2068,292868,275406,568274
7,2068,292842,275390,568232
8,2068,292820,275364,568184
9,2068,292815,275344,568159
10,2068,292810,275474,568284
11,2068,292862,275699,568561
12,2068,293184,275754,568938
13,2068,293704,275708,569412
14,2068,293937,275800,569737
15,2068,294124,275792,569916
16,2068,294466,275859,570325
17,2068,295672,275850,571522
18,2068,297964,276497,574461
19,2068,298821,278322,577143
20,2068,299958,278491,578449
21,2068,300126,278538,578664
22,2068,300128,279006,579134
23,2068,300136,279020,579156
24,2068,300136,279020,579156
25,2068,300136,279020,579156
26,2068,300136,279020,579156
27,2068,300136,279020,579156
28,2068,300136,279020,579156
29,2068,300136,279020,579156
30,2068,300136,279020,579156
31,2068,300136,279020,579156
32,2068,300136,279020,579156
33,2068,300136,279020,579156
34,2068,300136,279020,579156
35,2068,300136,279020,579156
36,2068,300136,279020,579156
37,2068,300136,279020,579156
38,2068,300136,279020,579156
39,2068,300136,279020,579156
40,2068,300136,279020,579156
41,2068,300136,279020,579156
42,2068,300136,279020,579156
43,2068,300136,279020,579156
44,2068,300538,279020,579558
45,2068,300538,279020,579558
46,2068,300536,279020,579556
47,2068,300528,279020,579548
48,2068,300528,279020,579548
49,2068,300528,279020,579548
50,2068,300528,279020,579548
51,2068,300528,279059,579587
52,2068,300528,279059,579587
53,2068,300528,279059,579587
54,2068,300528,279059,579587
55,2068,300528,279059,579587
56,2068,300528,279059,579587
57,2068,300528,279059,579587
58,2068,300528,279059,579587
59,2068,300528,279059,579587
60,2068,300528,279059,579587
61,2068,300528,279059,579587
62,2068,300528,279059,579587
63,2068,300528,279059,579587
64,2068,300557,279059,579616
65,2068,300557,279059,579616
66,2068,300066,279059,579125
67,2068,300008,279059,579067
68,2068,299613,279059,578672
69,2068,299663,279059,578722
70,2068,299415,279037,578452
71,2068,298888,279037,577925
72,2068,298782,279037,577819
73,2068,298283,278963,577246
74,2068,298238,278963,577201
75,2068,298238,278963,577201
76,2068,298238,278963,577201
77,2068,298238,278963,577201
78,2068,298344,280269,578613
79,2068,298259,280078,578337
80,2068,298344,280826,579170
81,2068,298338,280568,578906
82,2068,298338,280568,578906
83,2068,298338,280568,578906
84,2068,298338,280568,578906
85,2068,298338,280568,578906
86,2068,298338,280568,578906
87,2068,298338,280568,578906
88,2068,298338,280568,578906
89,2068,298338,280568,578906
90,2068,298338,280568,578906
91,2068,298338,280568,578906
92,2068,298338,280568,578906
93,2068,298338,280568,578906
94,2068,298338,280568,578906
95,2068,298338,280568,578906
96,2068,298338,280568,578906
97,2068,298338,280568,578906
98,2068,298338,280568,578906
99,2068,298338,280568,578906
100,2068,298338,280568,578906
0,2068,292274,275413,567687
1,2068,292274,275413,567687
2,2068,292266,275413,567679
3,2068,292417,275347,567764
4,2068,292716,275394,568110
5,2068,292856,275450,568306
6,2068,292910,275526,568436
7,2068,292866,275510,568376
8,2068,292838,275471,568309
9,2068,292865,275477,568342
10,2068,292819,275561,568380
11,2068,292909,275804,568713
12,2068,293366,276259,569625
13,2068,294527,276216,570743
14,2068,294776,276418,571194
15,2068,295034,276413,571447
16,2068,296135,276482,572617
17,2068,297419,276524,573943
18,2068,299982,276890,576872
19,2068,300697,278092,578789
20,2068,300794,278561,579355
21,2068,301474,278636,580110
22,2068,301310,278941,580251
23,2068,301326,278955,580281
24,2068,301326,278955,580281
25,2068,301326,278955,580281
26,2068,301326,278955,580281
27,2068,301326,278955,580281
28,2068,301326,278955,580281
29,2068,301326,278955,580281
30,2068,301326,278955,580281
31,2068,301326,278955,580281
32,2068,301326,278955,580281
33,2068,301326,278955,580281
34,2068,301326,278955,580281
35,2068,301326,278955,580281
36,2068,301326,278955,580281
37,2068,301326,278955,580281
38,2068,301326,278955,580281
39,2068,301326,278955,580281
40,2068,301326,278955,580281
41,2068,301326,278955,580281
42,2068,301326,278955,580281
43,2068,301333,278955,580288
44,2068,303077,279111,582188
45,2068,303077,279111,582188
46,2068,302118,279111,581229
47,2068,302109,279111,581220
48,2068,302109,279111,581220
49,2068,302109,279111,581220
50,2068,302109,279111,581220
51,2068,302109,279149,581258
52,2068,302109,279149,581258
53,2068,302109,279149,581258
54,2068,302109,279149,581258
55,2068,302109,279149,581258
56,2068,302109,279149,581258
57,2068,302109,279149,581258
58,2068,302109,279149,581258
59,2068,302109,279149,581258
60,2068,302109,279149,581258
61,2068,302109,279149,581258
62,2068,302109,279149,581258
63,2068,302109,279149,581258
64,2068,303056,279149,582205
65,2068,303056,279149,582205
66,2068,301751,278994,580745
67,2068,301764,278926,580690
68,2068,301625,278926,580551
69,2068,301693,278926,580619
70,2068,301698,278926,580624
71,2068,302699,279051,581750
72,2068,302614,279051,581665
73,2068,301717,279129,580846
74,2068,301717,279129,580846
75,2068,301717,279129,580846
76,2068,301717,279129,580846
77,2068,301717,279129,580846
78,2068,301618,283834,585452
79,2068,301588,283520,585108
80,2068,301523,283856,585379
81,2068,301545,283856,585401
82,2068,301545,283856,585401
83,2068,301545,283856,585401
84,2068,301545,283856,585401
85,2068,301545,283856,585401
86,2068,301545,283856,585401
87,2068,301545,283856,585401
88,2068,301545,283856,585401
89,2068,301545,283856,585401
90,2068,301545,283856,585401
91,2068,301545,283856,585401
92,2068,301545,283856,585401
93,2068,301545,283856,585401
94,2068,301545,283856,585401
95,2068,301545,283856,585401
96,2068,301545,283856,585401
97,2068,301545,283856,585401
98,2068,301545,283856,585401
99,2068,301545,283856,585401
100,2068,301545,283856,585401
0,2068,292099,274901,567000
1,2068,292099,274901,567000
2,2068,292091,274901,566992
3,2068,292300,274901,567201
4,2068,292463,274931,567394
5,2068,292518,274983,567501
6,2068,292615,275035,567650
7,2068,292607,275057,567664
8,2068,292601,275043,567644
9,2068,292574,275024,567598
10,2068,292549,275055,567604
11,2068,292624,275339,567963
12,2068,293047,275490,568537
13,2068,294584,275590,570174
14,2068,295239,275679,570918
15,2068,297561,275661,573222
16,2068,296031,275360,571391
17,2068,298511,275281,573792
18,2068,300960,276311,577271
19,2068,318140,278178,596318
20,2068,318570,278704,597274
21,2068,307169,279147,586316
22,2068,306963,279195,586158
23,2068,307025,279209,586234
24,2068,307025,279209,586234
25,2068,307025,279209,586234
26,2068,307025,279209,586234
27,2068,307025,279209,586234
28,2068,307025,279209,586234
29,2068,307025,279209,586234
30,2068,307025,279209,586234
31,2068,307025,279209,586234
32,2068,307025,279209,586234
33,2068,307025,279209,586234
34,2068,307025,279209,586234
35,2068,307025,279209,586234
36,2068,307025,279209,586234
37,2068,307025,279209,586234
38,2068,307025,279209,586234
39,2068,307025,279209,586234
40,2068,307025,279209,586234
41,2068,307025,279209,586234
42,2068,307025,279209,586234
43,2068,307025,279209,586234
44,2068,309401,279433,588834
45,2068,309401,279433,588834
46,2068,308138,279364,587502
47,2068,308207,279364,587571
48,2068,308207,279364,587571
49,2068,308207,279364,587571
50,2068,308207,279364,587571
51,2068,308198,279402,587600
52,2068,308198,279402,587600
53,2068,308198,279402,587600
54,2068,308198,279402,587600
55,2068,308198,279402,587600
56,2068,308198,279402,587600
57,2068,308198,279402,587600
58,2068,308198,279402,587600
59,2068,308198,279402,587600
60,2068,308198,279402,587600
61,2068,308198,279402,587600
62,2068,308198,279402,587600
63,2068,308198,279402,587600
64,2068,309449,279472,588921
65,2068,309538,279472,589010
66,2068,307947,279400,587347
67,2068,308227,279400,587627
68,2068,307618,279138,586756
69,2068,307735,279232,586967
70,2068,307742,279123,586865
71,2068,309127,279187,588314
72,2068,308751,279129,587880
73,2068,307179,279129,586308
74,2068,307179,279129,586308
75,2068,307179,279129,586308
76,2068,307179,279129,586308
77,2068,307179,279129,586308
78,2068,306934,286413,593347
79,2068,306862,284996,591858
80,2068,306855,286432,593287
81,2068,306855,286432,593287
82,2068,306855,286432,593287
83,2068,306855,286432,593287
84,2068,306855,286432,593287
85,2068,306855,286432,593287
86,2068,306855,286432,593287
87,2068,306855,286432,593287
88,2068,306855,286432,593287
89,2068,306855,286432,593287
90,2068,306855,286432,593287
91,2068,306855,286432,593287
92,2068,306855,286432,593287
93,2068,306855,286432,593287
94,2068,306855,286432,593287
95,2068,306855,286432,593287
96,2068,306855,286432,593287
97,2068,306855,286432,593287
98,2068,306855,286432,593287
99,2068,306855,286432,593287
100,2068,306855,286432,593287
0,2068,292414,276267,568681
1,2068,292414,276267,568681
2,2068,292410,276267,568677
3,2068,292524,276267,568791
4,2068,292770,276374,569144
5,2068,292782,276405,569187
6,2068,292777,275836,568613
7,2068,292789,275833,568622
8,2068,292809,276105,568914
9,2068,292817,276218,569035
10,2068,292752,276008,568760
11,2068,292786,276013,568799
12,2068,292637,275836,568473
13,2068,294207,275567,569774
14,2068,297544,275452,572996
15,2068,296712,275491,572203
16,2068,295873,275344,571217
17,2068,298696,275638,574334
18,2068,308040,277244,585284
19,2068,310244,279250,589494
20,2068,310992,279343,590335
21,2068,309447,279369,588816
22,2068,309498,279517,589015
23,2068,309548,279517,589065
24,2068,309548,279517,589065
25,2068,309548,279517,589065
26,2068,309548,279517,589065
27,2068,309548,279517,589065
28,2068,309548,279517,589065
29,2068,309548,279517,589065
30,2068,309548,279517,589065
31,2068,309548,279517,589065
32,2068,309548,279517,589065
33,2068,309548,279517,589065
34,2068,309548,279517,589065
35,2068,309548,279517,589065
36,2068,309548,279517,589065
37,2068,309933,279517,589450
38,2068,309933,279517,589450
39,2068,309933,279517,589450
40,2068,309933,279517,589450
41,2068,309933,279517,589450
42,2068,309933,279517,589450
43,2068,309933,279517,589450
44,2068,311218,279445,590663
45,2068,311218,279445,590663
46,2068,311078,279485,590563
47,2068,311078,279485,590563
48,2068,311078,279485,590563
49,2068,311078,279485,590563
50,2068,311078,279485,590563
51,2068,311087,279523,590610
52,2068,311087,279523,590610
53,2068,311087,279523,590610
54,2068,311087,279523,590610
55,2068,311087,279523,590610
56,2068,311087,279523,590610
57,2068,311087,279523,590610
58,2068,311087,279523,590610
59,2068,311087,279523,590610
60,2068,311087,279523,590610
61,2068,311087,279523,590610
62,2068,311087,279523,590610
63,2068,311197,279523,590720
64,2068,311402,279483,590885
65,2068,311494,279483,590977
66,2068,311142,279522,590664
67,2068,311181,279522,590703
68,2068,310276,279498,589774
69,2068,310326,279498,589824
70,2068,310257,279585,589842
71,2068,310672,279598,590270
72,2068,310683,279572,590255
73,2068,309854,279579,589433
74,2068,309854,279579,589433
75,2068,309854,279579,589433
76,2068,309854,279579,589433
77,2068,309854,279579,589433
78,2068,309223,297053,606276
79,2068,309182,295170,604352
80,2068,309215,297002,606217
81,2068,309223,297359,606582
82,2068,309223,297359,606582
83,2068,309223,297359,606582
84,2068,309223,297359,606582
85,2068,309223,297359,606582
86,2068,309223,297359,606582
87,2068,309223,297359,606582
88,2068,309223,297359,606582
89,2068,309223,297359,606582
90,2068,309223,297359,606582
91,2068,309223,297359,606582
92,2068,309223,297359,606582
93,2068,309223,297359,606582
94,2068,309223,297359,606582
95,2068,309223,297359,606582
96,2068,309223,297359,606582
97,2068,309223,297359,606582
98,2068,309223,297359,606582
99,2068,309223,297359,606582
100,2068,309223,297359,606582
0,2068,290839,275033,565872
1,2068,290839,275033,565872
2,2068,290835,275033,565868
3,2068,290937,275233,566170
4,2068,291005,274937,565942
5,2068,291046,275155,566201
6,2068,292232,276240,568472
7,2068,292199,276233,568432
8,2068,291249,275661,566910
9,2068,291199,275601,566800
10,2068,292123,276191,568314
11,2068,292361,276048,568409
12,2068,293171,276060,569231
13,2068,294126,275531,569657
14,2068,296668,275937,572605
15,2068,295244,275388,570632
16,2068,296127,275713,571840
17,2068,298662,276231,574893
18,2068,305162,277907,583069
19,2068,309543,280666,590209
20,2068,310358,280573,590931
21,2068,310236,280007,590243
22,2068,310517,280086,590603
23,2068,310504,280086,590590
24,2068,310504,280086,590590
25,2068,310504,280086,590590
26,2068,310504,280086,590590
27,2068,310504,280086,590590
28,2068,310504,280086,590590
29,2068,310504,280086,590590
30,2068,310504,280086,590590
31,2068,310504,280086,590590
32,2068,310504,280086,590590
33,2068,310504,280086,590590
34,2068,310504,280086,590590
35,2068,310504,280086,590590
36,2068,310504,280086,590590
37,2068,310568,280086,590654
38,2068,310568,280086,590654
39,2068,310568,280086,590654
40,2068,310568,280086,590654
41,2068,310949,280086,591035
42,2068,310949,280086,591035
43,2068,310949,280086,591035
44,2068,311212,280770,591982
45,2068,311212,280770,591982
46,2068,311402,280718,592120
47,2068,311402,280718,592120
48,2068,311402,280718,592120
49,2068,311402,280718,592120
50,2068,311402,280718,592120
51,2068,311402,280757,592159
52,2068,311402,280757,592159
53,2068,311402,280757,592159
54,2068,311402,280757,592159
55,2068,311402,280757,592159
56,2068,311402,280757,592159
57,2068,311402,280757,592159
58,2068,311402,280757,592159
59,2068,311402,280757,592159
60,2068,311402,280757,592159
61,2068,311402,280757,592159
62,2068,311402,280757,592159
63,2068,311500,280757,592257
64,2068,311363,280826,592189
65,2068,311724,280826,592550
66,2068,311611,280757,592368
67,2068,311478,280757,592235
68,2068,311136,280282,591418
69,2068,311224,280386,591610
70,2068,311089,280359,591448
71,2068,311023,280782,591805
72,2068,311415,280757,592172
73,2068,310475,280113,590588
74,2068,310475,280113,590588
75,2068,310475,280113,590588
76,2068,310475,280113,590588
77,2068,310475,280113,590588
78,2068,312080,301426,613506
79,2068,311717,300216,611933
80,2068,312078,301550,613628
81,2068,312097,305369,617466
82,2068,312097,305369,617466
83,2068,312097,305369,617466
84,2068,312097,305369,617466
85,2068,312097,305369,617466
86,2068,312097,305369,617466
87,2068,312097,305369,617466
88,2068,312097,305369,617466
89,2068,312097,305369,617466
90,2068,312097,305369,617466
91,2068,312097,305369,617466
92,2068,312097,305369,617466
93,2068,312097,305369,617466
94,2068,312097,305369,617466
95,2068,312097,305369,617466
96,2068,312097,305369,617466
97,2068,312097,305369,617466
98,2068,312097,305369,617466
99,2068,312097,305369,617466
100,2068,312097,305369,617466
0,2068,289659,274603,564262
1,2068,289659,274603,564262
2,2068,289665,274603,564268
3,2068,290131,274992,565123
4,2068,290075,275018,565093
5,2068,290517,275453,565970
6,2068,291142,275727,566869
7,2068,291129,275727,566856
8,2068,291983,276029,568012
9,2068,291141,275810,566951
10,2068,291146,275616,566762
11,2068,292016,276074,568090
12,2068,292897,276138,569035
13,2068,294262,276019,570281
14,2068,294683,275572,570255
15,2068,297679,275397,573076
16,2068,295993,275946,571939
17,2068,298812,276626,575438
18,2068,303893,278118,582011
19,2068,307392,280296,587688
20,2068,308113,280287,588400
21,2068,310267,280533,590800
22,2068,310619,280734,591353
23,2068,310685,280734,591419
24,2068,310685,280734,591419
25,2068,310685,280734,591419
26,2068,310685,280734,591419
27,2068,310685,280734,591419
28,2068,310685,280734,591419
29,2068,310685,280734,591419
30,2068,310685,280734,591419
31,2068,310685,280734,591419
32,2068,310685,280734,591419
33,2068,310685,280734,591419
34,2068,310685,280734,591419
35,2068,310685,280734,591419
36,2068,310685,280734,591419
37,2068,310706,280734,591440
38,2068,310706,280734,591440
39,2068,310706,280734,591440
40,2068,310706,280734,591440
41,2068,311060,280758,591818
42,2068,311060,280758,591818
43,2068,311060,280758,591818
44,2068,310515,280639,591154
45,2068,310515,280639,591154
46,2068,310557,280639,591196
47,2068,310557,280639,591196
48,2068,310557,280639,591196
49,2068,310557,280639,591196
50,2068,310557,280639,591196
51,2068,310557,280639,591196
52,2068,310557,280639,591196
53,2068,310557,280639,591196
54,2068,310557,280639,591196
55,2068,310557,280639,591196
56,2068,310557,280639,591196
57,2068,310557,280639,591196
58,2068,310557,280639,591196
59,2068,310557,280639,591196
60,2068,310557,280639,591196
61,2068,310557,280639,591196
62,2068,310557,280639,591196
63,2068,310910,280639,591549
64,2068,310761,280639,591400
65,2068,311033,280639,591672
66,2068,311135,280672,591807
67,2068,310932,280639,591571
68,2068,311116,280771,591887
69,2068,311041,280703,591744
70,2068,310992,280666,591658
71,2068,310516,280639,591155
72,2068,310473,280639,591112
73,2068,311008,280697,591705
74,2068,311008,280697,591705
75,2068,311008,280697,591705
76,2068,311008,280697,591705
77,2068,311008,280697,591705
78,2068,314470,302480,616950
79,2068,314144,302411,616555
80,2068,314352,302829,617181
81,2068,316242,304224,620466
82,2068,316242,304224,620466
83,2068,316242,304224,620466
84,2068,316242,304224,620466
85,2068,316242,304224,620466
86,2068,316242,304224,620466
87,2068,316242,304224,620466
88,2068,316242,304224,620466
89,2068,316242,304224,620466
90,2068,316242,304224,620466
91,2068,316242,304224,620466
92,2068,316242,304224,620466
93,2068,316242,304224,620466
94,2068,316242,304224,620466
95,2068,316242,304224,620466
96,2068,316242,304224,620466
97,2068,316242,304224,620466
98,2068,316242,304224,620466
99,2068,316242,304224,620466
100,2068,316242,304224,620466
0,2068,289139,272661,561800
1,2068,289139,272661,561800
2,2068,289140,272661,561801
3,2068,289119,272764,561883
4,2068,289360,272455,561815
5,2068,290329,273837,564166
6,2068,290582,275044,565626
7,2068,290513,275001,565514
8,2068,291822,275327,567149
9,2068,292040,275205,567245
10,2068,290765,275121,565886
11,2068,291646,275629,567275
12,2068,292463,275852,568315
13,2068,293960,275907,569867
14,2068,294086,274870,568956
15,2068,297101,275906,573007
16,2068,295988,275549,571537
17,2068,299178,275915,575093
18,2068,303074,277430,580504
19,2068,305532,280384,585916
20,2068,307797,280492,588289
21,2068,309263,280395,589658
22,2068,309846,280601,590447
23,2068,310066,280601,590667
24,2068,310068,280601,590669
25,2068,310068,280601,590669
26,2068,310068,280601,590669
27,2068,310068,280601,590669
28,2068,310068,280601,590669
29,2068,310068,280601,590669
30,2068,310068,280601,590669
31,2068,310068,280601,590669
32,2068,310068,280601,590669
33,2068,310068,280601,590669
34,2068,310068,280601,590669
35,2068,310068,280601,590669
36,2068,310068,280601,590669
37,2068,310106,280601,590707
38,2068,310106,280601,590707
39,2068,310106,280601,590707
40,2068,310106,280601,590707
41,2068,310504,280601,591105
42,2068,310504,280601,591105
43,2068,310504,280601,591105
44,2068,310371,280615,590986
45,2068,310371,280615,590986
46,2068,310431,280601,591032
47,2068,310431,280601,591032
48,2068,310431,280601,591032
49,2068,310431,280601,591032
50,2068,310431,280601,591032
51,2068,310431,280601,591032
52,2068,310431,280601,591032
53,2068,310431,280601,591032
54,2068,310431,280601,591032
55,2068,310431,280601,591032
56,2068,310431,280601,591032
57,2068,310431,280601,591032
58,2068,310431,280601,591032
59,2068,310431,280601,591032
60,2068,310425,280601,591026
61,2068,310396,280601,590997
62,2068,310384,280601,590985
63,2068,310452,280601,591053
64,2068,310622,280615,591237
65,2068,310565,280615,591180
66,2068,310466,280601,591067
67,2068,310560,280601,591161
68,2068,310503,280601,591104
69,2068,310459,280601,591060
70,2068,310415,280601,591016
71,2068,310321,280601,590922
72,2068,310394,280611,591005
73,2068,310297,280601,590898
74,2068,310297,280601,590898
75,2068,310297,280601,590898
76,2068,310297,280601,590898
77,2068,310297,280601,590898
78,2068,316765,303090,619855
79,2068,316576,303067,619643
80,2068,316701,303735,620436
81,2068,316971,305349,622320
82,2068,316971,305349,622320
83,2068,316971,305349,622320
84,2068,316971,305349,622320
85,2068,316971,305349,622320
86,2068,316971,305349,622320
87,2068,316971,305349,622320
88,2068,316971,305349,622320
89,2068,316971,305349,622320
90,2068,316971,305349,622320
91,2068,316971,305349,622320
92,2068,316971,305349,622320
93,2068,316971,305349,622320
94,2068,316971,305349,622320
95,2068,316971,305349,622320
96,2068,316971,305349,622320
97,2068,316971,305349,622320
98,2068,316971,305349,622320
99,2068,316971,305349,622320
100,2068,316971,305349,622320
0,2068,290394,273022,563416
1,2068,290394,272960,563354
2,2068,290359,272960,563319
3,2068,290259,272886,563145
4,2068,290454,272808,563262
5,2068,291611,274441,566052
6,2068,290844,274238,565082
7,2068,290993,274439,565432
8,2068,292558,275788,568346
9,2068,292683,276220,568903
10,2068,290916,274282,565198
11,2068,292270,275799,568069
12,2068,292527,276121,568648
13,2068,293904,275836,569740
14,2068,293814,275619,569433
15,2068,296491,275550,572041
16,2068,296013,275404,571417
17,2068,300549,276014,576563
18,2068,303703,277256,580959
19,2068,304886,279668,584554
20,2068,307763,280642,588405
21,2068,308577,280432,589009
22,2068,309209,280601,589810
23,2068,309657,280601,590258
24,2068,309658,280601,590259
25,2068,309658,280601,590259
26,2068,309658,280601,590259
27,2068,309658,280601,590259
28,2068,309658,280601,590259
29,2068,309658,280601,590259
30,2068,309658,280601,590259
31,2068,309658,280601,590259
32,2068,309658,280601,590259
33,2068,309658,280601,590259
34,2068,309658,280601,590259
35,2068,309658,280601,590259
36,2068,309658,280601,590259
37,2068,309666,280681,590347
38,2068,309666,280681,590347
39,2068,309666,280681,590347
40,2068,309666,280681,590347
41,2068,310400,280705,591105
42,2068,310400,280705,591105
43,2068,310400,280705,591105
44,2068,310418,280719,591137
45,2068,310418,280719,591137
46,2068,310454,280719,591173
47,2068,310454,280719,591173
48,2068,310454,280719,591173
49,2068,310454,280719,591173
50,2068,310454,280719,591173
51,2068,310454,280719,591173
52,2068,310454,280719,591173
53,2068,310454,280719,591173
54,2068,310454,280719,591173
55,2068,310454,280719,591173
56,2068,310454,280719,591173
57,2068,310454,280719,591173
58,2068,310454,280719,591173
59,2068,310454,280719,591173
60,2068,310454,280719,591173
61,2068,310425,280719,591144
62,2068,310355,280719,591074
63,2068,310557,280719,591276
64,2068,310622,280709,591331
65,2068,310657,280709,591366
66,2068,310551,280719,591270
67,2068,310578,280709,591287
68,2068,310595,280719,591314
69,2068,310527,280719,591246
70,2068,310501,280719,591220
71,2068,310167,280719,590886
72,2068,310365,280719,591084
73,2068,310097,280705,590802
74,2068,310097,280705,590802
75,2068,310097,280705,590802
76,2068,310097,280705,590802
77,2068,310097,280705,590802
78,2068,316031,304649,620680
79,2068,316015,304523,620538
80,2068,316491,304884,621375
81,2068,317021,307179,624200
82,2068,317021,307179,624200
83,2068,317021,307179,624200
84,2068,317021,307179,624200
85,2068,317021,307179,624200
86,2068,317021,307179,624200
87,2068,317021,307179,624200
88,2068,317021,307179,624200
89,2068,317021,307179,624200
90,2068,317021,307179,624200
91,2068,317021,307179,624200
92,2068,317021,307179,624200
93,2068,317021,307179,624200
94,2068,317021,307179,624200
95,2068,317021,307179,624200
96,2068,317021,307179,624200
97,2068,317021,307179,624200
98,2068,317021,307179,624200
99,2068,317021,307179,624200
100,2068,317021,307179,624200
0,2068,291389,273588,564977
1,2068,291361,273588,564949
2,2068,291342,273588,564930
3,2068,290486,273473,563959
4,2068,291427,273538,564965
5,2068,292690,275544,568234
6,2068,291841,274747,566588
7,2068,291918,275199,567117
8,2068,292254,275800,568054
9,2068,291248,275379,566627
10,2068,292120,274848,566968
11,2068,292386,276244,568630
12,2068,292471,275750,568221
13,2068,293842,275635,569477
14,2068,294684,275923,570607
15,2068,295202,274951,570153
16,2068,296309,275544,571853
17,2068,300680,275961,576641
18,2068,306176,277396,583572
19,2068,304844,279082,583926
20,2068,307760,280252,588012
21,2068,308575,280608,589183
22,2068,309265,280695,589960
23,2068,309759,280695,590454
24,2068,309761,280695,590456
25,2068,309761,280695,590456
26,2068,309761,280695,590456
27,2068,309761,280695,590456
28,2068,309761,280695,590456
29,2068,309761,280695,590456
30,2068,309761,280695,590456
31,2068,309761,280695,590456
32,2068,309761,280695,590456
33,2068,309761,280695,590456
34,2068,309761,280695,590456
35,2068,309761,280695,590456
36,2068,309761,280695,590456
37,2068,309760,280695,590455
38,2068,309760,280695,590455
39,2068,309760,280695,590455
40,2068,309760,280695,590455
41,2068,310532,280719,591251
42,2068,310532,280719,591251
43,2068,310532,280719,591251
44,2068,310612,280709,591321
45,2068,310612,280709,591321
46,2068,310612,280709,591321
47,2068,310612,280709,591321
48,2068,310612,280709,591321
49,2068,310612,280709,591321
50,2068,310612,280709,591321
51,2068,310612,280709,591321
52,2068,310612,280709,591321
53,2068,310612,280709,591321
54,2068,310612,280709,591321
55,2068,310612,280709,591321
56,2068,310612,280709,591321
57,2068,310612,280709,591321
58,2068,310612,280709,591321
59,2068,310612,280709,591321
60,2068,310612,280709,591321
61,2068,310583,280709,591292
62,2068,310342,280719,591061
63,2068,310663,280709,591372
64,2068,310791,280709,591500
65,2068,310817,280709,591526
66,2068,310711,280709,591420
67,2068,310719,280709,591428
68,2068,310627,280709,591336
69,2068,310569,280709,591278
70,2068,310553,280709,591262
71,2068,310114,280719,590833
72,2068,310402,280719,591121
73,2068,310099,280695,590794
74,2068,310099,280695,590794
75,2068,310099,280695,590794
76,2068,310099,280695,590794
77,2068,310099,280695,590794
78,2068,316416,306500,622916
79,2068,316414,306851,623265
80,2068,317112,306603,623715
81,2068,320548,305311,625859
82,2068,320548,305311,625859
83,2068,320548,305311,625859
84,2068,320548,305311,625859
85,2068,320548,305311,625859
86,2068,320548,305311,625859
87,2068,320548,305311,625859
88,2068,320548,305311,625859
89,2068,320548,305311,625859
90,2068,320548,305311,625859
91,2068,320548,305311,625859
92,2068,320548,305311,625859
93,2068,320548,305311,625859
94,2068,320548,305311,625859
95,2068,320548,305311,625859
96,2068,320548,305311,625859
97,2068,320548,305311,625859
98,2068,320548,305311,625859
99,2068,320548,305311,625859
100,2068,320548,305311,625859
0,2068,292751,275522,568273
1,2068,292768,275518,568286
2,2068,292769,275518,568287
3,2068,291789,274356,566145
4,2068,293025,274710,567735
5,2068,292813,276399,569212
6,2068,292765,276223,568988
7,2068,292672,276268,568940
8,2068,292330,276276,568606
9,2068,291393,275989,567382
10,2068,292673,276157,568830
11,2068,291584,275622,567206
12,2068,292581,275830,568411
13,2068,294134,275933,570067
14,2068,295041,276344,571385
15,2068,297727,275310,573037
16,2068,296109,275747,571856
17,2068,313874,275931,589805
18,2068,305144,277547,582691
19,2068,305947,279202,585149
20,2068,308539,280233,588772
21,2068,309150,280634,589784
22,2068,309340,280727,590067
23,2068,309735,280695,590430
24,2068,309736,280695,590431
25,2068,309736,280695,590431
26,2068,309736,280695,590431
27,2068,309736,280695,590431
28,2068,309736,280695,590431
29,2068,309736,280695,590431
30,2068,309736,280695,590431
31,2068,309736,280695,590431
32,2068,309736,280695,590431
33,2068,309736,280695,590431
34,2068,309736,280695,590431
35,2068,309736,280695,590431
36,2068,309736,280695,590431
37,2068,309736,280695,590431
38,2068,309736,280695,590431
39,2068,309736,280695,590431
40,2068,309736,280695,590431
41,2068,310615,280709,591324
42,2068,310615,280709,591324
43,2068,310615,280709,591324
44,2068,310580,280709,591289
45,2068,310580,280709,591289
46,2068,310589,280709,591298
47,2068,310589,280709,591298
48,2068,310589,280709,591298
49,2068,310589,280709,591298
50,2068,310589,280709,591298
51,2068,310589,280709,591298
52,2068,310589,280709,591298
53,2068,310589,280709,591298
54,2068,310589,280709,591298
55,2068,310589,280709,591298
56,2068,310589,280709,591298
57,2068,310589,280709,591298
58,2068,310589,280709,591298
59,2068,310589,280709,591298
60,2068,310589,280709,591298
61,2068,310560,280709,591269
62,2068,310362,280719,591081
63,2068,310688,280709,591397
64,2068,310777,280709,591486
65,2068,310815,280709,591524
66,2068,310706,280709,591415
67,2068,310743,280709,591452
68,2068,310757,280709,591466
69,2068,310692,280709,591401
70,2068,310676,280709,591385
71,2068,310183,280695,590878
72,2068,310549,280719,591268
73,2068,310133,280695,590828
74,2068,310133,280695,590828
75,2068,310133,280695,590828
76,2068,310133,280695,590828
77,2068,310133,280695,590828
78,2068,319143,305453,624596
79,2068,319327,305676,625003
80,2068,319274,305068,624342
81,2068,318978,306401,625379
82,2068,318978,306401,625379
83,2068,318978,306401,625379
84,2068,318978,306401,625379
85,2068,318978,306401,625379
86,2068,318978,306401,625379
87,2068,318978,306401,625379
88,2068,318978,306401,625379
89,2068,318978,306401,625379
90,2068,318978,306401,625379
91,2068,318978,306401,625379
92,2068,318978,306401,625379
93,2068,318978,306401,625379
94,2068,318978,306401,625379
95,2068,318978,306401,625379
96,2068,318978,306401,625379
97,2068,318978,306401,625379
98,2068,318978,306401,625379
99,2068,318978,306401,625379
100,2068,318978,306401,625379
0,2068,292327,275510,567837
1,2068,292327,275659,567986
2,2068,292320,275647,567967
3,2068,292875,275527,568402
4,2068,292828,275721,568549
5,2068,291154,274409,565563
6,2068,291431,275516,566947
7,2068,291405,275336,566741
8,2068,290990,275061,566051
9,2068,292128,275695,567823
10,2068,291559,275769,567328
11,2068,291377,275586,566963
12,2068,293155,276000,569155
13,2068,294189,275958,570147
14,2068,295769,275717,571486
15,2068,297153,275649,572802
16,2068,295944,275372,571316
17,2068,307331,276682,584013
18,2068,304499,277441,581940
19,2068,307335,279222,586557
20,2068,309367,280247,589614
21,2068,309425,280514,589939
22,2068,309452,280752,590204
23,2068,309762,280695,590457
24,2068,309764,280695,590459
25,2068,309764,280695,590459
26,2068,309764,280695,590459
27,2068,309764,280695,590459
28,2068,309764,280695,590459
29,2068,309764,280695,590459
30,2068,309764,280695,590459
31,2068,309764,280695,590459
32,2068,309764,280695,590459
33,2068,309764,280695,590459
34,2068,309764,280695,590459
35,2068,309764,280695,590459
36,2068,309764,280695,590459
37,2068,309738,280695,590433
38,2068,309738,280695,590433
39,2068,309738,280695,590433
40,2068,309738,280695,590433
41,2068,310581,280709,591290
42,2068,310581,280709,591290
43,2068,310581,280709,591290
44,2068,310522,280709,591231
45,2068,310522,280709,591231
46,2068,310522,280709,591231
47,2068,310522,280709,591231
48,2068,310522,280709,591231
49,2068,310522,280709,591231
50,2068,310522,280709,591231
51,2068,310522,280709,591231
52,2068,310522,280709,591231
53,2068,310522,280709,591231
54,2068,310522,280709,591231
55,2068,310522,280709,591231
56,2068,310522,280709,591231
57,2068,310522,280709,591231
58,2068,310522,280709,591231
59,2068,310522,280709,591231
60,2068,310522,280709,591231
61,2068,310493,280709,591202
62,2068,310500,280719,591219
63,2068,310622,280709,591331
64,2068,310711,280709,591420
65,2068,310854,280709,591563
66,2068,310736,280709,591445
67,2068,310677,280709,591386
68,2068,310743,280709,591452
69,2068,310668,280709,591377
70,2068,310642,280709,591351
71,2068,310117,280719,590836
72,2068,310404,280709,591113
73,2068,310176,280695,590871
74,2068,310176,280695,590871
75,2068,310176,280695,590871
76,2068,310176,280695,590871
77,2068,310176,280695,590871
78,2068,317218,306629,623847
79,2068,317604,306070,623674
80,2068,317715,306312,624027
81,2068,319435,304795,624230
82,2068,319435,304795,624230
83,2068,319435,304795,624230
84,2068,319435,304795,624230
85,2068,319435,304795,624230
86,2068,319435,304795,624230
87,2068,319435,304795,624230
88,2068,319435,304795,624230
89,2068,319435,304795,624230
90,2068,319435,304795,624230
91,2068,319435,304795,624230
92,2068,319435,304795,624230
93,2068,319435,304795,624230
94,2068,319435,304795,624230
95,2068,319435,304795,624230
96,2068,319435,304795,624230
97,2068,319435,304795,624230
98,2068,319435,304795,624230
99,2068,319435,304795,624230
100,2068,319435,304795,624230
0,2068,292237,275533,567770
1,2068,292258,275489,567747
2,2068,292255,275489,567744
3,2068,292520,275565,568085
4,2068,292646,275922,568568
5,2068,290941,274761,565702
6,2068,291650,275540,567190
7,2068,291571,275602,567173
8,2068,290150,274568,564718
9,2068,292443,275886,568329
10,2068,291915,275595,567510
11,2068,292561,275926,568487
12,2068,293011,276402,569413
13,2068,293947,275772,569719
14,2068,294479,275523,570002
15,2068,297722,275788,573510
16,2068,296132,275359,571491
17,2068,303346,276680,580026
18,2068,304374,277451,581825
19,2068,307952,279352,587304
20,2068,309700,280525,590225
21,2068,308980,280464,589444
22,2068,309470,280601,590071
23,2068,309775,280616,590391
24,2068,309777,280616,590393
25,2068,309777,280616,590393
26,2068,309777,280616,590393
27,2068,309777,280616,590393
28,2068,309777,280616,590393
29,2068,309777,280616,590393
30,2068,309777,280616,590393
31,2068,309777,280616,590393
32,2068,309777,280616,590393
33,2068,309777,280616,590393
34,2068,309777,280616,590393
35,2068,309777,280616,590393
36,2068,309777,280616,590393
37,2068,309777,280616,590393
38,2068,309777,280616,590393
39,2068,309777,280616,590393
40,2068,309777,280616,590393
41,2068,310522,280709,591231
42,2068,310522,280709,591231
43,2068,310522,280709,591231
44,2068,310523,280709,591232
45,2068,310523,280709,591232
46,2068,310523,280709,591232
47,2068,310523,280709,591232
48,2068,310523,280709,591232
49,2068,310523,280709,591232
50,2068,310523,280709,591232
51,2068,310523,280709,591232
52,2068,310523,280709,591232
53,2068,310523,280709,591232
54,2068,310523,280709,591232
55,2068,310523,280709,591232
56,2068,310523,280709,591232
57,2068,310523,280709,591232
58,2068,310523,280709,591232
59,2068,310523,280709,591232
60,2068,310523,280709,591232
61,2068,310494,280709,591203
62,2068,310481,280709,591190
63,2068,310622,280709,591331
64,2068,310711,280709,591420
65,2068,310728,280709,591437
66,2068,310677,280709,591386
67,2068,310677,280709,591386
68,2068,310677,280709,591386
69,2068,310602,280709,591311
70,2068,310576,280709,591285
71,2068,310117,280695,590812
72,2068,310481,280719,591200
73,2068,310143,280719,590862
74,2068,310143,280719,590862
75,2068,310143,280719,590862
76,2068,310143,280719,590862
77,2068,310143,280719,590862
78,2068,319280,304872,624152
79,2068,317218,306403,623621
80,2068,318885,305538,624423
81,2068,315816,304901,620717
82,2068,315816,304901,620717
83,2068,315816,304901,620717
84,2068,315816,304901,620717
85,2068,315816,304901,620717
86,2068,315816,304901,620717
87,2068,315816,304901,620717
88,2068,315816,304901,620717
89,2068,315816,304901,620717
90,2068,315816,304901,620717
91,2068,315816,304901,620717
92,2068,315816,304901,620717
93,2068,315816,304901,620717
94,2068,315816,304901,620717
95,2068,315816,304901,620717
96,2068,315816,304901,620717
97,2068,315816,304901,620717
98,2068,315816,304901,620717
99,2068,315816,304901,620717
100,2068,315816,304901,620717
0,2068,292050,274642,566692
1,2068,291992,274566,566558
2,2068,292049,274566,566615
3,2068,292288,275393,567681
4,2068,292350,275433,567783
5,2068,291665,275418,567083
6,2068,292616,275683,568299
7,2068,292591,275714,568305
8,2068,289388,272724,562112
9,2068,292120,275796,567916
10,2068,292494,275697,568191
11,2068,292571,276455,569026
12,2068,292461,275605,568066
13,2068,293891,275625,569516
14,2068,294576,275565,570141
15,2068,296947,275357,572304
16,2068,296197,275623,571820
17,2068,302139,276579,578718
18,2068,304368,277408,581776
19,2068,309074,279536,588610
20,2068,308796,280425,589221
21,2068,308818,280514,589332
22,2068,309431,280601,590032
23,2068,309749,280616,590365
24,2068,309751,280616,590367
25,2068,309751,280616,590367
26,2068,309751,280616,590367
27,2068,309751,280616,590367
28,2068,309751,280616,590367
29,2068,309751,280616,590367
30,2068,309751,280616,590367
31,2068,309751,280616,590367
32,2068,309751,280616,590367
33,2068,309751,280616,590367
34,2068,309751,280616,590367
35,2068,309751,280616,590367
36,2068,309751,280616,590367
37,2068,309751,280616,590367
38,2068,309751,280616,590367
39,2068,309751,280616,590367
40,2068,309751,280616,590367
41,2068,310523,280709,591232
42,2068,310523,280709,591232
43,2068,310523,280709,591232
44,2068,310523,280709,591232
45,2068,310523,280709,591232
46,2068,310523,280709,591232
47,2068,310523,280709,591232
48,2068,310523,280709,591232
49,2068,310523,280709,591232
50,2068,310523,280709,591232
51,2068,310523,280709,591232
52,2068,310523,280709,591232
53,2068,310523,280709,591232
54,2068,310523,280709,591232
55,2068,310523,280709,591232
56,2068,310523,280709,591232
57,2068,310523,280709,591232
58,2068,310523,280709,591232
59,2068,310523,280709,591232
60,2068,310523,280709,591232
61,2068,310502,280709,591211
62,2068,310533,280709,591242
63,2068,310629,280709,591338
64,2068,310711,280709,591420
65,2068,310748,280709,591457
66,2068,310677,280709,591386
67,2068,310677,280709,591386
68,2068,310677,280709,591386
69,2068,310602,280709,591311
70,2068,310576,280709,591285
71,2068,310117,280695,590812
72,2068,310465,280709,591174
73,2068,310117,280719,590836
74,2068,310117,280719,590836
75,2068,310117,280719,590836
76,2068,310117,280719,590836
77,2068,310117,280719,590836
78,2068,317018,305496,622514
79,2068,319763,304916,624679
80,2068,316558,305659,622217
81,2068,315093,304229,619322
82,2068,315093,304229,619322
83,2068,315093,304229,619322
84,2068,315093,304229,619322
85,2068,315093,304229,619322
86,2068,315093,304229,619322
87,2068,315093,304229,619322
88,2068,315093,304229,619322
89,2068,315093,304229,619322
90,2068,315093,304229,619322
91,2068,315093,304229,619322
92,2068,315093,304229,619322
93,2068,315093,304229,619322
94,2068,315093,304229,619322
95,2068,315093,304229,619322
96,2068,315093,304229,619322
97,2068,315093,304229,619322
98,2068,315093,304229,619322
99,2068,315093,304229,619322
100,2068,315093,304229,619322
0,2068,292467,275809,568276
1,2068,292460,275777,568237
2,2068,292457,275777,568234
3,2068,292245,275154,567399
4,2068,292274,275644,567918
5,2068,292620,276606,569226
6,2068,292731,276392,569123
7,2068,292547,276434,568981
8,2068,290424,273014,563438
9,2068,292125,275680,567805
10,2068,292649,276206,568855
11,2068,291627,275325,566952
12,2068,292214,276093,568307
13,2068,294275,275933,570208
14,2068,294898,275677,570575
15,2068,296696,275498,572194
16,2068,296083,275608,571691
17,2068,302392,276114,578506
18,2068,304800,277408,582208
19,2068,308341,280112,588453
20,2068,308246,280444,588690
21,2068,308721,280514,589235
22,2068,309400,280616,590016
23,2068,309775,280616,590391
24,2068,309777,280616,590393
25,2068,309777,280616,590393
26,2068,309777,280616,590393
27,2068,309777,280616,590393
28,2068,309777,280616,590393
29,2068,309777,280616,590393
30,2068,309777,280616,590393
31,2068,309777,280616,590393
32,2068,309777,280616,590393
33,2068,309777,280616,590393
34,2068,309777,280616,590393
35,2068,309777,280616,590393
36,2068,309777,280616,590393
37,2068,309751,280616,590367
38,2068,309751,280616,590367
39,2068,309751,280616,590367
40,2068,309751,280616,590367
41,2068,310523,280709,591232
42,2068,310523,280709,591232
43,2068,310523,280709,591232
44,2068,310523,280709,591232
45,2068,310523,280709,591232
46,2068,310523,280709,591232
47,2068,310523,280709,591232
48,2068,310523,280709,591232
49,2068,310523,280709,591232
50,2068,310523,280709,591232
51,2068,310523,280709,591232
52,2068,310523,280709,591232
53,2068,310523,280709,591232
54,2068,310523,280709,591232
55,2068,310523,280709,591232
56,2068,310523,280709,591232
57,2068,310523,280709,591232
58,2068,310523,280709,591232
59,2068,310523,280709,591232
60,2068,310523,280709,591232
61,2068,310502,280709,591211
62,2068,310490,280709,591199
63,2068,310629,280709,591338
64,2068,310711,280709,591420
65,2068,310728,280709,591437
66,2068,310677,280709,591386
67,2068,310677,280709,591386
68,2068,310677,280709,591386
69,2068,310609,280709,591318
70,2068,310583,280709,591292
71,2068,310117,280695,590812
72,2068,310465,280709,591174
73,2068,310117,280695,590812
74,2068,310117,280695,590812
75,2068,310117,280695,590812
76,2068,310117,280695,590812
77,2068,310117,280695,590812
78,2068,315589,306728,622317
79,2068,317850,304290,622140
80,2068,315286,304700,619986
81,2068,313486,303270,616756
82,2068,313486,303270,616756
83,2068,313486,303270,616756
84,2068,313486,303270,616756
85,2068,313486,303270,616756
86,2068,313486,303270,616756
87,2068,313486,303270,616756
88,2068,313486,303270,616756
89,2068,313486,303270,616756
90,2068,313486,303270,616756
91,2068,313486,303270,616756
92,2068,313486,303270,616756
93,2068,313486,303270,616756
94,2068,313486,303270,616756
95,2068,313486,303270,616756
96,2068,313486,303270,616756
97,2068,313486,303270,616756
98,2068,313486,303270,616756
99,2068,313486,303270,616756
100,2068,313486,303270,616756
0,2068,292071,275839,567910
1,2068,292089,275900,567989
2,2068,292086,275900,567986
3,2068,292381,275949,568330
4,2068,292447,276194,568641
5,2068,291076,274117,565193
6,2068,291032,274854,565886
7,2068,290997,274886,565883
8,2068,291455,273560,565015
9,2068,292220,275875,568095
10,2068,291207,275214,566421
11,2068,291288,275553,566841
12,2068,293021,276358,569379
13,2068,294152,276089,570241
14,2068,295132,275773,570905
15,2068,295672,275405,571077
16,2068,296009,275276,571285
17,2068,303498,276207,579705
18,2068,304580,277399,581979
19,2068,307593,280366,587959
20,2068,308648,280447,589095
21,2068,309185,280529,589714
22,2068,309411,280647,590058
23,2068,309775,280616,590391
24,2068,309777,280624,590401
25,2068,309777,280624,590401
26,2068,309777,280624,590401
27,2068,309777,280624,590401
28,2068,309777,280624,590401
29,2068,309777,280624,590401
30,2068,309777,280624,590401
31,2068,309777,280624,590401
32,2068,309777,280624,590401
33,2068,309777,280624,590401
34,2068,309777,280624,590401
35,2068,309777,280624,590401
36,2068,309777,280624,590401
37,2068,309777,280616,590393
38,2068,309777,280616,590393
39,2068,309777,280616,590393
40,2068,309777,280616,590393
41,2068,310523,280709,591232
42,2068,310523,280709,591232
43,2068,310523,280709,591232
44,2068,310523,280709,591232
45,2068,310523,280709,591232
46,2068,310523,280709,591232
47,2068,310523,280709,591232
48,2068,310523,280709,591232
49,2068,310523,280709,591232
50,2068,310523,280709,591232
51,2068,310523,280709,591232
52,2068,310523,280709,591232
53,2068,310523,280709,591232
54,2068,310523,280709,591232
55,2068,310523,280709,591232
56,2068,310523,280709,591232
57,2068,310523,280709,591232
58,2068,310523,280709,591232
59,2068,310523,280709,591232
60,2068,310523,280709,591232
61,2068,310502,280709,591211
62,2068,310482,280709,591191
63,2068,310622,280709,591331
64,2068,310711,280709,591420
65,2068,310776,280709,591485
66,2068,310677,280709,591386
67,2068,310677,280709,591386
68,2068,310677,280709,591386
69,2068,310609,280709,591318
70,2068,310583,280709,591292
71,2068,310117,280695,590812
72,2068,310465,280709,591174
73,2068,310117,280695,590812
74,2068,310117,280695,590812
75,2068,310117,280695,590812
76,2068,310117,280695,590812
77,2068,310117,280695,590812
78,2068,319253,303696,622949
79,2068,314882,303302,618184
80,2068,314483,304209,618692
81,2068,313400,302807,616207
82,2068,313400,302807,616207
83,2068,313400,302807,616207
84,2068,313400,302807,616207
85,2068,313400,302807,616207
86,2068,313400,302807,616207
87,2068,313400,302807,616207
88,2068,313400,302807,616207
89,2068,313400,302807,616207
90,2068,313400,302807,616207
91,2068,313400,302807,616207
92,2068,313400,302807,616207
93,2068,313400,302807,616207
94,2068,313400,302807,616207
95,2068,313400,302807,616207
96,2068,313400,302807,616207
97,2068,313400,302807,616207
98,2068,313400,302807,616207
99,2068,313400,302807,616207
100,2068,313400,302807,616207
0,2068,291929,276118,568047
1,2068,292050,276184,568234
2,2068,292024,276184,568208
3,2068,292099,275673,567772
4,2068,291120,275219,566339
5,2068,290898,274381,565279
6,2068,290201,274869,565070
7,2068,289966,274416,564382
8,2068,293136,274868,568004
9,2068,292151,275983,568134
10,2068,291191,275417,566608
11,2068,292570,276264,568834
12,2068,292503,275712,568215
13,2068,293667,275662,569329
14,2068,296166,275731,571897
15,2068,295497,275115,570612
16,2068,296079,275458,571537
17,2068,303229,276582,579811
18,2068,304477,277399,581876
19,2068,306568,280199,586767
20,2068,308456,280490,588946
21,2068,309412,280464,589876
22,2068,309419,280647,590066
23,2068,309775,280624,590399
24,2068,309777,280624,590401
25,2068,309777,280624,590401
26,2068,309777,280624,590401
27,2068,309777,280624,590401
28,2068,309777,280624,590401
29,2068,309777,280624,590401
30,2068,309777,280624,590401
31,2068,309777,280624,590401
32,2068,309777,280624,590401
33,2068,309777,280624,590401
34,2068,309777,280624,590401
35,2068,309777,280624,590401
36,2068,309777,280624,590401
37,2068,309777,280624,590401
38,2068,309777,280624,590401
39,2068,309777,280624,590401
40,2068,309777,280624,590401
41,2068,310523,280709,591232
42,2068,310523,280709,591232
43,2068,310523,280709,591232
44,2068,310523,280709,591232
45,2068,310523,280709,591232
46,2068,310523,280709,591232
47,2068,310523,280709,591232
48,2068,310523,280709,591232
49,2068,310523,280709,591232
50,2068,310523,280709,591232
51,2068,310523,280709,591232
52,2068,310523,280709,591232
53,2068,310523,280709,591232
54,2068,310523,280709,591232
55,2068,310523,280709,591232
56,2068,310523,280709,591232
57,2068,310523,280709,591232
58,2068,310523,280709,591232
59,2068,310523,280709,591232
60,2068,310523,280709,591232
61,2068,310502,280709,591211
62,2068,310542,280709,591251
63,2068,310622,280709,591331
64,2068,310711,280709,591420
65,2068,310776,280709,591485
66,2068,310677,280709,591386
67,2068,310677,280709,591386
68,2068,310677,280709,591386
69,2068,310609,280709,591318
70,2068,310583,280709,591292
71,2068,310117,280695,590812
72,2068,310465,280709,591174
73,2068,310117,280695,590812
74,2068,310117,280695,590812
75,2068,310117,280695,590812
76,2068,310117,280695,590812
77,2068,310117,280695,590812
78,2068,315391,302409,617800
79,2068,313281,301886,615167
80,2068,313582,303403,616985
81,2068,313300,302781,616081
82,2068,313300,302781,616081
83,2068,313300,302781,616081
84,2068,313300,302781,616081
85,2068,313300,302781,616081
86,2068,313300,302781,616081
87,2068,313300,302781,616081
88,2068,313300,302781,616081
89,2068,313300,302781,616081
90,2068,313300,302781,616081
91,2068,313300,302781,616081
92,2068,313300,302781,616081
93,2068,313300,302781,616081
94,2068,313300,302781,616081
95,2068,313300,302781,616081
96,2068,313300,302781,616081
97,2068,313300,302781,616081
98,2068,313300,302781,616081
99,2068,313300,302781,616081
100,2068,313300,302781,616081
0,2068,290678,274865,565543
1,2068,290646,274600,565246
2,2068,290646,274600,565246
3,2068,292028,275935,567963
4,2068,290806,274931,565737
5,2068,291693,275335,567028
6,2068,289512,272972,562484
7,2068,289426,272773,562199
8,2068,292970,275895,568865
9,2068,292042,275514,567556
10,2068,292198,275741,567939
11,2068,291715,275941,567656
12,2068,292280,275815,568095
13,2068,293958,275737,569695
14,2068,295390,275951,571341
15,2068,295576,275625,571201
16,2068,296316,275830,572146
17,2068,302965,276281,579246
18,2068,304630,277408,582038
19,2068,305272,279385,584657
20,2068,308843,280475,589318
21,2068,308966,280464,589430
22,2068,309419,280616,590035
23,2068,309775,280616,590391
24,2068,309777,280616,590393
25,2068,309777,280616,590393
26,2068,309777,280616,590393
27,2068,309777,280616,590393
28,2068,309777,280616,590393
29,2068,309777,280616,590393
30,2068,309777,280616,590393
31,2068,309777,280616,590393
32,2068,309777,280616,590393
33,2068,309777,280616,590393
34,2068,309777,280616,590393
35,2068,309777,280616,590393
36,2068,309777,280616,590393
37,2068,309777,280616,590393
38,2068,309777,280616,590393
39,2068,309777,280616,590393
40,2068,309777,280616,590393
41,2068,310523,280709,591232
42,2068,310523,280709,591232
43,2068,310523,280709,591232
44,2068,310523,280709,591232
45,2068,310523,280709,591232
46,2068,310523,280709,591232
47,2068,310523,280709,591232
48,2068,310523,280709,591232
49,2068,310523,280709,591232
50,2068,310523,280709,591232
51,2068,310523,280709,591232
52,2068,310523,280709,591232
53,2068,310523,280709,591232
54,2068,310523,280709,591232
55,2068,310523,280709,591232
56,2068,310523,280709,591232
57,2068,310523,280709,591232
58,2068,310523,280709,591232
59,2068,310523,280709,591232
60,2068,310523,280709,591232
61,2068,310502,280709,591211
62,2068,310490,280709,591199
63,2068,310629,280709,591338
64,2068,310711,280709,591420
65,2068,310776,280709,591485
66,2068,310677,280709,591386
67,2068,310677,280709,591386
68,2068,310677,280709,591386
69,2068,310609,280709,591318
70,2068,310583,280709,591292
71,2068,310117,280695,590812
72,2068,310465,280709,591174
73,2068,310117,280695,590812
74,2068,310117,280695,590812
75,2068,310117,280695,590812
76,2068,310117,280695,590812
77,2068,310117,280695,590812
78,2068,314163,302133,616296
79,2068,313574,301568,615142
80,2068,313325,302887,616212
81,2068,314143,304623,618766
82,2068,314143,304623,618766
83,2068,314143,304623,618766
84,2068,314143,304623,618766
85,2068,314143,304623,618766
86,2068,314143,304623,618766
87,2068,314143,304623,618766
88,2068,314143,304623,618766
89,2068,314143,304623,618766
90,2068,314143,304623,618766
91,2068,314143,304623,618766
92,2068,314143,304623,618766
93,2068,314143,304623,618766
94,2068,314143,304623,618766
95,2068,314143,304623,618766
96,2068,314143,304623,618766
97,2068,314143,304623,618766
98,2068,314143,304623,618766
99,2068,314143,304623,618766
100,2068,314143,304623,618766
0,2068,289630,273527,563157
1,2068,289084,272978,562062
2,2068,289096,272978,562074
3,2068,291944,275546,567490
4,2068,290744,274239,564983
5,2068,292628,276596,569224
6,2068,290215,273130,563345
7,2068,290379,273170,563549
8,2068,292789,275868,568657
9,2068,292007,275599,567606
10,2068,292516,276305,568821
11,2068,291831,275642,567473
12,2068,293193,276213,569406
13,2068,294133,275848,569981
14,2068,294756,275557,570313
15,2068,295875,275849,571724
16,2068,296104,275804,571908
17,2068,302976,276373,579349
18,2068,304434,277399,581833
19,2068,305026,279291,584317
20,2068,308802,280475,589277
21,2068,308820,280514,589334
22,2068,309407,280616,590023
23,2068,309775,280624,590399
24,2068,309777,280624,590401
25,2068,309777,280624,590401
26,2068,309777,280624,590401
27,2068,309777,280624,590401
28,2068,309777,280624,590401
29,2068,309777,280624,590401
30,2068,309777,280624,590401
31,2068,309777,280624,590401
32,2068,309777,280624,590401
33,2068,309777,280624,590401
34,2068,309777,280624,590401
35,2068,309777,280624,590401
36,2068,309777,280624,590401
37,2068,309777,280616,590393
38,2068,309777,280616,590393
39,2068,309777,280616,590393
40,2068,309777,280616,590393
41,2068,310523,280709,591232
42,2068,310523,280709,591232
43,2068,310523,280709,591232
44,2068,310523,280709,591232
45,2068,310523,280709,591232
46,2068,310523,280709,591232
47,2068,310523,280709,591232
48,2068,310523,280709,591232
49,2068,310523,280709,591232
50,2068,310523,280709,591232
51,2068,310523,280709,591232
52,2068,310523,280709,591232
53,2068,310523,280709,591232
54,2068,310523,280709,591232
55,2068,310523,280709,591232
56,2068,310523,280709,591232
57,2068,310523,280709,591232
58,2068,310523,280709,591232
59,2068,310523,280709,591232
60,2068,310523,280709,591232
61,2068,310502,280709,591211
62,2068,310482,280709,591191
63,2068,310629,280709,591338
64,2068,310711,280709,591420
65,2068,310776,280709,591485
66,2068,310677,280709,591386
67,2068,310677,280709,591386
68,2068,310677,280709,591386
69,2068,310609,280709,591318
70,2068,310583,280709,591292
71,2068,310117,280695,590812
72,2068,310465,280709,591174
73,2068,310117,280695,590812
74,2068,310117,280695,590812
75,2068,310117,280695,590812
76,2068,310117,280695,590812
77,2068,310117,280695,590812
78,2068,312824,302255,615079
79,2068,312361,301855,614216
80,2068,313545,304204,617749
81,2068,315175,307024,622199
82,2068,315175,307024,622199
83,2068,315175,307024,622199
84,2068,315175,307024,622199
85,2068,315175,307024,622199
86,2068,315175,307024,622199
87,2068,315175,307024,622199
88,2068,315175,307024,622199
89,2068,315175,307024,622199
90,2068,315175,307024,622199
91,2068,315175,307024,622199
92,2068,315175,307024,622199
93,2068,315175,307024,622199
94,2068,315175,307024,622199
95,2068,315175,307024,622199
96,2068,315175,307024,622199
97,2068,315175,307024,622199
98,2068,315175,307024,622199
99,2068,315175,307024,622199
100,2068,315175,307024,622199
0,2068,289931,272729,562660
1,2068,289934,272911,562845
2,2068,289982,272952,562934
3,2068,292195,275576,567771
4,2068,291187,274432,565619
5,2068,291032,274005,565037
6,2068,290574,273727,564301
7,2068,291554,273847,565401
8,2068,292191,275275,567466
9,2068,292300,275900,568200
10,2068,291218,275119,566337
11,2068,292350,275661,568011
12,2068,292533,276111,568644
13,2068,294243,276045,570288
14,2068,294509,275322,569831
15,2068,295696,275954,571650
16,2068,295745,275365,571110
17,2068,302787,276624,579411
18,2068,304700,277408,582108
19,2068,305830,279172,585002
20,2068,308798,280475,589273
21,2068,308721,280514,589235
22,2068,309400,280616,590016
23,2068,309775,280624,590399
24,2068,309777,280624,590401
25,2068,309777,280624,590401
26,2068,309777,280624,590401
27,2068,309777,280624,590401
28,2068,309777,280624,590401
29,2068,309777,280624,590401
30,2068,309777,280624,590401
31,2068,309777,280624,590401
32,2068,309777,280624,590401
33,2068,309777,280624,590401
34,2068,309777,280624,590401
35,2068,309777,280624,590401
36,2068,309777,280624,590401
37,2068,309777,280624,590401
38,2068,309777,280624,590401
39,2068,309777,280624,590401
40,2068,309777,280624,590401
41,2068,310523,280709,591232
42,2068,310523,280709,591232
43,2068,310523,280709,591232
44,2068,310523,280709,591232
45,2068,310523,280709,591232
46,2068,310523,280709,591232
47,2068,310523,280709,591232
48,2068,310523,280709,591232
49,2068,310523,280709,591232
50,2068,310523,280709,591232
51,2068,310523,280709,591232
52,2068,310523,280709,591232
53,2068,310523,280709,591232
54,2068,310523,280709,591232
55,2068,310523,280709,591232
56,2068,310523,280709,591232
57,2068,310523,280709,591232
58,2068,310523,280709,591232
59,2068,310523,280709,591232
60,2068,310523,280709,591232
61,2068,310502,280709,591211
62,2068,310542,280709,591251
63,2068,310622,280709,591331
64,2068,310711,280709,591420
65,2068,310776,280709,591485
66,2068,310677,280709,591386
67,2068,310677,280709,591386
68,2068,310677,280709,591386
69,2068,310609,280709,591318
70,2068,310583,280709,591292
71,2068,310117,280695,590812
72,2068,310465,280709,591174
73,2068,310117,280695,590812
74,2068,310117,280695,590812
75,2068,310117,280695,590812
76,2068,310117,280695,590812
77,2068,310117,280695,590812
78,2068,314312,303031,617343
79,2068,314087,303226,617313
80,2068,313783,305497,619280
81,2068,319234,305827,625061
82,2068,319234,305827,625061
83,2068,319234,305827,625061
84,2068,319234,305827,625061
85,2068,319234,305827,625061
86,2068,319234,305827,625061
87,2068,319234,305827,625061
88,2068,319234,305827,625061
89,2068,319234,305827,625061
90,2068,319234,305827,625061
91,2068,319234,305827,625061
92,2068,319234,305827,625061
93,2068,319234,305827,625061
94,2068,319234,305827,625061
95,2068,319234,305827,625061
96,2068,319234,305827,625061
97,2068,319234,305827,625061
98,2068,319234,305827,625061
99,2068,319234,305827,625061
100,2068,319234,305827,625061
0,2068,290389,273324,563713
1,2068,290357,273423,563780
2,2068,290327,273499,563826
3,2068,292216,275829,568045
4,2068,292652,275969,568621
5,2068,290429,274160,564589
6,2068,291995,274742,566737
7,2068,293131,275594,568725
8,2068,292310,275603,567913
9,2068,292239,275895,568134
10,2068,291305,275231,566536
11,2068,292658,276470,569128
12,2068,291894,275712,567606
13,2068,293818,275668,569486
14,2068,294959,275664,570623
15,2068,295329,275541,570870
16,2068,296065,275365,571430
17,2068,302452,276309,578761
18,2068,304434,277399,581833
19,2068,307640,279219,586859
20,2068,308797,280475,589272
21,2068,309191,280529,589720
22,2068,309411,280647,590058
23,2068,309775,280624,590399
24,2068,309777,280624,590401
25,2068,309777,280624,590401
26,2068,309777,280624,590401
27,2068,309777,280624,590401
28,2068,309777,280624,590401
29,2068,309777,280624,590401
30,2068,309777,280624,590401
31,2068,309777,280624,590401
32,2068,309777,280624,590401
33,2068,309777,280624,590401
34,2068,309777,280624,590401
35,2068,309777,280624,590401
36,2068,309777,280624,590401
37,2068,309777,280624,590401
38,2068,309777,280624,590401
39,2068,309777,280624,590401
40,2068,309777,280624,590401
41,2068,310523,280709,591232
42,2068,310523,280709,591232
43,2068,310523,280709,591232
44,2068,310523,280709,591232
45,2068,310523,280709,591232
46,2068,310523,280709,591232
47,2068,310523,280709,591232
48,2068,310523,280709,591232
49,2068,310523,280709,591232
50,2068,310523,280709,591232
51,2068,310523,280709,591232
52,2068,310523,280709,591232
53,2068,310523,280709,591232
54,2068,310523,280709,591232
55,2068,310523,280709,591232
56,2068,310523,280709,591232
57,2068,310523,280709,591232
58,2068,310523,280709,591232
59,2068,310523,280709,591232
60,2068,310523,280709,591232
61,2068,310502,280709,591211
62,2068,310490,280709,591199
63,2068,310622,280709,591331
64,2068,310711,280709,591420
65,2068,310776,280709,591485
66,2068,310677,280709,591386
67,2068,310677,280709,591386
68,2068,310677,280709,591386
69,2068,310609,280709,591318
70,2068,310583,280709,591292
71,2068,310117,280695,590812
72,2068,310465,280709,591174
73,2068,310117,280695,590812
74,2068,310117,280695,590812
75,2068,310117,280695,590812
76,2068,310117,280695,590812
77,2068,310117,280695,590812
78,2068,314565,303350,617915
79,2068,315463,303836,619299
80,2068,315597,307591,623188
81,2068,318475,306338,624813
82,2068,318475,306338,624813
83,2068,318475,306338,624813
84,2068,318475,306338,624813
85,2068,318475,306338,624813
86,2068,318475,306338,624813
87,2068,318475,306338,624813
88,2068,318475,306338,624813
89,2068,318475,306338,624813
90,2068,318475,306338,624813
91,2068,318475,306338,624813
92,2068,318475,306338,624813
93,2068,318475,306338,624813
94,2068,318475,306338,624813
95,2068,318475,306338,624813
96,2068,318475,306338,624813
97,2068,318475,306338,624813
98,2068,318475,306338,624813
99,2068,318475,306338,624813
100,2068,318475,306338,624813
0,2068,291577,274118,565695
1,2068,291704,274059,565763
2,2068,291728,274070,565798
3,2068,292172,275866,568038
4,2068,292520,275795,568315
5,2068,290894,274103,564997
6,2068,293029,275653,568682
7,2068,293002,275585,568587
8,2068,292514,276161,568675
9,2068,292060,275434,567494
10,2068,292373,275869,568242
11,2068,291521,275321,566842
12,2068,292700,275905,568605
13,2068,293942,275538,569480
14,2068,295205,275997,571202
15,2068,296250,275426,571676
16,2068,296330,275907,572237
17,2068,302651,276235,578886
18,2068,304622,277408,582030
19,2068,308470,279310,587780
20,2068,308804,280475,589279
21,2068,309404,280464,589868
22,2068,309411,280647,590058
23,2068,309775,280624,590399
24,2068,309777,280624,590401
25,2068,309777,280624,590401
26,2068,309777,280624,590401
27,2068,309777,280624,590401
28,2068,309777,280624,590401
29,2068,309777,280624,590401
30,2068,309777,280624,590401
31,2068,309777,280624,590401
32,2068,309777,280624,590401
33,2068,309777,280624,590401
34,2068,309777,280624,590401
35,2068,309777,280624,590401
36,2068,309777,280624,590401
37,2068,309777,280624,590401
38,2068,309777,280624,590401
39,2068,309777,280624,590401
40,2068,309777,280624,590401
41,2068,310523,280709,591232
42,2068,310523,280709,591232
43,2068,310523,280709,591232
44,2068,310523,280709,591232
45,2068,310523,280709,591232
46,2068,310523,280709,591232
47,2068,310523,280709,591232
48,2068,310523,280709,591232
49,2068,310523,280709,591232
50,2068,310523,280709,591232
51,2068,310523,280709,591232
52,2068,310523,280709,591232
53,2068,310523,280709,591232
54,2068,310523,280709,591232
55,2068,310523,280709,591232
56,2068,310523,280709,591232
57,2068,310523,280709,591232
58,2068,310523,280709,591232
59,2068,310523,280709,591232
60,2068,310523,280709,591232
61,2068,310502,280709,591211
62,2068,310482,280709,591191
63,2068,310629,280709,591338
64,2068,310711,280709,591420
65,2068,310776,280709,591485
66,2068,310677,280709,591386
67,2068,310677,280709,591386
68,2068,310677,280709,591386
69,2068,310609,280709,591318
70,2068,310583,280709,591292
71,2068,310117,280695,590812
72,2068,310465,280709,591174
73,2068,310117,280695,590812
74,2068,310117,280695,590812
75,2068,310117,280695,590812
76,2068,310117,280695,590812
77,2068,310117,280695,590812
78,2068,314748,304905,619653
79,2068,315681,305040,620721
80,2068,320100,305595,625695
81,2068,319150,304796,623946
82,2068,319150,304796,623946
83,2068,319150,304796,623946
84,2068,319150,304796,623946
85,2068,319150,304796,623946
86,2068,319150,304796,623946
87,2068,319150,304796,623946
88,2068,319150,304796,623946
89,2068,319150,304796,623946
90,2068,319150,304796,623946
91,2068,319150,304796,623946
92,2068,319150,304796,623946
93,2068,319150,304796,623946
94,2068,319150,304796,623946
95,2068,319150,304796,623946
96,2068,319150,304796,623946
97,2068,319150,304796,623946
98,2068,319150,304796,623946
99,2068,319150,304796,623946
100,2068,319150,304796,623946
0,2068,292691,275252,567943
1,2068,292737,275408,568145
2,2068,292737,275396,568133
3,2068,291909,275660,567569
4,2068,292434,275675,568109
5,2068,292224,276129,568353
6,2068,292989,275830,568819
7,2068,292884,275778,568662
8,2068,291224,275620,566844
9,2068,291990,275557,567547
10,2068,292433,276415,568848
11,2068,291391,275660,567051
12,2068,293221,276798,570019
13,2068,294261,275802,570063
14,2068,297791,275834,573625
15,2068,295951,275686,571637
16,2068,296030,275683,571713
17,2068,302367,276387,578754
18,2068,304434,277399,581833
19,2068,309346,279536,588882
20,2068,308804,280475,589279
21,2068,308966,280464,589430
22,2068,309411,280616,590027
23,2068,309775,280624,590399
24,2068,309777,280624,590401
25,2068,309777,280624,590401
26,2068,309777,280624,590401
27,2068,309777,280624,590401
28,2068,309777,280624,590401
29,2068,309777,280624,590401
30,2068,309777,280624,590401
31,2068,309777,280624,590401
32,2068,309777,280624,590401
33,2068,309777,280624,590401
34,2068,309777,280624,590401
35,2068,309777,280624,590401
36,2068,309777,280624,590401
37,2068,309777,280624,590401
38,2068,309777,280624,590401
39,2068,309777,280624,590401
40,2068,309777,280624,590401
41,2068,310523,280709,591232
42,2068,310523,280709,591232
43,2068,310523,280709,591232
44,2068,310523,280709,591232
45,2068,310523,280709,591232
46,2068,310523,280709,591232
47,2068,310523,280709,591232
48,2068,310523,280709,591232
49,2068,310523,280709,591232
50,2068,310523,280709,591232
51,2068,310523,280709,591232
52,2068,310523,280709,591232
53,2068,310523,280709,591232
54,2068,310523,280709,591232
55,2068,310523,280709,591232
56,2068,310523,280709,591232
57,2068,310523,280709,591232
58,2068,310523,280709,591232
59,2068,310523,280709,591232
60,2068,310523,280709,591232
61,2068,310502,280709,591211
62,2068,310542,280709,591251
63,2068,310629,280709,591338
64,2068,310711,280709,591420
65,2068,310776,280709,591485
66,2068,310677,280709,591386
67,2068,310677,280709,591386
68,2068,310677,280709,591386
69,2068,310609,280709,591318
70,2068,310583,280709,591292
71,2068,310117,280695,590812
72,2068,310465,280709,591174
73,2068,310117,280695,590812
74,2068,310117,280695,590812
75,2068,310117,280695,590812
76,2068,310117,280695,590812
77,2068,310117,280695,590812
78,2068,315901,306651,622552
79,2068,316557,307162,623719
80,2068,319112,306085,625197
81,2068,317302,305907,623209
82,2068,317302,305907,623209
83,2068,317302,305907,623209
84,2068,317302,305907,623209
85,2068,317302,305907,623209
86,2068,317302,305907,623209
87,2068,317302,305907,623209
88,2068,317302,305907,623209
89,2068,317302,305907,623209
90,2068,317302,305907,623209
91,2068,317302,305907,623209
92,2068,317302,305907,623209
93,2068,317302,305907,623209
94,2068,317302,305907,623209
95,2068,317302,305907,623209
96,2068,317302,305907,623209
97,2068,317302,305907,623209
98,2068,317302,305907,623209
99,2068,317302,305907,623209
100,2068,317302,305907,623209
0,2069,292160,275407,567567
1,2069,292160,275407,567567
2,2069,292156,275407,567563
3,2069,292317,275433,567750
4,2069,292459,275435,567894
5,2069,292604,275460,568064
6,2069,292715,275538,568253
7,2069,292699,275529,568228
8,2069,292688,275503,568191
9,2069,292689,275485,568174
10,2069,292704,275551,568255
11,2069,292828,275972,568800
12,2069,293342,276256,569598
13,2069,293719,276375,570094
14,2069,293758,276281,570039
15,2069,293823,276272,570095
16,2069,294123,276355,570478
17,2069,294561,276410,570971
18,2069,295789,276733,572522
19,2069,296731,278188,574919
20,2069,296795,278225,575020
21,2069,296833,278284,575117
22,2069,296862,278532,575394
23,2069,296890,278545,575435
24,2069,296890,278545,575435
25,2069,296890,278545,575435
26,2069,296890,278545,575435
27,2069,296890,278545,575435
28,2069,296890,278545,575435
29,2069,296890,278545,575435
30,2069,296890,278545,575435
31,2069,296890,278545,575435
32,2069,296890,278545,575435
33,2069,296890,278545,575435
34,2069,296890,278545,575435
35,2069,296890,278545,575435
36,2069,296890,278545,575435
37,2069,296890,278545,575435
38,2069,296890,278545,575435
39,2069,296890,278545,575435
40,2069,296890,278545,575435
41,2069,296890,278545,575435
42,2069,296890,278545,575435
43,2069,296890,278545,575435
44,2069,296890,278545,575435
45,2069,296890,278545,575435
46,2069,296881,278545,575426
47,2069,296873,278545,575418
48,2069,296873,278545,575418
49,2069,296873,278545,575418
50,2069,296873,278545,575418
51,2069,296873,278595,575468
52,2069,296873,278595,575468
53,2069,296873,278595,575468
54,2069,296873,278595,575468
55,2069,296873,278595,575468
56,2069,296873,278595,575468
57,2069,296873,278595,575468
58,2069,296873,278595,575468
59,2069,296873,278595,575468
60,2069,296873,278595,575468
61,2069,296873,278595,575468
62,2069,296873,278595,575468
63,2069,296873,278595,575468
64,2069,296825,278595,575420
65,2069,296825,278595,575420
66,2069,296738,278595,575333
67,2069,296738,278595,575333
68,2069,296472,278595,575067
69,2069,296377,278595,574972
70,2069,296237,278595,574832
71,2069,295800,278595,574395
72,2069,295800,278595,574395
73,2069,295461,278595,574056
74,2069,295423,278595,574018
75,2069,295423,278595,574018
76,2069,295423,278595,574018
77,2069,295423,278595,574018
78,2069,295423,279554,574977
79,2069,295423,279363,574786
80,2069,295423,279614,575037
81,2069,295423,279743,575166
82,2069,295423,279743,575166
83,2069,295423,279743,575166
84,2069,295423,279743,575166
85,2069,295423,279743,575166
86,2069,295423,279743,575166
87,2069,295423,279743,575166
88,2069,295423,279743,575166
89,2069,295423,279743,575166
90,2069,295423,279743,575166
91,2069,295423,279743,575166
92,2069,295423,279743,575166
93,2069,295423,279743,575166
94,2069,295423,279743,575166
95,2069,295423,279743,575166
96,2069,295423,279743,575166
97,2069,295423,279743,575166
98,2069,295423,279743,575166
99,2069,295423,279743,575166
100,2069,295423,279743,575166
0,2069,292266,275259,567525
1,2069,292266,275259,567525
2,2069,292259,275259,567518
3,2069,292436,275274,567710
4,2069,292615,275193,567808
5,2069,292741,275299,568040
6,2069,292868,275406,568274
7,2069,292842,275390,568232
8,2069,292820,275364,568184
9,2069,292815,275344,568159
10,2069,292810,275474,568284
11,2069,292862,275699,568561
12,2069,293184,275754,568938
13,2069,293704,275708,569412
14,2069,293937,275800,569737
15,2069,294124,275792,569916
16,2069,294466,275859,570325
17,2069,295672,275850,571522
18,2069,297964,276497,574461
19,2069,298821,278322,577143
20,2069,299958,278491,578449
21,2069,300126,278538,578664
22,2069,300128,279006,579134
23,2069,300136,279020,579156
24,2069,300136,279020,579156
25,2069,300136,279020,579156
26,2069,300136,279020,579156
27,2069,300136,279020,579156
28,2069,300136,279020,579156
29,2069,300136,279020,579156
30,2069,300136,279020,579156
31,2069,300136,279020,579156
32,2069,300136,279020,579156
33,2069,300136,279020,579156
34,2069,300136,279020,579156
35,2069,300136,279020,579156
36,2069,300136,279020,579156
37,2069,300136,279020,579156
38,2069,300136,279020,579156
39,2069,300136,279020,579156
40,2069,300136,279020,579156
41,2069,300136,279020,579156
42,2069,300136,279020,579156
43,2069,300136,279020,579156
44,2069,300538,279020,579558
45,2069,300538,279020,579558
46,2069,300536,279020,579556
47,2069,300528,279020,579548
48,2069,300528,279020,579548
49,2069,300528,279020,579548
50,2069,300528,279020,579548
51,2069,300528,279059,579587
52,2069,300528,279059,579587
53,2069,300528,279059,579587
54,2069,300528,279059,579587
55,2069,300528,279059,579587
56,2069,300528,279059,579587
57,2069,300528,279059,579587
58,2069,300528,279059,579587
59,2069,300528,279059,579587
60,2069,300528,279059,579587
61,2069,300528,279059,579587
62,2069,300528,279059,579587
63,2069,300528,279059,579587
64,2069,300557,279059,579616
65,2069,300557,279059,579616
66,2069,300066,279059,579125
67,2069,300008,279059,579067
68,2069,299613,279059,578672
69,2069,299663,279059,578722
70,2069,299415,279037,578452
71,2069,298888,279037,577925
72,2069,298782,279037,577819
73,2069,298283,278963,577246
74,2069,298238,278963,577201
75,2069,298238,278963,577201
76,2069,298238,278963,577201
77,2069,298238,278963,577201
78,2069,298344,280269,578613
79,2069,298259,280078,578337
80,2069,298344,280826,579170
81,2069,298338,280568,578906
82,2069,298338,280568,578906
83,2069,298338,280568,578906
84,2069,298338,280568,578906
85,2069,298338,280568,578906
86,2069,298338,280568,578906
87,2069,298338,280568,578906
88,2069,298338,280568,578906
89,2069,298338,280568,578906
90,2069,298338,280568,578906
91,2069,298338,280568,578906
92,2069,298338,280568,578906
93,2069,298338,280568,578906
94,2069,298338,280568,578906
95,2069,298338,280568,578906
96,2069,298338,280568,578906
97,2069,298338,280568,578906
98,2069,298338,280568,578906
99,2069,298338,280568,578906
100,2069,298338,280568,578906
0,2069,292274,275413,567687
1,2069,292274,275413,567687
2,2069,292266,275413,567679
3,2069,292417,275347,567764
4,2069,292716,275394,568110
5,2069,292856,275450,568306
6,2069,292910,275526,568436
7,2069,292866,275510,568376
8,2069,292838,275471,568309
9,2069,292865,275477,568342
10,2069,292819,275561,568380
11,2069,292909,275804,568713
12,2069,293366,276259,569625
13,2069,294527,276216,570743
14,2069,294776,276418,571194
15,2069,295034,276413,571447
16,2069,296135,276482,572617
17,2069,297419,276524,573943
18,2069,299982,276890,576872
19,2069,300697,278092,578789
20,2069,300794,278561,579355
21,2069,301474,278636,580110
22,2069,301310,278941,580251
23,2069,301326,278955,580281
24,2069,301326,278955,580281
25,2069,301326,278955,580281
26,2069,301326,278955,580281
27,2069,301326,278955,580281
28,2069,301326,278955,580281
29,2069,301326,278955,580281
30,2069,301326,278955,580281
31,2069,301326,278955,580281
32,2069,301326,278955,580281
33,2069,301326,278955,580281
34,2069,301326,278955,580281
35,2069,301326,278955,580281
36,2069,301326,278955,580281
37,2069,301326,278955,580281
38,2069,301326,278955,580281
39,2069,301326,278955,580281
40,2069,301326,278955,580281
41,2069,301326,278955,580281
42,2069,301326,278955,580281
43,2069,301333,278955,580288
44,2069,303077,279111,582188
45,2069,303077,279111,582188
46,2069,302118,279111,581229
47,2069,302109,279111,581220
48,2069,302109,279111,581220
49,2069,302109,279111,581220
50,2069,302109,279111,581220
51,2069,302109,279149,581258
52,2069,302109,279149,581258
53,2069,302109,279149,581258
54,2069,302109,279149,581258
55,2069,302109,279149,581258
56,2069,302109,279149,581258
57,2069,302109,279149,581258
58,2069,302109,279149,581258
59,2069,302109,279149,581258
60,2069,302109,279149,581258
61,2069,302109,279149,581258
62,2069,302109,279149,581258
63,2069,302109,279149,581258
64,2069,303056,279149,582205
65,2069,303056,279149,582205
66,2069,301751,278994,580745
67,2069,301764,278926,580690
68,2069,301625,278926,580551
69,2069,301693,278926,580619
70,2069,301698,278926,580624
71,2069,302699,279051,581750
72,2069,302614,279051,581665
73,2069,301717,279129,580846
74,2069,301717,279129,580846
75,2069,301717,279129,580846
76,2069,301717,279129,580846
77,2069,301717,279129,580846
78,2069,301618,283834,585452
79,2069,301588,283520,585108
80,2069,301523,283856,585379
81,2069,301545,283856,585401
82,2069,301545,283856,585401
83,2069,301545,283856,585401
84,2069,301545,283856,585401
85,2069,301545,283856,585401
86,2069,301545,283856,585401
87,2069,301545,283856,585401
88,2069,301545,283856,585401
89,2069,301545,283856,585401
90,2069,301545,283856,585401
91,2069,301545,283856,585401
92,2069,301545,283856,585401
93,2069,301545,283856,585401
94,2069,301545,283856,585401
95,2069,301545,283856,585401
96,2069,301545,283856,585401
97,2069,301545,283856,585401
98,2069,301545,283856,585401
99,2069,301545,283856,585401
100,2069,301545,283856,585401
0,2069,292099,274901,567000
1,2069,292099,274901,567000
2,2069,292091,274901,566992
3,2069,292300,274901,567201
4,2069,292463,274931,567394
5,2069,292518,274983,567501
6,2069,292615,275035,567650
7,2069,292607,275057,567664
8,2069,292601,275043,567644
9,2069,292574,275024,567598
10,2069,292549,275055,567604
11,2069,292624,275339,567963
12,2069,293047,275490,568537
13,2069,294584,275590,570174
14,2069,295239,275679,570918
15,2069,297561,275661,573222
16,2069,296031,275360,571391
17,2069,298511,275281,573792
18,2069,300960,276311,577271
19,2069,318140,278178,596318
20,2069,318570,278704,597274
21,2069,307169,279147,586316
22,2069,306963,279195,586158
23,2069,307025,279209,586234
24,2069,307025,279209,586234
25,2069,307025,279209,586234
26,2069,307025,279209,586234
27,2069,307025,279209,586234
28,2069,307025,279209,586234
29,2069,307025,279209,586234
30,2069,307025,279209,586234
31,2069,307025,279209,586234
32,2069,307025,279209,586234
33,2069,307025,279209,586234
34,2069,307025,279209,586234
35,2069,307025,279209,586234
36,2069,307025,279209,586234
37,2069,307025,279209,586234
38,2069,307025,279209,586234
39,2069,307025,279209,586234
40,2069,307025,279209,586234
41,2069,307025,279209,586234
42,2069,307025,279209,586234
43,2069,307025,279209,586234
44,2069,309401,279433,588834
45,2069,309401,279433,588834
46,2069,308138,279364,587502
47,2069,308207,279364,587571
48,2069,308207,279364,587571
49,2069,308207,279364,587571
50,2069,308207,279364,587571
51,2069,308198,279402,587600
52,2069,308198,279402,587600
53,2069,308198,279402,587600
54,2069,308198,279402,587600
55,2069,308198,279402,587600
56,2069,308198,279402,587600
57,2069,308198,279402,587600
58,2069,308198,279402,587600
59,2069,308198,279402,587600
60,2069,308198,279402,587600
61,2069,308198,279402,587600
62,2069,308198,279402,587600
63,2069,308198,279402,587600
64,2069,309449,279472,588921
65,2069,309538,279472,589010
66,2069,307947,279400,587347
67,2069,308227,279400,587627
68,2069,307618,279138,586756
69,2069,307735,279232,586967
70,2069,307742,279123,586865
71,2069,309127,279187,588314
72,2069,308751,279129,587880
73,2069,307179,279129,586308
74,2069,307179,279129,586308
75,2069,307179,279129,586308
76,2069,307179,279129,586308
77,2069,307179,279129,586308
78,2069,306934,286413,593347
79,2069,306862,284996,591858
80,2069,306855,286432,593287
81,2069,306855,286432,593287
82,2069,306855,286432,593287
83,2069,306855,286432,593287
84,2069,306855,286432,593287
85,2069,306855,286432,593287
86,2069,306855,286432,593287
87,2069,306855,286432,593287
88,2069,306855,286432,593287
89,2069,306855,286432,593287
90,2069,306855,286432,593287
91,2069,306855,286432,593287
92,2069,306855,286432,593287
93,2069,306855,286432,593287
94,2069,306855,286432,593287
95,2069,306855,286432,593287
96,2069,306855,286432,593287
97,2069,306855,286432,593287
98,2069,306855,286432,593287
99,2069,306855,286432,593287
100,2069,306855,286432,593287
0,2069,292414,276267,568681
1,2069,292414,276267,568681
2,2069,292410,276267,568677
3,2069,292524,276267,568791
4,2069,292770,276374,569144
5,2069,292782,276405,569187
6,2069,292777,275836,568613
7,2069,292789,275833,568622
8,2069,292809,276105,568914
9,2069,292817,276218,569035
10,2069,292752,276008,568760
11,2069,292786,276013,568799
12,2069,292637,275836,568473
13,2069,294207,275567,569774
14,2069,297544,275452,572996
15,2069,296712,275491,572203
16,2069,295873,275344,571217
17,2069,298696,275638,574334
18,2069,308040,277244,585284
19,2069,310244,279250,589494
20,2069,310992,279343,590335
21,2069,309447,279369,588816
22,2069,309498,279517,589015
23,2069,309548,279517,589065
24,2069,309548,279517,589065
25,2069,309548,279517,589065
26,2069,309548,279517,589065
27,2069,309548,279517,589065
28,2069,309548,279517,589065
29,2069,309548,279517,589065
30,2069,309548,279517,589065
31,2069,309548,279517,589065
32,2069,309548,279517,589065
33,2069,309548,279517,589065
34,2069,309548,279517,589065
35,2069,309548,279517,589065
36,2069,309548,279517,589065
37,2069,309933,279517,589450
38,2069,309933,279517,589450
39,2069,309933,279517,589450
40,2069,309933,279517,589450
41,2069,309933,279517,589450
42,2069,309933,279517,589450
43,2069,309933,279517,589450
44,2069,311218,279445,590663
45,2069,311218,279445,590663
46,2069,311078,279485,590563
47,2069,311078,279485,590563
48,2069,311078,279485,590563
49,2069,311078,279485,590563
50,2069,311078,279485,590563
51,2069,311087,279523,590610
52,2069,311087,279523,590610
53,2069,311087,279523,590610
54,2069,311087,279523,590610
55,2069,311087,279523,590610
56,2069,311087,279523,590610
57,2069,311087,279523,590610
58,2069,311087,279523,590610
59,2069,311087,279523,590610
60,2069,311087,279523,590610
61,2069,311087,279523,590610
62,2069,311087,279523,590610
63,2069,311197,279523,590720
64,2069,311402,279483,590885
65,2069,311494,279483,590977
66,2069,311142,279522,590664
67,2069,311181,279522,590703
68,2069,310276,279498,589774
69,2069,310326,279498,589824
70,2069,310257,279585,589842
71,2069,310672,279598,590270
72,2069,310683,279572,590255
73,2069,309854,279579,589433
74,2069,309854,279579,589433
75,2069,309854,279579,589433
76,2069,309854,279579,589433
77,2069,309854,279579,589433
78,2069,309223,297053,606276
79,2069,309182,295170,604352
80,2069,309215,297002,606217
81,2069,309223,297359,606582
82,2069,309223,297359,606582
83,2069,309223,297359,606582
84,2069,309223,297359,606582
85,2069,309223,297359,606582
86,2069,309223,297359,606582
87,2069,309223,297359,606582
88,2069,309223,297359,606582
89,2069,309223,297359,606582
90,2069,309223,297359,606582
91,2069,309223,297359,606582
92,2069,309223,297359,606582
93,2069,309223,297359,606582
94,2069,309223,297359,606582
95,2069,309223,297359,606582
96,2069,309223,297359,606582
97,2069,309223,297359,606582
98,2069,309223,297359,606582
99,2069,309223,297359,606582
100,2069,309223,297359,606582
0,2069,290839,275033,565872
1,2069,290839,275033,565872
2,2069,290835,275033,565868
3,2069,290937,275233,566170
4,2069,291005,274937,565942
5,2069,291046,275155,566201
6,2069,292232,276240,568472
7,2069,292199,276233,568432
8,2069,291249,275661,566910
9,2069,291199,275601,566800
10,2069,292123,276191,568314
11,2069,292361,276048,568409
12,2069,293171,276060,569231
13,2069,294126,275531,569657
14,2069,296668,275937,572605
15,2069,295244,275388,570632
16,2069,296127,275713,571840
17,2069,298662,276231,574893
18,2069,305162,277907,583069
19,2069,309543,280666,590209
20,2069,310358,280573,590931
21,2069,310236,280007,590243
22,2069,310517,280086,590603
23,2069,310504,280086,590590
24,2069,310504,280086,590590
25,2069,310504,280086,590590
26,2069,310504,280086,590590
27,2069,310504,280086,590590
28,2069,310504,280086,590590
29,2069,310504,280086,590590
30,2069,310504,280086,590590
31,2069,310504,280086,590590
32,2069,310504,280086,590590
33,2069,310504,280086,590590
34,2069,310504,280086,590590
35,2069,310504,280086,590590
36,2069,310504,280086,590590
37,2069,310568,280086,590654
38,2069,310568,280086,590654
39,2069,310568,280086,590654
40,2069,310568,280086,590654
41,2069,310949,280086,591035
42,2069,310949,280086,591035
43,2069,310949,280086,591035
44,2069,311212,280770,591982
45,2069,311212,280770,591982
46,2069,311402,280718,592120
47,2069,311402,280718,592120
48,2069,311402,280718,592120
49,2069,311402,280718,592120
50,2069,311402,280718,592120
51,2069,311402,280757,592159
52,2069,311402,280757,592159
53,2069,311402,280757,592159
54,2069,311402,280757,592159
55,2069,311402,280757,592159
56,2069,311402,280757,592159
57,2069,311402,280757,592159
58,2069,311402,280757,592159
59,2069,311402,280757,592159
60,2069,311402,280757,592159
61,2069,311402,280757,592159
62,2069,311402,280757,592159
63,2069,311500,280757,592257
64,2069,311363,280826,592189
65,2069,311724,280826,592550
66,2069,311611,280757,592368
67,2069,311478,280757,592235
68,2069,311136,280282,591418
69,2069,311224,280386,591610
70,2069,311089,280359,591448
71,2069,311023,280782,591805
72,2069,311415,280757,592172
73,2069,310475,280113,590588
74,2069,310475,280113,590588
75,2069,310475,280113,590588
76,2069,310475,280113,590588
77,2069,310475,280113,590588
78,2069,312080,301426,613506
79,2069,311717,300216,611933
80,2069,312078,301550,613628
81,2069,312097,305369,617466
82,2069,312097,305369,617466
83,2069,312097,305369,617466
84,2069,312097,305369,617466
85,2069,312097,305369,617466
86,2069,312097,305369,617466
87,2069,312097,305369,617466
88,2069,312097,305369,617466
89,2069,312097,305369,617466
90,2069,312097,305369,617466
91,2069,312097,305369,617466
92,2069,312097,305369,617466
93,2069,312097,305369,617466
94,2069,312097,305369,617466
95,2069,312097,305369,617466
96,2069,312097,305369,617466
97,2069,312097,305369,617466
98,2069,312097,305369,617466
99,2069,312097,305369,617466
100,2069,312097,305369,617466
0,2069,289659,274603,564262
1,2069,289659,274603,564262
2,2069,289665,274603,564268
3,2069,290131,274992,565123
4,2069,290075,275018,565093
5,2069,290517,275453,565970
6,2069,291142,275727,566869
7,2069,291129,275727,566856
8,2069,291983,276029,568012
9,2069,291141,275810,566951
10,2069,291146,275616,566762
11,2069,292016,276074,568090
12,2069,292897,276138,569035
13,2069,294262,276019,570281
14,2069,294683,275572,570255
15,2069,297679,275397,573076
16,2069,295993,275946,571939
17,2069,298812,276626,575438
18,2069,303893,278118,582011
19,2069,307392,280296,587688
20,2069,308113,280287,588400
21,2069,310267,280533,590800
22,2069,310619,280734,591353
23,2069,310685,280734,591419
24,2069,310685,280734,591419
25,2069,310685,280734,591419
26,2069,310685,280734,591419
27,2069,310685,280734,591419
28,2069,310685,280734,591419
29,2069,310685,280734,591419
30,2069,310685,280734,591419
31,2069,310685,280734,591419
32,2069,310685,280734,591419
33,2069,310685,280734,591419
34,2069,310685,280734,591419
35,2069,310685,280734,591419
36,2069,310685,280734,591419
37,2069,310706,280734,591440
38,2069,310706,280734,591440
39,2069,310706,280734,591440
40,2069,310706,280734,591440
41,2069,311060,280758,591818
42,2069,311060,280758,591818
43,2069,311060,280758,591818
44,2069,310515,280639,591154
45,2069,310515,280639,591154
46,2069,310557,280639,591196
47,2069,310557,280639,591196
48,2069,310557,280639,591196
49,2069,310557,280639,591196
50,2069,310557,280639,591196
51,2069,310557,280639,591196
52,2069,310557,280639,591196
53,2069,310557,280639,591196
54,2069,310557,280639,591196
55,2069,310557,280639,591196
56,2069,310557,280639,591196
57,2069,310557,280639,591196
58,2069,310557,280639,591196
59,2069,310557,280639,591196
60,2069,310557,280639,591196
61,2069,310557,280639,591196
62,2069,310557,280639,591196
63,2069,310910,280639,591549
64,2069,310761,280639,591400
65,2069,311033,280639,591672
66,2069,311135,280672,591807
67,2069,310932,280639,591571
68,2069,311116,280771,591887
69,2069,311041,280703,591744
70,2069,310992,280666,591658
71,2069,310516,280639,591155
72,2069,310473,280639,591112
73,2069,311008,280697,591705
74,2069,311008,280697,591705
75,2069,311008,280697,591705
76,2069,311008,280697,591705
77,2069,311008,280697,591705
78,2069,314470,302480,616950
79,2069,314144,302411,616555
80,2069,314352,302829,617181
81,2069,316242,304224,620466
82,2069,316242,304224,620466
83,2069,316242,304224,620466
84,2069,316242,304224,620466
85,2069,316242,304224,620466
86,2069,316242,304224,620466
87,2069,316242,304224,620466
88,2069,316242,304224,620466
89,2069,316242,304224,620466
90,2069,316242,304224,620466
91,2069,316242,304224,620466
92,2069,316242,304224,620466
93,2069,316242,304224,620466
94,2069,316242,304224,620466
95,2069,316242,304224,620466
96,2069,316242,304224,620466
97,2069,316242,304224,620466
98,2069,316242,304224,620466
99,2069,316242,304224,620466
100,2069,316242,304224,620466
0,2069,289139,272661,561800
1,2069,289139,272661,561800
2,2069,289140,272661,561801
3,2069,289119,272764,561883
4,2069,289360,272455,561815
5,2069,290329,273837,564166
6,2069,290582,275044,565626
7,2069,290513,275001,565514
8,2069,291822,275327,567149
9,2069,292040,275205,567245
10,2069,290765,275121,565886
11,2069,291646,275629,567275
12,2069,292463,275852,568315
13,2069,293960,275907,569867
14,2069,294086,274870,568956
15,2069,297101,275906,573007
16,2069,295988,275549,571537
17,2069,299178,275915,575093
18,2069,303074,277430,580504
19,2069,305532,280384,585916
20,2069,307797,280492,588289
21,2069,309263,280395,589658
22,2069,309846,280601,590447
23,2069,310066,280601,590667
24,2069,310068,280601,590669
25,2069,310068,280601,590669
26,2069,310068,280601,590669
27,2069,310068,280601,590669
28,2069,310068,280601,590669
29,2069,310068,280601,590669
30,2069,310068,280601,590669
31,2069,310068,280601,590669
32,2069,310068,280601,590669
33,2069,310068,280601,590669
34,2069,310068,280601,590669
35,2069,310068,280601,590669
36,2069,310068,280601,590669
37,2069,310106,280601,590707
38,2069,310106,280601,590707
39,2069,310106,280601,590707
40,2069,310106,280601,590707
41,2069,310504,280601,591105
42,2069,310504,280601,591105
43,2069,310504,280601,591105
44,2069,310371,280615,590986
45,2069,310371,280615,590986
46,2069,310431,280601,591032
47,2069,310431,280601,591032
48,2069,310431,280601,591032
49,2069,310431,280601,591032
50,2069,310431,280601,591032
51,2069,310431,280601,591032
52,2069,310431,280601,591032
53,2069,310431,280601,591032
54,2069,310431,280601,591032
55,2069,310431,280601,591032
56,2069,310431,280601,591032
57,2069,310431,280601,591032
58,2069,310431,280601,591032
59,2069,310431,280601,591032
60,2069,310425,280601,591026
61,2069,310396,280601,590997
62,2069,310384,280601,590985
63,2069,310452,280601,591053
64,2069,310622,280615,591237
65,2069,310565,280615,591180
66,2069,310466,280601,591067
67,2069,310560,280601,591161
68,2069,310503,280601,591104
69,2069,310459,280601,591060
70,2069,310415,280601,591016
71,2069,310321,280601,590922
72,2069,310394,280611,591005
73,2069,310297,280601,590898
74,2069,310297,280601,590898
75,2069,310297,280601,590898
76,2069,310297,280601,590898
77,2069,310297,280601,590898
78,2069,316765,303090,619855
79,2069,316576,303067,619643
80,2069,316701,303735,620436
81,2069,316971,305349,622320
82,2069,316971,305349,622320
83,2069,316971,305349,622320
84,2069,316971,305349,622320
85,2069,316971,305349,622320
86,2069,316971,305349,622320
87,2069,316971,305349,622320
88,2069,316971,305349,622320
89,2069,316971,305349,622320
90,2069,316971,305349,622320
91,2069,316971,305349,622320
92,2069,316971,305349,622320
93,2069,316971,305349,622320
94,2069,316971,305349,622320
95,2069,316971,305349,622320
96,2069,316971,305349,622320
97,2069,316971,305349,622320
98,2069,316971,305349,622320
99,2069,316971,305349,622320
100,2069,316971,305349,622320
0,2069,290394,273022,563416
1,2069,290394,272960,563354
2,2069,290359,272960,563319
3,2069,290259,272886,563145
4,2069,290454,272808,563262
5,2069,291611,274441,566052
6,2069,290844,274238,565082
7,2069,290993,274439,565432
8,2069,292558,275788,568346
9,2069,292683,276220,568903
10,2069,290916,274282,565198
11,2069,292270,275799,568069
12,2069,292527,276121,568648
13,2069,293904,275836,569740
14,2069,293814,275619,569433
15,2069,296491,275550,572041
16,2069,296013,275404,571417
17,2069,300549,276014,576563
18,2069,303703,277256,580959
19,2069,304886,279668,584554
20,2069,307763,280642,588405
21,2069,308577,280432,589009
22,2069,309209,280601,589810
23,2069,309657,280601,590258
24,2069,309658,280601,590259
25,2069,309658,280601,590259
26,2069,309658,280601,590259
27,2069,309658,280601,590259
28,2069,309658,280601,590259
29,2069,309658,280601,590259
30,2069,309658,280601,590259
31,2069,309658,280601,590259
32,2069,309658,280601,590259
33,2069,309658,280601,590259
34,2069,309658,280601,590259
35,2069,309658,280601,590259
36,2069,309658,280601,590259
37,2069,309666,280681,590347
38,2069,309666,280681,590347
39,2069,309666,280681,590347
40,2069,309666,280681,590347
41,2069,310400,280705,591105
42,2069,310400,280705,591105
43,2069,310400,280705,591105
44,2069,310418,280719,591137
45,2069,310418,280719,591137
46,2069,310454,280719,591173
47,2069,310454,280719,591173
48,2069,310454,280719,591173
49,2069,310454,280719,591173
50,2069,310454,280719,591173
51,2069,310454,280719,591173
52,2069,310454,280719,591173
53,2069,310454,280719,591173
54,2069,310454,280719,591173
55,2069,310454,280719,591173
56,2069,310454,280719,591173
57,2069,310454,280719,591173
58,2069,310454,280719,591173
59,2069,310454,280719,591173
60,2069,310454,280719,591173
61,2069,310425,280719,591144
62,2069,310355,280719,591074
63,2069,310557,280719,591276
64,2069,310622,280709,591331
65,2069,310657,280709,591366
66,2069,310551,280719,591270
67,2069,310578,280709,591287
68,2069,310595,280719,591314
69,2069,310527,280719,591246
70,2069,310501,280719,591220
71,2069,310167,280719,590886
72,2069,310365,280719,591084
73,2069,310097,280705,590802
74,2069,310097,280705,590802
75,2069,310097,280705,590802
76,2069,310097,280705,590802
77,2069,310097,280705,590802
78,2069,316031,304649,620680
79,2069,316015,304523,620538
80,2069,316491,304884,621375
81,2069,317021,307179,624200
82,2069,317021,307179,624200
83,2069,317021,307179,624200
84,2069,317021,307179,624200
85,2069,317021,307179,624200
86,2069,317021,307179,624200
87,2069,317021,307179,624200
88,2069,317021,307179,624200
89,2069,317021,307179,624200
90,2069,317021,307179,624200
91,2069,317021,307179,624200
92,2069,317021,307179,624200
93,2069,317021,307179,624200
94,2069,317021,307179,624200
95,2069,317021,307179,624200
96,2069,317021,307179,624200
97,2069,317021,307179,624200
98,2069,317021,307179,624200
99,2069,317021,307179,624200
100,2069,317021,307179,624200
0,2069,291389,273588,564977
1,2069,291361,273588,564949
2,2069,291342,273588,564930
3,2069,290486,273473,563959
4,2069,291427,273538,564965
5,2069,292690,275544,568234
6,2069,291841,274747,566588
7,2069,291918,275199,567117
8,2069,292254,275800,568054
9,2069,291248,275379,566627
10,2069,292120,274848,566968
11,2069,292386,276244,568630
12,2069,292471,275750,568221
13,2069,293842,275635,569477
14,2069,294684,275923,570607
15,2069,295202,274951,570153
16,2069,296309,275544,571853
17,2069,300680,275961,576641
18,2069,306176,277396,583572
19,2069,304844,279082,583926
20,2069,307760,280252,588012
21,2069,308575,280608,589183
22,2069,309265,280695,589960
23,2069,309759,280695,590454
24,2069,309761,280695,590456
25,2069,309761,280695,590456
26,2069,309761,280695,590456
27,2069,309761,280695,590456
28,2069,309761,280695,590456
29,2069,309761,280695,590456
30,2069,309761,280695,590456
31,2069,309761,280695,590456
32,2069,309761,280695,590456
33,2069,309761,280695,590456
34,2069,309761,280695,590456
35,2069,309761,280695,590456
36,2069,309761,280695,590456
37,2069,309760,280695,590455
38,2069,309760,280695,590455
39,2069,309760,280695,590455
40,2069,309760,280695,590455
41,2069,310532,280719,591251
42,2069,310532,280719,591251
43,2069,310532,280719,591251
44,2069,310612,280709,591321
45,2069,310612,280709,591321
46,2069,310612,280709,591321
47,2069,310612,280709,591321
48,2069,310612,280709,591321
49,2069,310612,280709,591321
50,2069,310612,280709,591321
51,2069,310612,280709,591321
52,2069,310612,280709,591321
53,2069,310612,280709,591321
54,2069,310612,280709,591321
55,2069,310612,280709,591321
56,2069,310612,280709,591321
57,2069,310612,280709,591321
58,2069,310612,280709,591321
59,2069,310612,280709,591321
60,2069,310612,280709,591321
61,2069,310583,280709,591292
62,2069,310342,280719,591061
63,2069,310663,280709,591372
64,2069,310791,280709,591500
65,2069,310817,280709,591526
66,2069,310711,280709,591420
67,2069,310719,280709,591428
68,2069,310627,280709,591336
69,2069,310569,280709,591278
70,2069,310553,280709,591262
71,2069,310114,280719,590833
72,2069,310402,280719,591121
73,2069,310099,280695,590794
74,2069,310099,280695,590794
75,2069,310099,280695,590794
76,2069,310099,280695,590794
77,2069,310099,280695,590794
78,2069,316416,306500,622916
79,2069,316414,306851,623265
80,2069,317112,306603,623715
81,2069,320548,305311,625859
82,2069,320548,305311,625859
83,2069,320548,305311,625859
84,2069,320548,305311,625859
85,2069,320548,305311,625859
86,2069,320548,305311,625859
87,2069,320548,305311,625859
88,2069,320548,305311,625859
89,2069,320548,305311,625859
90,2069,320548,305311,625859
91,2069,320548,305311,625859
92,2069,320548,305311,625859
93,2069,320548,305311,625859
94,2069,320548,305311,625859
95,2069,320548,305311,625859
96,2069,320548,305311,625859
97,2069,320548,305311,625859
98,2069,320548,305311,625859
99,2069,320548,305311,625859
100,2069,320548,305311,625859
0,2069,292751,275522,568273
1,2069,292768,275518,568286
2,2069,292769,275518,568287
3,2069,291789,274356,566145
4,2069,293025,274710,567735
5,2069,292813,276399,569212
6,2069,292765,276223,568988
7,2069,292672,276268,568940
8,2069,292330,276276,568606
9,2069,291393,275989,567382
10,2069,292673,276157,568830
11,2069,291584,275622,567206
12,2069,292581,275830,568411
13,2069,294134,275933,570067
14,2069,295041,276344,571385
15,2069,297727,275310,573037
16,2069,296109,275747,571856
17,2069,313874,275931,589805
18,2069,305144,277547,582691
19,2069,305947,279202,585149
20,2069,308539,280233,588772
21,2069,309150,280634,589784
22,2069,309340,280727,590067
23,2069,309735,280695,590430
24,2069,309736,280695,590431
25,2069,309736,280695,590431
26,2069,309736,280695,590431
27,2069,309736,280695,590431
28,2069,309736,280695,590431
29,2069,309736,280695,590431
30,2069,309736,280695,590431
31,2069,309736,280695,590431
32,2069,309736,280695,590431
33,2069,309736,280695,590431
34,2069,309736,280695,590431
35,2069,309736,280695,590431
36,2069,309736,280695,590431
37,2069,309736,280695,590431
38,2069,309736,280695,590431
39,2069,309736,280695,590431
40,2069,309736,280695,590431
41,2069,310615,280709,591324
42,2069,310615,280709,591324
43,2069,310615,280709,591324
44,2069,310580,280709,591289
45,2069,310580,280709,591289
46,2069,310589,280709,591298
47,2069,310589,280709,591298
48,2069,310589,280709,591298
49,2069,310589,280709,591298
50,2069,310589,280709,591298
51,2069,310589,280709,591298
52,2069,310589,280709,591298
53,2069,310589,280709,591298
54,2069,310589,280709,591298
55,2069,310589,280709,591298
56,2069,310589,280709,591298
57,2069,310589,280709,591298
58,2069,310589,280709,591298
59,2069,310589,280709,591298
60,2069,310589,280709,591298
61,2069,310560,280709,591269
62,2069,310362,280719,591081
63,2069,310688,280709,591397
64,2069,310777,280709,591486
65,2069,310815,280709,591524
66,2069,310706,280709,591415
67,2069,310743,280709,591452
68,2069,310757,280709,591466
69,2069,310692,280709,591401
70,2069,310676,280709,591385
71,2069,310183,280695,590878
72,2069,310549,280719,591268
73,2069,310133,280695,590828
74,2069,310133,280695,590828
75,2069,310133,280695,590828
76,2069,310133,280695,590828
77,2069,310133,280695,590828
78,2069,319143,305453,624596
79,2069,319327,305676,625003
80,2069,319274,305068,624342
81,2069,318978,306401,625379
82,2069,318978,306401,625379
83,2069,318978,306401,625379
84,2069,318978,306401,625379
85,2069,318978,306401,625379
86,2069,318978,306401,625379
87,2069,318978,306401,625379
88,2069,318978,306401,625379
89,2069,318978,306401,625379
90,2069,318978,306401,625379
91,2069,318978,306401,625379
92,2069,318978,306401,625379
93,2069,318978,306401,625379
94,2069,318978,306401,625379
95,2069,318978,306401,625379
96,2069,318978,306401,625379
97,2069,318978,306401,625379
98,2069,318978,306401,625379
99,2069,318978,306401,625379
100,2069,318978,306401,625379
0,2069,292327,275510,567837
1,2069,292327,275659,567986
2,2069,292320,275647,567967
3,2069,292875,275527,568402
4,2069,292828,275721,568549
5,2069,291154,274409,565563
6,2069,291431,275516,566947
7,2069,291405,275336,566741
8,2069,290990,275061,566051
9,2069,292128,275695,567823
10,2069,291559,275769,567328
11,2069,291377,275586,566963
12,2069,293155,276000,569155
13,2069,294189,275958,570147
14,2069,295769,275717,571486
15,2069,297153,275649,572802
16,2069,295944,275372,571316
17,2069,307331,276682,584013
18,2069,304499,277441,581940
19,2069,307335,279222,586557
20,2069,309367,280247,589614
21,2069,309425,280514,589939
22,2069,309452,280752,590204
23,2069,309762,280695,590457
24,2069,309764,280695,590459
25,2069,309764,280695,590459
26,2069,309764,280695,590459
27,2069,309764,280695,590459
28,2069,309764,280695,590459
29,2069,309764,280695,590459
30,2069,309764,280695,590459
31,2069,309764,280695,590459
32,2069,309764,280695,590459
33,2069,309764,280695,590459
34,2069,309764,280695,590459
35,2069,309764,280695,590459
36,2069,309764,280695,590459
37,2069,309738,280695,590433
38,2069,309738,280695,590433
39,2069,309738,280695,590433
40,2069,309738,280695,590433
41,2069,310581,280709,591290
42,2069,310581,280709,591290
43,2069,310581,280709,591290
44,2069,310522,280709,591231
45,2069,310522,280709,591231
46,2069,310522,280709,591231
47,2069,310522,280709,591231
48,2069,310522,280709,591231
49,2069,310522,280709,591231
50,2069,310522,280709,591231
51,2069,310522,280709,591231
52,2069,310522,280709,591231
53,2069,310522,280709,591231
54,2069,310522,280709,591231
55,2069,310522,280709,591231
56,2069,310522,280709,591231
57,2069,310522,280709,591231
58,2069,310522,280709,591231
59,2069,310522,280709,591231
60,2069,310522,280709,591231
61,2069,310493,280709,591202
62,2069,310500,280719,591219
63,2069,310622,280709,591331
64,2069,310711,280709,591420
65,2069,310854,280709,591563
66,2069,310736,280709,591445
67,2069,310677,280709,591386
68,2069,310743,280709,591452
69,2069,310668,280709,591377
70,2069,310642,280709,591351
71,2069,310117,280719,590836
72,2069,310404,280709,591113
73,2069,310176,280695,590871
74,2069,310176,280695,590871
75,2069,310176,280695,590871
76,2069,310176,280695,590871
77,2069,310176,280695,590871
78,2069,317218,306629,623847
79,2069,317604,306070,623674
80,2069,317715,306312,624027
81,2069,319435,304795,624230
82,2069,319435,304795,624230
83,2069,319435,304795,624230
84,2069,319435,304795,624230
85,2069,319435,304795,624230
86,2069,319435,304795,624230
87,2069,319435,304795,624230
88,2069,319435,304795,624230
89,2069,319435,304795,624230
90,2069,319435,304795,624230
91,2069,319435,304795,624230
92,2069,319435,304795,624230
93,2069,319435,304795,624230
94,2069,319435,304795,624230
95,2069,319435,304795,624230
96,2069,319435,304795,624230
97,2069,319435,304795,624230
98,2069,319435,304795,624230
99,2069,319435,304795,624230
100,2069,319435,304795,624230
0,2069,292237,275533,567770
1,2069,292258,275489,567747
2,2069,292255,275489,567744
3,2069,292520,275565,568085
4,2069,292646,275922,568568
5,2069,290941,274761,565702
6,2069,291650,275540,567190
7,2069,291571,275602,567173
8,2069,290150,274568,564718
9,2069,292443,275886,568329
10,2069,291915,275595,567510
11,2069,292561,275926,568487
12,2069,293011,276402,569413
13,2069,293947,275772,569719
14,2069,294479,275523,570002
15,2069,297722,275788,573510
16,2069,296132,275359,571491
17,2069,303346,276680,580026
18,2069,304374,277451,581825
19,2069,307952,279352,587304
20,2069,309700,280525,590225
21,2069,308980,280464,589444
22,2069,309470,280601,590071
23,2069,309775,280616,590391
24,2069,309777,280616,590393
25,2069,309777,280616,590393
26,2069,309777,280616,590393
27,2069,309777,280616,590393
28,2069,309777,280616,590393
29,2069,309777,280616,590393
30,2069,309777,280616,590393
31,2069,309777,280616,590393
32,2069,309777,280616,590393
33,2069,309777,280616,590393
34,2069,309777,280616,590393
35,2069,309777,280616,590393
36,2069,309777,280616,590393
37,2069,309777,280616,590393
38,2069,309777,280616,590393
39,2069,309777,280616,590393
40,2069,309777,280616,590393
41,2069,310522,280709,591231
42,2069,310522,280709,591231
43,2069,310522,280709,591231
44,2069,310523,280709,591232
45,2069,310523,280709,591232
46,2069,310523,280709,591232
47,2069,310523,280709,591232
48,2069,310523,280709,591232
49,2069,310523,280709,591232
50,2069,310523,280709,591232
51,2069,310523,280709,591232
52,2069,310523,280709,591232
53,2069,310523,280709,591232
54,2069,310523,280709,591232
55,2069,310523,280709,591232
56,2069,310523,280709,591232
57,2069,310523,280709,591232
58,2069,310523,280709,591232
59,2069,310523,280709,591232
60,2069,310523,280709,591232
61,2069,310494,280709,591203
62,2069,310481,280709,591190
63,2069,310622,280709,591331
64,2069,310711,280709,591420
65,2069,310728,280709,591437
66,2069,310677,280709,591386
67,2069,310677,280709,591386
68,2069,310677,280709,591386
69,2069,310602,280709,591311
70,2069,310576,280709,591285
71,2069,310117,280695,590812
72,2069,310481,280719,591200
73,2069,310143,280719,590862
74,2069,310143,280719,590862
75,2069,310143,280719,590862
76,2069,310143,280719,590862
77,2069,310143,280719,590862
78,2069,319280,304872,624152
79,2069,317218,306403,623621
80,2069,318885,305538,624423
81,2069,315816,304901,620717
82,2069,315816,304901,620717
83,2069,315816,304901,620717
84,2069,315816,304901,620717
85,2069,315816,304901,620717
86,2069,315816,304901,620717
87,2069,315816,304901,620717
88,2069,315816,304901,620717
89,2069,315816,304901,620717
90,2069,315816,304901,620717
91,2069,315816,304901,620717
92,2069,315816,304901,620717
93,2069,315816,304901,620717
94,2069,315816,304901,620717
95,2069,315816,304901,620717
96,2069,315816,304901,620717
97,2069,315816,304901,620717
98,2069,315816,304901,620717
99,2069,315816,304901,620717
100,2069,315816,304901,620717
0,2069,292050,274642,566692
1,2069,291992,274566,566558
2,2069,292049,274566,566615
3,2069,292288,275393,567681
4,2069,292350,275433,567783
5,2069,291665,275418,567083
6,2069,292616,275683,568299
7,2069,292591,275714,568305
8,2069,289388,272724,562112
9,2069,292120,275796,567916
10,2069,292494,275697,568191
11,2069,292571,276455,569026
12,2069,292461,275605,568066
13,2069,293891,275625,569516
14,2069,294576,275565,570141
15,2069,296947,275357,572304
16,2069,296197,275623,571820
17,2069,302139,276579,578718
18,2069,304368,277408,581776
19,2069,309074,279536,588610
20,2069,308796,280425,589221
21,2069,308818,280514,589332
22,2069,309431,280601,590032
23,2069,309749,280616,590365
24,2069,309751,280616,590367
25,2069,309751,280616,590367
26,2069,309751,280616,590367
27,2069,309751,280616,590367
28,2069,309751,280616,590367
29,2069,309751,280616,590367
30,2069,309751,280616,590367
31,2069,309751,280616,590367
32,2069,309751,280616,590367
33,2069,309751,280616,590367
34,2069,309751,280616,590367
35,2069,309751,280616,590367
36,2069,309751,280616,590367
37,2069,309751,280616,590367
38,2069,309751,280616,590367
39,2069,309751,280616,590367
40,2069,309751,280616,590367
41,2069,310523,280709,591232
42,2069,310523,280709,591232
43,2069,310523,280709,591232
44,2069,310523,280709,591232
45,2069,310523,280709,591232
46,2069,310523,280709,591232
47,2069,310523,280709,591232
48,2069,310523,280709,591232
49,2069,310523,280709,591232
50,2069,310523,280709,591232
51,2069,310523,280709,591232
52,2069,310523,280709,591232
53,2069,310523,280709,591232
54,2069,310523,280709,591232
55,2069,310523,280709,591232
56,2069,310523,280709,591232
57,2069,310523,280709,591232
58,2069,310523,280709,591232
59,2069,310523,280709,591232
60,2069,310523,280709,591232
61,2069,310502,280709,591211
62,2069,310533,280709,591242
63,2069,310629,280709,591338
64,2069,310711,280709,591420
65,2069,310748,280709,591457
66,2069,310677,280709,591386
67,2069,310677,280709,591386
68,2069,310677,280709,591386
69,2069,310602,280709,591311
70,2069,310576,280709,591285
71,2069,310117,280695,590812
72,2069,310465,280709,591174
73,2069,310117,280719,590836
74,2069,310117,280719,590836
75,2069,310117,280719,590836
76,2069,310117,280719,590836
77,2069,310117,280719,590836
78,2069,317018,305496,622514
79,2069,319763,304916,624679
80,2069,316558,305659,622217
81,2069,315093,304229,619322
82,2069,315093,304229,619322
83,2069,315093,304229,619322
84,2069,315093,304229,619322
85,2069,315093,304229,619322
86,2069,315093,304229,619322
87,2069,315093,304229,619322
88,2069,315093,304229,619322
89,2069,315093,304229,619322
90,2069,315093,304229,619322
91,2069,315093,304229,619322
92,2069,315093,304229,619322
93,2069,315093,304229,619322
94,2069,315093,304229,619322
95,2069,315093,304229,619322
96,2069,315093,304229,619322
97,2069,315093,304229,619322
98,2069,315093,304229,619322
99,2069,315093,304229,619322
100,2069,315093,304229,619322
0,2069,292467,275809,568276
1,2069,292460,275777,568237
2,2069,292457,275777,568234
3,2069,292245,275154,567399
4,2069,292274,275644,567918
5,2069,292620,276606,569226
6,2069,292731,276392,569123
7,2069,292547,276434,568981
8,2069,290424,273014,563438
9,2069,292125,275680,567805
10,2069,292649,276206,568855
11,2069,291627,275325,566952
12,2069,292214,276093,568307
13,2069,294275,275933,570208
14,2069,294898,275677,570575
15,2069,296696,275498,572194
16,2069,296083,275608,571691
17,2069,302392,276114,578506
18,2069,304800,277408,582208
19,2069,308341,280112,588453
20,2069,308246,280444,588690
21,2069,308721,280514,589235
22,2069,309400,280616,590016
23,2069,309775,280616,590391
24,2069,309777,280616,590393
25,2069,309777,280616,590393
26,2069,309777,280616,590393
27,2069,309777,280616,590393
28,2069,309777,280616,590393
29,2069,309777,280616,590393
30,2069,309777,280616,590393
31,2069,309777,280616,590393
32,2069,309777,280616,590393
33,2069,309777,280616,590393
34,2069,309777,280616,590393
35,2069,309777,280616,590393
36,2069,309777,280616,590393
37,2069,309751,280616,590367
38,2069,309751,280616,590367
39,2069,309751,280616,590367
40,2069,309751,280616,590367
41,2069,310523,280709,591232
42,2069,310523,280709,591232
43,2069,310523,280709,591232
44,2069,310523,280709,591232
45,2069,310523,280709,591232
46,2069,310523,280709,591232
47,2069,310523,280709,591232
48,2069,310523,280709,591232
49,2069,310523,280709,591232
50,2069,310523,280709,591232
51,2069,310523,280709,591232
52,2069,310523,280709,591232
53,2069,310523,280709,591232
54,2069,310523,280709,591232
55,2069,310523,280709,591232
56,2069,310523,280709,591232
57,2069,310523,280709,591232
58,2069,310523,280709,591232
59,2069,310523,280709,591232
60,2069,310523,280709,591232
61,2069,310502,280709,591211
62,2069,310490,280709,591199
63,2069,310629,280709,591338
64,2069,310711,280709,591420
65,2069,310728,280709,591437
66,2069,310677,280709,591386
67,2069,310677,280709,591386
68,2069,310677,280709,591386
69,2069,310609,280709,591318
70,2069,310583,280709,591292
71,2069,310117,280695,590812
72,2069,310465,280709,591174
73,2069,310117,280695,590812
74,2069,310117,280695,590812
75,2069,310117,280695,590812
76,2069,310117,280695,590812
77,2069,310117,280695,590812
78,2069,315589,306728,622317
79,2069,317850,304290,622140
80,2069,315286,304700,619986
81,2069,313486,303270,616756
82,2069,313486,303270,616756
83,2069,313486,303270,616756
84,2069,313486,303270,616756
85,2069,313486,303270,616756
86,2069,313486,303270,616756
87,2069,313486,303270,616756
88,2069,313486,303270,616756
89,2069,313486,303270,616756
90,2069,313486,303270,616756
91,2069,313486,303270,616756
92,2069,313486,303270,616756
93,2069,313486,303270,616756
94,2069,313486,303270,616756
95,2069,313486,303270,616756
96,2069,313486,303270,616756
97,2069,313486,303270,616756
98,2069,313486,303270,616756
99,2069,313486,303270,616756
100,2069,313486,303270,616756
0,2069,292071,275839,567910
1,2069,292089,275900,567989
2,2069,292086,275900,567986
3,2069,292381,275949,568330
4,2069,292447,276194,568641
5,2069,291076,274117,565193
6,2069,291032,274854,565886
7,2069,290997,274886,565883
8,2069,291455,273560,565015
9,2069,292220,275875,568095
10,2069,291207,275214,566421
11,2069,291288,275553,566841
12,2069,293021,276358,569379
13,2069,294152,276089,570241
14,2069,295132,275773,570905
15,2069,295672,275405,571077
16,2069,296009,275276,571285
17,2069,303498,276207,579705
18,2069,304580,277399,581979
19,2069,307593,280366,587959
20,2069,308648,280447,589095
21,2069,309185,280529,589714
22,2069,309411,280647,590058
23,2069,309775,280616,590391
24,2069,309777,280624,590401
25,2069,309777,280624,590401
26,2069,309777,280624,590401
27,2069,309777,280624,590401
28,2069,309777,280624,590401
29,2069,309777,280624,590401
30,2069,309777,280624,590401
31,2069,309777,280624,590401
32,2069,309777,280624,590401
33,2069,309777,280624,590401
34,2069,309777,280624,590401
35,2069,309777,280624,590401
36,2069,309777,280624,590401
37,2069,309777,280616,590393
38,2069,309777,280616,590393
39,2069,309777,280616,590393
40,2069,309777,280616,590393
41,2069,310523,280709,591232
42,2069,310523,280709,591232
43,2069,310523,280709,591232
44,2069,310523,280709,591232
45,2069,310523,280709,591232
46,2069,310523,280709,591232
47,2069,310523,280709,591232
48,2069,310523,280709,591232
49,2069,310523,280709,591232
50,2069,310523,280709,591232
51,2069,310523,280709,591232
52,2069,310523,280709,591232
53,2069,310523,280709,591232
54,2069,310523,280709,591232
55,2069,310523,280709,591232
56,2069,310523,280709,591232
57,2069,310523,280709,591232
58,2069,310523,280709,591232
59,2069,310523,280709,591232
60,2069,310523,280709,591232
61,2069,310502,280709,591211
62,2069,310482,280709,591191
63,2069,310622,280709,591331
64,2069,310711,280709,591420
65,2069,310776,280709,591485
66,2069,310677,280709,591386
67,2069,310677,280709,591386
68,2069,310677,280709,591386
69,2069,310609,280709,591318
70,2069,310583,280709,591292
71,2069,310117,280695,590812
72,2069,310465,280709,591174
73,2069,310117,280695,590812
74,2069,310117,280695,590812
75,2069,310117,280695,590812
76,2069,310117,280695,590812
77,2069,310117,280695,590812
78,2069,319253,303696,622949
79,2069,314882,303302,618184
80,2069,314483,304209,618692
81,2069,313400,302807,616207
82,2069,313400,302807,616207
83,2069,313400,302807,616207
84,2069,313400,302807,616207
85,2069,313400,302807,616207
86,2069,313400,302807,616207
87,2069,313400,302807,616207
88,2069,313400,302807,616207
89,2069,313400,302807,616207
90,2069,313400,302807,616207
91,2069,313400,302807,616207
92,2069,313400,302807,616207
93,2069,313400,302807,616207
94,2069,313400,302807,616207
95,2069,313400,302807,616207
96,2069,313400,302807,616207
97,2069,313400,302807,616207
98,2069,313400,302807,616207
99,2069,313400,302807,616207
100,2069,313400,302807,616207
0,2069,291929,276118,568047
1,2069,292050,276184,568234
2,2069,292024,276184,568208
3,2069,292099,275673,567772
4,2069,291120,275219,566339
5,2069,290898,274381,565279
6,2069,290201,274869,565070
7,2069,289966,274416,564382
8,2069,293136,274868,568004
9,2069,292151,275983,568134
10,2069,291191,275417,566608
11,2069,292570,276264,568834
12,2069,292503,275712,568215
13,2069,293667,275662,569329
14,2069,296166,275731,571897
15,2069,295497,275115,570612
16,2069,296079,275458,571537
17,2069,303229,276582,579811
18,2069,304477,277399,581876
19,2069,306568,280199,586767
20,2069,308456,280490,588946
21,2069,309412,280464,589876
22,2069,309419,280647,590066
23,2069,309775,280624,590399
24,2069,309777,280624,590401
25,2069,309777,280624,590401
26,2069,309777,280624,590401
27,2069,309777,280624,590401
28,2069,309777,280624,590401
29,2069,309777,280624,590401
30,2069,309777,280624,590401
31,2069,309777,280624,590401
32,2069,309777,280624,590401
33,2069,309777,280624,590401
34,2069,309777,280624,590401
35,2069,309777,280624,590401
36,2069,309777,280624,590401
37,2069,309777,280624,590401
38,2069,309777,280624,590401
39,2069,309777,280624,590401
40,2069,309777,280624,590401
41,2069,310523,280709,591232
42,2069,310523,280709,591232
43,2069,310523,280709,591232
44,2069,310523,280709,591232
45,2069,310523,280709,591232
46,2069,310523,280709,591232
47,2069,310523,280709,591232
48,2069,310523,280709,591232
49,2069,310523,280709,591232
50,2069,310523,280709,591232
51,2069,310523,280709,591232
52,2069,310523,280709,591232
53,2069,310523,280709,591232
54,2069,310523,280709,591232
55,2069,310523,280709,591232
56,2069,310523,280709,591232
57,2069,310523,280709,591232
58,2069,310523,280709,591232
59,2069,310523,280709,591232
60,2069,310523,280709,591232
61,2069,310502,280709,591211
62,2069,310542,280709,591251
63,2069,310622,280709,591331
64,2069,310711,280709,591420
65,2069,310776,280709,591485
66,2069,310677,280709,591386
67,2069,310677,280709,591386
68,2069,310677,280709,591386
69,2069,310609,280709,591318
70,2069,310583,280709,591292
71,2069,310117,280695,590812
72,2069,310465,280709,591174
73,2069,310117,280695,590812
74,2069,310117,280695,590812
75,2069,310117,280695,590812
76,2069,310117,280695,590812
77,2069,310117,280695,590812
78,2069,315391,302409,617800
79,2069,313281,301886,615167
80,2069,313582,303403,616985
81,2069,313300,302781,616081
82,2069,313300,302781,616081
83,2069,313300,302781,616081
84,2069,313300,302781,616081
85,2069,313300,302781,616081
86,2069,313300,302781,616081
87,2069,313300,302781,616081
88,2069,313300,302781,616081
89,2069,313300,302781,616081
90,2069,313300,302781,616081
91,2069,313300,302781,616081
92,2069,313300,302781,616081
93,2069,313300,302781,616081
94,2069,313300,302781,616081
95,2069,313300,302781,616081
96,2069,313300,302781,616081
97,2069,313300,302781,616081
98,2069,313300,302781,616081
99,2069,313300,302781,616081
100,2069,313300,302781,616081
0,2069,290678,274865,565543
1,2069,290646,274600,565246
2,2069,290646,274600,565246
3,2069,292028,275935,567963
4,2069,290806,274931,565737
5,2069,291693,275335,567028
6,2069,289512,272972,562484
7,2069,289426,272773,562199
8,2069,292970,275895,568865
9,2069,292042,275514,567556
10,2069,292198,275741,567939
11,2069,291715,275941,567656
12,2069,292280,275815,568095
13,2069,293958,275737,569695
14,2069,295390,275951,571341
15,2069,295576,275625,571201
16,2069,296316,275830,572146
17,2069,302965,276281,579246
18,2069,304630,277408,582038
19,2069,305272,279385,584657
20,2069,308843,280475,589318
21,2069,308966,280464,589430
22,2069,309419,280616,590035
23,2069,309775,280616,590391
24,2069,309777,280616,590393
25,2069,309777,280616,590393
26,2069,309777,280616,590393
27,2069,309777,280616,590393
28,2069,309777,280616,590393
29,2069,309777,280616,590393
30,2069,309777,280616,590393
31,2069,309777,280616,590393
32,2069,309777,280616,590393
33,2069,309777,280616,590393
34,2069,309777,280616,590393
35,2069,309777,280616,590393
36,2069,309777,280616,590393
37,2069,309777,280616,590393
38,2069,309777,280616,590393
39,2069,309777,280616,590393
40,2069,309777,280616,590393
41,2069,310523,280709,591232
42,2069,310523,280709,591232
43,2069,310523,280709,591232
44,2069,310523,280709,591232
45,2069,310523,280709,591232
46,2069,310523,280709,591232
47,2069,310523,280709,591232
48,2069,310523,280709,591232
49,2069,310523,280709,591232
50,2069,310523,280709,591232
51,2069,310523,280709,591232
52,2069,310523,280709,591232
53,2069,310523,280709,591232
54,2069,310523,280709,591232
55,2069,310523,280709,591232
56,2069,310523,280709,591232
57,2069,310523,280709,591232
58,2069,310523,280709,591232
59,2069,310523,280709,591232
60,2069,310523,280709,591232
61,2069,310502,280709,591211
62,2069,310490,280709,591199
63,2069,310629,280709,591338
64,2069,310711,280709,591420
65,2069,310776,280709,591485
66,2069,310677,280709,591386
67,2069,310677,280709,591386
68,2069,310677,280709,591386
69,2069,310609,280709,591318
70,2069,310583,280709,591292
71,2069,310117,280695,590812
72,2069,310465,280709,591174
73,2069,310117,280695,590812
74,2069,310117,280695,590812
75,2069,310117,280695,590812
76,2069,310117,280695,590812
77,2069,310117,280695,590812
78,2069,314163,302133,616296
79,2069,313574,301568,615142
80,2069,313325,302887,616212
81,2069,314143,304623,618766
82,2069,314143,304623,618766
83,2069,314143,304623,618766
84,2069,314143,304623,618766
85,2069,314143,304623,618766
86,2069,314143,304623,618766
87,2069,314143,304623,618766
88,2069,314143,304623,618766
89,2069,314143,304623,618766
90,2069,314143,304623,618766
91,2069,314143,304623,618766
92,2069,314143,304623,618766
93,2069,314143,304623,618766
94,2069,314143,304623,618766
95,2069,314143,304623,618766
96,2069,314143,304623,618766
97,2069,314143,304623,618766
98,2069,314143,304623,618766
99,2069,314143,304623,618766
100,2069,314143,304623,618766
0,2069,289630,273527,563157
1,2069,289084,272978,562062
2,2069,289096,272978,562074
3,2069,291944,275546,567490
4,2069,290744,274239,564983
5,2069,292628,276596,569224
6,2069,290215,273130,563345
7,2069,290379,273170,563549
8,2069,292789,275868,568657
9,2069,292007,275599,567606
10,2069,292516,276305,568821
11,2069,291831,275642,567473
12,2069,293193,276213,569406
13,2069,294133,275848,569981
14,2069,294756,275557,570313
15,2069,295875,275849,571724
16,2069,296104,275804,571908
17,2069,302976,276373,579349
18,2069,304434,277399,581833
19,2069,305026,279291,584317
20,2069,308802,280475,589277
21,2069,308820,280514,589334
22,2069,309407,280616,590023
23,2069,309775,280624,590399
24,2069,309777,280624,590401
25,2069,309777,280624,590401
26,2069,309777,280624,590401
27,2069,309777,280624,590401
28,2069,309777,280624,590401
29,2069,309777,280624,590401
30,2069,309777,280624,590401
31,2069,309777,280624,590401
32,2069,309777,280624,590401
33,2069,309777,280624,590401
34,2069,309777,280624,590401
35,2069,309777,280624,590401
36,2069,309777,280624,590401
37,2069,309777,280616,590393
38,2069,309777,280616,590393
39,2069,309777,280616,590393
40,2069,309777,280616,590393
41,2069,310523,280709,591232
42,2069,310523,280709,591232
43,2069,310523,280709,591232
44,2069,310523,280709,591232
45,2069,310523,280709,591232
46,2069,310523,280709,591232
47,2069,310523,280709,591232
48,2069,310523,280709,591232
49,2069,310523,280709,591232
50,2069,310523,280709,591232
51,2069,310523,280709,591232
52,2069,310523,280709,591232
53,2069,310523,280709,591232
54,2069,310523,280709,591232
55,2069,310523,280709,591232
56,2069,310523,280709,591232
57,2069,310523,280709,591232
58,2069,310523,280709,591232
59,2069,310523,280709,591232
60,2069,310523,280709,591232
61,2069,310502,280709,591211
62,2069,310482,280709,591191
63,2069,310629,280709,591338
64,2069,310711,280709,591420
65,2069,310776,280709,591485
66,2069,310677,280709,591386
67,2069,310677,280709,591386
68,2069,310677,280709,591386
69,2069,310609,280709,591318
70,2069,310583,280709,591292
71,2069,310117,280695,590812
72,2069,310465,280709,591174
73,2069,310117,280695,590812
74,2069,310117,280695,590812
75,2069,310117,280695,590812
76,2069,310117,280695,590812
77,2069,310117,280695,590812
78,2069,312824,302255,615079
79,2069,312361,301855,614216
80,2069,313545,304204,617749
81,2069,315175,307024,622199
82,2069,315175,307024,622199
83,2069,315175,307024,622199
84,2069,315175,307024,622199
85,2069,315175,307024,622199
86,2069,315175,307024,622199
87,2069,315175,307024,622199
88,2069,315175,307024,622199
89,2069,315175,307024,622199
90,2069,315175,307024,622199
91,2069,315175,307024,622199
92,2069,315175,307024,622199
93,2069,315175,307024,622199
94,2069,315175,307024,622199
95,2069,315175,307024,622199
96,2069,315175,307024,622199
97,2069,315175,307024,622199
98,2069,315175,307024,622199
99,2069,315175,307024,622199
100,2069,315175,307024,622199
0,2069,289931,272729,562660
1,2069,289934,272911,562845
2,2069,289982,272952,562934
3,2069,292195,275576,567771
4,2069,291187,274432,565619
5,2069,291032,274005,565037
6,2069,290574,273727,564301
7,2069,291554,273847,565401
8,2069,292191,275275,567466
9,2069,292300,275900,568200
10,2069,291218,275119,566337
11,2069,292350,275661,568011
12,2069,292533,276111,568644
13,2069,294243,276045,570288
14,2069,294509,275322,569831
15,2069,295696,275954,571650
16,2069,295745,275365,571110
17,2069,302787,276624,579411
18,2069,304700,277408,582108
19,2069,305830,279172,585002
20,2069,308798,280475,589273
21,2069,308721,280514,589235
22,2069,309400,280616,590016
23,2069,309775,280624,590399
24,2069,309777,280624,590401
25,2069,309777,280624,590401
26,2069,309777,280624,590401
27,2069,309777,280624,590401
28,2069,309777,280624,590401
29,2069,309777,280624,590401
30,2069,309777,280624,590401
31,2069,309777,280624,590401
32,2069,309777,280624,590401
33,2069,309777,280624,590401
34,2069,309777,280624,590401
35,2069,309777,280624,590401
36,2069,309777,280624,590401
37,2069,309777,280624,590401
38,2069,309777,280624,590401
39,2069,309777,280624,590401
40,2069,309777,280624,590401
41,2069,310523,280709,591232
42,2069,310523,280709,591232
43,2069,310523,280709,591232
44,2069,310523,280709,591232
45,2069,310523,280709,591232
46,2069,310523,280709,591232
47,2069,310523,280709,591232
48,2069,310523,280709,591232
49,2069,310523,280709,591232
50,2069,310523,280709,591232
51,2069,310523,280709,591232
52,2069,310523,280709,591232
53,2069,310523,280709,591232
54,2069,310523,280709,591232
55,2069,310523,280709,591232
56,2069,310523,280709,591232
57,2069,310523,280709,591232
58,2069,310523,280709,591232
59,2069,310523,280709,591232
60,2069,310523,280709,591232
61,2069,310502,280709,591211
62,2069,310542,280709,591251
63,2069,310622,280709,591331
64,2069,310711,280709,591420
65,2069,310776,280709,591485
66,2069,310677,280709,591386
67,2069,310677,280709,591386
68,2069,310677,280709,591386
69,2069,310609,280709,591318
70,2069,310583,280709,591292
71,2069,310117,280695,590812
72,2069,310465,280709,591174
73,2069,310117,280695,590812
74,2069,310117,280695,590812
75,2069,310117,280695,590812
76,2069,310117,280695,590812
77,2069,310117,280695,590812
78,2069,314312,303031,617343
79,2069,314087,303226,617313
80,2069,313783,305497,619280
81,2069,319234,305827,625061
82,2069,319234,305827,625061
83,2069,319234,305827,625061
84,2069,319234,305827,625061
85,2069,319234,305827,625061
86,2069,319234,305827,625061
87,2069,319234,305827,625061
88,2069,319234,305827,625061
89,2069,319234,305827,625061
90,2069,319234,305827,625061
91,2069,319234,305827,625061
92,2069,319234,305827,625061
93,2069,319234,305827,625061
94,2069,319234,305827,625061
95,2069,319234,305827,625061
96,2069,319234,305827,625061
97,2069,319234,305827,625061
98,2069,319234,305827,625061
99,2069,319234,305827,625061
100,2069,319234,305827,625061
0,2069,290389,273324,563713
1,2069,290357,273423,563780
2,2069,290327,273499,563826
3,2069,292216,275829,568045
4,2069,292652,275969,568621
5,2069,290429,274160,564589
6,2069,291995,274742,566737
7,2069,293131,275594,568725
8,2069,292310,275603,567913
9,2069,292239,275895,568134
10,2069,291305,275231,566536
11,2069,292658,276470,569128
12,2069,291894,275712,567606
13,2069,293818,275668,569486
14,2069,294959,275664,570623
15,2069,295329,275541,570870
16,2069,296065,275365,571430
17,2069,302452,276309,578761
18,2069,304434,277399,581833
19,2069,307640,279219,586859
20,2069,308797,280475,589272
21,2069,309191,280529,589720
22,2069,309411,280647,590058
23,2069,309775,280624,590399
24,2069,309777,280624,590401
25,2069,309777,280624,590401
26,2069,309777,280624,590401
27,2069,309777,280624,590401
28,2069,309777,280624,590401
29,2069,309777,280624,590401
30,2069,309777,280624,590401
31,2069,309777,280624,590401
32,2069,309777,280624,590401
33,2069,309777,280624,590401
34,2069,309777,280624,590401
35,2069,309777,280624,590401
36,2069,309777,280624,590401
37,2069,309777,280624,590401
38,2069,309777,280624,590401
39,2069,309777,280624,590401
40,2069,309777,280624,590401
41,2069,310523,280709,591232
42,2069,310523,280709,591232
43,2069,310523,280709,591232
44,2069,310523,280709,591232
45,2069,310523,280709,591232
46,2069,310523,280709,591232
47,2069,310523,280709,591232
48,2069,310523,280709,591232
49,2069,310523,280709,591232
50,2069,310523,280709,591232
51,2069,310523,280709,591232
52,2069,310523,280709,591232
53,2069,310523,280709,591232
54,2069,310523,280709,591232
55,2069,310523,280709,591232
56,2069,310523,280709,591232
57,2069,310523,280709,591232
58,2069,310523,280709,591232
59,2069,310523,280709,591232
60,2069,310523,280709,591232
61,2069,310502,280709,591211
62,2069,310490,280709,591199
63,2069,310622,280709,591331
64,2069,310711,280709,591420
65,2069,310776,280709,591485
66,2069,310677,280709,591386
67,2069,310677,280709,591386
68,2069,310677,280709,591386
69,2069,310609,280709,591318
70,2069,310583,280709,591292
71,2069,310117,280695,590812
72,2069,310465,280709,591174
73,2069,310117,280695,590812
74,2069,310117,280695,590812
75,2069,310117,280695,590812
76,2069,310117,280695,590812
77,2069,310117,280695,590812
78,2069,314565,303350,617915
79,2069,315463,303836,619299
80,2069,315597,307591,623188
81,2069,318475,306338,624813
82,2069,318475,306338,624813
83,2069,318475,306338,624813
84,2069,318475,306338,624813
85,2069,318475,306338,624813
86,2069,318475,306338,624813
87,2069,318475,306338,624813
88,2069,318475,306338,624813
89,2069,318475,306338,624813
90,2069,318475,306338,624813
91,2069,318475,306338,624813
92,2069,318475,306338,624813
93,2069,318475,306338,624813
94,2069,318475,306338,624813
95,2069,318475,306338,624813
96,2069,318475,306338,624813
97,2069,318475,306338,624813
98,2069,318475,306338,624813
99,2069,318475,306338,624813
100,2069,318475,306338,624813
0,2069,291577,274118,565695
1,2069,291704,274059,565763
2,2069,291728,274070,565798
3,2069,292172,275866,568038
4,2069,292520,275795,568315
5,2069,290894,274103,564997
6,2069,293029,275653,568682
7,2069,293002,275585,568587
8,2069,292514,276161,568675
9,2069,292060,275434,567494
10,2069,292373,275869,568242
11,2069,291521,275321,566842
12,2069,292700,275905,568605
13,2069,293942,275538,569480
14,2069,295205,275997,571202
15,2069,296250,275426,571676
16,2069,296330,275907,572237
17,2069,302651,276235,578886
18,2069,304622,277408,582030
19,2069,308470,279310,587780
20,2069,308804,280475,589279
21,2069,309404,280464,589868
22,2069,309411,280647,590058
23,2069,309775,280624,590399
24,2069,309777,280624,590401
25,2069,309777,280624,590401
26,2069,309777,280624,590401
27,2069,309777,280624,590401
28,2069,309777,280624,590401
29,2069,309777,280624,590401
30,2069,309777,280624,590401
31,2069,309777,280624,590401
32,2069,309777,280624,590401
33,2069,309777,280624,590401
34,2069,309777,280624,590401
35,2069,309777,280624,590401
36,2069,309777,280624,590401
37,2069,309777,280624,590401
38,2069,309777,280624,590401
39,2069,309777,280624,590401
40,2069,309777,280624,590401
41,2069,310523,280709,591232
42,2069,310523,280709,591232
43,2069,310523,280709,591232
44,2069,310523,280709,591232
45,2069,310523,280709,591232
46,2069,310523,280709,591232
47,2069,310523,280709,591232
48,2069,310523,280709,591232
49,2069,310523,280709,591232
50,2069,310523,280709,591232
51,2069,310523,280709,591232
52,2069,310523,280709,591232
53,2069,310523,280709,591232
54,2069,310523,280709,591232
55,2069,310523,280709,591232
56,2069,310523,280709,591232
57,2069,310523,280709,591232
58,2069,310523,280709,591232
59,2069,310523,280709,591232
60,2069,310523,280709,591232
61,2069,310502,280709,591211
62,2069,310482,280709,591191
63,2069,310629,280709,591338
64,2069,310711,280709,591420
65,2069,310776,280709,591485
66,2069,310677,280709,591386
67,2069,310677,280709,591386
68,2069,310677,280709,591386
69,2069,310609,280709,591318
70,2069,310583,280709,591292
71,2069,310117,280695,590812
72,2069,310465,280709,591174
73,2069,310117,280695,590812
74,2069,310117,280695,590812
75,2069,310117,280695,590812
76,2069,310117,280695,590812
77,2069,310117,280695,590812
78,2069,314748,304905,619653
79,2069,315681,305040,620721
80,2069,320100,305595,625695
81,2069,319150,304796,623946
82,2069,319150,304796,623946
83,2069,319150,304796,623946
84,2069,319150,304796,623946
85,2069,319150,304796,623946
86,2069,319150,304796,623946
87,2069,319150,304796,623946
88,2069,319150,304796,623946
89,2069,319150,304796,623946
90,2069,319150,304796,623946
91,2069,319150,304796,623946
92,2069,319150,304796,623946
93,2069,319150,304796,623946
94,2069,319150,304796,623946
95,2069,319150,304796,623946
96,2069,319150,304796,623946
97,2069,319150,304796,623946
98,2069,319150,304796,623946
99,2069,319150,304796,623946
100,2069,319150,304796,623946
0,2069,292691,275252,567943
1,2069,292737,275408,568145
2,2069,292737,275396,568133
3,2069,291909,275660,567569
4,2069,292434,275675,568109
5,2069,292224,276129,568353
6,2069,292989,275830,568819
7,2069,292884,275778,568662
8,2069,291224,275620,566844
9,2069,291990,275557,567547
10,2069,292433,276415,568848
11,2069,291391,275660,567051
12,2069,293221,276798,570019
13,2069,294261,275802,570063
14,2069,297791,275834,573625
15,2069,295951,275686,571637
16,2069,296030,275683,571713
17,2069,302367,276387,578754
18,2069,304434,277399,581833
19,2069,309346,279536,588882
20,2069,308804,280475,589279
21,2069,308966,280464,589430
22,2069,309411,280616,590027
23,2069,309775,280624,590399
24,2069,309777,280624,590401
25,2069,309777,280624,590401
26,2069,309777,280624,590401
27,2069,309777,280624,590401
28,2069,309777,280624,590401
29,2069,309777,280624,590401
30,2069,309777,280624,590401
31,2069,309777,280624,590401
32,2069,309777,280624,590401
33,2069,309777,280624,590401
34,2069,309777,280624,590401
35,2069,309777,280624,590401
36,2069,309777,280624,590401
37,2069,309777,280624,590401
38,2069,309777,280624,590401
39,2069,309777,280624,590401
40,2069,309777,280624,590401
41,2069,310523,280709,591232
42,2069,310523,280709,591232
43,2069,310523,280709,591232
44,2069,310523,280709,591232
45,2069,310523,280709,591232
46,2069,310523,280709,591232
47,2069,310523,280709,591232
48,2069,310523,280709,591232
49,2069,310523,280709,591232
50,2069,310523,280709,591232
51,2069,310523,280709,591232
52,2069,310523,280709,591232
53,2069,310523,280709,591232
54,2069,310523,280709,591232
55,2069,310523,280709,591232
56,2069,310523,280709,591232
57,2069,310523,280709,591232
58,2069,310523,280709,591232
59,2069,310523,280709,591232
60,2069,310523,280709,591232
61,2069,310502,280709,591211
62,2069,310542,280709,591251
63,2069,310629,280709,591338
64,2069,310711,280709,591420
65,2069,310776,280709,591485
66,2069,310677,280709,591386
67,2069,310677,280709,591386
68,2069,310677,280709,591386
69,2069,310609,280709,591318
70,2069,310583,280709,591292
71,2069,310117,280695,590812
72,2069,310465,280709,591174
73,2069,310117,280695,590812
74,2069,310117,280695,590812
75,2069,310117,280695,590812
76,2069,310117,280695,590812
77,2069,310117,280695,590812
78,2069,315901,306651,622552
79,2069,316557,307162,623719
80,2069,319112,306085,625197
81,2069,317302,305907,623209
82,2069,317302,305907,623209
83,2069,317302,305907,623209
84,2069,317302,305907,623209
85,2069,317302,305907,623209
86,2069,317302,305907,623209
87,2069,317302,305907,623209
88,2069,317302,305907,623209
89,2069,317302,305907,623209
90,2069,317302,305907,623209
91,2069,317302,305907,623209
92,2069,317302,305907,623209
93,2069,317302,305907,623209
94,2069,317302,305907,623209
95,2069,317302,305907,623209
96,2069,317302,305907,623209
97,2069,317302,305907,623209
98,2069,317302,305907,623209
99,2069,317302,305907,623209
100,2069,317302,305907,623209
0,2070,292160,275407,567567
1,2070,292160,275407,567567
2,2070,292156,275407,567563
3,2070,292317,275433,567750
4,2070,292459,275435,567894
5,2070,292604,275460,568064
6,2070,292715,275538,568253
7,2070,292699,275529,568228
8,2070,292688,275503,568191
9,2070,292689,275485,568174
10,2070,292704,275551,568255
11,2070,292828,275972,568800
12,2070,293342,276256,569598
13,2070,293719,276375,570094
14,2070,293758,276281,570039
15,2070,293823,276272,570095
16,2070,294123,276355,570478
17,2070,294561,276410,570971
18,2070,295789,276733,572522
19,2070,296731,278188,574919
20,2070,296795,278225,575020
21,2070,296833,278284,575117
22,2070,296862,278532,575394
23,2070,296890,278545,575435
24,2070,296890,278545,575435
25,2070,296890,278545,575435
26,2070,296890,278545,575435
27,2070,296890,278545,575435
28,2070,296890,278545,575435
29,2070,296890,278545,575435
30,2070,296890,278545,575435
31,2070,296890,278545,575435
32,2070,296890,278545,575435
33,2070,296890,278545,575435
34,2070,296890,278545,575435
35,2070,296890,278545,575435
36,2070,296890,278545,575435
37,2070,296890,278545,575435
38,2070,296890,278545,575435
39,2070,296890,278545,575435
40,2070,296890,278545,575435
41,2070,296890,278545,575435
42,2070,296890,278545,575435
43,2070,296890,278545,575435
44,2070,296890,278545,575435
45,2070,296890,278545,575435
46,2070,296881,278545,575426
47,2070,296873,278545,575418
48,2070,296873,278545,575418
49,2070,296873,278545,575418
50,2070,296873,278545,575418
51,2070,296873,278595,575468
52,2070,296873,278595,575468
53,2070,296873,278595,575468
54,2070,296873,278595,575468
55,2070,296873,278595,575468
56,2070,296873,278595,575468
57,2070,296873,278595,575468
58,2070,296873,278595,575468
59,2070,296873,278595,575468
60,2070,296873,278595,575468
61,2070,296873,278595,575468
62,2070,296873,278595,575468
63,2070,296873,278595,575468
64,2070,296825,278595,575420
65,2070,296825,278595,575420
66,2070,296738,278595,575333
67,2070,296738,278595,575333
68,2070,296472,278595,575067
69,2070,296377,278595,574972
70,2070,296237,278595,574832
71,2070,295800,278595,574395
72,2070,295800,278595,574395
73,2070,295461,278595,574056
74,2070,295423,278595,574018
75,2070,295423,278595,574018
76,2070,295423,278595,574018
77,2070,295423,278595,574018
78,2070,295423,279554,574977
79,2070,295423,279363,574786
80,2070,295423,279614,575037
81,2070,295423,279743,575166
82,2070,295423,279743,575166
83,2070,295423,279743,575166
84,2070,295423,279743,575166
85,2070,295423,279743,575166
86,2070,295423,279743,575166
87,2070,295423,279743,575166
88,2070,295423,279743,575166
89,2070,295423,279743,575166
90,2070,295423,279743,575166
91,2070,295423,279743,575166
92,2070,295423,279743,575166
93,2070,295423,279743,575166
94,2070,295423,279743,575166
95,2070,295423,279743,575166
96,2070,295423,279743,575166
97,2070,295423,279743,575166
98,2070,295423,279743,575166
99,2070,295423,279743,575166
100,2070,295423,279743,575166
0,2070,292266,275259,567525
1,2070,292266,275259,567525
2,2070,292259,275259,567518
3,2070,292436,275274,567710
4,2070,292615,275193,567808
5,2070,292741,275299,568040
6,2070,292868,275406,568274
7,2070,292842,275390,568232
8,2070,292820,275364,568184
9,2070,292815,275344,568159
10,2070,292810,275474,568284
11,2070,292862,275699,568561
12,2070,293184,275754,568938
13,2070,293704,275708,569412
14,2070,293937,275800,569737
15,2070,294124,275792,569916
16,2070,294466,275859,570325
17,2070,295672,275850,571522
18,2070,297964,276497,574461
19,2070,298821,278322,577143
20,2070,299958,278491,578449
21,2070,300126,278538,578664
22,2070,300128,279006,579134
23,2070,300136,279020,579156
24,2070,300136,279020,579156
25,2070,300136,279020,579156
26,2070,300136,279020,579156
27,2070,300136,279020,579156
28,2070,300136,279020,579156
29,2070,300136,279020,579156
30,2070,300136,279020,579156
31,2070,300136,279020,579156
32,2070,300136,279020,579156
33,2070,300136,279020,579156
34,2070,300136,279020,579156
35,2070,300136,279020,579156
36,2070,300136,279020,579156
37,2070,300136,279020,579156
38,2070,300136,279020,579156
39,2070,300136,279020,579156
40,2070,300136,279020,579156
41,2070,300136,279020,579156
42,2070,300136,279020,579156
43,2070,300136,279020,579156
44,2070,300538,279020,579558
45,2070,300538,279020,579558
46,2070,300536,279020,579556
47,2070,300528,279020,579548
48,2070,300528,279020,579548
49,2070,300528,279020,579548
50,2070,300528,279020,579548
51,2070,300528,279059,579587
52,2070,300528,279059,579587
53,2070,300528,279059,579587
54,2070,300528,279059,579587
55,2070,300528,279059,579587
56,2070,300528,279059,579587
57,2070,300528,279059,579587
58,2070,300528,279059,579587
59,2070,300528,279059,579587
60,2070,300528,279059,579587
61,2070,300528,279059,579587
62,2070,300528,279059,579587
63,2070,300528,279059,579587
64,2070,300557,279059,579616
65,2070,300557,279059,579616
66,2070,300066,279059,579125
67,2070,300008,279059,579067
68,2070,299613,279059,578672
69,2070,299663,279059,578722
70,2070,299415,279037,578452
71,2070,298888,279037,577925
72,2070,298782,279037,577819
73,2070,298283,278963,577246
74,2070,298238,278963,577201
75,2070,298238,278963,577201
76,2070,298238,278963,577201
77,2070,298238,278963,577201
78,2070,298344,280269,578613
79,2070,298259,280078,578337
80,2070,298344,280826,579170
81,2070,298338,280568,578906
82,2070,298338,280568,578906
83,2070,298338,280568,578906
84,2070,298338,280568,578906
85,2070,298338,280568,578906
86,2070,298338,280568,578906
87,2070,298338,280568,578906
88,2070,298338,280568,578906
89,2070,298338,280568,578906
90,2070,298338,280568,578906
91,2070,298338,280568,578906
92,2070,298338,280568,578906
93,2070,298338,280568,578906
94,2070,298338,280568,578906
95,2070,298338,280568,578906
96,2070,298338,280568,578906
97,2070,298338,280568,578906
98,2070,298338,280568,578906
99,2070,298338,280568,578906
100,2070,298338,280568,578906
0,2070,292274,275413,567687
1,2070,292274,275413,567687
2,2070,292266,275413,567679
3,2070,292417,275347,567764
4,2070,292716,275394,568110
5,2070,292856,275450,568306
6,2070,292910,275526,568436
7,2070,292866,275510,568376
8,2070,292838,275471,568309
9,2070,292865,275477,568342
10,2070,292819,275561,568380
11,2070,292909,275804,568713
12,2070,293366,276259,569625
13,2070,294527,276216,570743
14,2070,294776,276418,571194
15,2070,295034,276413,571447
16,2070,296135,276482,572617
17,2070,297419,276524,573943
18,2070,299982,276890,576872
19,2070,300697,278092,578789
20,2070,300794,278561,579355
21,2070,301474,278636,580110
22,2070,301310,278941,580251
23,2070,301326,278955,580281
24,2070,301326,278955,580281
25,2070,301326,278955,580281
26,2070,301326,278955,580281
27,2070,301326,278955,580281
28,2070,301326,278955,580281
29,2070,301326,278955,580281
30,2070,301326,278955,580281
31,2070,301326,278955,580281
32,2070,301326,278955,580281
33,2070,301326,278955,580281
34,2070,301326,278955,580281
35,2070,301326,278955,580281
36,2070,301326,278955,580281
37,2070,301326,278955,580281
38,2070,301326,278955,580281
39,2070,301326,278955,580281
40,2070,301326,278955,580281
41,2070,301326,278955,580281
42,2070,301326,278955,580281
43,2070,301333,278955,580288
44,2070,303077,279111,582188
45,2070,303077,279111,582188
46,2070,302118,279111,581229
47,2070,302109,279111,581220
48,2070,302109,279111,581220
49,2070,302109,279111,581220
50,2070,302109,279111,581220
51,2070,302109,279149,581258
52,2070,302109,279149,581258
53,2070,302109,279149,581258
54,2070,302109,279149,581258
55,2070,302109,279149,581258
56,2070,302109,279149,581258
57,2070,302109,279149,581258
58,2070,302109,279149,581258
59,2070,302109,279149,581258
60,2070,302109,279149,581258
61,2070,302109,279149,581258
62,2070,302109,279149,581258
63,2070,302109,279149,581258
64,2070,303056,279149,582205
65,2070,303056,279149,582205
66,2070,301751,278994,580745
67,2070,301764,278926,580690
68,2070,301625,278926,580551
69,2070,301693,278926,580619
70,2070,301698,278926,580624
71,2070,302699,279051,581750
72,2070,302614,279051,581665
73,2070,301717,279129,580846
74,2070,301717,279129,580846
75,2070,301717,279129,580846
76,2070,301717,279129,580846
77,2070,301717,279129,580846
78,2070,301618,283834,585452
79,2070,301588,283520,585108
80,2070,301523,283856,585379
81,2070,301545,283856,585401
82,2070,301545,283856,585401
83,2070,301545,283856,585401
84,2070,301545,283856,585401
85,2070,301545,283856,585401
86,2070,301545,283856,585401
87,2070,301545,283856,585401
88,2070,301545,283856,585401
89,2070,301545,283856,585401
90,2070,301545,283856,585401
91,2070,301545,283856,585401
92,2070,301545,283856,585401
93,2070,301545,283856,585401
94,2070,301545,283856,585401
95,2070,301545,283856,585401
96,2070,301545,283856,585401
97,2070,301545,283856,585401
98,2070,301545,283856,585401
99,2070,301545,283856,585401
100,2070,301545,283856,585401
0,2070,292099,274901,567000
1,2070,292099,274901,567000
2,2070,292091,274901,566992
3,2070,292300,274901,567201
4,2070,292463,274931,567394
5,2070,292518,274983,567501
6,2070,292615,275035,567650
7,2070,292607,275057,567664
8,2070,292601,275043,567644
9,2070,292574,275024,567598
10,2070,292549,275055,567604
11,2070,292624,275339,567963
12,2070,293047,275490,568537
13,2070,294584,275590,570174
14,2070,295239,275679,570918
15,2070,297561,275661,573222
16,2070,296031,275360,571391
17,2070,298511,275281,573792
18,2070,300960,276311,577271
19,2070,318140,278178,596318
20,2070,318570,278704,597274
21,2070,307169,279147,586316
22,2070,306963,279195,586158
23,2070,307025,279209,586234
24,2070,307025,279209,586234
25,2070,307025,279209,586234
26,2070,307025,279209,586234
27,2070,307025,279209,586234
28,2070,307025,279209,586234
29,2070,307025,279209,586234
30,2070,307025,279209,586234
31,2070,307025,279209,586234
32,2070,307025,279209,586234
33,2070,307025,279209,586234
34,2070,307025,279209,586234
35,2070,307025,279209,586234
36,2070,307025,279209,586234
37,2070,307025,279209,586234
38,2070,307025,279209,586234
39,2070,307025,279209,586234
40,2070,307025,279209,586234
41,2070,307025,279209,586234
42,2070,307025,279209,586234
43,2070,307025,279209,586234
44,2070,309401,279433,588834
45,2070,309401,279433,588834
46,2070,308138,279364,587502
47,2070,308207,279364,587571
48,2070,308207,279364,587571
49,2070,308207,279364,587571
50,2070,308207,279364,587571
51,2070,308198,279402,587600
52,2070,308198,279402,587600
53,2070,308198,279402,587600
54,2070,308198,279402,587600
55,2070,308198,279402,587600
56,2070,308198,279402,587600
57,2070,308198,279402,587600
58,2070,308198,279402,587600
59,2070,308198,279402,587600
60,2070,308198,279402,587600
61,2070,308198,279402,587600
62,2070,308198,279402,587600
63,2070,308198,279402,587600
64,2070,309449,279472,588921
65,2070,309538,279472,589010
66,2070,307947,279400,587347
67,2070,308227,279400,587627
68,2070,307618,279138,586756
69,2070,307735,279232,586967
70,2070,307742,279123,586865
71,2070,309127,279187,588314
72,2070,308751,279129,587880
73,2070,307179,279129,586308
74,2070,307179,279129,586308
75,2070,307179,279129,586308
76,2070,307179,279129,586308
77,2070,307179,279129,586308
78,2070,306934,286413,593347
79,2070,306862,284996,591858
80,2070,306855,286432,593287
81,2070,306855,286432,593287
82,2070,306855,286432,593287
83,2070,306855,286432,593287
84,2070,306855,286432,593287
85,2070,306855,286432,593287
86,2070,306855,286432,593287
87,2070,306855,286432,593287
88,2070,306855,286432,593287
89,2070,306855,286432,593287
90,2070,306855,286432,593287
91,2070,306855,286432,593287
92,2070,306855,286432,593287
93,2070,306855,286432,593287
94,2070,306855,286432,593287
95,2070,306855,286432,593287
96,2070,306855,286432,593287
97,2070,306855,286432,593287
98,2070,306855,286432,593287
99,2070,306855,286432,593287
100,2070,306855,286432,593287
0,2070,292414,276267,568681
1,2070,292414,276267,568681
2,2070,292410,276267,568677
3,2070,292524,276267,568791
4,2070,292770,276374,569144
5,2070,292782,276405,569187
6,2070,292777,275836,568613
7,2070,292789,275833,568622
8,2070,292809,276105,568914
9,2070,292817,276218,569035
10,2070,292752,276008,568760
11,2070,292786,276013,568799
12,2070,292637,275836,568473
13,2070,294207,275567,569774
14,2070,297544,275452,572996
15,2070,296712,275491,572203
16,2070,295873,275344,571217
17,2070,298696,275638,574334
18,2070,308040,277244,585284
19,2070,310244,279250,589494
20,2070,310992,279343,590335
21,2070,309447,279369,588816
22,2070,309498,279517,589015
23,2070,309548,279517,589065
24,2070,309548,279517,589065
25,2070,309548,279517,589065
26,2070,309548,279517,589065
27,2070,309548,279517,589065
28,2070,309548,279517,589065
29,2070,309548,279517,589065
30,2070,309548,279517,589065
31,2070,309548,279517,589065
32,2070,309548,279517,589065
33,2070,309548,279517,589065
34,2070,309548,279517,589065
35,2070,309548,279517,589065
36,2070,309548,279517,589065
37,2070,309933,279517,589450
38,2070,309933,279517,589450
39,2070,309933,279517,589450
40,2070,309933,279517,589450
41,2070,309933,279517,589450
42,2070,309933,279517,589450
43,2070,309933,279517,589450
44,2070,311218,279445,590663
45,2070,311218,279445,590663
46,2070,311078,279485,590563
47,2070,311078,279485,590563
48,2070,311078,279485,590563
49,2070,311078,279485,590563
50,2070,311078,279485,590563
51,2070,311087,279523,590610
52,2070,311087,279523,590610
53,2070,311087,279523,590610
54,2070,311087,279523,590610
55,2070,311087,279523,590610
56,2070,311087,279523,590610
57,2070,311087,279523,590610
58,2070,311087,279523,590610
59,2070,311087,279523,590610
60,2070,311087,279523,590610
61,2070,311087,279523,590610
62,2070,311087,279523,590610
63,2070,311197,279523,590720
64,2070,311402,279483,590885
65,2070,311494,279483,590977
66,2070,311142,279522,590664
67,2070,311181,279522,590703
68,2070,310276,279498,589774
69,2070,310326,279498,589824
70,2070,310257,279585,589842
71,2070,310672,279598,590270
72,2070,310683,279572,590255
73,2070,309854,279579,589433
74,2070,309854,279579,589433
75,2070,309854,279579,589433
76,2070,309854,279579,589433
77,2070,309854,279579,589433
78,2070,309223,297053,606276
79,2070,309182,295170,604352
80,2070,309215,297002,606217
81,2070,309223,297359,606582
82,2070,309223,297359,606582
83,2070,309223,297359,606582
84,2070,309223,297359,606582
85,2070,309223,297359,606582
86,2070,309223,297359,606582
87,2070,309223,297359,606582
88,2070,309223,297359,606582
89,2070,309223,297359,606582
90,2070,309223,297359,606582
91,2070,309223,297359,606582
92,2070,309223,297359,606582
93,2070,309223,297359,606582
94,2070,309223,297359,606582
95,2070,309223,297359,606582
96,2070,309223,297359,606582
97,2070,309223,297359,606582
98,2070,309223,297359,606582
99,2070,309223,297359,606582
100,2070,309223,297359,606582
0,2070,290839,275033,565872
1,2070,290839,275033,565872
2,2070,290835,275033,565868
3,2070,290937,275233,566170
4,2070,291005,274937,565942
5,2070,291046,275155,566201
6,2070,292232,276240,568472
7,2070,292199,276233,568432
8,2070,291249,275661,566910
9,2070,291199,275601,566800
10,2070,292123,276191,568314
11,2070,292361,276048,568409
12,2070,293171,276060,569231
13,2070,294126,275531,569657
14,2070,296668,275937,572605
15,2070,295244,275388,570632
16,2070,296127,275713,571840
17,2070,298662,276231,574893
18,2070,305162,277907,583069
19,2070,309543,280666,590209
20,2070,310358,280573,590931
21,2070,310236,280007,590243
22,2070,310517,280086,590603
23,2070,310504,280086,590590
24,2070,310504,280086,590590
25,2070,310504,280086,590590
26,2070,310504,280086,590590
27,2070,310504,280086,590590
28,2070,310504,280086,590590
29,2070,310504,280086,590590
30,2070,310504,280086,590590
31,2070,310504,280086,590590
32,2070,310504,280086,590590
33,2070,310504,280086,590590
34,2070,310504,280086,590590
35,2070,310504,280086,590590
36,2070,310504,280086,590590
37,2070,310568,280086,590654
38,2070,310568,280086,590654
39,2070,310568,280086,590654
40,2070,310568,280086,590654
41,2070,310949,280086,591035
42,2070,310949,280086,591035
43,2070,310949,280086,591035
44,2070,311212,280770,591982
45,2070,311212,280770,591982
46,2070,311402,280718,592120
47,2070,311402,280718,592120
48,2070,311402,280718,592120
49,2070,311402,280718,592120
50,2070,311402,280718,592120
51,2070,311402,280757,592159
52,2070,311402,280757,592159
53,2070,311402,280757,592159
54,2070,311402,280757,592159
55,2070,311402,280757,592159
56,2070,311402,280757,592159
57,2070,311402,280757,592159
58,2070,311402,280757,592159
59,2070,311402,280757,592159
60,2070,311402,280757,592159
61,2070,311402,280757,592159
62,2070,311402,280757,592159
63,2070,311500,280757,592257
64,2070,311363,280826,592189
65,2070,311724,280826,592550
66,2070,311611,280757,592368
67,2070,311478,280757,592235
68,2070,311136,280282,591418
69,2070,311224,280386,591610
70,2070,311089,280359,591448
71,2070,311023,280782,591805
72,2070,311415,280757,592172
73,2070,310475,280113,590588
74,2070,310475,280113,590588
75,2070,310475,280113,590588
76,2070,310475,280113,590588
77,2070,310475,280113,590588
78,2070,312080,301426,613506
79,2070,311717,300216,611933
80,2070,312078,301550,613628
81,2070,312097,305369,617466
82,2070,312097,305369,617466
83,2070,312097,305369,617466
84,2070,312097,305369,617466
85,2070,312097,305369,617466
86,2070,312097,305369,617466
87,2070,312097,305369,617466
88,2070,312097,305369,617466
89,2070,312097,305369,617466
90,2070,312097,305369,617466
91,2070,312097,305369,617466
92,2070,312097,305369,617466
93,2070,312097,305369,617466
94,2070,312097,305369,617466
95,2070,312097,305369,617466
96,2070,312097,305369,617466
97,2070,312097,305369,617466
98,2070,312097,305369,617466
99,2070,312097,305369,617466
100,2070,312097,305369,617466
0,2070,289659,274603,564262
1,2070,289659,274603,564262
2,2070,289665,274603,564268
3,2070,290131,274992,565123
4,2070,290075,275018,565093
5,2070,290517,275453,565970
6,2070,291142,275727,566869
7,2070,291129,275727,566856
8,2070,291983,276029,568012
9,2070,291141,275810,566951
10,2070,291146,275616,566762
11,2070,292016,276074,568090
12,2070,292897,276138,569035
13,2070,294262,276019,570281
14,2070,294683,275572,570255
15,2070,297679,275397,573076
16,2070,295993,275946,571939
17,2070,298812,276626,575438
18,2070,303893,278118,582011
19,2070,307392,280296,587688
20,2070,308113,280287,588400
21,2070,310267,280533,590800
22,2070,310619,280734,591353
23,2070,310685,280734,591419
24,2070,310685,280734,591419
25,2070,310685,280734,591419
26,2070,310685,280734,591419
27,2070,310685,280734,591419
28,2070,310685,280734,591419
29,2070,310685,280734,591419
30,2070,310685,280734,591419
31,2070,310685,280734,591419
32,2070,310685,280734,591419
33,2070,310685,280734,591419
34,2070,310685,280734,591419
35,2070,310685,280734,591419
36,2070,310685,280734,591419
37,2070,310706,280734,591440
38,2070,310706,280734,591440
39,2070,310706,280734,591440
40,2070,310706,280734,591440
41,2070,311060,280758,591818
42,2070,311060,280758,591818
43,2070,311060,280758,591818
44,2070,310515,280639,591154
45,2070,310515,280639,591154
46,2070,310557,280639,591196
47,2070,310557,280639,591196
48,2070,310557,280639,591196
49,2070,310557,280639,591196
50,2070,310557,280639,591196
51,2070,310557,280639,591196
52,2070,310557,280639,591196
53,2070,310557,280639,591196
54,2070,310557,280639,591196
55,2070,310557,280639,591196
56,2070,310557,280639,591196
57,2070,310557,280639,591196
58,2070,310557,280639,591196
59,2070,310557,280639,591196
60,2070,310557,280639,591196
61,2070,310557,280639,591196
62,2070,310557,280639,591196
63,2070,310910,280639,591549
64,2070,310761,280639,591400
65,2070,311033,280639,591672
66,2070,311135,280672,591807
67,2070,310932,280639,591571
68,2070,311116,280771,591887
69,2070,311041,280703,591744
70,2070,310992,280666,591658
71,2070,310516,280639,591155
72,2070,310473,280639,591112
73,2070,311008,280697,591705
74,2070,311008,280697,591705
75,2070,311008,280697,591705
76,2070,311008,280697,591705
77,2070,311008,280697,591705
78,2070,314470,302480,616950
79,2070,314144,302411,616555
80,2070,314352,302829,617181
81,2070,316242,304224,620466
82,2070,316242,304224,620466
83,2070,316242,304224,620466
84,2070,316242,304224,620466
85,2070,316242,304224,620466
86,2070,316242,304224,620466
87,2070,316242,304224,620466
88,2070,316242,304224,620466
89,2070,316242,304224,620466
90,2070,316242,304224,620466
91,2070,316242,304224,620466
92,2070,316242,304224,620466
93,2070,316242,304224,620466
94,2070,316242,304224,620466
95,2070,316242,304224,620466
96,2070,316242,304224,620466
97,2070,316242,304224,620466
98,2070,316242,304224,620466
99,2070,316242,304224,620466
100,2070,316242,304224,620466
0,2070,289139,272661,561800
1,2070,289139,272661,561800
2,2070,289140,272661,561801
3,2070,289119,272764,561883
4,2070,289360,272455,561815
5,2070,290329,273837,564166
6,2070,290582,275044,565626
7,2070,290513,275001,565514
8,2070,291822,275327,567149
9,2070,292040,275205,567245
10,2070,290765,275121,565886
11,2070,291646,275629,567275
12,2070,292463,275852,568315
13,2070,293960,275907,569867
14,2070,294086,274870,568956
15,2070,297101,275906,573007
16,2070,295988,275549,571537
17,2070,299178,275915,575093
18,2070,303074,277430,580504
19,2070,305532,280384,585916
20,2070,307797,280492,588289
21,2070,309263,280395,589658
22,2070,309846,280601,590447
23,2070,310066,280601,590667
24,2070,310068,280601,590669
25,2070,310068,280601,590669
26,2070,310068,280601,590669
27,2070,310068,280601,590669
28,2070,310068,280601,590669
29,2070,310068,280601,590669
30,2070,310068,280601,590669
31,2070,310068,280601,590669
32,2070,310068,280601,590669
33,2070,310068,280601,590669
34,2070,310068,280601,590669
35,2070,310068,280601,590669
36,2070,310068,280601,590669
37,2070,310106,280601,590707
38,2070,310106,280601,590707
39,2070,310106,280601,590707
40,2070,310106,280601,590707
41,2070,310504,280601,591105
42,2070,310504,280601,591105
43,2070,310504,280601,591105
44,2070,310371,280615,590986
45,2070,310371,280615,590986
46,2070,310431,280601,591032
47,2070,310431,280601,591032
48,2070,310431,280601,591032
49,2070,310431,280601,591032
50,2070,310431,280601,591032
51,2070,310431,280601,591032
52,2070,310431,280601,591032
53,2070,310431,280601,591032
54,2070,310431,280601,591032
55,2070,310431,280601,591032
56,2070,310431,280601,591032
57,2070,310431,280601,591032
58,2070,310431,280601,591032
59,2070,310431,280601,591032
60,2070,310425,280601,591026
61,2070,310396,280601,590997
62,2070,310384,280601,590985
63,2070,310452,280601,591053
64,2070,310622,280615,591237
65,2070,310565,280615,591180
66,2070,310466,280601,591067
67,2070,310560,280601,591161
68,2070,310503,280601,591104
69,2070,310459,280601,591060
70,2070,310415,280601,591016
71,2070,310321,280601,590922
72,2070,310394,280611,591005
73,2070,310297,280601,590898
74,2070,310297,280601,590898
75,2070,310297,280601,590898
76,2070,310297,280601,590898
77,2070,310297,280601,590898
78,2070,316765,303090,619855
79,2070,316576,303067,619643
80,2070,316701,303735,620436
81,2070,316971,305349,622320
82,2070,316971,305349,622320
83,2070,316971,305349,622320
84,2070,316971,305349,622320
85,2070,316971,305349,622320
86,2070,316971,305349,622320
87,2070,316971,305349,622320
88,2070,316971,305349,622320
89,2070,316971,305349,622320
90,2070,316971,305349,622320
91,2070,316971,305349,622320
92,2070,316971,305349,622320
93,2070,316971,305349,622320
94,2070,316971,305349,622320
95,2070,316971,305349,622320
96,2070,316971,305349,622320
97,2070,316971,305349,622320
98,2070,316971,305349,622320
99,2070,316971,305349,622320
100,2070,316971,305349,622320
0,2070,290394,273022,563416
1,2070,290394,272960,563354
2,2070,290359,272960,563319
3,2070,290259,272886,563145
4,2070,290454,272808,563262
5,2070,291611,274441,566052
6,2070,290844,274238,565082
7,2070,290993,274439,565432
8,2070,292558,275788,568346
9,2070,292683,276220,568903
10,2070,290916,274282,565198
11,2070,292270,275799,568069
12,2070,292527,276121,568648
13,2070,293904,275836,569740
14,2070,293814,275619,569433
15,2070,296491,275550,572041
16,2070,296013,275404,571417
17,2070,300549,276014,576563
18,2070,303703,277256,580959
19,2070,304886,279668,584554
20,2070,307763,280642,588405
21,2070,308577,280432,589009
22,2070,309209,280601,589810
23,2070,309657,280601,590258
24,2070,309658,280601,590259
25,2070,309658,280601,590259
26,2070,309658,280601,590259
27,2070,309658,280601,590259
28,2070,309658,280601,590259
29,2070,309658,280601,590259
30,2070,309658,280601,590259
31,2070,309658,280601,590259
32,2070,309658,280601,590259
33,2070,309658,280601,590259
34,2070,309658,280601,590259
35,2070,309658,280601,590259
36,2070,309658,280601,590259
37,2070,309666,280681,590347
38,2070,309666,280681,590347
39,2070,309666,280681,590347
40,2070,309666,280681,590347
41,2070,310400,280705,591105
42,2070,310400,280705,591105
43,2070,310400,280705,591105
44,2070,310418,280719,591137
45,2070,310418,280719,591137
46,2070,310454,280719,591173
47,2070,310454,280719,591173
48,2070,310454,280719,591173
49,2070,310454,280719,591173
50,2070,310454,280719,591173
51,2070,310454,280719,591173
52,2070,310454,280719,591173
53,2070,310454,280719,591173
54,2070,310454,280719,591173
55,2070,310454,280719,591173
56,2070,310454,280719,591173
57,2070,310454,280719,591173
58,2070,310454,280719,591173
59,2070,310454,280719,591173
60,2070,310454,280719,591173
61,2070,310425,280719,591144
62,2070,310355,280719,591074
63,2070,310557,280719,591276
64,2070,310622,280709,591331
65,2070,310657,280709,591366
66,2070,310551,280719,591270
67,2070,310578,280709,591287
68,2070,310595,280719,591314
69,2070,310527,280719,591246
70,2070,310501,280719,591220
71,2070,310167,280719,590886
72,2070,310365,280719,591084
73,2070,310097,280705,590802
74,2070,310097,280705,590802
75,2070,310097,280705,590802
76,2070,310097,280705,590802
77,2070,310097,280705,590802
78,2070,316031,304649,620680
79,2070,316015,304523,620538
80,2070,316491,304884,621375
81,2070,317021,307179,624200
82,2070,317021,307179,624200
83,2070,317021,307179,624200
84,2070,317021,307179,624200
85,2070,317021,307179,624200
86,2070,317021,307179,624200
87,2070,317021,307179,624200
88,2070,317021,307179,624200
89,2070,317021,307179,624200
90,2070,317021,307179,624200
91,2070,317021,307179,624200
92,2070,317021,307179,624200
93,2070,317021,307179,624200
94,2070,317021,307179,624200
95,2070,317021,307179,624200
96,2070,317021,307179,624200
97,2070,317021,307179,624200
98,2070,317021,307179,624200
99,2070,317021,307179,624200
100,2070,317021,307179,624200
0,2070,291389,273588,564977
1,2070,291361,273588,564949
2,2070,291342,273588,564930
3,2070,290486,273473,563959
4,2070,291427,273538,564965
5,2070,292690,275544,568234
6,2070,291841,274747,566588
7,2070,291918,275199,567117
8,2070,292254,275800,568054
9,2070,291248,275379,566627
10,2070,292120,274848,566968
11,2070,292386,276244,568630
12,2070,292471,275750,568221
13,2070,293842,275635,569477
14,2070,294684,275923,570607
15,2070,295202,274951,570153
16,2070,296309,275544,571853
17,2070,300680,275961,576641
18,2070,306176,277396,583572
19,2070,304844,279082,583926
20,2070,307760,280252,588012
21,2070,308575,280608,589183
22,2070,309265,280695,589960
23,2070,309759,280695,590454
24,2070,309761,280695,590456
25,2070,309761,280695,590456
26,2070,309761,280695,590456
27,2070,309761,280695,590456
28,2070,309761,280695,590456
29,2070,309761,280695,590456
30,2070,309761,280695,590456
31,2070,309761,280695,590456
32,2070,309761,280695,590456
33,2070,309761,280695,590456
34,2070,309761,280695,590456
35,2070,309761,280695,590456
36,2070,309761,280695,590456
37,2070,309760,280695,590455
38,2070,309760,280695,590455
39,2070,309760,280695,590455
40,2070,309760,280695,590455
41,2070,310532,280719,591251
42,2070,310532,280719,591251
43,2070,310532,280719,591251
44,2070,310612,280709,591321
45,2070,310612,280709,591321
46,2070,310612,280709,591321
47,2070,310612,280709,591321
48,2070,310612,280709,591321
49,2070,310612,280709,591321
50,2070,310612,280709,591321
51,2070,310612,280709,591321
52,2070,310612,280709,591321
53,2070,310612,280709,591321
54,2070,310612,280709,591321
55,2070,310612,280709,591321
56,2070,310612,280709,591321
57,2070,310612,280709,591321
58,2070,310612,280709,591321
59,2070,310612,280709,591321
60,2070,310612,280709,591321
61,2070,310583,280709,591292
62,2070,310342,280719,591061
63,2070,310663,280709,591372
64,2070,310791,280709,591500
65,2070,310817,280709,591526
66,2070,310711,280709,591420
67,2070,310719,280709,591428
68,2070,310627,280709,591336
69,2070,310569,280709,591278
70,2070,310553,280709,591262
71,2070,310114,280719,590833
72,2070,310402,280719,591121
73,2070,310099,280695,590794
74,2070,310099,280695,590794
75,2070,310099,280695,590794
76,2070,310099,280695,590794
77,2070,310099,280695,590794
78,2070,316416,306500,622916
79,2070,316414,306851,623265
80,2070,317112,306603,623715
81,2070,320548,305311,625859
82,2070,320548,305311,625859
83,2070,320548,305311,625859
84,2070,320548,305311,625859
85,2070,320548,305311,625859
86,2070,320548,305311,625859
87,2070,320548,305311,625859
88,2070,320548,305311,625859
89,2070,320548,305311,625859
90,2070,320548,305311,625859
91,2070,320548,305311,625859
92,2070,320548,305311,625859
93,2070,320548,305311,625859
94,2070,320548,305311,625859
95,2070,320548,305311,625859
96,2070,320548,305311,625859
97,2070,320548,305311,625859
98,2070,320548,305311,625859
99,2070,320548,305311,625859
100,2070,320548,305311,625859
0,2070,292751,275522,568273
1,2070,292768,275518,568286
2,2070,292769,275518,568287
3,2070,291789,274356,566145
4,2070,293025,274710,567735
5,2070,292813,276399,569212
6,2070,292765,276223,568988
7,2070,292672,276268,568940
8,2070,292330,276276,568606
9,2070,291393,275989,567382
10,2070,292673,276157,568830
11,2070,291584,275622,567206
12,2070,292581,275830,568411
13,2070,294134,275933,570067
14,2070,295041,276344,571385
15,2070,297727,275310,573037
16,2070,296109,275747,571856
17,2070,313874,275931,589805
18,2070,305144,277547,582691
19,2070,305947,279202,585149
20,2070,308539,280233,588772
21,2070,309150,280634,589784
22,2070,309340,280727,590067
23,2070,309735,280695,590430
24,2070,309736,280695,590431
25,2070,309736,280695,590431
26,2070,309736,280695,590431
27,2070,309736,280695,590431
28,2070,309736,280695,590431
29,2070,309736,280695,590431
30,2070,309736,280695,590431
31,2070,309736,280695,590431
32,2070,309736,280695,590431
33,2070,309736,280695,590431
34,2070,309736,280695,590431
35,2070,309736,280695,590431
36,2070,309736,280695,590431
37,2070,309736,280695,590431
38,2070,309736,280695,590431
39,2070,309736,280695,590431
40,2070,309736,280695,590431
41,2070,310615,280709,591324
42,2070,310615,280709,591324
43,2070,310615,280709,591324
44,2070,310580,280709,591289
45,2070,310580,280709,591289
46,2070,310589,280709,591298
47,2070,310589,280709,591298
48,2070,310589,280709,591298
49,2070,310589,280709,591298
50,2070,310589,280709,591298
51,2070,310589,280709,591298
52,2070,310589,280709,591298
53,2070,310589,280709,591298
54,2070,310589,280709,591298
55,2070,310589,280709,591298
56,2070,310589,280709,591298
57,2070,310589,280709,591298
58,2070,310589,280709,591298
59,2070,310589,280709,591298
60,2070,310589,280709,591298
61,2070,310560,280709,591269
62,2070,310362,280719,591081
63,2070,310688,280709,591397
64,2070,310777,280709,591486
65,2070,310815,280709,591524
66,2070,310706,280709,591415
67,2070,310743,280709,591452
68,2070,310757,280709,591466
69,2070,310692,280709,591401
70,2070,310676,280709,591385
71,2070,310183,280695,590878
72,2070,310549,280719,591268
73,2070,310133,280695,590828
74,2070,310133,280695,590828
75,2070,310133,280695,590828
76,2070,310133,280695,590828
77,2070,310133,280695,590828
78,2070,319143,305453,624596
79,2070,319327,305676,625003
80,2070,319274,305068,624342
81,2070,318978,306401,625379
82,2070,318978,306401,625379
83,2070,318978,306401,625379
84,2070,318978,306401,625379
85,2070,318978,306401,625379
86,2070,318978,306401,625379
87,2070,318978,306401,625379
88,2070,318978,306401,625379
89,2070,318978,306401,625379
90,2070,318978,306401,625379
91,2070,318978,306401,625379
92,2070,318978,306401,625379
93,2070,318978,306401,625379
94,2070,318978,306401,625379
95,2070,318978,306401,625379
96,2070,318978,306401,625379
97,2070,318978,306401,625379
98,2070,318978,306401,625379
99,2070,318978,306401,625379
100,2070,318978,306401,625379
0,2070,292327,275510,567837
1,2070,292327,275659,567986
2,2070,292320,275647,567967
3,2070,292875,275527,568402
4,2070,292828,275721,568549
5,2070,291154,274409,565563
6,2070,291431,275516,566947
7,2070,291405,275336,566741
8,2070,290990,275061,566051
9,2070,292128,275695,567823
10,2070,291559,275769,567328
11,2070,291377,275586,566963
12,2070,293155,276000,569155
13,2070,294189,275958,570147
14,2070,295769,275717,571486
15,2070,297153,275649,572802
16,2070,295944,275372,571316
17,2070,307331,276682,584013
18,2070,304499,277441,581940
19,2070,307335,279222,586557
20,2070,309367,280247,589614
21,2070,309425,280514,589939
22,2070,309452,280752,590204
23,2070,309762,280695,590457
24,2070,309764,280695,590459
25,2070,309764,280695,590459
26,2070,309764,280695,590459
27,2070,309764,280695,590459
28,2070,309764,280695,590459
29,2070,309764,280695,590459
30,2070,309764,280695,590459
31,2070,309764,280695,590459
32,2070,309764,280695,590459
33,2070,309764,280695,590459
34,2070,309764,280695,590459
35,2070,309764,280695,590459
36,2070,309764,280695,590459
37,2070,309738,280695,590433
38,2070,309738,280695,590433
39,2070,309738,280695,590433
40,2070,309738,280695,590433
41,2070,310581,280709,591290
42,2070,310581,280709,591290
43,2070,310581,280709,591290
44,2070,310522,280709,591231
45,2070,310522,280709,591231
46,2070,310522,280709,591231
47,2070,310522,280709,591231
48,2070,310522,280709,591231
49,2070,310522,280709,591231
50,2070,310522,280709,591231
51,2070,310522,280709,591231
52,2070,310522,280709,591231
53,2070,310522,280709,591231
54,2070,310522,280709,591231
55,2070,310522,280709,591231
56,2070,310522,280709,591231
57,2070,310522,280709,591231
58,2070,310522,280709,591231
59,2070,310522,280709,591231
60,2070,310522,280709,591231
61,2070,310493,280709,591202
62,2070,310500,280719,591219
63,2070,310622,280709,591331
64,2070,310711,280709,591420
65,2070,310854,280709,591563
66,2070,310736,280709,591445
67,2070,310677,280709,591386
68,2070,310743,280709,591452
69,2070,310668,280709,591377
70,2070,310642,280709,591351
71,2070,310117,280719,590836
72,2070,310404,280709,591113
73,2070,310176,280695,590871
74,2070,310176,280695,590871
75,2070,310176,280695,590871
76,2070,310176,280695,590871
77,2070,310176,280695,590871
78,2070,317218,306629,623847
79,2070,317604,306070,623674
80,2070,317715,306312,624027
81,2070,319435,304795,624230
82,2070,319435,304795,624230
83,2070,319435,304795,624230
84,2070,319435,304795,624230
85,2070,319435,304795,624230
86,2070,319435,304795,624230
87,2070,319435,304795,624230
88,2070,319435,304795,624230
89,2070,319435,304795,624230
90,2070,319435,304795,624230
91,2070,319435,304795,624230
92,2070,319435,304795,624230
93,2070,319435,304795,624230
94,2070,319435,304795,624230
95,2070,319435,304795,624230
96,2070,319435,304795,624230
97,2070,319435,304795,624230
98,2070,319435,304795,624230
99,2070,319435,304795,624230
100,2070,319435,304795,624230
0,2070,292237,275533,567770
1,2070,292258,275489,567747
2,2070,292255,275489,567744
3,2070,292520,275565,568085
4,2070,292646,275922,568568
5,2070,290941,274761,565702
6,2070,291650,275540,567190
7,2070,291571,275602,567173
8,2070,290150,274568,564718
9,2070,292443,275886,568329
10,2070,291915,275595,567510
11,2070,292561,275926,568487
12,2070,293011,276402,569413
13,2070,293947,275772,569719
14,2070,294479,275523,570002
15,2070,297722,275788,573510
16,2070,296132,275359,571491
17,2070,303346,276680,580026
18,2070,304374,277451,581825
19,2070,307952,279352,587304
20,2070,309700,280525,590225
21,2070,308980,280464,589444
22,2070,309470,280601,590071
23,2070,309775,280616,590391
24,2070,309777,280616,590393
25,2070,309777,280616,590393
26,2070,309777,280616,590393
27,2070,309777,280616,590393
28,2070,309777,280616,590393
29,2070,309777,280616,590393
30,2070,309777,280616,590393
31,2070,309777,280616,590393
32,2070,309777,280616,590393
33,2070,309777,280616,590393
34,2070,309777,280616,590393
35,2070,309777,280616,590393
36,2070,309777,280616,590393
37,2070,309777,280616,590393
38,2070,309777,280616,590393
39,2070,309777,280616,590393
40,2070,309777,280616,590393
41,2070,310522,280709,591231
42,2070,310522,280709,591231
43,2070,310522,280709,591231
44,2070,310523,280709,591232
45,2070,310523,280709,591232
46,2070,310523,280709,591232
47,2070,310523,280709,591232
48,2070,310523,280709,591232
49,2070,310523,280709,591232
50,2070,310523,280709,591232
51,2070,310523,280709,591232
52,2070,310523,280709,591232
53,2070,310523,280709,591232
54,2070,310523,280709,591232
55,2070,310523,280709,591232
56,2070,310523,280709,591232
57,2070,310523,280709,591232
58,2070,310523,280709,591232
59,2070,310523,280709,591232
60,2070,310523,280709,591232
61,2070,310494,280709,591203
62,2070,310481,280709,591190
63,2070,310622,280709,591331
64,2070,310711,280709,591420
65,2070,310728,280709,591437
66,2070,310677,280709,591386
67,2070,310677,280709,591386
68,2070,310677,280709,591386
69,2070,310602,280709,591311
70,2070,310576,280709,591285
71,2070,310117,280695,590812
72,2070,310481,280719,591200
73,2070,310143,280719,590862
74,2070,310143,280719,590862
75,2070,310143,280719,590862
76,2070,310143,280719,590862
77,2070,310143,280719,590862
78,2070,319280,304872,624152
79,2070,317218,306403,623621
80,2070,318885,305538,624423
81,2070,315816,304901,620717
82,2070,315816,304901,620717
83,2070,315816,304901,620717
84,2070,315816,304901,620717
85,2070,315816,304901,620717
86,2070,315816,304901,620717
87,2070,315816,304901,620717
88,2070,315816,304901,620717
89,2070,315816,304901,620717
90,2070,315816,304901,620717
91,2070,315816,304901,620717
92,2070,315816,304901,620717
93,2070,315816,304901,620717
94,2070,315816,304901,620717
95,2070,315816,304901,620717
96,2070,315816,304901,620717
97,2070,315816,304901,620717
98,2070,315816,304901,620717
99,2070,315816,304901,620717
100,2070,315816,304901,620717
0,2070,292050,274642,566692
1,2070,291992,274566,566558
2,2070,292049,274566,566615
3,2070,292288,275393,567681
4,2070,292350,275433,567783
5,2070,291665,275418,567083
6,2070,292616,275683,568299
7,2070,292591,275714,568305
8,2070,289388,272724,562112
9,2070,292120,275796,567916
10,2070,292494,275697,568191
11,2070,292571,276455,569026
12,2070,292461,275605,568066
13,2070,293891,275625,569516
14,2070,294576,275565,570141
15,2070,296947,275357,572304
16,2070,296197,275623,571820
17,2070,302139,276579,578718
18,2070,304368,277408,581776
19,2070,309074,279536,588610
20,2070,308796,280425,589221
21,2070,308818,280514,589332
22,2070,309431,280601,590032
23,2070,309749,280616,590365
24,2070,309751,280616,590367
25,2070,309751,280616,590367
26,2070,309751,280616,590367
27,2070,309751,280616,590367
28,2070,309751,280616,590367
29,2070,309751,280616,590367
30,2070,309751,280616,590367
31,2070,309751,280616,590367
32,2070,309751,280616,590367
33,2070,309751,280616,590367
34,2070,309751,280616,590367
35,2070,309751,280616,590367
36,2070,309751,280616,590367
37,2070,309751,280616,590367
38,2070,309751,280616,590367
39,2070,309751,280616,590367
40,2070,309751,280616,590367
41,2070,310523,280709,591232
42,2070,310523,280709,591232
43,2070,310523,280709,591232
44,2070,310523,280709,591232
45,2070,310523,280709,591232
46,2070,310523,280709,591232
47,2070,310523,280709,591232
48,2070,310523,280709,591232
49,2070,310523,280709,591232
50,2070,310523,280709,591232
51,2070,310523,280709,591232
52,2070,310523,280709,591232
53,2070,310523,280709,591232
54,2070,310523,280709,591232
55,2070,310523,280709,591232
56,2070,310523,280709,591232
57,2070,310523,280709,591232
58,2070,310523,280709,591232
59,2070,310523,280709,591232
60,2070,310523,280709,591232
61,2070,310502,280709,591211
62,2070,310533,280709,591242
63,2070,310629,280709,591338
64,2070,310711,280709,591420
65,2070,310748,280709,591457
66,2070,310677,280709,591386
67,2070,310677,280709,591386
68,2070,310677,280709,591386
69,2070,310602,280709,591311
70,2070,310576,280709,591285
71,2070,310117,280695,590812
72,2070,310465,280709,591174
73,2070,310117,280719,590836
74,2070,310117,280719,590836
75,2070,310117,280719,590836
76,2070,310117,280719,590836
77,2070,310117,280719,590836
78,2070,317018,305496,622514
79,2070,319763,304916,624679
80,2070,316558,305659,622217
81,2070,315093,304229,619322
82,2070,315093,304229,619322
83,2070,315093,304229,619322
84,2070,315093,304229,619322
85,2070,315093,304229,619322
86,2070,315093,304229,619322
87,2070,315093,304229,619322
88,2070,315093,304229,619322
89,2070,315093,304229,619322
90,2070,315093,304229,619322
91,2070,315093,304229,619322
92,2070,315093,304229,619322
93,2070,315093,304229,619322
94,2070,315093,304229,619322
95,2070,315093,304229,619322
96,2070,315093,304229,619322
97,2070,315093,304229,619322
98,2070,315093,304229,619322
99,2070,315093,304229,619322
100,2070,315093,304229,619322
0,2070,292467,275809,568276
1,2070,292460,275777,568237
2,2070,292457,275777,568234
3,2070,292245,275154,567399
4,2070,292274,275644,567918
5,2070,292620,276606,569226
6,2070,292731,276392,569123
7,2070,292547,276434,568981
8,2070,290424,273014,563438
9,2070,292125,275680,567805
10,2070,292649,276206,568855
11,2070,291627,275325,566952
12,2070,292214,276093,568307
13,2070,294275,275933,570208
14,2070,294898,275677,570575
15,2070,296696,275498,572194
16,2070,296083,275608,571691
17,2070,302392,276114,578506
18,2070,304800,277408,582208
19,2070,308341,280112,588453
20,2070,308246,280444,588690
21,2070,308721,280514,589235
22,2070,309400,280616,590016
23,2070,309775,280616,590391
24,2070,309777,280616,590393
25,2070,309777,280616,590393
26,2070,309777,280616,590393
27,2070,309777,280616,590393
28,2070,309777,280616,590393
29,2070,309777,280616,590393
30,2070,309777,280616,590393
31,2070,309777,280616,590393
32,2070,309777,280616,590393
33,2070,309777,280616,590393
34,2070,309777,280616,590393
35,2070,309777,280616,590393
36,2070,309777,280616,590393
37,2070,309751,280616,590367
38,2070,309751,280616,590367
39,2070,309751,280616,590367
40,2070,309751,280616,590367
41,2070,310523,280709,591232
42,2070,310523,280709,591232
43,2070,310523,280709,591232
44,2070,310523,280709,591232
45,2070,310523,280709,591232
46,2070,310523,280709,591232
47,2070,310523,280709,591232
48,2070,310523,280709,591232
49,2070,310523,280709,591232
50,2070,310523,280709,591232
51,2070,310523,280709,591232
52,2070,310523,280709,591232
53,2070,310523,280709,591232
54,2070,310523,280709,591232
55,2070,310523,280709,591232
56,2070,310523,280709,591232
57,2070,310523,280709,591232
58,2070,310523,280709,591232
59,2070,310523,280709,591232
60,2070,310523,280709,591232
61,2070,310502,280709,591211
62,2070,310490,280709,591199
63,2070,310629,280709,591338
64,2070,310711,280709,591420
65,2070,310728,280709,591437
66,2070,310677,280709,591386
67,2070,310677,280709,591386
68,2070,310677,280709,591386
69,2070,310609,280709,591318
70,2070,310583,280709,591292
71,2070,310117,280695,590812
72,2070,310465,280709,591174
73,2070,310117,280695,590812
74,2070,310117,280695,590812
75,2070,310117,280695,590812
76,2070,310117,280695,590812
77,2070,310117,280695,590812
78,2070,315589,306728,622317
79,2070,317850,304290,622140
80,2070,315286,304700,619986
81,2070,313486,303270,616756
82,2070,313486,303270,616756
83,2070,313486,303270,616756
84,2070,313486,303270,616756
85,2070,313486,303270,616756
86,2070,313486,303270,616756
87,2070,313486,303270,616756
88,2070,313486,303270,616756
89,2070,313486,303270,616756
90,2070,313486,303270,616756
91,2070,313486,303270,616756
92,2070,313486,303270,616756
93,2070,313486,303270,616756
94,2070,313486,303270,616756
95,2070,313486,303270,616756
96,2070,313486,303270,616756
97,2070,313486,303270,616756
98,2070,313486,303270,616756
99,2070,313486,303270,616756
100,2070,313486,303270,616756
0,2070,292071,275839,567910
1,2070,292089,275900,567989
2,2070,292086,275900,567986
3,2070,292381,275949,568330
4,2070,292447,276194,568641
5,2070,291076,274117,565193
6,2070,291032,274854,565886
7,2070,290997,274886,565883
8,2070,291455,273560,565015
9,2070,292220,275875,568095
10,2070,291207,275214,566421
11,2070,291288,275553,566841
12,2070,293021,276358,569379
13,2070,294152,276089,570241
14,2070,295132,275773,570905
15,2070,295672,275405,571077
16,2070,296009,275276,571285
17,2070,303498,276207,579705
18,2070,304580,277399,581979
19,2070,307593,280366,587959
20,2070,308648,280447,589095
21,2070,309185,280529,589714
22,2070,309411,280647,590058
23,2070,309775,280616,590391
24,2070,309777,280624,590401
25,2070,309777,280624,590401
26,2070,309777,280624,590401
27,2070,309777,280624,590401
28,2070,309777,280624,590401
29,2070,309777,280624,590401
30,2070,309777,280624,590401
31,2070,309777,280624,590401
32,2070,309777,280624,590401
33,2070,309777,280624,590401
34,2070,309777,280624,590401
35,2070,309777,280624,590401
36,2070,309777,280624,590401
37,2070,309777,280616,590393
38,2070,309777,280616,590393
39,2070,309777,280616,590393
40,2070,309777,280616,590393
41,2070,310523,280709,591232
42,2070,310523,280709,591232
43,2070,310523,280709,591232
44,2070,310523,280709,591232
45,2070,310523,280709,591232
46,2070,310523,280709,591232
47,2070,310523,280709,591232
48,2070,310523,280709,591232
49,2070,310523,280709,591232
50,2070,310523,280709,591232
51,2070,310523,280709,591232
52,2070,310523,280709,591232
53,2070,310523,280709,591232
54,2070,310523,280709,591232
55,2070,310523,280709,591232
56,2070,310523,280709,591232
57,2070,310523,280709,591232
58,2070,310523,280709,591232
59,2070,310523,280709,591232
60,2070,310523,280709,591232
61,2070,310502,280709,591211
62,2070,310482,280709,591191
63,2070,310622,280709,591331
64,2070,310711,280709,591420
65,2070,310776,280709,591485
66,2070,310677,280709,591386
67,2070,310677,280709,591386
68,2070,310677,280709,591386
69,2070,310609,280709,591318
70,2070,310583,280709,591292
71,2070,310117,280695,590812
72,2070,310465,280709,591174
73,2070,310117,280695,590812
74,2070,310117,280695,590812
75,2070,310117,280695,590812
76,2070,310117,280695,590812
77,2070,310117,280695,590812
78,2070,319253,303696,622949
79,2070,314882,303302,618184
80,2070,314483,304209,618692
81,2070,313400,302807,616207
82,2070,313400,302807,616207
83,2070,313400,302807,616207
84,2070,313400,302807,616207
85,2070,313400,302807,616207
86,2070,313400,302807,616207
87,2070,313400,302807,616207
88,2070,313400,302807,616207
89,2070,313400,302807,616207
90,2070,313400,302807,616207
91,2070,313400,302807,616207
92,2070,313400,302807,616207
93,2070,313400,302807,616207
94,2070,313400,302807,616207
95,2070,313400,302807,616207
96,2070,313400,302807,616207
97,2070,313400,302807,616207
98,2070,313400,302807,616207
99,2070,313400,302807,616207
100,2070,313400,302807,616207
0,2070,291929,276118,568047
1,2070,292050,276184,568234
2,2070,292024,276184,568208
3,2070,292099,275673,567772
4,2070,291120,275219,566339
5,2070,290898,274381,565279
6,2070,290201,274869,565070
7,2070,289966,274416,564382
8,2070,293136,274868,568004
9,2070,292151,275983,568134
10,2070,291191,275417,566608
11,2070,292570,276264,568834
12,2070,292503,275712,568215
13,2070,293667,275662,569329
14,2070,296166,275731,571897
15,2070,295497,275115,570612
16,2070,296079,275458,571537
17,2070,303229,276582,579811
18,2070,304477,277399,581876
19,2070,306568,280199,586767
20,2070,308456,280490,588946
21,2070,309412,280464,589876
22,2070,309419,280647,590066
23,2070,309775,280624,590399
24,2070,309777,280624,590401
25,2070,309777,280624,590401
26,2070,309777,280624,590401
27,2070,309777,280624,590401
28,2070,309777,280624,590401
29,2070,309777,280624,590401
30,2070,309777,280624,590401
31,2070,309777,280624,590401
32,2070,309777,280624,590401
33,2070,309777,280624,590401
34,2070,309777,280624,590401
35,2070,309777,280624,590401
36,2070,309777,280624,590401
37,2070,309777,280624,590401
38,2070,309777,280624,590401
39,2070,309777,280624,590401
40,2070,309777,280624,590401
41,2070,310523,280709,591232
42,2070,310523,280709,591232
43,2070,310523,280709,591232
44,2070,310523,280709,591232
45,2070,310523,280709,591232
46,2070,310523,280709,591232
47,2070,310523,280709,591232
48,2070,310523,280709,591232
49,2070,310523,280709,591232
50,2070,310523,280709,591232
51,2070,310523,280709,591232
52,2070,310523,280709,591232
53,2070,310523,280709,591232
54,2070,310523,280709,591232
55,2070,310523,280709,591232
56,2070,310523,280709,591232
57,2070,310523,280709,591232
58,2070,310523,280709,591232
59,2070,310523,280709,591232
60,2070,310523,280709,591232
61,2070,310502,280709,591211
62,2070,310542,280709,591251
63,2070,310622,280709,591331
64,2070,310711,280709,591420
65,2070,310776,280709,591485
66,2070,310677,280709,591386
67,2070,310677,280709,591386
68,2070,310677,280709,591386
69,2070,310609,280709,591318
70,2070,310583,280709,591292
71,2070,310117,280695,590812
72,2070,310465,280709,591174
73,2070,310117,280695,590812
74,2070,310117,280695,590812
75,2070,310117,280695,590812
76,2070,310117,280695,590812
77,2070,310117,280695,590812
78,2070,315391,302409,617800
79,2070,313281,301886,615167
80,2070,313582,303403,616985
81,2070,313300,302781,616081
82,2070,313300,302781,616081
83,2070,313300,302781,616081
84,2070,313300,302781,616081
85,2070,313300,302781,616081
86,2070,313300,302781,616081
87,2070,313300,302781,616081
88,2070,313300,302781,616081
89,2070,313300,302781,616081
90,2070,313300,302781,616081
91,2070,313300,302781,616081
92,2070,313300,302781,616081
93,2070,313300,302781,616081
94,2070,313300,302781,616081
95,2070,313300,302781,616081
96,2070,313300,302781,616081
97,2070,313300,302781,616081
98,2070,313300,302781,616081
99,2070,313300,302781,616081
100,2070,313300,302781,616081
0,2070,290678,274865,565543
1,2070,290646,274600,565246
2,2070,290646,274600,565246
3,2070,292028,275935,567963
4,2070,290806,274931,565737
5,2070,291693,275335,567028
6,2070,289512,272972,562484
7,2070,289426,272773,562199
8,2070,292970,275895,568865
9,2070,292042,275514,567556
10,2070,292198,275741,567939
11,2070,291715,275941,567656
12,2070,292280,275815,568095
13,2070,293958,275737,569695
14,2070,295390,275951,571341
15,2070,295576,275625,571201
16,2070,296316,275830,572146
17,2070,302965,276281,579246
18,2070,304630,277408,582038
19,2070,305272,279385,584657
20,2070,308843,280475,589318
21,2070,308966,280464,589430
22,2070,309419,280616,590035
23,2070,309775,280616,590391
24,2070,309777,280616,590393
25,2070,309777,280616,590393
26,2070,309777,280616,590393
27,2070,309777,280616,590393
28,2070,309777,280616,590393
29,2070,309777,280616,590393
30,2070,309777,280616,590393
31,2070,309777,280616,590393
32,2070,309777,280616,590393
33,2070,309777,280616,590393
34,2070,309777,280616,590393
35,2070,309777,280616,590393
36,2070,309777,280616,590393
37,2070,309777,280616,590393
38,2070,309777,280616,590393
39,2070,309777,280616,590393
40,2070,309777,280616,590393
41,2070,310523,280709,591232
42,2070,310523,280709,591232
43,2070,310523,280709,591232
44,2070,310523,280709,591232
45,2070,310523,280709,591232
46,2070,310523,280709,591232
47,2070,310523,280709,591232
48,2070,310523,280709,591232
49,2070,310523,280709,591232
50,2070,310523,280709,591232
51,2070,310523,280709,591232
52,2070,310523,280709,591232
53,2070,310523,280709,591232
54,2070,310523,280709,591232
55,2070,310523,280709,591232
56,2070,310523,280709,591232
57,2070,310523,280709,591232
58,2070,310523,280709,591232
59,2070,310523,280709,591232
60,2070,310523,280709,591232
61,2070,310502,280709,591211
62,2070,310490,280709,591199
63,2070,310629,280709,591338
64,2070,310711,280709,591420
65,2070,310776,280709,591485
66,2070,310677,280709,591386
67,2070,310677,280709,591386
68,2070,310677,280709,591386
69,2070,310609,280709,591318
70,2070,310583,280709,591292
71,2070,310117,280695,590812
72,2070,310465,280709,591174
73,2070,310117,280695,590812
74,2070,310117,280695,590812
75,2070,310117,280695,590812
76,2070,310117,280695,590812
77,2070,310117,280695,590812
78,2070,314163,302133,616296
79,2070,313574,301568,615142
80,2070,313325,302887,616212
81,2070,314143,304623,618766
82,2070,314143,304623,618766
83,2070,314143,304623,618766
84,2070,314143,304623,618766
85,2070,314143,304623,618766
86,2070,314143,304623,618766
87,2070,314143,304623,618766
88,2070,314143,304623,618766
89,2070,314143,304623,618766
90,2070,314143,304623,618766
91,2070,314143,304623,618766
92,2070,314143,304623,618766
93,2070,314143,304623,618766
94,2070,314143,304623,618766
95,2070,314143,304623,618766
96,2070,314143,304623,618766
97,2070,314143,304623,618766
98,2070,314143,304623,618766
99,2070,314143,304623,618766
100,2070,314143,304623,618766
0,2070,289630,273527,563157
1,2070,289084,272978,562062
2,2070,289096,272978,562074
3,2070,291944,275546,567490
4,2070,290744,274239,564983
5,2070,292628,276596,569224
6,2070,290215,273130,563345
7,2070,290379,273170,563549
8,2070,292789,275868,568657
9,2070,292007,275599,567606
10,2070,292516,276305,568821
11,2070,291831,275642,567473
12,2070,293193,276213,569406
13,2070,294133,275848,569981
14,2070,294756,275557,570313
15,2070,295875,275849,571724
16,2070,296104,275804,571908
17,2070,302976,276373,579349
18,2070,304434,277399,581833
19,2070,305026,279291,584317
20,2070,308802,280475,589277
21,2070,308820,280514,589334
22,2070,309407,280616,590023
23,2070,309775,280624,590399
24,2070,309777,280624,590401
25,2070,309777,280624,590401
26,2070,309777,280624,590401
27,2070,309777,280624,590401
28,2070,309777,280624,590401
29,2070,309777,280624,590401
30,2070,309777,280624,590401
31,2070,309777,280624,590401
32,2070,309777,280624,590401
33,2070,309777,280624,590401
34,2070,309777,280624,590401
35,2070,309777,280624,590401
36,2070,309777,280624,590401
37,2070,309777,280616,590393
38,2070,309777,280616,590393
39,2070,309777,280616,590393
40,2070,309777,280616,590393
41,2070,310523,280709,591232
42,2070,310523,280709,591232
43,2070,310523,280709,591232
44,2070,310523,280709,591232
45,2070,310523,280709,591232
46,2070,310523,280709,591232
47,2070,310523,280709,591232
48,2070,310523,280709,591232
49,2070,310523,280709,591232
50,2070,310523,280709,591232
51,2070,310523,280709,591232
52,2070,310523,280709,591232
53,2070,310523,280709,591232
54,2070,310523,280709,591232
55,2070,310523,280709,591232
56,2070,310523,280709,591232
57,2070,310523,280709,591232
58,2070,310523,280709,591232
59,2070,310523,280709,591232
60,2070,310523,280709,591232
61,2070,310502,280709,591211
62,2070,310482,280709,591191
63,2070,310629,280709,591338
64,2070,310711,280709,591420
65,2070,310776,280709,591485
66,2070,310677,280709,591386
67,2070,310677,280709,591386
68,2070,310677,280709,591386
69,2070,310609,280709,591318
70,2070,310583,280709,591292
71,2070,310117,280695,590812
72,2070,310465,280709,591174
73,2070,310117,280695,590812
74,2070,310117,280695,590812
75,2070,310117,280695,590812
76,2070,310117,280695,590812
77,2070,310117,280695,590812
78,2070,312824,302255,615079
79,2070,312361,301855,614216
80,2070,313545,304204,617749
81,2070,315175,307024,622199
82,2070,315175,307024,622199
83,2070,315175,307024,622199
84,2070,315175,307024,622199
85,2070,315175,307024,622199
86,2070,315175,307024,622199
87,2070,315175,307024,622199
88,2070,315175,307024,622199
89,2070,315175,307024,622199
90,2070,315175,307024,622199
91,2070,315175,307024,622199
92,2070,315175,307024,622199
93,2070,315175,307024,622199
94,2070,315175,307024,622199
95,2070,315175,307024,622199
96,2070,315175,307024,622199
97,2070,315175,307024,622199
98,2070,315175,307024,622199
99,2070,315175,307024,622199
100,2070,315175,307024,622199
0,2070,289931,272729,562660
1,2070,289934,272911,562845
2,2070,289982,272952,562934
3,2070,292195,275576,567771
4,2070,291187,274432,565619
5,2070,291032,274005,565037
6,2070,290574,273727,564301
7,2070,291554,273847,565401
8,2070,292191,275275,567466
9,2070,292300,275900,568200
10,2070,291218,275119,566337
11,2070,292350,275661,568011
12,2070,292533,276111,568644
13,2070,294243,276045,570288
14,2070,294509,275322,569831
15,2070,295696,275954,571650
16,2070,295745,275365,571110
17,2070,302787,276624,579411
18,2070,304700,277408,582108
19,2070,305830,279172,585002
20,2070,308798,280475,589273
21,2070,308721,280514,589235
22,2070,309400,280616,590016
23,2070,309775,280624,590399
24,2070,309777,280624,590401
25,2070,309777,280624,590401
26,2070,309777,280624,590401
27,2070,309777,280624,590401
28,2070,309777,280624,590401
29,2070,309777,280624,590401
30,2070,309777,280624,590401
31,2070,309777,280624,590401
32,2070,309777,280624,590401
33,2070,309777,280624,590401
34,2070,309777,280624,590401
35,2070,309777,280624,590401
36,2070,309777,280624,590401
37,2070,309777,280624,590401
38,2070,309777,280624,590401
39,2070,309777,280624,590401
40,2070,309777,280624,590401
41,2070,310523,280709,591232
42,2070,310523,280709,591232
43,2070,310523,280709,591232
44,2070,310523,280709,591232
45,2070,310523,280709,591232
46,2070,310523,280709,591232
47,2070,310523,280709,591232
48,2070,310523,280709,591232
49,2070,310523,280709,591232
50,2070,310523,280709,591232
51,2070,310523,280709,591232
52,2070,310523,280709,591232
53,2070,310523,280709,591232
54,2070,310523,280709,591232
55,2070,310523,280709,591232
56,2070,310523,280709,591232
57,2070,310523,280709,591232
58,2070,310523,280709,591232
59,2070,310523,280709,591232
60,2070,310523,280709,591232
61,2070,310502,280709,591211
62,2070,310542,280709,591251
63,2070,310622,280709,591331
64,2070,310711,280709,591420
65,2070,310776,280709,591485
66,2070,310677,280709,591386
67,2070,310677,280709,591386
68,2070,310677,280709,591386
69,2070,310609,280709,591318
70,2070,310583,280709,591292
71,2070,310117,280695,590812
72,2070,310465,280709,591174
73,2070,310117,280695,590812
74,2070,310117,280695,590812
75,2070,310117,280695,590812
76,2070,310117,280695,590812
77,2070,310117,280695,590812
78,2070,314312,303031,617343
79,2070,314087,303226,617313
80,2070,313783,305497,619280
81,2070,319234,305827,625061
82,2070,319234,305827,625061
83,2070,319234,305827,625061
84,2070,319234,305827,625061
85,2070,319234,305827,625061
86,2070,319234,305827,625061
87,2070,319234,305827,625061
88,2070,319234,305827,625061
89,2070,319234,305827,625061
90,2070,319234,305827,625061
91,2070,319234,305827,625061
92,2070,319234,305827,625061
93,2070,319234,305827,625061
94,2070,319234,305827,625061
95,2070,319234,305827,625061
96,2070,319234,305827,625061
97,2070,319234,305827,625061
98,2070,319234,305827,625061
99,2070,319234,305827,625061
100,2070,319234,305827,625061
0,2070,290389,273324,563713
1,2070,290357,273423,563780
2,2070,290327,273499,563826
3,2070,292216,275829,568045
4,2070,292652,275969,568621
5,2070,290429,274160,564589
6,2070,291995,274742,566737
7,2070,293131,275594,568725
8,2070,292310,275603,567913
9,2070,292239,275895,568134
10,2070,291305,275231,566536
11,2070,292658,276470,569128
12,2070,291894,275712,567606
13,2070,293818,275668,569486
14,2070,294959,275664,570623
15,2070,295329,275541,570870
16,2070,296065,275365,571430
17,2070,302452,276309,578761
18,2070,304434,277399,581833
19,2070,307640,279219,586859
20,2070,308797,280475,589272
21,2070,309191,280529,589720
22,2070,309411,280647,590058
23,2070,309775,280624,590399
24,2070,309777,280624,590401
25,2070,309777,280624,590401
26,2070,309777,280624,590401
27,2070,309777,280624,590401
28,2070,309777,280624,590401
29,2070,309777,280624,590401
30,2070,309777,280624,590401
31,2070,309777,280624,590401
32,2070,309777,280624,590401
33,2070,309777,280624,590401
34,2070,309777,280624,590401
35,2070,309777,280624,590401
36,2070,309777,280624,590401
37,2070,309777,280624,590401
38,2070,309777,280624,590401
39,2070,309777,280624,590401
40,2070,309777,280624,590401
41,2070,310523,280709,591232
42,2070,310523,280709,591232
43,2070,310523,280709,591232
44,2070,310523,280709,591232
45,2070,310523,280709,591232
46,2070,310523,280709,591232
47,2070,310523,280709,591232
48,2070,310523,280709,591232
49,2070,310523,280709,591232
50,2070,310523,280709,591232
51,2070,310523,280709,591232
52,2070,310523,280709,591232
53,2070,310523,280709,591232
54,2070,310523,280709,591232
55,2070,310523,280709,591232
56,2070,310523,280709,591232
57,2070,310523,280709,591232
58,2070,310523,280709,591232
59,2070,310523,280709,591232
60,2070,310523,280709,591232
61,2070,310502,280709,591211
62,2070,310490,280709,591199
63,2070,310622,280709,591331
64,2070,310711,280709,591420
65,2070,310776,280709,591485
66,2070,310677,280709,591386
67,2070,310677,280709,591386
68,2070,310677,280709,591386
69,2070,310609,280709,591318
70,2070,310583,280709,591292
71,2070,310117,280695,590812
72,2070,310465,280709,591174
73,2070,310117,280695,590812
74,2070,310117,280695,590812
75,2070,310117,280695,590812
76,2070,310117,280695,590812
77,2070,310117,280695,590812
78,2070,314565,303350,617915
79,2070,315463,303836,619299
80,2070,315597,307591,623188
81,2070,318475,306338,624813
82,2070,318475,306338,624813
83,2070,318475,306338,624813
84,2070,318475,306338,624813
85,2070,318475,306338,624813
86,2070,318475,306338,624813
87,2070,318475,306338,624813
88,2070,318475,306338,624813
89,2070,318475,306338,624813
90,2070,318475,306338,624813
91,2070,318475,306338,624813
92,2070,318475,306338,624813
93,2070,318475,306338,624813
94,2070,318475,306338,624813
95,2070,318475,306338,624813
96,2070,318475,306338,624813
97,2070,318475,306338,624813
98,2070,318475,306338,624813
99,2070,318475,306338,624813
100,2070,318475,306338,624813
0,2070,291577,274118,565695
1,2070,291704,274059,565763
2,2070,291728,274070,565798
3,2070,292172,275866,568038
4,2070,292520,275795,568315
5,2070,290894,274103,564997
6,2070,293029,275653,568682
7,2070,293002,275585,568587
8,2070,292514,276161,568675
9,2070,292060,275434,567494
10,2070,292373,275869,568242
11,2070,291521,275321,566842
12,2070,292700,275905,568605
13,2070,293942,275538,569480
14,2070,295205,275997,571202
15,2070,296250,275426,571676
16,2070,296330,275907,572237
17,2070,302651,276235,578886
18,2070,304622,277408,582030
19,2070,308470,279310,587780
20,2070,308804,280475,589279
21,2070,309404,280464,589868
22,2070,309411,280647,590058
23,2070,309775,280624,590399
24,2070,309777,280624,590401
25,2070,309777,280624,590401
26,2070,309777,280624,590401
27,2070,309777,280624,590401
28,2070,309777,280624,590401
29,2070,309777,280624,590401
30,2070,309777,280624,590401
31,2070,309777,280624,590401
32,2070,309777,280624,590401
33,2070,309777,280624,590401
34,2070,309777,280624,590401
35,2070,309777,280624,590401
36,2070,309777,280624,590401
37,2070,309777,280624,590401
38,2070,309777,280624,590401
39,2070,309777,280624,590401
40,2070,309777,280624,590401
41,2070,310523,280709,591232
42,2070,310523,280709,591232
43,2070,310523,280709,591232
44,2070,310523,280709,591232
45,2070,310523,280709,591232
46,2070,310523,280709,591232
47,2070,310523,280709,591232
48,2070,310523,280709,591232
49,2070,310523,280709,591232
50,2070,310523,280709,591232
51,2070,310523,280709,591232
52,2070,310523,280709,591232
53,2070,310523,280709,591232
54,2070,310523,280709,591232
55,2070,310523,280709,591232
56,2070,310523,280709,591232
57,2070,310523,280709,591232
58,2070,310523,280709,591232
59,2070,310523,280709,591232
60,2070,310523,280709,591232
61,2070,310502,280709,591211
62,2070,310482,280709,591191
63,2070,310629,280709,591338
64,2070,310711,280709,591420
65,2070,310776,280709,591485
66,2070,310677,280709,591386
67,2070,310677,280709,591386
68,2070,310677,280709,591386
69,2070,310609,280709,591318
70,2070,310583,280709,591292
71,2070,310117,280695,590812
72,2070,310465,280709,591174
73,2070,310117,280695,590812
74,2070,310117,280695,590812
75,2070,310117,280695,590812
76,2070,310117,280695,590812
77,2070,310117,280695,590812
78,2070,314748,304905,619653
79,2070,315681,305040,620721
80,2070,320100,305595,625695
81,2070,319150,304796,623946
82,2070,319150,304796,623946
83,2070,319150,304796,623946
84,2070,319150,304796,623946
85,2070,319150,304796,623946
86,2070,319150,304796,623946
87,2070,319150,304796,623946
88,2070,319150,304796,623946
89,2070,319150,304796,623946
90,2070,319150,304796,623946
91,2070,319150,304796,623946
92,2070,319150,304796,623946
93,2070,319150,304796,623946
94,2070,319150,304796,623946
95,2070,319150,304796,623946
96,2070,319150,304796,623946
97,2070,319150,304796,623946
98,2070,319150,304796,623946
99,2070,319150,304796,623946
100,2070,319150,304796,623946
0,2070,292691,275252,567943
1,2070,292737,275408,568145
2,2070,292737,275396,568133
3,2070,291909,275660,567569
4,2070,292434,275675,568109
5,2070,292224,276129,568353
6,2070,292989,275830,568819
7,2070,292884,275778,568662
8,2070,291224,275620,566844
9,2070,291990,275557,567547
10,2070,292433,276415,568848
11,2070,291391,275660,567051
12,2070,293221,276798,570019
13,2070,294261,275802,570063
14,2070,297791,275834,573625
15,2070,295951,275686,571637
16,2070,296030,275683,571713
17,2070,302367,276387,578754
18,2070,304434,277399,581833
19,2070,309346,279536,588882
20,2070,308804,280475,589279
21,2070,308966,280464,589430
22,2070,309411,280616,590027
23,2070,309775,280624,590399
24,2070,309777,280624,590401
25,2070,309777,280624,590401
26,2070,309777,280624,590401
27,2070,309777,280624,590401
28,2070,309777,280624,590401
29,2070,309777,280624,590401
30,2070,309777,280624,590401
31,2070,309777,280624,590401
32,2070,309777,280624,590401
33,2070,309777,280624,590401
34,2070,309777,280624,590401
35,2070,309777,280624,590401
36,2070,309777,280624,590401
37,2070,309777,280624,590401
38,2070,309777,280624,590401
39,2070,309777,280624,590401
40,2070,309777,280624,590401
41,2070,310523,280709,591232
42,2070,310523,280709,591232
43,2070,310523,280709,591232
44,2070,310523,280709,591232
45,2070,310523,280709,591232
46,2070,310523,280709,591232
47,2070,310523,280709,591232
48,2070,310523,280709,591232
49,2070,310523,280709,591232
50,2070,310523,280709,591232
51,2070,310523,280709,591232
52,2070,310523,280709,591232
53,2070,310523,280709,591232
54,2070,310523,280709,591232
55,2070,310523,280709,591232
56,2070,310523,280709,591232
57,2070,310523,280709,591232
58,2070,310523,280709,591232
59,2070,310523,280709,591232
60,2070,310523,280709,591232
61,2070,310502,280709,591211
62,2070,310542,280709,591251
63,2070,310629,280709,591338
64,2070,310711,280709,591420
65,2070,310776,280709,591485
66,2070,310677,280709,591386
67,2070,310677,280709,591386
68,2070,310677,280709,591386
69,2070,310609,280709,591318
70,2070,310583,280709,591292
71,2070,310117,280695,590812
72,2070,310465,280709,591174
73,2070,310117,280695,590812
74,2070,310117,280695,590812
75,2070,310117,280695,590812
76,2070,310117,280695,590812
77,2070,310117,280695,590812
78,2070,315901,306651,622552
79,2070,316557,307162,623719
80,2070,319112,306085,625197
81,2070,317302,305907,623209
82,2070,317302,305907,623209
83,2070,317302,305907,623209
84,2070,317302,305907,623209
85,2070,317302,305907,623209
86,2070,317302,305907,623209
87,2070,317302,305907,623209
88,2070,317302,305907,623209
89,2070,317302,305907,623209
90,2070,317302,305907,623209
91,2070,317302,305907,623209
92,2070,317302,305907,623209
93,2070,317302,305907,623209
94,2070,317302,305907,623209
95,2070,317302,305907,623209
96,2070,317302,305907,623209
97,2070,317302,305907,623209
98,2070,317302,305907,623209
99,2070,317302,305907,623209
100,2070,317302,305907,623209
0,2071,292160,275407,567567
1,2071,292160,275407,567567
2,2071,292156,275407,567563
3,2071,292317,275433,567750
4,2071,292459,275435,567894
5,2071,292604,275460,568064
6,2071,292715,275538,568253
7,2071,292699,275529,568228
8,2071,292688,275503,568191
9,2071,292689,275485,568174
10,2071,292704,275551,568255
11,2071,292828,275972,568800
12,2071,293342,276256,569598
13,2071,293719,276375,570094
14,2071,293758,276281,570039
15,2071,293823,276272,570095
16,2071,294123,276355,570478
17,2071,294561,276410,570971
18,2071,295789,276733,572522
19,2071,296731,278188,574919
20,2071,296795,278225,575020
21,2071,296833,278284,575117
22,2071,296862,278532,575394
23,2071,296890,278545,575435
24,2071,296890,278545,575435
25,2071,296890,278545,575435
26,2071,296890,278545,575435
27,2071,296890,278545,575435
28,2071,296890,278545,575435
29,2071,296890,278545,575435
30,2071,296890,278545,575435
31,2071,296890,278545,575435
32,2071,296890,278545,575435
33,2071,296890,278545,575435
34,2071,296890,278545,575435
35,2071,296890,278545,575435
36,2071,296890,278545,575435
37,2071,296890,278545,575435
38,2071,296890,278545,575435
39,2071,296890,278545,575435
40,2071,296890,278545,575435
41,2071,296890,278545,575435
42,2071,296890,278545,575435
43,2071,296890,278545,575435
44,2071,296890,278545,575435
45,2071,296890,278545,575435
46,2071,296881,278545,575426
47,2071,296873,278545,575418
48,2071,296873,278545,575418
49,2071,296873,278545,575418
50,2071,296873,278545,575418
51,2071,296873,278595,575468
52,2071,296873,278595,575468
53,2071,296873,278595,575468
54,2071,296873,278595,575468
55,2071,296873,278595,575468
56,2071,296873,278595,575468
57,2071,296873,278595,575468
58,2071,296873,278595,575468
59,2071,296873,278595,575468
60,2071,296873,278595,575468
61,2071,296873,278595,575468
62,2071,296873,278595,575468
63,2071,296873,278595,575468
64,2071,296825,278595,575420
65,2071,296825,278595,575420
66,2071,296738,278595,575333
67,2071,296738,278595,575333
68,2071,296472,278595,575067
69,2071,296377,278595,574972
70,2071,296237,278595,574832
71,2071,295800,278595,574395
72,2071,295800,278595,574395
73,2071,295461,278595,574056
74,2071,295423,278595,574018
75,2071,295423,278595,574018
76,2071,295423,278595,574018
77,2071,295423,278595,574018
78,2071,295423,279554,574977
79,2071,295423,279363,574786
80,2071,295423,279614,575037
81,2071,295423,279743,575166
82,2071,295423,279743,575166
83,2071,295423,279743,575166
84,2071,295423,279743,575166
85,2071,295423,279743,575166
86,2071,295423,279743,575166
87,2071,295423,279743,575166
88,2071,295423,279743,575166
89,2071,295423,279743,575166
90,2071,295423,279743,575166
91,2071,295423,279743,575166
92,2071,295423,279743,575166
93,2071,295423,279743,575166
94,2071,295423,279743,575166
95,2071,295423,279743,575166
96,2071,295423,279743,575166
97,2071,295423,279743,575166
98,2071,295423,279743,575166
99,2071,295423,279743,575166
100,2071,295423,279743,575166
0,2071,292266,275259,567525
1,2071,292266,275259,567525
2,2071,292259,275259,567518
3,2071,292436,275274,567710
4,2071,292615,275193,567808
5,2071,292741,275299,568040
6,2071,292868,275406,568274
7,2071,292842,275390,568232
8,2071,292820,275364,568184
9,2071,292815,275344,568159
10,2071,292810,275474,568284
11,2071,292862,275699,568561
12,2071,293184,275754,568938
13,2071,293704,275708,569412
14,2071,293937,275800,569737
15,2071,294124,275792,569916
16,2071,294466,275859,570325
17,2071,295672,275850,571522
18,2071,297964,276497,574461
19,2071,298821,278322,577143
20,2071,299958,278491,578449
21,2071,300126,278538,578664
22,2071,300128,279006,579134
23,2071,300136,279020,579156
24,2071,300136,279020,579156
25,2071,300136,279020,579156
26,2071,300136,279020,579156
27,2071,300136,279020,579156
28,2071,300136,279020,579156
29,2071,300136,279020,579156
30,2071,300136,279020,579156
31,2071,300136,279020,579156
32,2071,300136,279020,579156
33,2071,300136,279020,579156
34,2071,300136,279020,579156
35,2071,300136,279020,579156
36,2071,300136,279020,579156
37,2071,300136,279020,579156
38,2071,300136,279020,579156
39,2071,300136,279020,579156
40,2071,300136,279020,579156
41,2071,300136,279020,579156
42,2071,300136,279020,579156
43,2071,300136,279020,579156
44,2071,300538,279020,579558
45,2071,300538,279020,579558
46,2071,300536,279020,579556
47,2071,300528,279020,579548
48,2071,300528,279020,579548
49,2071,300528,279020,579548
50,2071,300528,279020,579548
51,2071,300528,279059,579587
52,2071,300528,279059,579587
53,2071,300528,279059,579587
54,2071,300528,279059,579587
55,2071,300528,279059,579587
56,2071,300528,279059,579587
57,2071,300528,279059,579587
58,2071,300528,279059,579587
59,2071,300528,279059,579587
60,2071,300528,279059,579587
61,2071,300528,279059,579587
62,2071,300528,279059,579587
63,2071,300528,279059,579587
64,2071,300557,279059,579616
65,2071,300557,279059,579616
66,2071,300066,279059,579125
67,2071,300008,279059,579067
68,2071,299613,279059,578672
69,2071,299663,279059,578722
70,2071,299415,279037,578452
71,2071,298888,279037,577925
72,2071,298782,279037,577819
73,2071,298283,278963,577246
74,2071,298238,278963,577201
75,2071,298238,278963,577201
76,2071,298238,278963,577201
77,2071,298238,278963,577201
78,2071,298344,280269,578613
79,2071,298259,280078,578337
80,2071,298344,280826,579170
81,2071,298338,280568,578906
82,2071,298338,280568,578906
83,2071,298338,280568,578906
84,2071,298338,280568,578906
85,2071,298338,280568,578906
86,2071,298338,280568,578906
87,2071,298338,280568,578906
88,2071,298338,280568,578906
89,2071,298338,280568,578906
90,2071,298338,280568,578906
91,2071,298338,280568,578906
92,2071,298338,280568,578906
93,2071,298338,280568,578906
94,2071,298338,280568,578906
95,2071,298338,280568,578906
96,2071,298338,280568,578906
97,2071,298338,280568,578906
98,2071,298338,280568,578906
99,2071,298338,280568,578906
100,2071,298338,280568,578906
0,2071,292274,275413,567687
1,2071,292274,275413,567687
2,2071,292266,275413,567679
3,2071,292417,275347,567764
4,2071,292716,275394,568110
5,2071,292856,275450,568306
6,2071,292910,275526,568436
7,2071,292866,275510,568376
8,2071,292838,275471,568309
9,2071,292865,275477,568342
10,2071,292819,275561,568380
11,2071,292909,275804,568713
12,2071,293366,276259,569625
13,2071,294527,276216,570743
14,2071,294776,276418,571194
15,2071,295034,276413,571447
16,2071,296135,276482,572617
17,2071,297419,276524,573943
18,2071,299982,276890,576872
19,2071,300697,278092,578789
20,2071,300794,278561,579355
21,2071,301474,278636,580110
22,2071,301310,278941,580251
23,2071,301326,278955,580281
24,2071,301326,278955,580281
25,2071,301326,278955,580281
26,2071,301326,278955,580281
27,2071,301326,278955,580281
28,2071,301326,278955,580281
29,2071,301326,278955,580281
30,2071,301326,278955,580281
31,2071,301326,278955,580281
32,2071,301326,278955,580281
33,2071,301326,278955,580281
34,2071,301326,278955,580281
35,2071,301326,278955,580281
36,2071,301326,278955,580281
37,2071,301326,278955,580281
38,2071,301326,278955,580281
39,2071,301326,278955,580281
40,2071,301326,278955,580281
41,2071,301326,278955,580281
42,2071,301326,278955,580281
43,2071,301333,278955,580288
44,2071,303077,279111,582188
45,2071,303077,279111,582188
46,2071,302118,279111,581229
47,2071,302109,279111,581220
48,2071,302109,279111,581220
49,2071,302109,279111,581220
50,2071,302109,279111,581220
51,2071,302109,279149,581258
52,2071,302109,279149,581258
53,2071,302109,279149,581258
54,2071,302109,279149,581258
55,2071,302109,279149,581258
56,2071,302109,279149,581258
57,2071,302109,279149,581258
58,2071,302109,279149,581258
59,2071,302109,279149,581258
60,2071,302109,279149,581258
61,2071,302109,279149,581258
62,2071,302109,279149,581258
63,2071,302109,279149,581258
64,2071,303056,279149,582205
65,2071,303056,279149,582205
66,2071,301751,278994,580745
67,2071,301764,278926,580690
68,2071,301625,278926,580551
69,2071,301693,278926,580619
70,2071,301698,278926,580624
71,2071,302699,279051,581750
72,2071,302614,279051,581665
73,2071,301717,279129,580846
74,2071,301717,279129,580846
75,2071,301717,279129,580846
76,2071,301717,279129,580846
77,2071,301717,279129,580846
78,2071,301618,283834,585452
79,2071,301588,283520,585108
80,2071,301523,283856,585379
81,2071,301545,283856,585401
82,2071,301545,283856,585401
83,2071,301545,283856,585401
84,2071,301545,283856,585401
85,2071,301545,283856,585401
86,2071,301545,283856,585401
87,2071,301545,283856,585401
88,2071,301545,283856,585401
89,2071,301545,283856,585401
90,2071,301545,283856,585401
91,2071,301545,283856,585401
92,2071,301545,283856,585401
93,2071,301545,283856,585401
94,2071,301545,283856,585401
95,2071,301545,283856,585401
96,2071,301545,283856,585401
97,2071,301545,283856,585401
98,2071,301545,283856,585401
99,2071,301545,283856,585401
100,2071,301545,283856,585401
0,2071,292099,274901,567000
1,2071,292099,274901,567000
2,2071,292091,274901,566992
3,2071,292300,274901,567201
4,2071,292463,274931,567394
5,2071,292518,274983,567501
6,2071,292615,275035,567650
7,2071,292607,275057,567664
8,2071,292601,275043,567644
9,2071,292574,275024,567598
10,2071,292549,275055,567604
11,2071,292624,275339,567963
12,2071,293047,275490,568537
13,2071,294584,275590,570174
14,2071,295239,275679,570918
15,2071,297561,275661,573222
16,2071,296031,275360,571391
17,2071,298511,275281,573792
18,2071,300960,276311,577271
19,2071,318140,278178,596318
20,2071,318570,278704,597274
21,2071,307169,279147,586316
22,2071,306963,279195,586158
23,2071,307025,279209,586234
24,2071,307025,279209,586234
25,2071,307025,279209,586234
26,2071,307025,279209,586234
27,2071,307025,279209,586234
28,2071,307025,279209,586234
29,2071,307025,279209,586234
30,2071,307025,279209,586234
31,2071,307025,279209,586234
32,2071,307025,279209,586234
33,2071,307025,279209,586234
34,2071,307025,279209,586234
35,2071,307025,279209,586234
36,2071,307025,279209,586234
37,2071,307025,279209,586234
38,2071,307025,279209,586234
39,2071,307025,279209,586234
40,2071,307025,279209,586234
41,2071,307025,279209,586234
42,2071,307025,279209,586234
43,2071,307025,279209,586234
44,2071,309401,279433,588834
45,2071,309401,279433,588834
46,2071,308138,279364,587502
47,2071,308207,279364,587571
48,2071,308207,279364,587571
49,2071,308207,279364,587571
50,2071,308207,279364,587571
51,2071,308198,279402,587600
52,2071,308198,279402,587600
53,2071,308198,279402,587600
54,2071,308198,279402,587600
55,2071,308198,279402,587600
56,2071,308198,279402,587600
57,2071,308198,279402,587600
58,2071,308198,279402,587600
59,2071,308198,279402,587600
60,2071,308198,279402,587600
61,2071,308198,279402,587600
62,2071,308198,279402,587600
63,2071,308198,279402,587600
64,2071,309449,279472,588921
65,2071,309538,279472,589010
66,2071,307947,279400,587347
67,2071,308227,279400,587627
68,2071,307618,279138,586756
69,2071,307735,279232,586967
70,2071,307742,279123,586865
71,2071,309127,279187,588314
72,2071,308751,279129,587880
73,2071,307179,279129,586308
74,2071,307179,279129,586308
75,2071,307179,279129,586308
76,2071,307179,279129,586308
77,2071,307179,279129,586308
78,2071,306934,286413,593347
79,2071,306862,284996,591858
80,2071,306855,286432,593287
81,2071,306855,286432,593287
82,2071,306855,286432,593287
83,2071,306855,286432,593287
84,2071,306855,286432,593287
85,2071,306855,286432,593287
86,2071,306855,286432,593287
87,2071,306855,286432,593287
88,2071,306855,286432,593287
89,2071,306855,286432,593287
90,2071,306855,286432,593287
91,2071,306855,286432,593287
92,2071,306855,286432,593287
93,2071,306855,286432,593287
94,2071,306855,286432,593287
95,2071,306855,286432,593287
96,2071,306855,286432,593287
97,2071,306855,286432,593287
98,2071,306855,286432,593287
99,2071,306855,286432,593287
100,2071,306855,286432,593287
0,2071,292414,276267,568681
1,2071,292414,276267,568681
2,2071,292410,276267,568677
3,2071,292524,276267,568791
4,2071,292770,276374,569144
5,2071,292782,276405,569187
6,2071,292777,275836,568613
7,2071,292789,275833,568622
8,2071,292809,276105,568914
9,2071,292817,276218,569035
10,2071,292752,276008,568760
11,2071,292786,276013,568799
12,2071,292637,275836,568473
13,2071,294207,275567,569774
14,2071,297544,275452,572996
15,2071,296712,275491,572203
16,2071,295873,275344,571217
17,2071,298696,275638,574334
18,2071,308040,277244,585284
19,2071,310244,279250,589494
20,2071,310992,279343,590335
21,2071,309447,279369,588816
22,2071,309498,279517,589015
23,2071,309548,279517,589065
24,2071,309548,279517,589065
25,2071,309548,279517,589065
26,2071,309548,279517,589065
27,2071,309548,279517,589065
28,2071,309548,279517,589065
29,2071,309548,279517,589065
30,2071,309548,279517,589065
31,2071,309548,279517,589065
32,2071,309548,279517,589065
33,2071,309548,279517,589065
34,2071,309548,279517,589065
35,2071,309548,279517,589065
36,2071,309548,279517,589065
37,2071,309933,279517,589450
38,2071,309933,279517,589450
39,2071,309933,279517,589450
40,2071,309933,279517,589450
41,2071,309933,279517,589450
42,2071,309933,279517,589450
43,2071,309933,279517,589450
44,2071,311218,279445,590663
45,2071,311218,279445,590663
46,2071,311078,279485,590563
47,2071,311078,279485,590563
48,2071,311078,279485,590563
49,2071,311078,279485,590563
50,2071,311078,279485,590563
51,2071,311087,279523,590610
52,2071,311087,279523,590610
53,2071,311087,279523,590610
54,2071,311087,279523,590610
55,2071,311087,279523,590610
56,2071,311087,279523,590610
57,2071,311087,279523,590610
58,2071,311087,279523,590610
59,2071,311087,279523,590610
60,2071,311087,279523,590610
61,2071,311087,279523,590610
62,2071,311087,279523,590610
63,2071,311197,279523,590720
64,2071,311402,279483,590885
65,2071,311494,279483,590977
66,2071,311142,279522,590664
67,2071,311181,279522,590703
68,2071,310276,279498,589774
69,2071,310326,279498,589824
70,2071,310257,279585,589842
71,2071,310672,279598,590270
72,2071,310683,279572,590255
73,2071,309854,279579,589433
74,2071,309854,279579,589433
75,2071,309854,279579,589433
76,2071,309854,279579,589433
77,2071,309854,279579,589433
78,2071,309223,297053,606276
79,2071,309182,295170,604352
80,2071,309215,297002,606217
81,2071,309223,297359,606582
82,2071,309223,297359,606582
83,2071,309223,297359,606582
84,2071,309223,297359,606582
85,2071,309223,297359,606582
86,2071,309223,297359,606582
87,2071,309223,297359,606582
88,2071,309223,297359,606582
89,2071,309223,297359,606582
90,2071,309223,297359,606582
91,2071,309223,297359,606582
92,2071,309223,297359,606582
93,2071,309223,297359,606582
94,2071,309223,297359,606582
95,2071,309223,297359,606582
96,2071,309223,297359,606582
97,2071,309223,297359,606582
98,2071,309223,297359,606582
99,2071,309223,297359,606582
100,2071,309223,297359,606582
0,2071,290839,275033,565872
1,2071,290839,275033,565872
2,2071,290835,275033,565868
3,2071,290937,275233,566170
4,2071,291005,274937,565942
5,2071,291046,275155,566201
6,2071,292232,276240,568472
7,2071,292199,276233,568432
8,2071,291249,275661,566910
9,2071,291199,275601,566800
10,2071,292123,276191,568314
11,2071,292361,276048,568409
12,2071,293171,276060,569231
13,2071,294126,275531,569657
14,2071,296668,275937,572605
15,2071,295244,275388,570632
16,2071,296127,275713,571840
17,2071,298662,276231,574893
18,2071,305162,277907,583069
19,2071,309543,280666,590209
20,2071,310358,280573,590931
21,2071,310236,280007,590243
22,2071,310517,280086,590603
23,2071,310504,280086,590590
24,2071,310504,280086,590590
25,2071,310504,280086,590590
26,2071,310504,280086,590590
27,2071,310504,280086,590590
28,2071,310504,280086,590590
29,2071,310504,280086,590590
30,2071,310504,280086,590590
31,2071,310504,280086,590590
32,2071,310504,280086,590590
33,2071,310504,280086,590590
34,2071,310504,280086,590590
35,2071,310504,280086,590590
36,2071,310504,280086,590590
37,2071,310568,280086,590654
38,2071,310568,280086,590654
39,2071,310568,280086,590654
40,2071,310568,280086,590654
41,2071,310949,280086,591035
42,2071,310949,280086,591035
43,2071,310949,280086,591035
44,2071,311212,280770,591982
45,2071,311212,280770,591982
46,2071,311402,280718,592120
47,2071,311402,280718,592120
48,2071,311402,280718,592120
49,2071,311402,280718,592120
50,2071,311402,280718,592120
51,2071,311402,280757,592159
52,2071,311402,280757,592159
53,2071,311402,280757,592159
54,2071,311402,280757,592159
55,2071,311402,280757,592159
56,2071,311402,280757,592159
57,2071,311402,280757,592159
58,2071,311402,280757,592159
59,2071,311402,280757,592159
60,2071,311402,280757,592159
61,2071,311402,280757,592159
62,2071,311402,280757,592159
63,2071,311500,280757,592257
64,2071,311363,280826,592189
65,2071,311724,280826,592550
66,2071,311611,280757,592368
67,2071,311478,280757,592235
68,2071,311136,280282,591418
69,2071,311224,280386,591610
70,2071,311089,280359,591448
71,2071,311023,280782,591805
72,2071,311415,280757,592172
73,2071,310475,280113,590588
74,2071,310475,280113,590588
75,2071,310475,280113,590588
76,2071,310475,280113,590588
77,2071,310475,280113,590588
78,2071,312080,301426,613506
79,2071,311717,300216,611933
80,2071,312078,301550,613628
81,2071,312097,305369,617466
82,2071,312097,305369,617466
83,2071,312097,305369,617466
84,2071,312097,305369,617466
85,2071,312097,305369,617466
86,2071,312097,305369,617466
87,2071,312097,305369,617466
88,2071,312097,305369,617466
89,2071,312097,305369,617466
90,2071,312097,305369,617466
91,2071,312097,305369,617466
92,2071,312097,305369,617466
93,2071,312097,305369,617466
94,2071,312097,305369,617466
95,2071,312097,305369,617466
96,2071,312097,305369,617466
97,2071,312097,305369,617466
98,2071,312097,305369,617466
99,2071,312097,305369,617466
100,2071,312097,305369,617466
0,2071,289659,274603,564262
1,2071,289659,274603,564262
2,2071,289665,274603,564268
3,2071,290131,274992,565123
4,2071,290075,275018,565093
5,2071,290517,275453,565970
6,2071,291142,275727,566869
7,2071,291129,275727,566856
8,2071,291983,276029,568012
9,2071,291141,275810,566951
10,2071,291146,275616,566762
11,2071,292016,276074,568090
12,2071,292897,276138,569035
13,2071,294262,276019,570281
14,2071,294683,275572,570255
15,2071,297679,275397,573076
16,2071,295993,275946,571939
17,2071,298812,276626,575438
18,2071,303893,278118,582011
19,2071,307392,280296,587688
20,2071,308113,280287,588400
21,2071,310267,280533,590800
22,2071,310619,280734,591353
23,2071,310685,280734,591419
24,2071,310685,280734,591419
25,2071,310685,280734,591419
26,2071,310685,280734,591419
27,2071,310685,280734,591419
28,2071,310685,280734,591419
29,2071,310685,280734,591419
30,2071,310685,280734,591419
31,2071,310685,280734,591419
32,2071,310685,280734,591419
33,2071,310685,280734,591419
34,2071,310685,280734,591419
35,2071,310685,280734,591419
36,2071,310685,280734,591419
37,2071,310706,280734,591440
38,2071,310706,280734,591440
39,2071,310706,280734,591440
40,2071,310706,280734,591440
41,2071,311060,280758,591818
42,2071,311060,280758,591818
43,2071,311060,280758,591818
44,2071,310515,280639,591154
45,2071,310515,280639,591154
46,2071,310557,280639,591196
47,2071,310557,280639,591196
48,2071,310557,280639,591196
49,2071,310557,280639,591196
50,2071,310557,280639,591196
51,2071,310557,280639,591196
52,2071,310557,280639,591196
53,2071,310557,280639,591196
54,2071,310557,280639,591196
55,2071,310557,280639,591196
56,2071,310557,280639,591196
57,2071,310557,280639,591196
58,2071,310557,280639,591196
59,2071,310557,280639,591196
60,2071,310557,280639,591196
61,2071,310557,280639,591196
62,2071,310557,280639,591196
63,2071,310910,280639,591549
64,2071,310761,280639,591400
65,2071,311033,280639,591672
66,2071,311135,280672,591807
67,2071,310932,280639,591571
68,2071,311116,280771,591887
69,2071,311041,280703,591744
70,2071,310992,280666,591658
71,2071,310516,280639,591155
72,2071,310473,280639,591112
73,2071,311008,280697,591705
74,2071,311008,280697,591705
75,2071,311008,280697,591705
76,2071,311008,280697,591705
77,2071,311008,280697,591705
78,2071,314470,302480,616950
79,2071,314144,302411,616555
80,2071,314352,302829,617181
81,2071,316242,304224,620466
82,2071,316242,304224,620466
83,2071,316242,304224,620466
84,2071,316242,304224,620466
85,2071,316242,304224,620466
86,2071,316242,304224,620466
87,2071,316242,304224,620466
88,2071,316242,304224,620466
89,2071,316242,304224,620466
90,2071,316242,304224,620466
91,2071,316242,304224,620466
92,2071,316242,304224,620466
93,2071,316242,304224,620466
94,2071,316242,304224,620466
95,2071,316242,304224,620466
96,2071,316242,304224,620466
97,2071,316242,304224,620466
98,2071,316242,304224,620466
99,2071,316242,304224,620466
100,2071,316242,304224,620466
0,2071,289139,272661,561800
1,2071,289139,272661,561800
2,2071,289140,272661,561801
3,2071,289119,272764,561883
4,2071,289360,272455,561815
5,2071,290329,273837,564166
6,2071,290582,275044,565626
7,2071,290513,275001,565514
8,2071,291822,275327,567149
9,2071,292040,275205,567245
10,2071,290765,275121,565886
11,2071,291646,275629,567275
12,2071,292463,275852,568315
13,2071,293960,275907,569867
14,2071,294086,274870,568956
15,2071,297101,275906,573007
16,2071,295988,275549,571537
17,2071,299178,275915,575093
18,2071,303074,277430,580504
19,2071,305532,280384,585916
20,2071,307797,280492,588289
21,2071,309263,280395,589658
22,2071,309846,280601,590447
23,2071,310066,280601,590667
24,2071,310068,280601,590669
25,2071,310068,280601,590669
26,2071,310068,280601,590669
27,2071,310068,280601,590669
28,2071,310068,280601,590669
29,2071,310068,280601,590669
30,2071,310068,280601,590669
31,2071,310068,280601,590669
32,2071,310068,280601,590669
33,2071,310068,280601,590669
34,2071,310068,280601,590669
35,2071,310068,280601,590669
36,2071,310068,280601,590669
37,2071,310106,280601,590707
38,2071,310106,280601,590707
39,2071,310106,280601,590707
40,2071,310106,280601,590707
41,2071,310504,280601,591105
42,2071,310504,280601,591105
43,2071,310504,280601,591105
44,2071,310371,280615,590986
45,2071,310371,280615,590986
46,2071,310431,280601,591032
47,2071,310431,280601,591032
48,2071,310431,280601,591032
49,2071,310431,280601,591032
50,2071,310431,280601,591032
51,2071,310431,280601,591032
52,2071,310431,280601,591032
53,2071,310431,280601,591032
54,2071,310431,280601,591032
55,2071,310431,280601,591032
56,2071,310431,280601,591032
57,2071,310431,280601,591032
58,2071,310431,280601,591032
59,2071,310431,280601,591032
60,2071,310425,280601,591026
61,2071,310396,280601,590997
62,2071,310384,280601,590985
63,2071,310452,280601,591053
64,2071,310622,280615,591237
65,2071,310565,280615,591180
66,2071,310466,280601,591067
67,2071,310560,280601,591161
68,2071,310503,280601,591104
69,2071,310459,280601,591060
70,2071,310415,280601,591016
71,2071,310321,280601,590922
72,2071,310394,280611,591005
73,2071,310297,280601,590898
74,2071,310297,280601,590898
75,2071,310297,280601,590898
76,2071,310297,280601,590898
77,2071,310297,280601,590898
78,2071,316765,303090,619855
79,2071,316576,303067,619643
80,2071,316701,303735,620436
81,2071,316971,305349,622320
82,2071,316971,305349,622320
83,2071,316971,305349,622320
84,2071,316971,305349,622320
85,2071,316971,305349,622320
86,2071,316971,305349,622320
87,2071,316971,305349,622320
88,2071,316971,305349,622320
89,2071,316971,305349,622320
90,2071,316971,305349,622320
91,2071,316971,305349,622320
92,2071,316971,305349,622320
93,2071,316971,305349,622320
94,2071,316971,305349,622320
95,2071,316971,305349,622320
96,2071,316971,305349,622320
97,2071,316971,305349,622320
98,2071,316971,305349,622320
99,2071,316971,305349,622320
100,2071,316971,305349,622320
0,2071,290394,273022,563416
1,2071,290394,272960,563354
2,2071,290359,272960,563319
3,2071,290259,272886,563145
4,2071,290454,272808,563262
5,2071,291611,274441,566052
6,2071,290844,274238,565082
7,2071,290993,274439,565432
8,2071,292558,275788,568346
9,2071,292683,276220,568903
10,2071,290916,274282,565198
11,2071,292270,275799,568069
12,2071,292527,276121,568648
13,2071,293904,275836,569740
14,2071,293814,275619,569433
15,2071,296491,275550,572041
16,2071,296013,275404,571417
17,2071,300549,276014,576563
18,2071,303703,277256,580959
19,2071,304886,279668,584554
20,2071,307763,280642,588405
21,2071,308577,280432,589009
22,2071,309209,280601,589810
23,2071,309657,280601,590258
24,2071,309658,280601,590259
25,2071,309658,280601,590259
26,2071,309658,280601,590259
27,2071,309658,280601,590259
28,2071,309658,280601,590259
29,2071,309658,280601,590259
30,2071,309658,280601,590259
31,2071,309658,280601,590259
32,2071,309658,280601,590259
33,2071,309658,280601,590259
34,2071,309658,280601,590259
35,2071,309658,280601,590259
36,2071,309658,280601,590259
37,2071,309666,280681,590347
38,2071,309666,280681,590347
39,2071,309666,280681,590347
40,2071,309666,280681,590347
41,2071,310400,280705,591105
42,2071,310400,280705,591105
43,2071,310400,280705,591105
44,2071,310418,280719,591137
45,2071,310418,280719,591137
46,2071,310454,280719,591173
47,2071,310454,280719,591173
48,2071,310454,280719,591173
49,2071,310454,280719,591173
50,2071,310454,280719,591173
51,2071,310454,280719,591173
52,2071,310454,280719,591173
53,2071,310454,280719,591173
54,2071,310454,280719,591173
55,2071,310454,280719,591173
56,2071,310454,280719,591173
57,2071,310454,280719,591173
58,2071,310454,280719,591173
59,2071,310454,280719,591173
60,2071,310454,280719,591173
61,2071,310425,280719,591144
62,2071,310355,280719,591074
63,2071,310557,280719,591276
64,2071,310622,280709,591331
65,2071,310657,280709,591366
66,2071,310551,280719,591270
67,2071,310578,280709,591287
68,2071,310595,280719,591314
69,2071,310527,280719,591246
70,2071,310501,280719,591220
71,2071,310167,280719,590886
72,2071,310365,280719,591084
73,2071,310097,280705,590802
74,2071,310097,280705,590802
75,2071,310097,280705,590802
76,2071,310097,280705,590802
77,2071,310097,280705,590802
78,2071,316031,304649,620680
79,2071,316015,304523,620538
80,2071,316491,304884,621375
81,2071,317021,307179,624200
82,2071,317021,307179,624200
83,2071,317021,307179,624200
84,2071,317021,307179,624200
85,2071,317021,307179,624200
86,2071,317021,307179,624200
87,2071,317021,307179,624200
88,2071,317021,307179,624200
89,2071,317021,307179,624200
90,2071,317021,307179,624200
91,2071,317021,307179,624200
92,2071,317021,307179,624200
93,2071,317021,307179,624200
94,2071,317021,307179,624200
95,2071,317021,307179,624200
96,2071,317021,307179,624200
97,2071,317021,307179,624200
98,2071,317021,307179,624200
99,2071,317021,307179,624200
100,2071,317021,307179,624200
0,2071,291389,273588,564977
1,2071,291361,273588,564949
2,2071,291342,273588,564930
3,2071,290486,273473,563959
4,2071,291427,273538,564965
5,2071,292690,275544,568234
6,2071,291841,274747,566588
7,2071,291918,275199,567117
8,2071,292254,275800,568054
9,2071,291248,275379,566627
10,2071,292120,274848,566968
11,2071,292386,276244,568630
12,2071,292471,275750,568221
13,2071,293842,275635,569477
14,2071,294684,275923,570607
15,2071,295202,274951,570153
16,2071,296309,275544,571853
17,2071,300680,275961,576641
18,2071,306176,277396,583572
19,2071,304844,279082,583926
20,2071,307760,280252,588012
21,2071,308575,280608,589183
22,2071,309265,280695,589960
23,2071,309759,280695,590454
24,2071,309761,280695,590456
25,2071,309761,280695,590456
26,2071,309761,280695,590456
27,2071,309761,280695,590456
28,2071,309761,280695,590456
29,2071,309761,280695,590456
30,2071,309761,280695,590456
31,2071,309761,280695,590456
32,2071,309761,280695,590456
33,2071,309761,280695,590456
34,2071,309761,280695,590456
35,2071,309761,280695,590456
36,2071,309761,280695,590456
37,2071,309760,280695,590455
38,2071,309760,280695,590455
39,2071,309760,280695,590455
40,2071,309760,280695,590455
41,2071,310532,280719,591251
42,2071,310532,280719,591251
43,2071,310532,280719,591251
44,2071,310612,280709,591321
45,2071,310612,280709,591321
46,2071,310612,280709,591321
47,2071,310612,280709,591321
48,2071,310612,280709,591321
49,2071,310612,280709,591321
50,2071,310612,280709,591321
51,2071,310612,280709,591321
52,2071,310612,280709,591321
53,2071,310612,280709,591321
54,2071,310612,280709,591321
55,2071,310612,280709,591321
56,2071,310612,280709,591321
57,2071,310612,280709,591321
58,2071,310612,280709,591321
59,2071,310612,280709,591321
60,2071,310612,280709,591321
61,2071,310583,280709,591292
62,2071,310342,280719,591061
63,2071,310663,280709,591372
64,2071,310791,280709,591500
65,2071,310817,280709,591526
66,2071,310711,280709,591420
67,2071,310719,280709,591428
68,2071,310627,280709,591336
69,2071,310569,280709,591278
70,2071,310553,280709,591262
71,2071,310114,280719,590833
72,2071,310402,280719,591121
73,2071,310099,280695,590794
74,2071,310099,280695,590794
75,2071,310099,280695,590794
76,2071,310099,280695,590794
77,2071,310099,280695,590794
78,2071,316416,306500,622916
79,2071,316414,306851,623265
80,2071,317112,306603,623715
81,2071,320548,305311,625859
82,2071,320548,305311,625859
83,2071,320548,305311,625859
84,2071,320548,305311,625859
85,2071,320548,305311,625859
86,2071,320548,305311,625859
87,2071,320548,305311,625859
88,2071,320548,305311,625859
89,2071,320548,305311,625859
90,2071,320548,305311,625859
91,2071,320548,305311,625859
92,2071,320548,305311,625859
93,2071,320548,305311,625859
94,2071,320548,305311,625859
95,2071,320548,305311,625859
96,2071,320548,305311,625859
97,2071,320548,305311,625859
98,2071,320548,305311,625859
99,2071,320548,305311,625859
100,2071,320548,305311,625859
0,2071,292751,275522,568273
1,2071,292768,275518,568286
2,2071,292769,275518,568287
3,2071,291789,274356,566145
4,2071,293025,274710,567735
5,2071,292813,276399,569212
6,2071,292765,276223,568988
7,2071,292672,276268,568940
8,2071,292330,276276,568606
9,2071,291393,275989,567382
10,2071,292673,276157,568830
11,2071,291584,275622,567206
12,2071,292581,275830,568411
13,2071,294134,275933,570067
14,2071,295041,276344,571385
15,2071,297727,275310,573037
16,2071,296109,275747,571856
17,2071,313874,275931,589805
18,2071,305144,277547,582691
19,2071,305947,279202,585149
20,2071,308539,280233,588772
21,2071,309150,280634,589784
22,2071,309340,280727,590067
23,2071,309735,280695,590430
24,2071,309736,280695,590431
25,2071,309736,280695,590431
26,2071,309736,280695,590431
27,2071,309736,280695,590431
28,2071,309736,280695,590431
29,2071,309736,280695,590431
30,2071,309736,280695,590431
31,2071,309736,280695,590431
32,2071,309736,280695,590431
33,2071,309736,280695,590431
34,2071,309736,280695,590431
35,2071,309736,280695,590431
36,2071,309736,280695,590431
37,2071,309736,280695,590431
38,2071,309736,280695,590431
39,2071,309736,280695,590431
40,2071,309736,280695,590431
41,2071,310615,280709,591324
42,2071,310615,280709,591324
43,2071,310615,280709,591324
44,2071,310580,280709,591289
45,2071,310580,280709,591289
46,2071,310589,280709,591298
47,2071,310589,280709,591298
48,2071,310589,280709,591298
49,2071,310589,280709,591298
50,2071,310589,280709,591298
51,2071,310589,280709,591298
52,2071,310589,280709,591298
53,2071,310589,280709,591298
54,2071,310589,280709,591298
55,2071,310589,280709,591298
56,2071,310589,280709,591298
57,2071,310589,280709,591298
58,2071,310589,280709,591298
59,2071,310589,280709,591298
60,2071,310589,280709,591298
61,2071,310560,280709,591269
62,2071,310362,280719,591081
63,2071,310688,280709,591397
64,2071,310777,280709,591486
65,2071,310815,280709,591524
66,2071,310706,280709,591415
67,2071,310743,280709,591452
68,2071,310757,280709,591466
69,2071,310692,280709,591401
70,2071,310676,280709,591385
71,2071,310183,280695,590878
72,2071,310549,280719,591268
73,2071,310133,280695,590828
74,2071,310133,280695,590828
75,2071,310133,280695,590828
76,2071,310133,280695,590828
77,2071,310133,280695,590828
78,2071,319143,305453,624596
79,2071,319327,305676,625003
80,2071,319274,305068,624342
81,2071,318978,306401,625379
82,2071,318978,306401,625379
83,2071,318978,306401,625379
84,2071,318978,306401,625379
85,2071,318978,306401,625379
86,2071,318978,306401,625379
87,2071,318978,306401,625379
88,2071,318978,306401,625379
89,2071,318978,306401,625379
90,2071,318978,306401,625379
91,2071,318978,306401,625379
92,2071,318978,306401,625379
93,2071,318978,306401,625379
94,2071,318978,306401,625379
95,2071,318978,306401,625379
96,2071,318978,306401,625379
97,2071,318978,306401,625379
98,2071,318978,306401,625379
99,2071,318978,306401,625379
100,2071,318978,306401,625379
0,2071,292327,275510,567837
1,2071,292327,275659,567986
2,2071,292320,275647,567967
3,2071,292875,275527,568402
4,2071,292828,275721,568549
5,2071,291154,274409,565563
6,2071,291431,275516,566947
7,2071,291405,275336,566741
8,2071,290990,275061,566051
9,2071,292128,275695,567823
10,2071,291559,275769,567328
11,2071,291377,275586,566963
12,2071,293155,276000,569155
13,2071,294189,275958,570147
14,2071,295769,275717,571486
15,2071,297153,275649,572802
16,2071,295944,275372,571316
17,2071,307331,276682,584013
18,2071,304499,277441,581940
19,2071,307335,279222,586557
20,2071,309367,280247,589614
21,2071,309425,280514,589939
22,2071,309452,280752,590204
23,2071,309762,280695,590457
24,2071,309764,280695,590459
25,2071,309764,280695,590459
26,2071,309764,280695,590459
27,2071,309764,280695,590459
28,2071,309764,280695,590459
29,2071,309764,280695,590459
30,2071,309764,280695,590459
31,2071,309764,280695,590459
32,2071,309764,280695,590459
33,2071,309764,280695,590459
34,2071,309764,280695,590459
35,2071,309764,280695,590459
36,2071,309764,280695,590459
37,2071,309738,280695,590433
38,2071,309738,280695,590433
39,2071,309738,280695,590433
40,2071,309738,280695,590433
41,2071,310581,280709,591290
42,2071,310581,280709,591290
43,2071,310581,280709,591290
44,2071,310522,280709,591231
45,2071,310522,280709,591231
46,2071,310522,280709,591231
47,2071,310522,280709,591231
48,2071,310522,280709,591231
49,2071,310522,280709,591231
50,2071,310522,280709,591231
51,2071,310522,280709,591231
52,2071,310522,280709,591231
53,2071,310522,280709,591231
54,2071,310522,280709,591231
55,2071,310522,280709,591231
56,2071,310522,280709,591231
57,2071,310522,280709,591231
58,2071,310522,280709,591231
59,2071,310522,280709,591231
60,2071,310522,280709,591231
61,2071,310493,280709,591202
62,2071,310500,280719,591219
63,2071,310622,280709,591331
64,2071,310711,280709,591420
65,2071,310854,280709,591563
66,2071,310736,280709,591445
67,2071,310677,280709,591386
68,2071,310743,280709,591452
69,2071,310668,280709,591377
70,2071,310642,280709,591351
71,2071,310117,280719,590836
72,2071,310404,280709,591113
73,2071,310176,280695,590871
74,2071,310176,280695,590871
75,2071,310176,280695,590871
76,2071,310176,280695,590871
77,2071,310176,280695,590871
78,2071,317218,306629,623847
79,2071,317604,306070,623674
80,2071,317715,306312,624027
81,2071,319435,304795,624230
82,2071,319435,304795,624230
83,2071,319435,304795,624230
84,2071,319435,304795,624230
85,2071,319435,304795,624230
86,2071,319435,304795,624230
87,2071,319435,304795,624230
88,2071,319435,304795,624230
89,2071,319435,304795,624230
90,2071,319435,304795,624230
91,2071,319435,304795,624230
92,2071,319435,304795,624230
93,2071,319435,304795,624230
94,2071,319435,304795,624230
95,2071,319435,304795,624230
96,2071,319435,304795,624230
97,2071,319435,304795,624230
98,2071,319435,304795,624230
99,2071,319435,304795,624230
100,2071,319435,304795,624230
0,2071,292237,275533,567770
1,2071,292258,275489,567747
2,2071,292255,275489,567744
3,2071,292520,275565,568085
4,2071,292646,275922,568568
5,2071,290941,274761,565702
6,2071,291650,275540,567190
7,2071,291571,275602,567173
8,2071,290150,274568,564718
9,2071,292443,275886,568329
10,2071,291915,275595,567510
11,2071,292561,275926,568487
12,2071,293011,276402,569413
13,2071,293947,275772,569719
14,2071,294479,275523,570002
15,2071,297722,275788,573510
16,2071,296132,275359,571491
17,2071,303346,276680,580026
18,2071,304374,277451,581825
19,2071,307952,279352,587304
20,2071,309700,280525,590225
21,2071,308980,280464,589444
22,2071,309470,280601,590071
23,2071,309775,280616,590391
24,2071,309777,280616,590393
25,2071,309777,280616,590393
26,2071,309777,280616,590393
27,2071,309777,280616,590393
28,2071,309777,280616,590393
29,2071,309777,280616,590393
30,2071,309777,280616,590393
31,2071,309777,280616,590393
32,2071,309777,280616,590393
33,2071,309777,280616,590393
34,2071,309777,280616,590393
35,2071,309777,280616,590393
36,2071,309777,280616,590393
37,2071,309777,280616,590393
38,2071,309777,280616,590393
39,2071,309777,280616,590393
40,2071,309777,280616,590393
41,2071,310522,280709,591231
42,2071,310522,280709,591231
43,2071,310522,280709,591231
44,2071,310523,280709,591232
45,2071,310523,280709,591232
46,2071,310523,280709,591232
47,2071,310523,280709,591232
48,2071,310523,280709,591232
49,2071,310523,280709,591232
50,2071,310523,280709,591232
51,2071,310523,280709,591232
52,2071,310523,280709,591232
53,2071,310523,280709,591232
54,2071,310523,280709,591232
55,2071,310523,280709,591232
56,2071,310523,280709,591232
57,2071,310523,280709,591232
58,2071,310523,280709,591232
59,2071,310523,280709,591232
60,2071,310523,280709,591232
61,2071,310494,280709,591203
62,2071,310481,280709,591190
63,2071,310622,280709,591331
64,2071,310711,280709,591420
65,2071,310728,280709,591437
66,2071,310677,280709,591386
67,2071,310677,280709,591386
68,2071,310677,280709,591386
69,2071,310602,280709,591311
70,2071,310576,280709,591285
71,2071,310117,280695,590812
72,2071,310481,280719,591200
73,2071,310143,280719,590862
74,2071,310143,280719,590862
75,2071,310143,280719,590862
76,2071,310143,280719,590862
77,2071,310143,280719,590862
78,2071,319280,304872,624152
79,2071,317218,306403,623621
80,2071,318885,305538,624423
81,2071,315816,304901,620717
82,2071,315816,304901,620717
83,2071,315816,304901,620717
84,2071,315816,304901,620717
85,2071,315816,304901,620717
86,2071,315816,304901,620717
87,2071,315816,304901,620717
88,2071,315816,304901,620717
89,2071,315816,304901,620717
90,2071,315816,304901,620717
91,2071,315816,304901,620717
92,2071,315816,304901,620717
93,2071,315816,304901,620717
94,2071,315816,304901,620717
95,2071,315816,304901,620717
96,2071,315816,304901,620717
97,2071,315816,304901,620717
98,2071,315816,304901,620717
99,2071,315816,304901,620717
100,2071,315816,304901,620717
0,2071,292050,274642,566692
1,2071,291992,274566,566558
2,2071,292049,274566,566615
3,2071,292288,275393,567681
4,2071,292350,275433,567783
5,2071,291665,275418,567083
6,2071,292616,275683,568299
7,2071,292591,275714,568305
8,2071,289388,272724,562112
9,2071,292120,275796,567916
10,2071,292494,275697,568191
11,2071,292571,276455,569026
12,2071,292461,275605,568066
13,2071,293891,275625,569516
14,2071,294576,275565,570141
15,2071,296947,275357,572304
16,2071,296197,275623,571820
17,2071,302139,276579,578718
18,2071,304368,277408,581776
19,2071,309074,279536,588610
20,2071,308796,280425,589221
21,2071,308818,280514,589332
22,2071,309431,280601,590032
23,2071,309749,280616,590365
24,2071,309751,280616,590367
25,2071,309751,280616,590367
26,2071,309751,280616,590367
27,2071,309751,280616,590367
28,2071,309751,280616,590367
29,2071,309751,280616,590367
30,2071,309751,280616,590367
31,2071,309751,280616,590367
32,2071,309751,280616,590367
33,2071,309751,280616,590367
34,2071,309751,280616,590367
35,2071,309751,280616,590367
36,2071,309751,280616,590367
37,2071,309751,280616,590367
38,2071,309751,280616,590367
39,2071,309751,280616,590367
40,2071,309751,280616,590367
41,2071,310523,280709,591232
42,2071,310523,280709,591232
43,2071,310523,280709,591232
44,2071,310523,280709,591232
45,2071,310523,280709,591232
46,2071,310523,280709,591232
47,2071,310523,280709,591232
48,2071,310523,280709,591232
49,2071,310523,280709,591232
50,2071,310523,280709,591232
51,2071,310523,280709,591232
52,2071,310523,280709,591232
53,2071,310523,280709,591232
54,2071,310523,280709,591232
55,2071,310523,280709,591232
56,2071,310523,280709,591232
57,2071,310523,280709,591232
58,2071,310523,280709,591232
59,2071,310523,280709,591232
60,2071,310523,280709,591232
61,2071,310502,280709,591211
62,2071,310533,280709,591242
63,2071,310629,280709,591338
64,2071,310711,280709,591420
65,2071,310748,280709,591457
66,2071,310677,280709,591386
67,2071,310677,280709,591386
68,2071,310677,280709,591386
69,2071,310602,280709,591311
70,2071,310576,280709,591285
71,2071,310117,280695,590812
72,2071,310465,280709,591174
73,2071,310117,280719,590836
74,2071,310117,280719,590836
75,2071,310117,280719,590836
76,2071,310117,280719,590836
77,2071,310117,280719,590836
78,2071,317018,305496,622514
79,2071,319763,304916,624679
80,2071,316558,305659,622217
81,2071,315093,304229,619322
82,2071,315093,304229,619322
83,2071,315093,304229,619322
84,2071,315093,304229,619322
85,2071,315093,304229,619322
86,2071,315093,304229,619322
87,2071,315093,304229,619322
88,2071,315093,304229,619322
89,2071,315093,304229,619322
90,2071,315093,304229,619322
91,2071,315093,304229,619322
92,2071,315093,304229,619322
93,2071,315093,304229,619322
94,2071,315093,304229,619322
95,2071,315093,304229,619322
96,2071,315093,304229,619322
97,2071,315093,304229,619322
98,2071,315093,304229,619322
99,2071,315093,304229,619322
100,2071,315093,304229,619322
0,2071,292467,275809,568276
1,2071,292460,275777,568237
2,2071,292457,275777,568234
3,2071,292245,275154,567399
4,2071,292274,275644,567918
5,2071,292620,276606,569226
6,2071,292731,276392,569123
7,2071,292547,276434,568981
8,2071,290424,273014,563438
9,2071,292125,275680,567805
10,2071,292649,276206,568855
11,2071,291627,275325,566952
12,2071,292214,276093,568307
13,2071,294275,275933,570208
14,2071,294898,275677,570575
15,2071,296696,275498,572194
16,2071,296083,275608,571691
17,2071,302392,276114,578506
18,2071,304800,277408,582208
19,2071,308341,280112,588453
20,2071,308246,280444,588690
21,2071,308721,280514,589235
22,2071,309400,280616,590016
23,2071,309775,280616,590391
24,2071,309777,280616,590393
25,2071,309777,280616,590393
26,2071,309777,280616,590393
27,2071,309777,280616,590393
28,2071,309777,280616,590393
29,2071,309777,280616,590393
30,2071,309777,280616,590393
31,2071,309777,280616,590393
32,2071,309777,280616,590393
33,2071,309777,280616,590393
34,2071,309777,280616,590393
35,2071,309777,280616,590393
36,2071,309777,280616,590393
37,2071,309751,280616,590367
38,2071,309751,280616,590367
39,2071,309751,280616,590367
40,2071,309751,280616,590367
41,2071,310523,280709,591232
42,2071,310523,280709,591232
43,2071,310523,280709,591232
44,2071,310523,280709,591232
45,2071,310523,280709,591232
46,2071,310523,280709,591232
47,2071,310523,280709,591232
48,2071,310523,280709,591232
49,2071,310523,280709,591232
50,2071,310523,280709,591232
51,2071,310523,280709,591232
52,2071,310523,280709,591232
53,2071,310523,280709,591232
54,2071,310523,280709,591232
55,2071,310523,280709,591232
56,2071,310523,280709,591232
57,2071,310523,280709,591232
58,2071,310523,280709,591232
59,2071,310523,280709,591232
60,2071,310523,280709,591232
61,2071,310502,280709,591211
62,2071,310490,280709,591199
63,2071,310629,280709,591338
64,2071,310711,280709,591420
65,2071,310728,280709,591437
66,2071,310677,280709,591386
67,2071,310677,280709,591386
68,2071,310677,280709,591386
69,2071,310609,280709,591318
70,2071,310583,280709,591292
71,2071,310117,280695,590812
72,2071,310465,280709,591174
73,2071,310117,280695,590812
74,2071,310117,280695,590812
75,2071,310117,280695,590812
76,2071,310117,280695,590812
77,2071,310117,280695,590812
78,2071,315589,306728,622317
79,2071,317850,304290,622140
80,2071,315286,304700,619986
81,2071,313486,303270,616756
82,2071,313486,303270,616756
83,2071,313486,303270,616756
84,2071,313486,303270,616756
85,2071,313486,303270,616756
86,2071,313486,303270,616756
87,2071,313486,303270,616756
88,2071,313486,303270,616756
89,2071,313486,303270,616756
90,2071,313486,303270,616756
91,2071,313486,303270,616756
92,2071,313486,303270,616756
93,2071,313486,303270,616756
94,2071,313486,303270,616756
95,2071,313486,303270,616756
96,2071,313486,303270,616756
97,2071,313486,303270,616756
98,2071,313486,303270,616756
99,2071,313486,303270,616756
100,2071,313486,303270,616756
0,2071,292071,275839,567910
1,2071,292089,275900,567989
2,2071,292086,275900,567986
3,2071,292381,275949,568330
4,2071,292447,276194,568641
5,2071,291076,274117,565193
6,2071,291032,274854,565886
7,2071,290997,274886,565883
8,2071,291455,273560,565015
9,2071,292220,275875,568095
10,2071,291207,275214,566421
11,2071,291288,275553,566841
12,2071,293021,276358,569379
13,2071,294152,276089,570241
14,2071,295132,275773,570905
15,2071,295672,275405,571077
16,2071,296009,275276,571285
17,2071,303498,276207,579705
18,2071,304580,277399,581979
19,2071,307593,280366,587959
20,2071,308648,280447,589095
21,2071,309185,280529,589714
22,2071,309411,280647,590058
23,2071,309775,280616,590391
24,2071,309777,280624,590401
25,2071,309777,280624,590401
26,2071,309777,280624,590401
27,2071,309777,280624,590401
28,2071,309777,280624,590401
29,2071,309777,280624,590401
30,2071,309777,280624,590401
31,2071,309777,280624,590401
32,2071,309777,280624,590401
33,2071,309777,280624,590401
34,2071,309777,280624,590401
35,2071,309777,280624,590401
36,2071,309777,280624,590401
37,2071,309777,280616,590393
38,2071,309777,280616,590393
39,2071,309777,280616,590393
40,2071,309777,280616,590393
41,2071,310523,280709,591232
42,2071,310523,280709,591232
43,2071,310523,280709,591232
44,2071,310523,280709,591232
45,2071,310523,280709,591232
46,2071,310523,280709,591232
47,2071,310523,280709,591232
48,2071,310523,280709,591232
49,2071,310523,280709,591232
50,2071,310523,280709,591232
51,2071,310523,280709,591232
52,2071,310523,280709,591232
53,2071,310523,280709,591232
54,2071,310523,280709,591232
55,2071,310523,280709,591232
56,2071,310523,280709,591232
57,2071,310523,280709,591232
58,2071,310523,280709,591232
59,2071,310523,280709,591232
60,2071,310523,280709,591232
61,2071,310502,280709,591211
62,2071,310482,280709,591191
63,2071,310622,280709,591331
64,2071,310711,280709,591420
65,2071,310776,280709,591485
66,2071,310677,280709,591386
67,2071,310677,280709,591386
68,2071,310677,280709,591386
69,2071,310609,280709,591318
70,2071,310583,280709,591292
71,2071,310117,280695,590812
72,2071,310465,280709,591174
73,2071,310117,280695,590812
74,2071,310117,280695,590812
75,2071,310117,280695,590812
76,2071,310117,280695,590812
77,2071,310117,280695,590812
78,2071,319253,303696,622949
79,2071,314882,303302,618184
80,2071,314483,304209,618692
81,2071,313400,302807,616207
82,2071,313400,302807,616207
83,2071,313400,302807,616207
84,2071,313400,302807,616207
85,2071,313400,302807,616207
86,2071,313400,302807,616207
87,2071,313400,302807,616207
88,2071,313400,302807,616207
89,2071,313400,302807,616207
90,2071,313400,302807,616207
91,2071,313400,302807,616207
92,2071,313400,302807,616207
93,2071,313400,302807,616207
94,2071,313400,302807,616207
95,2071,313400,302807,616207
96,2071,313400,302807,616207
97,2071,313400,302807,616207
98,2071,313400,302807,616207
99,2071,313400,302807,616207
100,2071,313400,302807,616207
0,2071,291929,276118,568047
1,2071,292050,276184,568234
2,2071,292024,276184,568208
3,2071,292099,275673,567772
4,2071,291120,275219,566339
5,2071,290898,274381,565279
6,2071,290201,274869,565070
7,2071,289966,274416,564382
8,2071,293136,274868,568004
9,2071,292151,275983,568134
10,2071,291191,275417,566608
11,2071,292570,276264,568834
12,2071,292503,275712,568215
13,2071,293667,275662,569329
14,2071,296166,275731,571897
15,2071,295497,275115,570612
16,2071,296079,275458,571537
17,2071,303229,276582,579811
18,2071,304477,277399,581876
19,2071,306568,280199,586767
20,2071,308456,280490,588946
21,2071,309412,280464,589876
22,2071,309419,280647,590066
23,2071,309775,280624,590399
24,2071,309777,280624,590401
25,2071,309777,280624,590401
26,2071,309777,280624,590401
27,2071,309777,280624,590401
28,2071,309777,280624,590401
29,2071,309777,280624,590401
30,2071,309777,280624,590401
31,2071,309777,280624,590401
32,2071,309777,280624,590401
33,2071,309777,280624,590401
34,2071,309777,280624,590401
35,2071,309777,280624,590401
36,2071,309777,280624,590401
37,2071,309777,280624,590401
38,2071,309777,280624,590401
39,2071,309777,280624,590401
40,2071,309777,280624,590401
41,2071,310523,280709,591232
42,2071,310523,280709,591232
43,2071,310523,280709,591232
44,2071,310523,280709,591232
45,2071,310523,280709,591232
46,2071,310523,280709,591232
47,2071,310523,280709,591232
48,2071,310523,280709,591232
49,2071,310523,280709,591232
50,2071,310523,280709,591232
51,2071,310523,280709,591232
52,2071,310523,280709,591232
53,2071,310523,280709,591232
54,2071,310523,280709,591232
55,2071,310523,280709,591232
56,2071,310523,280709,591232
57,2071,310523,280709,591232
58,2071,310523,280709,591232
59,2071,310523,280709,591232
60,2071,310523,280709,591232
61,2071,310502,280709,591211
62,2071,310542,280709,591251
63,2071,310622,280709,591331
64,2071,310711,280709,591420
65,2071,310776,280709,591485
66,2071,310677,280709,591386
67,2071,310677,280709,591386
68,2071,310677,280709,591386
69,2071,310609,280709,591318
70,2071,310583,280709,591292
71,2071,310117,280695,590812
72,2071,310465,280709,591174
73,2071,310117,280695,590812
74,2071,310117,280695,590812
75,2071,310117,280695,590812
76,2071,310117,280695,590812
77,2071,310117,280695,590812
78,2071,315391,302409,617800
79,2071,313281,301886,615167
80,2071,313582,303403,616985
81,2071,313300,302781,616081
82,2071,313300,302781,616081
83,2071,313300,302781,616081
84,2071,313300,302781,616081
85,2071,313300,302781,616081
86,2071,313300,302781,616081
87,2071,313300,302781,616081
88,2071,313300,302781,616081
89,2071,313300,302781,616081
90,2071,313300,302781,616081
91,2071,313300,302781,616081
92,2071,313300,302781,616081
93,2071,313300,302781,616081
94,2071,313300,302781,616081
95,2071,313300,302781,616081
96,2071,313300,302781,616081
97,2071,313300,302781,616081
98,2071,313300,302781,616081
99,2071,313300,302781,616081
100,2071,313300,302781,616081
0,2071,290678,274865,565543
1,2071,290646,274600,565246
2,2071,290646,274600,565246
3,2071,292028,275935,567963
4,2071,290806,274931,565737
5,2071,291693,275335,567028
6,2071,289512,272972,562484
7,2071,289426,272773,562199
8,2071,292970,275895,568865
9,2071,292042,275514,567556
10,2071,292198,275741,567939
11,2071,291715,275941,567656
12,2071,292280,275815,568095
13,2071,293958,275737,569695
14,2071,295390,275951,571341
15,2071,295576,275625,571201
16,2071,296316,275830,572146
17,2071,302965,276281,579246
18,2071,304630,277408,582038
19,2071,305272,279385,584657
20,2071,308843,280475,589318
21,2071,308966,280464,589430
22,2071,309419,280616,590035
23,2071,309775,280616,590391
24,2071,309777,280616,590393
25,2071,309777,280616,590393
26,2071,309777,280616,590393
27,2071,309777,280616,590393
28,2071,309777,280616,590393
29,2071,309777,280616,590393
30,2071,309777,280616,590393
31,2071,309777,280616,590393
32,2071,309777,280616,590393
33,2071,309777,280616,590393
34,2071,309777,280616,590393
35,2071,309777,280616,590393
36,2071,309777,280616,590393
37,2071,309777,280616,590393
38,2071,309777,280616,590393
39,2071,309777,280616,590393
40,2071,309777,280616,590393
41,2071,310523,280709,591232
42,2071,310523,280709,591232
43,2071,310523,280709,591232
44,2071,310523,280709,591232
45,2071,310523,280709,591232
46,2071,310523,280709,591232
47,2071,310523,280709,591232
48,2071,310523,280709,591232
49,2071,310523,280709,591232
50,2071,310523,280709,591232
51,2071,310523,280709,591232
52,2071,310523,280709,591232
53,2071,310523,280709,591232
54,2071,310523,280709,591232
55,2071,310523,280709,591232
56,2071,310523,280709,591232
57,2071,310523,280709,591232
58,2071,310523,280709,591232
59,2071,310523,280709,591232
60,2071,310523,280709,591232
61,2071,310502,280709,591211
62,2071,310490,280709,591199
63,2071,310629,280709,591338
64,2071,310711,280709,591420
65,2071,310776,280709,591485
66,2071,310677,280709,591386
67,2071,310677,280709,591386
68,2071,310677,280709,591386
69,2071,310609,280709,591318
70,2071,310583,280709,591292
71,2071,310117,280695,590812
72,2071,310465,280709,591174
73,2071,310117,280695,590812
74,2071,310117,280695,590812
75,2071,310117,280695,590812
76,2071,310117,280695,590812
77,2071,310117,280695,590812
78,2071,314163,302133,616296
79,2071,313574,301568,615142
80,2071,313325,302887,616212
81,2071,314143,304623,618766
82,2071,314143,304623,618766
83,2071,314143,304623,618766
84,2071,314143,304623,618766
85,2071,314143,304623,618766
86,2071,314143,304623,618766
87,2071,314143,304623,618766
88,2071,314143,304623,618766
89,2071,314143,304623,618766
90,2071,314143,304623,618766
91,2071,314143,304623,618766
92,2071,314143,304623,618766
93,2071,314143,304623,618766
94,2071,314143,304623,618766
95,2071,314143,304623,618766
96,2071,314143,304623,618766
97,2071,314143,304623,618766
98,2071,314143,304623,618766
99,2071,314143,304623,618766
100,2071,314143,304623,618766
0,2071,289630,273527,563157
1,2071,289084,272978,562062
2,2071,289096,272978,562074
3,2071,291944,275546,567490
4,2071,290744,274239,564983
5,2071,292628,276596,569224
6,2071,290215,273130,563345
7,2071,290379,273170,563549
8,2071,292789,275868,568657
9,2071,292007,275599,567606
10,2071,292516,276305,568821
11,2071,291831,275642,567473
12,2071,293193,276213,569406
13,2071,294133,275848,569981
14,2071,294756,275557,570313
15,2071,295875,275849,571724
16,2071,296104,275804,571908
17,2071,302976,276373,579349
18,2071,304434,277399,581833
19,2071,305026,279291,584317
20,2071,308802,280475,589277
21,2071,308820,280514,589334
22,2071,309407,280616,590023
23,2071,309775,280624,590399
24,2071,309777,280624,590401
25,2071,309777,280624,590401
26,2071,309777,280624,590401
27,2071,309777,280624,590401
28,2071,309777,280624,590401
29,2071,309777,280624,590401
30,2071,309777,280624,590401
31,2071,309777,280624,590401
32,2071,309777,280624,590401
33,2071,309777,280624,590401
34,2071,309777,280624,590401
35,2071,309777,280624,590401
36,2071,309777,280624,590401
37,2071,309777,280616,590393
38,2071,309777,280616,590393
39,2071,309777,280616,590393
40,2071,309777,280616,590393
41,2071,310523,280709,591232
42,2071,310523,280709,591232
43,2071,310523,280709,591232
44,2071,310523,280709,591232
45,2071,310523,280709,591232
46,2071,310523,280709,591232
47,2071,310523,280709,591232
48,2071,310523,280709,591232
49,2071,310523,280709,591232
50,2071,310523,280709,591232
51,2071,310523,280709,591232
52,2071,310523,280709,591232
53,2071,310523,280709,591232
54,2071,310523,280709,591232
55,2071,310523,280709,591232
56,2071,310523,280709,591232
57,2071,310523,280709,591232
58,2071,310523,280709,591232
59,2071,310523,280709,591232
60,2071,310523,280709,591232
61,2071,310502,280709,591211
62,2071,310482,280709,591191
63,2071,310629,280709,591338
64,2071,310711,280709,591420
65,2071,310776,280709,591485
66,2071,310677,280709,591386
67,2071,310677,280709,591386
68,2071,310677,280709,591386
69,2071,310609,280709,591318
70,2071,310583,280709,591292
71,2071,310117,280695,590812
72,2071,310465,280709,591174
73,2071,310117,280695,590812
74,2071,310117,280695,590812
75,2071,310117,280695,590812
76,2071,310117,280695,590812
77,2071,310117,280695,590812
78,2071,312824,302255,615079
79,2071,312361,301855,614216
80,2071,313545,304204,617749
81,2071,315175,307024,622199
82,2071,315175,307024,622199
83,2071,315175,307024,622199
84,2071,315175,307024,622199
85,2071,315175,307024,622199
86,2071,315175,307024,622199
87,2071,315175,307024,622199
88,2071,315175,307024,622199
89,2071,315175,307024,622199
90,2071,315175,307024,622199
91,2071,315175,307024,622199
92,2071,315175,307024,622199
93,2071,315175,307024,622199
94,2071,315175,307024,622199
95,2071,315175,307024,622199
96,2071,315175,307024,622199
97,2071,315175,307024,622199
98,2071,315175,307024,622199
99,2071,315175,307024,622199
100,2071,315175,307024,622199
0,2071,289931,272729,562660
1,2071,289934,272911,562845
2,2071,289982,272952,562934
3,2071,292195,275576,567771
4,2071,291187,274432,565619
5,2071,291032,274005,565037
6,2071,290574,273727,564301
7,2071,291554,273847,565401
8,2071,292191,275275,567466
9,2071,292300,275900,568200
10,2071,291218,275119,566337
11,2071,292350,275661,568011
12,2071,292533,276111,568644
13,2071,294243,276045,570288
14,2071,294509,275322,569831
15,2071,295696,275954,571650
16,2071,295745,275365,571110
17,2071,302787,276624,579411
18,2071,304700,277408,582108
19,2071,305830,279172,585002
20,2071,308798,280475,589273
21,2071,308721,280514,589235
22,2071,309400,280616,590016
23,2071,309775,280624,590399
24,2071,309777,280624,590401
25,2071,309777,280624,590401
26,2071,309777,280624,590401
27,2071,309777,280624,590401
28,2071,309777,280624,590401
29,2071,309777,280624,590401
30,2071,309777,280624,590401
31,2071,309777,280624,590401
32,2071,309777,280624,590401
33,2071,309777,280624,590401
34,2071,309777,280624,590401
35,2071,309777,280624,590401
36,2071,309777,280624,590401
37,2071,309777,280624,590401
38,2071,309777,280624,590401
39,2071,309777,280624,590401
40,2071,309777,280624,590401
41,2071,310523,280709,591232
42,2071,310523,280709,591232
43,2071,310523,280709,591232
44,2071,310523,280709,591232
45,2071,310523,280709,591232
46,2071,310523,280709,591232
47,2071,310523,280709,591232
48,2071,310523,280709,591232
49,2071,310523,280709,591232
50,2071,310523,280709,591232
51,2071,310523,280709,591232
52,2071,310523,280709,591232
53,2071,310523,280709,591232
54,2071,310523,280709,591232
55,2071,310523,280709,591232
56,2071,310523,280709,591232
57,2071,310523,280709,591232
58,2071,310523,280709,591232
59,2071,310523,280709,591232
60,2071,310523,280709,591232
61,2071,310502,280709,591211
62,2071,310542,280709,591251
63,2071,310622,280709,591331
64,2071,310711,280709,591420
65,2071,310776,280709,591485
66,2071,310677,280709,591386
67,2071,310677,280709,591386
68,2071,310677,280709,591386
69,2071,310609,280709,591318
70,2071,310583,280709,591292
71,2071,310117,280695,590812
72,2071,310465,280709,591174
73,2071,310117,280695,590812
74,2071,310117,280695,590812
75,2071,310117,280695,590812
76,2071,310117,280695,590812
77,2071,310117,280695,590812
78,2071,314312,303031,617343
79,2071,314087,303226,617313
80,2071,313783,305497,619280
81,2071,319234,305827,625061
82,2071,319234,305827,625061
83,2071,319234,305827,625061
84,2071,319234,305827,625061
85,2071,319234,305827,625061
86,2071,319234,305827,625061
87,2071,319234,305827,625061
88,2071,319234,305827,625061
89,2071,319234,305827,625061
90,2071,319234,305827,625061
91,2071,319234,305827,625061
92,2071,319234,305827,625061
93,2071,319234,305827,625061
94,2071,319234,305827,625061
95,2071,319234,305827,625061
96,2071,319234,305827,625061
97,2071,319234,305827,625061
98,2071,319234,305827,625061
99,2071,319234,305827,625061
100,2071,319234,305827,625061
0,2071,290389,273324,563713
1,2071,290357,273423,563780
2,2071,290327,273499,563826
3,2071,292216,275829,568045
4,2071,292652,275969,568621
5,2071,290429,274160,564589
6,2071,291995,274742,566737
7,2071,293131,275594,568725
8,2071,292310,275603,567913
9,2071,292239,275895,568134
10,2071,291305,275231,566536
11,2071,292658,276470,569128
12,2071,291894,275712,567606
13,2071,293818,275668,569486
14,2071,294959,275664,570623
15,2071,295329,275541,570870
16,2071,296065,275365,571430
17,2071,302452,276309,578761
18,2071,304434,277399,581833
19,2071,307640,279219,586859
20,2071,308797,280475,589272
21,2071,309191,280529,589720
22,2071,309411,280647,590058
23,2071,309775,280624,590399
24,2071,309777,280624,590401
25,2071,309777,280624,590401
26,2071,309777,280624,590401
27,2071,309777,280624,590401
28,2071,309777,280624,590401
29,2071,309777,280624,590401
30,2071,309777,280624,590401
31,2071,309777,280624,590401
32,2071,309777,280624,590401
33,2071,309777,280624,590401
34,2071,309777,280624,590401
35,2071,309777,280624,590401
36,2071,309777,280624,590401
37,2071,309777,280624,590401
38,2071,309777,280624,590401
39,2071,309777,280624,590401
40,2071,309777,280624,590401
41,2071,310523,280709,591232
42,2071,310523,280709,591232
43,2071,310523,280709,591232
44,2071,310523,280709,591232
45,2071,310523,280709,591232
46,2071,310523,280709,591232
47,2071,310523,280709,591232
48,2071,310523,280709,591232
49,2071,310523,280709,591232
50,2071,310523,280709,591232
51,2071,310523,280709,591232
52,2071,310523,280709,591232
53,2071,310523,280709,591232
54,2071,310523,280709,591232
55,2071,310523,280709,591232
56,2071,310523,280709,591232
57,2071,310523,280709,591232
58,2071,310523,280709,591232
59,2071,310523,280709,591232
60,2071,310523,280709,591232
61,2071,310502,280709,591211
62,2071,310490,280709,591199
63,2071,310622,280709,591331
64,2071,310711,280709,591420
65,2071,310776,280709,591485
66,2071,310677,280709,591386
67,2071,310677,280709,591386
68,2071,310677,280709,591386
69,2071,310609,280709,591318
70,2071,310583,280709,591292
71,2071,310117,280695,590812
72,2071,310465,280709,591174
73,2071,310117,280695,590812
74,2071,310117,280695,590812
75,2071,310117,280695,590812
76,2071,310117,280695,590812
77,2071,310117,280695,590812
78,2071,314565,303350,617915
79,2071,315463,303836,619299
80,2071,315597,307591,623188
81,2071,318475,306338,624813
82,2071,318475,306338,624813
83,2071,318475,306338,624813
84,2071,318475,306338,624813
85,2071,318475,306338,624813
86,2071,318475,306338,624813
87,2071,318475,306338,624813
88,2071,318475,306338,624813
89,2071,318475,306338,624813
90,2071,318475,306338,624813
91,2071,318475,306338,624813
92,2071,318475,306338,624813
93,2071,318475,306338,624813
94,2071,318475,306338,624813
95,2071,318475,306338,624813
96,2071,318475,306338,624813
97,2071,318475,306338,624813
98,2071,318475,306338,624813
99,2071,318475,306338,624813
100,2071,318475,306338,624813
0,2071,291577,274118,565695
1,2071,291704,274059,565763
2,2071,291728,274070,565798
3,2071,292172,275866,568038
4,2071,292520,275795,568315
5,2071,290894,274103,564997
6,2071,293029,275653,568682
7,2071,293002,275585,568587
8,2071,292514,276161,568675
9,2071,292060,275434,567494
10,2071,292373,275869,568242
11,2071,291521,275321,566842
12,2071,292700,275905,568605
13,2071,293942,275538,569480
14,2071,295205,275997,571202
15,2071,296250,275426,571676
16,2071,296330,275907,572237
17,2071,302651,276235,578886
18,2071,304622,277408,582030
19,2071,308470,279310,587780
20,2071,308804,280475,589279
21,2071,309404,280464,589868
22,2071,309411,280647,590058
23,2071,309775,280624,590399
24,2071,309777,280624,590401
25,2071,309777,280624,590401
26,2071,309777,280624,590401
27,2071,309777,280624,590401
28,2071,309777,280624,590401
29,2071,309777,280624,590401
30,2071,309777,280624,590401
31,2071,309777,280624,590401
32,2071,309777,280624,590401
33,2071,309777,280624,590401
34,2071,309777,280624,590401
35,2071,309777,280624,590401
36,2071,309777,280624,590401
37,2071,309777,280624,590401
38,2071,309777,280624,590401
39,2071,309777,280624,590401
40,2071,309777,280624,590401
41,2071,310523,280709,591232
42,2071,310523,280709,591232
43,2071,310523,280709,591232
44,2071,310523,280709,591232
45,2071,310523,280709,591232
46,2071,310523,280709,591232
47,2071,310523,280709,591232
48,2071,310523,280709,591232
49,2071,310523,280709,591232
50,2071,310523,280709,591232
51,2071,310523,280709,591232
52,2071,310523,280709,591232
53,2071,310523,280709,591232
54,2071,310523,280709,591232
55,2071,310523,280709,591232
56,2071,310523,280709,591232
57,2071,310523,280709,591232
58,2071,310523,280709,591232
59,2071,310523,280709,591232
60,2071,310523,280709,591232
61,2071,310502,280709,591211
62,2071,310482,280709,591191
63,2071,310629,280709,591338
64,2071,310711,280709,591420
65,2071,310776,280709,591485
66,2071,310677,280709,591386
67,2071,310677,280709,591386
68,2071,310677,280709,591386
69,2071,310609,280709,591318
70,2071,310583,280709,591292
71,2071,310117,280695,590812
72,2071,310465,280709,591174
73,2071,310117,280695,590812
74,2071,310117,280695,590812
75,2071,310117,280695,590812
76,2071,310117,280695,590812
77,2071,310117,280695,590812
78,2071,314748,304905,619653
79,2071,315681,305040,620721
80,2071,320100,305595,625695
81,2071,319150,304796,623946
82,2071,319150,304796,623946
83,2071,319150,304796,623946
84,2071,319150,304796,623946
85,2071,319150,304796,623946
86,2071,319150,304796,623946
87,2071,319150,304796,623946
88,2071,319150,304796,623946
89,2071,319150,304796,623946
90,2071,319150,304796,623946
91,2071,319150,304796,623946
92,2071,319150,304796,623946
93,2071,319150,304796,623946
94,2071,319150,304796,623946
95,2071,319150,304796,623946
96,2071,319150,304796,623946
97,2071,319150,304796,623946
98,2071,319150,304796,623946
99,2071,319150,304796,623946
100,2071,319150,304796,623946
0,2071,292691,275252,567943
1,2071,292737,275408,568145
2,2071,292737,275396,568133
3,2071,291909,275660,567569
4,2071,292434,275675,568109
5,2071,292224,276129,568353
6,2071,292989,275830,568819
7,2071,292884,275778,568662
8,2071,291224,275620,566844
9,2071,291990,275557,567547
10,2071,292433,276415,568848
11,2071,291391,275660,567051
12,2071,293221,276798,570019
13,2071,294261,275802,570063
14,2071,297791,275834,573625
15,2071,295951,275686,571637
16,2071,296030,275683,571713
17,2071,302367,276387,578754
18,2071,304434,277399,581833
19,2071,309346,279536,588882
20,2071,308804,280475,589279
21,2071,308966,280464,589430
22,2071,309411,280616,590027
23,2071,309775,280624,590399
24,2071,309777,280624,590401
25,2071,309777,280624,590401
26,2071,309777,280624,590401
27,2071,309777,280624,590401
28,2071,309777,280624,590401
29,2071,309777,280624,590401
30,2071,309777,280624,590401
31,2071,309777,280624,590401
32,2071,309777,280624,590401
33,2071,309777,280624,590401
34,2071,309777,280624,590401
35,2071,309777,280624,590401
36,2071,309777,280624,590401
37,2071,309777,280624,590401
38,2071,309777,280624,590401
39,2071,309777,280624,590401
40,2071,309777,280624,590401
41,2071,310523,280709,591232
42,2071,310523,280709,591232
43,2071,310523,280709,591232
44,2071,310523,280709,591232
45,2071,310523,280709,591232
46,2071,310523,280709,591232
47,2071,310523,280709,591232
48,2071,310523,280709,591232
49,2071,310523,280709,591232
50,2071,310523,280709,591232
51,2071,310523,280709,591232
52,2071,310523,280709,591232
53,2071,310523,280709,591232
54,2071,310523,280709,591232
55,2071,310523,280709,591232
56,2071,310523,280709,591232
57,2071,310523,280709,591232
58,2071,310523,280709,591232
59,2071,310523,280709,591232
60,2071,310523,280709,591232
61,2071,310502,280709,591211
62,2071,310542,280709,591251
63,2071,310629,280709,591338
64,2071,310711,280709,591420
65,2071,310776,280709,591485
66,2071,310677,280709,591386
67,2071,310677,280709,591386
68,2071,310677,280709,591386
69,2071,310609,280709,591318
70,2071,310583,280709,591292
71,2071,310117,280695,590812
72,2071,310465,280709,591174
73,2071,310117,280695,590812
74,2071,310117,280695,590812
75,2071,310117,280695,590812
76,2071,310117,280695,590812
77,2071,310117,280695,590812
78,2071,315901,306651,622552
79,2071,316557,307162,623719
80,2071,319112,306085,625197
81,2071,317302,305907,623209
82,2071,317302,305907,623209
83,2071,317302,305907,623209
84,2071,317302,305907,623209
85,2071,317302,305907,623209
86,2071,317302,305907,623209
87,2071,317302,305907,623209
88,2071,317302,305907,623209
89,2071,317302,305907,623209
90,2071,317302,305907,623209
91,2071,317302,305907,623209
92,2071,317302,305907,623209
93,2071,317302,305907,623209
94,2071,317302,305907,623209
95,2071,317302,305907,623209
96,2071,317302,305907,623209
97,2071,317302,305907,623209
98,2071,317302,305907,623209
99,2071,317302,305907,623209
100,2071,317302,305907,623209
0,2072,292160,275407,567567
1,2072,292160,275407,567567
2,2072,292156,275407,567563
3,2072,292317,275433,567750
4,2072,292459,275435,567894
5,2072,292604,275460,568064
6,2072,292715,275538,568253
7,2072,292699,275529,568228
8,2072,292688,275503,568191
9,2072,292689,275485,568174
10,2072,292704,275551,568255
11,2072,292828,275972,568800
12,2072,293342,276256,569598
13,2072,293719,276375,570094
14,2072,293758,276281,570039
15,2072,293823,276272,570095
16,2072,294123,276355,570478
17,2072,294561,276410,570971
18,2072,295789,276733,572522
19,2072,296731,278188,574919
20,2072,296795,278225,575020
21,2072,296833,278284,575117
22,2072,296862,278532,575394
23,2072,296890,278545,575435
24,2072,296890,278545,575435
25,2072,296890,278545,575435
26,2072,296890,278545,575435
27,2072,296890,278545,575435
28,2072,296890,278545,575435
29,2072,296890,278545,575435
30,2072,296890,278545,575435
31,2072,296890,278545,575435
32,2072,296890,278545,575435
33,2072,296890,278545,575435
34,2072,296890,278545,575435
35,2072,296890,278545,575435
36,2072,296890,278545,575435
37,2072,296890,278545,575435
38,2072,296890,278545,575435
39,2072,296890,278545,575435
40,2072,296890,278545,575435
41,2072,296890,278545,575435
42,2072,296890,278545,575435
43,2072,296890,278545,575435
44,2072,296890,278545,575435
45,2072,296890,278545,575435
46,2072,296881,278545,575426
47,2072,296873,278545,575418
48,2072,296873,278545,575418
49,2072,296873,278545,575418
50,2072,296873,278545,575418
51,2072,296873,278595,575468
52,2072,296873,278595,575468
53,2072,296873,278595,575468
54,2072,296873,278595,575468
55,2072,296873,278595,575468
56,2072,296873,278595,575468
57,2072,296873,278595,575468
58,2072,296873,278595,575468
59,2072,296873,278595,575468
60,2072,296873,278595,575468
61,2072,296873,278595,575468
62,2072,296873,278595,575468
63,2072,296873,278595,575468
64,2072,296825,278595,575420
65,2072,296825,278595,575420
66,2072,296738,278595,575333
67,2072,296738,278595,575333
68,2072,296472,278595,575067
69,2072,296377,278595,574972
70,2072,296237,278595,574832
71,2072,295800,278595,574395
72,2072,295800,278595,574395
73,2072,295461,278595,574056
74,2072,295423,278595,574018
75,2072,295423,278595,574018
76,2072,295423,278595,574018
77,2072,295423,278595,574018
78,2072,295423,279554,574977
79,2072,295423,279363,574786
80,2072,295423,279614,575037
81,2072,295423,279743,575166
82,2072,295423,279743,575166
83,2072,295423,279743,575166
84,2072,295423,279743,575166
85,2072,295423,279743,575166
86,2072,295423,279743,575166
87,2072,295423,279743,575166
88,2072,295423,279743,575166
89,2072,295423,279743,575166
90,2072,295423,279743,575166
91,2072,295423,279743,575166
92,2072,295423,279743,575166
93,2072,295423,279743,575166
94,2072,295423,279743,575166
95,2072,295423,279743,575166
96,2072,295423,279743,575166
97,2072,295423,279743,575166
98,2072,295423,279743,575166
99,2072,295423,279743,575166
100,2072,295423,279743,575166
0,2072,292266,275259,567525
1,2072,292266,275259,567525
2,2072,292259,275259,567518
3,2072,292436,275274,567710
4,2072,292615,275193,567808
5,2072,292741,275299,568040
6,2072,292868,275406,568274
7,2072,292842,275390,568232
8,2072,292820,275364,568184
9,2072,292815,275344,568159
10,2072,292810,275474,568284
11,2072,292862,275699,568561
12,2072,293184,275754,568938
13,2072,293704,275708,569412
14,2072,293937,275800,569737
15,2072,294124,275792,569916
16,2072,294466,275859,570325
17,2072,295672,275850,571522
18,2072,297964,276497,574461
19,2072,298821,278322,577143
20,2072,299958,278491,578449
21,2072,300126,278538,578664
22,2072,300128,279006,579134
23,2072,300136,279020,579156
24,2072,300136,279020,579156
25,2072,300136,279020,579156
26,2072,300136,279020,579156
27,2072,300136,279020,579156
28,2072,300136,279020,579156
29,2072,300136,279020,579156
30,2072,300136,279020,579156
31,2072,300136,279020,579156
32,2072,300136,279020,579156
33,2072,300136,279020,579156
34,2072,300136,279020,579156
35,2072,300136,279020,579156
36,2072,300136,279020,579156
37,2072,300136,279020,579156
38,2072,300136,279020,579156
39,2072,300136,279020,579156
40,2072,300136,279020,579156
41,2072,300136,279020,579156
42,2072,300136,279020,579156
43,2072,300136,279020,579156
44,2072,300538,279020,579558
45,2072,300538,279020,579558
46,2072,300536,279020,579556
47,2072,300528,279020,579548
48,2072,300528,279020,579548
49,2072,300528,279020,579548
50,2072,300528,279020,579548
51,2072,300528,279059,579587
52,2072,300528,279059,579587
53,2072,300528,279059,579587
54,2072,300528,279059,579587
55,2072,300528,279059,579587
56,2072,300528,279059,579587
57,2072,300528,279059,579587
58,2072,300528,279059,579587
59,2072,300528,279059,579587
60,2072,300528,279059,579587
61,2072,300528,279059,579587
62,2072,300528,279059,579587
63,2072,300528,279059,579587
64,2072,300557,279059,579616
65,2072,300557,279059,579616
66,2072,300066,279059,579125
67,2072,300008,279059,579067
68,2072,299613,279059,578672
69,2072,299663,279059,578722
70,2072,299415,279037,578452
71,2072,298888,279037,577925
72,2072,298782,279037,577819
73,2072,298283,278963,577246
74,2072,298238,278963,577201
75,2072,298238,278963,577201
76,2072,298238,278963,577201
77,2072,298238,278963,577201
78,2072,298344,280269,578613
79,2072,298259,280078,578337
80,2072,298344,280826,579170
81,2072,298338,280568,578906
82,2072,298338,280568,578906
83,2072,298338,280568,578906
84,2072,298338,280568,578906
85,2072,298338,280568,578906
86,2072,298338,280568,578906
87,2072,298338,280568,578906
88,2072,298338,280568,578906
89,2072,298338,280568,578906
90,2072,298338,280568,578906
91,2072,298338,280568,578906
92,2072,298338,280568,578906
93,2072,298338,280568,578906
94,2072,298338,280568,578906
95,2072,298338,280568,578906
96,2072,298338,280568,578906
97,2072,298338,280568,578906
98,2072,298338,280568,578906
99,2072,298338,280568,578906
100,2072,298338,280568,578906
0,2072,292274,275413,567687
1,2072,292274,275413,567687
2,2072,292266,275413,567679
3,2072,292417,275347,567764
4,2072,292716,275394,568110
5,2072,292856,275450,568306
6,2072,292910,275526,568436
7,2072,292866,275510,568376
8,2072,292838,275471,568309
9,2072,292865,275477,568342
10,2072,292819,275561,568380
11,2072,292909,275804,568713
12,2072,293366,276259,569625
13,2072,294527,276216,570743
14,2072,294776,276418,571194
15,2072,295034,276413,571447
16,2072,296135,276482,572617
17,2072,297419,276524,573943
18,2072,299982,276890,576872
19,2072,300697,278092,578789
20,2072,300794,278561,579355
21,2072,301474,278636,580110
22,2072,301310,278941,580251
23,2072,301326,278955,580281
24,2072,301326,278955,580281
25,2072,301326,278955,580281
26,2072,301326,278955,580281
27,2072,301326,278955,580281
28,2072,301326,278955,580281
29,2072,301326,278955,580281
30,2072,301326,278955,580281
31,2072,301326,278955,580281
32,2072,301326,278955,580281
33,2072,301326,278955,580281
34,2072,301326,278955,580281
35,2072,301326,278955,580281
36,2072,301326,278955,580281
37,2072,301326,278955,580281
38,2072,301326,278955,580281
39,2072,301326,278955,580281
40,2072,301326,278955,580281
41,2072,301326,278955,580281
42,2072,301326,278955,580281
43,2072,301333,278955,580288
44,2072,303077,279111,582188
45,2072,303077,279111,582188
46,2072,302118,279111,581229
47,2072,302109,279111,581220
48,2072,302109,279111,581220
49,2072,302109,279111,581220
50,2072,302109,279111,581220
51,2072,302109,279149,581258
52,2072,302109,279149,581258
53,2072,302109,279149,581258
54,2072,302109,279149,581258
55,2072,302109,279149,581258
56,2072,302109,279149,581258
57,2072,302109,279149,581258
58,2072,302109,279149,581258
59,2072,302109,279149,581258
60,2072,302109,279149,581258
61,2072,302109,279149,581258
62,2072,302109,279149,581258
63,2072,302109,279149,581258
64,2072,303056,279149,582205
65,2072,303056,279149,582205
66,2072,301751,278994,580745
67,2072,301764,278926,580690
68,2072,301625,278926,580551
69,2072,301693,278926,580619
70,2072,301698,278926,580624
71,2072,302699,279051,581750
72,2072,302614,279051,581665
73,2072,301717,279129,580846
74,2072,301717,279129,580846
75,2072,301717,279129,580846
76,2072,301717,279129,580846
77,2072,301717,279129,580846
78,2072,301618,283834,585452
79,2072,301588,283520,585108
80,2072,301523,283856,585379
81,2072,301545,283856,585401
82,2072,301545,283856,585401
83,2072,301545,283856,585401
84,2072,301545,283856,585401
85,2072,301545,283856,585401
86,2072,301545,283856,585401
87,2072,301545,283856,585401
88,2072,301545,283856,585401
89,2072,301545,283856,585401
90,2072,301545,283856,585401
91,2072,301545,283856,585401
92,2072,301545,283856,585401
93,2072,301545,283856,585401
94,2072,301545,283856,585401
95,2072,301545,283856,585401
96,2072,301545,283856,585401
97,2072,301545,283856,585401
98,2072,301545,283856,585401
99,2072,301545,283856,585401
100,2072,301545,283856,585401
0,2072,292099,274901,567000
1,2072,292099,274901,567000
2,2072,292091,274901,566992
3,2072,292300,274901,567201
4,2072,292463,274931,567394
5,2072,292518,274983,567501
6,2072,292615,275035,567650
7,2072,292607,275057,567664
8,2072,292601,275043,567644
9,2072,292574,275024,567598
10,2072,292549,275055,567604
11,2072,292624,275339,567963
12,2072,293047,275490,568537
13,2072,294584,275590,570174
14,2072,295239,275679,570918
15,2072,297561,275661,573222
16,2072,296031,275360,571391
17,2072,298511,275281,573792
18,2072,300960,276311,577271
19,2072,318140,278178,596318
20,2072,318570,278704,597274
21,2072,307169,279147,586316
22,2072,306963,279195,586158
23,2072,307025,279209,586234
24,2072,307025,279209,586234
25,2072,307025,279209,586234
26,2072,307025,279209,586234
27,2072,307025,279209,586234
28,2072,307025,279209,586234
29,2072,307025,279209,586234
30,2072,307025,279209,586234
31,2072,307025,279209,586234
32,2072,307025,279209,586234
33,2072,307025,279209,586234
34,2072,307025,279209,586234
35,2072,307025,279209,586234
36,2072,307025,279209,586234
37,2072,307025,279209,586234
38,2072,307025,279209,586234
39,2072,307025,279209,586234
40,2072,307025,279209,586234
41,2072,307025,279209,586234
42,2072,307025,279209,586234
43,2072,307025,279209,586234
44,2072,309401,279433,588834
45,2072,309401,279433,588834
46,2072,308138,279364,587502
47,2072,308207,279364,587571
48,2072,308207,279364,587571
49,2072,308207,279364,587571
50,2072,308207,279364,587571
51,2072,308198,279402,587600
52,2072,308198,279402,587600
53,2072,308198,279402,587600
54,2072,308198,279402,587600
55,2072,308198,279402,587600
56,2072,308198,279402,587600
57,2072,308198,279402,587600
58,2072,308198,279402,587600
59,2072,308198,279402,587600
60,2072,308198,279402,587600
61,2072,308198,279402,587600
62,2072,308198,279402,587600
63,2072,308198,279402,587600
64,2072,309449,279472,588921
65,2072,309538,279472,589010
66,2072,307947,279400,587347
67,2072,308227,279400,587627
68,2072,307618,279138,586756
69,2072,307735,279232,586967
70,2072,307742,279123,586865
71,2072,309127,279187,588314
72,2072,308751,279129,587880
73,2072,307179,279129,586308
74,2072,307179,279129,586308
75,2072,307179,279129,586308
76,2072,307179,279129,586308
77,2072,307179,279129,586308
78,2072,306934,286413,593347
79,2072,306862,284996,591858
80,2072,306855,286432,593287
81,2072,306855,286432,593287
82,2072,306855,286432,593287
83,2072,306855,286432,593287
84,2072,306855,286432,593287
85,2072,306855,286432,593287
86,2072,306855,286432,593287
87,2072,306855,286432,593287
88,2072,306855,286432,593287
89,2072,306855,286432,593287
90,2072,306855,286432,593287
91,2072,306855,286432,593287
92,2072,306855,286432,593287
93,2072,306855,286432,593287
94,2072,306855,286432,593287
95,2072,306855,286432,593287
96,2072,306855,286432,593287
97,2072,306855,286432,593287
98,2072,306855,286432,593287
99,2072,306855,286432,593287
100,2072,306855,286432,593287
0,2072,292414,276267,568681
1,2072,292414,276267,568681
2,2072,292410,276267,568677
3,2072,292524,276267,568791
4,2072,292770,276374,569144
5,2072,292782,276405,569187
6,2072,292777,275836,568613
7,2072,292789,275833,568622
8,2072,292809,276105,568914
9,2072,292817,276218,569035
10,2072,292752,276008,568760
11,2072,292786,276013,568799
12,2072,292637,275836,568473
13,2072,294207,275567,569774
14,2072,297544,275452,572996
15,2072,296712,275491,572203
16,2072,295873,275344,571217
17,2072,298696,275638,574334
18,2072,308040,277244,585284
19,2072,310244,279250,589494
20,2072,310992,279343,590335
21,2072,309447,279369,588816
22,2072,309498,279517,589015
23,2072,309548,279517,589065
24,2072,309548,279517,589065
25,2072,309548,279517,589065
26,2072,309548,279517,589065
27,2072,309548,279517,589065
28,2072,309548,279517,589065
29,2072,309548,279517,589065
30,2072,309548,279517,589065
31,2072,309548,279517,589065
32,2072,309548,279517,589065
33,2072,309548,279517,589065
34,2072,309548,279517,589065
35,2072,309548,279517,589065
36,2072,309548,279517,589065
37,2072,309933,279517,589450
38,2072,309933,279517,589450
39,2072,309933,279517,589450
40,2072,309933,279517,589450
41,2072,309933,279517,589450
42,2072,309933,279517,589450
43,2072,309933,279517,589450
44,2072,311218,279445,590663
45,2072,311218,279445,590663
46,2072,311078,279485,590563
47,2072,311078,279485,590563
48,2072,311078,279485,590563
49,2072,311078,279485,590563
50,2072,311078,279485,590563
51,2072,311087,279523,590610
52,2072,311087,279523,590610
53,2072,311087,279523,590610
54,2072,311087,279523,590610
55,2072,311087,279523,590610
56,2072,311087,279523,590610
57,2072,311087,279523,590610
58,2072,311087,279523,590610
59,2072,311087,279523,590610
60,2072,311087,279523,590610
61,2072,311087,279523,590610
62,2072,311087,279523,590610
63,2072,311197,279523,590720
64,2072,311402,279483,590885
65,2072,311494,279483,590977
66,2072,311142,279522,590664
67,2072,311181,279522,590703
68,2072,310276,279498,589774
69,2072,310326,279498,589824
70,2072,310257,279585,589842
71,2072,310672,279598,590270
72,2072,310683,279572,590255
73,2072,309854,279579,589433
74,2072,309854,279579,589433
75,2072,309854,279579,589433
76,2072,309854,279579,589433
77,2072,309854,279579,589433
78,2072,309223,297053,606276
79,2072,309182,295170,604352
80,2072,309215,297002,606217
81,2072,309223,297359,606582
82,2072,309223,297359,606582
83,2072,309223,297359,606582
84,2072,309223,297359,606582
85,2072,309223,297359,606582
86,2072,309223,297359,606582
87,2072,309223,297359,606582
88,2072,309223,297359,606582
89,2072,309223,297359,606582
90,2072,309223,297359,606582
91,2072,309223,297359,606582
92,2072,309223,297359,606582
93,2072,309223,297359,606582
94,2072,309223,297359,606582
95,2072,309223,297359,606582
96,2072,309223,297359,606582
97,2072,309223,297359,606582
98,2072,309223,297359,606582
99,2072,309223,297359,606582
100,2072,309223,297359,606582
0,2072,290839,275033,565872
1,2072,290839,275033,565872
2,2072,290835,275033,565868
3,2072,290937,275233,566170
4,2072,291005,274937,565942
5,2072,291046,275155,566201
6,2072,292232,276240,568472
7,2072,292199,276233,568432
8,2072,291249,275661,566910
9,2072,291199,275601,566800
10,2072,292123,276191,568314
11,2072,292361,276048,568409
12,2072,293171,276060,569231
13,2072,294126,275531,569657
14,2072,296668,275937,572605
15,2072,295244,275388,570632
16,2072,296127,275713,571840
17,2072,298662,276231,574893
18,2072,305162,277907,583069
19,2072,309543,280666,590209
20,2072,310358,280573,590931
21,2072,310236,280007,590243
22,2072,310517,280086,590603
23,2072,310504,280086,590590
24,2072,310504,280086,590590
25,2072,310504,280086,590590
26,2072,310504,280086,590590
27,2072,310504,280086,590590
28,2072,310504,280086,590590
29,2072,310504,280086,590590
30,2072,310504,280086,590590
31,2072,310504,280086,590590
32,2072,310504,280086,590590
33,2072,310504,280086,590590
34,2072,310504,280086,590590
35,2072,310504,280086,590590
36,2072,310504,280086,590590
37,2072,310568,280086,590654
38,2072,310568,280086,590654
39,2072,310568,280086,590654
40,2072,310568,280086,590654
41,2072,310949,280086,591035
42,2072,310949,280086,591035
43,2072,310949,280086,591035
44,2072,311212,280770,591982
45,2072,311212,280770,591982
46,2072,311402,280718,592120
47,2072,311402,280718,592120
48,2072,311402,280718,592120
49,2072,311402,280718,592120
50,2072,311402,280718,592120
51,2072,311402,280757,592159
52,2072,311402,280757,592159
53,2072,311402,280757,592159
54,2072,311402,280757,592159
55,2072,311402,280757,592159
56,2072,311402,280757,592159
57,2072,311402,280757,592159
58,2072,311402,280757,592159
59,2072,311402,280757,592159
60,2072,311402,280757,592159
61,2072,311402,280757,592159
62,2072,311402,280757,592159
63,2072,311500,280757,592257
64,2072,311363,280826,592189
65,2072,311724,280826,592550
66,2072,311611,280757,592368
67,2072,311478,280757,592235
68,2072,311136,280282,591418
69,2072,311224,280386,591610
70,2072,311089,280359,591448
71,2072,311023,280782,591805
72,2072,311415,280757,592172
73,2072,310475,280113,590588
74,2072,310475,280113,590588
75,2072,310475,280113,590588
76,2072,310475,280113,590588
77,2072,310475,280113,590588
78,2072,312080,301426,613506
79,2072,311717,300216,611933
80,2072,312078,301550,613628
81,2072,312097,305369,617466
82,2072,312097,305369,617466
83,2072,312097,305369,617466
84,2072,312097,305369,617466
85,2072,312097,305369,617466
86,2072,312097,305369,617466
87,2072,312097,305369,617466
88,2072,312097,305369,617466
89,2072,312097,305369,617466
90,2072,312097,305369,617466
91,2072,312097,305369,617466
92,2072,312097,305369,617466
93,2072,312097,305369,617466
94,2072,312097,305369,617466
95,2072,312097,305369,617466
96,2072,312097,305369,617466
97,2072,312097,305369,617466
98,2072,312097,305369,617466
99,2072,312097,305369,617466
100,2072,312097,305369,617466
0,2072,289659,274603,564262
1,2072,289659,274603,564262
2,2072,289665,274603,564268
3,2072,290131,274992,565123
4,2072,290075,275018,565093
5,2072,290517,275453,565970
6,2072,291142,275727,566869
7,2072,291129,275727,566856
8,2072,291983,276029,568012
9,2072,291141,275810,566951
10,2072,291146,275616,566762
11,2072,292016,276074,568090
12,2072,292897,276138,569035
13,2072,294262,276019,570281
14,2072,294683,275572,570255
15,2072,297679,275397,573076
16,2072,295993,275946,571939
17,2072,298812,276626,575438
18,2072,303893,278118,582011
19,2072,307392,280296,587688
20,2072,308113,280287,588400
21,2072,310267,280533,590800
22,2072,310619,280734,591353
23,2072,310685,280734,591419
24,2072,310685,280734,591419
25,2072,310685,280734,591419
26,2072,310685,280734,591419
27,2072,310685,280734,591419
28,2072,310685,280734,591419
29,2072,310685,280734,591419
30,2072,310685,280734,591419
31,2072,310685,280734,591419
32,2072,310685,280734,591419
33,2072,310685,280734,591419
34,2072,310685,280734,591419
35,2072,310685,280734,591419
36,2072,310685,280734,591419
37,2072,310706,280734,591440
38,2072,310706,280734,591440
39,2072,310706,280734,591440
40,2072,310706,280734,591440
41,2072,311060,280758,591818
42,2072,311060,280758,591818
43,2072,311060,280758,591818
44,2072,310515,280639,591154
45,2072,310515,280639,591154
46,2072,310557,280639,591196
47,2072,310557,280639,591196
48,2072,310557,280639,591196
49,2072,310557,280639,591196
50,2072,310557,280639,591196
51,2072,310557,280639,591196
52,2072,310557,280639,591196
53,2072,310557,280639,591196
54,2072,310557,280639,591196
55,2072,310557,280639,591196
56,2072,310557,280639,591196
57,2072,310557,280639,591196
58,2072,310557,280639,591196
59,2072,310557,280639,591196
60,2072,310557,280639,591196
61,2072,310557,280639,591196
62,2072,310557,280639,591196
63,2072,310910,280639,591549
64,2072,310761,280639,591400
65,2072,311033,280639,591672
66,2072,311135,280672,591807
67,2072,310932,280639,591571
68,2072,311116,280771,591887
69,2072,311041,280703,591744
70,2072,310992,280666,591658
71,2072,310516,280639,591155
72,2072,310473,280639,591112
73,2072,311008,280697,591705
74,2072,311008,280697,591705
75,2072,311008,280697,591705
76,2072,311008,280697,591705
77,2072,311008,280697,591705
78,2072,314470,302480,616950
79,2072,314144,302411,616555
80,2072,314352,302829,617181
81,2072,316242,304224,620466
82,2072,316242,304224,620466
83,2072,316242,304224,620466
84,2072,316242,304224,620466
85,2072,316242,304224,620466
86,2072,316242,304224,620466
87,2072,316242,304224,620466
88,2072,316242,304224,620466
89,2072,316242,304224,620466
90,2072,316242,304224,620466
91,2072,316242,304224,620466
92,2072,316242,304224,620466
93,2072,316242,304224,620466
94,2072,316242,304224,620466
95,2072,316242,304224,620466
96,2072,316242,304224,620466
97,2072,316242,304224,620466
98,2072,316242,304224,620466
99,2072,316242,304224,620466
100,2072,316242,304224,620466
0,2072,289139,272661,561800
1,2072,289139,272661,561800
2,2072,289140,272661,561801
3,2072,289119,272764,561883
4,2072,289360,272455,561815
5,2072,290329,273837,564166
6,2072,290582,275044,565626
7,2072,290513,275001,565514
8,2072,291822,275327,567149
9,2072,292040,275205,567245
10,2072,290765,275121,565886
11,2072,291646,275629,567275
12,2072,292463,275852,568315
13,2072,293960,275907,569867
14,2072,294086,274870,568956
15,2072,297101,275906,573007
16,2072,295988,275549,571537
17,2072,299178,275915,575093
18,2072,303074,277430,580504
19,2072,305532,280384,585916
20,2072,307797,280492,588289
21,2072,309263,280395,589658
22,2072,309846,280601,590447
23,2072,310066,280601,590667
24,2072,310068,280601,590669
25,2072,310068,280601,590669
26,2072,310068,280601,590669
27,2072,310068,280601,590669
28,2072,310068,280601,590669
29,2072,310068,280601,590669
30,2072,310068,280601,590669
31,2072,310068,280601,590669
32,2072,310068,280601,590669
33,2072,310068,280601,590669
34,2072,310068,280601,590669
35,2072,310068,280601,590669
36,2072,310068,280601,590669
37,2072,310106,280601,590707
38,2072,310106,280601,590707
39,2072,310106,280601,590707
40,2072,310106,280601,590707
41,2072,310504,280601,591105
42,2072,310504,280601,591105
43,2072,310504,280601,591105
44,2072,310371,280615,590986
45,2072,310371,280615,590986
46,2072,310431,280601,591032
47,2072,310431,280601,591032
48,2072,310431,280601,591032
49,2072,310431,280601,591032
50,2072,310431,280601,591032
51,2072,310431,280601,591032
52,2072,310431,280601,591032
53,2072,310431,280601,591032
54,2072,310431,280601,591032
55,2072,310431,280601,591032
56,2072,310431,280601,591032
57,2072,310431,280601,591032
58,2072,310431,280601,591032
59,2072,310431,280601,591032
60,2072,310425,280601,591026
61,2072,310396,280601,590997
62,2072,310384,280601,590985
63,2072,310452,280601,591053
64,2072,310622,280615,591237
65,2072,310565,280615,591180
66,2072,310466,280601,591067
67,2072,310560,280601,591161
68,2072,310503,280601,591104
69,2072,310459,280601,591060
70,2072,310415,280601,591016
71,2072,310321,280601,590922
72,2072,310394,280611,591005
73,2072,310297,280601,590898
74,2072,310297,280601,590898
75,2072,310297,280601,590898
76,2072,310297,280601,590898
77,2072,310297,280601,590898
78,2072,316765,303090,619855
79,2072,316576,303067,619643
80,2072,316701,303735,620436
81,2072,316971,305349,622320
82,2072,316971,305349,622320
83,2072,316971,305349,622320
84,2072,316971,305349,622320
85,2072,316971,305349,622320
86,2072,316971,305349,622320
87,2072,316971,305349,622320
88,2072,316971,305349,622320
89,2072,316971,305349,622320
90,2072,316971,305349,622320
91,2072,316971,305349,622320
92,2072,316971,305349,622320
93,2072,316971,305349,622320
94,2072,316971,305349,622320
95,2072,316971,305349,622320
96,2072,316971,305349,622320
97,2072,316971,305349,622320
98,2072,316971,305349,622320
99,2072,316971,305349,622320
100,2072,316971,305349,622320
0,2072,290394,273022,563416
1,2072,290394,272960,563354
2,2072,290359,272960,563319
3,2072,290259,272886,563145
4,2072,290454,272808,563262
5,2072,291611,274441,566052
6,2072,290844,274238,565082
7,2072,290993,274439,565432
8,2072,292558,275788,568346
9,2072,292683,276220,568903
10,2072,290916,274282,565198
11,2072,292270,275799,568069
12,2072,292527,276121,568648
13,2072,293904,275836,569740
14,2072,293814,275619,569433
15,2072,296491,275550,572041
16,2072,296013,275404,571417
17,2072,300549,276014,576563
18,2072,303703,277256,580959
19,2072,304886,279668,584554
20,2072,307763,280642,588405
21,2072,308577,280432,589009
22,2072,309209,280601,589810
23,2072,309657,280601,590258
24,2072,309658,280601,590259
25,2072,309658,280601,590259
26,2072,309658,280601,590259
27,2072,309658,280601,590259
28,2072,309658,280601,590259
29,2072,309658,280601,590259
30,2072,309658,280601,590259
31,2072,309658,280601,590259
32,2072,309658,280601,590259
33,2072,309658,280601,590259
34,2072,309658,280601,590259
35,2072,309658,280601,590259
36,2072,309658,280601,590259
37,2072,309666,280681,590347
38,2072,309666,280681,590347
39,2072,309666,280681,590347
40,2072,309666,280681,590347
41,2072,310400,280705,591105
42,2072,310400,280705,591105
43,2072,310400,280705,591105
44,2072,310418,280719,591137
45,2072,310418,280719,591137
46,2072,310454,280719,591173
47,2072,310454,280719,591173
48,2072,310454,280719,591173
49,2072,310454,280719,591173
50,2072,310454,280719,591173
51,2072,310454,280719,591173
52,2072,310454,280719,591173
53,2072,310454,280719,591173
54,2072,310454,280719,591173
55,2072,310454,280719,591173
56,2072,310454,280719,591173
57,2072,310454,280719,591173
58,2072,310454,280719,591173
59,2072,310454,280719,591173
60,2072,310454,280719,591173
61,2072,310425,280719,591144
62,2072,310355,280719,591074
63,2072,310557,280719,591276
64,2072,310622,280709,591331
65,2072,310657,280709,591366
66,2072,310551,280719,591270
67,2072,310578,280709,591287
68,2072,310595,280719,591314
69,2072,310527,280719,591246
70,2072,310501,280719,591220
71,2072,310167,280719,590886
72,2072,310365,280719,591084
73,2072,310097,280705,590802
74,2072,310097,280705,590802
75,2072,310097,280705,590802
76,2072,310097,280705,590802
77,2072,310097,280705,590802
78,2072,316031,304649,620680
79,2072,316015,304523,620538
80,2072,316491,304884,621375
81,2072,317021,307179,624200
82,2072,317021,307179,624200
83,2072,317021,307179,624200
84,2072,317021,307179,624200
85,2072,317021,307179,624200
86,2072,317021,307179,624200
87,2072,317021,307179,624200
88,2072,317021,307179,624200
89,2072,317021,307179,624200
90,2072,317021,307179,624200
91,2072,317021,307179,624200
92,2072,317021,307179,624200
93,2072,317021,307179,624200
94,2072,317021,307179,624200
95,2072,317021,307179,624200
96,2072,317021,307179,624200
97,2072,317021,307179,624200
98,2072,317021,307179,624200
99,2072,317021,307179,624200
100,2072,317021,307179,624200
0,2072,291389,273588,564977
1,2072,291361,273588,564949
2,2072,291342,273588,564930
3,2072,290486,273473,563959
4,2072,291427,273538,564965
5,2072,292690,275544,568234
6,2072,291841,274747,566588
7,2072,291918,275199,567117
8,2072,292254,275800,568054
9,2072,291248,275379,566627
10,2072,292120,274848,566968
11,2072,292386,276244,568630
12,2072,292471,275750,568221
13,2072,293842,275635,569477
14,2072,294684,275923,570607
15,2072,295202,274951,570153
16,2072,296309,275544,571853
17,2072,300680,275961,576641
18,2072,306176,277396,583572
19,2072,304844,279082,583926
20,2072,307760,280252,588012
21,2072,308575,280608,589183
22,2072,309265,280695,589960
23,2072,309759,280695,590454
24,2072,309761,280695,590456
25,2072,309761,280695,590456
26,2072,309761,280695,590456
27,2072,309761,280695,590456
28,2072,309761,280695,590456
29,2072,309761,280695,590456
30,2072,309761,280695,590456
31,2072,309761,280695,590456
32,2072,309761,280695,590456
33,2072,309761,280695,590456
34,2072,309761,280695,590456
35,2072,309761,280695,590456
36,2072,309761,280695,590456
37,2072,309760,280695,590455
38,2072,309760,280695,590455
39,2072,309760,280695,590455
40,2072,309760,280695,590455
41,2072,310532,280719,591251
42,2072,310532,280719,591251
43,2072,310532,280719,591251
44,2072,310612,280709,591321
45,2072,310612,280709,591321
46,2072,310612,280709,591321
47,2072,310612,280709,591321
48,2072,310612,280709,591321
49,2072,310612,280709,591321
50,2072,310612,280709,591321
51,2072,310612,280709,591321
52,2072,310612,280709,591321
53,2072,310612,280709,591321
54,2072,310612,280709,591321
55,2072,310612,280709,591321
56,2072,310612,280709,591321
57,2072,310612,280709,591321
58,2072,310612,280709,591321
59,2072,310612,280709,591321
60,2072,310612,280709,591321
61,2072,310583,280709,591292
62,2072,310342,280719,591061
63,2072,310663,280709,591372
64,2072,310791,280709,591500
65,2072,310817,280709,591526
66,2072,310711,280709,591420
67,2072,310719,280709,591428
68,2072,310627,280709,591336
69,2072,310569,280709,591278
70,2072,310553,280709,591262
71,2072,310114,280719,590833
72,2072,310402,280719,591121
73,2072,310099,280695,590794
74,2072,310099,280695,590794
75,2072,310099,280695,590794
76,2072,310099,280695,590794
77,2072,310099,280695,590794
78,2072,316416,306500,622916
79,2072,316414,306851,623265
80,2072,317112,306603,623715
81,2072,320548,305311,625859
82,2072,320548,305311,625859
83,2072,320548,305311,625859
84,2072,320548,305311,625859
85,2072,320548,305311,625859
86,2072,320548,305311,625859
87,2072,320548,305311,625859
88,2072,320548,305311,625859
89,2072,320548,305311,625859
90,2072,320548,305311,625859
91,2072,320548,305311,625859
92,2072,320548,305311,625859
93,2072,320548,305311,625859
94,2072,320548,305311,625859
95,2072,320548,305311,625859
96,2072,320548,305311,625859
97,2072,320548,305311,625859
98,2072,320548,305311,625859
99,2072,320548,305311,625859
100,2072,320548,305311,625859
0,2072,292751,275522,568273
1,2072,292768,275518,568286
2,2072,292769,275518,568287
3,2072,291789,274356,566145
4,2072,293025,274710,567735
5,2072,292813,276399,569212
6,2072,292765,276223,568988
7,2072,292672,276268,568940
8,2072,292330,276276,568606
9,2072,291393,275989,567382
10,2072,292673,276157,568830
11,2072,291584,275622,567206
12,2072,292581,275830,568411
13,2072,294134,275933,570067
14,2072,295041,276344,571385
15,2072,297727,275310,573037
16,2072,296109,275747,571856
17,2072,313874,275931,589805
18,2072,305144,277547,582691
19,2072,305947,279202,585149
20,2072,308539,280233,588772
21,2072,309150,280634,589784
22,2072,309340,280727,590067
23,2072,309735,280695,590430
24,2072,309736,280695,590431
25,2072,309736,280695,590431
26,2072,309736,280695,590431
27,2072,309736,280695,590431
28,2072,309736,280695,590431
29,2072,309736,280695,590431
30,2072,309736,280695,590431
31,2072,309736,280695,590431
32,2072,309736,280695,590431
33,2072,309736,280695,590431
34,2072,309736,280695,590431
35,2072,309736,280695,590431
36,2072,309736,280695,590431
37,2072,309736,280695,590431
38,2072,309736,280695,590431
39,2072,309736,280695,590431
40,2072,309736,280695,590431
41,2072,310615,280709,591324
42,2072,310615,280709,591324
43,2072,310615,280709,591324
44,2072,310580,280709,591289
45,2072,310580,280709,591289
46,2072,310589,280709,591298
47,2072,310589,280709,591298
48,2072,310589,280709,591298
49,2072,310589,280709,591298
50,2072,310589,280709,591298
51,2072,310589,280709,591298
52,2072,310589,280709,591298
53,2072,310589,280709,591298
54,2072,310589,280709,591298
55,2072,310589,280709,591298
56,2072,310589,280709,591298
57,2072,310589,280709,591298
58,2072,310589,280709,591298
59,2072,310589,280709,591298
60,2072,310589,280709,591298
61,2072,310560,280709,591269
62,2072,310362,280719,591081
63,2072,310688,280709,591397
64,2072,310777,280709,591486
65,2072,310815,280709,591524
66,2072,310706,280709,591415
67,2072,310743,280709,591452
68,2072,310757,280709,591466
69,2072,310692,280709,591401
70,2072,310676,280709,591385
71,2072,310183,280695,590878
72,2072,310549,280719,591268
73,2072,310133,280695,590828
74,2072,310133,280695,590828
75,2072,310133,280695,590828
76,2072,310133,280695,590828
77,2072,310133,280695,590828
78,2072,319143,305453,624596
79,2072,319327,305676,625003
80,2072,319274,305068,624342
81,2072,318978,306401,625379
82,2072,318978,306401,625379
83,2072,318978,306401,625379
84,2072,318978,306401,625379
85,2072,318978,306401,625379
86,2072,318978,306401,625379
87,2072,318978,306401,625379
88,2072,318978,306401,625379
89,2072,318978,306401,625379
90,2072,318978,306401,625379
91,2072,318978,306401,625379
92,2072,318978,306401,625379
93,2072,318978,306401,625379
94,2072,318978,306401,625379
95,2072,318978,306401,625379
96,2072,318978,306401,625379
97,2072,318978,306401,625379
98,2072,318978,306401,625379
99,2072,318978,306401,625379
100,2072,318978,306401,625379
0,2072,292327,275510,567837
1,2072,292327,275659,567986
2,2072,292320,275647,567967
3,2072,292875,275527,568402
4,2072,292828,275721,568549
5,2072,291154,274409,565563
6,2072,291431,275516,566947
7,2072,291405,275336,566741
8,2072,290990,275061,566051
9,2072,292128,275695,567823
10,2072,291559,275769,567328
11,2072,291377,275586,566963
12,2072,293155,276000,569155
13,2072,294189,275958,570147
14,2072,295769,275717,571486
15,2072,297153,275649,572802
16,2072,295944,275372,571316
17,2072,307331,276682,584013
18,2072,304499,277441,581940
19,2072,307335,279222,586557
20,2072,309367,280247,589614
21,2072,309425,280514,589939
22,2072,309452,280752,590204
23,2072,309762,280695,590457
24,2072,309764,280695,590459
25,2072,309764,280695,590459
26,2072,309764,280695,590459
27,2072,309764,280695,590459
28,2072,309764,280695,590459
29,2072,309764,280695,590459
30,2072,309764,280695,590459
31,2072,309764,280695,590459
32,2072,309764,280695,590459
33,2072,309764,280695,590459
34,2072,309764,280695,590459
35,2072,309764,280695,590459
36,2072,309764,280695,590459
37,2072,309738,280695,590433
38,2072,309738,280695,590433
39,2072,309738,280695,590433
40,2072,309738,280695,590433
41,2072,310581,280709,591290
42,2072,310581,280709,591290
43,2072,310581,280709,591290
44,2072,310522,280709,591231
45,2072,310522,280709,591231
46,2072,310522,280709,591231
47,2072,310522,280709,591231
48,2072,310522,280709,591231
49,2072,310522,280709,591231
50,2072,310522,280709,591231
51,2072,310522,280709,591231
52,2072,310522,280709,591231
53,2072,310522,280709,591231
54,2072,310522,280709,591231
55,2072,310522,280709,591231
56,2072,310522,280709,591231
57,2072,310522,280709,591231
58,2072,310522,280709,591231
59,2072,310522,280709,591231
60,2072,310522,280709,591231
61,2072,310493,280709,591202
62,2072,310500,280719,591219
63,2072,310622,280709,591331
64,2072,310711,280709,591420
65,2072,310854,280709,591563
66,2072,310736,280709,591445
67,2072,310677,280709,591386
68,2072,310743,280709,591452
69,2072,310668,280709,591377
70,2072,310642,280709,591351
71,2072,310117,280719,590836
72,2072,310404,280709,591113
73,2072,310176,280695,590871
74,2072,310176,280695,590871
75,2072,310176,280695,590871
76,2072,310176,280695,590871
77,2072,310176,280695,590871
78,2072,317218,306629,623847
79,2072,317604,306070,623674
80,2072,317715,306312,624027
81,2072,319435,304795,624230
82,2072,319435,304795,624230
83,2072,319435,304795,624230
84,2072,319435,304795,624230
85,2072,319435,304795,624230
86,2072,319435,304795,624230
87,2072,319435,304795,624230
88,2072,319435,304795,624230
89,2072,319435,304795,624230
90,2072,319435,304795,624230
91,2072,319435,304795,624230
92,2072,319435,304795,624230
93,2072,319435,304795,624230
94,2072,319435,304795,624230
95,2072,319435,304795,624230
96,2072,319435,304795,624230
97,2072,319435,304795,624230
98,2072,319435,304795,624230
99,2072,319435,304795,624230
100,2072,319435,304795,624230
0,2072,292237,275533,567770
1,2072,292258,275489,567747
2,2072,292255,275489,567744
3,2072,292520,275565,568085
4,2072,292646,275922,568568
5,2072,290941,274761,565702
6,2072,291650,275540,567190
7,2072,291571,275602,567173
8,2072,290150,274568,564718
9,2072,292443,275886,568329
10,2072,291915,275595,567510
11,2072,292561,275926,568487
12,2072,293011,276402,569413
13,2072,293947,275772,569719
14,2072,294479,275523,570002
15,2072,297722,275788,573510
16,2072,296132,275359,571491
17,2072,303346,276680,580026
18,2072,304374,277451,581825
19,2072,307952,279352,587304
20,2072,309700,280525,590225
21,2072,308980,280464,589444
22,2072,309470,280601,590071
23,2072,309775,280616,590391
24,2072,309777,280616,590393
25,2072,309777,280616,590393
26,2072,309777,280616,590393
27,2072,309777,280616,590393
28,2072,309777,280616,590393
29,2072,309777,280616,590393
30,2072,309777,280616,590393
31,2072,309777,280616,590393
32,2072,309777,280616,590393
33,2072,309777,280616,590393
34,2072,309777,280616,590393
35,2072,309777,280616,590393
36,2072,309777,280616,590393
37,2072,309777,280616,590393
38,2072,309777,280616,590393
39,2072,309777,280616,590393
40,2072,309777,280616,590393
41,2072,310522,280709,591231
42,2072,310522,280709,591231
43,2072,310522,280709,591231
44,2072,310523,280709,591232
45,2072,310523,280709,591232
46,2072,310523,280709,591232
47,2072,310523,280709,591232
48,2072,310523,280709,591232
49,2072,310523,280709,591232
50,2072,310523,280709,591232
51,2072,310523,280709,591232
52,2072,310523,280709,591232
53,2072,310523,280709,591232
54,2072,310523,280709,591232
55,2072,310523,280709,591232
56,2072,310523,280709,591232
57,2072,310523,280709,591232
58,2072,310523,280709,591232
59,2072,310523,280709,591232
60,2072,310523,280709,591232
61,2072,310494,280709,591203
62,2072,310481,280709,591190
63,2072,310622,280709,591331
64,2072,310711,280709,591420
65,2072,310728,280709,591437
66,2072,310677,280709,591386
67,2072,310677,280709,591386
68,2072,310677,280709,591386
69,2072,310602,280709,591311
70,2072,310576,280709,591285
71,2072,310117,280695,590812
72,2072,310481,280719,591200
73,2072,310143,280719,590862
74,2072,310143,280719,590862
75,2072,310143,280719,590862
76,2072,310143,280719,590862
77,2072,310143,280719,590862
78,2072,319280,304872,624152
79,2072,317218,306403,623621
80,2072,318885,305538,624423
81,2072,315816,304901,620717
82,2072,315816,304901,620717
83,2072,315816,304901,620717
84,2072,315816,304901,620717
85,2072,315816,304901,620717
86,2072,315816,304901,620717
87,2072,315816,304901,620717
88,2072,315816,304901,620717
89,2072,315816,304901,620717
90,2072,315816,304901,620717
91,2072,315816,304901,620717
92,2072,315816,304901,620717
93,2072,315816,304901,620717
94,2072,315816,304901,620717
95,2072,315816,304901,620717
96,2072,315816,304901,620717
97,2072,315816,304901,620717
98,2072,315816,304901,620717
99,2072,315816,304901,620717
100,2072,315816,304901,620717
0,2072,292050,274642,566692
1,2072,291992,274566,566558
2,2072,292049,274566,566615
3,2072,292288,275393,567681
4,2072,292350,275433,567783
5,2072,291665,275418,567083
6,2072,292616,275683,568299
7,2072,292591,275714,568305
8,2072,289388,272724,562112
9,2072,292120,275796,567916
10,2072,292494,275697,568191
11,2072,292571,276455,569026
12,2072,292461,275605,568066
13,2072,293891,275625,569516
14,2072,294576,275565,570141
15,2072,296947,275357,572304
16,2072,296197,275623,571820
17,2072,302139,276579,578718
18,2072,304368,277408,581776
19,2072,309074,279536,588610
20,2072,308796,280425,589221
21,2072,308818,280514,589332
22,2072,309431,280601,590032
23,2072,309749,280616,590365
24,2072,309751,280616,590367
25,2072,309751,280616,590367
26,2072,309751,280616,590367
27,2072,309751,280616,590367
28,2072,309751,280616,590367
29,2072,309751,280616,590367
30,2072,309751,280616,590367
31,2072,309751,280616,590367
32,2072,309751,280616,590367
33,2072,309751,280616,590367
34,2072,309751,280616,590367
35,2072,309751,280616,590367
36,2072,309751,280616,590367
37,2072,309751,280616,590367
38,2072,309751,280616,590367
39,2072,309751,280616,590367
40,2072,309751,280616,590367
41,2072,310523,280709,591232
42,2072,310523,280709,591232
43,2072,310523,280709,591232
44,2072,310523,280709,591232
45,2072,310523,280709,591232
46,2072,310523,280709,591232
47,2072,310523,280709,591232
48,2072,310523,280709,591232
49,2072,310523,280709,591232
50,2072,310523,280709,591232
51,2072,310523,280709,591232
52,2072,310523,280709,591232
53,2072,310523,280709,591232
54,2072,310523,280709,591232
55,2072,310523,280709,591232
56,2072,310523,280709,591232
57,2072,310523,280709,591232
58,2072,310523,280709,591232
59,2072,310523,280709,591232
60,2072,310523,280709,591232
61,2072,310502,280709,591211
62,2072,310533,280709,591242
63,2072,310629,280709,591338
64,2072,310711,280709,591420
65,2072,310748,280709,591457
66,2072,310677,280709,591386
67,2072,310677,280709,591386
68,2072,310677,280709,591386
69,2072,310602,280709,591311
70,2072,310576,280709,591285
71,2072,310117,280695,590812
72,2072,310465,280709,591174
73,2072,310117,280719,590836
74,2072,310117,280719,590836
75,2072,310117,280719,590836
76,2072,310117,280719,590836
77,2072,310117,280719,590836
78,2072,317018,305496,622514
79,2072,319763,304916,624679
80,2072,316558,305659,622217
81,2072,315093,304229,619322
82,2072,315093,304229,619322
83,2072,315093,304229,619322
84,2072,315093,304229,619322
85,2072,315093,304229,619322
86,2072,315093,304229,619322
87,2072,315093,304229,619322
88,2072,315093,304229,619322
89,2072,315093,304229,619322
90,2072,315093,304229,619322
91,2072,315093,304229,619322
92,2072,315093,304229,619322
93,2072,315093,304229,619322
94,2072,315093,304229,619322
95,2072,315093,304229,619322
96,2072,315093,304229,619322
97,2072,315093,304229,619322
98,2072,315093,304229,619322
99,2072,315093,304229,619322
100,2072,315093,304229,619322
0,2072,292467,275809,568276
1,2072,292460,275777,568237
2,2072,292457,275777,568234
3,2072,292245,275154,567399
4,2072,292274,275644,567918
5,2072,292620,276606,569226
6,2072,292731,276392,569123
7,2072,292547,276434,568981
8,2072,290424,273014,563438
9,2072,292125,275680,567805
10,2072,292649,276206,568855
11,2072,291627,275325,566952
12,2072,292214,276093,568307
13,2072,294275,275933,570208
14,2072,294898,275677,570575
15,2072,296696,275498,572194
16,2072,296083,275608,571691
17,2072,302392,276114,578506
18,2072,304800,277408,582208
19,2072,308341,280112,588453
20,2072,308246,280444,588690
21,2072,308721,280514,589235
22,2072,309400,280616,590016
23,2072,309775,280616,590391
24,2072,309777,280616,590393
25,2072,309777,280616,590393
26,2072,309777,280616,590393
27,2072,309777,280616,590393
28,2072,309777,280616,590393
29,2072,309777,280616,590393
30,2072,309777,280616,590393
31,2072,309777,280616,590393
32,2072,309777,280616,590393
33,2072,309777,280616,590393
34,2072,309777,280616,590393
35,2072,309777,280616,590393
36,2072,309777,280616,590393
37,2072,309751,280616,590367
38,2072,309751,280616,590367
39,2072,309751,280616,590367
40,2072,309751,280616,590367
41,2072,310523,280709,591232
42,2072,310523,280709,591232
43,2072,310523,280709,591232
44,2072,310523,280709,591232
45,2072,310523,280709,591232
46,2072,310523,280709,591232
47,2072,310523,280709,591232
48,2072,310523,280709,591232
49,2072,310523,280709,591232
50,2072,310523,280709,591232
51,2072,310523,280709,591232
52,2072,310523,280709,591232
53,2072,310523,280709,591232
54,2072,310523,280709,591232
55,2072,310523,280709,591232
56,2072,310523,280709,591232
57,2072,310523,280709,591232
58,2072,310523,280709,591232
59,2072,310523,280709,591232
60,2072,310523,280709,591232
61,2072,310502,280709,591211
62,2072,310490,280709,591199
63,2072,310629,280709,591338
64,2072,310711,280709,591420
65,2072,310728,280709,591437
66,2072,310677,280709,591386
67,2072,310677,280709,591386
68,2072,310677,280709,591386
69,2072,310609,280709,591318
70,2072,310583,280709,591292
71,2072,310117,280695,590812
72,2072,310465,280709,591174
73,2072,310117,280695,590812
74,2072,310117,280695,590812
75,2072,310117,280695,590812
76,2072,310117,280695,590812
77,2072,310117,280695,590812
78,2072,315589,306728,622317
79,2072,317850,304290,622140
80,2072,315286,304700,619986
81,2072,313486,303270,616756
82,2072,313486,303270,616756
83,2072,313486,303270,616756
84,2072,313486,303270,616756
85,2072,313486,303270,616756
86,2072,313486,303270,616756
87,2072,313486,303270,616756
88,2072,313486,303270,616756
89,2072,313486,303270,616756
90,2072,313486,303270,616756
91,2072,313486,303270,616756
92,2072,313486,303270,616756
93,2072,313486,303270,616756
94,2072,313486,303270,616756
95,2072,313486,303270,616756
96,2072,313486,303270,616756
97,2072,313486,303270,616756
98,2072,313486,303270,616756
99,2072,313486,303270,616756
100,2072,313486,303270,616756
0,2072,292071,275839,567910
1,2072,292089,275900,567989
2,2072,292086,275900,567986
3,2072,292381,275949,568330
4,2072,292447,276194,568641
5,2072,291076,274117,565193
6,2072,291032,274854,565886
7,2072,290997,274886,565883
8,2072,291455,273560,565015
9,2072,292220,275875,568095
10,2072,291207,275214,566421
11,2072,291288,275553,566841
12,2072,293021,276358,569379
13,2072,294152,276089,570241
14,2072,295132,275773,570905
15,2072,295672,275405,571077
16,2072,296009,275276,571285
17,2072,303498,276207,579705
18,2072,304580,277399,581979
19,2072,307593,280366,587959
20,2072,308648,280447,589095
21,2072,309185,280529,589714
22,2072,309411,280647,590058
23,2072,309775,280616,590391
24,2072,309777,280624,590401
25,2072,309777,280624,590401
26,2072,309777,280624,590401
27,2072,309777,280624,590401
28,2072,309777,280624,590401
29,2072,309777,280624,590401
30,2072,309777,280624,590401
31,2072,309777,280624,590401
32,2072,309777,280624,590401
33,2072,309777,280624,590401
34,2072,309777,280624,590401
35,2072,309777,280624,590401
36,2072,309777,280624,590401
37,2072,309777,280616,590393
38,2072,309777,280616,590393
39,2072,309777,280616,590393
40,2072,309777,280616,590393
41,2072,310523,280709,591232
42,2072,310523,280709,591232
43,2072,310523,280709,591232
44,2072,310523,280709,591232
45,2072,310523,280709,591232
46,2072,310523,280709,591232
47,2072,310523,280709,591232
48,2072,310523,280709,591232
49,2072,310523,280709,591232
50,2072,310523,280709,591232
51,2072,310523,280709,591232
52,2072,310523,280709,591232
53,2072,310523,280709,591232
54,2072,310523,280709,591232
55,2072,310523,280709,591232
56,2072,310523,280709,591232
57,2072,310523,280709,591232
58,2072,310523,280709,591232
59,2072,310523,280709,591232
60,2072,310523,280709,591232
61,2072,310502,280709,591211
62,2072,310482,280709,591191
63,2072,310622,280709,591331
64,2072,310711,280709,591420
65,2072,310776,280709,591485
66,2072,310677,280709,591386
67,2072,310677,280709,591386
68,2072,310677,280709,591386
69,2072,310609,280709,591318
70,2072,310583,280709,591292
71,2072,310117,280695,590812
72,2072,310465,280709,591174
73,2072,310117,280695,590812
74,2072,310117,280695,590812
75,2072,310117,280695,590812
76,2072,310117,280695,590812
77,2072,310117,280695,590812
78,2072,319253,303696,622949
79,2072,314882,303302,618184
80,2072,314483,304209,618692
81,2072,313400,302807,616207
82,2072,313400,302807,616207
83,2072,313400,302807,616207
84,2072,313400,302807,616207
85,2072,313400,302807,616207
86,2072,313400,302807,616207
87,2072,313400,302807,616207
88,2072,313400,302807,616207
89,2072,313400,302807,616207
90,2072,313400,302807,616207
91,2072,313400,302807,616207
92,2072,313400,302807,616207
93,2072,313400,302807,616207
94,2072,313400,302807,616207
95,2072,313400,302807,616207
96,2072,313400,302807,616207
97,2072,313400,302807,616207
98,2072,313400,302807,616207
99,2072,313400,302807,616207
100,2072,313400,302807,616207
0,2072,291929,276118,568047
1,2072,292050,276184,568234
2,2072,292024,276184,568208
3,2072,292099,275673,567772
4,2072,291120,275219,566339
5,2072,290898,274381,565279
6,2072,290201,274869,565070
7,2072,289966,274416,564382
8,2072,293136,274868,568004
9,2072,292151,275983,568134
10,2072,291191,275417,566608
11,2072,292570,276264,568834
12,2072,292503,275712,568215
13,2072,293667,275662,569329
14,2072,296166,275731,571897
15,2072,295497,275115,570612
16,2072,296079,275458,571537
17,2072,303229,276582,579811
18,2072,304477,277399,581876
19,2072,306568,280199,586767
20,2072,308456,280490,588946
21,2072,309412,280464,589876
22,2072,309419,280647,590066
23,2072,309775,280624,590399
24,2072,309777,280624,590401
25,2072,309777,280624,590401
26,2072,309777,280624,590401
27,2072,309777,280624,590401
28,2072,309777,280624,590401
29,2072,309777,280624,590401
30,2072,309777,280624,590401
31,2072,309777,280624,590401
32,2072,309777,280624,590401
33,2072,309777,280624,590401
34,2072,309777,280624,590401
35,2072,309777,280624,590401
36,2072,309777,280624,590401
37,2072,309777,280624,590401
38,2072,309777,280624,590401
39,2072,309777,280624,590401
40,2072,309777,280624,590401
41,2072,310523,280709,591232
42,2072,310523,280709,591232
43,2072,310523,280709,591232
44,2072,310523,280709,591232
45,2072,310523,280709,591232
46,2072,310523,280709,591232
47,2072,310523,280709,591232
48,2072,310523,280709,591232
49,2072,310523,280709,591232
50,2072,310523,280709,591232
51,2072,310523,280709,591232
52,2072,310523,280709,591232
53,2072,310523,280709,591232
54,2072,310523,280709,591232
55,2072,310523,280709,591232
56,2072,310523,280709,591232
57,2072,310523,280709,591232
58,2072,310523,280709,591232
59,2072,310523,280709,591232
60,2072,310523,280709,591232
61,2072,310502,280709,591211
62,2072,310542,280709,591251
63,2072,310622,280709,591331
64,2072,310711,280709,591420
65,2072,310776,280709,591485
66,2072,310677,280709,591386
67,2072,310677,280709,591386
68,2072,310677,280709,591386
69,2072,310609,280709,591318
70,2072,310583,280709,591292
71,2072,310117,280695,590812
72,2072,310465,280709,591174
73,2072,310117,280695,590812
74,2072,310117,280695,590812
75,2072,310117,280695,590812
76,2072,310117,280695,590812
77,2072,310117,280695,590812
78,2072,315391,302409,617800
79,2072,313281,301886,615167
80,2072,313582,303403,616985
81,2072,313300,302781,616081
82,2072,313300,302781,616081
83,2072,313300,302781,616081
84,2072,313300,302781,616081
85,2072,313300,302781,616081
86,2072,313300,302781,616081
87,2072,313300,302781,616081
88,2072,313300,302781,616081
89,2072,313300,302781,616081
90,2072,313300,302781,616081
91,2072,313300,302781,616081
92,2072,313300,302781,616081
93,2072,313300,302781,616081
94,2072,313300,302781,616081
95,2072,313300,302781,616081
96,2072,313300,302781,616081
97,2072,313300,302781,616081
98,2072,313300,302781,616081
99,2072,313300,302781,616081
100,2072,313300,302781,616081
0,2072,290678,274865,565543
1,2072,290646,274600,565246
2,2072,290646,274600,565246
3,2072,292028,275935,567963
4,2072,290806,274931,565737
5,2072,291693,275335,567028
6,2072,289512,272972,562484
7,2072,289426,272773,562199
8,2072,292970,275895,568865
9,2072,292042,275514,567556
10,2072,292198,275741,567939
11,2072,291715,275941,567656
12,2072,292280,275815,568095
13,2072,293958,275737,569695
14,2072,295390,275951,571341
15,2072,295576,275625,571201
16,2072,296316,275830,572146
17,2072,302965,276281,579246
18,2072,304630,277408,582038
19,2072,305272,279385,584657
20,2072,308843,280475,589318
21,2072,308966,280464,589430
22,2072,309419,280616,590035
23,2072,309775,280616,590391
24,2072,309777,280616,590393
25,2072,309777,280616,590393
26,2072,309777,280616,590393
27,2072,309777,280616,590393
28,2072,309777,280616,590393
29,2072,309777,280616,590393
30,2072,309777,280616,590393
31,2072,309777,280616,590393
32,2072,309777,280616,590393
33,2072,309777,280616,590393
34,2072,309777,280616,590393
35,2072,309777,280616,590393
36,2072,309777,280616,590393
37,2072,309777,280616,590393
38,2072,309777,280616,590393
39,2072,309777,280616,590393
40,2072,309777,280616,590393
41,2072,310523,280709,591232
42,2072,310523,280709,591232
43,2072,310523,280709,591232
44,2072,310523,280709,591232
45,2072,310523,280709,591232
46,2072,310523,280709,591232
47,2072,310523,280709,591232
48,2072,310523,280709,591232
49,2072,310523,280709,591232
50,2072,310523,280709,591232
51,2072,310523,280709,591232
52,2072,310523,280709,591232
53,2072,310523,280709,591232
54,2072,310523,280709,591232
55,2072,310523,280709,591232
56,2072,310523,280709,591232
57,2072,310523,280709,591232
58,2072,310523,280709,591232
59,2072,310523,280709,591232
60,2072,310523,280709,591232
61,2072,310502,280709,591211
62,2072,310490,280709,591199
63,2072,310629,280709,591338
64,2072,310711,280709,591420
65,2072,310776,280709,591485
66,2072,310677,280709,591386
67,2072,310677,280709,591386
68,2072,310677,280709,591386
69,2072,310609,280709,591318
70,2072,310583,280709,591292
71,2072,310117,280695,590812
72,2072,310465,280709,591174
73,2072,310117,280695,590812
74,2072,310117,280695,590812
75,2072,310117,280695,590812
76,2072,310117,280695,590812
77,2072,310117,280695,590812
78,2072,314163,302133,616296
79,2072,313574,301568,615142
80,2072,313325,302887,616212
81,2072,314143,304623,618766
82,2072,314143,304623,618766
83,2072,314143,304623,618766
84,2072,314143,304623,618766
85,2072,314143,304623,618766
86,2072,314143,304623,618766
87,2072,314143,304623,618766
88,2072,314143,304623,618766
89,2072,314143,304623,618766
90,2072,314143,304623,618766
91,2072,314143,304623,618766
92,2072,314143,304623,618766
93,2072,314143,304623,618766
94,2072,314143,304623,618766
95,2072,314143,304623,618766
96,2072,314143,304623,618766
97,2072,314143,304623,618766
98,2072,314143,304623,618766
99,2072,314143,304623,618766
100,2072,314143,304623,618766
0,2072,289630,273527,563157
1,2072,289084,272978,562062
2,2072,289096,272978,562074
3,2072,291944,275546,567490
4,2072,290744,274239,564983
5,2072,292628,276596,569224
6,2072,290215,273130,563345
7,2072,290379,273170,563549
8,2072,292789,275868,568657
9,2072,292007,275599,567606
10,2072,292516,276305,568821
11,2072,291831,275642,567473
12,2072,293193,276213,569406
13,2072,294133,275848,569981
14,2072,294756,275557,570313
15,2072,295875,275849,571724
16,2072,296104,275804,571908
17,2072,302976,276373,579349
18,2072,304434,277399,581833
19,2072,305026,279291,584317
20,2072,308802,280475,589277
21,2072,308820,280514,589334
22,2072,309407,280616,590023
23,2072,309775,280624,590399
24,2072,309777,280624,590401
25,2072,309777,280624,590401
26,2072,309777,280624,590401
27,2072,309777,280624,590401
28,2072,309777,280624,590401
29,2072,309777,280624,590401
30,2072,309777,280624,590401
31,2072,309777,280624,590401
32,2072,309777,280624,590401
33,2072,309777,280624,590401
34,2072,309777,280624,590401
35,2072,309777,280624,590401
36,2072,309777,280624,590401
37,2072,309777,280616,590393
38,2072,309777,280616,590393
39,2072,309777,280616,590393
40,2072,309777,280616,590393
41,2072,310523,280709,591232
42,2072,310523,280709,591232
43,2072,310523,280709,591232
44,2072,310523,280709,591232
45,2072,310523,280709,591232
46,2072,310523,280709,591232
47,2072,310523,280709,591232
48,2072,310523,280709,591232
49,2072,310523,280709,591232
50,2072,310523,280709,591232
51,2072,310523,280709,591232
52,2072,310523,280709,591232
53,2072,310523,280709,591232
54,2072,310523,280709,591232
55,2072,310523,280709,591232
56,2072,310523,280709,591232
57,2072,310523,280709,591232
58,2072,310523,280709,591232
59,2072,310523,280709,591232
60,2072,310523,280709,591232
61,2072,310502,280709,591211
62,2072,310482,280709,591191
63,2072,310629,280709,591338
64,2072,310711,280709,591420
65,2072,310776,280709,591485
66,2072,310677,280709,591386
67,2072,310677,280709,591386
68,2072,310677,280709,591386
69,2072,310609,280709,591318
70,2072,310583,280709,591292
71,2072,310117,280695,590812
72,2072,310465,280709,591174
73,2072,310117,280695,590812
74,2072,310117,280695,590812
75,2072,310117,280695,590812
76,2072,310117,280695,590812
77,2072,310117,280695,590812
78,2072,312824,302255,615079
79,2072,312361,301855,614216
80,2072,313545,304204,617749
81,2072,315175,307024,622199
82,2072,315175,307024,622199
83,2072,315175,307024,622199
84,2072,315175,307024,622199
85,2072,315175,307024,622199
86,2072,315175,307024,622199
87,2072,315175,307024,622199
88,2072,315175,307024,622199
89,2072,315175,307024,622199
90,2072,315175,307024,622199
91,2072,315175,307024,622199
92,2072,315175,307024,622199
93,2072,315175,307024,622199
94,2072,315175,307024,622199
95,2072,315175,307024,622199
96,2072,315175,307024,622199
97,2072,315175,307024,622199
98,2072,315175,307024,622199
99,2072,315175,307024,622199
100,2072,315175,307024,622199
0,2072,289931,272729,562660
1,2072,289934,272911,562845
2,2072,289982,272952,562934
3,2072,292195,275576,567771
4,2072,291187,274432,565619
5,2072,291032,274005,565037
6,2072,290574,273727,564301
7,2072,291554,273847,565401
8,2072,292191,275275,567466
9,2072,292300,275900,568200
10,2072,291218,275119,566337
11,2072,292350,275661,568011
12,2072,292533,276111,568644
13,2072,294243,276045,570288
14,2072,294509,275322,569831
15,2072,295696,275954,571650
16,2072,295745,275365,571110
17,2072,302787,276624,579411
18,2072,304700,277408,582108
19,2072,305830,279172,585002
20,2072,308798,280475,589273
21,2072,308721,280514,589235
22,2072,309400,280616,590016
23,2072,309775,280624,590399
24,2072,309777,280624,590401
25,2072,309777,280624,590401
26,2072,309777,280624,590401
27,2072,309777,280624,590401
28,2072,309777,280624,590401
29,2072,309777,280624,590401
30,2072,309777,280624,590401
31,2072,309777,280624,590401
32,2072,309777,280624,590401
33,2072,309777,280624,590401
34,2072,309777,280624,590401
35,2072,309777,280624,590401
36,2072,309777,280624,590401
37,2072,309777,280624,590401
38,2072,309777,280624,590401
39,2072,309777,280624,590401
40,2072,309777,280624,590401
41,2072,310523,280709,591232
42,2072,310523,280709,591232
43,2072,310523,280709,591232
44,2072,310523,280709,591232
45,2072,310523,280709,591232
46,2072,310523,280709,591232
47,2072,310523,280709,591232
48,2072,310523,280709,591232
49,2072,310523,280709,591232
50,2072,310523,280709,591232
51,2072,310523,280709,591232
52,2072,310523,280709,591232
53,2072,310523,280709,591232
54,2072,310523,280709,591232
55,2072,310523,280709,591232
56,2072,310523,280709,591232
57,2072,310523,280709,591232
58,2072,310523,280709,591232
59,2072,310523,280709,591232
60,2072,310523,280709,591232
61,2072,310502,280709,591211
62,2072,310542,280709,591251
63,2072,310622,280709,591331
64,2072,310711,280709,591420
65,2072,310776,280709,591485
66,2072,310677,280709,591386
67,2072,310677,280709,591386
68,2072,310677,280709,591386
69,2072,310609,280709,591318
70,2072,310583,280709,591292
71,2072,310117,280695,590812
72,2072,310465,280709,591174
73,2072,310117,280695,590812
74,2072,310117,280695,590812
75,2072,310117,280695,590812
76,2072,310117,280695,590812
77,2072,310117,280695,590812
78,2072,314312,303031,617343
79,2072,314087,303226,617313
80,2072,313783,305497,619280
81,2072,319234,305827,625061
82,2072,319234,305827,625061
83,2072,319234,305827,625061
84,2072,319234,305827,625061
85,2072,319234,305827,625061
86,2072,319234,305827,625061
87,2072,319234,305827,625061
88,2072,319234,305827,625061
89,2072,319234,305827,625061
90,2072,319234,305827,625061
91,2072,319234,305827,625061
92,2072,319234,305827,625061
93,2072,319234,305827,625061
94,2072,319234,305827,625061
95,2072,319234,305827,625061
96,2072,319234,305827,625061
97,2072,319234,305827,625061
98,2072,319234,305827,625061
99,2072,319234,305827,625061
100,2072,319234,305827,625061
0,2072,290389,273324,563713
1,2072,290357,273423,563780
2,2072,290327,273499,563826
3,2072,292216,275829,568045
4,2072,292652,275969,568621
5,2072,290429,274160,564589
6,2072,291995,274742,566737
7,2072,293131,275594,568725
8,2072,292310,275603,567913
9,2072,292239,275895,568134
10,2072,291305,275231,566536
11,2072,292658,276470,569128
12,2072,291894,275712,567606
13,2072,293818,275668,569486
14,2072,294959,275664,570623
15,2072,295329,275541,570870
16,2072,296065,275365,571430
17,2072,302452,276309,578761
18,2072,304434,277399,581833
19,2072,307640,279219,586859
20,2072,308797,280475,589272
21,2072,309191,280529,589720
22,2072,309411,280647,590058
23,2072,309775,280624,590399
24,2072,309777,280624,590401
25,2072,309777,280624,590401
26,2072,309777,280624,590401
27,2072,309777,280624,590401
28,2072,309777,280624,590401
29,2072,309777,280624,590401
30,2072,309777,280624,590401
31,2072,309777,280624,590401
32,2072,309777,280624,590401
33,2072,309777,280624,590401
34,2072,309777,280624,590401
35,2072,309777,280624,590401
36,2072,309777,280624,590401
37,2072,309777,280624,590401
38,2072,309777,280624,590401
39,2072,309777,280624,590401
40,2072,309777,280624,590401
41,2072,310523,280709,591232
42,2072,310523,280709,591232
43,2072,310523,280709,591232
44,2072,310523,280709,591232
45,2072,310523,280709,591232
46,2072,310523,280709,591232
47,2072,310523,280709,591232
48,2072,310523,280709,591232
49,2072,310523,280709,591232
50,2072,310523,280709,591232
51,2072,310523,280709,591232
52,2072,310523,280709,591232
53,2072,310523,280709,591232
54,2072,310523,280709,591232
55,2072,310523,280709,591232
56,2072,310523,280709,591232
57,2072,310523,280709,591232
58,2072,310523,280709,591232
59,2072,310523,280709,591232
60,2072,310523,280709,591232
61,2072,310502,280709,591211
62,2072,310490,280709,591199
63,2072,310622,280709,591331
64,2072,310711,280709,591420
65,2072,310776,280709,591485
66,2072,310677,280709,591386
67,2072,310677,280709,591386
68,2072,310677,280709,591386
69,2072,310609,280709,591318
70,2072,310583,280709,591292
71,2072,310117,280695,590812
72,2072,310465,280709,591174
73,2072,310117,280695,590812
74,2072,310117,280695,590812
75,2072,310117,280695,590812
76,2072,310117,280695,590812
77,2072,310117,280695,590812
78,2072,314565,303350,617915
79,2072,315463,303836,619299
80,2072,315597,307591,623188
81,2072,318475,306338,624813
82,2072,318475,306338,624813
83,2072,318475,306338,624813
84,2072,318475,306338,624813
85,2072,318475,306338,624813
86,2072,318475,306338,624813
87,2072,318475,306338,624813
88,2072,318475,306338,624813
89,2072,318475,306338,624813
90,2072,318475,306338,624813
91,2072,318475,306338,624813
92,2072,318475,306338,624813
93,2072,318475,306338,624813
94,2072,318475,306338,624813
95,2072,318475,306338,624813
96,2072,318475,306338,624813
97,2072,318475,306338,624813
98,2072,318475,306338,624813
99,2072,318475,306338,624813
100,2072,318475,306338,624813
0,2072,291577,274118,565695
1,2072,291704,274059,565763
2,2072,291728,274070,565798
3,2072,292172,275866,568038
4,2072,292520,275795,568315
5,2072,290894,274103,564997
6,2072,293029,275653,568682
7,2072,293002,275585,568587
8,2072,292514,276161,568675
9,2072,292060,275434,567494
10,2072,292373,275869,568242
11,2072,291521,275321,566842
12,2072,292700,275905,568605
13,2072,293942,275538,569480
14,2072,295205,275997,571202
15,2072,296250,275426,571676
16,2072,296330,275907,572237
17,2072,302651,276235,578886
18,2072,304622,277408,582030
19,2072,308470,279310,587780
20,2072,308804,280475,589279
21,2072,309404,280464,589868
22,2072,309411,280647,590058
23,2072,309775,280624,590399
24,2072,309777,280624,590401
25,2072,309777,280624,590401
26,2072,309777,280624,590401
27,2072,309777,280624,590401
28,2072,309777,280624,590401
29,2072,309777,280624,590401
30,2072,309777,280624,590401
31,2072,309777,280624,590401
32,2072,309777,280624,590401
33,2072,309777,280624,590401
34,2072,309777,280624,590401
35,2072,309777,280624,590401
36,2072,309777,280624,590401
37,2072,309777,280624,590401
38,2072,309777,280624,590401
39,2072,309777,280624,590401
40,2072,309777,280624,590401
41,2072,310523,280709,591232
42,2072,310523,280709,591232
43,2072,310523,280709,591232
44,2072,310523,280709,591232
45,2072,310523,280709,591232
46,2072,310523,280709,591232
47,2072,310523,280709,591232
48,2072,310523,280709,591232
49,2072,310523,280709,591232
50,2072,310523,280709,591232
51,2072,310523,280709,591232
52,2072,310523,280709,591232
53,2072,310523,280709,591232
54,2072,310523,280709,591232
55,2072,310523,280709,591232
56,2072,310523,280709,591232
57,2072,310523,280709,591232
58,2072,310523,280709,591232
59,2072,310523,280709,591232
60,2072,310523,280709,591232
61,2072,310502,280709,591211
62,2072,310482,280709,591191
63,2072,310629,280709,591338
64,2072,310711,280709,591420
65,2072,310776,280709,591485
66,2072,310677,280709,591386
67,2072,310677,280709,591386
68,2072,310677,280709,591386
69,2072,310609,280709,591318
70,2072,310583,280709,591292
71,2072,310117,280695,590812
72,2072,310465,280709,591174
73,2072,310117,280695,590812
74,2072,310117,280695,590812
75,2072,310117,280695,590812
76,2072,310117,280695,590812
77,2072,310117,280695,590812
78,2072,314748,304905,619653
79,2072,315681,305040,620721
80,2072,320100,305595,625695
81,2072,319150,304796,623946
82,2072,319150,304796,623946
83,2072,319150,304796,623946
84,2072,319150,304796,623946
85,2072,319150,304796,623946
86,2072,319150,304796,623946
87,2072,319150,304796,623946
88,2072,319150,304796,623946
89,2072,319150,304796,623946
90,2072,319150,304796,623946
91,2072,319150,304796,623946
92,2072,319150,304796,623946
93,2072,319150,304796,623946
94,2072,319150,304796,623946
95,2072,319150,304796,623946
96,2072,319150,304796,623946
97,2072,319150,304796,623946
98,2072,319150,304796,623946
99,2072,319150,304796,623946
100,2072,319150,304796,623946
0,2072,292691,275252,567943
1,2072,292737,275408,568145
2,2072,292737,275396,568133
3,2072,291909,275660,567569
4,2072,292434,275675,568109
5,2072,292224,276129,568353
6,2072,292989,275830,568819
7,2072,292884,275778,568662
8,2072,291224,275620,566844
9,2072,291990,275557,567547
10,2072,292433,276415,568848
11,2072,291391,275660,567051
12,2072,293221,276798,570019
13,2072,294261,275802,570063
14,2072,297791,275834,573625
15,2072,295951,275686,571637
16,2072,296030,275683,571713
17,2072,302367,276387,578754
18,2072,304434,277399,581833
19,2072,309346,279536,588882
20,2072,308804,280475,589279
21,2072,308966,280464,589430
22,2072,309411,280616,590027
23,2072,309775,280624,590399
24,2072,309777,280624,590401
25,2072,309777,280624,590401
26,2072,309777,280624,590401
27,2072,309777,280624,590401
28,2072,309777,280624,590401
29,2072,309777,280624,590401
30,2072,309777,280624,590401
31,2072,309777,280624,590401
32,2072,309777,280624,590401
33,2072,309777,280624,590401
34,2072,309777,280624,590401
35,2072,309777,280624,590401
36,2072,309777,280624,590401
37,2072,309777,280624,590401
38,2072,309777,280624,590401
39,2072,309777,280624,590401
40,2072,309777,280624,590401
41,2072,310523,280709,591232
42,2072,310523,280709,591232
43,2072,310523,280709,591232
44,2072,310523,280709,591232
45,2072,310523,280709,591232
46,2072,310523,280709,591232
47,2072,310523,280709,591232
48,2072,310523,280709,591232
49,2072,310523,280709,591232
50,2072,310523,280709,591232
51,2072,310523,280709,591232
52,2072,310523,280709,591232
53,2072,310523,280709,591232
54,2072,310523,280709,591232
55,2072,310523,280709,591232
56,2072,310523,280709,591232
57,2072,310523,280709,591232
58,2072,310523,280709,591232
59,2072,310523,280709,591232
60,2072,310523,280709,591232
61,2072,310502,280709,591211
62,2072,310542,280709,591251
63,2072,310629,280709,591338
64,2072,310711,280709,591420
65,2072,310776,280709,591485
66,2072,310677,280709,591386
67,2072,310677,280709,591386
68,2072,310677,280709,591386
69,2072,310609,280709,591318
70,2072,310583,280709,591292
71,2072,310117,280695,590812
72,2072,310465,280709,591174
73,2072,310117,280695,590812
74,2072,310117,280695,590812
75,2072,310117,280695,590812
76,2072,310117,280695,590812
77,2072,310117,280695,590812
78,2072,315901,306651,622552
79,2072,316557,307162,623719
80,2072,319112,306085,625197
81,2072,317302,305907,623209
82,2072,317302,305907,623209
83,2072,317302,305907,623209
84,2072,317302,305907,623209
85,2072,317302,305907,623209
86,2072,317302,305907,623209
87,2072,317302,305907,623209
88,2072,317302,305907,623209
89,2072,317302,305907,623209
90,2072,317302,305907,623209
91,2072,317302,305907,623209
92,2072,317302,305907,623209
93,2072,317302,305907,623209
94,2072,317302,305907,623209
95,2072,317302,305907,623209
96,2072,317302,305907,623209
97,2072,317302,305907,623209
98,2072,317302,305907,623209
99,2072,317302,305907,623209
100,2072,317302,305907,623209
0,2073,292160,275407,567567
1,2073,292160,275407,567567
2,2073,292156,275407,567563
3,2073,292317,275433,567750
4,2073,292459,275435,567894
5,2073,292604,275460,568064
6,2073,292715,275538,568253
7,2073,292699,275529,568228
8,2073,292688,275503,568191
9,2073,292689,275485,568174
10,2073,292704,275551,568255
11,2073,292828,275972,568800
12,2073,293342,276256,569598
13,2073,293719,276375,570094
14,2073,293758,276281,570039
15,2073,293823,276272,570095
16,2073,294123,276355,570478
17,2073,294561,276410,570971
18,2073,295789,276733,572522
19,2073,296731,278188,574919
20,2073,296795,278225,575020
21,2073,296833,278284,575117
22,2073,296862,278532,575394
23,2073,296890,278545,575435
24,2073,296890,278545,575435
25,2073,296890,278545,575435
26,2073,296890,278545,575435
27,2073,296890,278545,575435
28,2073,296890,278545,575435
29,2073,296890,278545,575435
30,2073,296890,278545,575435
31,2073,296890,278545,575435
32,2073,296890,278545,575435
33,2073,296890,278545,575435
34,2073,296890,278545,575435
35,2073,296890,278545,575435
36,2073,296890,278545,575435
37,2073,296890,278545,575435
38,2073,296890,278545,575435
39,2073,296890,278545,575435
40,2073,296890,278545,575435
41,2073,296890,278545,575435
42,2073,296890,278545,575435
43,2073,296890,278545,575435
44,2073,296890,278545,575435
45,2073,296890,278545,575435
46,2073,296881,278545,575426
47,2073,296873,278545,575418
48,2073,296873,278545,575418
49,2073,296873,278545,575418
50,2073,296873,278545,575418
51,2073,296873,278595,575468
52,2073,296873,278595,575468
53,2073,296873,278595,575468
54,2073,296873,278595,575468
55,2073,296873,278595,575468
56,2073,296873,278595,575468
57,2073,296873,278595,575468
58,2073,296873,278595,575468
59,2073,296873,278595,575468
60,2073,296873,278595,575468
61,2073,296873,278595,575468
62,2073,296873,278595,575468
63,2073,296873,278595,575468
64,2073,296825,278595,575420
65,2073,296825,278595,575420
66,2073,296738,278595,575333
67,2073,296738,278595,575333
68,2073,296472,278595,575067
69,2073,296377,278595,574972
70,2073,296237,278595,574832
71,2073,295800,278595,574395
72,2073,295800,278595,574395
73,2073,295461,278595,574056
74,2073,295423,278595,574018
75,2073,295423,278595,574018
76,2073,295423,278595,574018
77,2073,295423,278595,574018
78,2073,295423,279554,574977
79,2073,295423,279363,574786
80,2073,295423,279614,575037
81,2073,295423,279743,575166
82,2073,295423,279743,575166
83,2073,295423,279743,575166
84,2073,295423,279743,575166
85,2073,295423,279743,575166
86,2073,295423,279743,575166
87,2073,295423,279743,575166
88,2073,295423,279743,575166
89,2073,295423,279743,575166
90,2073,295423,279743,575166
91,2073,295423,279743,575166
92,2073,295423,279743,575166
93,2073,295423,279743,575166
94,2073,295423,279743,575166
95,2073,295423,279743,575166
96,2073,295423,279743,575166
97,2073,295423,279743,575166
98,2073,295423,279743,575166
99,2073,295423,279743,575166
100,2073,295423,279743,575166
0,2073,292266,275259,567525
1,2073,292266,275259,567525
2,2073,292259,275259,567518
3,2073,292436,275274,567710
4,2073,292615,275193,567808
5,2073,292741,275299,568040
6,2073,292868,275406,568274
7,2073,292842,275390,568232
8,2073,292820,275364,568184
9,2073,292815,275344,568159
10,2073,292810,275474,568284
11,2073,292862,275699,568561
12,2073,293184,275754,568938
13,2073,293704,275708,569412
14,2073,293937,275800,569737
15,2073,294124,275792,569916
16,2073,294466,275859,570325
17,2073,295672,275850,571522
18,2073,297964,276497,574461
19,2073,298821,278322,577143
20,2073,299958,278491,578449
21,2073,300126,278538,578664
22,2073,300128,279006,579134
23,2073,300136,279020,579156
24,2073,300136,279020,579156
25,2073,300136,279020,579156
26,2073,300136,279020,579156
27,2073,300136,279020,579156
28,2073,300136,279020,579156
29,2073,300136,279020,579156
30,2073,300136,279020,579156
31,2073,300136,279020,579156
32,2073,300136,279020,579156
33,2073,300136,279020,579156
34,2073,300136,279020,579156
35,2073,300136,279020,579156
36,2073,300136,279020,579156
37,2073,300136,279020,579156
38,2073,300136,279020,579156
39,2073,300136,279020,579156
40,2073,300136,279020,579156
41,2073,300136,279020,579156
42,2073,300136,279020,579156
43,2073,300136,279020,579156
44,2073,300538,279020,579558
45,2073,300538,279020,579558
46,2073,300536,279020,579556
47,2073,300528,279020,579548
48,2073,300528,279020,579548
49,2073,300528,279020,579548
50,2073,300528,279020,579548
51,2073,300528,279059,579587
52,2073,300528,279059,579587
53,2073,300528,279059,579587
54,2073,300528,279059,579587
55,2073,300528,279059,579587
56,2073,300528,279059,579587
57,2073,300528,279059,579587
58,2073,300528,279059,579587
59,2073,300528,279059,579587
60,2073,300528,279059,579587
61,2073,300528,279059,579587
62,2073,300528,279059,579587
63,2073,300528,279059,579587
64,2073,300557,279059,579616
65,2073,300557,279059,579616
66,2073,300066,279059,579125
67,2073,300008,279059,579067
68,2073,299613,279059,578672
69,2073,299663,279059,578722
70,2073,299415,279037,578452
71,2073,298888,279037,577925
72,2073,298782,279037,577819
73,2073,298283,278963,577246
74,2073,298238,278963,577201
75,2073,298238,278963,577201
76,2073,298238,278963,577201
77,2073,298238,278963,577201
78,2073,298344,280269,578613
79,2073,298259,280078,578337
80,2073,298344,280826,579170
81,2073,298338,280568,578906
82,2073,298338,280568,578906
83,2073,298338,280568,578906
84,2073,298338,280568,578906
85,2073,298338,280568,578906
86,2073,298338,280568,578906
87,2073,298338,280568,578906
88,2073,298338,280568,578906
89,2073,298338,280568,578906
90,2073,298338,280568,578906
91,2073,298338,280568,578906
92,2073,298338,280568,578906
93,2073,298338,280568,578906
94,2073,298338,280568,578906
95,2073,298338,280568,578906
96,2073,298338,280568,578906
97,2073,298338,280568,578906
98,2073,298338,280568,578906
99,2073,298338,280568,578906
100,2073,298338,280568,578906
0,2073,292274,275413,567687
1,2073,292274,275413,567687
2,2073,292266,275413,567679
3,2073,292417,275347,567764
4,2073,292716,275394,568110
5,2073,292856,275450,568306
6,2073,292910,275526,568436
7,2073,292866,275510,568376
8,2073,292838,275471,568309
9,2073,292865,275477,568342
10,2073,292819,275561,568380
11,2073,292909,275804,568713
12,2073,293366,276259,569625
13,2073,294527,276216,570743
14,2073,294776,276418,571194
15,2073,295034,276413,571447
16,2073,296135,276482,572617
17,2073,297419,276524,573943
18,2073,299982,276890,576872
19,2073,300697,278092,578789
20,2073,300794,278561,579355
21,2073,301474,278636,580110
22,2073,301310,278941,580251
23,2073,301326,278955,580281
24,2073,301326,278955,580281
25,2073,301326,278955,580281
26,2073,301326,278955,580281
27,2073,301326,278955,580281
28,2073,301326,278955,580281
29,2073,301326,278955,580281
30,2073,301326,278955,580281
31,2073,301326,278955,580281
32,2073,301326,278955,580281
33,2073,301326,278955,580281
34,2073,301326,278955,580281
35,2073,301326,278955,580281
36,2073,301326,278955,580281
37,2073,301326,278955,580281
38,2073,301326,278955,580281
39,2073,301326,278955,580281
40,2073,301326,278955,580281
41,2073,301326,278955,580281
42,2073,301326,278955,580281
43,2073,301333,278955,580288
44,2073,303077,279111,582188
45,2073,303077,279111,582188
46,2073,302118,279111,581229
47,2073,302109,279111,581220
48,2073,302109,279111,581220
49,2073,302109,279111,581220
50,2073,302109,279111,581220
51,2073,302109,279149,581258
52,2073,302109,279149,581258
53,2073,302109,279149,581258
54,2073,302109,279149,581258
55,2073,302109,279149,581258
56,2073,302109,279149,581258
57,2073,302109,279149,581258
58,2073,302109,279149,581258
59,2073,302109,279149,581258
60,2073,302109,279149,581258
61,2073,302109,279149,581258
62,2073,302109,279149,581258
63,2073,302109,279149,581258
64,2073,303056,279149,582205
65,2073,303056,279149,582205
66,2073,301751,278994,580745
67,2073,301764,278926,580690
68,2073,301625,278926,580551
69,2073,301693,278926,580619
70,2073,301698,278926,580624
71,2073,302699,279051,581750
72,2073,302614,279051,581665
73,2073,301717,279129,580846
74,2073,301717,279129,580846
75,2073,301717,279129,580846
76,2073,301717,279129,580846
77,2073,301717,279129,580846
78,2073,301618,283834,585452
79,2073,301588,283520,585108
80,2073,301523,283856,585379
81,2073,301545,283856,585401
82,2073,301545,283856,585401
83,2073,301545,283856,585401
84,2073,301545,283856,585401
85,2073,301545,283856,585401
86,2073,301545,283856,585401
87,2073,301545,283856,585401
88,2073,301545,283856,585401
89,2073,301545,283856,585401
90,2073,301545,283856,585401
91,2073,301545,283856,585401
92,2073,301545,283856,585401
93,2073,301545,283856,585401
94,2073,301545,283856,585401
95,2073,301545,283856,585401
96,2073,301545,283856,585401
97,2073,301545,283856,585401
98,2073,301545,283856,585401
99,2073,301545,283856,585401
100,2073,301545,283856,585401
0,2073,292099,274901,567000
1,2073,292099,274901,567000
2,2073,292091,274901,566992
3,2073,292300,274901,567201
4,2073,292463,274931,567394
5,2073,292518,274983,567501
6,2073,292615,275035,567650
7,2073,292607,275057,567664
8,2073,292601,275043,567644
9,2073,292574,275024,567598
10,2073,292549,275055,567604
11,2073,292624,275339,567963
12,2073,293047,275490,568537
13,2073,294584,275590,570174
14,2073,295239,275679,570918
15,2073,297561,275661,573222
16,2073,296031,275360,571391
17,2073,298511,275281,573792
18,2073,300960,276311,577271
19,2073,318140,278178,596318
20,2073,318570,278704,597274
21,2073,307169,279147,586316
22,2073,306963,279195,586158
23,2073,307025,279209,586234
24,2073,307025,279209,586234
25,2073,307025,279209,586234
26,2073,307025,279209,586234
27,2073,307025,279209,586234
28,2073,307025,279209,586234
29,2073,307025,279209,586234
30,2073,307025,279209,586234
31,2073,307025,279209,586234
32,2073,307025,279209,586234
33,2073,307025,279209,586234
34,2073,307025,279209,586234
35,2073,307025,279209,586234
36,2073,307025,279209,586234
37,2073,307025,279209,586234
38,2073,307025,279209,586234
39,2073,307025,279209,586234
40,2073,307025,279209,586234
41,2073,307025,279209,586234
42,2073,307025,279209,586234
43,2073,307025,279209,586234
44,2073,309401,279433,588834
45,2073,309401,279433,588834
46,2073,308138,279364,587502
47,2073,308207,279364,587571
48,2073,308207,279364,587571
49,2073,308207,279364,587571
50,2073,308207,279364,587571
51,2073,308198,279402,587600
52,2073,308198,279402,587600
53,2073,308198,279402,587600
54,2073,308198,279402,587600
55,2073,308198,279402,587600
56,2073,308198,279402,587600
57,2073,308198,279402,587600
58,2073,308198,279402,587600
59,2073,308198,279402,587600
60,2073,308198,279402,587600
61,2073,308198,279402,587600
62,2073,308198,279402,587600
63,2073,308198,279402,587600
64,2073,309449,279472,588921
65,2073,309538,279472,589010
66,2073,307947,279400,587347
67,2073,308227,279400,587627
68,2073,307618,279138,586756
69,2073,307735,279232,586967
70,2073,307742,279123,586865
71,2073,309127,279187,588314
72,2073,308751,279129,587880
73,2073,307179,279129,586308
74,2073,307179,279129,586308
75,2073,307179,279129,586308
76,2073,307179,279129,586308
77,2073,307179,279129,586308
78,2073,306934,286413,593347
79,2073,306862,284996,591858
80,2073,306855,286432,593287
81,2073,306855,286432,593287
82,2073,306855,286432,593287
83,2073,306855,286432,593287
84,2073,306855,286432,593287
85,2073,306855,286432,593287
86,2073,306855,286432,593287
87,2073,306855,286432,593287
88,2073,306855,286432,593287
89,2073,306855,286432,593287
90,2073,306855,286432,593287
91,2073,306855,286432,593287
92,2073,306855,286432,593287
93,2073,306855,286432,593287
94,2073,306855,286432,593287
95,2073,306855,286432,593287
96,2073,306855,286432,593287
97,2073,306855,286432,593287
98,2073,306855,286432,593287
99,2073,306855,286432,593287
100,2073,306855,286432,593287
0,2073,292414,276267,568681
1,2073,292414,276267,568681
2,2073,292410,276267,568677
3,2073,292524,276267,568791
4,2073,292770,276374,569144
5,2073,292782,276405,569187
6,2073,292777,275836,568613
7,2073,292789,275833,568622
8,2073,292809,276105,568914
9,2073,292817,276218,569035
10,2073,292752,276008,568760
11,2073,292786,276013,568799
12,2073,292637,275836,568473
13,2073,294207,275567,569774
14,2073,297544,275452,572996
15,2073,296712,275491,572203
16,2073,295873,275344,571217
17,2073,298696,275638,574334
18,2073,308040,277244,585284
19,2073,310244,279250,589494
20,2073,310992,279343,590335
21,2073,309447,279369,588816
22,2073,309498,279517,589015
23,2073,309548,279517,589065
24,2073,309548,279517,589065
25,2073,309548,279517,589065
26,2073,309548,279517,589065
27,2073,309548,279517,589065
28,2073,309548,279517,589065
29,2073,309548,279517,589065
30,2073,309548,279517,589065
31,2073,309548,279517,589065
32,2073,309548,279517,589065
33,2073,309548,279517,589065
34,2073,309548,279517,589065
35,2073,309548,279517,589065
36,2073,309548,279517,589065
37,2073,309933,279517,589450
38,2073,309933,279517,589450
39,2073,309933,279517,589450
40,2073,309933,279517,589450
41,2073,309933,279517,589450
42,2073,309933,279517,589450
43,2073,309933,279517,589450
44,2073,311218,279445,590663
45,2073,311218,279445,590663
46,2073,311078,279485,590563
47,2073,311078,279485,590563
48,2073,311078,279485,590563
49,2073,311078,279485,590563
50,2073,311078,279485,590563
51,2073,311087,279523,590610
52,2073,311087,279523,590610
53,2073,311087,279523,590610
54,2073,311087,279523,590610
55,2073,311087,279523,590610
56,2073,311087,279523,590610
57,2073,311087,279523,590610
58,2073,311087,279523,590610
59,2073,311087,279523,590610
60,2073,311087,279523,590610
61,2073,311087,279523,590610
62,2073,311087,279523,590610
63,2073,311197,279523,590720
64,2073,311402,279483,590885
65,2073,311494,279483,590977
66,2073,311142,279522,590664
67,2073,311181,279522,590703
68,2073,310276,279498,589774
69,2073,310326,279498,589824
70,2073,310257,279585,589842
71,2073,310672,279598,590270
72,2073,310683,279572,590255
73,2073,309854,279579,589433
74,2073,309854,279579,589433
75,2073,309854,279579,589433
76,2073,309854,279579,589433
77,2073,309854,279579,589433
78,2073,309223,297053,606276
79,2073,309182,295170,604352
80,2073,309215,297002,606217
81,2073,309223,297359,606582
82,2073,309223,297359,606582
83,2073,309223,297359,606582
84,2073,309223,297359,606582
85,2073,309223,297359,606582
86,2073,309223,297359,606582
87,2073,309223,297359,606582
88,2073,309223,297359,606582
89,2073,309223,297359,606582
90,2073,309223,297359,606582
91,2073,309223,297359,606582
92,2073,309223,297359,606582
93,2073,309223,297359,606582
94,2073,309223,297359,606582
95,2073,309223,297359,606582
96,2073,309223,297359,606582
97,2073,309223,297359,606582
98,2073,309223,297359,606582
99,2073,309223,297359,606582
100,2073,309223,297359,606582
0,2073,290839,275033,565872
1,2073,290839,275033,565872
2,2073,290835,275033,565868
3,2073,290937,275233,566170
4,2073,291005,274937,565942
5,2073,291046,275155,566201
6,2073,292232,276240,568472
7,2073,292199,276233,568432
8,2073,291249,275661,566910
9,2073,291199,275601,566800
10,2073,292123,276191,568314
11,2073,292361,276048,568409
12,2073,293171,276060,569231
13,2073,294126,275531,569657
14,2073,296668,275937,572605
15,2073,295244,275388,570632
16,2073,296127,275713,571840
17,2073,298662,276231,574893
18,2073,305162,277907,583069
19,2073,309543,280666,590209
20,2073,310358,280573,590931
21,2073,310236,280007,590243
22,2073,310517,280086,590603
23,2073,310504,280086,590590
24,2073,310504,280086,590590
25,2073,310504,280086,590590
26,2073,310504,280086,590590
27,2073,310504,280086,590590
28,2073,310504,280086,590590
29,2073,310504,280086,590590
30,2073,310504,280086,590590
31,2073,310504,280086,590590
32,2073,310504,280086,590590
33,2073,310504,280086,590590
34,2073,310504,280086,590590
35,2073,310504,280086,590590
36,2073,310504,280086,590590
37,2073,310568,280086,590654
38,2073,310568,280086,590654
39,2073,310568,280086,590654
40,2073,310568,280086,590654
41,2073,310949,280086,591035
42,2073,310949,280086,591035
43,2073,310949,280086,591035
44,2073,311212,280770,591982
45,2073,311212,280770,591982
46,2073,311402,280718,592120
47,2073,311402,280718,592120
48,2073,311402,280718,592120
49,2073,311402,280718,592120
50,2073,311402,280718,592120
51,2073,311402,280757,592159
52,2073,311402,280757,592159
53,2073,311402,280757,592159
54,2073,311402,280757,592159
55,2073,311402,280757,592159
56,2073,311402,280757,592159
57,2073,311402,280757,592159
58,2073,311402,280757,592159
59,2073,311402,280757,592159
60,2073,311402,280757,592159
61,2073,311402,280757,592159
62,2073,311402,280757,592159
63,2073,311500,280757,592257
64,2073,311363,280826,592189
65,2073,311724,280826,592550
66,2073,311611,280757,592368
67,2073,311478,280757,592235
68,2073,311136,280282,591418
69,2073,311224,280386,591610
70,2073,311089,280359,591448
71,2073,311023,280782,591805
72,2073,311415,280757,592172
73,2073,310475,280113,590588
74,2073,310475,280113,590588
75,2073,310475,280113,590588
76,2073,310475,280113,590588
77,2073,310475,280113,590588
78,2073,312080,301426,613506
79,2073,311717,300216,611933
80,2073,312078,301550,613628
81,2073,312097,305369,617466
82,2073,312097,305369,617466
83,2073,312097,305369,617466
84,2073,312097,305369,617466
85,2073,312097,305369,617466
86,2073,312097,305369,617466
87,2073,312097,305369,617466
88,2073,312097,305369,617466
89,2073,312097,305369,617466
90,2073,312097,305369,617466
91,2073,312097,305369,617466
92,2073,312097,305369,617466
93,2073,312097,305369,617466
94,2073,312097,305369,617466
95,2073,312097,305369,617466
96,2073,312097,305369,617466
97,2073,312097,305369,617466
98,2073,312097,305369,617466
99,2073,312097,305369,617466
100,2073,312097,305369,617466
0,2073,289659,274603,564262
1,2073,289659,274603,564262
2,2073,289665,274603,564268
3,2073,290131,274992,565123
4,2073,290075,275018,565093
5,2073,290517,275453,565970
6,2073,291142,275727,566869
7,2073,291129,275727,566856
8,2073,291983,276029,568012
9,2073,291141,275810,566951
10,2073,291146,275616,566762
11,2073,292016,276074,568090
12,2073,292897,276138,569035
13,2073,294262,276019,570281
14,2073,294683,275572,570255
15,2073,297679,275397,573076
16,2073,295993,275946,571939
17,2073,298812,276626,575438
18,2073,303893,278118,582011
19,2073,307392,280296,587688
20,2073,308113,280287,588400
21,2073,310267,280533,590800
22,2073,310619,280734,591353
23,2073,310685,280734,591419
24,2073,310685,280734,591419
25,2073,310685,280734,591419
26,2073,310685,280734,591419
27,2073,310685,280734,591419
28,2073,310685,280734,591419
29,2073,310685,280734,591419
30,2073,310685,280734,591419
31,2073,310685,280734,591419
32,2073,310685,280734,591419
33,2073,310685,280734,591419
34,2073,310685,280734,591419
35,2073,310685,280734,591419
36,2073,310685,280734,591419
37,2073,310706,280734,591440
38,2073,310706,280734,591440
39,2073,310706,280734,591440
40,2073,310706,280734,591440
41,2073,311060,280758,591818
42,2073,311060,280758,591818
43,2073,311060,280758,591818
44,2073,310515,280639,591154
45,2073,310515,280639,591154
46,2073,310557,280639,591196
47,2073,310557,280639,591196
48,2073,310557,280639,591196
49,2073,310557,280639,591196
50,2073,310557,280639,591196
51,2073,310557,280639,591196
52,2073,310557,280639,591196
53,2073,310557,280639,591196
54,2073,310557,280639,591196
55,2073,310557,280639,591196
56,2073,310557,280639,591196
57,2073,310557,280639,591196
58,2073,310557,280639,591196
59,2073,310557,280639,591196
60,2073,310557,280639,591196
61,2073,310557,280639,591196
62,2073,310557,280639,591196
63,2073,310910,280639,591549
64,2073,310761,280639,591400
65,2073,311033,280639,591672
66,2073,311135,280672,591807
67,2073,310932,280639,591571
68,2073,311116,280771,591887
69,2073,311041,280703,591744
70,2073,310992,280666,591658
71,2073,310516,280639,591155
72,2073,310473,280639,591112
73,2073,311008,280697,591705
74,2073,311008,280697,591705
75,2073,311008,280697,591705
76,2073,311008,280697,591705
77,2073,311008,280697,591705
78,2073,314470,302480,616950
79,2073,314144,302411,616555
80,2073,314352,302829,617181
81,2073,316242,304224,620466
82,2073,316242,304224,620466
83,2073,316242,304224,620466
84,2073,316242,304224,620466
85,2073,316242,304224,620466
86,2073,316242,304224,620466
87,2073,316242,304224,620466
88,2073,316242,304224,620466
89,2073,316242,304224,620466
90,2073,316242,304224,620466
91,2073,316242,304224,620466
92,2073,316242,304224,620466
93,2073,316242,304224,620466
94,2073,316242,304224,620466
95,2073,316242,304224,620466
96,2073,316242,304224,620466
97,2073,316242,304224,620466
98,2073,316242,304224,620466
99,2073,316242,304224,620466
100,2073,316242,304224,620466
0,2073,289139,272661,561800
1,2073,289139,272661,561800
2,2073,289140,272661,561801
3,2073,289119,272764,561883
4,2073,289360,272455,561815
5,2073,290329,273837,564166
6,2073,290582,275044,565626
7,2073,290513,275001,565514
8,2073,291822,275327,567149
9,2073,292040,275205,567245
10,2073,290765,275121,565886
11,2073,291646,275629,567275
12,2073,292463,275852,568315
13,2073,293960,275907,569867
14,2073,294086,274870,568956
15,2073,297101,275906,573007
16,2073,295988,275549,571537
17,2073,299178,275915,575093
18,2073,303074,277430,580504
19,2073,305532,280384,585916
20,2073,307797,280492,588289
21,2073,309263,280395,589658
22,2073,309846,280601,590447
23,2073,310066,280601,590667
24,2073,310068,280601,590669
25,2073,310068,280601,590669
26,2073,310068,280601,590669
27,2073,310068,280601,590669
28,2073,310068,280601,590669
29,2073,310068,280601,590669
30,2073,310068,280601,590669
31,2073,310068,280601,590669
32,2073,310068,280601,590669
33,2073,310068,280601,590669
34,2073,310068,280601,590669
35,2073,310068,280601,590669
36,2073,310068,280601,590669
37,2073,310106,280601,590707
38,2073,310106,280601,590707
39,2073,310106,280601,590707
40,2073,310106,280601,590707
41,2073,310504,280601,591105
42,2073,310504,280601,591105
43,2073,310504,280601,591105
44,2073,310371,280615,590986
45,2073,310371,280615,590986
46,2073,310431,280601,591032
47,2073,310431,280601,591032
48,2073,310431,280601,591032
49,2073,310431,280601,591032
50,2073,310431,280601,591032
51,2073,310431,280601,591032
52,2073,310431,280601,591032
53,2073,310431,280601,591032
54,2073,310431,280601,591032
55,2073,310431,280601,591032
56,2073,310431,280601,591032
57,2073,310431,280601,591032
58,2073,310431,280601,591032
59,2073,310431,280601,591032
60,2073,310425,280601,591026
61,2073,310396,280601,590997
62,2073,310384,280601,590985
63,2073,310452,280601,591053
64,2073,310622,280615,591237
65,2073,310565,280615,591180
66,2073,310466,280601,591067
67,2073,310560,280601,591161
68,2073,310503,280601,591104
69,2073,310459,280601,591060
70,2073,310415,280601,591016
71,2073,310321,280601,590922
72,2073,310394,280611,591005
73,2073,310297,280601,590898
74,2073,310297,280601,590898
75,2073,310297,280601,590898
76,2073,310297,280601,590898
77,2073,310297,280601,590898
78,2073,316765,303090,619855
79,2073,316576,303067,619643
80,2073,316701,303735,620436
81,2073,316971,305349,622320
82,2073,316971,305349,622320
83,2073,316971,305349,622320
84,2073,316971,305349,622320
85,2073,316971,305349,622320
86,2073,316971,305349,622320
87,2073,316971,305349,622320
88,2073,316971,305349,622320
89,2073,316971,305349,622320
90,2073,316971,305349,622320
91,2073,316971,305349,622320
92,2073,316971,305349,622320
93,2073,316971,305349,622320
94,2073,316971,305349,622320
95,2073,316971,305349,622320
96,2073,316971,305349,622320
97,2073,316971,305349,622320
98,2073,316971,305349,622320
99,2073,316971,305349,622320
100,2073,316971,305349,622320
0,2073,290394,273022,563416
1,2073,290394,272960,563354
2,2073,290359,272960,563319
3,2073,290259,272886,563145
4,2073,290454,272808,563262
5,2073,291611,274441,566052
6,2073,290844,274238,565082
7,2073,290993,274439,565432
8,2073,292558,275788,568346
9,2073,292683,276220,568903
10,2073,290916,274282,565198
11,2073,292270,275799,568069
12,2073,292527,276121,568648
13,2073,293904,275836,569740
14,2073,293814,275619,569433
15,2073,296491,275550,572041
16,2073,296013,275404,571417
17,2073,300549,276014,576563
18,2073,303703,277256,580959
19,2073,304886,279668,584554
20,2073,307763,280642,588405
21,2073,308577,280432,589009
22,2073,309209,280601,589810
23,2073,309657,280601,590258
24,2073,309658,280601,590259
25,2073,309658,280601,590259
26,2073,309658,280601,590259
27,2073,309658,280601,590259
28,2073,309658,280601,590259
29,2073,309658,280601,590259
30,2073,309658,280601,590259
31,2073,309658,280601,590259
32,2073,309658,280601,590259
33,2073,309658,280601,590259
34,2073,309658,280601,590259
35,2073,309658,280601,590259
36,2073,309658,280601,590259
37,2073,309666,280681,590347
38,2073,309666,280681,590347
39,2073,309666,280681,590347
40,2073,309666,280681,590347
41,2073,310400,280705,591105
42,2073,310400,280705,591105
43,2073,310400,280705,591105
44,2073,310418,280719,591137
45,2073,310418,280719,591137
46,2073,310454,280719,591173
47,2073,310454,280719,591173
48,2073,310454,280719,591173
49,2073,310454,280719,591173
50,2073,310454,280719,591173
51,2073,310454,280719,591173
52,2073,310454,280719,591173
53,2073,310454,280719,591173
54,2073,310454,280719,591173
55,2073,310454,280719,591173
56,2073,310454,280719,591173
57,2073,310454,280719,591173
58,2073,310454,280719,591173
59,2073,310454,280719,591173
60,2073,310454,280719,591173
61,2073,310425,280719,591144
62,2073,310355,280719,591074
63,2073,310557,280719,591276
64,2073,310622,280709,591331
65,2073,310657,280709,591366
66,2073,310551,280719,591270
67,2073,310578,280709,591287
68,2073,310595,280719,591314
69,2073,310527,280719,591246
70,2073,310501,280719,591220
71,2073,310167,280719,590886
72,2073,310365,280719,591084
73,2073,310097,280705,590802
74,2073,310097,280705,590802
75,2073,310097,280705,590802
76,2073,310097,280705,590802
77,2073,310097,280705,590802
78,2073,316031,304649,620680
79,2073,316015,304523,620538
80,2073,316491,304884,621375
81,2073,317021,307179,624200
82,2073,317021,307179,624200
83,2073,317021,307179,624200
84,2073,317021,307179,624200
85,2073,317021,307179,624200
86,2073,317021,307179,624200
87,2073,317021,307179,624200
88,2073,317021,307179,624200
89,2073,317021,307179,624200
90,2073,317021,307179,624200
91,2073,317021,307179,624200
92,2073,317021,307179,624200
93,2073,317021,307179,624200
94,2073,317021,307179,624200
95,2073,317021,307179,624200
96,2073,317021,307179,624200
97,2073,317021,307179,624200
98,2073,317021,307179,624200
99,2073,317021,307179,624200
100,2073,317021,307179,624200
0,2073,291389,273588,564977
1,2073,291361,273588,564949
2,2073,291342,273588,564930
3,2073,290486,273473,563959
4,2073,291427,273538,564965
5,2073,292690,275544,568234
6,2073,291841,274747,566588
7,2073,291918,275199,567117
8,2073,292254,275800,568054
9,2073,291248,275379,566627
10,2073,292120,274848,566968
11,2073,292386,276244,568630
12,2073,292471,275750,568221
13,2073,293842,275635,569477
14,2073,294684,275923,570607
15,2073,295202,274951,570153
16,2073,296309,275544,571853
17,2073,300680,275961,576641
18,2073,306176,277396,583572
19,2073,304844,279082,583926
20,2073,307760,280252,588012
21,2073,308575,280608,589183
22,2073,309265,280695,589960
23,2073,309759,280695,590454
24,2073,309761,280695,590456
25,2073,309761,280695,590456
26,2073,309761,280695,590456
27,2073,309761,280695,590456
28,2073,309761,280695,590456
29,2073,309761,280695,590456
30,2073,309761,280695,590456
31,2073,309761,280695,590456
32,2073,309761,280695,590456
33,2073,309761,280695,590456
34,2073,309761,280695,590456
35,2073,309761,280695,590456
36,2073,309761,280695,590456
37,2073,309760,280695,590455
38,2073,309760,280695,590455
39,2073,309760,280695,590455
40,2073,309760,280695,590455
41,2073,310532,280719,591251
42,2073,310532,280719,591251
43,2073,310532,280719,591251
44,2073,310612,280709,591321
45,2073,310612,280709,591321
46,2073,310612,280709,591321
47,2073,310612,280709,591321
48,2073,310612,280709,591321
49,2073,310612,280709,591321
50,2073,310612,280709,591321
51,2073,310612,280709,591321
52,2073,310612,280709,591321
53,2073,310612,280709,591321
54,2073,310612,280709,591321
55,2073,310612,280709,591321
56,2073,310612,280709,591321
57,2073,310612,280709,591321
58,2073,310612,280709,591321
59,2073,310612,280709,591321
60,2073,310612,280709,591321
61,2073,310583,280709,591292
62,2073,310342,280719,591061
63,2073,310663,280709,591372
64,2073,310791,280709,591500
65,2073,310817,280709,591526
66,2073,310711,280709,591420
67,2073,310719,280709,591428
68,2073,310627,280709,591336
69,2073,310569,280709,591278
70,2073,310553,280709,591262
71,2073,310114,280719,590833
72,2073,310402,280719,591121
73,2073,310099,280695,590794
74,2073,310099,280695,590794
75,2073,310099,280695,590794
76,2073,310099,280695,590794
77,2073,310099,280695,590794
78,2073,316416,306500,622916
79,2073,316414,306851,623265
80,2073,317112,306603,623715
81,2073,320548,305311,625859
82,2073,320548,305311,625859
83,2073,320548,305311,625859
84,2073,320548,305311,625859
85,2073,320548,305311,625859
86,2073,320548,305311,625859
87,2073,320548,305311,625859
88,2073,320548,305311,625859
89,2073,320548,305311,625859
90,2073,320548,305311,625859
91,2073,320548,305311,625859
92,2073,320548,305311,625859
93,2073,320548,305311,625859
94,2073,320548,305311,625859
95,2073,320548,305311,625859
96,2073,320548,305311,625859
97,2073,320548,305311,625859
98,2073,320548,305311,625859
99,2073,320548,305311,625859
100,2073,320548,305311,625859
0,2073,292751,275522,568273
1,2073,292768,275518,568286
2,2073,292769,275518,568287
3,2073,291789,274356,566145
4,2073,293025,274710,567735
5,2073,292813,276399,569212
6,2073,292765,276223,568988
7,2073,292672,276268,568940
8,2073,292330,276276,568606
9,2073,291393,275989,567382
10,2073,292673,276157,568830
11,2073,291584,275622,567206
12,2073,292581,275830,568411
13,2073,294134,275933,570067
14,2073,295041,276344,571385
15,2073,297727,275310,573037
16,2073,296109,275747,571856
17,2073,313874,275931,589805
18,2073,305144,277547,582691
19,2073,305947,279202,585149
20,2073,308539,280233,588772
21,2073,309150,280634,589784
22,2073,309340,280727,590067
23,2073,309735,280695,590430
24,2073,309736,280695,590431
25,2073,309736,280695,590431
26,2073,309736,280695,590431
27,2073,309736,280695,590431
28,2073,309736,280695,590431
29,2073,309736,280695,590431
30,2073,309736,280695,590431
31,2073,309736,280695,590431
32,2073,309736,280695,590431
33,2073,309736,280695,590431
34,2073,309736,280695,590431
35,2073,309736,280695,590431
36,2073,309736,280695,590431
37,2073,309736,280695,590431
38,2073,309736,280695,590431
39,2073,309736,280695,590431
40,2073,309736,280695,590431
41,2073,310615,280709,591324
42,2073,310615,280709,591324
43,2073,310615,280709,591324
44,2073,310580,280709,591289
45,2073,310580,280709,591289
46,2073,310589,280709,591298
47,2073,310589,280709,591298
48,2073,310589,280709,591298
49,2073,310589,280709,591298
50,2073,310589,280709,591298
51,2073,310589,280709,591298
52,2073,310589,280709,591298
53,2073,310589,280709,591298
54,2073,310589,280709,591298
55,2073,310589,280709,591298
56,2073,310589,280709,591298
57,2073,310589,280709,591298
58,2073,310589,280709,591298
59,2073,310589,280709,591298
60,2073,310589,280709,591298
61,2073,310560,280709,591269
62,2073,310362,280719,591081
63,2073,310688,280709,591397
64,2073,310777,280709,591486
65,2073,310815,280709,591524
66,2073,310706,280709,591415
67,2073,310743,280709,591452
68,2073,310757,280709,591466
69,2073,310692,280709,591401
70,2073,310676,280709,591385
71,2073,310183,280695,590878
72,2073,310549,280719,591268
73,2073,310133,280695,590828
74,2073,310133,280695,590828
75,2073,310133,280695,590828
76,2073,310133,280695,590828
77,2073,310133,280695,590828
78,2073,319143,305453,624596
79,2073,319327,305676,625003
80,2073,319274,305068,624342
81,2073,318978,306401,625379
82,2073,318978,306401,625379
83,2073,318978,306401,625379
84,2073,318978,306401,625379
85,2073,318978,306401,625379
86,2073,318978,306401,625379
87,2073,318978,306401,625379
88,2073,318978,306401,625379
89,2073,318978,306401,625379
90,2073,318978,306401,625379
91,2073,318978,306401,625379
92,2073,318978,306401,625379
93,2073,318978,306401,625379
94,2073,318978,306401,625379
95,2073,318978,306401,625379
96,2073,318978,306401,625379
97,2073,318978,306401,625379
98,2073,318978,306401,625379
99,2073,318978,306401,625379
100,2073,318978,306401,625379
0,2073,292327,275510,567837
1,2073,292327,275659,567986
2,2073,292320,275647,567967
3,2073,292875,275527,568402
4,2073,292828,275721,568549
5,2073,291154,274409,565563
6,2073,291431,275516,566947
7,2073,291405,275336,566741
8,2073,290990,275061,566051
9,2073,292128,275695,567823
10,2073,291559,275769,567328
11,2073,291377,275586,566963
12,2073,293155,276000,569155
13,2073,294189,275958,570147
14,2073,295769,275717,571486
15,2073,297153,275649,572802
16,2073,295944,275372,571316
17,2073,307331,276682,584013
18,2073,304499,277441,581940
19,2073,307335,279222,586557
20,2073,309367,280247,589614
21,2073,309425,280514,589939
22,2073,309452,280752,590204
23,2073,309762,280695,590457
24,2073,309764,280695,590459
25,2073,309764,280695,590459
26,2073,309764,280695,590459
27,2073,309764,280695,590459
28,2073,309764,280695,590459
29,2073,309764,280695,590459
30,2073,309764,280695,590459
31,2073,309764,280695,590459
32,2073,309764,280695,590459
33,2073,309764,280695,590459
34,2073,309764,280695,590459
35,2073,309764,280695,590459
36,2073,309764,280695,590459
37,2073,309738,280695,590433
38,2073,309738,280695,590433
39,2073,309738,280695,590433
40,2073,309738,280695,590433
41,2073,310581,280709,591290
42,2073,310581,280709,591290
43,2073,310581,280709,591290
44,2073,310522,280709,591231
45,2073,310522,280709,591231
46,2073,310522,280709,591231
47,2073,310522,280709,591231
48,2073,310522,280709,591231
49,2073,310522,280709,591231
50,2073,310522,280709,591231
51,2073,310522,280709,591231
52,2073,310522,280709,591231
53,2073,310522,280709,591231
54,2073,310522,280709,591231
55,2073,310522,280709,591231
56,2073,310522,280709,591231
57,2073,310522,280709,591231
58,2073,310522,280709,591231
59,2073,310522,280709,591231
60,2073,310522,280709,591231
61,2073,310493,280709,591202
62,2073,310500,280719,591219
63,2073,310622,280709,591331
64,2073,310711,280709,591420
65,2073,310854,280709,591563
66,2073,310736,280709,591445
67,2073,310677,280709,591386
68,2073,310743,280709,591452
69,2073,310668,280709,591377
70,2073,310642,280709,591351
71,2073,310117,280719,590836
72,2073,310404,280709,591113
73,2073,310176,280695,590871
74,2073,310176,280695,590871
75,2073,310176,280695,590871
76,2073,310176,280695,590871
77,2073,310176,280695,590871
78,2073,317218,306629,623847
79,2073,317604,306070,623674
80,2073,317715,306312,624027
81,2073,319435,304795,624230
82,2073,319435,304795,624230
83,2073,319435,304795,624230
84,2073,319435,304795,624230
85,2073,319435,304795,624230
86,2073,319435,304795,624230
87,2073,319435,304795,624230
88,2073,319435,304795,624230
89,2073,319435,304795,624230
90,2073,319435,304795,624230
91,2073,319435,304795,624230
92,2073,319435,304795,624230
93,2073,319435,304795,624230
94,2073,319435,304795,624230
95,2073,319435,304795,624230
96,2073,319435,304795,624230
97,2073,319435,304795,624230
98,2073,319435,304795,624230
99,2073,319435,304795,624230
100,2073,319435,304795,624230
0,2073,292237,275533,567770
1,2073,292258,275489,567747
2,2073,292255,275489,567744
3,2073,292520,275565,568085
4,2073,292646,275922,568568
5,2073,290941,274761,565702
6,2073,291650,275540,567190
7,2073,291571,275602,567173
8,2073,290150,274568,564718
9,2073,292443,275886,568329
10,2073,291915,275595,567510
11,2073,292561,275926,568487
12,2073,293011,276402,569413
13,2073,293947,275772,569719
14,2073,294479,275523,570002
15,2073,297722,275788,573510
16,2073,296132,275359,571491
17,2073,303346,276680,580026
18,2073,304374,277451,581825
19,2073,307952,279352,587304
20,2073,309700,280525,590225
21,2073,308980,280464,589444
22,2073,309470,280601,590071
23,2073,309775,280616,590391
24,2073,309777,280616,590393
25,2073,309777,280616,590393
26,2073,309777,280616,590393
27,2073,309777,280616,590393
28,2073,309777,280616,590393
29,2073,309777,280616,590393
30,2073,309777,280616,590393
31,2073,309777,280616,590393
32,2073,309777,280616,590393
33,2073,309777,280616,590393
34,2073,309777,280616,590393
35,2073,309777,280616,590393
36,2073,309777,280616,590393
37,2073,309777,280616,590393
38,2073,309777,280616,590393
39,2073,309777,280616,590393
40,2073,309777,280616,590393
41,2073,310522,280709,591231
42,2073,310522,280709,591231
43,2073,310522,280709,591231
44,2073,310523,280709,591232
45,2073,310523,280709,591232
46,2073,310523,280709,591232
47,2073,310523,280709,591232
48,2073,310523,280709,591232
49,2073,310523,280709,591232
50,2073,310523,280709,591232
51,2073,310523,280709,591232
52,2073,310523,280709,591232
53,2073,310523,280709,591232
54,2073,310523,280709,591232
55,2073,310523,280709,591232
56,2073,310523,280709,591232
57,2073,310523,280709,591232
58,2073,310523,280709,591232
59,2073,310523,280709,591232
60,2073,310523,280709,591232
61,2073,310494,280709,591203
62,2073,310481,280709,591190
63,2073,310622,280709,591331
64,2073,310711,280709,591420
65,2073,310728,280709,591437
66,2073,310677,280709,591386
67,2073,310677,280709,591386
68,2073,310677,280709,591386
69,2073,310602,280709,591311
70,2073,310576,280709,591285
71,2073,310117,280695,590812
72,2073,310481,280719,591200
73,2073,310143,280719,590862
74,2073,310143,280719,590862
75,2073,310143,280719,590862
76,2073,310143,280719,590862
77,2073,310143,280719,590862
78,2073,319280,304872,624152
79,2073,317218,306403,623621
80,2073,318885,305538,624423
81,2073,315816,304901,620717
82,2073,315816,304901,620717
83,2073,315816,304901,620717
84,2073,315816,304901,620717
85,2073,315816,304901,620717
86,2073,315816,304901,620717
87,2073,315816,304901,620717
88,2073,315816,304901,620717
89,2073,315816,304901,620717
90,2073,315816,304901,620717
91,2073,315816,304901,620717
92,2073,315816,304901,620717
93,2073,315816,304901,620717
94,2073,315816,304901,620717
95,2073,315816,304901,620717
96,2073,315816,304901,620717
97,2073,315816,304901,620717
98,2073,315816,304901,620717
99,2073,315816,304901,620717
100,2073,315816,304901,620717
0,2073,292050,274642,566692
1,2073,291992,274566,566558
2,2073,292049,274566,566615
3,2073,292288,275393,567681
4,2073,292350,275433,567783
5,2073,291665,275418,567083
6,2073,292616,275683,568299
7,2073,292591,275714,568305
8,2073,289388,272724,562112
9,2073,292120,275796,567916
10,2073,292494,275697,568191
11,2073,292571,276455,569026
12,2073,292461,275605,568066
13,2073,293891,275625,569516
14,2073,294576,275565,570141
15,2073,296947,275357,572304
16,2073,296197,275623,571820
17,2073,302139,276579,578718
18,2073,304368,277408,581776
19,2073,309074,279536,588610
20,2073,308796,280425,589221
21,2073,308818,280514,589332
22,2073,309431,280601,590032
23,2073,309749,280616,590365
24,2073,309751,280616,590367
25,2073,309751,280616,590367
26,2073,309751,280616,590367
27,2073,309751,280616,590367
28,2073,309751,280616,590367
29,2073,309751,280616,590367
30,2073,309751,280616,590367
31,2073,309751,280616,590367
32,2073,309751,280616,590367
33,2073,309751,280616,590367
34,2073,309751,280616,590367
35,2073,309751,280616,590367
36,2073,309751,280616,590367
37,2073,309751,280616,590367
38,2073,309751,280616,590367
39,2073,309751,280616,590367
40,2073,309751,280616,590367
41,2073,310523,280709,591232
42,2073,310523,280709,591232
43,2073,310523,280709,591232
44,2073,310523,280709,591232
45,2073,310523,280709,591232
46,2073,310523,280709,591232
47,2073,310523,280709,591232
48,2073,310523,280709,591232
49,2073,310523,280709,591232
50,2073,310523,280709,591232
51,2073,310523,280709,591232
52,2073,310523,280709,591232
53,2073,310523,280709,591232
54,2073,310523,280709,591232
55,2073,310523,280709,591232
56,2073,310523,280709,591232
57,2073,310523,280709,591232
58,2073,310523,280709,591232
59,2073,310523,280709,591232
60,2073,310523,280709,591232
61,2073,310502,280709,591211
62,2073,310533,280709,591242
63,2073,310629,280709,591338
64,2073,310711,280709,591420
65,2073,310748,280709,591457
66,2073,310677,280709,591386
67,2073,310677,280709,591386
68,2073,310677,280709,591386
69,2073,310602,280709,591311
70,2073,310576,280709,591285
71,2073,310117,280695,590812
72,2073,310465,280709,591174
73,2073,310117,280719,590836
74,2073,310117,280719,590836
75,2073,310117,280719,590836
76,2073,310117,280719,590836
77,2073,310117,280719,590836
78,2073,317018,305496,622514
79,2073,319763,304916,624679
80,2073,316558,305659,622217
81,2073,315093,304229,619322
82,2073,315093,304229,619322
83,2073,315093,304229,619322
84,2073,315093,304229,619322
85,2073,315093,304229,619322
86,2073,315093,304229,619322
87,2073,315093,304229,619322
88,2073,315093,304229,619322
89,2073,315093,304229,619322
90,2073,315093,304229,619322
91,2073,315093,304229,619322
92,2073,315093,304229,619322
93,2073,315093,304229,619322
94,2073,315093,304229,619322
95,2073,315093,304229,619322
96,2073,315093,304229,619322
97,2073,315093,304229,619322
98,2073,315093,304229,619322
99,2073,315093,304229,619322
100,2073,315093,304229,619322
0,2073,292467,275809,568276
1,2073,292460,275777,568237
2,2073,292457,275777,568234
3,2073,292245,275154,567399
4,2073,292274,275644,567918
5,2073,292620,276606,569226
6,2073,292731,276392,569123
7,2073,292547,276434,568981
8,2073,290424,273014,563438
9,2073,292125,275680,567805
10,2073,292649,276206,568855
11,2073,291627,275325,566952
12,2073,292214,276093,568307
13,2073,294275,275933,570208
14,2073,294898,275677,570575
15,2073,296696,275498,572194
16,2073,296083,275608,571691
17,2073,302392,276114,578506
18,2073,304800,277408,582208
19,2073,308341,280112,588453
20,2073,308246,280444,588690
21,2073,308721,280514,589235
22,2073,309400,280616,590016
23,2073,309775,280616,590391
24,2073,309777,280616,590393
25,2073,309777,280616,590393
26,2073,309777,280616,590393
27,2073,309777,280616,590393
28,2073,309777,280616,590393
29,2073,309777,280616,590393
30,2073,309777,280616,590393
31,2073,309777,280616,590393
32,2073,309777,280616,590393
33,2073,309777,280616,590393
34,2073,309777,280616,590393
35,2073,309777,280616,590393
36,2073,309777,280616,590393
37,2073,309751,280616,590367
38,2073,309751,280616,590367
39,2073,309751,280616,590367
40,2073,309751,280616,590367
41,2073,310523,280709,591232
42,2073,310523,280709,591232
43,2073,310523,280709,591232
44,2073,310523,280709,591232
45,2073,310523,280709,591232
46,2073,310523,280709,591232
47,2073,310523,280709,591232
48,2073,310523,280709,591232
49,2073,310523,280709,591232
50,2073,310523,280709,591232
51,2073,310523,280709,591232
52,2073,310523,280709,591232
53,2073,310523,280709,591232
54,2073,310523,280709,591232
55,2073,310523,280709,591232
56,2073,310523,280709,591232
57,2073,310523,280709,591232
58,2073,310523,280709,591232
59,2073,310523,280709,591232
60,2073,310523,280709,591232
61,2073,310502,280709,591211
62,2073,310490,280709,591199
63,2073,310629,280709,591338
64,2073,310711,280709,591420
65,2073,310728,280709,591437
66,2073,310677,280709,591386
67,2073,310677,280709,591386
68,2073,310677,280709,591386
69,2073,310609,280709,591318
70,2073,310583,280709,591292
71,2073,310117,280695,590812
72,2073,310465,280709,591174
73,2073,310117,280695,590812
74,2073,310117,280695,590812
75,2073,310117,280695,590812
76,2073,310117,280695,590812
77,2073,310117,280695,590812
78,2073,315589,306728,622317
79,2073,317850,304290,622140
80,2073,315286,304700,619986
81,2073,313486,303270,616756
82,2073,313486,303270,616756
83,2073,313486,303270,616756
84,2073,313486,303270,616756
85,2073,313486,303270,616756
86,2073,313486,303270,616756
87,2073,313486,303270,616756
88,2073,313486,303270,616756
89,2073,313486,303270,616756
90,2073,313486,303270,616756
91,2073,313486,303270,616756
92,2073,313486,303270,616756
93,2073,313486,303270,616756
94,2073,313486,303270,616756
95,2073,313486,303270,616756
96,2073,313486,303270,616756
97,2073,313486,303270,616756
98,2073,313486,303270,616756
99,2073,313486,303270,616756
100,2073,313486,303270,616756
0,2073,292071,275839,567910
1,2073,292089,275900,567989
2,2073,292086,275900,567986
3,2073,292381,275949,568330
4,2073,292447,276194,568641
5,2073,291076,274117,565193
6,2073,291032,274854,565886
7,2073,290997,274886,565883
8,2073,291455,273560,565015
9,2073,292220,275875,568095
10,2073,291207,275214,566421
11,2073,291288,275553,566841
12,2073,293021,276358,569379
13,2073,294152,276089,570241
14,2073,295132,275773,570905
15,2073,295672,275405,571077
16,2073,296009,275276,571285
17,2073,303498,276207,579705
18,2073,304580,277399,581979
19,2073,307593,280366,587959
20,2073,308648,280447,589095
21,2073,309185,280529,589714
22,2073,309411,280647,590058
23,2073,309775,280616,590391
24,2073,309777,280624,590401
25,2073,309777,280624,590401
26,2073,309777,280624,590401
27,2073,309777,280624,590401
28,2073,309777,280624,590401
29,2073,309777,280624,590401
30,2073,309777,280624,590401
31,2073,309777,280624,590401
32,2073,309777,280624,590401
33,2073,309777,280624,590401
34,2073,309777,280624,590401
35,2073,309777,280624,590401
36,2073,309777,280624,590401
37,2073,309777,280616,590393
38,2073,309777,280616,590393
39,2073,309777,280616,590393
40,2073,309777,280616,590393
41,2073,310523,280709,591232
42,2073,310523,280709,591232
43,2073,310523,280709,591232
44,2073,310523,280709,591232
45,2073,310523,280709,591232
46,2073,310523,280709,591232
47,2073,310523,280709,591232
48,2073,310523,280709,591232
49,2073,310523,280709,591232
50,2073,310523,280709,591232
51,2073,310523,280709,591232
52,2073,310523,280709,591232
53,2073,310523,280709,591232
54,2073,310523,280709,591232
55,2073,310523,280709,591232
56,2073,310523,280709,591232
57,2073,310523,280709,591232
58,2073,310523,280709,591232
59,2073,310523,280709,591232
60,2073,310523,280709,591232
61,2073,310502,280709,591211
62,2073,310482,280709,591191
63,2073,310622,280709,591331
64,2073,310711,280709,591420
65,2073,310776,280709,591485
66,2073,310677,280709,591386
67,2073,310677,280709,591386
68,2073,310677,280709,591386
69,2073,310609,280709,591318
70,2073,310583,280709,591292
71,2073,310117,280695,590812
72,2073,310465,280709,591174
73,2073,310117,280695,590812
74,2073,310117,280695,590812
75,2073,310117,280695,590812
76,2073,310117,280695,590812
77,2073,310117,280695,590812
78,2073,319253,303696,622949
79,2073,314882,303302,618184
80,2073,314483,304209,618692
81,2073,313400,302807,616207
82,2073,313400,302807,616207
83,2073,313400,302807,616207
84,2073,313400,302807,616207
85,2073,313400,302807,616207
86,2073,313400,302807,616207
87,2073,313400,302807,616207
88,2073,313400,302807,616207
89,2073,313400,302807,616207
90,2073,313400,302807,616207
91,2073,313400,302807,616207
92,2073,313400,302807,616207
93,2073,313400,302807,616207
94,2073,313400,302807,616207
95,2073,313400,302807,616207
96,2073,313400,302807,616207
97,2073,313400,302807,616207
98,2073,313400,302807,616207
99,2073,313400,302807,616207
100,2073,313400,302807,616207
0,2073,291929,276118,568047
1,2073,292050,276184,568234
2,2073,292024,276184,568208
3,2073,292099,275673,567772
4,2073,291120,275219,566339
5,2073,290898,274381,565279
6,2073,290201,274869,565070
7,2073,289966,274416,564382
8,2073,293136,274868,568004
9,2073,292151,275983,568134
10,2073,291191,275417,566608
11,2073,292570,276264,568834
12,2073,292503,275712,568215
13,2073,293667,275662,569329
14,2073,296166,275731,571897
15,2073,295497,275115,570612
16,2073,296079,275458,571537
17,2073,303229,276582,579811
18,2073,304477,277399,581876
19,2073,306568,280199,586767
20,2073,308456,280490,588946
21,2073,309412,280464,589876
22,2073,309419,280647,590066
23,2073,309775,280624,590399
24,2073,309777,280624,590401
25,2073,309777,280624,590401
26,2073,309777,280624,590401
27,2073,309777,280624,590401
28,2073,309777,280624,590401
29,2073,309777,280624,590401
30,2073,309777,280624,590401
31,2073,309777,280624,590401
32,2073,309777,280624,590401
33,2073,309777,280624,590401
34,2073,309777,280624,590401
35,2073,309777,280624,590401
36,2073,309777,280624,590401
37,2073,309777,280624,590401
38,2073,309777,280624,590401
39,2073,309777,280624,590401
40,2073,309777,280624,590401
41,2073,310523,280709,591232
42,2073,310523,280709,591232
43,2073,310523,280709,591232
44,2073,310523,280709,591232
45,2073,310523,280709,591232
46,2073,310523,280709,591232
47,2073,310523,280709,591232
48,2073,310523,280709,591232
49,2073,310523,280709,591232
50,2073,310523,280709,591232
51,2073,310523,280709,591232
52,2073,310523,280709,591232
53,2073,310523,280709,591232
54,2073,310523,280709,591232
55,2073,310523,280709,591232
56,2073,310523,280709,591232
57,2073,310523,280709,591232
58,2073,310523,280709,591232
59,2073,310523,280709,591232
60,2073,310523,280709,591232
61,2073,310502,280709,591211
62,2073,310542,280709,591251
63,2073,310622,280709,591331
64,2073,310711,280709,591420
65,2073,310776,280709,591485
66,2073,310677,280709,591386
67,2073,310677,280709,591386
68,2073,310677,280709,591386
69,2073,310609,280709,591318
70,2073,310583,280709,591292
71,2073,310117,280695,590812
72,2073,310465,280709,591174
73,2073,310117,280695,590812
74,2073,310117,280695,590812
75,2073,310117,280695,590812
76,2073,310117,280695,590812
77,2073,310117,280695,590812
78,2073,315391,302409,617800
79,2073,313281,301886,615167
80,2073,313582,303403,616985
81,2073,313300,302781,616081
82,2073,313300,302781,616081
83,2073,313300,302781,616081
84,2073,313300,302781,616081
85,2073,313300,302781,616081
86,2073,313300,302781,616081
87,2073,313300,302781,616081
88,2073,313300,302781,616081
89,2073,313300,302781,616081
90,2073,313300,302781,616081
91,2073,313300,302781,616081
92,2073,313300,302781,616081
93,2073,313300,302781,616081
94,2073,313300,302781,616081
95,2073,313300,302781,616081
96,2073,313300,302781,616081
97,2073,313300,302781,616081
98,2073,313300,302781,616081
99,2073,313300,302781,616081
100,2073,313300,302781,616081
0,2073,290678,274865,565543
1,2073,290646,274600,565246
2,2073,290646,274600,565246
3,2073,292028,275935,567963
4,2073,290806,274931,565737
5,2073,291693,275335,567028
6,2073,289512,272972,562484
7,2073,289426,272773,562199
8,2073,292970,275895,568865
9,2073,292042,275514,567556
10,2073,292198,275741,567939
11,2073,291715,275941,567656
12,2073,292280,275815,568095
13,2073,293958,275737,569695
14,2073,295390,275951,571341
15,2073,295576,275625,571201
16,2073,296316,275830,572146
17,2073,302965,276281,579246
18,2073,304630,277408,582038
19,2073,305272,279385,584657
20,2073,308843,280475,589318
21,2073,308966,280464,589430
22,2073,309419,280616,590035
23,2073,309775,280616,590391
24,2073,309777,280616,590393
25,2073,309777,280616,590393
26,2073,309777,280616,590393
27,2073,309777,280616,590393
28,2073,309777,280616,590393
29,2073,309777,280616,590393
30,2073,309777,280616,590393
31,2073,309777,280616,590393
32,2073,309777,280616,590393
33,2073,309777,280616,590393
34,2073,309777,280616,590393
35,2073,309777,280616,590393
36,2073,309777,280616,590393
37,2073,309777,280616,590393
38,2073,309777,280616,590393
39,2073,309777,280616,590393
40,2073,309777,280616,590393
41,2073,310523,280709,591232
42,2073,310523,280709,591232
43,2073,310523,280709,591232
44,2073,310523,280709,591232
45,2073,310523,280709,591232
46,2073,310523,280709,591232
47,2073,310523,280709,591232
48,2073,310523,280709,591232
49,2073,310523,280709,591232
50,2073,310523,280709,591232
51,2073,310523,280709,591232
52,2073,310523,280709,591232
53,2073,310523,280709,591232
54,2073,310523,280709,591232
55,2073,310523,280709,591232
56,2073,310523,280709,591232
57,2073,310523,280709,591232
58,2073,310523,280709,591232
59,2073,310523,280709,591232
60,2073,310523,280709,591232
61,2073,310502,280709,591211
62,2073,310490,280709,591199
63,2073,310629,280709,591338
64,2073,310711,280709,591420
65,2073,310776,280709,591485
66,2073,310677,280709,591386
67,2073,310677,280709,591386
68,2073,310677,280709,591386
69,2073,310609,280709,591318
70,2073,310583,280709,591292
71,2073,310117,280695,590812
72,2073,310465,280709,591174
73,2073,310117,280695,590812
74,2073,310117,280695,590812
75,2073,310117,280695,590812
76,2073,310117,280695,590812
77,2073,310117,280695,590812
78,2073,314163,302133,616296
79,2073,313574,301568,615142
80,2073,313325,302887,616212
81,2073,314143,304623,618766
82,2073,314143,304623,618766
83,2073,314143,304623,618766
84,2073,314143,304623,618766
85,2073,314143,304623,618766
86,2073,314143,304623,618766
87,2073,314143,304623,618766
88,2073,314143,304623,618766
89,2073,314143,304623,618766
90,2073,314143,304623,618766
91,2073,314143,304623,618766
92,2073,314143,304623,618766
93,2073,314143,304623,618766
94,2073,314143,304623,618766
95,2073,314143,304623,618766
96,2073,314143,304623,618766
97,2073,314143,304623,618766
98,2073,314143,304623,618766
99,2073,314143,304623,618766
100,2073,314143,304623,618766
0,2073,289630,273527,563157
1,2073,289084,272978,562062
2,2073,289096,272978,562074
3,2073,291944,275546,567490
4,2073,290744,274239,564983
5,2073,292628,276596,569224
6,2073,290215,273130,563345
7,2073,290379,273170,563549
8,2073,292789,275868,568657
9,2073,292007,275599,567606
10,2073,292516,276305,568821
11,2073,291831,275642,567473
12,2073,293193,276213,569406
13,2073,294133,275848,569981
14,2073,294756,275557,570313
15,2073,295875,275849,571724
16,2073,296104,275804,571908
17,2073,302976,276373,579349
18,2073,304434,277399,581833
19,2073,305026,279291,584317
20,2073,308802,280475,589277
21,2073,308820,280514,589334
22,2073,309407,280616,590023
23,2073,309775,280624,590399
24,2073,309777,280624,590401
25,2073,309777,280624,590401
26,2073,309777,280624,590401
27,2073,309777,280624,590401
28,2073,309777,280624,590401
29,2073,309777,280624,590401
30,2073,309777,280624,590401
31,2073,309777,280624,590401
32,2073,309777,280624,590401
33,2073,309777,280624,590401
34,2073,309777,280624,590401
35,2073,309777,280624,590401
36,2073,309777,280624,590401
37,2073,309777,280616,590393
38,2073,309777,280616,590393
39,2073,309777,280616,590393
40,2073,309777,280616,590393
41,2073,310523,280709,591232
42,2073,310523,280709,591232
43,2073,310523,280709,591232
44,2073,310523,280709,591232
45,2073,310523,280709,591232
46,2073,310523,280709,591232
47,2073,310523,280709,591232
48,2073,310523,280709,591232
49,2073,310523,280709,591232
50,2073,310523,280709,591232
51,2073,310523,280709,591232
52,2073,310523,280709,591232
53,2073,310523,280709,591232
54,2073,310523,280709,591232
55,2073,310523,280709,591232
56,2073,310523,280709,591232
57,2073,310523,280709,591232
58,2073,310523,280709,591232
59,2073,310523,280709,591232
60,2073,310523,280709,591232
61,2073,310502,280709,591211
62,2073,310482,280709,591191
63,2073,310629,280709,591338
64,2073,310711,280709,591420
65,2073,310776,280709,591485
66,2073,310677,280709,591386
67,2073,310677,280709,591386
68,2073,310677,280709,591386
69,2073,310609,280709,591318
70,2073,310583,280709,591292
71,2073,310117,280695,590812
72,2073,310465,280709,591174
73,2073,310117,280695,590812
74,2073,310117,280695,590812
75,2073,310117,280695,590812
76,2073,310117,280695,590812
77,2073,310117,280695,590812
78,2073,312824,302255,615079
79,2073,312361,301855,614216
80,2073,313545,304204,617749
81,2073,315175,307024,622199
82,2073,315175,307024,622199
83,2073,315175,307024,622199
84,2073,315175,307024,622199
85,2073,315175,307024,622199
86,2073,315175,307024,622199
87,2073,315175,307024,622199
88,2073,315175,307024,622199
89,2073,315175,307024,622199
90,2073,315175,307024,622199
91,2073,315175,307024,622199
92,2073,315175,307024,622199
93,2073,315175,307024,622199
94,2073,315175,307024,622199
95,2073,315175,307024,622199
96,2073,315175,307024,622199
97,2073,315175,307024,622199
98,2073,315175,307024,622199
99,2073,315175,307024,622199
100,2073,315175,307024,622199
0,2073,289931,272729,562660
1,2073,289934,272911,562845
2,2073,289982,272952,562934
3,2073,292195,275576,567771
4,2073,291187,274432,565619
5,2073,291032,274005,565037
6,2073,290574,273727,564301
7,2073,291554,273847,565401
8,2073,292191,275275,567466
9,2073,292300,275900,568200
10,2073,291218,275119,566337
11,2073,292350,275661,568011
12,2073,292533,276111,568644
13,2073,294243,276045,570288
14,2073,294509,275322,569831
15,2073,295696,275954,571650
16,2073,295745,275365,571110
17,2073,302787,276624,579411
18,2073,304700,277408,582108
19,2073,305830,279172,585002
20,2073,308798,280475,589273
21,2073,308721,280514,589235
22,2073,309400,280616,590016
23,2073,309775,280624,590399
24,2073,309777,280624,590401
25,2073,309777,280624,590401
26,2073,309777,280624,590401
27,2073,309777,280624,590401
28,2073,309777,280624,590401
29,2073,309777,280624,590401
30,2073,309777,280624,590401
31,2073,309777,280624,590401
32,2073,309777,280624,590401
33,2073,309777,280624,590401
34,2073,309777,280624,590401
35,2073,309777,280624,590401
36,2073,309777,280624,590401
37,2073,309777,280624,590401
38,2073,309777,280624,590401
39,2073,309777,280624,590401
40,2073,309777,280624,590401
41,2073,310523,280709,591232
42,2073,310523,280709,591232
43,2073,310523,280709,591232
44,2073,310523,280709,591232
45,2073,310523,280709,591232
46,2073,310523,280709,591232
47,2073,310523,280709,591232
48,2073,310523,280709,591232
49,2073,310523,280709,591232
50,2073,310523,280709,591232
51,2073,310523,280709,591232
52,2073,310523,280709,591232
53,2073,310523,280709,591232
54,2073,310523,280709,591232
55,2073,310523,280709,591232
56,2073,310523,280709,591232
57,2073,310523,280709,591232
58,2073,310523,280709,591232
59,2073,310523,280709,591232
60,2073,310523,280709,591232
61,2073,310502,280709,591211
62,2073,310542,280709,591251
63,2073,310622,280709,591331
64,2073,310711,280709,591420
65,2073,310776,280709,591485
66,2073,310677,280709,591386
67,2073,310677,280709,591386
68,2073,310677,280709,591386
69,2073,310609,280709,591318
70,2073,310583,280709,591292
71,2073,310117,280695,590812
72,2073,310465,280709,591174
73,2073,310117,280695,590812
74,2073,310117,280695,590812
75,2073,310117,280695,590812
76,2073,310117,280695,590812
77,2073,310117,280695,590812
78,2073,314312,303031,617343
79,2073,314087,303226,617313
80,2073,313783,305497,619280
81,2073,319234,305827,625061
82,2073,319234,305827,625061
83,2073,319234,305827,625061
84,2073,319234,305827,625061
85,2073,319234,305827,625061
86,2073,319234,305827,625061
87,2073,319234,305827,625061
88,2073,319234,305827,625061
89,2073,319234,305827,625061
90,2073,319234,305827,625061
91,2073,319234,305827,625061
92,2073,319234,305827,625061
93,2073,319234,305827,625061
94,2073,319234,305827,625061
95,2073,319234,305827,625061
96,2073,319234,305827,625061
97,2073,319234,305827,625061
98,2073,319234,305827,625061
99,2073,319234,305827,625061
100,2073,319234,305827,625061
0,2073,290389,273324,563713
1,2073,290357,273423,563780
2,2073,290327,273499,563826
3,2073,292216,275829,568045
4,2073,292652,275969,568621
5,2073,290429,274160,564589
6,2073,291995,274742,566737
7,2073,293131,275594,568725
8,2073,292310,275603,567913
9,2073,292239,275895,568134
10,2073,291305,275231,566536
11,2073,292658,276470,569128
12,2073,291894,275712,567606
13,2073,293818,275668,569486
14,2073,294959,275664,570623
15,2073,295329,275541,570870
16,2073,296065,275365,571430
17,2073,302452,276309,578761
18,2073,304434,277399,581833
19,2073,307640,279219,586859
20,2073,308797,280475,589272
21,2073,309191,280529,589720
22,2073,309411,280647,590058
23,2073,309775,280624,590399
24,2073,309777,280624,590401
25,2073,309777,280624,590401
26,2073,309777,280624,590401
27,2073,309777,280624,590401
28,2073,309777,280624,590401
29,2073,309777,280624,590401
30,2073,309777,280624,590401
31,2073,309777,280624,590401
32,2073,309777,280624,590401
33,2073,309777,280624,590401
34,2073,309777,280624,590401
35,2073,309777,280624,590401
36,2073,309777,280624,590401
37,2073,309777,280624,590401
38,2073,309777,280624,590401
39,2073,309777,280624,590401
40,2073,309777,280624,590401
41,2073,310523,280709,591232
42,2073,310523,280709,591232
43,2073,310523,280709,591232
44,2073,310523,280709,591232
45,2073,310523,280709,591232
46,2073,310523,280709,591232
47,2073,310523,280709,591232
48,2073,310523,280709,591232
49,2073,310523,280709,591232
50,2073,310523,280709,591232
51,2073,310523,280709,591232
52,2073,310523,280709,591232
53,2073,310523,280709,591232
54,2073,310523,280709,591232
55,2073,310523,280709,591232
56,2073,310523,280709,591232
57,2073,310523,280709,591232
58,2073,310523,280709,591232
59,2073,310523,280709,591232
60,2073,310523,280709,591232
61,2073,310502,280709,591211
62,2073,310490,280709,591199
63,2073,310622,280709,591331
64,2073,310711,280709,591420
65,2073,310776,280709,591485
66,2073,310677,280709,591386
67,2073,310677,280709,591386
68,2073,310677,280709,591386
69,2073,310609,280709,591318
70,2073,310583,280709,591292
71,2073,310117,280695,590812
72,2073,310465,280709,591174
73,2073,310117,280695,590812
74,2073,310117,280695,590812
75,2073,310117,280695,590812
76,2073,310117,280695,590812
77,2073,310117,280695,590812
78,2073,314565,303350,617915
79,2073,315463,303836,619299
80,2073,315597,307591,623188
81,2073,318475,306338,624813
82,2073,318475,306338,624813
83,2073,318475,306338,624813
84,2073,318475,306338,624813
85,2073,318475,306338,624813
86,2073,318475,306338,624813
87,2073,318475,306338,624813
88,2073,318475,306338,624813
89,2073,318475,306338,624813
90,2073,318475,306338,624813
91,2073,318475,306338,624813
92,2073,318475,306338,624813
93,2073,318475,306338,624813
94,2073,318475,306338,624813
95,2073,318475,306338,624813
96,2073,318475,306338,624813
97,2073,318475,306338,624813
98,2073,318475,306338,624813
99,2073,318475,306338,624813
100,2073,318475,306338,624813
0,2073,291577,274118,565695
1,2073,291704,274059,565763
2,2073,291728,274070,565798
3,2073,292172,275866,568038
4,2073,292520,275795,568315
5,2073,290894,274103,564997
6,2073,293029,275653,568682
7,2073,293002,275585,568587
8,2073,292514,276161,568675
9,2073,292060,275434,567494
10,2073,292373,275869,568242
11,2073,291521,275321,566842
12,2073,292700,275905,568605
13,2073,293942,275538,569480
14,2073,295205,275997,571202
15,2073,296250,275426,571676
16,2073,296330,275907,572237
17,2073,302651,276235,578886
18,2073,304622,277408,582030
19,2073,308470,279310,587780
20,2073,308804,280475,589279
21,2073,309404,280464,589868
22,2073,309411,280647,590058
23,2073,309775,280624,590399
24,2073,309777,280624,590401
25,2073,309777,280624,590401
26,2073,309777,280624,590401
27,2073,309777,280624,590401
28,2073,309777,280624,590401
29,2073,309777,280624,590401
30,2073,309777,280624,590401
31,2073,309777,280624,590401
32,2073,309777,280624,590401
33,2073,309777,280624,590401
34,2073,309777,280624,590401
35,2073,309777,280624,590401
36,2073,309777,280624,590401
37,2073,309777,280624,590401
38,2073,309777,280624,590401
39,2073,309777,280624,590401
40,2073,309777,280624,590401
41,2073,310523,280709,591232
42,2073,310523,280709,591232
43,2073,310523,280709,591232
44,2073,310523,280709,591232
45,2073,310523,280709,591232
46,2073,310523,280709,591232
47,2073,310523,280709,591232
48,2073,310523,280709,591232
49,2073,310523,280709,591232
50,2073,310523,280709,591232
51,2073,310523,280709,591232
52,2073,310523,280709,591232
53,2073,310523,280709,591232
54,2073,310523,280709,591232
55,2073,310523,280709,591232
56,2073,310523,280709,591232
57,2073,310523,280709,591232
58,2073,310523,280709,591232
59,2073,310523,280709,591232
60,2073,310523,280709,591232
61,2073,310502,280709,591211
62,2073,310482,280709,591191
63,2073,310629,280709,591338
64,2073,310711,280709,591420
65,2073,310776,280709,591485
66,2073,310677,280709,591386
67,2073,310677,280709,591386
68,2073,310677,280709,591386
69,2073,310609,280709,591318
70,2073,310583,280709,591292
71,2073,310117,280695,590812
72,2073,310465,280709,591174
73,2073,310117,280695,590812
74,2073,310117,280695,590812
75,2073,310117,280695,590812
76,2073,310117,280695,590812
77,2073,310117,280695,590812
78,2073,314748,304905,619653
79,2073,315681,305040,620721
80,2073,320100,305595,625695
81,2073,319150,304796,623946
82,2073,319150,304796,623946
83,2073,319150,304796,623946
84,2073,319150,304796,623946
85,2073,319150,304796,623946
86,2073,319150,304796,623946
87,2073,319150,304796,623946
88,2073,319150,304796,623946
89,2073,319150,304796,623946
90,2073,319150,304796,623946
91,2073,319150,304796,623946
92,2073,319150,304796,623946
93,2073,319150,304796,623946
94,2073,319150,304796,623946
95,2073,319150,304796,623946
96,2073,319150,304796,623946
97,2073,319150,304796,623946
98,2073,319150,304796,623946
99,2073,319150,304796,623946
100,2073,319150,304796,623946
0,2073,292691,275252,567943
1,2073,292737,275408,568145
2,2073,292737,275396,568133
3,2073,291909,275660,567569
4,2073,292434,275675,568109
5,2073,292224,276129,568353
6,2073,292989,275830,568819
7,2073,292884,275778,568662
8,2073,291224,275620,566844
9,2073,291990,275557,567547
10,2073,292433,276415,568848
11,2073,291391,275660,567051
12,2073,293221,276798,570019
13,2073,294261,275802,570063
14,2073,297791,275834,573625
15,2073,295951,275686,571637
16,2073,296030,275683,571713
17,2073,302367,276387,578754
18,2073,304434,277399,581833
19,2073,309346,279536,588882
20,2073,308804,280475,589279
21,2073,308966,280464,589430
22,2073,309411,280616,590027
23,2073,309775,280624,590399
24,2073,309777,280624,590401
25,2073,309777,280624,590401
26,2073,309777,280624,590401
27,2073,309777,280624,590401
28,2073,309777,280624,590401
29,2073,309777,280624,590401
30,2073,309777,280624,590401
31,2073,309777,280624,590401
32,2073,309777,280624,590401
33,2073,309777,280624,590401
34,2073,309777,280624,590401
35,2073,309777,280624,590401
36,2073,309777,280624,590401
37,2073,309777,280624,590401
38,2073,309777,280624,590401
39,2073,309777,280624,590401
40,2073,309777,280624,590401
41,2073,310523,280709,591232
42,2073,310523,280709,591232
43,2073,310523,280709,591232
44,2073,310523,280709,591232
45,2073,310523,280709,591232
46,2073,310523,280709,591232
47,2073,310523,280709,591232
48,2073,310523,280709,591232
49,2073,310523,280709,591232
50,2073,310523,280709,591232
51,2073,310523,280709,591232
52,2073,310523,280709,591232
53,2073,310523,280709,591232
54,2073,310523,280709,591232
55,2073,310523,280709,591232
56,2073,310523,280709,591232
57,2073,310523,280709,591232
58,2073,310523,280709,591232
59,2073,310523,280709,591232
60,2073,310523,280709,591232
61,2073,310502,280709,591211
62,2073,310542,280709,591251
63,2073,310629,280709,591338
64,2073,310711,280709,591420
65,2073,310776,280709,591485
66,2073,310677,280709,591386
67,2073,310677,280709,591386
68,2073,310677,280709,591386
69,2073,310609,280709,591318
70,2073,310583,280709,591292
71,2073,310117,280695,590812
72,2073,310465,280709,591174
73,2073,310117,280695,590812
74,2073,310117,280695,590812
75,2073,310117,280695,590812
76,2073,310117,280695,590812
77,2073,310117,280695,590812
78,2073,315901,306651,622552
79,2073,316557,307162,623719
80,2073,319112,306085,625197
81,2073,317302,305907,623209
82,2073,317302,305907,623209
83,2073,317302,305907,623209
84,2073,317302,305907,623209
85,2073,317302,305907,623209
86,2073,317302,305907,623209
87,2073,317302,305907,623209
88,2073,317302,305907,623209
89,2073,317302,305907,623209
90,2073,317302,305907,623209
91,2073,317302,305907,623209
92,2073,317302,305907,623209
93,2073,317302,305907,623209
94,2073,317302,305907,623209
95,2073,317302,305907,623209
96,2073,317302,305907,623209
97,2073,317302,305907,623209
98,2073,317302,305907,623209
99,2073,317302,305907,623209
100,2073,317302,305907,623209
0,2074,292160,275407,567567
1,2074,292160,275407,567567
2,2074,292156,275407,567563
3,2074,292317,275433,567750
4,2074,292459,275435,567894
5,2074,292604,275460,568064
6,2074,292715,275538,568253
7,2074,292699,275529,568228
8,2074,292688,275503,568191
9,2074,292689,275485,568174
10,2074,292704,275551,568255
11,2074,292828,275972,568800
12,2074,293342,276256,569598
13,2074,293719,276375,570094
14,2074,293758,276281,570039
15,2074,293823,276272,570095
16,2074,294123,276355,570478
17,2074,294561,276410,570971
18,2074,295789,276733,572522
19,2074,296731,278188,574919
20,2074,296795,278225,575020
21,2074,296833,278284,575117
22,2074,296862,278532,575394
23,2074,296890,278545,575435
24,2074,296890,278545,575435
25,2074,296890,278545,575435
26,2074,296890,278545,575435
27,2074,296890,278545,575435
28,2074,296890,278545,575435
29,2074,296890,278545,575435
30,2074,296890,278545,575435
31,2074,296890,278545,575435
32,2074,296890,278545,575435
33,2074,296890,278545,575435
34,2074,296890,278545,575435
35,2074,296890,278545,575435
36,2074,296890,278545,575435
37,2074,296890,278545,575435
38,2074,296890,278545,575435
39,2074,296890,278545,575435
40,2074,296890,278545,575435
41,2074,296890,278545,575435
42,2074,296890,278545,575435
43,2074,296890,278545,575435
44,2074,296890,278545,575435
45,2074,296890,278545,575435
46,2074,296881,278545,575426
47,2074,296873,278545,575418
48,2074,296873,278545,575418
49,2074,296873,278545,575418
50,2074,296873,278545,575418
51,2074,296873,278595,575468
52,2074,296873,278595,575468
53,2074,296873,278595,575468
54,2074,296873,278595,575468
55,2074,296873,278595,575468
56,2074,296873,278595,575468
57,2074,296873,278595,575468
58,2074,296873,278595,575468
59,2074,296873,278595,575468
60,2074,296873,278595,575468
61,2074,296873,278595,575468
62,2074,296873,278595,575468
63,2074,296873,278595,575468
64,2074,296825,278595,575420
65,2074,296825,278595,575420
66,2074,296738,278595,575333
67,2074,296738,278595,575333
68,2074,296472,278595,575067
69,2074,296377,278595,574972
70,2074,296237,278595,574832
71,2074,295800,278595,574395
72,2074,295800,278595,574395
73,2074,295461,278595,574056
74,2074,295423,278595,574018
75,2074,295423,278595,574018
76,2074,295423,278595,574018
77,2074,295423,278595,574018
78,2074,295423,279554,574977
79,2074,295423,279363,574786
80,2074,295423,279614,575037
81,2074,295423,279743,575166
82,2074,295423,279743,575166
83,2074,295423,279743,575166
84,2074,295423,279743,575166
85,2074,295423,279743,575166
86,2074,295423,279743,575166
87,2074,295423,279743,575166
88,2074,295423,279743,575166
89,2074,295423,279743,575166
90,2074,295423,279743,575166
91,2074,295423,279743,575166
92,2074,295423,279743,575166
93,2074,295423,279743,575166
94,2074,295423,279743,575166
95,2074,295423,279743,575166
96,2074,295423,279743,575166
97,2074,295423,279743,575166
98,2074,295423,279743,575166
99,2074,295423,279743,575166
100,2074,295423,279743,575166
0,2074,292266,275259,567525
1,2074,292266,275259,567525
2,2074,292259,275259,567518
3,2074,292436,275274,567710
4,2074,292615,275193,567808
5,2074,292741,275299,568040
6,2074,292868,275406,568274
7,2074,292842,275390,568232
8,2074,292820,275364,568184
9,2074,292815,275344,568159
10,2074,292810,275474,568284
11,2074,292862,275699,568561
12,2074,293184,275754,568938
13,2074,293704,275708,569412
14,2074,293937,275800,569737
15,2074,294124,275792,569916
16,2074,294466,275859,570325
17,2074,295672,275850,571522
18,2074,297964,276497,574461
19,2074,298821,278322,577143
20,2074,299958,278491,578449
21,2074,300126,278538,578664
22,2074,300128,279006,579134
23,2074,300136,279020,579156
24,2074,300136,279020,579156
25,2074,300136,279020,579156
26,2074,300136,279020,579156
27,2074,300136,279020,579156
28,2074,300136,279020,579156
29,2074,300136,279020,579156
30,2074,300136,279020,579156
31,2074,300136,279020,579156
32,2074,300136,279020,579156
33,2074,300136,279020,579156
34,2074,300136,279020,579156
35,2074,300136,279020,579156
36,2074,300136,279020,579156
37,2074,300136,279020,579156
38,2074,300136,279020,579156
39,2074,300136,279020,579156
40,2074,300136,279020,579156
41,2074,300136,279020,579156
42,2074,300136,279020,579156
43,2074,300136,279020,579156
44,2074,300538,279020,579558
45,2074,300538,279020,579558
46,2074,300536,279020,579556
47,2074,300528,279020,579548
48,2074,300528,279020,579548
49,2074,300528,279020,579548
50,2074,300528,279020,579548
51,2074,300528,279059,579587
52,2074,300528,279059,579587
53,2074,300528,279059,579587
54,2074,300528,279059,579587
55,2074,300528,279059,579587
56,2074,300528,279059,579587
57,2074,300528,279059,579587
58,2074,300528,279059,579587
59,2074,300528,279059,579587
60,2074,300528,279059,579587
61,2074,300528,279059,579587
62,2074,300528,279059,579587
63,2074,300528,279059,579587
64,2074,300557,279059,579616
65,2074,300557,279059,579616
66,2074,300066,279059,579125
67,2074,300008,279059,579067
68,2074,299613,279059,578672
69,2074,299663,279059,578722
70,2074,299415,279037,578452
71,2074,298888,279037,577925
72,2074,298782,279037,577819
73,2074,298283,278963,577246
74,2074,298238,278963,577201
75,2074,298238,278963,577201
76,2074,298238,278963,577201
77,2074,298238,278963,577201
78,2074,298344,280269,578613
79,2074,298259,280078,578337
80,2074,298344,280826,579170
81,2074,298338,280568,578906
82,2074,298338,280568,578906
83,2074,298338,280568,578906
84,2074,298338,280568,578906
85,2074,298338,280568,578906
86,2074,298338,280568,578906
87,2074,298338,280568,578906
88,2074,298338,280568,578906
89,2074,298338,280568,578906
90,2074,298338,280568,578906
91,2074,298338,280568,578906
92,2074,298338,280568,578906
93,2074,298338,280568,578906
94,2074,298338,280568,578906
95,2074,298338,280568,578906
96,2074,298338,280568,578906
97,2074,298338,280568,578906
98,2074,298338,280568,578906
99,2074,298338,280568,578906
100,2074,298338,280568,578906
0,2074,292274,275413,567687
1,2074,292274,275413,567687
2,2074,292266,275413,567679
3,2074,292417,275347,567764
4,2074,292716,275394,568110
5,2074,292856,275450,568306
6,2074,292910,275526,568436
7,2074,292866,275510,568376
8,2074,292838,275471,568309
9,2074,292865,275477,568342
10,2074,292819,275561,568380
11,2074,292909,275804,568713
12,2074,293366,276259,569625
13,2074,294527,276216,570743
14,2074,294776,276418,571194
15,2074,295034,276413,571447
16,2074,296135,276482,572617
17,2074,297419,276524,573943
18,2074,299982,276890,576872
19,2074,300697,278092,578789
20,2074,300794,278561,579355
21,2074,301474,278636,580110
22,2074,301310,278941,580251
23,2074,301326,278955,580281
24,2074,301326,278955,580281
25,2074,301326,278955,580281
26,2074,301326,278955,580281
27,2074,301326,278955,580281
28,2074,301326,278955,580281
29,2074,301326,278955,580281
30,2074,301326,278955,580281
31,2074,301326,278955,580281
32,2074,301326,278955,580281
33,2074,301326,278955,580281
34,2074,301326,278955,580281
35,2074,301326,278955,580281
36,2074,301326,278955,580281
37,2074,301326,278955,580281
38,2074,301326,278955,580281
39,2074,301326,278955,580281
40,2074,301326,278955,580281
41,2074,301326,278955,580281
42,2074,301326,278955,580281
43,2074,301333,278955,580288
44,2074,303077,279111,582188
45,2074,303077,279111,582188
46,2074,302118,279111,581229
47,2074,302109,279111,581220
48,2074,302109,279111,581220
49,2074,302109,279111,581220
50,2074,302109,279111,581220
51,2074,302109,279149,581258
52,2074,302109,279149,581258
53,2074,302109,279149,581258
54,2074,302109,279149,581258
55,2074,302109,279149,581258
56,2074,302109,279149,581258
57,2074,302109,279149,581258
58,2074,302109,279149,581258
59,2074,302109,279149,581258
60,2074,302109,279149,581258
61,2074,302109,279149,581258
62,2074,302109,279149,581258
63,2074,302109,279149,581258
64,2074,303056,279149,582205
65,2074,303056,279149,582205
66,2074,301751,278994,580745
67,2074,301764,278926,580690
68,2074,301625,278926,580551
69,2074,301693,278926,580619
70,2074,301698,278926,580624
71,2074,302699,279051,581750
72,2074,302614,279051,581665
73,2074,301717,279129,580846
74,2074,301717,279129,580846
75,2074,301717,279129,580846
76,2074,301717,279129,580846
77,2074,301717,279129,580846
78,2074,301618,283834,585452
79,2074,301588,283520,585108
80,2074,301523,283856,585379
81,2074,301545,283856,585401
82,2074,301545,283856,585401
83,2074,301545,283856,585401
84,2074,301545,283856,585401
85,2074,301545,283856,585401
86,2074,301545,283856,585401
87,2074,301545,283856,585401
88,2074,301545,283856,585401
89,2074,301545,283856,585401
90,2074,301545,283856,585401
91,2074,301545,283856,585401
92,2074,301545,283856,585401
93,2074,301545,283856,585401
94,2074,301545,283856,585401
95,2074,301545,283856,585401
96,2074,301545,283856,585401
97,2074,301545,283856,585401
98,2074,301545,283856,585401
99,2074,301545,283856,585401
100,2074,301545,283856,585401
0,2074,292099,274901,567000
1,2074,292099,274901,567000
2,2074,292091,274901,566992
3,2074,292300,274901,567201
4,2074,292463,274931,567394
5,2074,292518,274983,567501
6,2074,292615,275035,567650
7,2074,292607,275057,567664
8,2074,292601,275043,567644
9,2074,292574,275024,567598
10,2074,292549,275055,567604
11,2074,292624,275339,567963
12,2074,293047,275490,568537
13,2074,294584,275590,570174
14,2074,295239,275679,570918
15,2074,297561,275661,573222
16,2074,296031,275360,571391
17,2074,298511,275281,573792
18,2074,300960,276311,577271
19,2074,318140,278178,596318
20,2074,318570,278704,597274
21,2074,307169,279147,586316
22,2074,306963,279195,586158
23,2074,307025,279209,586234
24,2074,307025,279209,586234
25,2074,307025,279209,586234
26,2074,307025,279209,586234
27,2074,307025,279209,586234
28,2074,307025,279209,586234
29,2074,307025,279209,586234
30,2074,307025,279209,586234
31,2074,307025,279209,586234
32,2074,307025,279209,586234
33,2074,307025,279209,586234
34,2074,307025,279209,586234
35,2074,307025,279209,586234
36,2074,307025,279209,586234
37,2074,307025,279209,586234
38,2074,307025,279209,586234
39,2074,307025,279209,586234
40,2074,307025,279209,586234
41,2074,307025,279209,586234
42,2074,307025,279209,586234
43,2074,307025,279209,586234
44,2074,309401,279433,588834
45,2074,309401,279433,588834
46,2074,308138,279364,587502
47,2074,308207,279364,587571
48,2074,308207,279364,587571
49,2074,308207,279364,587571
50,2074,308207,279364,587571
51,2074,308198,279402,587600
52,2074,308198,279402,587600
53,2074,308198,279402,587600
54,2074,308198,279402,587600
55,2074,308198,279402,587600
56,2074,308198,279402,587600
57,2074,308198,279402,587600
58,2074,308198,279402,587600
59,2074,308198,279402,587600
60,2074,308198,279402,587600
61,2074,308198,279402,587600
62,2074,308198,279402,587600
63,2074,308198,279402,587600
64,2074,309449,279472,588921
65,2074,309538,279472,589010
66,2074,307947,279400,587347
67,2074,308227,279400,587627
68,2074,307618,279138,586756
69,2074,307735,279232,586967
70,2074,307742,279123,586865
71,2074,309127,279187,588314
72,2074,308751,279129,587880
73,2074,307179,279129,586308
74,2074,307179,279129,586308
75,2074,307179,279129,586308
76,2074,307179,279129,586308
77,2074,307179,279129,586308
78,2074,306934,286413,593347
79,2074,306862,284996,591858
80,2074,306855,286432,593287
81,2074,306855,286432,593287
82,2074,306855,286432,593287
83,2074,306855,286432,593287
84,2074,306855,286432,593287
85,2074,306855,286432,593287
86,2074,306855,286432,593287
87,2074,306855,286432,593287
88,2074,306855,286432,593287
89,2074,306855,286432,593287
90,2074,306855,286432,593287
91,2074,306855,286432,593287
92,2074,306855,286432,593287
93,2074,306855,286432,593287
94,2074,306855,286432,593287
95,2074,306855,286432,593287
96,2074,306855,286432,593287
97,2074,306855,286432,593287
98,2074,306855,286432,593287
99,2074,306855,286432,593287
100,2074,306855,286432,593287
0,2074,292414,276267,568681
1,2074,292414,276267,568681
2,2074,292410,276267,568677
3,2074,292524,276267,568791
4,2074,292770,276374,569144
5,2074,292782,276405,569187
6,2074,292777,275836,568613
7,2074,292789,275833,568622
8,2074,292809,276105,568914
9,2074,292817,276218,569035
10,2074,292752,276008,568760
11,2074,292786,276013,568799
12,2074,292637,275836,568473
13,2074,294207,275567,569774
14,2074,297544,275452,572996
15,2074,296712,275491,572203
16,2074,295873,275344,571217
17,2074,298696,275638,574334
18,2074,308040,277244,585284
19,2074,310244,279250,589494
20,2074,310992,279343,590335
21,2074,309447,279369,588816
22,2074,309498,279517,589015
23,2074,309548,279517,589065
24,2074,309548,279517,589065
25,2074,309548,279517,589065
26,2074,309548,279517,589065
27,2074,309548,279517,589065
28,2074,309548,279517,589065
29,2074,309548,279517,589065
30,2074,309548,279517,589065
31,2074,309548,279517,589065
32,2074,309548,279517,589065
33,2074,309548,279517,589065
34,2074,309548,279517,589065
35,2074,309548,279517,589065
36,2074,309548,279517,589065
37,2074,309933,279517,589450
38,2074,309933,279517,589450
39,2074,309933,279517,589450
40,2074,309933,279517,589450
41,2074,309933,279517,589450
42,2074,309933,279517,589450
43,2074,309933,279517,589450
44,2074,311218,279445,590663
45,2074,311218,279445,590663
46,2074,311078,279485,590563
47,2074,311078,279485,590563
48,2074,311078,279485,590563
49,2074,311078,279485,590563
50,2074,311078,279485,590563
51,2074,311087,279523,590610
52,2074,311087,279523,590610
53,2074,311087,279523,590610
54,2074,311087,279523,590610
55,2074,311087,279523,590610
56,2074,311087,279523,590610
57,2074,311087,279523,590610
58,2074,311087,279523,590610
59,2074,311087,279523,590610
60,2074,311087,279523,590610
61,2074,311087,279523,590610
62,2074,311087,279523,590610
63,2074,311197,279523,590720
64,2074,311402,279483,590885
65,2074,311494,279483,590977
66,2074,311142,279522,590664
67,2074,311181,279522,590703
68,2074,310276,279498,589774
69,2074,310326,279498,589824
70,2074,310257,279585,589842
71,2074,310672,279598,590270
72,2074,310683,279572,590255
73,2074,309854,279579,589433
74,2074,309854,279579,589433
75,2074,309854,279579,589433
76,2074,309854,279579,589433
77,2074,309854,279579,589433
78,2074,309223,297053,606276
79,2074,309182,295170,604352
80,2074,309215,297002,606217
81,2074,309223,297359,606582
82,2074,309223,297359,606582
83,2074,309223,297359,606582
84,2074,309223,297359,606582
85,2074,309223,297359,606582
86,2074,309223,297359,606582
87,2074,309223,297359,606582
88,2074,309223,297359,606582
89,2074,309223,297359,606582
90,2074,309223,297359,606582
91,2074,309223,297359,606582
92,2074,309223,297359,606582
93,2074,309223,297359,606582
94,2074,309223,297359,606582
95,2074,309223,297359,606582
96,2074,309223,297359,606582
97,2074,309223,297359,606582
98,2074,309223,297359,606582
99,2074,309223,297359,606582
100,2074,309223,297359,606582
0,2074,290839,275033,565872
1,2074,290839,275033,565872
2,2074,290835,275033,565868
3,2074,290937,275233,566170
4,2074,291005,274937,565942
5,2074,291046,275155,566201
6,2074,292232,276240,568472
7,2074,292199,276233,568432
8,2074,291249,275661,566910
9,2074,291199,275601,566800
10,2074,292123,276191,568314
11,2074,292361,276048,568409
12,2074,293171,276060,569231
13,2074,294126,275531,569657
14,2074,296668,275937,572605
15,2074,295244,275388,570632
16,2074,296127,275713,571840
17,2074,298662,276231,574893
18,2074,305162,277907,583069
19,2074,309543,280666,590209
20,2074,310358,280573,590931
21,2074,310236,280007,590243
22,2074,310517,280086,590603
23,2074,310504,280086,590590
24,2074,310504,280086,590590
25,2074,310504,280086,590590
26,2074,310504,280086,590590
27,2074,310504,280086,590590
28,2074,310504,280086,590590
29,2074,310504,280086,590590
30,2074,310504,280086,590590
31,2074,310504,280086,590590
32,2074,310504,280086,590590
33,2074,310504,280086,590590
34,2074,310504,280086,590590
35,2074,310504,280086,590590
36,2074,310504,280086,590590
37,2074,310568,280086,590654
38,2074,310568,280086,590654
39,2074,310568,280086,590654
40,2074,310568,280086,590654
41,2074,310949,280086,591035
42,2074,310949,280086,591035
43,2074,310949,280086,591035
44,2074,311212,280770,591982
45,2074,311212,280770,591982
46,2074,311402,280718,592120
47,2074,311402,280718,592120
48,2074,311402,280718,592120
49,2074,311402,280718,592120
50,2074,311402,280718,592120
51,2074,311402,280757,592159
52,2074,311402,280757,592159
53,2074,311402,280757,592159
54,2074,311402,280757,592159
55,2074,311402,280757,592159
56,2074,311402,280757,592159
57,2074,311402,280757,592159
58,2074,311402,280757,592159
59,2074,311402,280757,592159
60,2074,311402,280757,592159
61,2074,311402,280757,592159
62,2074,311402,280757,592159
63,2074,311500,280757,592257
64,2074,311363,280826,592189
65,2074,311724,280826,592550
66,2074,311611,280757,592368
67,2074,311478,280757,592235
68,2074,311136,280282,591418
69,2074,311224,280386,591610
70,2074,311089,280359,591448
71,2074,311023,280782,591805
72,2074,311415,280757,592172
73,2074,310475,280113,590588
74,2074,310475,280113,590588
75,2074,310475,280113,590588
76,2074,310475,280113,590588
77,2074,310475,280113,590588
78,2074,312080,301426,613506
79,2074,311717,300216,611933
80,2074,312078,301550,613628
81,2074,312097,305369,617466
82,2074,312097,305369,617466
83,2074,312097,305369,617466
84,2074,312097,305369,617466
85,2074,312097,305369,617466
86,2074,312097,305369,617466
87,2074,312097,305369,617466
88,2074,312097,305369,617466
89,2074,312097,305369,617466
90,2074,312097,305369,617466
91,2074,312097,305369,617466
92,2074,312097,305369,617466
93,2074,312097,305369,617466
94,2074,312097,305369,617466
95,2074,312097,305369,617466
96,2074,312097,305369,617466
97,2074,312097,305369,617466
98,2074,312097,305369,617466
99,2074,312097,305369,617466
100,2074,312097,305369,617466
0,2074,289659,274603,564262
1,2074,289659,274603,564262
2,2074,289665,274603,564268
3,2074,290131,274992,565123
4,2074,290075,275018,565093
5,2074,290517,275453,565970
6,2074,291142,275727,566869
7,2074,291129,275727,566856
8,2074,291983,276029,568012
9,2074,291141,275810,566951
10,2074,291146,275616,566762
11,2074,292016,276074,568090
12,2074,292897,276138,569035
13,2074,294262,276019,570281
14,2074,294683,275572,570255
15,2074,297679,275397,573076
16,2074,295993,275946,571939
17,2074,298812,276626,575438
18,2074,303893,278118,582011
19,2074,307392,280296,587688
20,2074,308113,280287,588400
21,2074,310267,280533,590800
22,2074,310619,280734,591353
23,2074,310685,280734,591419
24,2074,310685,280734,591419
25,2074,310685,280734,591419
26,2074,310685,280734,591419
27,2074,310685,280734,591419
28,2074,310685,280734,591419
29,2074,310685,280734,591419
30,2074,310685,280734,591419
31,2074,310685,280734,591419
32,2074,310685,280734,591419
33,2074,310685,280734,591419
34,2074,310685,280734,591419
35,2074,310685,280734,591419
36,2074,310685,280734,591419
37,2074,310706,280734,591440
38,2074,310706,280734,591440
39,2074,310706,280734,591440
40,2074,310706,280734,591440
41,2074,311060,280758,591818
42,2074,311060,280758,591818
43,2074,311060,280758,591818
44,2074,310515,280639,591154
45,2074,310515,280639,591154
46,2074,310557,280639,591196
47,2074,310557,280639,591196
48,2074,310557,280639,591196
49,2074,310557,280639,591196
50,2074,310557,280639,591196
51,2074,310557,280639,591196
52,2074,310557,280639,591196
53,2074,310557,280639,591196
54,2074,310557,280639,591196
55,2074,310557,280639,591196
56,2074,310557,280639,591196
57,2074,310557,280639,591196
58,2074,310557,280639,591196
59,2074,310557,280639,591196
60,2074,310557,280639,591196
61,2074,310557,280639,591196
62,2074,310557,280639,591196
63,2074,310910,280639,591549
64,2074,310761,280639,591400
65,2074,311033,280639,591672
66,2074,311135,280672,591807
67,2074,310932,280639,591571
68,2074,311116,280771,591887
69,2074,311041,280703,591744
70,2074,310992,280666,591658
71,2074,310516,280639,591155
72,2074,310473,280639,591112
73,2074,311008,280697,591705
74,2074,311008,280697,591705
75,2074,311008,280697,591705
76,2074,311008,280697,591705
77,2074,311008,280697,591705
78,2074,314470,302480,616950
79,2074,314144,302411,616555
80,2074,314352,302829,617181
81,2074,316242,304224,620466
82,2074,316242,304224,620466
83,2074,316242,304224,620466
84,2074,316242,304224,620466
85,2074,316242,304224,620466
86,2074,316242,304224,620466
87,2074,316242,304224,620466
88,2074,316242,304224,620466
89,2074,316242,304224,620466
90,2074,316242,304224,620466
91,2074,316242,304224,620466
92,2074,316242,304224,620466
93,2074,316242,304224,620466
94,2074,316242,304224,620466
95,2074,316242,304224,620466
96,2074,316242,304224,620466
97,2074,316242,304224,620466
98,2074,316242,304224,620466
99,2074,316242,304224,620466
100,2074,316242,304224,620466
0,2074,289139,272661,561800
1,2074,289139,272661,561800
2,2074,289140,272661,561801
3,2074,289119,272764,561883
4,2074,289360,272455,561815
5,2074,290329,273837,564166
6,2074,290582,275044,565626
7,2074,290513,275001,565514
8,2074,291822,275327,567149
9,2074,292040,275205,567245
10,2074,290765,275121,565886
11,2074,291646,275629,567275
12,2074,292463,275852,568315
13,2074,293960,275907,569867
14,2074,294086,274870,568956
15,2074,297101,275906,573007
16,2074,295988,275549,571537
17,2074,299178,275915,575093
18,2074,303074,277430,580504
19,2074,305532,280384,585916
20,2074,307797,280492,588289
21,2074,309263,280395,589658
22,2074,309846,280601,590447
23,2074,310066,280601,590667
24,2074,310068,280601,590669
25,2074,310068,280601,590669
26,2074,310068,280601,590669
27,2074,310068,280601,590669
28,2074,310068,280601,590669
29,2074,310068,280601,590669
30,2074,310068,280601,590669
31,2074,310068,280601,590669
32,2074,310068,280601,590669
33,2074,310068,280601,590669
34,2074,310068,280601,590669
35,2074,310068,280601,590669
36,2074,310068,280601,590669
37,2074,310106,280601,590707
38,2074,310106,280601,590707
39,2074,310106,280601,590707
40,2074,310106,280601,590707
41,2074,310504,280601,591105
42,2074,310504,280601,591105
43,2074,310504,280601,591105
44,2074,310371,280615,590986
45,2074,310371,280615,590986
46,2074,310431,280601,591032
47,2074,310431,280601,591032
48,2074,310431,280601,591032
49,2074,310431,280601,591032
50,2074,310431,280601,591032
51,2074,310431,280601,591032
52,2074,310431,280601,591032
53,2074,310431,280601,591032
54,2074,310431,280601,591032
55,2074,310431,280601,591032
56,2074,310431,280601,591032
57,2074,310431,280601,591032
58,2074,310431,280601,591032
59,2074,310431,280601,591032
60,2074,310425,280601,591026
61,2074,310396,280601,590997
62,2074,310384,280601,590985
63,2074,310452,280601,591053
64,2074,310622,280615,591237
65,2074,310565,280615,591180
66,2074,310466,280601,591067
67,2074,310560,280601,591161
68,2074,310503,280601,591104
69,2074,310459,280601,591060
70,2074,310415,280601,591016
71,2074,310321,280601,590922
72,2074,310394,280611,591005
73,2074,310297,280601,590898
74,2074,310297,280601,590898
75,2074,310297,280601,590898
76,2074,310297,280601,590898
77,2074,310297,280601,590898
78,2074,316765,303090,619855
79,2074,316576,303067,619643
80,2074,316701,303735,620436
81,2074,316971,305349,622320
82,2074,316971,305349,622320
83,2074,316971,305349,622320
84,2074,316971,305349,622320
85,2074,316971,305349,622320
86,2074,316971,305349,622320
87,2074,316971,305349,622320
88,2074,316971,305349,622320
89,2074,316971,305349,622320
90,2074,316971,305349,622320
91,2074,316971,305349,622320
92,2074,316971,305349,622320
93,2074,316971,305349,622320
94,2074,316971,305349,622320
95,2074,316971,305349,622320
96,2074,316971,305349,622320
97,2074,316971,305349,622320
98,2074,316971,305349,622320
99,2074,316971,305349,622320
100,2074,316971,305349,622320
0,2074,290394,273022,563416
1,2074,290394,272960,563354
2,2074,290359,272960,563319
3,2074,290259,272886,563145
4,2074,290454,272808,563262
5,2074,291611,274441,566052
6,2074,290844,274238,565082
7,2074,290993,274439,565432
8,2074,292558,275788,568346
9,2074,292683,276220,568903
10,2074,290916,274282,565198
11,2074,292270,275799,568069
12,2074,292527,276121,568648
13,2074,293904,275836,569740
14,2074,293814,275619,569433
15,2074,296491,275550,572041
16,2074,296013,275404,571417
17,2074,300549,276014,576563
18,2074,303703,277256,580959
19,2074,304886,279668,584554
20,2074,307763,280642,588405
21,2074,308577,280432,589009
22,2074,309209,280601,589810
23,2074,309657,280601,590258
24,2074,309658,280601,590259
25,2074,309658,280601,590259
26,2074,309658,280601,590259
27,2074,309658,280601,590259
28,2074,309658,280601,590259
29,2074,309658,280601,590259
30,2074,309658,280601,590259
31,2074,309658,280601,590259
32,2074,309658,280601,590259
33,2074,309658,280601,590259
34,2074,309658,280601,590259
35,2074,309658,280601,590259
36,2074,309658,280601,590259
37,2074,309666,280681,590347
38,2074,309666,280681,590347
39,2074,309666,280681,590347
40,2074,309666,280681,590347
41,2074,310400,280705,591105
42,2074,310400,280705,591105
43,2074,310400,280705,591105
44,2074,310418,280719,591137
45,2074,310418,280719,591137
46,2074,310454,280719,591173
47,2074,310454,280719,591173
48,2074,310454,280719,591173
49,2074,310454,280719,591173
50,2074,310454,280719,591173
51,2074,310454,280719,591173
52,2074,310454,280719,591173
53,2074,310454,280719,591173
54,2074,310454,280719,591173
55,2074,310454,280719,591173
56,2074,310454,280719,591173
57,2074,310454,280719,591173
58,2074,310454,280719,591173
59,2074,310454,280719,591173
60,2074,310454,280719,591173
61,2074,310425,280719,591144
62,2074,310355,280719,591074
63,2074,310557,280719,591276
64,2074,310622,280709,591331
65,2074,310657,280709,591366
66,2074,310551,280719,591270
67,2074,310578,280709,591287
68,2074,310595,280719,591314
69,2074,310527,280719,591246
70,2074,310501,280719,591220
71,2074,310167,280719,590886
72,2074,310365,280719,591084
73,2074,310097,280705,590802
74,2074,310097,280705,590802
75,2074,310097,280705,590802
76,2074,310097,280705,590802
77,2074,310097,280705,590802
78,2074,316031,304649,620680
79,2074,316015,304523,620538
80,2074,316491,304884,621375
81,2074,317021,307179,624200
82,2074,317021,307179,624200
83,2074,317021,307179,624200
84,2074,317021,307179,624200
85,2074,317021,307179,624200
86,2074,317021,307179,624200
87,2074,317021,307179,624200
88,2074,317021,307179,624200
89,2074,317021,307179,624200
90,2074,317021,307179,624200
91,2074,317021,307179,624200
92,2074,317021,307179,624200
93,2074,317021,307179,624200
94,2074,317021,307179,624200
95,2074,317021,307179,624200
96,2074,317021,307179,624200
97,2074,317021,307179,624200
98,2074,317021,307179,624200
99,2074,317021,307179,624200
100,2074,317021,307179,624200
0,2074,291389,273588,564977
1,2074,291361,273588,564949
2,2074,291342,273588,564930
3,2074,290486,273473,563959
4,2074,291427,273538,564965
5,2074,292690,275544,568234
6,2074,291841,274747,566588
7,2074,291918,275199,567117
8,2074,292254,275800,568054
9,2074,291248,275379,566627
10,2074,292120,274848,566968
11,2074,292386,276244,568630
12,2074,292471,275750,568221
13,2074,293842,275635,569477
14,2074,294684,275923,570607
15,2074,295202,274951,570153
16,2074,296309,275544,571853
17,2074,300680,275961,576641
18,2074,306176,277396,583572
19,2074,304844,279082,583926
20,2074,307760,280252,588012
21,2074,308575,280608,589183
22,2074,309265,280695,589960
23,2074,309759,280695,590454
24,2074,309761,280695,590456
25,2074,309761,280695,590456
26,2074,309761,280695,590456
27,2074,309761,280695,590456
28,2074,309761,280695,590456
29,2074,309761,280695,590456
30,2074,309761,280695,590456
31,2074,309761,280695,590456
32,2074,309761,280695,590456
33,2074,309761,280695,590456
34,2074,309761,280695,590456
35,2074,309761,280695,590456
36,2074,309761,280695,590456
37,2074,309760,280695,590455
38,2074,309760,280695,590455
39,2074,309760,280695,590455
40,2074,309760,280695,590455
41,2074,310532,280719,591251
42,2074,310532,280719,591251
43,2074,310532,280719,591251
44,2074,310612,280709,591321
45,2074,310612,280709,591321
46,2074,310612,280709,591321
47,2074,310612,280709,591321
48,2074,310612,280709,591321
49,2074,310612,280709,591321
50,2074,310612,280709,591321
51,2074,310612,280709,591321
52,2074,310612,280709,591321
53,2074,310612,280709,591321
54,2074,310612,280709,591321
55,2074,310612,280709,591321
56,2074,310612,280709,591321
57,2074,310612,280709,591321
58,2074,310612,280709,591321
59,2074,310612,280709,591321
60,2074,310612,280709,591321
61,2074,310583,280709,591292
62,2074,310342,280719,591061
63,2074,310663,280709,591372
64,2074,310791,280709,591500
65,2074,310817,280709,591526
66,2074,310711,280709,591420
67,2074,310719,280709,591428
68,2074,310627,280709,591336
69,2074,310569,280709,591278
70,2074,310553,280709,591262
71,2074,310114,280719,590833
72,2074,310402,280719,591121
73,2074,310099,280695,590794
74,2074,310099,280695,590794
75,2074,310099,280695,590794
76,2074,310099,280695,590794
77,2074,310099,280695,590794
78,2074,316416,306500,622916
79,2074,316414,306851,623265
80,2074,317112,306603,623715
81,2074,320548,305311,625859
82,2074,320548,305311,625859
83,2074,320548,305311,625859
84,2074,320548,305311,625859
85,2074,320548,305311,625859
86,2074,320548,305311,625859
87,2074,320548,305311,625859
88,2074,320548,305311,625859
89,2074,320548,305311,625859
90,2074,320548,305311,625859
91,2074,320548,305311,625859
92,2074,320548,305311,625859
93,2074,320548,305311,625859
94,2074,320548,305311,625859
95,2074,320548,305311,625859
96,2074,320548,305311,625859
97,2074,320548,305311,625859
98,2074,320548,305311,625859
99,2074,320548,305311,625859
100,2074,320548,305311,625859
0,2074,292751,275522,568273
1,2074,292768,275518,568286
2,2074,292769,275518,568287
3,2074,291789,274356,566145
4,2074,293025,274710,567735
5,2074,292813,276399,569212
6,2074,292765,276223,568988
7,2074,292672,276268,568940
8,2074,292330,276276,568606
9,2074,291393,275989,567382
10,2074,292673,276157,568830
11,2074,291584,275622,567206
12,2074,292581,275830,568411
13,2074,294134,275933,570067
14,2074,295041,276344,571385
15,2074,297727,275310,573037
16,2074,296109,275747,571856
17,2074,313874,275931,589805
18,2074,305144,277547,582691
19,2074,305947,279202,585149
20,2074,308539,280233,588772
21,2074,309150,280634,589784
22,2074,309340,280727,590067
23,2074,309735,280695,590430
24,2074,309736,280695,590431
25,2074,309736,280695,590431
26,2074,309736,280695,590431
27,2074,309736,280695,590431
28,2074,309736,280695,590431
29,2074,309736,280695,590431
30,2074,309736,280695,590431
31,2074,309736,280695,590431
32,2074,309736,280695,590431
33,2074,309736,280695,590431
34,2074,309736,280695,590431
35,2074,309736,280695,590431
36,2074,309736,280695,590431
37,2074,309736,280695,590431
38,2074,309736,280695,590431
39,2074,309736,280695,590431
40,2074,309736,280695,590431
41,2074,310615,280709,591324
42,2074,310615,280709,591324
43,2074,310615,280709,591324
44,2074,310580,280709,591289
45,2074,310580,280709,591289
46,2074,310589,280709,591298
47,2074,310589,280709,591298
48,2074,310589,280709,591298
49,2074,310589,280709,591298
50,2074,310589,280709,591298
51,2074,310589,280709,591298
52,2074,310589,280709,591298
53,2074,310589,280709,591298
54,2074,310589,280709,591298
55,2074,310589,280709,591298
56,2074,310589,280709,591298
57,2074,310589,280709,591298
58,2074,310589,280709,591298
59,2074,310589,280709,591298
60,2074,310589,280709,591298
61,2074,310560,280709,591269
62,2074,310362,280719,591081
63,2074,310688,280709,591397
64,2074,310777,280709,591486
65,2074,310815,280709,591524
66,2074,310706,280709,591415
67,2074,310743,280709,591452
68,2074,310757,280709,591466
69,2074,310692,280709,591401
70,2074,310676,280709,591385
71,2074,310183,280695,590878
72,2074,310549,280719,591268
73,2074,310133,280695,590828
74,2074,310133,280695,590828
75,2074,310133,280695,590828
76,2074,310133,280695,590828
77,2074,310133,280695,590828
78,2074,319143,305453,624596
79,2074,319327,305676,625003
80,2074,319274,305068,624342
81,2074,318978,306401,625379
82,2074,318978,306401,625379
83,2074,318978,306401,625379
84,2074,318978,306401,625379
85,2074,318978,306401,625379
86,2074,318978,306401,625379
87,2074,318978,306401,625379
88,2074,318978,306401,625379
89,2074,318978,306401,625379
90,2074,318978,306401,625379
91,2074,318978,306401,625379
92,2074,318978,306401,625379
93,2074,318978,306401,625379
94,2074,318978,306401,625379
95,2074,318978,306401,625379
96,2074,318978,306401,625379
97,2074,318978,306401,625379
98,2074,318978,306401,625379
99,2074,318978,306401,625379
100,2074,318978,306401,625379
0,2074,292327,275510,567837
1,2074,292327,275659,567986
2,2074,292320,275647,567967
3,2074,292875,275527,568402
4,2074,292828,275721,568549
5,2074,291154,274409,565563
6,2074,291431,275516,566947
7,2074,291405,275336,566741
8,2074,290990,275061,566051
9,2074,292128,275695,567823
10,2074,291559,275769,567328
11,2074,291377,275586,566963
12,2074,293155,276000,569155
13,2074,294189,275958,570147
14,2074,295769,275717,571486
15,2074,297153,275649,572802
16,2074,295944,275372,571316
17,2074,307331,276682,584013
18,2074,304499,277441,581940
19,2074,307335,279222,586557
20,2074,309367,280247,589614
21,2074,309425,280514,589939
22,2074,309452,280752,590204
23,2074,309762,280695,590457
24,2074,309764,280695,590459
25,2074,309764,280695,590459
26,2074,309764,280695,590459
27,2074,309764,280695,590459
28,2074,309764,280695,590459
29,2074,309764,280695,590459
30,2074,309764,280695,590459
31,2074,309764,280695,590459
32,2074,309764,280695,590459
33,2074,309764,280695,590459
34,2074,309764,280695,590459
35,2074,309764,280695,590459
36,2074,309764,280695,590459
37,2074,309738,280695,590433
38,2074,309738,280695,590433
39,2074,309738,280695,590433
40,2074,309738,280695,590433
41,2074,310581,280709,591290
42,2074,310581,280709,591290
43,2074,310581,280709,591290
44,2074,310522,280709,591231
45,2074,310522,280709,591231
46,2074,310522,280709,591231
47,2074,310522,280709,591231
48,2074,310522,280709,591231
49,2074,310522,280709,591231
50,2074,310522,280709,591231
51,2074,310522,280709,591231
52,2074,310522,280709,591231
53,2074,310522,280709,591231
54,2074,310522,280709,591231
55,2074,310522,280709,591231
56,2074,310522,280709,591231
57,2074,310522,280709,591231
58,2074,310522,280709,591231
59,2074,310522,280709,591231
60,2074,310522,280709,591231
61,2074,310493,280709,591202
62,2074,310500,280719,591219
63,2074,310622,280709,591331
64,2074,310711,280709,591420
65,2074,310854,280709,591563
66,2074,310736,280709,591445
67,2074,310677,280709,591386
68,2074,310743,280709,591452
69,2074,310668,280709,591377
70,2074,310642,280709,591351
71,2074,310117,280719,590836
72,2074,310404,280709,591113
73,2074,310176,280695,590871
74,2074,310176,280695,590871
75,2074,310176,280695,590871
76,2074,310176,280695,590871
77,2074,310176,280695,590871
78,2074,317218,306629,623847
79,2074,317604,306070,623674
80,2074,317715,306312,624027
81,2074,319435,304795,624230
82,2074,319435,304795,624230
83,2074,319435,304795,624230
84,2074,319435,304795,624230
85,2074,319435,304795,624230
86,2074,319435,304795,624230
87,2074,319435,304795,624230
88,2074,319435,304795,624230
89,2074,319435,304795,624230
90,2074,319435,304795,624230
91,2074,319435,304795,624230
92,2074,319435,304795,624230
93,2074,319435,304795,624230
94,2074,319435,304795,624230
95,2074,319435,304795,624230
96,2074,319435,304795,624230
97,2074,319435,304795,624230
98,2074,319435,304795,624230
99,2074,319435,304795,624230
100,2074,319435,304795,624230
0,2074,292237,275533,567770
1,2074,292258,275489,567747
2,2074,292255,275489,567744
3,2074,292520,275565,568085
4,2074,292646,275922,568568
5,2074,290941,274761,565702
6,2074,291650,275540,567190
7,2074,291571,275602,567173
8,2074,290150,274568,564718
9,2074,292443,275886,568329
10,2074,291915,275595,567510
11,2074,292561,275926,568487
12,2074,293011,276402,569413
13,2074,293947,275772,569719
14,2074,294479,275523,570002
15,2074,297722,275788,573510
16,2074,296132,275359,571491
17,2074,303346,276680,580026
18,2074,304374,277451,581825
19,2074,307952,279352,587304
20,2074,309700,280525,590225
21,2074,308980,280464,589444
22,2074,309470,280601,590071
23,2074,309775,280616,590391
24,2074,309777,280616,590393
25,2074,309777,280616,590393
26,2074,309777,280616,590393
27,2074,309777,280616,590393
28,2074,309777,280616,590393
29,2074,309777,280616,590393
30,2074,309777,280616,590393
31,2074,309777,280616,590393
32,2074,309777,280616,590393
33,2074,309777,280616,590393
34,2074,309777,280616,590393
35,2074,309777,280616,590393
36,2074,309777,280616,590393
37,2074,309777,280616,590393
38,2074,309777,280616,590393
39,2074,309777,280616,590393
40,2074,309777,280616,590393
41,2074,310522,280709,591231
42,2074,310522,280709,591231
43,2074,310522,280709,591231
44,2074,310523,280709,591232
45,2074,310523,280709,591232
46,2074,310523,280709,591232
47,2074,310523,280709,591232
48,2074,310523,280709,591232
49,2074,310523,280709,591232
50,2074,310523,280709,591232
51,2074,310523,280709,591232
52,2074,310523,280709,591232
53,2074,310523,280709,591232
54,2074,310523,280709,591232
55,2074,310523,280709,591232
56,2074,310523,280709,591232
57,2074,310523,280709,591232
58,2074,310523,280709,591232
59,2074,310523,280709,591232
60,2074,310523,280709,591232
61,2074,310494,280709,591203
62,2074,310481,280709,591190
63,2074,310622,280709,591331
64,2074,310711,280709,591420
65,2074,310728,280709,591437
66,2074,310677,280709,591386
67,2074,310677,280709,591386
68,2074,310677,280709,591386
69,2074,310602,280709,591311
70,2074,310576,280709,591285
71,2074,310117,280695,590812
72,2074,310481,280719,591200
73,2074,310143,280719,590862
74,2074,310143,280719,590862
75,2074,310143,280719,590862
76,2074,310143,280719,590862
77,2074,310143,280719,590862
78,2074,319280,304872,624152
79,2074,317218,306403,623621
80,2074,318885,305538,624423
81,2074,315816,304901,620717
82,2074,315816,304901,620717
83,2074,315816,304901,620717
84,2074,315816,304901,620717
85,2074,315816,304901,620717
86,2074,315816,304901,620717
87,2074,315816,304901,620717
88,2074,315816,304901,620717
89,2074,315816,304901,620717
90,2074,315816,304901,620717
91,2074,315816,304901,620717
92,2074,315816,304901,620717
93,2074,315816,304901,620717
94,2074,315816,304901,620717
95,2074,315816,304901,620717
96,2074,315816,304901,620717
97,2074,315816,304901,620717
98,2074,315816,304901,620717
99,2074,315816,304901,620717
100,2074,315816,304901,620717
0,2074,292050,274642,566692
1,2074,291992,274566,566558
2,2074,292049,274566,566615
3,2074,292288,275393,567681
4,2074,292350,275433,567783
5,2074,291665,275418,567083
6,2074,292616,275683,568299
7,2074,292591,275714,568305
8,2074,289388,272724,562112
9,2074,292120,275796,567916
10,2074,292494,275697,568191
11,2074,292571,276455,569026
12,2074,292461,275605,568066
13,2074,293891,275625,569516
14,2074,294576,275565,570141
15,2074,296947,275357,572304
16,2074,296197,275623,571820
17,2074,302139,276579,578718
18,2074,304368,277408,581776
19,2074,309074,279536,588610
20,2074,308796,280425,589221
21,2074,308818,280514,589332
22,2074,309431,280601,590032
23,2074,309749,280616,590365
24,2074,309751,280616,590367
25,2074,309751,280616,590367
26,2074,309751,280616,590367
27,2074,309751,280616,590367
28,2074,309751,280616,590367
29,2074,309751,280616,590367
30,2074,309751,280616,590367
31,2074,309751,280616,590367
32,2074,309751,280616,590367
33,2074,309751,280616,590367
34,2074,309751,280616,590367
35,2074,309751,280616,590367
36,2074,309751,280616,590367
37,2074,309751,280616,590367
38,2074,309751,280616,590367
39,2074,309751,280616,590367
40,2074,309751,280616,590367
41,2074,310523,280709,591232
42,2074,310523,280709,591232
43,2074,310523,280709,591232
44,2074,310523,280709,591232
45,2074,310523,280709,591232
46,2074,310523,280709,591232
47,2074,310523,280709,591232
48,2074,310523,280709,591232
49,2074,310523,280709,591232
50,2074,310523,280709,591232
51,2074,310523,280709,591232
52,2074,310523,280709,591232
53,2074,310523,280709,591232
54,2074,310523,280709,591232
55,2074,310523,280709,591232
56,2074,310523,280709,591232
57,2074,310523,280709,591232
58,2074,310523,280709,591232
59,2074,310523,280709,591232
60,2074,310523,280709,591232
61,2074,310502,280709,591211
62,2074,310533,280709,591242
63,2074,310629,280709,591338
64,2074,310711,280709,591420
65,2074,310748,280709,591457
66,2074,310677,280709,591386
67,2074,310677,280709,591386
68,2074,310677,280709,591386
69,2074,310602,280709,591311
70,2074,310576,280709,591285
71,2074,310117,280695,590812
72,2074,310465,280709,591174
73,2074,310117,280719,590836
74,2074,310117,280719,590836
75,2074,310117,280719,590836
76,2074,310117,280719,590836
77,2074,310117,280719,590836
78,2074,317018,305496,622514
79,2074,319763,304916,624679
80,2074,316558,305659,622217
81,2074,315093,304229,619322
82,2074,315093,304229,619322
83,2074,315093,304229,619322
84,2074,315093,304229,619322
85,2074,315093,304229,619322
86,2074,315093,304229,619322
87,2074,315093,304229,619322
88,2074,315093,304229,619322
89,2074,315093,304229,619322
90,2074,315093,304229,619322
91,2074,315093,304229,619322
92,2074,315093,304229,619322
93,2074,315093,304229,619322
94,2074,315093,304229,619322
95,2074,315093,304229,619322
96,2074,315093,304229,619322
97,2074,315093,304229,619322
98,2074,315093,304229,619322
99,2074,315093,304229,619322
100,2074,315093,304229,619322
0,2074,292467,275809,568276
1,2074,292460,275777,568237
2,2074,292457,275777,568234
3,2074,292245,275154,567399
4,2074,292274,275644,567918
5,2074,292620,276606,569226
6,2074,292731,276392,569123
7,2074,292547,276434,568981
8,2074,290424,273014,563438
9,2074,292125,275680,567805
10,2074,292649,276206,568855
11,2074,291627,275325,566952
12,2074,292214,276093,568307
13,2074,294275,275933,570208
14,2074,294898,275677,570575
15,2074,296696,275498,572194
16,2074,296083,275608,571691
17,2074,302392,276114,578506
18,2074,304800,277408,582208
19,2074,308341,280112,588453
20,2074,308246,280444,588690
21,2074,308721,280514,589235
22,2074,309400,280616,590016
23,2074,309775,280616,590391
24,2074,309777,280616,590393
25,2074,309777,280616,590393
26,2074,309777,280616,590393
27,2074,309777,280616,590393
28,2074,309777,280616,590393
29,2074,309777,280616,590393
30,2074,309777,280616,590393
31,2074,309777,280616,590393
32,2074,309777,280616,590393
33,2074,309777,280616,590393
34,2074,309777,280616,590393
35,2074,309777,280616,590393
36,2074,309777,280616,590393
37,2074,309751,280616,590367
38,2074,309751,280616,590367
39,2074,309751,280616,590367
40,2074,309751,280616,590367
41,2074,310523,280709,591232
42,2074,310523,280709,591232
43,2074,310523,280709,591232
44,2074,310523,280709,591232
45,2074,310523,280709,591232
46,2074,310523,280709,591232
47,2074,310523,280709,591232
48,2074,310523,280709,591232
49,2074,310523,280709,591232
50,2074,310523,280709,591232
51,2074,310523,280709,591232
52,2074,310523,280709,591232
53,2074,310523,280709,591232
54,2074,310523,280709,591232
55,2074,310523,280709,591232
56,2074,310523,280709,591232
57,2074,310523,280709,591232
58,2074,310523,280709,591232
59,2074,310523,280709,591232
60,2074,310523,280709,591232
61,2074,310502,280709,591211
62,2074,310490,280709,591199
63,2074,310629,280709,591338
64,2074,310711,280709,591420
65,2074,310728,280709,591437
66,2074,310677,280709,591386
67,2074,310677,280709,591386
68,2074,310677,280709,591386
69,2074,310609,280709,591318
70,2074,310583,280709,591292
71,2074,310117,280695,590812
72,2074,310465,280709,591174
73,2074,310117,280695,590812
74,2074,310117,280695,590812
75,2074,310117,280695,590812
76,2074,310117,280695,590812
77,2074,310117,280695,590812
78,2074,315589,306728,622317
79,2074,317850,304290,622140
80,2074,315286,304700,619986
81,2074,313486,303270,616756
82,2074,313486,303270,616756
83,2074,313486,303270,616756
84,2074,313486,303270,616756
85,2074,313486,303270,616756
86,2074,313486,303270,616756
87,2074,313486,303270,616756
88,2074,313486,303270,616756
89,2074,313486,303270,616756
90,2074,313486,303270,616756
91,2074,313486,303270,616756
92,2074,313486,303270,616756
93,2074,313486,303270,616756
94,2074,313486,303270,616756
95,2074,313486,303270,616756
96,2074,313486,303270,616756
97,2074,313486,303270,616756
98,2074,313486,303270,616756
99,2074,313486,303270,616756
100,2074,313486,303270,616756
0,2074,292071,275839,567910
1,2074,292089,275900,567989
2,2074,292086,275900,567986
3,2074,292381,275949,568330
4,2074,292447,276194,568641
5,2074,291076,274117,565193
6,2074,291032,274854,565886
7,2074,290997,274886,565883
8,2074,291455,273560,565015
9,2074,292220,275875,568095
10,2074,291207,275214,566421
11,2074,291288,275553,566841
12,2074,293021,276358,569379
13,2074,294152,276089,570241
14,2074,295132,275773,570905
15,2074,295672,275405,571077
16,2074,296009,275276,571285
17,2074,303498,276207,579705
18,2074,304580,277399,581979
19,2074,307593,280366,587959
20,2074,308648,280447,589095
21,2074,309185,280529,589714
22,2074,309411,280647,590058
23,2074,309775,280616,590391
24,2074,309777,280624,590401
25,2074,309777,280624,590401
26,2074,309777,280624,590401
27,2074,309777,280624,590401
28,2074,309777,280624,590401
29,2074,309777,280624,590401
30,2074,309777,280624,590401
31,2074,309777,280624,590401
32,2074,309777,280624,590401
33,2074,309777,280624,590401
34,2074,309777,280624,590401
35,2074,309777,280624,590401
36,2074,309777,280624,590401
37,2074,309777,280616,590393
38,2074,309777,280616,590393
39,2074,309777,280616,590393
40,2074,309777,280616,590393
41,2074,310523,280709,591232
42,2074,310523,280709,591232
43,2074,310523,280709,591232
44,2074,310523,280709,591232
45,2074,310523,280709,591232
46,2074,310523,280709,591232
47,2074,310523,280709,591232
48,2074,310523,280709,591232
49,2074,310523,280709,591232
50,2074,310523,280709,591232
51,2074,310523,280709,591232
52,2074,310523,280709,591232
53,2074,310523,280709,591232
54,2074,310523,280709,591232
55,2074,310523,280709,591232
56,2074,310523,280709,591232
57,2074,310523,280709,591232
58,2074,310523,280709,591232
59,2074,310523,280709,591232
60,2074,310523,280709,591232
61,2074,310502,280709,591211
62,2074,310482,280709,591191
63,2074,310622,280709,591331
64,2074,310711,280709,591420
65,2074,310776,280709,591485
66,2074,310677,280709,591386
67,2074,310677,280709,591386
68,2074,310677,280709,591386
69,2074,310609,280709,591318
70,2074,310583,280709,591292
71,2074,310117,280695,590812
72,2074,310465,280709,591174
73,2074,310117,280695,590812
74,2074,310117,280695,590812
75,2074,310117,280695,590812
76,2074,310117,280695,590812
77,2074,310117,280695,590812
78,2074,319253,303696,622949
79,2074,314882,303302,618184
80,2074,314483,304209,618692
81,2074,313400,302807,616207
82,2074,313400,302807,616207
83,2074,313400,302807,616207
84,2074,313400,302807,616207
85,2074,313400,302807,616207
86,2074,313400,302807,616207
87,2074,313400,302807,616207
88,2074,313400,302807,616207
89,2074,313400,302807,616207
90,2074,313400,302807,616207
91,2074,313400,302807,616207
92,2074,313400,302807,616207
93,2074,313400,302807,616207
94,2074,313400,302807,616207
95,2074,313400,302807,616207
96,2074,313400,302807,616207
97,2074,313400,302807,616207
98,2074,313400,302807,616207
99,2074,313400,302807,616207
100,2074,313400,302807,616207
0,2074,291929,276118,568047
1,2074,292050,276184,568234
2,2074,292024,276184,568208
3,2074,292099,275673,567772
4,2074,291120,275219,566339
5,2074,290898,274381,565279
6,2074,290201,274869,565070
7,2074,289966,274416,564382
8,2074,293136,274868,568004
9,2074,292151,275983,568134
10,2074,291191,275417,566608
11,2074,292570,276264,568834
12,2074,292503,275712,568215
13,2074,293667,275662,569329
14,2074,296166,275731,571897
15,2074,295497,275115,570612
16,2074,296079,275458,571537
17,2074,303229,276582,579811
18,2074,304477,277399,581876
19,2074,306568,280199,586767
20,2074,308456,280490,588946
21,2074,309412,280464,589876
22,2074,309419,280647,590066
23,2074,309775,280624,590399
24,2074,309777,280624,590401
25,2074,309777,280624,590401
26,2074,309777,280624,590401
27,2074,309777,280624,590401
28,2074,309777,280624,590401
29,2074,309777,280624,590401
30,2074,309777,280624,590401
31,2074,309777,280624,590401
32,2074,309777,280624,590401
33,2074,309777,280624,590401
34,2074,309777,280624,590401
35,2074,309777,280624,590401
36,2074,309777,280624,590401
37,2074,309777,280624,590401
38,2074,309777,280624,590401
39,2074,309777,280624,590401
40,2074,309777,280624,590401
41,2074,310523,280709,591232
42,2074,310523,280709,591232
43,2074,310523,280709,591232
44,2074,310523,280709,591232
45,2074,310523,280709,591232
46,2074,310523,280709,591232
47,2074,310523,280709,591232
48,2074,310523,280709,591232
49,2074,310523,280709,591232
50,2074,310523,280709,591232
51,2074,310523,280709,591232
52,2074,310523,280709,591232
53,2074,310523,280709,591232
54,2074,310523,280709,591232
55,2074,310523,280709,591232
56,2074,310523,280709,591232
57,2074,310523,280709,591232
58,2074,310523,280709,591232
59,2074,310523,280709,591232
60,2074,310523,280709,591232
61,2074,310502,280709,591211
62,2074,310542,280709,591251
63,2074,310622,280709,591331
64,2074,310711,280709,591420
65,2074,310776,280709,591485
66,2074,310677,280709,591386
67,2074,310677,280709,591386
68,2074,310677,280709,591386
69,2074,310609,280709,591318
70,2074,310583,280709,591292
71,2074,310117,280695,590812
72,2074,310465,280709,591174
73,2074,310117,280695,590812
74,2074,310117,280695,590812
75,2074,310117,280695,590812
76,2074,310117,280695,590812
77,2074,310117,280695,590812
78,2074,315391,302409,617800
79,2074,313281,301886,615167
80,2074,313582,303403,616985
81,2074,313300,302781,616081
82,2074,313300,302781,616081
83,2074,313300,302781,616081
84,2074,313300,302781,616081
85,2074,313300,302781,616081
86,2074,313300,302781,616081
87,2074,313300,302781,616081
88,2074,313300,302781,616081
89,2074,313300,302781,616081
90,2074,313300,302781,616081
91,2074,313300,302781,616081
92,2074,313300,302781,616081
93,2074,313300,302781,616081
94,2074,313300,302781,616081
95,2074,313300,302781,616081
96,2074,313300,302781,616081
97,2074,313300,302781,616081
98,2074,313300,302781,616081
99,2074,313300,302781,616081
100,2074,313300,302781,616081
0,2074,290678,274865,565543
1,2074,290646,274600,565246
2,2074,290646,274600,565246
3,2074,292028,275935,567963
4,2074,290806,274931,565737
5,2074,291693,275335,567028
6,2074,289512,272972,562484
7,2074,289426,272773,562199
8,2074,292970,275895,568865
9,2074,292042,275514,567556
10,2074,292198,275741,567939
11,2074,291715,275941,567656
12,2074,292280,275815,568095
13,2074,293958,275737,569695
14,2074,295390,275951,571341
15,2074,295576,275625,571201
16,2074,296316,275830,572146
17,2074,302965,276281,579246
18,2074,304630,277408,582038
19,2074,305272,279385,584657
20,2074,308843,280475,589318
21,2074,308966,280464,589430
22,2074,309419,280616,590035
23,2074,309775,280616,590391
24,2074,309777,280616,590393
25,2074,309777,280616,590393
26,2074,309777,280616,590393
27,2074,309777,280616,590393
28,2074,309777,280616,590393
29,2074,309777,280616,590393
30,2074,309777,280616,590393
31,2074,309777,280616,590393
32,2074,309777,280616,590393
33,2074,309777,280616,590393
34,2074,309777,280616,590393
35,2074,309777,280616,590393
36,2074,309777,280616,590393
37,2074,309777,280616,590393
38,2074,309777,280616,590393
39,2074,309777,280616,590393
40,2074,309777,280616,590393
41,2074,310523,280709,591232
42,2074,310523,280709,591232
43,2074,310523,280709,591232
44,2074,310523,280709,591232
45,2074,310523,280709,591232
46,2074,310523,280709,591232
47,2074,310523,280709,591232
48,2074,310523,280709,591232
49,2074,310523,280709,591232
50,2074,310523,280709,591232
51,2074,310523,280709,591232
52,2074,310523,280709,591232
53,2074,310523,280709,591232
54,2074,310523,280709,591232
55,2074,310523,280709,591232
56,2074,310523,280709,591232
57,2074,310523,280709,591232
58,2074,310523,280709,591232
59,2074,310523,280709,591232
60,2074,310523,280709,591232
61,2074,310502,280709,591211
62,2074,310490,280709,591199
63,2074,310629,280709,591338
64,2074,310711,280709,591420
65,2074,310776,280709,591485
66,2074,310677,280709,591386
67,2074,310677,280709,591386
68,2074,310677,280709,591386
69,2074,310609,280709,591318
70,2074,310583,280709,591292
71,2074,310117,280695,590812
72,2074,310465,280709,591174
73,2074,310117,280695,590812
74,2074,310117,280695,590812
75,2074,310117,280695,590812
76,2074,310117,280695,590812
77,2074,310117,280695,590812
78,2074,314163,302133,616296
79,2074,313574,301568,615142
80,2074,313325,302887,616212
81,2074,314143,304623,618766
82,2074,314143,304623,618766
83,2074,314143,304623,618766
84,2074,314143,304623,618766
85,2074,314143,304623,618766
86,2074,314143,304623,618766
87,2074,314143,304623,618766
88,2074,314143,304623,618766
89,2074,314143,304623,618766
90,2074,314143,304623,618766
91,2074,314143,304623,618766
92,2074,314143,304623,618766
93,2074,314143,304623,618766
94,2074,314143,304623,618766
95,2074,314143,304623,618766
96,2074,314143,304623,618766
97,2074,314143,304623,618766
98,2074,314143,304623,618766
99,2074,314143,304623,618766
100,2074,314143,304623,618766
0,2074,289630,273527,563157
1,2074,289084,272978,562062
2,2074,289096,272978,562074
3,2074,291944,275546,567490
4,2074,290744,274239,564983
5,2074,292628,276596,569224
6,2074,290215,273130,563345
7,2074,290379,273170,563549
8,2074,292789,275868,568657
9,2074,292007,275599,567606
10,2074,292516,276305,568821
11,2074,291831,275642,567473
12,2074,293193,276213,569406
13,2074,294133,275848,569981
14,2074,294756,275557,570313
15,2074,295875,275849,571724
16,2074,296104,275804,571908
17,2074,302976,276373,579349
18,2074,304434,277399,581833
19,2074,305026,279291,584317
20,2074,308802,280475,589277
21,2074,308820,280514,589334
22,2074,309407,280616,590023
23,2074,309775,280624,590399
24,2074,309777,280624,590401
25,2074,309777,280624,590401
26,2074,309777,280624,590401
27,2074,309777,280624,590401
28,2074,309777,280624,590401
29,2074,309777,280624,590401
30,2074,309777,280624,590401
31,2074,309777,280624,590401
32,2074,309777,280624,590401
33,2074,309777,280624,590401
34,2074,309777,280624,590401
35,2074,309777,280624,590401
36,2074,309777,280624,590401
37,2074,309777,280616,590393
38,2074,309777,280616,590393
39,2074,309777,280616,590393
40,2074,309777,280616,590393
41,2074,310523,280709,591232
42,2074,310523,280709,591232
43,2074,310523,280709,591232
44,2074,310523,280709,591232
45,2074,310523,280709,591232
46,2074,310523,280709,591232
47,2074,310523,280709,591232
48,2074,310523,280709,591232
49,2074,310523,280709,591232
50,2074,310523,280709,591232
51,2074,310523,280709,591232
52,2074,310523,280709,591232
53,2074,310523,280709,591232
54,2074,310523,280709,591232
55,2074,310523,280709,591232
56,2074,310523,280709,591232
57,2074,310523,280709,591232
58,2074,310523,280709,591232
59,2074,310523,280709,591232
60,2074,310523,280709,591232
61,2074,310502,280709,591211
62,2074,310482,280709,591191
63,2074,310629,280709,591338
64,2074,310711,280709,591420
65,2074,310776,280709,591485
66,2074,310677,280709,591386
67,2074,310677,280709,591386
68,2074,310677,280709,591386
69,2074,310609,280709,591318
70,2074,310583,280709,591292
71,2074,310117,280695,590812
72,2074,310465,280709,591174
73,2074,310117,280695,590812
74,2074,310117,280695,590812
75,2074,310117,280695,590812
76,2074,310117,280695,590812
77,2074,310117,280695,590812
78,2074,312824,302255,615079
79,2074,312361,301855,614216
80,2074,313545,304204,617749
81,2074,315175,307024,622199
82,2074,315175,307024,622199
83,2074,315175,307024,622199
84,2074,315175,307024,622199
85,2074,315175,307024,622199
86,2074,315175,307024,622199
87,2074,315175,307024,622199
88,2074,315175,307024,622199
89,2074,315175,307024,622199
90,2074,315175,307024,622199
91,2074,315175,307024,622199
92,2074,315175,307024,622199
93,2074,315175,307024,622199
94,2074,315175,307024,622199
95,2074,315175,307024,622199
96,2074,315175,307024,622199
97,2074,315175,307024,622199
98,2074,315175,307024,622199
99,2074,315175,307024,622199
100,2074,315175,307024,622199
0,2074,289931,272729,562660
1,2074,289934,272911,562845
2,2074,289982,272952,562934
3,2074,292195,275576,567771
4,2074,291187,274432,565619
5,2074,291032,274005,565037
6,2074,290574,273727,564301
7,2074,291554,273847,565401
8,2074,292191,275275,567466
9,2074,292300,275900,568200
10,2074,291218,275119,566337
11,2074,292350,275661,568011
12,2074,292533,276111,568644
13,2074,294243,276045,570288
14,2074,294509,275322,569831
15,2074,295696,275954,571650
16,2074,295745,275365,571110
17,2074,302787,276624,579411
18,2074,304700,277408,582108
19,2074,305830,279172,585002
20,2074,308798,280475,589273
21,2074,308721,280514,589235
22,2074,309400,280616,590016
23,2074,309775,280624,590399
24,2074,309777,280624,590401
25,2074,309777,280624,590401
26,2074,309777,280624,590401
27,2074,309777,280624,590401
28,2074,309777,280624,590401
29,2074,309777,280624,590401
30,2074,309777,280624,590401
31,2074,309777,280624,590401
32,2074,309777,280624,590401
33,2074,309777,280624,590401
34,2074,309777,280624,590401
35,2074,309777,280624,590401
36,2074,309777,280624,590401
37,2074,309777,280624,590401
38,2074,309777,280624,590401
39,2074,309777,280624,590401
40,2074,309777,280624,590401
41,2074,310523,280709,591232
42,2074,310523,280709,591232
43,2074,310523,280709,591232
44,2074,310523,280709,591232
45,2074,310523,280709,591232
46,2074,310523,280709,591232
47,2074,310523,280709,591232
48,2074,310523,280709,591232
49,2074,310523,280709,591232
50,2074,310523,280709,591232
51,2074,310523,280709,591232
52,2074,310523,280709,591232
53,2074,310523,280709,591232
54,2074,310523,280709,591232
55,2074,310523,280709,591232
56,2074,310523,280709,591232
57,2074,310523,280709,591232
58,2074,310523,280709,591232
59,2074,310523,280709,591232
60,2074,310523,280709,591232
61,2074,310502,280709,591211
62,2074,310542,280709,591251
63,2074,310622,280709,591331
64,2074,310711,280709,591420
65,2074,310776,280709,591485
66,2074,310677,280709,591386
67,2074,310677,280709,591386
68,2074,310677,280709,591386
69,2074,310609,280709,591318
70,2074,310583,280709,591292
71,2074,310117,280695,590812
72,2074,310465,280709,591174
73,2074,310117,280695,590812
74,2074,310117,280695,590812
75,2074,310117,280695,590812
76,2074,310117,280695,590812
77,2074,310117,280695,590812
78,2074,314312,303031,617343
79,2074,314087,303226,617313
80,2074,313783,305497,619280
81,2074,319234,305827,625061
82,2074,319234,305827,625061
83,2074,319234,305827,625061
84,2074,319234,305827,625061
85,2074,319234,305827,625061
86,2074,319234,305827,625061
87,2074,319234,305827,625061
88,2074,319234,305827,625061
89,2074,319234,305827,625061
90,2074,319234,305827,625061
91,2074,319234,305827,625061
92,2074,319234,305827,625061
93,2074,319234,305827,625061
94,2074,319234,305827,625061
95,2074,319234,305827,625061
96,2074,319234,305827,625061
97,2074,319234,305827,625061
98,2074,319234,305827,625061
99,2074,319234,305827,625061
100,2074,319234,305827,625061
0,2074,290389,273324,563713
1,2074,290357,273423,563780
2,2074,290327,273499,563826
3,2074,292216,275829,568045
4,2074,292652,275969,568621
5,2074,290429,274160,564589
6,2074,291995,274742,566737
7,2074,293131,275594,568725
8,2074,292310,275603,567913
9,2074,292239,275895,568134
10,2074,291305,275231,566536
11,2074,292658,276470,569128
12,2074,291894,275712,567606
13,2074,293818,275668,569486
14,2074,294959,275664,570623
15,2074,295329,275541,570870
16,2074,296065,275365,571430
17,2074,302452,276309,578761
18,2074,304434,277399,581833
19,2074,307640,279219,586859
20,2074,308797,280475,589272
21,2074,309191,280529,589720
22,2074,309411,280647,590058
23,2074,309775,280624,590399
24,2074,309777,280624,590401
25,2074,309777,280624,590401
26,2074,309777,280624,590401
27,2074,309777,280624,590401
28,2074,309777,280624,590401
29,2074,309777,280624,590401
30,2074,309777,280624,590401
31,2074,309777,280624,590401
32,2074,309777,280624,590401
33,2074,309777,280624,590401
34,2074,309777,280624,590401
35,2074,309777,280624,590401
36,2074,309777,280624,590401
37,2074,309777,280624,590401
38,2074,309777,280624,590401
39,2074,309777,280624,590401
40,2074,309777,280624,590401
41,2074,310523,280709,591232
42,2074,310523,280709,591232
43,2074,310523,280709,591232
44,2074,310523,280709,591232
45,2074,310523,280709,591232
46,2074,310523,280709,591232
47,2074,310523,280709,591232
48,2074,310523,280709,591232
49,2074,310523,280709,591232
50,2074,310523,280709,591232
51,2074,310523,280709,591232
52,2074,310523,280709,591232
53,2074,310523,280709,591232
54,2074,310523,280709,591232
55,2074,310523,280709,591232
56,2074,310523,280709,591232
57,2074,310523,280709,591232
58,2074,310523,280709,591232
59,2074,310523,280709,591232
60,2074,310523,280709,591232
61,2074,310502,280709,591211
62,2074,310490,280709,591199
63,2074,310622,280709,591331
64,2074,310711,280709,591420
65,2074,310776,280709,591485
66,2074,310677,280709,591386
67,2074,310677,280709,591386
68,2074,310677,280709,591386
69,2074,310609,280709,591318
70,2074,310583,280709,591292
71,2074,310117,280695,590812
72,2074,310465,280709,591174
73,2074,310117,280695,590812
74,2074,310117,280695,590812
75,2074,310117,280695,590812
76,2074,310117,280695,590812
77,2074,310117,280695,590812
78,2074,314565,303350,617915
79,2074,315463,303836,619299
80,2074,315597,307591,623188
81,2074,318475,306338,624813
82,2074,318475,306338,624813
83,2074,318475,306338,624813
84,2074,318475,306338,624813
85,2074,318475,306338,624813
86,2074,318475,306338,624813
87,2074,318475,306338,624813
88,2074,318475,306338,624813
89,2074,318475,306338,624813
90,2074,318475,306338,624813
91,2074,318475,306338,624813
92,2074,318475,306338,624813
93,2074,318475,306338,624813
94,2074,318475,306338,624813
95,2074,318475,306338,624813
96,2074,318475,306338,624813
97,2074,318475,306338,624813
98,2074,318475,306338,624813
99,2074,318475,306338,624813
100,2074,318475,306338,624813
0,2074,291577,274118,565695
1,2074,291704,274059,565763
2,2074,291728,274070,565798
3,2074,292172,275866,568038
4,2074,292520,275795,568315
5,2074,290894,274103,564997
6,2074,293029,275653,568682
7,2074,293002,275585,568587
8,2074,292514,276161,568675
9,2074,292060,275434,567494
10,2074,292373,275869,568242
11,2074,291521,275321,566842
12,2074,292700,275905,568605
13,2074,293942,275538,569480
14,2074,295205,275997,571202
15,2074,296250,275426,571676
16,2074,296330,275907,572237
17,2074,302651,276235,578886
18,2074,304622,277408,582030
19,2074,308470,279310,587780
20,2074,308804,280475,589279
21,2074,309404,280464,589868
22,2074,309411,280647,590058
23,2074,309775,280624,590399
24,2074,309777,280624,590401
25,2074,309777,280624,590401
26,2074,309777,280624,590401
27,2074,309777,280624,590401
28,2074,309777,280624,590401
29,2074,309777,280624,590401
30,2074,309777,280624,590401
31,2074,309777,280624,590401
32,2074,309777,280624,590401
33,2074,309777,280624,590401
34,2074,309777,280624,590401
35,2074,309777,280624,590401
36,2074,309777,280624,590401
37,2074,309777,280624,590401
38,2074,309777,280624,590401
39,2074,309777,280624,590401
40,2074,309777,280624,590401
41,2074,310523,280709,591232
42,2074,310523,280709,591232
43,2074,310523,280709,591232
44,2074,310523,280709,591232
45,2074,310523,280709,591232
46,2074,310523,280709,591232
47,2074,310523,280709,591232
48,2074,310523,280709,591232
49,2074,310523,280709,591232
50,2074,310523,280709,591232
51,2074,310523,280709,591232
52,2074,310523,280709,591232
53,2074,310523,280709,591232
54,2074,310523,280709,591232
55,2074,310523,280709,591232
56,2074,310523,280709,591232
57,2074,310523,280709,591232
58,2074,310523,280709,591232
59,2074,310523,280709,591232
60,2074,310523,280709,591232
61,2074,310502,280709,591211
62,2074,310482,280709,591191
63,2074,310629,280709,591338
64,2074,310711,280709,591420
65,2074,310776,280709,591485
66,2074,310677,280709,591386
67,2074,310677,280709,591386
68,2074,310677,280709,591386
69,2074,310609,280709,591318
70,2074,310583,280709,591292
71,2074,310117,280695,590812
72,2074,310465,280709,591174
73,2074,310117,280695,590812
74,2074,310117,280695,590812
75,2074,310117,280695,590812
76,2074,310117,280695,590812
77,2074,310117,280695,590812
78,2074,314748,304905,619653
79,2074,315681,305040,620721
80,2074,320100,305595,625695
81,2074,319150,304796,623946
82,2074,319150,304796,623946
83,2074,319150,304796,623946
84,2074,319150,304796,623946
85,2074,319150,304796,623946
86,2074,319150,304796,623946
87,2074,319150,304796,623946
88,2074,319150,304796,623946
89,2074,319150,304796,623946
90,2074,319150,304796,623946
91,2074,319150,304796,623946
92,2074,319150,304796,623946
93,2074,319150,304796,623946
94,2074,319150,304796,623946
95,2074,319150,304796,623946
96,2074,319150,304796,623946
97,2074,319150,304796,623946
98,2074,319150,304796,623946
99,2074,319150,304796,623946
100,2074,319150,304796,623946
0,2074,292691,275252,567943
1,2074,292737,275408,568145
2,2074,292737,275396,568133
3,2074,291909,275660,567569
4,2074,292434,275675,568109
5,2074,292224,276129,568353
6,2074,292989,275830,568819
7,2074,292884,275778,568662
8,2074,291224,275620,566844
9,2074,291990,275557,567547
10,2074,292433,276415,568848
11,2074,291391,275660,567051
12,2074,293221,276798,570019
13,2074,294261,275802,570063
14,2074,297791,275834,573625
15,2074,295951,275686,571637
16,2074,296030,275683,571713
17,2074,302367,276387,578754
18,2074,304434,277399,581833
19,2074,309346,279536,588882
20,2074,308804,280475,589279
21,2074,308966,280464,589430
22,2074,309411,280616,590027
23,2074,309775,280624,590399
24,2074,309777,280624,590401
25,2074,309777,280624,590401
26,2074,309777,280624,590401
27,2074,309777,280624,590401
28,2074,309777,280624,590401
29,2074,309777,280624,590401
30,2074,309777,280624,590401
31,2074,309777,280624,590401
32,2074,309777,280624,590401
33,2074,309777,280624,590401
34,2074,309777,280624,590401
35,2074,309777,280624,590401
36,2074,309777,280624,590401
37,2074,309777,280624,590401
38,2074,309777,280624,590401
39,2074,309777,280624,590401
40,2074,309777,280624,590401
41,2074,310523,280709,591232
42,2074,310523,280709,591232
43,2074,310523,280709,591232
44,2074,310523,280709,591232
45,2074,310523,280709,591232
46,2074,310523,280709,591232
47,2074,310523,280709,591232
48,2074,310523,280709,591232
49,2074,310523,280709,591232
50,2074,310523,280709,591232
51,2074,310523,280709,591232
52,2074,310523,280709,591232
53,2074,310523,280709,591232
54,2074,310523,280709,591232
55,2074,310523,280709,591232
56,2074,310523,280709,591232
57,2074,310523,280709,591232
58,2074,310523,280709,591232
59,2074,310523,280709,591232
60,2074,310523,280709,591232
61,2074,310502,280709,591211
62,2074,310542,280709,591251
63,2074,310629,280709,591338
64,2074,310711,280709,591420
65,2074,310776,280709,591485
66,2074,310677,280709,591386
67,2074,310677,280709,591386
68,2074,310677,280709,591386
69,2074,310609,280709,591318
70,2074,310583,280709,591292
71,2074,310117,280695,590812
72,2074,310465,280709,591174
73,2074,310117,280695,590812
74,2074,310117,280695,590812
75,2074,310117,280695,590812
76,2074,310117,280695,590812
77,2074,310117,280695,590812
78,2074,315901,306651,622552
79,2074,316557,307162,623719
80,2074,319112,306085,625197
81,2074,317302,305907,623209
82,2074,317302,305907,623209
83,2074,317302,305907,623209
84,2074,317302,305907,623209
85,2074,317302,305907,623209
86,2074,317302,305907,623209
87,2074,317302,305907,623209
88,2074,317302,305907,623209
89,2074,317302,305907,623209
90,2074,317302,305907,623209
91,2074,317302,305907,623209
92,2074,317302,305907,623209
93,2074,317302,305907,623209
94,2074,317302,305907,623209
95,2074,317302,305907,623209
96,2074,317302,305907,623209
97,2074,317302,305907,623209
98,2074,317302,305907,623209
99,2074,317302,305907,623209
100,2074,317302,305907,623209
0,2075,292160,275407,567567
1,2075,292160,275407,567567
2,2075,292156,275407,567563
3,2075,292317,275433,567750
4,2075,292459,275435,567894
5,2075,292604,275460,568064
6,2075,292715,275538,568253
7,2075,292699,275529,568228
8,2075,292688,275503,568191
9,2075,292689,275485,568174
10,2075,292704,275551,568255
11,2075,292828,275972,568800
12,2075,293342,276256,569598
13,2075,293719,276375,570094
14,2075,293758,276281,570039
15,2075,293823,276272,570095
16,2075,294123,276355,570478
17,2075,294561,276410,570971
18,2075,295789,276733,572522
19,2075,296731,278188,574919
20,2075,296795,278225,575020
21,2075,296833,278284,575117
22,2075,296862,278532,575394
23,2075,296890,278545,575435
24,2075,296890,278545,575435
25,2075,296890,278545,575435
26,2075,296890,278545,575435
27,2075,296890,278545,575435
28,2075,296890,278545,575435
29,2075,296890,278545,575435
30,2075,296890,278545,575435
31,2075,296890,278545,575435
32,2075,296890,278545,575435
33,2075,296890,278545,575435
34,2075,296890,278545,575435
35,2075,296890,278545,575435
36,2075,296890,278545,575435
37,2075,296890,278545,575435
38,2075,296890,278545,575435
39,2075,296890,278545,575435
40,2075,296890,278545,575435
41,2075,296890,278545,575435
42,2075,296890,278545,575435
43,2075,296890,278545,575435
44,2075,296890,278545,575435
45,2075,296890,278545,575435
46,2075,296881,278545,575426
47,2075,296873,278545,575418
48,2075,296873,278545,575418
49,2075,296873,278545,575418
50,2075,296873,278545,575418
51,2075,296873,278595,575468
52,2075,296873,278595,575468
53,2075,296873,278595,575468
54,2075,296873,278595,575468
55,2075,296873,278595,575468
56,2075,296873,278595,575468
57,2075,296873,278595,575468
58,2075,296873,278595,575468
59,2075,296873,278595,575468
60,2075,296873,278595,575468
61,2075,296873,278595,575468
62,2075,296873,278595,575468
63,2075,296873,278595,575468
64,2075,296825,278595,575420
65,2075,296825,278595,575420
66,2075,296738,278595,575333
67,2075,296738,278595,575333
68,2075,296472,278595,575067
69,2075,296377,278595,574972
70,2075,296237,278595,574832
71,2075,295800,278595,574395
72,2075,295800,278595,574395
73,2075,295461,278595,574056
74,2075,295423,278595,574018
75,2075,295423,278595,574018
76,2075,295423,278595,574018
77,2075,295423,278595,574018
78,2075,295423,279554,574977
79,2075,295423,279363,574786
80,2075,295423,279614,575037
81,2075,295423,279743,575166
82,2075,295423,279743,575166
83,2075,295423,279743,575166
84,2075,295423,279743,575166
85,2075,295423,279743,575166
86,2075,295423,279743,575166
87,2075,295423,279743,575166
88,2075,295423,279743,575166
89,2075,295423,279743,575166
90,2075,295423,279743,575166
91,2075,295423,279743,575166
92,2075,295423,279743,575166
93,2075,295423,279743,575166
94,2075,295423,279743,575166
95,2075,295423,279743,575166
96,2075,295423,279743,575166
97,2075,295423,279743,575166
98,2075,295423,279743,575166
99,2075,295423,279743,575166
100,2075,295423,279743,575166
0,2075,292266,275259,567525
1,2075,292266,275259,567525
2,2075,292259,275259,567518
3,2075,292436,275274,567710
4,2075,292615,275193,567808
5,2075,292741,275299,568040
6,2075,292868,275406,568274
7,2075,292842,275390,568232
8,2075,292820,275364,568184
9,2075,292815,275344,568159
10,2075,292810,275474,568284
11,2075,292862,275699,568561
12,2075,293184,275754,568938
13,2075,293704,275708,569412
14,2075,293937,275800,569737
15,2075,294124,275792,569916
16,2075,294466,275859,570325
17,2075,295672,275850,571522
18,2075,297964,276497,574461
19,2075,298821,278322,577143
20,2075,299958,278491,578449
21,2075,300126,278538,578664
22,2075,300128,279006,579134
23,2075,300136,279020,579156
24,2075,300136,279020,579156
25,2075,300136,279020,579156
26,2075,300136,279020,579156
27,2075,300136,279020,579156
28,2075,300136,279020,579156
29,2075,300136,279020,579156
30,2075,300136,279020,579156
31,2075,300136,279020,579156
32,2075,300136,279020,579156
33,2075,300136,279020,579156
34,2075,300136,279020,579156
35,2075,300136,279020,579156
36,2075,300136,279020,579156
37,2075,300136,279020,579156
38,2075,300136,279020,579156
39,2075,300136,279020,579156
40,2075,300136,279020,579156
41,2075,300136,279020,579156
42,2075,300136,279020,579156
43,2075,300136,279020,579156
44,2075,300538,279020,579558
45,2075,300538,279020,579558
46,2075,300536,279020,579556
47,2075,300528,279020,579548
48,2075,300528,279020,579548
49,2075,300528,279020,579548
50,2075,300528,279020,579548
51,2075,300528,279059,579587
52,2075,300528,279059,579587
53,2075,300528,279059,579587
54,2075,300528,279059,579587
55,2075,300528,279059,579587
56,2075,300528,279059,579587
57,2075,300528,279059,579587
58,2075,300528,279059,579587
59,2075,300528,279059,579587
60,2075,300528,279059,579587
61,2075,300528,279059,579587
62,2075,300528,279059,579587
63,2075,300528,279059,579587
64,2075,300557,279059,579616
65,2075,300557,279059,579616
66,2075,300066,279059,579125
67,2075,300008,279059,579067
68,2075,299613,279059,578672
69,2075,299663,279059,578722
70,2075,299415,279037,578452
71,2075,298888,279037,577925
72,2075,298782,279037,577819
73,2075,298283,278963,577246
74,2075,298238,278963,577201
75,2075,298238,278963,577201
76,2075,298238,278963,577201
77,2075,298238,278963,577201
78,2075,298344,280269,578613
79,2075,298259,280078,578337
80,2075,298344,280826,579170
81,2075,298338,280568,578906
82,2075,298338,280568,578906
83,2075,298338,280568,578906
84,2075,298338,280568,578906
85,2075,298338,280568,578906
86,2075,298338,280568,578906
87,2075,298338,280568,578906
88,2075,298338,280568,578906
89,2075,298338,280568,578906
90,2075,298338,280568,578906
91,2075,298338,280568,578906
92,2075,298338,280568,578906
93,2075,298338,280568,578906
94,2075,298338,280568,578906
95,2075,298338,280568,578906
96,2075,298338,280568,578906
97,2075,298338,280568,578906
98,2075,298338,280568,578906
99,2075,298338,280568,578906
100,2075,298338,280568,578906
0,2075,292274,275413,567687
1,2075,292274,275413,567687
2,2075,292266,275413,567679
3,2075,292417,275347,567764
4,2075,292716,275394,568110
5,2075,292856,275450,568306
6,2075,292910,275526,568436
7,2075,292866,275510,568376
8,2075,292838,275471,568309
9,2075,292865,275477,568342
10,2075,292819,275561,568380
11,2075,292909,275804,568713
12,2075,293366,276259,569625
13,2075,294527,276216,570743
14,2075,294776,276418,571194
15,2075,295034,276413,571447
16,2075,296135,276482,572617
17,2075,297419,276524,573943
18,2075,299982,276890,576872
19,2075,300697,278092,578789
20,2075,300794,278561,579355
21,2075,301474,278636,580110
22,2075,301310,278941,580251
23,2075,301326,278955,580281
24,2075,301326,278955,580281
25,2075,301326,278955,580281
26,2075,301326,278955,580281
27,2075,301326,278955,580281
28,2075,301326,278955,580281
29,2075,301326,278955,580281
30,2075,301326,278955,580281
31,2075,301326,278955,580281
32,2075,301326,278955,580281
33,2075,301326,278955,580281
34,2075,301326,278955,580281
35,2075,301326,278955,580281
36,2075,301326,278955,580281
37,2075,301326,278955,580281
38,2075,301326,278955,580281
39,2075,301326,278955,580281
40,2075,301326,278955,580281
41,2075,301326,278955,580281
42,2075,301326,278955,580281
43,2075,301333,278955,580288
44,2075,303077,279111,582188
45,2075,303077,279111,582188
46,2075,302118,279111,581229
47,2075,302109,279111,581220
48,2075,302109,279111,581220
49,2075,302109,279111,581220
50,2075,302109,279111,581220
51,2075,302109,279149,581258
52,2075,302109,279149,581258
53,2075,302109,279149,581258
54,2075,302109,279149,581258
55,2075,302109,279149,581258
56,2075,302109,279149,581258
57,2075,302109,279149,581258
58,2075,302109,279149,581258
59,2075,302109,279149,581258
60,2075,302109,279149,581258
61,2075,302109,279149,581258
62,2075,302109,279149,581258
63,2075,302109,279149,581258
64,2075,303056,279149,582205
65,2075,303056,279149,582205
66,2075,301751,278994,580745
67,2075,301764,278926,580690
68,2075,301625,278926,580551
69,2075,301693,278926,580619
70,2075,301698,278926,580624
71,2075,302699,279051,581750
72,2075,302614,279051,581665
73,2075,301717,279129,580846
74,2075,301717,279129,580846
75,2075,301717,279129,580846
76,2075,301717,279129,580846
77,2075,301717,279129,580846
78,2075,301618,283834,585452
79,2075,301588,283520,585108
80,2075,301523,283856,585379
81,2075,301545,283856,585401
82,2075,301545,283856,585401
83,2075,301545,283856,585401
84,2075,301545,283856,585401
85,2075,301545,283856,585401
86,2075,301545,283856,585401
87,2075,301545,283856,585401
88,2075,301545,283856,585401
89,2075,301545,283856,585401
90,2075,301545,283856,585401
91,2075,301545,283856,585401
92,2075,301545,283856,585401
93,2075,301545,283856,585401
94,2075,301545,283856,585401
95,2075,301545,283856,585401
96,2075,301545,283856,585401
97,2075,301545,283856,585401
98,2075,301545,283856,585401
99,2075,301545,283856,585401
100,2075,301545,283856,585401
0,2075,292099,274901,567000
1,2075,292099,274901,567000
2,2075,292091,274901,566992
3,2075,292300,274901,567201
4,2075,292463,274931,567394
5,2075,292518,274983,567501
6,2075,292615,275035,567650
7,2075,292607,275057,567664
8,2075,292601,275043,567644
9,2075,292574,275024,567598
10,2075,292549,275055,567604
11,2075,292624,275339,567963
12,2075,293047,275490,568537
13,2075,294584,275590,570174
14,2075,295239,275679,570918
15,2075,297561,275661,573222
16,2075,296031,275360,571391
17,2075,298511,275281,573792
18,2075,300960,276311,577271
19,2075,318140,278178,596318
20,2075,318570,278704,597274
21,2075,307169,279147,586316
22,2075,306963,279195,586158
23,2075,307025,279209,586234
24,2075,307025,279209,586234
25,2075,307025,279209,586234
26,2075,307025,279209,586234
27,2075,307025,279209,586234
28,2075,307025,279209,586234
29,2075,307025,279209,586234
30,2075,307025,279209,586234
31,2075,307025,279209,586234
32,2075,307025,279209,586234
33,2075,307025,279209,586234
34,2075,307025,279209,586234
35,2075,307025,279209,586234
36,2075,307025,279209,586234
37,2075,307025,279209,586234
38,2075,307025,279209,586234
39,2075,307025,279209,586234
40,2075,307025,279209,586234
41,2075,307025,279209,586234
42,2075,307025,279209,586234
43,2075,307025,279209,586234
44,2075,309401,279433,588834
45,2075,309401,279433,588834
46,2075,308138,279364,587502
47,2075,308207,279364,587571
48,2075,308207,279364,587571
49,2075,308207,279364,587571
50,2075,308207,279364,587571
51,2075,308198,279402,587600
52,2075,308198,279402,587600
53,2075,308198,279402,587600
54,2075,308198,279402,587600
55,2075,308198,279402,587600
56,2075,308198,279402,587600
57,2075,308198,279402,587600
58,2075,308198,279402,587600
59,2075,308198,279402,587600
60,2075,308198,279402,587600
61,2075,308198,279402,587600
62,2075,308198,279402,587600
63,2075,308198,279402,587600
64,2075,309449,279472,588921
65,2075,309538,279472,589010
66,2075,307947,279400,587347
67,2075,308227,279400,587627
68,2075,307618,279138,586756
69,2075,307735,279232,586967
70,2075,307742,279123,586865
71,2075,309127,279187,588314
72,2075,308751,279129,587880
73,2075,307179,279129,586308
74,2075,307179,279129,586308
75,2075,307179,279129,586308
76,2075,307179,279129,586308
77,2075,307179,279129,586308
78,2075,306934,286413,593347
79,2075,306862,284996,591858
80,2075,306855,286432,593287
81,2075,306855,286432,593287
82,2075,306855,286432,593287
83,2075,306855,286432,593287
84,2075,306855,286432,593287
85,2075,306855,286432,593287
86,2075,306855,286432,593287
87,2075,306855,286432,593287
88,2075,306855,286432,593287
89,2075,306855,286432,593287
90,2075,306855,286432,593287
91,2075,306855,286432,593287
92,2075,306855,286432,593287
93,2075,306855,286432,593287
94,2075,306855,286432,593287
95,2075,306855,286432,593287
96,2075,306855,286432,593287
97,2075,306855,286432,593287
98,2075,306855,286432,593287
99,2075,306855,286432,593287
100,2075,306855,286432,593287
0,2075,292414,276267,568681
1,2075,292414,276267,568681
2,2075,292410,276267,568677
3,2075,292524,276267,568791
4,2075,292770,276374,569144
5,2075,292782,276405,569187
6,2075,292777,275836,568613
7,2075,292789,275833,568622
8,2075,292809,276105,568914
9,2075,292817,276218,569035
10,2075,292752,276008,568760
11,2075,292786,276013,568799
12,2075,292637,275836,568473
13,2075,294207,275567,569774
14,2075,297544,275452,572996
15,2075,296712,275491,572203
16,2075,295873,275344,571217
17,2075,298696,275638,574334
18,2075,308040,277244,585284
19,2075,310244,279250,589494
20,2075,310992,279343,590335
21,2075,309447,279369,588816
22,2075,309498,279517,589015
23,2075,309548,279517,589065
24,2075,309548,279517,589065
25,2075,309548,279517,589065
26,2075,309548,279517,589065
27,2075,309548,279517,589065
28,2075,309548,279517,589065
29,2075,309548,279517,589065
30,2075,309548,279517,589065
31,2075,309548,279517,589065
32,2075,309548,279517,589065
33,2075,309548,279517,589065
34,2075,309548,279517,589065
35,2075,309548,279517,589065
36,2075,309548,279517,589065
37,2075,309933,279517,589450
38,2075,309933,279517,589450
39,2075,309933,279517,589450
40,2075,309933,279517,589450
41,2075,309933,279517,589450
42,2075,309933,279517,589450
43,2075,309933,279517,589450
44,2075,311218,279445,590663
45,2075,311218,279445,590663
46,2075,311078,279485,590563
47,2075,311078,279485,590563
48,2075,311078,279485,590563
49,2075,311078,279485,590563
50,2075,311078,279485,590563
51,2075,311087,279523,590610
52,2075,311087,279523,590610
53,2075,311087,279523,590610
54,2075,311087,279523,590610
55,2075,311087,279523,590610
56,2075,311087,279523,590610
57,2075,311087,279523,590610
58,2075,311087,279523,590610
59,2075,311087,279523,590610
60,2075,311087,279523,590610
61,2075,311087,279523,590610
62,2075,311087,279523,590610
63,2075,311197,279523,590720
64,2075,311402,279483,590885
65,2075,311494,279483,590977
66,2075,311142,279522,590664
67,2075,311181,279522,590703
68,2075,310276,279498,589774
69,2075,310326,279498,589824
70,2075,310257,279585,589842
71,2075,310672,279598,590270
72,2075,310683,279572,590255
73,2075,309854,279579,589433
74,2075,309854,279579,589433
75,2075,309854,279579,589433
76,2075,309854,279579,589433
77,2075,309854,279579,589433
78,2075,309223,297053,606276
79,2075,309182,295170,604352
80,2075,309215,297002,606217
81,2075,309223,297359,606582
82,2075,309223,297359,606582
83,2075,309223,297359,606582
84,2075,309223,297359,606582
85,2075,309223,297359,606582
86,2075,309223,297359,606582
87,2075,309223,297359,606582
88,2075,309223,297359,606582
89,2075,309223,297359,606582
90,2075,309223,297359,606582
91,2075,309223,297359,606582
92,2075,309223,297359,606582
93,2075,309223,297359,606582
94,2075,309223,297359,606582
95,2075,309223,297359,606582
96,2075,309223,297359,606582
97,2075,309223,297359,606582
98,2075,309223,297359,606582
99,2075,309223,297359,606582
100,2075,309223,297359,606582
0,2075,290839,275033,565872
1,2075,290839,275033,565872
2,2075,290835,275033,565868
3,2075,290937,275233,566170
4,2075,291005,274937,565942
5,2075,291046,275155,566201
6,2075,292232,276240,568472
7,2075,292199,276233,568432
8,2075,291249,275661,566910
9,2075,291199,275601,566800
10,2075,292123,276191,568314
11,2075,292361,276048,568409
12,2075,293171,276060,569231
13,2075,294126,275531,569657
14,2075,296668,275937,572605
15,2075,295244,275388,570632
16,2075,296127,275713,571840
17,2075,298662,276231,574893
18,2075,305162,277907,583069
19,2075,309543,280666,590209
20,2075,310358,280573,590931
21,2075,310236,280007,590243
22,2075,310517,280086,590603
23,2075,310504,280086,590590
24,2075,310504,280086,590590
25,2075,310504,280086,590590
26,2075,310504,280086,590590
27,2075,310504,280086,590590
28,2075,310504,280086,590590
29,2075,310504,280086,590590
30,2075,310504,280086,590590
31,2075,310504,280086,590590
32,2075,310504,280086,590590
33,2075,310504,280086,590590
34,2075,310504,280086,590590
35,2075,310504,280086,590590
36,2075,310504,280086,590590
37,2075,310568,280086,590654
38,2075,310568,280086,590654
39,2075,310568,280086,590654
40,2075,310568,280086,590654
41,2075,310949,280086,591035
42,2075,310949,280086,591035
43,2075,310949,280086,591035
44,2075,311212,280770,591982
45,2075,311212,280770,591982
46,2075,311402,280718,592120
47,2075,311402,280718,592120
48,2075,311402,280718,592120
49,2075,311402,280718,592120
50,2075,311402,280718,592120
51,2075,311402,280757,592159
52,2075,311402,280757,592159
53,2075,311402,280757,592159
54,2075,311402,280757,592159
55,2075,311402,280757,592159
56,2075,311402,280757,592159
57,2075,311402,280757,592159
58,2075,311402,280757,592159
59,2075,311402,280757,592159
60,2075,311402,280757,592159
61,2075,311402,280757,592159
62,2075,311402,280757,592159
63,2075,311500,280757,592257
64,2075,311363,280826,592189
65,2075,311724,280826,592550
66,2075,311611,280757,592368
67,2075,311478,280757,592235
68,2075,311136,280282,591418
69,2075,311224,280386,591610
70,2075,311089,280359,591448
71,2075,311023,280782,591805
72,2075,311415,280757,592172
73,2075,310475,280113,590588
74,2075,310475,280113,590588
75,2075,310475,280113,590588
76,2075,310475,280113,590588
77,2075,310475,280113,590588
78,2075,312080,301426,613506
79,2075,311717,300216,611933
80,2075,312078,301550,613628
81,2075,312097,305369,617466
82,2075,312097,305369,617466
83,2075,312097,305369,617466
84,2075,312097,305369,617466
85,2075,312097,305369,617466
86,2075,312097,305369,617466
87,2075,312097,305369,617466
88,2075,312097,305369,617466
89,2075,312097,305369,617466
90,2075,312097,305369,617466
91,2075,312097,305369,617466
92,2075,312097,305369,617466
93,2075,312097,305369,617466
94,2075,312097,305369,617466
95,2075,312097,305369,617466
96,2075,312097,305369,617466
97,2075,312097,305369,617466
98,2075,312097,305369,617466
99,2075,312097,305369,617466
100,2075,312097,305369,617466
0,2075,289659,274603,564262
1,2075,289659,274603,564262
2,2075,289665,274603,564268
3,2075,290131,274992,565123
4,2075,290075,275018,565093
5,2075,290517,275453,565970
6,2075,291142,275727,566869
7,2075,291129,275727,566856
8,2075,291983,276029,568012
9,2075,291141,275810,566951
10,2075,291146,275616,566762
11,2075,292016,276074,568090
12,2075,292897,276138,569035
13,2075,294262,276019,570281
14,2075,294683,275572,570255
15,2075,297679,275397,573076
16,2075,295993,275946,571939
17,2075,298812,276626,575438
18,2075,303893,278118,582011
19,2075,307392,280296,587688
20,2075,308113,280287,588400
21,2075,310267,280533,590800
22,2075,310619,280734,591353
23,2075,310685,280734,591419
24,2075,310685,280734,591419
25,2075,310685,280734,591419
26,2075,310685,280734,591419
27,2075,310685,280734,591419
28,2075,310685,280734,591419
29,2075,310685,280734,591419
30,2075,310685,280734,591419
31,2075,310685,280734,591419
32,2075,310685,280734,591419
33,2075,310685,280734,591419
34,2075,310685,280734,591419
35,2075,310685,280734,591419
36,2075,310685,280734,591419
37,2075,310706,280734,591440
38,2075,310706,280734,591440
39,2075,310706,280734,591440
40,2075,310706,280734,591440
41,2075,311060,280758,591818
42,2075,311060,280758,591818
43,2075,311060,280758,591818
44,2075,310515,280639,591154
45,2075,310515,280639,591154
46,2075,310557,280639,591196
47,2075,310557,280639,591196
48,2075,310557,280639,591196
49,2075,310557,280639,591196
50,2075,310557,280639,591196
51,2075,310557,280639,591196
52,2075,310557,280639,591196
53,2075,310557,280639,591196
54,2075,310557,280639,591196
55,2075,310557,280639,591196
56,2075,310557,280639,591196
57,2075,310557,280639,591196
58,2075,310557,280639,591196
59,2075,310557,280639,591196
60,2075,310557,280639,591196
61,2075,310557,280639,591196
62,2075,310557,280639,591196
63,2075,310910,280639,591549
64,2075,310761,280639,591400
65,2075,311033,280639,591672
66,2075,311135,280672,591807
67,2075,310932,280639,591571
68,2075,311116,280771,591887
69,2075,311041,280703,591744
70,2075,310992,280666,591658
71,2075,310516,280639,591155
72,2075,310473,280639,591112
73,2075,311008,280697,591705
74,2075,311008,280697,591705
75,2075,311008,280697,591705
76,2075,311008,280697,591705
77,2075,311008,280697,591705
78,2075,314470,302480,616950
79,2075,314144,302411,616555
80,2075,314352,302829,617181
81,2075,316242,304224,620466
82,2075,316242,304224,620466
83,2075,316242,304224,620466
84,2075,316242,304224,620466
85,2075,316242,304224,620466
86,2075,316242,304224,620466
87,2075,316242,304224,620466
88,2075,316242,304224,620466
89,2075,316242,304224,620466
90,2075,316242,304224,620466
91,2075,316242,304224,620466
92,2075,316242,304224,620466
93,2075,316242,304224,620466
94,2075,316242,304224,620466
95,2075,316242,304224,620466
96,2075,316242,304224,620466
97,2075,316242,304224,620466
98,2075,316242,304224,620466
99,2075,316242,304224,620466
100,2075,316242,304224,620466
0,2075,289139,272661,561800
1,2075,289139,272661,561800
2,2075,289140,272661,561801
3,2075,289119,272764,561883
4,2075,289360,272455,561815
5,2075,290329,273837,564166
6,2075,290582,275044,565626
7,2075,290513,275001,565514
8,2075,291822,275327,567149
9,2075,292040,275205,567245
10,2075,290765,275121,565886
11,2075,291646,275629,567275
12,2075,292463,275852,568315
13,2075,293960,275907,569867
14,2075,294086,274870,568956
15,2075,297101,275906,573007
16,2075,295988,275549,571537
17,2075,299178,275915,575093
18,2075,303074,277430,580504
19,2075,305532,280384,585916
20,2075,307797,280492,588289
21,2075,309263,280395,589658
22,2075,309846,280601,590447
23,2075,310066,280601,590667
24,2075,310068,280601,590669
25,2075,310068,280601,590669
26,2075,310068,280601,590669
27,2075,310068,280601,590669
28,2075,310068,280601,590669
29,2075,310068,280601,590669
30,2075,310068,280601,590669
31,2075,310068,280601,590669
32,2075,310068,280601,590669
33,2075,310068,280601,590669
34,2075,310068,280601,590669
35,2075,310068,280601,590669
36,2075,310068,280601,590669
37,2075,310106,280601,590707
38,2075,310106,280601,590707
39,2075,310106,280601,590707
40,2075,310106,280601,590707
41,2075,310504,280601,591105
42,2075,310504,280601,591105
43,2075,310504,280601,591105
44,2075,310371,280615,590986
45,2075,310371,280615,590986
46,2075,310431,280601,591032
47,2075,310431,280601,591032
48,2075,310431,280601,591032
49,2075,310431,280601,591032
50,2075,310431,280601,591032
51,2075,310431,280601,591032
52,2075,310431,280601,591032
53,2075,310431,280601,591032
54,2075,310431,280601,591032
55,2075,310431,280601,591032
56,2075,310431,280601,591032
57,2075,310431,280601,591032
58,2075,310431,280601,591032
59,2075,310431,280601,591032
60,2075,310425,280601,591026
61,2075,310396,280601,590997
62,2075,310384,280601,590985
63,2075,310452,280601,591053
64,2075,310622,280615,591237
65,2075,310565,280615,591180
66,2075,310466,280601,591067
67,2075,310560,280601,591161
68,2075,310503,280601,591104
69,2075,310459,280601,591060
70,2075,310415,280601,591016
71,2075,310321,280601,590922
72,2075,310394,280611,591005
73,2075,310297,280601,590898
74,2075,310297,280601,590898
75,2075,310297,280601,590898
76,2075,310297,280601,590898
77,2075,310297,280601,590898
78,2075,316765,303090,619855
79,2075,316576,303067,619643
80,2075,316701,303735,620436
81,2075,316971,305349,622320
82,2075,316971,305349,622320
83,2075,316971,305349,622320
84,2075,316971,305349,622320
85,2075,316971,305349,622320
86,2075,316971,305349,622320
87,2075,316971,305349,622320
88,2075,316971,305349,622320
89,2075,316971,305349,622320
90,2075,316971,305349,622320
91,2075,316971,305349,622320
92,2075,316971,305349,622320
93,2075,316971,305349,622320
94,2075,316971,305349,622320
95,2075,316971,305349,622320
96,2075,316971,305349,622320
97,2075,316971,305349,622320
98,2075,316971,305349,622320
99,2075,316971,305349,622320
100,2075,316971,305349,622320
0,2075,290394,273022,563416
1,2075,290394,272960,563354
2,2075,290359,272960,563319
3,2075,290259,272886,563145
4,2075,290454,272808,563262
5,2075,291611,274441,566052
6,2075,290844,274238,565082
7,2075,290993,274439,565432
8,2075,292558,275788,568346
9,2075,292683,276220,568903
10,2075,290916,274282,565198
11,2075,292270,275799,568069
12,2075,292527,276121,568648
13,2075,293904,275836,569740
14,2075,293814,275619,569433
15,2075,296491,275550,572041
16,2075,296013,275404,571417
17,2075,300549,276014,576563
18,2075,303703,277256,580959
19,2075,304886,279668,584554
20,2075,307763,280642,588405
21,2075,308577,280432,589009
22,2075,309209,280601,589810
23,2075,309657,280601,590258
24,2075,309658,280601,590259
25,2075,309658,280601,590259
26,2075,309658,280601,590259
27,2075,309658,280601,590259
28,2075,309658,280601,590259
29,2075,309658,280601,590259
30,2075,309658,280601,590259
31,2075,309658,280601,590259
32,2075,309658,280601,590259
33,2075,309658,280601,590259
34,2075,309658,280601,590259
35,2075,309658,280601,590259
36,2075,309658,280601,590259
37,2075,309666,280681,590347
38,2075,309666,280681,590347
39,2075,309666,280681,590347
40,2075,309666,280681,590347
41,2075,310400,280705,591105
42,2075,310400,280705,591105
43,2075,310400,280705,591105
44,2075,310418,280719,591137
45,2075,310418,280719,591137
46,2075,310454,280719,591173
47,2075,310454,280719,591173
48,2075,310454,280719,591173
49,2075,310454,280719,591173
50,2075,310454,280719,591173
51,2075,310454,280719,591173
52,2075,310454,280719,591173
53,2075,310454,280719,591173
54,2075,310454,280719,591173
55,2075,310454,280719,591173
56,2075,310454,280719,591173
57,2075,310454,280719,591173
58,2075,310454,280719,591173
59,2075,310454,280719,591173
60,2075,310454,280719,591173
61,2075,310425,280719,591144
62,2075,310355,280719,591074
63,2075,310557,280719,591276
64,2075,310622,280709,591331
65,2075,310657,280709,591366
66,2075,310551,280719,591270
67,2075,310578,280709,591287
68,2075,310595,280719,591314
69,2075,310527,280719,591246
70,2075,310501,280719,591220
71,2075,310167,280719,590886
72,2075,310365,280719,591084
73,2075,310097,280705,590802
74,2075,310097,280705,590802
75,2075,310097,280705,590802
76,2075,310097,280705,590802
77,2075,310097,280705,590802
78,2075,316031,304649,620680
79,2075,316015,304523,620538
80,2075,316491,304884,621375
81,2075,317021,307179,624200
82,2075,317021,307179,624200
83,2075,317021,307179,624200
84,2075,317021,307179,624200
85,2075,317021,307179,624200
86,2075,317021,307179,624200
87,2075,317021,307179,624200
88,2075,317021,307179,624200
89,2075,317021,307179,624200
90,2075,317021,307179,624200
91,2075,317021,307179,624200
92,2075,317021,307179,624200
93,2075,317021,307179,624200
94,2075,317021,307179,624200
95,2075,317021,307179,624200
96,2075,317021,307179,624200
97,2075,317021,307179,624200
98,2075,317021,307179,624200
99,2075,317021,307179,624200
100,2075,317021,307179,624200
0,2075,291389,273588,564977
1,2075,291361,273588,564949
2,2075,291342,273588,564930
3,2075,290486,273473,563959
4,2075,291427,273538,564965
5,2075,292690,275544,568234
6,2075,291841,274747,566588
7,2075,291918,275199,567117
8,2075,292254,275800,568054
9,2075,291248,275379,566627
10,2075,292120,274848,566968
11,2075,292386,276244,568630
12,2075,292471,275750,568221
13,2075,293842,275635,569477
14,2075,294684,275923,570607
15,2075,295202,274951,570153
16,2075,296309,275544,571853
17,2075,300680,275961,576641
18,2075,306176,277396,583572
19,2075,304844,279082,583926
20,2075,307760,280252,588012
21,2075,308575,280608,589183
22,2075,309265,280695,589960
23,2075,309759,280695,590454
24,2075,309761,280695,590456
25,2075,309761,280695,590456
26,2075,309761,280695,590456
27,2075,309761,280695,590456
28,2075,309761,280695,590456
29,2075,309761,280695,590456
30,2075,309761,280695,590456
31,2075,309761,280695,590456
32,2075,309761,280695,590456
33,2075,309761,280695,590456
34,2075,309761,280695,590456
35,2075,309761,280695,590456
36,2075,309761,280695,590456
37,2075,309760,280695,590455
38,2075,309760,280695,590455
39,2075,309760,280695,590455
40,2075,309760,280695,590455
41,2075,310532,280719,591251
42,2075,310532,280719,591251
43,2075,310532,280719,591251
44,2075,310612,280709,591321
45,2075,310612,280709,591321
46,2075,310612,280709,591321
47,2075,310612,280709,591321
48,2075,310612,280709,591321
49,2075,310612,280709,591321
50,2075,310612,280709,591321
51,2075,310612,280709,591321
52,2075,310612,280709,591321
53,2075,310612,280709,591321
54,2075,310612,280709,591321
55,2075,310612,280709,591321
56,2075,310612,280709,591321
57,2075,310612,280709,591321
58,2075,310612,280709,591321
59,2075,310612,280709,591321
60,2075,310612,280709,591321
61,2075,310583,280709,591292
62,2075,310342,280719,591061
63,2075,310663,280709,591372
64,2075,310791,280709,591500
65,2075,310817,280709,591526
66,2075,310711,280709,591420
67,2075,310719,280709,591428
68,2075,310627,280709,591336
69,2075,310569,280709,591278
70,2075,310553,280709,591262
71,2075,310114,280719,590833
72,2075,310402,280719,591121
73,2075,310099,280695,590794
74,2075,310099,280695,590794
75,2075,310099,280695,590794
76,2075,310099,280695,590794
77,2075,310099,280695,590794
78,2075,316416,306500,622916
79,2075,316414,306851,623265
80,2075,317112,306603,623715
81,2075,320548,305311,625859
82,2075,320548,305311,625859
83,2075,320548,305311,625859
84,2075,320548,305311,625859
85,2075,320548,305311,625859
86,2075,320548,305311,625859
87,2075,320548,305311,625859
88,2075,320548,305311,625859
89,2075,320548,305311,625859
90,2075,320548,305311,625859
91,2075,320548,305311,625859
92,2075,320548,305311,625859
93,2075,320548,305311,625859
94,2075,320548,305311,625859
95,2075,320548,305311,625859
96,2075,320548,305311,625859
97,2075,320548,305311,625859
98,2075,320548,305311,625859
99,2075,320548,305311,625859
100,2075,320548,305311,625859
0,2075,292751,275522,568273
1,2075,292768,275518,568286
2,2075,292769,275518,568287
3,2075,291789,274356,566145
4,2075,293025,274710,567735
5,2075,292813,276399,569212
6,2075,292765,276223,568988
7,2075,292672,276268,568940
8,2075,292330,276276,568606
9,2075,291393,275989,567382
10,2075,292673,276157,568830
11,2075,291584,275622,567206
12,2075,292581,275830,568411
13,2075,294134,275933,570067
14,2075,295041,276344,571385
15,2075,297727,275310,573037
16,2075,296109,275747,571856
17,2075,313874,275931,589805
18,2075,305144,277547,582691
19,2075,305947,279202,585149
20,2075,308539,280233,588772
21,2075,309150,280634,589784
22,2075,309340,280727,590067
23,2075,309735,280695,590430
24,2075,309736,280695,590431
25,2075,309736,280695,590431
26,2075,309736,280695,590431
27,2075,309736,280695,590431
28,2075,309736,280695,590431
29,2075,309736,280695,590431
30,2075,309736,280695,590431
31,2075,309736,280695,590431
32,2075,309736,280695,590431
33,2075,309736,280695,590431
34,2075,309736,280695,590431
35,2075,309736,280695,590431
36,2075,309736,280695,590431
37,2075,309736,280695,590431
38,2075,309736,280695,590431
39,2075,309736,280695,590431
40,2075,309736,280695,590431
41,2075,310615,280709,591324
42,2075,310615,280709,591324
43,2075,310615,280709,591324
44,2075,310580,280709,591289
45,2075,310580,280709,591289
46,2075,310589,280709,591298
47,2075,310589,280709,591298
48,2075,310589,280709,591298
49,2075,310589,280709,591298
50,2075,310589,280709,591298
51,2075,310589,280709,591298
52,2075,310589,280709,591298
53,2075,310589,280709,591298
54,2075,310589,280709,591298
55,2075,310589,280709,591298
56,2075,310589,280709,591298
57,2075,310589,280709,591298
58,2075,310589,280709,591298
59,2075,310589,280709,591298
60,2075,310589,280709,591298
61,2075,310560,280709,591269
62,2075,310362,280719,591081
63,2075,310688,280709,591397
64,2075,310777,280709,591486
65,2075,310815,280709,591524
66,2075,310706,280709,591415
67,2075,310743,280709,591452
68,2075,310757,280709,591466
69,2075,310692,280709,591401
70,2075,310676,280709,591385
71,2075,310183,280695,590878
72,2075,310549,280719,591268
73,2075,310133,280695,590828
74,2075,310133,280695,590828
75,2075,310133,280695,590828
76,2075,310133,280695,590828
77,2075,310133,280695,590828
78,2075,319143,305453,624596
79,2075,319327,305676,625003
80,2075,319274,305068,624342
81,2075,318978,306401,625379
82,2075,318978,306401,625379
83,2075,318978,306401,625379
84,2075,318978,306401,625379
85,2075,318978,306401,625379
86,2075,318978,306401,625379
87,2075,318978,306401,625379
88,2075,318978,306401,625379
89,2075,318978,306401,625379
90,2075,318978,306401,625379
91,2075,318978,306401,625379
92,2075,318978,306401,625379
93,2075,318978,306401,625379
94,2075,318978,306401,625379
95,2075,318978,306401,625379
96,2075,318978,306401,625379
97,2075,318978,306401,625379
98,2075,318978,306401,625379
99,2075,318978,306401,625379
100,2075,318978,306401,625379
0,2075,292327,275510,567837
1,2075,292327,275659,567986
2,2075,292320,275647,567967
3,2075,292875,275527,568402
4,2075,292828,275721,568549
5,2075,291154,274409,565563
6,2075,291431,275516,566947
7,2075,291405,275336,566741
8,2075,290990,275061,566051
9,2075,292128,275695,567823
10,2075,291559,275769,567328
11,2075,291377,275586,566963
12,2075,293155,276000,569155
13,2075,294189,275958,570147
14,2075,295769,275717,571486
15,2075,297153,275649,572802
16,2075,295944,275372,571316
17,2075,307331,276682,584013
18,2075,304499,277441,581940
19,2075,307335,279222,586557
20,2075,309367,280247,589614
21,2075,309425,280514,589939
22,2075,309452,280752,590204
23,2075,309762,280695,590457
24,2075,309764,280695,590459
25,2075,309764,280695,590459
26,2075,309764,280695,590459
27,2075,309764,280695,590459
28,2075,309764,280695,590459
29,2075,309764,280695,590459
30,2075,309764,280695,590459
31,2075,309764,280695,590459
32,2075,309764,280695,590459
33,2075,309764,280695,590459
34,2075,309764,280695,590459
35,2075,309764,280695,590459
36,2075,309764,280695,590459
37,2075,309738,280695,590433
38,2075,309738,280695,590433
39,2075,309738,280695,590433
40,2075,309738,280695,590433
41,2075,310581,280709,591290
42,2075,310581,280709,591290
43,2075,310581,280709,591290
44,2075,310522,280709,591231
45,2075,310522,280709,591231
46,2075,310522,280709,591231
47,2075,310522,280709,591231
48,2075,310522,280709,591231
49,2075,310522,280709,591231
50,2075,310522,280709,591231
51,2075,310522,280709,591231
52,2075,310522,280709,591231
53,2075,310522,280709,591231
54,2075,310522,280709,591231
55,2075,310522,280709,591231
56,2075,310522,280709,591231
57,2075,310522,280709,591231
58,2075,310522,280709,591231
59,2075,310522,280709,591231
60,2075,310522,280709,591231
61,2075,310493,280709,591202
62,2075,310500,280719,591219
63,2075,310622,280709,591331
64,2075,310711,280709,591420
65,2075,310854,280709,591563
66,2075,310736,280709,591445
67,2075,310677,280709,591386
68,2075,310743,280709,591452
69,2075,310668,280709,591377
70,2075,310642,280709,591351
71,2075,310117,280719,590836
72,2075,310404,280709,591113
73,2075,310176,280695,590871
74,2075,310176,280695,590871
75,2075,310176,280695,590871
76,2075,310176,280695,590871
77,2075,310176,280695,590871
78,2075,317218,306629,623847
79,2075,317604,306070,623674
80,2075,317715,306312,624027
81,2075,319435,304795,624230
82,2075,319435,304795,624230
83,2075,319435,304795,624230
84,2075,319435,304795,624230
85,2075,319435,304795,624230
86,2075,319435,304795,624230
87,2075,319435,304795,624230
88,2075,319435,304795,624230
89,2075,319435,304795,624230
90,2075,319435,304795,624230
91,2075,319435,304795,624230
92,2075,319435,304795,624230
93,2075,319435,304795,624230
94,2075,319435,304795,624230
95,2075,319435,304795,624230
96,2075,319435,304795,624230
97,2075,319435,304795,624230
98,2075,319435,304795,624230
99,2075,319435,304795,624230
100,2075,319435,304795,624230
0,2075,292237,275533,567770
1,2075,292258,275489,567747
2,2075,292255,275489,567744
3,2075,292520,275565,568085
4,2075,292646,275922,568568
5,2075,290941,274761,565702
6,2075,291650,275540,567190
7,2075,291571,275602,567173
8,2075,290150,274568,564718
9,2075,292443,275886,568329
10,2075,291915,275595,567510
11,2075,292561,275926,568487
12,2075,293011,276402,569413
13,2075,293947,275772,569719
14,2075,294479,275523,570002
15,2075,297722,275788,573510
16,2075,296132,275359,571491
17,2075,303346,276680,580026
18,2075,304374,277451,581825
19,2075,307952,279352,587304
20,2075,309700,280525,590225
21,2075,308980,280464,589444
22,2075,309470,280601,590071
23,2075,309775,280616,590391
24,2075,309777,280616,590393
25,2075,309777,280616,590393
26,2075,309777,280616,590393
27,2075,309777,280616,590393
28,2075,309777,280616,590393
29,2075,309777,280616,590393
30,2075,309777,280616,590393
31,2075,309777,280616,590393
32,2075,309777,280616,590393
33,2075,309777,280616,590393
34,2075,309777,280616,590393
35,2075,309777,280616,590393
36,2075,309777,280616,590393
37,2075,309777,280616,590393
38,2075,309777,280616,590393
39,2075,309777,280616,590393
40,2075,309777,280616,590393
41,2075,310522,280709,591231
42,2075,310522,280709,591231
43,2075,310522,280709,591231
44,2075,310523,280709,591232
45,2075,310523,280709,591232
46,2075,310523,280709,591232
47,2075,310523,280709,591232
48,2075,310523,280709,591232
49,2075,310523,280709,591232
50,2075,310523,280709,591232
51,2075,310523,280709,591232
52,2075,310523,280709,591232
53,2075,310523,280709,591232
54,2075,310523,280709,591232
55,2075,310523,280709,591232
56,2075,310523,280709,591232
57,2075,310523,280709,591232
58,2075,310523,280709,591232
59,2075,310523,280709,591232
60,2075,310523,280709,591232
61,2075,310494,280709,591203
62,2075,310481,280709,591190
63,2075,310622,280709,591331
64,2075,310711,280709,591420
65,2075,310728,280709,591437
66,2075,310677,280709,591386
67,2075,310677,280709,591386
68,2075,310677,280709,591386
69,2075,310602,280709,591311
70,2075,310576,280709,591285
71,2075,310117,280695,590812
72,2075,310481,280719,591200
73,2075,310143,280719,590862
74,2075,310143,280719,590862
75,2075,310143,280719,590862
76,2075,310143,280719,590862
77,2075,310143,280719,590862
78,2075,319280,304872,624152
79,2075,317218,306403,623621
80,2075,318885,305538,624423
81,2075,315816,304901,620717
82,2075,315816,304901,620717
83,2075,315816,304901,620717
84,2075,315816,304901,620717
85,2075,315816,304901,620717
86,2075,315816,304901,620717
87,2075,315816,304901,620717
88,2075,315816,304901,620717
89,2075,315816,304901,620717
90,2075,315816,304901,620717
91,2075,315816,304901,620717
92,2075,315816,304901,620717
93,2075,315816,304901,620717
94,2075,315816,304901,620717
95,2075,315816,304901,620717
96,2075,315816,304901,620717
97,2075,315816,304901,620717
98,2075,315816,304901,620717
99,2075,315816,304901,620717
100,2075,315816,304901,620717
0,2075,292050,274642,566692
1,2075,291992,274566,566558
2,2075,292049,274566,566615
3,2075,292288,275393,567681
4,2075,292350,275433,567783
5,2075,291665,275418,567083
6,2075,292616,275683,568299
7,2075,292591,275714,568305
8,2075,289388,272724,562112
9,2075,292120,275796,567916
10,2075,292494,275697,568191
11,2075,292571,276455,569026
12,2075,292461,275605,568066
13,2075,293891,275625,569516
14,2075,294576,275565,570141
15,2075,296947,275357,572304
16,2075,296197,275623,571820
17,2075,302139,276579,578718
18,2075,304368,277408,581776
19,2075,309074,279536,588610
20,2075,308796,280425,589221
21,2075,308818,280514,589332
22,2075,309431,280601,590032
23,2075,309749,280616,590365
24,2075,309751,280616,590367
25,2075,309751,280616,590367
26,2075,309751,280616,590367
27,2075,309751,280616,590367
28,2075,309751,280616,590367
29,2075,309751,280616,590367
30,2075,309751,280616,590367
31,2075,309751,280616,590367
32,2075,309751,280616,590367
33,2075,309751,280616,590367
34,2075,309751,280616,590367
35,2075,309751,280616,590367
36,2075,309751,280616,590367
37,2075,309751,280616,590367
38,2075,309751,280616,590367
39,2075,309751,280616,590367
40,2075,309751,280616,590367
41,2075,310523,280709,591232
42,2075,310523,280709,591232
43,2075,310523,280709,591232
44,2075,310523,280709,591232
45,2075,310523,280709,591232
46,2075,310523,280709,591232
47,2075,310523,280709,591232
48,2075,310523,280709,591232
49,2075,310523,280709,591232
50,2075,310523,280709,591232
51,2075,310523,280709,591232
52,2075,310523,280709,591232
53,2075,310523,280709,591232
54,2075,310523,280709,591232
55,2075,310523,280709,591232
56,2075,310523,280709,591232
57,2075,310523,280709,591232
58,2075,310523,280709,591232
59,2075,310523,280709,591232
60,2075,310523,280709,591232
61,2075,310502,280709,591211
62,2075,310533,280709,591242
63,2075,310629,280709,591338
64,2075,310711,280709,591420
65,2075,310748,280709,591457
66,2075,310677,280709,591386
67,2075,310677,280709,591386
68,2075,310677,280709,591386
69,2075,310602,280709,591311
70,2075,310576,280709,591285
71,2075,310117,280695,590812
72,2075,310465,280709,591174
73,2075,310117,280719,590836
74,2075,310117,280719,590836
75,2075,310117,280719,590836
76,2075,310117,280719,590836
77,2075,310117,280719,590836
78,2075,317018,305496,622514
79,2075,319763,304916,624679
80,2075,316558,305659,622217
81,2075,315093,304229,619322
82,2075,315093,304229,619322
83,2075,315093,304229,619322
84,2075,315093,304229,619322
85,2075,315093,304229,619322
86,2075,315093,304229,619322
87,2075,315093,304229,619322
88,2075,315093,304229,619322
89,2075,315093,304229,619322
90,2075,315093,304229,619322
91,2075,315093,304229,619322
92,2075,315093,304229,619322
93,2075,315093,304229,619322
94,2075,315093,304229,619322
95,2075,315093,304229,619322
96,2075,315093,304229,619322
97,2075,315093,304229,619322
98,2075,315093,304229,619322
99,2075,315093,304229,619322
100,2075,315093,304229,619322
0,2075,292467,275809,568276
1,2075,292460,275777,568237
2,2075,292457,275777,568234
3,2075,292245,275154,567399
4,2075,292274,275644,567918
5,2075,292620,276606,569226
6,2075,292731,276392,569123
7,2075,292547,276434,568981
8,2075,290424,273014,563438
9,2075,292125,275680,567805
10,2075,292649,276206,568855
11,2075,291627,275325,566952
12,2075,292214,276093,568307
13,2075,294275,275933,570208
14,2075,294898,275677,570575
15,2075,296696,275498,572194
16,2075,296083,275608,571691
17,2075,302392,276114,578506
18,2075,304800,277408,582208
19,2075,308341,280112,588453
20,2075,308246,280444,588690
21,2075,308721,280514,589235
22,2075,309400,280616,590016
23,2075,309775,280616,590391
24,2075,309777,280616,590393
25,2075,309777,280616,590393
26,2075,309777,280616,590393
27,2075,309777,280616,590393
28,2075,309777,280616,590393
29,2075,309777,280616,590393
30,2075,309777,280616,590393
31,2075,309777,280616,590393
32,2075,309777,280616,590393
33,2075,309777,280616,590393
34,2075,309777,280616,590393
35,2075,309777,280616,590393
36,2075,309777,280616,590393
37,2075,309751,280616,590367
38,2075,309751,280616,590367
39,2075,309751,280616,590367
40,2075,309751,280616,590367
41,2075,310523,280709,591232
42,2075,310523,280709,591232
43,2075,310523,280709,591232
44,2075,310523,280709,591232
45,2075,310523,280709,591232
46,2075,310523,280709,591232
47,2075,310523,280709,591232
48,2075,310523,280709,591232
49,2075,310523,280709,591232
50,2075,310523,280709,591232
51,2075,310523,280709,591232
52,2075,310523,280709,591232
53,2075,310523,280709,591232
54,2075,310523,280709,591232
55,2075,310523,280709,591232
56,2075,310523,280709,591232
57,2075,310523,280709,591232
58,2075,310523,280709,591232
59,2075,310523,280709,591232
60,2075,310523,280709,591232
61,2075,310502,280709,591211
62,2075,310490,280709,591199
63,2075,310629,280709,591338
64,2075,310711,280709,591420
65,2075,310728,280709,591437
66,2075,310677,280709,591386
67,2075,310677,280709,591386
68,2075,310677,280709,591386
69,2075,310609,280709,591318
70,2075,310583,280709,591292
71,2075,310117,280695,590812
72,2075,310465,280709,591174
73,2075,310117,280695,590812
74,2075,310117,280695,590812
75,2075,310117,280695,590812
76,2075,310117,280695,590812
77,2075,310117,280695,590812
78,2075,315589,306728,622317
79,2075,317850,304290,622140
80,2075,315286,304700,619986
81,2075,313486,303270,616756
82,2075,313486,303270,616756
83,2075,313486,303270,616756
84,2075,313486,303270,616756
85,2075,313486,303270,616756
86,2075,313486,303270,616756
87,2075,313486,303270,616756
88,2075,313486,303270,616756
89,2075,313486,303270,616756
90,2075,313486,303270,616756
91,2075,313486,303270,616756
92,2075,313486,303270,616756
93,2075,313486,303270,616756
94,2075,313486,303270,616756
95,2075,313486,303270,616756
96,2075,313486,303270,616756
97,2075,313486,303270,616756
98,2075,313486,303270,616756
99,2075,313486,303270,616756
100,2075,313486,303270,616756
0,2075,292071,275839,567910
1,2075,292089,275900,567989
2,2075,292086,275900,567986
3,2075,292381,275949,568330
4,2075,292447,276194,568641
5,2075,291076,274117,565193
6,2075,291032,274854,565886
7,2075,290997,274886,565883
8,2075,291455,273560,565015
9,2075,292220,275875,568095
10,2075,291207,275214,566421
11,2075,291288,275553,566841
12,2075,293021,276358,569379
13,2075,294152,276089,570241
14,2075,295132,275773,570905
15,2075,295672,275405,571077
16,2075,296009,275276,571285
17,2075,303498,276207,579705
18,2075,304580,277399,581979
19,2075,307593,280366,587959
20,2075,308648,280447,589095
21,2075,309185,280529,589714
22,2075,309411,280647,590058
23,2075,309775,280616,590391
24,2075,309777,280624,590401
25,2075,309777,280624,590401
26,2075,309777,280624,590401
27,2075,309777,280624,590401
28,2075,309777,280624,590401
29,2075,309777,280624,590401
30,2075,309777,280624,590401
31,2075,309777,280624,590401
32,2075,309777,280624,590401
33,2075,309777,280624,590401
34,2075,309777,280624,590401
35,2075,309777,280624,590401
36,2075,309777,280624,590401
37,2075,309777,280616,590393
38,2075,309777,280616,590393
39,2075,309777,280616,590393
40,2075,309777,280616,590393
41,2075,310523,280709,591232
42,2075,310523,280709,591232
43,2075,310523,280709,591232
44,2075,310523,280709,591232
45,2075,310523,280709,591232
46,2075,310523,280709,591232
47,2075,310523,280709,591232
48,2075,310523,280709,591232
49,2075,310523,280709,591232
50,2075,310523,280709,591232
51,2075,310523,280709,591232
52,2075,310523,280709,591232
53,2075,310523,280709,591232
54,2075,310523,280709,591232
55,2075,310523,280709,591232
56,2075,310523,280709,591232
57,2075,310523,280709,591232
58,2075,310523,280709,591232
59,2075,310523,280709,591232
60,2075,310523,280709,591232
61,2075,310502,280709,591211
62,2075,310482,280709,591191
63,2075,310622,280709,591331
64,2075,310711,280709,591420
65,2075,310776,280709,591485
66,2075,310677,280709,591386
67,2075,310677,280709,591386
68,2075,310677,280709,591386
69,2075,310609,280709,591318
70,2075,310583,280709,591292
71,2075,310117,280695,590812
72,2075,310465,280709,591174
73,2075,310117,280695,590812
74,2075,310117,280695,590812
75,2075,310117,280695,590812
76,2075,310117,280695,590812
77,2075,310117,280695,590812
78,2075,319253,303696,622949
79,2075,314882,303302,618184
80,2075,314483,304209,618692
81,2075,313400,302807,616207
82,2075,313400,302807,616207
83,2075,313400,302807,616207
84,2075,313400,302807,616207
85,2075,313400,302807,616207
86,2075,313400,302807,616207
87,2075,313400,302807,616207
88,2075,313400,302807,616207
89,2075,313400,302807,616207
90,2075,313400,302807,616207
91,2075,313400,302807,616207
92,2075,313400,302807,616207
93,2075,313400,302807,616207
94,2075,313400,302807,616207
95,2075,313400,302807,616207
96,2075,313400,302807,616207
97,2075,313400,302807,616207
98,2075,313400,302807,616207
99,2075,313400,302807,616207
100,2075,313400,302807,616207
0,2075,291929,276118,568047
1,2075,292050,276184,568234
2,2075,292024,276184,568208
3,2075,292099,275673,567772
4,2075,291120,275219,566339
5,2075,290898,274381,565279
6,2075,290201,274869,565070
7,2075,289966,274416,564382
8,2075,293136,274868,568004
9,2075,292151,275983,568134
10,2075,291191,275417,566608
11,2075,292570,276264,568834
12,2075,292503,275712,568215
13,2075,293667,275662,569329
14,2075,296166,275731,571897
15,2075,295497,275115,570612
16,2075,296079,275458,571537
17,2075,303229,276582,579811
18,2075,304477,277399,581876
19,2075,306568,280199,586767
20,2075,308456,280490,588946
21,2075,309412,280464,589876
22,2075,309419,280647,590066
23,2075,309775,280624,590399
24,2075,309777,280624,590401
25,2075,309777,280624,590401
26,2075,309777,280624,590401
27,2075,309777,280624,590401
28,2075,309777,280624,590401
29,2075,309777,280624,590401
30,2075,309777,280624,590401
31,2075,309777,280624,590401
32,2075,309777,280624,590401
33,2075,309777,280624,590401
34,2075,309777,280624,590401
35,2075,309777,280624,590401
36,2075,309777,280624,590401
37,2075,309777,280624,590401
38,2075,309777,280624,590401
39,2075,309777,280624,590401
40,2075,309777,280624,590401
41,2075,310523,280709,591232
42,2075,310523,280709,591232
43,2075,310523,280709,591232
44,2075,310523,280709,591232
45,2075,310523,280709,591232
46,2075,310523,280709,591232
47,2075,310523,280709,591232
48,2075,310523,280709,591232
49,2075,310523,280709,591232
50,2075,310523,280709,591232
51,2075,310523,280709,591232
52,2075,310523,280709,591232
53,2075,310523,280709,591232
54,2075,310523,280709,591232
55,2075,310523,280709,591232
56,2075,310523,280709,591232
57,2075,310523,280709,591232
58,2075,310523,280709,591232
59,2075,310523,280709,591232
60,2075,310523,280709,591232
61,2075,310502,280709,591211
62,2075,310542,280709,591251
63,2075,310622,280709,591331
64,2075,310711,280709,591420
65,2075,310776,280709,591485
66,2075,310677,280709,591386
67,2075,310677,280709,591386
68,2075,310677,280709,591386
69,2075,310609,280709,591318
70,2075,310583,280709,591292
71,2075,310117,280695,590812
72,2075,310465,280709,591174
73,2075,310117,280695,590812
74,2075,310117,280695,590812
75,2075,310117,280695,590812
76,2075,310117,280695,590812
77,2075,310117,280695,590812
78,2075,315391,302409,617800
79,2075,313281,301886,615167
80,2075,313582,303403,616985
81,2075,313300,302781,616081
82,2075,313300,302781,616081
83,2075,313300,302781,616081
84,2075,313300,302781,616081
85,2075,313300,302781,616081
86,2075,313300,302781,616081
87,2075,313300,302781,616081
88,2075,313300,302781,616081
89,2075,313300,302781,616081
90,2075,313300,302781,616081
91,2075,313300,302781,616081
92,2075,313300,302781,616081
93,2075,313300,302781,616081
94,2075,313300,302781,616081
95,2075,313300,302781,616081
96,2075,313300,302781,616081
97,2075,313300,302781,616081
98,2075,313300,302781,616081
99,2075,313300,302781,616081
100,2075,313300,302781,616081
0,2075,290678,274865,565543
1,2075,290646,274600,565246
2,2075,290646,274600,565246
3,2075,292028,275935,567963
4,2075,290806,274931,565737
5,2075,291693,275335,567028
6,2075,289512,272972,562484
7,2075,289426,272773,562199
8,2075,292970,275895,568865
9,2075,292042,275514,567556
10,2075,292198,275741,567939
11,2075,291715,275941,567656
12,2075,292280,275815,568095
13,2075,293958,275737,569695
14,2075,295390,275951,571341
15,2075,295576,275625,571201
16,2075,296316,275830,572146
17,2075,302965,276281,579246
18,2075,304630,277408,582038
19,2075,305272,279385,584657
20,2075,308843,280475,589318
21,2075,308966,280464,589430
22,2075,309419,280616,590035
23,2075,309775,280616,590391
24,2075,309777,280616,590393
25,2075,309777,280616,590393
26,2075,309777,280616,590393
27,2075,309777,280616,590393
28,2075,309777,280616,590393
29,2075,309777,280616,590393
30,2075,309777,280616,590393
31,2075,309777,280616,590393
32,2075,309777,280616,590393
33,2075,309777,280616,590393
34,2075,309777,280616,590393
35,2075,309777,280616,590393
36,2075,309777,280616,590393
37,2075,309777,280616,590393
38,2075,309777,280616,590393
39,2075,309777,280616,590393
40,2075,309777,280616,590393
41,2075,310523,280709,591232
42,2075,310523,280709,591232
43,2075,310523,280709,591232
44,2075,310523,280709,591232
45,2075,310523,280709,591232
46,2075,310523,280709,591232
47,2075,310523,280709,591232
48,2075,310523,280709,591232
49,2075,310523,280709,591232
50,2075,310523,280709,591232
51,2075,310523,280709,591232
52,2075,310523,280709,591232
53,2075,310523,280709,591232
54,2075,310523,280709,591232
55,2075,310523,280709,591232
56,2075,310523,280709,591232
57,2075,310523,280709,591232
58,2075,310523,280709,591232
59,2075,310523,280709,591232
60,2075,310523,280709,591232
61,2075,310502,280709,591211
62,2075,310490,280709,591199
63,2075,310629,280709,591338
64,2075,310711,280709,591420
65,2075,310776,280709,591485
66,2075,310677,280709,591386
67,2075,310677,280709,591386
68,2075,310677,280709,591386
69,2075,310609,280709,591318
70,2075,310583,280709,591292
71,2075,310117,280695,590812
72,2075,310465,280709,591174
73,2075,310117,280695,590812
74,2075,310117,280695,590812
75,2075,310117,280695,590812
76,2075,310117,280695,590812
77,2075,310117,280695,590812
78,2075,314163,302133,616296
79,2075,313574,301568,615142
80,2075,313325,302887,616212
81,2075,314143,304623,618766
82,2075,314143,304623,618766
83,2075,314143,304623,618766
84,2075,314143,304623,618766
85,2075,314143,304623,618766
86,2075,314143,304623,618766
87,2075,314143,304623,618766
88,2075,314143,304623,618766
89,2075,314143,304623,618766
90,2075,314143,304623,618766
91,2075,314143,304623,618766
92,2075,314143,304623,618766
93,2075,314143,304623,618766
94,2075,314143,304623,618766
95,2075,314143,304623,618766
96,2075,314143,304623,618766
97,2075,314143,304623,618766
98,2075,314143,304623,618766
99,2075,314143,304623,618766
100,2075,314143,304623,618766
0,2075,289630,273527,563157
1,2075,289084,272978,562062
2,2075,289096,272978,562074
3,2075,291944,275546,567490
4,2075,290744,274239,564983
5,2075,292628,276596,569224
6,2075,290215,273130,563345
7,2075,290379,273170,563549
8,2075,292789,275868,568657
9,2075,292007,275599,567606
10,2075,292516,276305,568821
11,2075,291831,275642,567473
12,2075,293193,276213,569406
13,2075,294133,275848,569981
14,2075,294756,275557,570313
15,2075,295875,275849,571724
16,2075,296104,275804,571908
17,2075,302976,276373,579349
18,2075,304434,277399,581833
19,2075,305026,279291,584317
20,2075,308802,280475,589277
21,2075,308820,280514,589334
22,2075,309407,280616,590023
23,2075,309775,280624,590399
24,2075,309777,280624,590401
25,2075,309777,280624,590401
26,2075,309777,280624,590401
27,2075,309777,280624,590401
28,2075,309777,280624,590401
29,2075,309777,280624,590401
30,2075,309777,280624,590401
31,2075,309777,280624,590401
32,2075,309777,280624,590401
33,2075,309777,280624,590401
34,2075,309777,280624,590401
35,2075,309777,280624,590401
36,2075,309777,280624,590401
37,2075,309777,280616,590393
38,2075,309777,280616,590393
39,2075,309777,280616,590393
40,2075,309777,280616,590393
41,2075,310523,280709,591232
42,2075,310523,280709,591232
43,2075,310523,280709,591232
44,2075,310523,280709,591232
45,2075,310523,280709,591232
46,2075,310523,280709,591232
47,2075,310523,280709,591232
48,2075,310523,280709,591232
49,2075,310523,280709,591232
50,2075,310523,280709,591232
51,2075,310523,280709,591232
52,2075,310523,280709,591232
53,2075,310523,280709,591232
54,2075,310523,280709,591232
55,2075,310523,280709,591232
56,2075,310523,280709,591232
57,2075,310523,280709,591232
58,2075,310523,280709,591232
59,2075,310523,280709,591232
60,2075,310523,280709,591232
61,2075,310502,280709,591211
62,2075,310482,280709,591191
63,2075,310629,280709,591338
64,2075,310711,280709,591420
65,2075,310776,280709,591485
66,2075,310677,280709,591386
67,2075,310677,280709,591386
68,2075,310677,280709,591386
69,2075,310609,280709,591318
70,2075,310583,280709,591292
71,2075,310117,280695,590812
72,2075,310465,280709,591174
73,2075,310117,280695,590812
74,2075,310117,280695,590812
75,2075,310117,280695,590812
76,2075,310117,280695,590812
77,2075,310117,280695,590812
78,2075,312824,302255,615079
79,2075,312361,301855,614216
80,2075,313545,304204,617749
81,2075,315175,307024,622199
82,2075,315175,307024,622199
83,2075,315175,307024,622199
84,2075,315175,307024,622199
85,2075,315175,307024,622199
86,2075,315175,307024,622199
87,2075,315175,307024,622199
88,2075,315175,307024,622199
89,2075,315175,307024,622199
90,2075,315175,307024,622199
91,2075,315175,307024,622199
92,2075,315175,307024,622199
93,2075,315175,307024,622199
94,2075,315175,307024,622199
95,2075,315175,307024,622199
96,2075,315175,307024,622199
97,2075,315175,307024,622199
98,2075,315175,307024,622199
99,2075,315175,307024,622199
100,2075,315175,307024,622199
0,2075,289931,272729,562660
1,2075,289934,272911,562845
2,2075,289982,272952,562934
3,2075,292195,275576,567771
4,2075,291187,274432,565619
5,2075,291032,274005,565037
6,2075,290574,273727,564301
7,2075,291554,273847,565401
8,2075,292191,275275,567466
9,2075,292300,275900,568200
10,2075,291218,275119,566337
11,2075,292350,275661,568011
12,2075,292533,276111,568644
13,2075,294243,276045,570288
14,2075,294509,275322,569831
15,2075,295696,275954,571650
16,2075,295745,275365,571110
17,2075,302787,276624,579411
18,2075,304700,277408,582108
19,2075,305830,279172,585002
20,2075,308798,280475,589273
21,2075,308721,280514,589235
22,2075,309400,280616,590016
23,2075,309775,280624,590399
24,2075,309777,280624,590401
25,2075,309777,280624,590401
26,2075,309777,280624,590401
27,2075,309777,280624,590401
28,2075,309777,280624,590401
29,2075,309777,280624,590401
30,2075,309777,280624,590401
31,2075,309777,280624,590401
32,2075,309777,280624,590401
33,2075,309777,280624,590401
34,2075,309777,280624,590401
35,2075,309777,280624,590401
36,2075,309777,280624,590401
37,2075,309777,280624,590401
38,2075,309777,280624,590401
39,2075,309777,280624,590401
40,2075,309777,280624,590401
41,2075,310523,280709,591232
42,2075,310523,280709,591232
43,2075,310523,280709,591232
44,2075,310523,280709,591232
45,2075,310523,280709,591232
46,2075,310523,280709,591232
47,2075,310523,280709,591232
48,2075,310523,280709,591232
49,2075,310523,280709,591232
50,2075,310523,280709,591232
51,2075,310523,280709,591232
52,2075,310523,280709,591232
53,2075,310523,280709,591232
54,2075,310523,280709,591232
55,2075,310523,280709,591232
56,2075,310523,280709,591232
57,2075,310523,280709,591232
58,2075,310523,280709,591232
59,2075,310523,280709,591232
60,2075,310523,280709,591232
61,2075,310502,280709,591211
62,2075,310542,280709,591251
63,2075,310622,280709,591331
64,2075,310711,280709,591420
65,2075,310776,280709,591485
66,2075,310677,280709,591386
67,2075,310677,280709,591386
68,2075,310677,280709,591386
69,2075,310609,280709,591318
70,2075,310583,280709,591292
71,2075,310117,280695,590812
72,2075,310465,280709,591174
73,2075,310117,280695,590812
74,2075,310117,280695,590812
75,2075,310117,280695,590812
76,2075,310117,280695,590812
77,2075,310117,280695,590812
78,2075,314312,303031,617343
79,2075,314087,303226,617313
80,2075,313783,305497,619280
81,2075,319234,305827,625061
82,2075,319234,305827,625061
83,2075,319234,305827,625061
84,2075,319234,305827,625061
85,2075,319234,305827,625061
86,2075,319234,305827,625061
87,2075,319234,305827,625061
88,2075,319234,305827,625061
89,2075,319234,305827,625061
90,2075,319234,305827,625061
91,2075,319234,305827,625061
92,2075,319234,305827,625061
93,2075,319234,305827,625061
94,2075,319234,305827,625061
95,2075,319234,305827,625061
96,2075,319234,305827,625061
97,2075,319234,305827,625061
98,2075,319234,305827,625061
99,2075,319234,305827,625061
100,2075,319234,305827,625061
0,2075,290389,273324,563713
1,2075,290357,273423,563780
2,2075,290327,273499,563826
3,2075,292216,275829,568045
4,2075,292652,275969,568621
5,2075,290429,274160,564589
6,2075,291995,274742,566737
7,2075,293131,275594,568725
8,2075,292310,275603,567913
9,2075,292239,275895,568134
10,2075,291305,275231,566536
11,2075,292658,276470,569128
12,2075,291894,275712,567606
13,2075,293818,275668,569486
14,2075,294959,275664,570623
15,2075,295329,275541,570870
16,2075,296065,275365,571430
17,2075,302452,276309,578761
18,2075,304434,277399,581833
19,2075,307640,279219,586859
20,2075,308797,280475,589272
21,2075,309191,280529,589720
22,2075,309411,280647,590058
23,2075,309775,280624,590399
24,2075,309777,280624,590401
25,2075,309777,280624,590401
26,2075,309777,280624,590401
27,2075,309777,280624,590401
28,2075,309777,280624,590401
29,2075,309777,280624,590401
30,2075,309777,280624,590401
31,2075,309777,280624,590401
32,2075,309777,280624,590401
33,2075,309777,280624,590401
34,2075,309777,280624,590401
35,2075,309777,280624,590401
36,2075,309777,280624,590401
37,2075,309777,280624,590401
38,2075,309777,280624,590401
39,2075,309777,280624,590401
40,2075,309777,280624,590401
41,2075,310523,280709,591232
42,2075,310523,280709,591232
43,2075,310523,280709,591232
44,2075,310523,280709,591232
45,2075,310523,280709,591232
46,2075,310523,280709,591232
47,2075,310523,280709,591232
48,2075,310523,280709,591232
49,2075,310523,280709,591232
50,2075,310523,280709,591232
51,2075,310523,280709,591232
52,2075,310523,280709,591232
53,2075,310523,280709,591232
54,2075,310523,280709,591232
55,2075,310523,280709,591232
56,2075,310523,280709,591232
57,2075,310523,280709,591232
58,2075,310523,280709,591232
59,2075,310523,280709,591232
60,2075,310523,280709,591232
61,2075,310502,280709,591211
62,2075,310490,280709,591199
63,2075,310622,280709,591331
64,2075,310711,280709,591420
65,2075,310776,280709,591485
66,2075,310677,280709,591386
67,2075,310677,280709,591386
68,2075,310677,280709,591386
69,2075,310609,280709,591318
70,2075,310583,280709,591292
71,2075,310117,280695,590812
72,2075,310465,280709,591174
73,2075,310117,280695,590812
74,2075,310117,280695,590812
75,2075,310117,280695,590812
76,2075,310117,280695,590812
77,2075,310117,280695,590812
78,2075,314565,303350,617915
79,2075,315463,303836,619299
80,2075,315597,307591,623188
81,2075,318475,306338,624813
82,2075,318475,306338,624813
83,2075,318475,306338,624813
84,2075,318475,306338,624813
85,2075,318475,306338,624813
86,2075,318475,306338,624813
87,2075,318475,306338,624813
88,2075,318475,306338,624813
89,2075,318475,306338,624813
90,2075,318475,306338,624813
91,2075,318475,306338,624813
92,2075,318475,306338,624813
93,2075,318475,306338,624813
94,2075,318475,306338,624813
95,2075,318475,306338,624813
96,2075,318475,306338,624813
97,2075,318475,306338,624813
98,2075,318475,306338,624813
99,2075,318475,306338,624813
100,2075,318475,306338,624813
0,2075,291577,274118,565695
1,2075,291704,274059,565763
2,2075,291728,274070,565798
3,2075,292172,275866,568038
4,2075,292520,275795,568315
5,2075,290894,274103,564997
6,2075,293029,275653,568682
7,2075,293002,275585,568587
8,2075,292514,276161,568675
9,2075,292060,275434,567494
10,2075,292373,275869,568242
11,2075,291521,275321,566842
12,2075,292700,275905,568605
13,2075,293942,275538,569480
14,2075,295205,275997,571202
15,2075,296250,275426,571676
16,2075,296330,275907,572237
17,2075,302651,276235,578886
18,2075,304622,277408,582030
19,2075,308470,279310,587780
20,2075,308804,280475,589279
21,2075,309404,280464,589868
22,2075,309411,280647,590058
23,2075,309775,280624,590399
24,2075,309777,280624,590401
25,2075,309777,280624,590401
26,2075,309777,280624,590401
27,2075,309777,280624,590401
28,2075,309777,280624,590401
29,2075,309777,280624,590401
30,2075,309777,280624,590401
31,2075,309777,280624,590401
32,2075,309777,280624,590401
33,2075,309777,280624,590401
34,2075,309777,280624,590401
35,2075,309777,280624,590401
36,2075,309777,280624,590401
37,2075,309777,280624,590401
38,2075,309777,280624,590401
39,2075,309777,280624,590401
40,2075,309777,280624,590401
41,2075,310523,280709,591232
42,2075,310523,280709,591232
43,2075,310523,280709,591232
44,2075,310523,280709,591232
45,2075,310523,280709,591232
46,2075,310523,280709,591232
47,2075,310523,280709,591232
48,2075,310523,280709,591232
49,2075,310523,280709,591232
50,2075,310523,280709,591232
51,2075,310523,280709,591232
52,2075,310523,280709,591232
53,2075,310523,280709,591232
54,2075,310523,280709,591232
55,2075,310523,280709,591232
56,2075,310523,280709,591232
57,2075,310523,280709,591232
58,2075,310523,280709,591232
59,2075,310523,280709,591232
60,2075,310523,280709,591232
61,2075,310502,280709,591211
62,2075,310482,280709,591191
63,2075,310629,280709,591338
64,2075,310711,280709,591420
65,2075,310776,280709,591485
66,2075,310677,280709,591386
67,2075,310677,280709,591386
68,2075,310677,280709,591386
69,2075,310609,280709,591318
70,2075,310583,280709,591292
71,2075,310117,280695,590812
72,2075,310465,280709,591174
73,2075,310117,280695,590812
74,2075,310117,280695,590812
75,2075,310117,280695,590812
76,2075,310117,280695,590812
77,2075,310117,280695,590812
78,2075,314748,304905,619653
79,2075,315681,305040,620721
80,2075,320100,305595,625695
81,2075,319150,304796,623946
82,2075,319150,304796,623946
83,2075,319150,304796,623946
84,2075,319150,304796,623946
85,2075,319150,304796,623946
86,2075,319150,304796,623946
87,2075,319150,304796,623946
88,2075,319150,304796,623946
89,2075,319150,304796,623946
90,2075,319150,304796,623946
91,2075,319150,304796,623946
92,2075,319150,304796,623946
93,2075,319150,304796,623946
94,2075,319150,304796,623946
95,2075,319150,304796,623946
96,2075,319150,304796,623946
97,2075,319150,304796,623946
98,2075,319150,304796,623946
99,2075,319150,304796,623946
100,2075,319150,304796,623946
0,2075,292691,275252,567943
1,2075,292737,275408,568145
2,2075,292737,275396,568133
3,2075,291909,275660,567569
4,2075,292434,275675,568109
5,2075,292224,276129,568353
6,2075,292989,275830,568819
7,2075,292884,275778,568662
8,2075,291224,275620,566844
9,2075,291990,275557,567547
10,2075,292433,276415,568848
11,2075,291391,275660,567051
12,2075,293221,276798,570019
13,2075,294261,275802,570063
14,2075,297791,275834,573625
15,2075,295951,275686,571637
16,2075,296030,275683,571713
17,2075,302367,276387,578754
18,2075,304434,277399,581833
19,2075,309346,279536,588882
20,2075,308804,280475,589279
21,2075,308966,280464,589430
22,2075,309411,280616,590027
23,2075,309775,280624,590399
24,2075,309777,280624,590401
25,2075,309777,280624,590401
26,2075,309777,280624,590401
27,2075,309777,280624,590401
28,2075,309777,280624,590401
29,2075,309777,280624,590401
30,2075,309777,280624,590401
31,2075,309777,280624,590401
32,2075,309777,280624,590401
33,2075,309777,280624,590401
34,2075,309777,280624,590401
35,2075,309777,280624,590401
36,2075,309777,280624,590401
37,2075,309777,280624,590401
38,2075,309777,280624,590401
39,2075,309777,280624,590401
40,2075,309777,280624,590401
41,2075,310523,280709,591232
42,2075,310523,280709,591232
43,2075,310523,280709,591232
44,2075,310523,280709,591232
45,2075,310523,280709,591232
46,2075,310523,280709,591232
47,2075,310523,280709,591232
48,2075,310523,280709,591232
49,2075,310523,280709,591232
50,2075,310523,280709,591232
51,2075,310523,280709,591232
52,2075,310523,280709,591232
53,2075,310523,280709,591232
54,2075,310523,280709,591232
55,2075,310523,280709,591232
56,2075,310523,280709,591232
57,2075,310523,280709,591232
58,2075,310523,280709,591232
59,2075,310523,280709,591232
60,2075,310523,280709,591232
61,2075,310502,280709,591211
62,2075,310542,280709,591251
63,2075,310629,280709,591338
64,2075,310711,280709,591420
65,2075,310776,280709,591485
66,2075,310677,280709,591386
67,2075,310677,280709,591386
68,2075,310677,280709,591386
69,2075,310609,280709,591318
70,2075,310583,280709,591292
71,2075,310117,280695,590812
72,2075,310465,280709,591174
73,2075,310117,280695,590812
74,2075,310117,280695,590812
75,2075,310117,280695,590812
76,2075,310117,280695,590812
77,2075,310117,280695,590812
78,2075,315901,306651,622552
79,2075,316557,307162,623719
80,2075,319112,306085,625197
81,2075,317302,305907,623209
82,2075,317302,305907,623209
83,2075,317302,305907,623209
84,2075,317302,305907,623209
85,2075,317302,305907,623209
86,2075,317302,305907,623209
87,2075,317302,305907,623209
88,2075,317302,305907,623209
89,2075,317302,305907,623209
90,2075,317302,305907,623209
91,2075,317302,305907,623209
92,2075,317302,305907,623209
93,2075,317302,305907,623209
94,2075,317302,305907,623209
95,2075,317302,305907,623209
96,2075,317302,305907,623209
97,2075,317302,305907,623209
98,2075,317302,305907,623209
99,2075,317302,305907,623209
100,2075,317302,305907,623209
0,2076,292160,275407,567567
1,2076,292160,275407,567567
2,2076,292156,275407,567563
3,2076,292317,275433,567750
4,2076,292459,275435,567894
5,2076,292604,275460,568064
6,2076,292715,275538,568253
7,2076,292699,275529,568228
8,2076,292688,275503,568191
9,2076,292689,275485,568174
10,2076,292704,275551,568255
11,2076,292828,275972,568800
12,2076,293342,276256,569598
13,2076,293719,276375,570094
14,2076,293758,276281,570039
15,2076,293823,276272,570095
16,2076,294123,276355,570478
17,2076,294561,276410,570971
18,2076,295789,276733,572522
19,2076,296731,278188,574919
20,2076,296795,278225,575020
21,2076,296833,278284,575117
22,2076,296862,278532,575394
23,2076,296890,278545,575435
24,2076,296890,278545,575435
25,2076,296890,278545,575435
26,2076,296890,278545,575435
27,2076,296890,278545,575435
28,2076,296890,278545,575435
29,2076,296890,278545,575435
30,2076,296890,278545,575435
31,2076,296890,278545,575435
32,2076,296890,278545,575435
33,2076,296890,278545,575435
34,2076,296890,278545,575435
35,2076,296890,278545,575435
36,2076,296890,278545,575435
37,2076,296890,278545,575435
38,2076,296890,278545,575435
39,2076,296890,278545,575435
40,2076,296890,278545,575435
41,2076,296890,278545,575435
42,2076,296890,278545,575435
43,2076,296890,278545,575435
44,2076,296890,278545,575435
45,2076,296890,278545,575435
46,2076,296881,278545,575426
47,2076,296873,278545,575418
48,2076,296873,278545,575418
49,2076,296873,278545,575418
50,2076,296873,278545,575418
51,2076,296873,278595,575468
52,2076,296873,278595,575468
53,2076,296873,278595,575468
54,2076,296873,278595,575468
55,2076,296873,278595,575468
56,2076,296873,278595,575468
57,2076,296873,278595,575468
58,2076,296873,278595,575468
59,2076,296873,278595,575468
60,2076,296873,278595,575468
61,2076,296873,278595,575468
62,2076,296873,278595,575468
63,2076,296873,278595,575468
64,2076,296825,278595,575420
65,2076,296825,278595,575420
66,2076,296738,278595,575333
67,2076,296738,278595,575333
68,2076,296472,278595,575067
69,2076,296377,278595,574972
70,2076,296237,278595,574832
71,2076,295800,278595,574395
72,2076,295800,278595,574395
73,2076,295461,278595,574056
74,2076,295423,278595,574018
75,2076,295423,278595,574018
76,2076,295423,278595,574018
77,2076,295423,278595,574018
78,2076,295423,279554,574977
79,2076,295423,279363,574786
80,2076,295423,279614,575037
81,2076,295423,279743,575166
82,2076,295423,279743,575166
83,2076,295423,279743,575166
84,2076,295423,279743,575166
85,2076,295423,279743,575166
86,2076,295423,279743,575166
87,2076,295423,279743,575166
88,2076,295423,279743,575166
89,2076,295423,279743,575166
90,2076,295423,279743,575166
91,2076,295423,279743,575166
92,2076,295423,279743,575166
93,2076,295423,279743,575166
94,2076,295423,279743,575166
95,2076,295423,279743,575166
96,2076,295423,279743,575166
97,2076,295423,279743,575166
98,2076,295423,279743,575166
99,2076,295423,279743,575166
100,2076,295423,279743,575166
0,2076,292266,275259,567525
1,2076,292266,275259,567525
2,2076,292259,275259,567518
3,2076,292436,275274,567710
4,2076,292615,275193,567808
5,2076,292741,275299,568040
6,2076,292868,275406,568274
7,2076,292842,275390,568232
8,2076,292820,275364,568184
9,2076,292815,275344,568159
10,2076,292810,275474,568284
11,2076,292862,275699,568561
12,2076,293184,275754,568938
13,2076,293704,275708,569412
14,2076,293937,275800,569737
15,2076,294124,275792,569916
16,2076,294466,275859,570325
17,2076,295672,275850,571522
18,2076,297964,276497,574461
19,2076,298821,278322,577143
20,2076,299958,278491,578449
21,2076,300126,278538,578664
22,2076,300128,279006,579134
23,2076,300136,279020,579156
24,2076,300136,279020,579156
25,2076,300136,279020,579156
26,2076,300136,279020,579156
27,2076,300136,279020,579156
28,2076,300136,279020,579156
29,2076,300136,279020,579156
30,2076,300136,279020,579156
31,2076,300136,279020,579156
32,2076,300136,279020,579156
33,2076,300136,279020,579156
34,2076,300136,279020,579156
35,2076,300136,279020,579156
36,2076,300136,279020,579156
37,2076,300136,279020,579156
38,2076,300136,279020,579156
39,2076,300136,279020,579156
40,2076,300136,279020,579156
41,2076,300136,279020,579156
42,2076,300136,279020,579156
43,2076,300136,279020,579156
44,2076,300538,279020,579558
45,2076,300538,279020,579558
46,2076,300536,279020,579556
47,2076,300528,279020,579548
48,2076,300528,279020,579548
49,2076,300528,279020,579548
50,2076,300528,279020,579548
51,2076,300528,279059,579587
52,2076,300528,279059,579587
53,2076,300528,279059,579587
54,2076,300528,279059,579587
55,2076,300528,279059,579587
56,2076,300528,279059,579587
57,2076,300528,279059,579587
58,2076,300528,279059,579587
59,2076,300528,279059,579587
60,2076,300528,279059,579587
61,2076,300528,279059,579587
62,2076,300528,279059,579587
63,2076,300528,279059,579587
64,2076,300557,279059,579616
65,2076,300557,279059,579616
66,2076,300066,279059,579125
67,2076,300008,279059,579067
68,2076,299613,279059,578672
69,2076,299663,279059,578722
70,2076,299415,279037,578452
71,2076,298888,279037,577925
72,2076,298782,279037,577819
73,2076,298283,278963,577246
74,2076,298238,278963,577201
75,2076,298238,278963,577201
76,2076,298238,278963,577201
77,2076,298238,278963,577201
78,2076,298344,280269,578613
79,2076,298259,280078,578337
80,2076,298344,280826,579170
81,2076,298338,280568,578906
82,2076,298338,280568,578906
83,2076,298338,280568,578906
84,2076,298338,280568,578906
85,2076,298338,280568,578906
86,2076,298338,280568,578906
87,2076,298338,280568,578906
88,2076,298338,280568,578906
89,2076,298338,280568,578906
90,2076,298338,280568,578906
91,2076,298338,280568,578906
92,2076,298338,280568,578906
93,2076,298338,280568,578906
94,2076,298338,280568,578906
95,2076,298338,280568,578906
96,2076,298338,280568,578906
97,2076,298338,280568,578906
98,2076,298338,280568,578906
99,2076,298338,280568,578906
100,2076,298338,280568,578906
0,2076,292274,275413,567687
1,2076,292274,275413,567687
2,2076,292266,275413,567679
3,2076,292417,275347,567764
4,2076,292716,275394,568110
5,2076,292856,275450,568306
6,2076,292910,275526,568436
7,2076,292866,275510,568376
8,2076,292838,275471,568309
9,2076,292865,275477,568342
10,2076,292819,275561,568380
11,2076,292909,275804,568713
12,2076,293366,276259,569625
13,2076,294527,276216,570743
14,2076,294776,276418,571194
15,2076,295034,276413,571447
16,2076,296135,276482,572617
17,2076,297419,276524,573943
18,2076,299982,276890,576872
19,2076,300697,278092,578789
20,2076,300794,278561,579355
21,2076,301474,278636,580110
22,2076,301310,278941,580251
23,2076,301326,278955,580281
24,2076,301326,278955,580281
25,2076,301326,278955,580281
26,2076,301326,278955,580281
27,2076,301326,278955,580281
28,2076,301326,278955,580281
29,2076,301326,278955,580281
30,2076,301326,278955,580281
31,2076,301326,278955,580281
32,2076,301326,278955,580281
33,2076,301326,278955,580281
34,2076,301326,278955,580281
35,2076,301326,278955,580281
36,2076,301326,278955,580281
37,2076,301326,278955,580281
38,2076,301326,278955,580281
39,2076,301326,278955,580281
40,2076,301326,278955,580281
41,2076,301326,278955,580281
42,2076,301326,278955,580281
43,2076,301333,278955,580288
44,2076,303077,279111,582188
45,2076,303077,279111,582188
46,2076,302118,279111,581229
47,2076,302109,279111,581220
48,2076,302109,279111,581220
49,2076,302109,279111,581220
50,2076,302109,279111,581220
51,2076,302109,279149,581258
52,2076,302109,279149,581258
53,2076,302109,279149,581258
54,2076,302109,279149,581258
55,2076,302109,279149,581258
56,2076,302109,279149,581258
57,2076,302109,279149,581258
58,2076,302109,279149,581258
59,2076,302109,279149,581258
60,2076,302109,279149,581258
61,2076,302109,279149,581258
62,2076,302109,279149,581258
63,2076,302109,279149,581258
64,2076,303056,279149,582205
65,2076,303056,279149,582205
66,2076,301751,278994,580745
67,2076,301764,278926,580690
68,2076,301625,278926,580551
69,2076,301693,278926,580619
70,2076,301698,278926,580624
71,2076,302699,279051,581750
72,2076,302614,279051,581665
73,2076,301717,279129,580846
74,2076,301717,279129,580846
75,2076,301717,279129,580846
76,2076,301717,279129,580846
77,2076,301717,279129,580846
78,2076,301618,283834,585452
79,2076,301588,283520,585108
80,2076,301523,283856,585379
81,2076,301545,283856,585401
82,2076,301545,283856,585401
83,2076,301545,283856,585401
84,2076,301545,283856,585401
85,2076,301545,283856,585401
86,2076,301545,283856,585401
87,2076,301545,283856,585401
88,2076,301545,283856,585401
89,2076,301545,283856,585401
90,2076,301545,283856,585401
91,2076,301545,283856,585401
92,2076,301545,283856,585401
93,2076,301545,283856,585401
94,2076,301545,283856,585401
95,2076,301545,283856,585401
96,2076,301545,283856,585401
97,2076,301545,283856,585401
98,2076,301545,283856,585401
99,2076,301545,283856,585401
100,2076,301545,283856,585401
0,2076,292099,274901,567000
1,2076,292099,274901,567000
2,2076,292091,274901,566992
3,2076,292300,274901,567201
4,2076,292463,274931,567394
5,2076,292518,274983,567501
6,2076,292615,275035,567650
7,2076,292607,275057,567664
8,2076,292601,275043,567644
9,2076,292574,275024,567598
10,2076,292549,275055,567604
11,2076,292624,275339,567963
12,2076,293047,275490,568537
13,2076,294584,275590,570174
14,2076,295239,275679,570918
15,2076,297561,275661,573222
16,2076,296031,275360,571391
17,2076,298511,275281,573792
18,2076,300960,276311,577271
19,2076,318140,278178,596318
20,2076,318570,278704,597274
21,2076,307169,279147,586316
22,2076,306963,279195,586158
23,2076,307025,279209,586234
24,2076,307025,279209,586234
25,2076,307025,279209,586234
26,2076,307025,279209,586234
27,2076,307025,279209,586234
28,2076,307025,279209,586234
29,2076,307025,279209,586234
30,2076,307025,279209,586234
31,2076,307025,279209,586234
32,2076,307025,279209,586234
33,2076,307025,279209,586234
34,2076,307025,279209,586234
35,2076,307025,279209,586234
36,2076,307025,279209,586234
37,2076,307025,279209,586234
38,2076,307025,279209,586234
39,2076,307025,279209,586234
40,2076,307025,279209,586234
41,2076,307025,279209,586234
42,2076,307025,279209,586234
43,2076,307025,279209,586234
44,2076,309401,279433,588834
45,2076,309401,279433,588834
46,2076,308138,279364,587502
47,2076,308207,279364,587571
48,2076,308207,279364,587571
49,2076,308207,279364,587571
50,2076,308207,279364,587571
51,2076,308198,279402,587600
52,2076,308198,279402,587600
53,2076,308198,279402,587600
54,2076,308198,279402,587600
55,2076,308198,279402,587600
56,2076,308198,279402,587600
57,2076,308198,279402,587600
58,2076,308198,279402,587600
59,2076,308198,279402,587600
60,2076,308198,279402,587600
61,2076,308198,279402,587600
62,2076,308198,279402,587600
63,2076,308198,279402,587600
64,2076,309449,279472,588921
65,2076,309538,279472,589010
66,2076,307947,279400,587347
67,2076,308227,279400,587627
68,2076,307618,279138,586756
69,2076,307735,279232,586967
70,2076,307742,279123,586865
71,2076,309127,279187,588314
72,2076,308751,279129,587880
73,2076,307179,279129,586308
74,2076,307179,279129,586308
75,2076,307179,279129,586308
76,2076,307179,279129,586308
77,2076,307179,279129,586308
78,2076,306934,286413,593347
79,2076,306862,284996,591858
80,2076,306855,286432,593287
81,2076,306855,286432,593287
82,2076,306855,286432,593287
83,2076,306855,286432,593287
84,2076,306855,286432,593287
85,2076,306855,286432,593287
86,2076,306855,286432,593287
87,2076,306855,286432,593287
88,2076,306855,286432,593287
89,2076,306855,286432,593287
90,2076,306855,286432,593287
91,2076,306855,286432,593287
92,2076,306855,286432,593287
93,2076,306855,286432,593287
94,2076,306855,286432,593287
95,2076,306855,286432,593287
96,2076,306855,286432,593287
97,2076,306855,286432,593287
98,2076,306855,286432,593287
99,2076,306855,286432,593287
100,2076,306855,286432,593287
0,2076,292414,276267,568681
1,2076,292414,276267,568681
2,2076,292410,276267,568677
3,2076,292524,276267,568791
4,2076,292770,276374,569144
5,2076,292782,276405,569187
6,2076,292777,275836,568613
7,2076,292789,275833,568622
8,2076,292809,276105,568914
9,2076,292817,276218,569035
10,2076,292752,276008,568760
11,2076,292786,276013,568799
12,2076,292637,275836,568473
13,2076,294207,275567,569774
14,2076,297544,275452,572996
15,2076,296712,275491,572203
16,2076,295873,275344,571217
17,2076,298696,275638,574334
18,2076,308040,277244,585284
19,2076,310244,279250,589494
20,2076,310992,279343,590335
21,2076,309447,279369,588816
22,2076,309498,279517,589015
23,2076,309548,279517,589065
24,2076,309548,279517,589065
25,2076,309548,279517,589065
26,2076,309548,279517,589065
27,2076,309548,279517,589065
28,2076,309548,279517,589065
29,2076,309548,279517,589065
30,2076,309548,279517,589065
31,2076,309548,279517,589065
32,2076,309548,279517,589065
33,2076,309548,279517,589065
34,2076,309548,279517,589065
35,2076,309548,279517,589065
36,2076,309548,279517,589065
37,2076,309933,279517,589450
38,2076,309933,279517,589450
39,2076,309933,279517,589450
40,2076,309933,279517,589450
41,2076,309933,279517,589450
42,2076,309933,279517,589450
43,2076,309933,279517,589450
44,2076,311218,279445,590663
45,2076,311218,279445,590663
46,2076,311078,279485,590563
47,2076,311078,279485,590563
48,2076,311078,279485,590563
49,2076,311078,279485,590563
50,2076,311078,279485,590563
51,2076,311087,279523,590610
52,2076,311087,279523,590610
53,2076,311087,279523,590610
54,2076,311087,279523,590610
55,2076,311087,279523,590610
56,2076,311087,279523,590610
57,2076,311087,279523,590610
58,2076,311087,279523,590610
59,2076,311087,279523,590610
60,2076,311087,279523,590610
61,2076,311087,279523,590610
62,2076,311087,279523,590610
63,2076,311197,279523,590720
64,2076,311402,279483,590885
65,2076,311494,279483,590977
66,2076,311142,279522,590664
67,2076,311181,279522,590703
68,2076,310276,279498,589774
69,2076,310326,279498,589824
70,2076,310257,279585,589842
71,2076,310672,279598,590270
72,2076,310683,279572,590255
73,2076,309854,279579,589433
74,2076,309854,279579,589433
75,2076,309854,279579,589433
76,2076,309854,279579,589433
77,2076,309854,279579,589433
78,2076,309223,297053,606276
79,2076,309182,295170,604352
80,2076,309215,297002,606217
81,2076,309223,297359,606582
82,2076,309223,297359,606582
83,2076,309223,297359,606582
84,2076,309223,297359,606582
85,2076,309223,297359,606582
86,2076,309223,297359,606582
87,2076,309223,297359,606582
88,2076,309223,297359,606582
89,2076,309223,297359,606582
90,2076,309223,297359,606582
91,2076,309223,297359,606582
92,2076,309223,297359,606582
93,2076,309223,297359,606582
94,2076,309223,297359,606582
95,2076,309223,297359,606582
96,2076,309223,297359,606582
97,2076,309223,297359,606582
98,2076,309223,297359,606582
99,2076,309223,297359,606582
100,2076,309223,297359,606582
0,2076,290839,275033,565872
1,2076,290839,275033,565872
2,2076,290835,275033,565868
3,2076,290937,275233,566170
4,2076,291005,274937,565942
5,2076,291046,275155,566201
6,2076,292232,276240,568472
7,2076,292199,276233,568432
8,2076,291249,275661,566910
9,2076,291199,275601,566800
10,2076,292123,276191,568314
11,2076,292361,276048,568409
12,2076,293171,276060,569231
13,2076,294126,275531,569657
14,2076,296668,275937,572605
15,2076,295244,275388,570632
16,2076,296127,275713,571840
17,2076,298662,276231,574893
18,2076,305162,277907,583069
19,2076,309543,280666,590209
20,2076,310358,280573,590931
21,2076,310236,280007,590243
22,2076,310517,280086,590603
23,2076,310504,280086,590590
24,2076,310504,280086,590590
25,2076,310504,280086,590590
26,2076,310504,280086,590590
27,2076,310504,280086,590590
28,2076,310504,280086,590590
29,2076,310504,280086,590590
30,2076,310504,280086,590590
31,2076,310504,280086,590590
32,2076,310504,280086,590590
33,2076,310504,280086,590590
34,2076,310504,280086,590590
35,2076,310504,280086,590590
36,2076,310504,280086,590590
37,2076,310568,280086,590654
38,2076,310568,280086,590654
39,2076,310568,280086,590654
40,2076,310568,280086,590654
41,2076,310949,280086,591035
42,2076,310949,280086,591035
43,2076,310949,280086,591035
44,2076,311212,280770,591982
45,2076,311212,280770,591982
46,2076,311402,280718,592120
47,2076,311402,280718,592120
48,2076,311402,280718,592120
49,2076,311402,280718,592120
50,2076,311402,280718,592120
51,2076,311402,280757,592159
52,2076,311402,280757,592159
53,2076,311402,280757,592159
54,2076,311402,280757,592159
55,2076,311402,280757,592159
56,2076,311402,280757,592159
57,2076,311402,280757,592159
58,2076,311402,280757,592159
59,2076,311402,280757,592159
60,2076,311402,280757,592159
61,2076,311402,280757,592159
62,2076,311402,280757,592159
63,2076,311500,280757,592257
64,2076,311363,280826,592189
65,2076,311724,280826,592550
66,2076,311611,280757,592368
67,2076,311478,280757,592235
68,2076,311136,280282,591418
69,2076,311224,280386,591610
70,2076,311089,280359,591448
71,2076,311023,280782,591805
72,2076,311415,280757,592172
73,2076,310475,280113,590588
74,2076,310475,280113,590588
75,2076,310475,280113,590588
76,2076,310475,280113,590588
77,2076,310475,280113,590588
78,2076,312080,301426,613506
79,2076,311717,300216,611933
80,2076,312078,301550,613628
81,2076,312097,305369,617466
82,2076,312097,305369,617466
83,2076,312097,305369,617466
84,2076,312097,305369,617466
85,2076,312097,305369,617466
86,2076,312097,305369,617466
87,2076,312097,305369,617466
88,2076,312097,305369,617466
89,2076,312097,305369,617466
90,2076,312097,305369,617466
91,2076,312097,305369,617466
92,2076,312097,305369,617466
93,2076,312097,305369,617466
94,2076,312097,305369,617466
95,2076,312097,305369,617466
96,2076,312097,305369,617466
97,2076,312097,305369,617466
98,2076,312097,305369,617466
99,2076,312097,305369,617466
100,2076,312097,305369,617466
0,2076,289659,274603,564262
1,2076,289659,274603,564262
2,2076,289665,274603,564268
3,2076,290131,274992,565123
4,2076,290075,275018,565093
5,2076,290517,275453,565970
6,2076,291142,275727,566869
7,2076,291129,275727,566856
8,2076,291983,276029,568012
9,2076,291141,275810,566951
10,2076,291146,275616,566762
11,2076,292016,276074,568090
12,2076,292897,276138,569035
13,2076,294262,276019,570281
14,2076,294683,275572,570255
15,2076,297679,275397,573076
16,2076,295993,275946,571939
17,2076,298812,276626,575438
18,2076,303893,278118,582011
19,2076,307392,280296,587688
20,2076,308113,280287,588400
21,2076,310267,280533,590800
22,2076,310619,280734,591353
23,2076,310685,280734,591419
24,2076,310685,280734,591419
25,2076,310685,280734,591419
26,2076,310685,280734,591419
27,2076,310685,280734,591419
28,2076,310685,280734,591419
29,2076,310685,280734,591419
30,2076,310685,280734,591419
31,2076,310685,280734,591419
32,2076,310685,280734,591419
33,2076,310685,280734,591419
34,2076,310685,280734,591419
35,2076,310685,280734,591419
36,2076,310685,280734,591419
37,2076,310706,280734,591440
38,2076,310706,280734,591440
39,2076,310706,280734,591440
40,2076,310706,280734,591440
41,2076,311060,280758,591818
42,2076,311060,280758,591818
43,2076,311060,280758,591818
44,2076,310515,280639,591154
45,2076,310515,280639,591154
46,2076,310557,280639,591196
47,2076,310557,280639,591196
48,2076,310557,280639,591196
49,2076,310557,280639,591196
50,2076,310557,280639,591196
51,2076,310557,280639,591196
52,2076,310557,280639,591196
53,2076,310557,280639,591196
54,2076,310557,280639,591196
55,2076,310557,280639,591196
56,2076,310557,280639,591196
57,2076,310557,280639,591196
58,2076,310557,280639,591196
59,2076,310557,280639,591196
60,2076,310557,280639,591196
61,2076,310557,280639,591196
62,2076,310557,280639,591196
63,2076,310910,280639,591549
64,2076,310761,280639,591400
65,2076,311033,280639,591672
66,2076,311135,280672,591807
67,2076,310932,280639,591571
68,2076,311116,280771,591887
69,2076,311041,280703,591744
70,2076,310992,280666,591658
71,2076,310516,280639,591155
72,2076,310473,280639,591112
73,2076,311008,280697,591705
74,2076,311008,280697,591705
75,2076,311008,280697,591705
76,2076,311008,280697,591705
77,2076,311008,280697,591705
78,2076,314470,302480,616950
79,2076,314144,302411,616555
80,2076,314352,302829,617181
81,2076,316242,304224,620466
82,2076,316242,304224,620466
83,2076,316242,304224,620466
84,2076,316242,304224,620466
85,2076,316242,304224,620466
86,2076,316242,304224,620466
87,2076,316242,304224,620466
88,2076,316242,304224,620466
89,2076,316242,304224,620466
90,2076,316242,304224,620466
91,2076,316242,304224,620466
92,2076,316242,304224,620466
93,2076,316242,304224,620466
94,2076,316242,304224,620466
95,2076,316242,304224,620466
96,2076,316242,304224,620466
97,2076,316242,304224,620466
98,2076,316242,304224,620466
99,2076,316242,304224,620466
100,2076,316242,304224,620466
0,2076,289139,272661,561800
1,2076,289139,272661,561800
2,2076,289140,272661,561801
3,2076,289119,272764,561883
4,2076,289360,272455,561815
5,2076,290329,273837,564166
6,2076,290582,275044,565626
7,2076,290513,275001,565514
8,2076,291822,275327,567149
9,2076,292040,275205,567245
10,2076,290765,275121,565886
11,2076,291646,275629,567275
12,2076,292463,275852,568315
13,2076,293960,275907,569867
14,2076,294086,274870,568956
15,2076,297101,275906,573007
16,2076,295988,275549,571537
17,2076,299178,275915,575093
18,2076,303074,277430,580504
19,2076,305532,280384,585916
20,2076,307797,280492,588289
21,2076,309263,280395,589658
22,2076,309846,280601,590447
23,2076,310066,280601,590667
24,2076,310068,280601,590669
25,2076,310068,280601,590669
26,2076,310068,280601,590669
27,2076,310068,280601,590669
28,2076,310068,280601,590669
29,2076,310068,280601,590669
30,2076,310068,280601,590669
31,2076,310068,280601,590669
32,2076,310068,280601,590669
33,2076,310068,280601,590669
34,2076,310068,280601,590669
35,2076,310068,280601,590669
36,2076,310068,280601,590669
37,2076,310106,280601,590707
38,2076,310106,280601,590707
39,2076,310106,280601,590707
40,2076,310106,280601,590707
41,2076,310504,280601,591105
42,2076,310504,280601,591105
43,2076,310504,280601,591105
44,2076,310371,280615,590986
45,2076,310371,280615,590986
46,2076,310431,280601,591032
47,2076,310431,280601,591032
48,2076,310431,280601,591032
49,2076,310431,280601,591032
50,2076,310431,280601,591032
51,2076,310431,280601,591032
52,2076,310431,280601,591032
53,2076,310431,280601,591032
54,2076,310431,280601,591032
55,2076,310431,280601,591032
56,2076,310431,280601,591032
57,2076,310431,280601,591032
58,2076,310431,280601,591032
59,2076,310431,280601,591032
60,2076,310425,280601,591026
61,2076,310396,280601,590997
62,2076,310384,280601,590985
63,2076,310452,280601,591053
64,2076,310622,280615,591237
65,2076,310565,280615,591180
66,2076,310466,280601,591067
67,2076,310560,280601,591161
68,2076,310503,280601,591104
69,2076,310459,280601,591060
70,2076,310415,280601,591016
71,2076,310321,280601,590922
72,2076,310394,280611,591005
73,2076,310297,280601,590898
74,2076,310297,280601,590898
75,2076,310297,280601,590898
76,2076,310297,280601,590898
77,2076,310297,280601,590898
78,2076,316765,303090,619855
79,2076,316576,303067,619643
80,2076,316701,303735,620436
81,2076,316971,305349,622320
82,2076,316971,305349,622320
83,2076,316971,305349,622320
84,2076,316971,305349,622320
85,2076,316971,305349,622320
86,2076,316971,305349,622320
87,2076,316971,305349,622320
88,2076,316971,305349,622320
89,2076,316971,305349,622320
90,2076,316971,305349,622320
91,2076,316971,305349,622320
92,2076,316971,305349,622320
93,2076,316971,305349,622320
94,2076,316971,305349,622320
95,2076,316971,305349,622320
96,2076,316971,305349,622320
97,2076,316971,305349,622320
98,2076,316971,305349,622320
99,2076,316971,305349,622320
100,2076,316971,305349,622320
0,2076,290394,273022,563416
1,2076,290394,272960,563354
2,2076,290359,272960,563319
3,2076,290259,272886,563145
4,2076,290454,272808,563262
5,2076,291611,274441,566052
6,2076,290844,274238,565082
7,2076,290993,274439,565432
8,2076,292558,275788,568346
9,2076,292683,276220,568903
10,2076,290916,274282,565198
11,2076,292270,275799,568069
12,2076,292527,276121,568648
13,2076,293904,275836,569740
14,2076,293814,275619,569433
15,2076,296491,275550,572041
16,2076,296013,275404,571417
17,2076,300549,276014,576563
18,2076,303703,277256,580959
19,2076,304886,279668,584554
20,2076,307763,280642,588405
21,2076,308577,280432,589009
22,2076,309209,280601,589810
23,2076,309657,280601,590258
24,2076,309658,280601,590259
25,2076,309658,280601,590259
26,2076,309658,280601,590259
27,2076,309658,280601,590259
28,2076,309658,280601,590259
29,2076,309658,280601,590259
30,2076,309658,280601,590259
31,2076,309658,280601,590259
32,2076,309658,280601,590259
33,2076,309658,280601,590259
34,2076,309658,280601,590259
35,2076,309658,280601,590259
36,2076,309658,280601,590259
37,2076,309666,280681,590347
38,2076,309666,280681,590347
39,2076,309666,280681,590347
40,2076,309666,280681,590347
41,2076,310400,280705,591105
42,2076,310400,280705,591105
43,2076,310400,280705,591105
44,2076,310418,280719,591137
45,2076,310418,280719,591137
46,2076,310454,280719,591173
47,2076,310454,280719,591173
48,2076,310454,280719,591173
49,2076,310454,280719,591173
50,2076,310454,280719,591173
51,2076,310454,280719,591173
52,2076,310454,280719,591173
53,2076,310454,280719,591173
54,2076,310454,280719,591173
55,2076,310454,280719,591173
56,2076,310454,280719,591173
57,2076,310454,280719,591173
58,2076,310454,280719,591173
59,2076,310454,280719,591173
60,2076,310454,280719,591173
61,2076,310425,280719,591144
62,2076,310355,280719,591074
63,2076,310557,280719,591276
64,2076,310622,280709,591331
65,2076,310657,280709,591366
66,2076,310551,280719,591270
67,2076,310578,280709,591287
68,2076,310595,280719,591314
69,2076,310527,280719,591246
70,2076,310501,280719,591220
71,2076,310167,280719,590886
72,2076,310365,280719,591084
73,2076,310097,280705,590802
74,2076,310097,280705,590802
75,2076,310097,280705,590802
76,2076,310097,280705,590802
77,2076,310097,280705,590802
78,2076,316031,304649,620680
79,2076,316015,304523,620538
80,2076,316491,304884,621375
81,2076,317021,307179,624200
82,2076,317021,307179,624200
83,2076,317021,307179,624200
84,2076,317021,307179,624200
85,2076,317021,307179,624200
86,2076,317021,307179,624200
87,2076,317021,307179,624200
88,2076,317021,307179,624200
89,2076,317021,307179,624200
90,2076,317021,307179,624200
91,2076,317021,307179,624200
92,2076,317021,307179,624200
93,2076,317021,307179,624200
94,2076,317021,307179,624200
95,2076,317021,307179,624200
96,2076,317021,307179,624200
97,2076,317021,307179,624200
98,2076,317021,307179,624200
99,2076,317021,307179,624200
100,2076,317021,307179,624200
0,2076,291389,273588,564977
1,2076,291361,273588,564949
2,2076,291342,273588,564930
3,2076,290486,273473,563959
4,2076,291427,273538,564965
5,2076,292690,275544,568234
6,2076,291841,274747,566588
7,2076,291918,275199,567117
8,2076,292254,275800,568054
9,2076,291248,275379,566627
10,2076,292120,274848,566968
11,2076,292386,276244,568630
12,2076,292471,275750,568221
13,2076,293842,275635,569477
14,2076,294684,275923,570607
15,2076,295202,274951,570153
16,2076,296309,275544,571853
17,2076,300680,275961,576641
18,2076,306176,277396,583572
19,2076,304844,279082,583926
20,2076,307760,280252,588012
21,2076,308575,280608,589183
22,2076,309265,280695,589960
23,2076,309759,280695,590454
24,2076,309761,280695,590456
25,2076,309761,280695,590456
26,2076,309761,280695,590456
27,2076,309761,280695,590456
28,2076,309761,280695,590456
29,2076,309761,280695,590456
30,2076,309761,280695,590456
31,2076,309761,280695,590456
32,2076,309761,280695,590456
33,2076,309761,280695,590456
34,2076,309761,280695,590456
35,2076,309761,280695,590456
36,2076,309761,280695,590456
37,2076,309760,280695,590455
38,2076,309760,280695,590455
39,2076,309760,280695,590455
40,2076,309760,280695,590455
41,2076,310532,280719,591251
42,2076,310532,280719,591251
43,2076,310532,280719,591251
44,2076,310612,280709,591321
45,2076,310612,280709,591321
46,2076,310612,280709,591321
47,2076,310612,280709,591321
48,2076,310612,280709,591321
49,2076,310612,280709,591321
50,2076,310612,280709,591321
51,2076,310612,280709,591321
52,2076,310612,280709,591321
53,2076,310612,280709,591321
54,2076,310612,280709,591321
55,2076,310612,280709,591321
56,2076,310612,280709,591321
57,2076,310612,280709,591321
58,2076,310612,280709,591321
59,2076,310612,280709,591321
60,2076,310612,280709,591321
61,2076,310583,280709,591292
62,2076,310342,280719,591061
63,2076,310663,280709,591372
64,2076,310791,280709,591500
65,2076,310817,280709,591526
66,2076,310711,280709,591420
67,2076,310719,280709,591428
68,2076,310627,280709,591336
69,2076,310569,280709,591278
70,2076,310553,280709,591262
71,2076,310114,280719,590833
72,2076,310402,280719,591121
73,2076,310099,280695,590794
74,2076,310099,280695,590794
75,2076,310099,280695,590794
76,2076,310099,280695,590794
77,2076,310099,280695,590794
78,2076,316416,306500,622916
79,2076,316414,306851,623265
80,2076,317112,306603,623715
81,2076,320548,305311,625859
82,2076,320548,305311,625859
83,2076,320548,305311,625859
84,2076,320548,305311,625859
85,2076,320548,305311,625859
86,2076,320548,305311,625859
87,2076,320548,305311,625859
88,2076,320548,305311,625859
89,2076,320548,305311,625859
90,2076,320548,305311,625859
91,2076,320548,305311,625859
92,2076,320548,305311,625859
93,2076,320548,305311,625859
94,2076,320548,305311,625859
95,2076,320548,305311,625859
96,2076,320548,305311,625859
97,2076,320548,305311,625859
98,2076,320548,305311,625859
99,2076,320548,305311,625859
100,2076,320548,305311,625859
0,2076,292751,275522,568273
1,2076,292768,275518,568286
2,2076,292769,275518,568287
3,2076,291789,274356,566145
4,2076,293025,274710,567735
5,2076,292813,276399,569212
6,2076,292765,276223,568988
7,2076,292672,276268,568940
8,2076,292330,276276,568606
9,2076,291393,275989,567382
10,2076,292673,276157,568830
11,2076,291584,275622,567206
12,2076,292581,275830,568411
13,2076,294134,275933,570067
14,2076,295041,276344,571385
15,2076,297727,275310,573037
16,2076,296109,275747,571856
17,2076,313874,275931,589805
18,2076,305144,277547,582691
19,2076,305947,279202,585149
20,2076,308539,280233,588772
21,2076,309150,280634,589784
22,2076,309340,280727,590067
23,2076,309735,280695,590430
24,2076,309736,280695,590431
25,2076,309736,280695,590431
26,2076,309736,280695,590431
27,2076,309736,280695,590431
28,2076,309736,280695,590431
29,2076,309736,280695,590431
30,2076,309736,280695,590431
31,2076,309736,280695,590431
32,2076,309736,280695,590431
33,2076,309736,280695,590431
34,2076,309736,280695,590431
35,2076,309736,280695,590431
36,2076,309736,280695,590431
37,2076,309736,280695,590431
38,2076,309736,280695,590431
39,2076,309736,280695,590431
40,2076,309736,280695,590431
41,2076,310615,280709,591324
42,2076,310615,280709,591324
43,2076,310615,280709,591324
44,2076,310580,280709,591289
45,2076,310580,280709,591289
46,2076,310589,280709,591298
47,2076,310589,280709,591298
48,2076,310589,280709,591298
49,2076,310589,280709,591298
50,2076,310589,280709,591298
51,2076,310589,280709,591298
52,2076,310589,280709,591298
53,2076,310589,280709,591298
54,2076,310589,280709,591298
55,2076,310589,280709,591298
56,2076,310589,280709,591298
57,2076,310589,280709,591298
58,2076,310589,280709,591298
59,2076,310589,280709,591298
60,2076,310589,280709,591298
61,2076,310560,280709,591269
62,2076,310362,280719,591081
63,2076,310688,280709,591397
64,2076,310777,280709,591486
65,2076,310815,280709,591524
66,2076,310706,280709,591415
67,2076,310743,280709,591452
68,2076,310757,280709,591466
69,2076,310692,280709,591401
70,2076,310676,280709,591385
71,2076,310183,280695,590878
72,2076,310549,280719,591268
73,2076,310133,280695,590828
74,2076,310133,280695,590828
75,2076,310133,280695,590828
76,2076,310133,280695,590828
77,2076,310133,280695,590828
78,2076,319143,305453,624596
79,2076,319327,305676,625003
80,2076,319274,305068,624342
81,2076,318978,306401,625379
82,2076,318978,306401,625379
83,2076,318978,306401,625379
84,2076,318978,306401,625379
85,2076,318978,306401,625379
86,2076,318978,306401,625379
87,2076,318978,306401,625379
88,2076,318978,306401,625379
89,2076,318978,306401,625379
90,2076,318978,306401,625379
91,2076,318978,306401,625379
92,2076,318978,306401,625379
93,2076,318978,306401,625379
94,2076,318978,306401,625379
95,2076,318978,306401,625379
96,2076,318978,306401,625379
97,2076,318978,306401,625379
98,2076,318978,306401,625379
99,2076,318978,306401,625379
100,2076,318978,306401,625379
0,2076,292327,275510,567837
1,2076,292327,275659,567986
2,2076,292320,275647,567967
3,2076,292875,275527,568402
4,2076,292828,275721,568549
5,2076,291154,274409,565563
6,2076,291431,275516,566947
7,2076,291405,275336,566741
8,2076,290990,275061,566051
9,2076,292128,275695,567823
10,2076,291559,275769,567328
11,2076,291377,275586,566963
12,2076,293155,276000,569155
13,2076,294189,275958,570147
14,2076,295769,275717,571486
15,2076,297153,275649,572802
16,2076,295944,275372,571316
17,2076,307331,276682,584013
18,2076,304499,277441,581940
19,2076,307335,279222,586557
20,2076,309367,280247,589614
21,2076,309425,280514,589939
22,2076,309452,280752,590204
23,2076,309762,280695,590457
24,2076,309764,280695,590459
25,2076,309764,280695,590459
26,2076,309764,280695,590459
27,2076,309764,280695,590459
28,2076,309764,280695,590459
29,2076,309764,280695,590459
30,2076,309764,280695,590459
31,2076,309764,280695,590459
32,2076,309764,280695,590459
33,2076,309764,280695,590459
34,2076,309764,280695,590459
35,2076,309764,280695,590459
36,2076,309764,280695,590459
37,2076,309738,280695,590433
38,2076,309738,280695,590433
39,2076,309738,280695,590433
40,2076,309738,280695,590433
41,2076,310581,280709,591290
42,2076,310581,280709,591290
43,2076,310581,280709,591290
44,2076,310522,280709,591231
45,2076,310522,280709,591231
46,2076,310522,280709,591231
47,2076,310522,280709,591231
48,2076,310522,280709,591231
49,2076,310522,280709,591231
50,2076,310522,280709,591231
51,2076,310522,280709,591231
52,2076,310522,280709,591231
53,2076,310522,280709,591231
54,2076,310522,280709,591231
55,2076,310522,280709,591231
56,2076,310522,280709,591231
57,2076,310522,280709,591231
58,2076,310522,280709,591231
59,2076,310522,280709,591231
60,2076,310522,280709,591231
61,2076,310493,280709,591202
62,2076,310500,280719,591219
63,2076,310622,280709,591331
64,2076,310711,280709,591420
65,2076,310854,280709,591563
66,2076,310736,280709,591445
67,2076,310677,280709,591386
68,2076,310743,280709,591452
69,2076,310668,280709,591377
70,2076,310642,280709,591351
71,2076,310117,280719,590836
72,2076,310404,280709,591113
73,2076,310176,280695,590871
74,2076,310176,280695,590871
75,2076,310176,280695,590871
76,2076,310176,280695,590871
77,2076,310176,280695,590871
78,2076,317218,306629,623847
79,2076,317604,306070,623674
80,2076,317715,306312,624027
81,2076,319435,304795,624230
82,2076,319435,304795,624230
83,2076,319435,304795,624230
84,2076,319435,304795,624230
85,2076,319435,304795,624230
86,2076,319435,304795,624230
87,2076,319435,304795,624230
88,2076,319435,304795,624230
89,2076,319435,304795,624230
90,2076,319435,304795,624230
91,2076,319435,304795,624230
92,2076,319435,304795,624230
93,2076,319435,304795,624230
94,2076,319435,304795,624230
95,2076,319435,304795,624230
96,2076,319435,304795,624230
97,2076,319435,304795,624230
98,2076,319435,304795,624230
99,2076,319435,304795,624230
100,2076,319435,304795,624230
0,2076,292237,275533,567770
1,2076,292258,275489,567747
2,2076,292255,275489,567744
3,2076,292520,275565,568085
4,2076,292646,275922,568568
5,2076,290941,274761,565702
6,2076,291650,275540,567190
7,2076,291571,275602,567173
8,2076,290150,274568,564718
9,2076,292443,275886,568329
10,2076,291915,275595,567510
11,2076,292561,275926,568487
12,2076,293011,276402,569413
13,2076,293947,275772,569719
14,2076,294479,275523,570002
15,2076,297722,275788,573510
16,2076,296132,275359,571491
17,2076,303346,276680,580026
18,2076,304374,277451,581825
19,2076,307952,279352,587304
20,2076,309700,280525,590225
21,2076,308980,280464,589444
22,2076,309470,280601,590071
23,2076,309775,280616,590391
24,2076,309777,280616,590393
25,2076,309777,280616,590393
26,2076,309777,280616,590393
27,2076,309777,280616,590393
28,2076,309777,280616,590393
29,2076,309777,280616,590393
30,2076,309777,280616,590393
31,2076,309777,280616,590393
32,2076,309777,280616,590393
33,2076,309777,280616,590393
34,2076,309777,280616,590393
35,2076,309777,280616,590393
36,2076,309777,280616,590393
37,2076,309777,280616,590393
38,2076,309777,280616,590393
39,2076,309777,280616,590393
40,2076,309777,280616,590393
41,2076,310522,280709,591231
42,2076,310522,280709,591231
43,2076,310522,280709,591231
44,2076,310523,280709,591232
45,2076,310523,280709,591232
46,2076,310523,280709,591232
47,2076,310523,280709,591232
48,2076,310523,280709,591232
49,2076,310523,280709,591232
50,2076,310523,280709,591232
51,2076,310523,280709,591232
52,2076,310523,280709,591232
53,2076,310523,280709,591232
54,2076,310523,280709,591232
55,2076,310523,280709,591232
56,2076,310523,280709,591232
57,2076,310523,280709,591232
58,2076,310523,280709,591232
59,2076,310523,280709,591232
60,2076,310523,280709,591232
61,2076,310494,280709,591203
62,2076,310481,280709,591190
63,2076,310622,280709,591331
64,2076,310711,280709,591420
65,2076,310728,280709,591437
66,2076,310677,280709,591386
67,2076,310677,280709,591386
68,2076,310677,280709,591386
69,2076,310602,280709,591311
70,2076,310576,280709,591285
71,2076,310117,280695,590812
72,2076,310481,280719,591200
73,2076,310143,280719,590862
74,2076,310143,280719,590862
75,2076,310143,280719,590862
76,2076,310143,280719,590862
77,2076,310143,280719,590862
78,2076,319280,304872,624152
79,2076,317218,306403,623621
80,2076,318885,305538,624423
81,2076,315816,304901,620717
82,2076,315816,304901,620717
83,2076,315816,304901,620717
84,2076,315816,304901,620717
85,2076,315816,304901,620717
86,2076,315816,304901,620717
87,2076,315816,304901,620717
88,2076,315816,304901,620717
89,2076,315816,304901,620717
90,2076,315816,304901,620717
91,2076,315816,304901,620717
92,2076,315816,304901,620717
93,2076,315816,304901,620717
94,2076,315816,304901,620717
95,2076,315816,304901,620717
96,2076,315816,304901,620717
97,2076,315816,304901,620717
98,2076,315816,304901,620717
99,2076,315816,304901,620717
100,2076,315816,304901,620717
0,2076,292050,274642,566692
1,2076,291992,274566,566558
2,2076,292049,274566,566615
3,2076,292288,275393,567681
4,2076,292350,275433,567783
5,2076,291665,275418,567083
6,2076,292616,275683,568299
7,2076,292591,275714,568305
8,2076,289388,272724,562112
9,2076,292120,275796,567916
10,2076,292494,275697,568191
11,2076,292571,276455,569026
12,2076,292461,275605,568066
13,2076,293891,275625,569516
14,2076,294576,275565,570141
15,2076,296947,275357,572304
16,2076,296197,275623,571820
17,2076,302139,276579,578718
18,2076,304368,277408,581776
19,2076,309074,279536,588610
20,2076,308796,280425,589221
21,2076,308818,280514,589332
22,2076,309431,280601,590032
23,2076,309749,280616,590365
24,2076,309751,280616,590367
25,2076,309751,280616,590367
26,2076,309751,280616,590367
27,2076,309751,280616,590367
28,2076,309751,280616,590367
29,2076,309751,280616,590367
30,2076,309751,280616,590367
31,2076,309751,280616,590367
32,2076,309751,280616,590367
33,2076,309751,280616,590367
34,2076,309751,280616,590367
35,2076,309751,280616,590367
36,2076,309751,280616,590367
37,2076,309751,280616,590367
38,2076,309751,280616,590367
39,2076,309751,280616,590367
40,2076,309751,280616,590367
41,2076,310523,280709,591232
42,2076,310523,280709,591232
43,2076,310523,280709,591232
44,2076,310523,280709,591232
45,2076,310523,280709,591232
46,2076,310523,280709,591232
47,2076,310523,280709,591232
48,2076,310523,280709,591232
49,2076,310523,280709,591232
50,2076,310523,280709,591232
51,2076,310523,280709,591232
52,2076,310523,280709,591232
53,2076,310523,280709,591232
54,2076,310523,280709,591232
55,2076,310523,280709,591232
56,2076,310523,280709,591232
57,2076,310523,280709,591232
58,2076,310523,280709,591232
59,2076,310523,280709,591232
60,2076,310523,280709,591232
61,2076,310502,280709,591211
62,2076,310533,280709,591242
63,2076,310629,280709,591338
64,2076,310711,280709,591420
65,2076,310748,280709,591457
66,2076,310677,280709,591386
67,2076,310677,280709,591386
68,2076,310677,280709,591386
69,2076,310602,280709,591311
70,2076,310576,280709,591285
71,2076,310117,280695,590812
72,2076,310465,280709,591174
73,2076,310117,280719,590836
74,2076,310117,280719,590836
75,2076,310117,280719,590836
76,2076,310117,280719,590836
77,2076,310117,280719,590836
78,2076,317018,305496,622514
79,2076,319763,304916,624679
80,2076,316558,305659,622217
81,2076,315093,304229,619322
82,2076,315093,304229,619322
83,2076,315093,304229,619322
84,2076,315093,304229,619322
85,2076,315093,304229,619322
86,2076,315093,304229,619322
87,2076,315093,304229,619322
88,2076,315093,304229,619322
89,2076,315093,304229,619322
90,2076,315093,304229,619322
91,2076,315093,304229,619322
92,2076,315093,304229,619322
93,2076,315093,304229,619322
94,2076,315093,304229,619322
95,2076,315093,304229,619322
96,2076,315093,304229,619322
97,2076,315093,304229,619322
98,2076,315093,304229,619322
99,2076,315093,304229,619322
100,2076,315093,304229,619322
0,2076,292467,275809,568276
1,2076,292460,275777,568237
2,2076,292457,275777,568234
3,2076,292245,275154,567399
4,2076,292274,275644,567918
5,2076,292620,276606,569226
6,2076,292731,276392,569123
7,2076,292547,276434,568981
8,2076,290424,273014,563438
9,2076,292125,275680,567805
10,2076,292649,276206,568855
11,2076,291627,275325,566952
12,2076,292214,276093,568307
13,2076,294275,275933,570208
14,2076,294898,275677,570575
15,2076,296696,275498,572194
16,2076,296083,275608,571691
17,2076,302392,276114,578506
18,2076,304800,277408,582208
19,2076,308341,280112,588453
20,2076,308246,280444,588690
21,2076,308721,280514,589235
22,2076,309400,280616,590016
23,2076,309775,280616,590391
24,2076,309777,280616,590393
25,2076,309777,280616,590393
26,2076,309777,280616,590393
27,2076,309777,280616,590393
28,2076,309777,280616,590393
29,2076,309777,280616,590393
30,2076,309777,280616,590393
31,2076,309777,280616,590393
32,2076,309777,280616,590393
33,2076,309777,280616,590393
34,2076,309777,280616,590393
35,2076,309777,280616,590393
36,2076,309777,280616,590393
37,2076,309751,280616,590367
38,2076,309751,280616,590367
39,2076,309751,280616,590367
40,2076,309751,280616,590367
41,2076,310523,280709,591232
42,2076,310523,280709,591232
43,2076,310523,280709,591232
44,2076,310523,280709,591232
45,2076,310523,280709,591232
46,2076,310523,280709,591232
47,2076,310523,280709,591232
48,2076,310523,280709,591232
49,2076,310523,280709,591232
50,2076,310523,280709,591232
51,2076,310523,280709,591232
52,2076,310523,280709,591232
53,2076,310523,280709,591232
54,2076,310523,280709,591232
55,2076,310523,280709,591232
56,2076,310523,280709,591232
57,2076,310523,280709,591232
58,2076,310523,280709,591232
59,2076,310523,280709,591232
60,2076,310523,280709,591232
61,2076,310502,280709,591211
62,2076,310490,280709,591199
63,2076,310629,280709,591338
64,2076,310711,280709,591420
65,2076,310728,280709,591437
66,2076,310677,280709,591386
67,2076,310677,280709,591386
68,2076,310677,280709,591386
69,2076,310609,280709,591318
70,2076,310583,280709,591292
71,2076,310117,280695,590812
72,2076,310465,280709,591174
73,2076,310117,280695,590812
74,2076,310117,280695,590812
75,2076,310117,280695,590812
76,2076,310117,280695,590812
77,2076,310117,280695,590812
78,2076,315589,306728,622317
79,2076,317850,304290,622140
80,2076,315286,304700,619986
81,2076,313486,303270,616756
82,2076,313486,303270,616756
83,2076,313486,303270,616756
84,2076,313486,303270,616756
85,2076,313486,303270,616756
86,2076,313486,303270,616756
87,2076,313486,303270,616756
88,2076,313486,303270,616756
89,2076,313486,303270,616756
90,2076,313486,303270,616756
91,2076,313486,303270,616756
92,2076,313486,303270,616756
93,2076,313486,303270,616756
94,2076,313486,303270,616756
95,2076,313486,303270,616756
96,2076,313486,303270,616756
97,2076,313486,303270,616756
98,2076,313486,303270,616756
99,2076,313486,303270,616756
100,2076,313486,303270,616756
0,2076,292071,275839,567910
1,2076,292089,275900,567989
2,2076,292086,275900,567986
3,2076,292381,275949,568330
4,2076,292447,276194,568641
5,2076,291076,274117,565193
6,2076,291032,274854,565886
7,2076,290997,274886,565883
8,2076,291455,273560,565015
9,2076,292220,275875,568095
10,2076,291207,275214,566421
11,2076,291288,275553,566841
12,2076,293021,276358,569379
13,2076,294152,276089,570241
14,2076,295132,275773,570905
15,2076,295672,275405,571077
16,2076,296009,275276,571285
17,2076,303498,276207,579705
18,2076,304580,277399,581979
19,2076,307593,280366,587959
20,2076,308648,280447,589095
21,2076,309185,280529,589714
22,2076,309411,280647,590058
23,2076,309775,280616,590391
24,2076,309777,280624,590401
25,2076,309777,280624,590401
26,2076,309777,280624,590401
27,2076,309777,280624,590401
28,2076,309777,280624,590401
29,2076,309777,280624,590401
30,2076,309777,280624,590401
31,2076,309777,280624,590401
32,2076,309777,280624,590401
33,2076,309777,280624,590401
34,2076,309777,280624,590401
35,2076,309777,280624,590401
36,2076,309777,280624,590401
37,2076,309777,280616,590393
38,2076,309777,280616,590393
39,2076,309777,280616,590393
40,2076,309777,280616,590393
41,2076,310523,280709,591232
42,2076,310523,280709,591232
43,2076,310523,280709,591232
44,2076,310523,280709,591232
45,2076,310523,280709,591232
46,2076,310523,280709,591232
47,2076,310523,280709,591232
48,2076,310523,280709,591232
49,2076,310523,280709,591232
50,2076,310523,280709,591232
51,2076,310523,280709,591232
52,2076,310523,280709,591232
53,2076,310523,280709,591232
54,2076,310523,280709,591232
55,2076,310523,280709,591232
56,2076,310523,280709,591232
57,2076,310523,280709,591232
58,2076,310523,280709,591232
59,2076,310523,280709,591232
60,2076,310523,280709,591232
61,2076,310502,280709,591211
62,2076,310482,280709,591191
63,2076,310622,280709,591331
64,2076,310711,280709,591420
65,2076,310776,280709,591485
66,2076,310677,280709,591386
67,2076,310677,280709,591386
68,2076,310677,280709,591386
69,2076,310609,280709,591318
70,2076,310583,280709,591292
71,2076,310117,280695,590812
72,2076,310465,280709,591174
73,2076,310117,280695,590812
74,2076,310117,280695,590812
75,2076,310117,280695,590812
76,2076,310117,280695,590812
77,2076,310117,280695,590812
78,2076,319253,303696,622949
79,2076,314882,303302,618184
80,2076,314483,304209,618692
81,2076,313400,302807,616207
82,2076,313400,302807,616207
83,2076,313400,302807,616207
84,2076,313400,302807,616207
85,2076,313400,302807,616207
86,2076,313400,302807,616207
87,2076,313400,302807,616207
88,2076,313400,302807,616207
89,2076,313400,302807,616207
90,2076,313400,302807,616207
91,2076,313400,302807,616207
92,2076,313400,302807,616207
93,2076,313400,302807,616207
94,2076,313400,302807,616207
95,2076,313400,302807,616207
96,2076,313400,302807,616207
97,2076,313400,302807,616207
98,2076,313400,302807,616207
99,2076,313400,302807,616207
100,2076,313400,302807,616207
0,2076,291929,276118,568047
1,2076,292050,276184,568234
2,2076,292024,276184,568208
3,2076,292099,275673,567772
4,2076,291120,275219,566339
5,2076,290898,274381,565279
6,2076,290201,274869,565070
7,2076,289966,274416,564382
8,2076,293136,274868,568004
9,2076,292151,275983,568134
10,2076,291191,275417,566608
11,2076,292570,276264,568834
12,2076,292503,275712,568215
13,2076,293667,275662,569329
14,2076,296166,275731,571897
15,2076,295497,275115,570612
16,2076,296079,275458,571537
17,2076,303229,276582,579811
18,2076,304477,277399,581876
19,2076,306568,280199,586767
20,2076,308456,280490,588946
21,2076,309412,280464,589876
22,2076,309419,280647,590066
23,2076,309775,280624,590399
24,2076,309777,280624,590401
25,2076,309777,280624,590401
26,2076,309777,280624,590401
27,2076,309777,280624,590401
28,2076,309777,280624,590401
29,2076,309777,280624,590401
30,2076,309777,280624,590401
31,2076,309777,280624,590401
32,2076,309777,280624,590401
33,2076,309777,280624,590401
34,2076,309777,280624,590401
35,2076,309777,280624,590401
36,2076,309777,280624,590401
37,2076,309777,280624,590401
38,2076,309777,280624,590401
39,2076,309777,280624,590401
40,2076,309777,280624,590401
41,2076,310523,280709,591232
42,2076,310523,280709,591232
43,2076,310523,280709,591232
44,2076,310523,280709,591232
45,2076,310523,280709,591232
46,2076,310523,280709,591232
47,2076,310523,280709,591232
48,2076,310523,280709,591232
49,2076,310523,280709,591232
50,2076,310523,280709,591232
51,2076,310523,280709,591232
52,2076,310523,280709,591232
53,2076,310523,280709,591232
54,2076,310523,280709,591232
55,2076,310523,280709,591232
56,2076,310523,280709,591232
57,2076,310523,280709,591232
58,2076,310523,280709,591232
59,2076,310523,280709,591232
60,2076,310523,280709,591232
61,2076,310502,280709,591211
62,2076,310542,280709,591251
63,2076,310622,280709,591331
64,2076,310711,280709,591420
65,2076,310776,280709,591485
66,2076,310677,280709,591386
67,2076,310677,280709,591386
68,2076,310677,280709,591386
69,2076,310609,280709,591318
70,2076,310583,280709,591292
71,2076,310117,280695,590812
72,2076,310465,280709,591174
73,2076,310117,280695,590812
74,2076,310117,280695,590812
75,2076,310117,280695,590812
76,2076,310117,280695,590812
77,2076,310117,280695,590812
78,2076,315391,302409,617800
79,2076,313281,301886,615167
80,2076,313582,303403,616985
81,2076,313300,302781,616081
82,2076,313300,302781,616081
83,2076,313300,302781,616081
84,2076,313300,302781,616081
85,2076,313300,302781,616081
86,2076,313300,302781,616081
87,2076,313300,302781,616081
88,2076,313300,302781,616081
89,2076,313300,302781,616081
90,2076,313300,302781,616081
91,2076,313300,302781,616081
92,2076,313300,302781,616081
93,2076,313300,302781,616081
94,2076,313300,302781,616081
95,2076,313300,302781,616081
96,2076,313300,302781,616081
97,2076,313300,302781,616081
98,2076,313300,302781,616081
99,2076,313300,302781,616081
100,2076,313300,302781,616081
0,2076,290678,274865,565543
1,2076,290646,274600,565246
2,2076,290646,274600,565246
3,2076,292028,275935,567963
4,2076,290806,274931,565737
5,2076,291693,275335,567028
6,2076,289512,272972,562484
7,2076,289426,272773,562199
8,2076,292970,275895,568865
9,2076,292042,275514,567556
10,2076,292198,275741,567939
11,2076,291715,275941,567656
12,2076,292280,275815,568095
13,2076,293958,275737,569695
14,2076,295390,275951,571341
15,2076,295576,275625,571201
16,2076,296316,275830,572146
17,2076,302965,276281,579246
18,2076,304630,277408,582038
19,2076,305272,279385,584657
20,2076,308843,280475,589318
21,2076,308966,280464,589430
22,2076,309419,280616,590035
23,2076,309775,280616,590391
24,2076,309777,280616,590393
25,2076,309777,280616,590393
26,2076,309777,280616,590393
27,2076,309777,280616,590393
28,2076,309777,280616,590393
29,2076,309777,280616,590393
30,2076,309777,280616,590393
31,2076,309777,280616,590393
32,2076,309777,280616,590393
33,2076,309777,280616,590393
34,2076,309777,280616,590393
35,2076,309777,280616,590393
36,2076,309777,280616,590393
37,2076,309777,280616,590393
38,2076,309777,280616,590393
39,2076,309777,280616,590393
40,2076,309777,280616,590393
41,2076,310523,280709,591232
42,2076,310523,280709,591232
43,2076,310523,280709,591232
44,2076,310523,280709,591232
45,2076,310523,280709,591232
46,2076,310523,280709,591232
47,2076,310523,280709,591232
48,2076,310523,280709,591232
49,2076,310523,280709,591232
50,2076,310523,280709,591232
51,2076,310523,280709,591232
52,2076,310523,280709,591232
53,2076,310523,280709,591232
54,2076,310523,280709,591232
55,2076,310523,280709,591232
56,2076,310523,280709,591232
57,2076,310523,280709,591232
58,2076,310523,280709,591232
59,2076,310523,280709,591232
60,2076,310523,280709,591232
61,2076,310502,280709,591211
62,2076,310490,280709,591199
63,2076,310629,280709,591338
64,2076,310711,280709,591420
65,2076,310776,280709,591485
66,2076,310677,280709,591386
67,2076,310677,280709,591386
68,2076,310677,280709,591386
69,2076,310609,280709,591318
70,2076,310583,280709,591292
71,2076,310117,280695,590812
72,2076,310465,280709,591174
73,2076,310117,280695,590812
74,2076,310117,280695,590812
75,2076,310117,280695,590812
76,2076,310117,280695,590812
77,2076,310117,280695,590812
78,2076,314163,302133,616296
79,2076,313574,301568,615142
80,2076,313325,302887,616212
81,2076,314143,304623,618766
82,2076,314143,304623,618766
83,2076,314143,304623,618766
84,2076,314143,304623,618766
85,2076,314143,304623,618766
86,2076,314143,304623,618766
87,2076,314143,304623,618766
88,2076,314143,304623,618766
89,2076,314143,304623,618766
90,2076,314143,304623,618766
91,2076,314143,304623,618766
92,2076,314143,304623,618766
93,2076,314143,304623,618766
94,2076,314143,304623,618766
95,2076,314143,304623,618766
96,2076,314143,304623,618766
97,2076,314143,304623,618766
98,2076,314143,304623,618766
99,2076,314143,304623,618766
100,2076,314143,304623,618766
0,2076,289630,273527,563157
1,2076,289084,272978,562062
2,2076,289096,272978,562074
3,2076,291944,275546,567490
4,2076,290744,274239,564983
5,2076,292628,276596,569224
6,2076,290215,273130,563345
7,2076,290379,273170,563549
8,2076,292789,275868,568657
9,2076,292007,275599,567606
10,2076,292516,276305,568821
11,2076,291831,275642,567473
12,2076,293193,276213,569406
13,2076,294133,275848,569981
14,2076,294756,275557,570313
15,2076,295875,275849,571724
16,2076,296104,275804,571908
17,2076,302976,276373,579349
18,2076,304434,277399,581833
19,2076,305026,279291,584317
20,2076,308802,280475,589277
21,2076,308820,280514,589334
22,2076,309407,280616,590023
23,2076,309775,280624,590399
24,2076,309777,280624,590401
25,2076,309777,280624,590401
26,2076,309777,280624,590401
27,2076,309777,280624,590401
28,2076,309777,280624,590401
29,2076,309777,280624,590401
30,2076,309777,280624,590401
31,2076,309777,280624,590401
32,2076,309777,280624,590401
33,2076,309777,280624,590401
34,2076,309777,280624,590401
35,2076,309777,280624,590401
36,2076,309777,280624,590401
37,2076,309777,280616,590393
38,2076,309777,280616,590393
39,2076,309777,280616,590393
40,2076,309777,280616,590393
41,2076,310523,280709,591232
42,2076,310523,280709,591232
43,2076,310523,280709,591232
44,2076,310523,280709,591232
45,2076,310523,280709,591232
46,2076,310523,280709,591232
47,2076,310523,280709,591232
48,2076,310523,280709,591232
49,2076,310523,280709,591232
50,2076,310523,280709,591232
51,2076,310523,280709,591232
52,2076,310523,280709,591232
53,2076,310523,280709,591232
54,2076,310523,280709,591232
55,2076,310523,280709,591232
56,2076,310523,280709,591232
57,2076,310523,280709,591232
58,2076,310523,280709,591232
59,2076,310523,280709,591232
60,2076,310523,280709,591232
61,2076,310502,280709,591211
62,2076,310482,280709,591191
63,2076,310629,280709,591338
64,2076,310711,280709,591420
65,2076,310776,280709,591485
66,2076,310677,280709,591386
67,2076,310677,280709,591386
68,2076,310677,280709,591386
69,2076,310609,280709,591318
70,2076,310583,280709,591292
71,2076,310117,280695,590812
72,2076,310465,280709,591174
73,2076,310117,280695,590812
74,2076,310117,280695,590812
75,2076,310117,280695,590812
76,2076,310117,280695,590812
77,2076,310117,280695,590812
78,2076,312824,302255,615079
79,2076,312361,301855,614216
80,2076,313545,304204,617749
81,2076,315175,307024,622199
82,2076,315175,307024,622199
83,2076,315175,307024,622199
84,2076,315175,307024,622199
85,2076,315175,307024,622199
86,2076,315175,307024,622199
87,2076,315175,307024,622199
88,2076,315175,307024,622199
89,2076,315175,307024,622199
90,2076,315175,307024,622199
91,2076,315175,307024,622199
92,2076,315175,307024,622199
93,2076,315175,307024,622199
94,2076,315175,307024,622199
95,2076,315175,307024,622199
96,2076,315175,307024,622199
97,2076,315175,307024,622199
98,2076,315175,307024,622199
99,2076,315175,307024,622199
100,2076,315175,307024,622199
0,2076,289931,272729,562660
1,2076,289934,272911,562845
2,2076,289982,272952,562934
3,2076,292195,275576,567771
4,2076,291187,274432,565619
5,2076,291032,274005,565037
6,2076,290574,273727,564301
7,2076,291554,273847,565401
8,2076,292191,275275,567466
9,2076,292300,275900,568200
10,2076,291218,275119,566337
11,2076,292350,275661,568011
12,2076,292533,276111,568644
13,2076,294243,276045,570288
14,2076,294509,275322,569831
15,2076,295696,275954,571650
16,2076,295745,275365,571110
17,2076,302787,276624,579411
18,2076,304700,277408,582108
19,2076,305830,279172,585002
20,2076,308798,280475,589273
21,2076,308721,280514,589235
22,2076,309400,280616,590016
23,2076,309775,280624,590399
24,2076,309777,280624,590401
25,2076,309777,280624,590401
26,2076,309777,280624,590401
27,2076,309777,280624,590401
28,2076,309777,280624,590401
29,2076,309777,280624,590401
30,2076,309777,280624,590401
31,2076,309777,280624,590401
32,2076,309777,280624,590401
33,2076,309777,280624,590401
34,2076,309777,280624,590401
35,2076,309777,280624,590401
36,2076,309777,280624,590401
37,2076,309777,280624,590401
38,2076,309777,280624,590401
39,2076,309777,280624,590401
40,2076,309777,280624,590401
41,2076,310523,280709,591232
42,2076,310523,280709,591232
43,2076,310523,280709,591232
44,2076,310523,280709,591232
45,2076,310523,280709,591232
46,2076,310523,280709,591232
47,2076,310523,280709,591232
48,2076,310523,280709,591232
49,2076,310523,280709,591232
50,2076,310523,280709,591232
51,2076,310523,280709,591232
52,2076,310523,280709,591232
53,2076,310523,280709,591232
54,2076,310523,280709,591232
55,2076,310523,280709,591232
56,2076,310523,280709,591232
57,2076,310523,280709,591232
58,2076,310523,280709,591232
59,2076,310523,280709,591232
60,2076,310523,280709,591232
61,2076,310502,280709,591211
62,2076,310542,280709,591251
63,2076,310622,280709,591331
64,2076,310711,280709,591420
65,2076,310776,280709,591485
66,2076,310677,280709,591386
67,2076,310677,280709,591386
68,2076,310677,280709,591386
69,2076,310609,280709,591318
70,2076,310583,280709,591292
71,2076,310117,280695,590812
72,2076,310465,280709,591174
73,2076,310117,280695,590812
74,2076,310117,280695,590812
75,2076,310117,280695,590812
76,2076,310117,280695,590812
77,2076,310117,280695,590812
78,2076,314312,303031,617343
79,2076,314087,303226,617313
80,2076,313783,305497,619280
81,2076,319234,305827,625061
82,2076,319234,305827,625061
83,2076,319234,305827,625061
84,2076,319234,305827,625061
85,2076,319234,305827,625061
86,2076,319234,305827,625061
87,2076,319234,305827,625061
88,2076,319234,305827,625061
89,2076,319234,305827,625061
90,2076,319234,305827,625061
91,2076,319234,305827,625061
92,2076,319234,305827,625061
93,2076,319234,305827,625061
94,2076,319234,305827,625061
95,2076,319234,305827,625061
96,2076,319234,305827,625061
97,2076,319234,305827,625061
98,2076,319234,305827,625061
99,2076,319234,305827,625061
100,2076,319234,305827,625061
0,2076,290389,273324,563713
1,2076,290357,273423,563780
2,2076,290327,273499,563826
3,2076,292216,275829,568045
4,2076,292652,275969,568621
5,2076,290429,274160,564589
6,2076,291995,274742,566737
7,2076,293131,275594,568725
8,2076,292310,275603,567913
9,2076,292239,275895,568134
10,2076,291305,275231,566536
11,2076,292658,276470,569128
12,2076,291894,275712,567606
13,2076,293818,275668,569486
14,2076,294959,275664,570623
15,2076,295329,275541,570870
16,2076,296065,275365,571430
17,2076,302452,276309,578761
18,2076,304434,277399,581833
19,2076,307640,279219,586859
20,2076,308797,280475,589272
21,2076,309191,280529,589720
22,2076,309411,280647,590058
23,2076,309775,280624,590399
24,2076,309777,280624,590401
25,2076,309777,280624,590401
26,2076,309777,280624,590401
27,2076,309777,280624,590401
28,2076,309777,280624,590401
29,2076,309777,280624,590401
30,2076,309777,280624,590401
31,2076,309777,280624,590401
32,2076,309777,280624,590401
33,2076,309777,280624,590401
34,2076,309777,280624,590401
35,2076,309777,280624,590401
36,2076,309777,280624,590401
37,2076,309777,280624,590401
38,2076,309777,280624,590401
39,2076,309777,280624,590401
40,2076,309777,280624,590401
41,2076,310523,280709,591232
42,2076,310523,280709,591232
43,2076,310523,280709,591232
44,2076,310523,280709,591232
45,2076,310523,280709,591232
46,2076,310523,280709,591232
47,2076,310523,280709,591232
48,2076,310523,280709,591232
49,2076,310523,280709,591232
50,2076,310523,280709,591232
51,2076,310523,280709,591232
52,2076,310523,280709,591232
53,2076,310523,280709,591232
54,2076,310523,280709,591232
55,2076,310523,280709,591232
56,2076,310523,280709,591232
57,2076,310523,280709,591232
58,2076,310523,280709,591232
59,2076,310523,280709,591232
60,2076,310523,280709,591232
61,2076,310502,280709,591211
62,2076,310490,280709,591199
63,2076,310622,280709,591331
64,2076,310711,280709,591420
65,2076,310776,280709,591485
66,2076,310677,280709,591386
67,2076,310677,280709,591386
68,2076,310677,280709,591386
69,2076,310609,280709,591318
70,2076,310583,280709,591292
71,2076,310117,280695,590812
72,2076,310465,280709,591174
73,2076,310117,280695,590812
74,2076,310117,280695,590812
75,2076,310117,280695,590812
76,2076,310117,280695,590812
77,2076,310117,280695,590812
78,2076,314565,303350,617915
79,2076,315463,303836,619299
80,2076,315597,307591,623188
81,2076,318475,306338,624813
82,2076,318475,306338,624813
83,2076,318475,306338,624813
84,2076,318475,306338,624813
85,2076,318475,306338,624813
86,2076,318475,306338,624813
87,2076,318475,306338,624813
88,2076,318475,306338,624813
89,2076,318475,306338,624813
90,2076,318475,306338,624813
91,2076,318475,306338,624813
92,2076,318475,306338,624813
93,2076,318475,306338,624813
94,2076,318475,306338,624813
95,2076,318475,306338,624813
96,2076,318475,306338,624813
97,2076,318475,306338,624813
98,2076,318475,306338,624813
99,2076,318475,306338,624813
100,2076,318475,306338,624813
0,2076,291577,274118,565695
1,2076,291704,274059,565763
2,2076,291728,274070,565798
3,2076,292172,275866,568038
4,2076,292520,275795,568315
5,2076,290894,274103,564997
6,2076,293029,275653,568682
7,2076,293002,275585,568587
8,2076,292514,276161,568675
9,2076,292060,275434,567494
10,2076,292373,275869,568242
11,2076,291521,275321,566842
12,2076,292700,275905,568605
13,2076,293942,275538,569480
14,2076,295205,275997,571202
15,2076,296250,275426,571676
16,2076,296330,275907,572237
17,2076,302651,276235,578886
18,2076,304622,277408,582030
19,2076,308470,279310,587780
20,2076,308804,280475,589279
21,2076,309404,280464,589868
22,2076,309411,280647,590058
23,2076,309775,280624,590399
24,2076,309777,280624,590401
25,2076,309777,280624,590401
26,2076,309777,280624,590401
27,2076,309777,280624,590401
28,2076,309777,280624,590401
29,2076,309777,280624,590401
30,2076,309777,280624,590401
31,2076,309777,280624,590401
32,2076,309777,280624,590401
33,2076,309777,280624,590401
34,2076,309777,280624,590401
35,2076,309777,280624,590401
36,2076,309777,280624,590401
37,2076,309777,280624,590401
38,2076,309777,280624,590401
39,2076,309777,280624,590401
40,2076,309777,280624,590401
41,2076,310523,280709,591232
42,2076,310523,280709,591232
43,2076,310523,280709,591232
44,2076,310523,280709,591232
45,2076,310523,280709,591232
46,2076,310523,280709,591232
47,2076,310523,280709,591232
48,2076,310523,280709,591232
49,2076,310523,280709,591232
50,2076,310523,280709,591232
51,2076,310523,280709,591232
52,2076,310523,280709,591232
53,2076,310523,280709,591232
54,2076,310523,280709,591232
55,2076,310523,280709,591232
56,2076,310523,280709,591232
57,2076,310523,280709,591232
58,2076,310523,280709,591232
59,2076,310523,280709,591232
60,2076,310523,280709,591232
61,2076,310502,280709,591211
62,2076,310482,280709,591191
63,2076,310629,280709,591338
64,2076,310711,280709,591420
65,2076,310776,280709,591485
66,2076,310677,280709,591386
67,2076,310677,280709,591386
68,2076,310677,280709,591386
69,2076,310609,280709,591318
70,2076,310583,280709,591292
71,2076,310117,280695,590812
72,2076,310465,280709,591174
73,2076,310117,280695,590812
74,2076,310117,280695,590812
75,2076,310117,280695,590812
76,2076,310117,280695,590812
77,2076,310117,280695,590812
78,2076,314748,304905,619653
79,2076,315681,305040,620721
80,2076,320100,305595,625695
81,2076,319150,304796,623946
82,2076,319150,304796,623946
83,2076,319150,304796,623946
84,2076,319150,304796,623946
85,2076,319150,304796,623946
86,2076,319150,304796,623946
87,2076,319150,304796,623946
88,2076,319150,304796,623946
89,2076,319150,304796,623946
90,2076,319150,304796,623946
91,2076,319150,304796,623946
92,2076,319150,304796,623946
93,2076,319150,304796,623946
94,2076,319150,304796,623946
95,2076,319150,304796,623946
96,2076,319150,304796,623946
97,2076,319150,304796,623946
98,2076,319150,304796,623946
99,2076,319150,304796,623946
100,2076,319150,304796,623946
0,2076,292691,275252,567943
1,2076,292737,275408,568145
2,2076,292737,275396,568133
3,2076,291909,275660,567569
4,2076,292434,275675,568109
5,2076,292224,276129,568353
6,2076,292989,275830,568819
7,2076,292884,275778,568662
8,2076,291224,275620,566844
9,2076,291990,275557,567547
10,2076,292433,276415,568848
11,2076,291391,275660,567051
12,2076,293221,276798,570019
13,2076,294261,275802,570063
14,2076,297791,275834,573625
15,2076,295951,275686,571637
16,2076,296030,275683,571713
17,2076,302367,276387,578754
18,2076,304434,277399,581833
19,2076,309346,279536,588882
20,2076,308804,280475,589279
21,2076,308966,280464,589430
22,2076,309411,280616,590027
23,2076,309775,280624,590399
24,2076,309777,280624,590401
25,2076,309777,280624,590401
26,2076,309777,280624,590401
27,2076,309777,280624,590401
28,2076,309777,280624,590401
29,2076,309777,280624,590401
30,2076,309777,280624,590401
31,2076,309777,280624,590401
32,2076,309777,280624,590401
33,2076,309777,280624,590401
34,2076,309777,280624,590401
35,2076,309777,280624,590401
36,2076,309777,280624,590401
37,2076,309777,280624,590401
38,2076,309777,280624,590401
39,2076,309777,280624,590401
40,2076,309777,280624,590401
41,2076,310523,280709,591232
42,2076,310523,280709,591232
43,2076,310523,280709,591232
44,2076,310523,280709,591232
45,2076,310523,280709,591232
46,2076,310523,280709,591232
47,2076,310523,280709,591232
48,2076,310523,280709,591232
49,2076,310523,280709,591232
50,2076,310523,280709,591232
51,2076,310523,280709,591232
52,2076,310523,280709,591232
53,2076,310523,280709,591232
54,2076,310523,280709,591232
55,2076,310523,280709,591232
56,2076,310523,280709,591232
57,2076,310523,280709,591232
58,2076,310523,280709,591232
59,2076,310523,280709,591232
60,2076,310523,280709,591232
61,2076,310502,280709,591211
62,2076,310542,280709,591251
63,2076,310629,280709,591338
64,2076,310711,280709,591420
65,2076,310776,280709,591485
66,2076,310677,280709,591386
67,2076,310677,280709,591386
68,2076,310677,280709,591386
69,2076,310609,280709,591318
70,2076,310583,280709,591292
71,2076,310117,280695,590812
72,2076,310465,280709,591174
73,2076,310117,280695,590812
74,2076,310117,280695,590812
75,2076,310117,280695,590812
76,2076,310117,280695,590812
77,2076,310117,280695,590812
78,2076,315901,306651,622552
79,2076,316557,307162,623719
80,2076,319112,306085,625197
81,2076,317302,305907,623209
82,2076,317302,305907,623209
83,2076,317302,305907,623209
84,2076,317302,305907,623209
85,2076,317302,305907,623209
86,2076,317302,305907,623209
87,2076,317302,305907,623209
88,2076,317302,305907,623209
89,2076,317302,305907,623209
90,2076,317302,305907,623209
91,2076,317302,305907,623209
92,2076,317302,305907,623209
93,2076,317302,305907,623209
94,2076,317302,305907,623209
95,2076,317302,305907,623209
96,2076,317302,305907,623209
97,2076,317302,305907,623209
98,2076,317302,305907,623209
99,2076,317302,305907,623209
100,2076,317302,305907,623209
0,2077,292160,275407,567567
1,2077,292160,275407,567567
2,2077,292156,275407,567563
3,2077,292317,275433,567750
4,2077,292459,275435,567894
5,2077,292604,275460,568064
6,2077,292715,275538,568253
7,2077,292699,275529,568228
8,2077,292688,275503,568191
9,2077,292689,275485,568174
10,2077,292704,275551,568255
11,2077,292828,275972,568800
12,2077,293342,276256,569598
13,2077,293719,276375,570094
14,2077,293758,276281,570039
15,2077,293823,276272,570095
16,2077,294123,276355,570478
17,2077,294561,276410,570971
18,2077,295789,276733,572522
19,2077,296731,278188,574919
20,2077,296795,278225,575020
21,2077,296833,278284,575117
22,2077,296862,278532,575394
23,2077,296890,278545,575435
24,2077,296890,278545,575435
25,2077,296890,278545,575435
26,2077,296890,278545,575435
27,2077,296890,278545,575435
28,2077,296890,278545,575435
29,2077,296890,278545,575435
30,2077,296890,278545,575435
31,2077,296890,278545,575435
32,2077,296890,278545,575435
33,2077,296890,278545,575435
34,2077,296890,278545,575435
35,2077,296890,278545,575435
36,2077,296890,278545,575435
37,2077,296890,278545,575435
38,2077,296890,278545,575435
39,2077,296890,278545,575435
40,2077,296890,278545,575435
41,2077,296890,278545,575435
42,2077,296890,278545,575435
43,2077,296890,278545,575435
44,2077,296890,278545,575435
45,2077,296890,278545,575435
46,2077,296881,278545,575426
47,2077,296873,278545,575418
48,2077,296873,278545,575418
49,2077,296873,278545,575418
50,2077,296873,278545,575418
51,2077,296873,278595,575468
52,2077,296873,278595,575468
53,2077,296873,278595,575468
54,2077,296873,278595,575468
55,2077,296873,278595,575468
56,2077,296873,278595,575468
57,2077,296873,278595,575468
58,2077,296873,278595,575468
59,2077,296873,278595,575468
60,2077,296873,278595,575468
61,2077,296873,278595,575468
62,2077,296873,278595,575468
63,2077,296873,278595,575468
64,2077,296825,278595,575420
65,2077,296825,278595,575420
66,2077,296738,278595,575333
67,2077,296738,278595,575333
68,2077,296472,278595,575067
69,2077,296377,278595,574972
70,2077,296237,278595,574832
71,2077,295800,278595,574395
72,2077,295800,278595,574395
73,2077,295461,278595,574056
74,2077,295423,278595,574018
75,2077,295423,278595,574018
76,2077,295423,278595,574018
77,2077,295423,278595,574018
78,2077,295423,279554,574977
79,2077,295423,279363,574786
80,2077,295423,279614,575037
81,2077,295423,279743,575166
82,2077,295423,279743,575166
83,2077,295423,279743,575166
84,2077,295423,279743,575166
85,2077,295423,279743,575166
86,2077,295423,279743,575166
87,2077,295423,279743,575166
88,2077,295423,279743,575166
89,2077,295423,279743,575166
90,2077,295423,279743,575166
91,2077,295423,279743,575166
92,2077,295423,279743,575166
93,2077,295423,279743,575166
94,2077,295423,279743,575166
95,2077,295423,279743,575166
96,2077,295423,279743,575166
97,2077,295423,279743,575166
98,2077,295423,279743,575166
99,2077,295423,279743,575166
100,2077,295423,279743,575166
0,2077,292266,275259,567525
1,2077,292266,275259,567525
2,2077,292259,275259,567518
3,2077,292436,275274,567710
4,2077,292615,275193,567808
5,2077,292741,275299,568040
6,2077,292868,275406,568274
7,2077,292842,275390,568232
8,2077,292820,275364,568184
9,2077,292815,275344,568159
10,2077,292810,275474,568284
11,2077,292862,275699,568561
12,2077,293184,275754,568938
13,2077,293704,275708,569412
14,2077,293937,275800,569737
15,2077,294124,275792,569916
16,2077,294466,275859,570325
17,2077,295672,275850,571522
18,2077,297964,276497,574461
19,2077,298821,278322,577143
20,2077,299958,278491,578449
21,2077,300126,278538,578664
22,2077,300128,279006,579134
23,2077,300136,279020,579156
24,2077,300136,279020,579156
25,2077,300136,279020,579156
26,2077,300136,279020,579156
27,2077,300136,279020,579156
28,2077,300136,279020,579156
29,2077,300136,279020,579156
30,2077,300136,279020,579156
31,2077,300136,279020,579156
32,2077,300136,279020,579156
33,2077,300136,279020,579156
34,2077,300136,279020,579156
35,2077,300136,279020,579156
36,2077,300136,279020,579156
37,2077,300136,279020,579156
38,2077,300136,279020,579156
39,2077,300136,279020,579156
40,2077,300136,279020,579156
41,2077,300136,279020,579156
42,2077,300136,279020,579156
43,2077,300136,279020,579156
44,2077,300538,279020,579558
45,2077,300538,279020,579558
46,2077,300536,279020,579556
47,2077,300528,279020,579548
48,2077,300528,279020,579548
49,2077,300528,279020,579548
50,2077,300528,279020,579548
51,2077,300528,279059,579587
52,2077,300528,279059,579587
53,2077,300528,279059,579587
54,2077,300528,279059,579587
55,2077,300528,279059,579587
56,2077,300528,279059,579587
57,2077,300528,279059,579587
58,2077,300528,279059,579587
59,2077,300528,279059,579587
60,2077,300528,279059,579587
61,2077,300528,279059,579587
62,2077,300528,279059,579587
63,2077,300528,279059,579587
64,2077,300557,279059,579616
65,2077,300557,279059,579616
66,2077,300066,279059,579125
67,2077,300008,279059,579067
68,2077,299613,279059,578672
69,2077,299663,279059,578722
70,2077,299415,279037,578452
71,2077,298888,279037,577925
72,2077,298782,279037,577819
73,2077,298283,278963,577246
74,2077,298238,278963,577201
75,2077,298238,278963,577201
76,2077,298238,278963,577201
77,2077,298238,278963,577201
78,2077,298344,280269,578613
79,2077,298259,280078,578337
80,2077,298344,280826,579170
81,2077,298338,280568,578906
82,2077,298338,280568,578906
83,2077,298338,280568,578906
84,2077,298338,280568,578906
85,2077,298338,280568,578906
86,2077,298338,280568,578906
87,2077,298338,280568,578906
88,2077,298338,280568,578906
89,2077,298338,280568,578906
90,2077,298338,280568,578906
91,2077,298338,280568,578906
92,2077,298338,280568,578906
93,2077,298338,280568,578906
94,2077,298338,280568,578906
95,2077,298338,280568,578906
96,2077,298338,280568,578906
97,2077,298338,280568,578906
98,2077,298338,280568,578906
99,2077,298338,280568,578906
100,2077,298338,280568,578906
0,2077,292274,275413,567687
1,2077,292274,275413,567687
2,2077,292266,275413,567679
3,2077,292417,275347,567764
4,2077,292716,275394,568110
5,2077,292856,275450,568306
6,2077,292910,275526,568436
7,2077,292866,275510,568376
8,2077,292838,275471,568309
9,2077,292865,275477,568342
10,2077,292819,275561,568380
11,2077,292909,275804,568713
12,2077,293366,276259,569625
13,2077,294527,276216,570743
14,2077,294776,276418,571194
15,2077,295034,276413,571447
16,2077,296135,276482,572617
17,2077,297419,276524,573943
18,2077,299982,276890,576872
19,2077,300697,278092,578789
20,2077,300794,278561,579355
21,2077,301474,278636,580110
22,2077,301310,278941,580251
23,2077,301326,278955,580281
24,2077,301326,278955,580281
25,2077,301326,278955,580281
26,2077,301326,278955,580281
27,2077,301326,278955,580281
28,2077,301326,278955,580281
29,2077,301326,278955,580281
30,2077,301326,278955,580281
31,2077,301326,278955,580281
32,2077,301326,278955,580281
33,2077,301326,278955,580281
34,2077,301326,278955,580281
35,2077,301326,278955,580281
36,2077,301326,278955,580281
37,2077,301326,278955,580281
38,2077,301326,278955,580281
39,2077,301326,278955,580281
40,2077,301326,278955,580281
41,2077,301326,278955,580281
42,2077,301326,278955,580281
43,2077,301333,278955,580288
44,2077,303077,279111,582188
45,2077,303077,279111,582188
46,2077,302118,279111,581229
47,2077,302109,279111,581220
48,2077,302109,279111,581220
49,2077,302109,279111,581220
50,2077,302109,279111,581220
51,2077,302109,279149,581258
52,2077,302109,279149,581258
53,2077,302109,279149,581258
54,2077,302109,279149,581258
55,2077,302109,279149,581258
56,2077,302109,279149,581258
57,2077,302109,279149,581258
58,2077,302109,279149,581258
59,2077,302109,279149,581258
60,2077,302109,279149,581258
61,2077,302109,279149,581258
62,2077,302109,279149,581258
63,2077,302109,279149,581258
64,2077,303056,279149,582205
65,2077,303056,279149,582205
66,2077,301751,278994,580745
67,2077,301764,278926,580690
68,2077,301625,278926,580551
69,2077,301693,278926,580619
70,2077,301698,278926,580624
71,2077,302699,279051,581750
72,2077,302614,279051,581665
73,2077,301717,279129,580846
74,2077,301717,279129,580846
75,2077,301717,279129,580846
76,2077,301717,279129,580846
77,2077,301717,279129,580846
78,2077,301618,283834,585452
79,2077,301588,283520,585108
80,2077,301523,283856,585379
81,2077,301545,283856,585401
82,2077,301545,283856,585401
83,2077,301545,283856,585401
84,2077,301545,283856,585401
85,2077,301545,283856,585401
86,2077,301545,283856,585401
87,2077,301545,283856,585401
88,2077,301545,283856,585401
89,2077,301545,283856,585401
90,2077,301545,283856,585401
91,2077,301545,283856,585401
92,2077,301545,283856,585401
93,2077,301545,283856,585401
94,2077,301545,283856,585401
95,2077,301545,283856,585401
96,2077,301545,283856,585401
97,2077,301545,283856,585401
98,2077,301545,283856,585401
99,2077,301545,283856,585401
100,2077,301545,283856,585401
0,2077,292099,274901,567000
1,2077,292099,274901,567000
2,2077,292091,274901,566992
3,2077,292300,274901,567201
4,2077,292463,274931,567394
5,2077,292518,274983,567501
6,2077,292615,275035,567650
7,2077,292607,275057,567664
8,2077,292601,275043,567644
9,2077,292574,275024,567598
10,2077,292549,275055,567604
11,2077,292624,275339,567963
12,2077,293047,275490,568537
13,2077,294584,275590,570174
14,2077,295239,275679,570918
15,2077,297561,275661,573222
16,2077,296031,275360,571391
17,2077,298511,275281,573792
18,2077,300960,276311,577271
19,2077,318140,278178,596318
20,2077,318570,278704,597274
21,2077,307169,279147,586316
22,2077,306963,279195,586158
23,2077,307025,279209,586234
24,2077,307025,279209,586234
25,2077,307025,279209,586234
26,2077,307025,279209,586234
27,2077,307025,279209,586234
28,2077,307025,279209,586234
29,2077,307025,279209,586234
30,2077,307025,279209,586234
31,2077,307025,279209,586234
32,2077,307025,279209,586234
33,2077,307025,279209,586234
34,2077,307025,279209,586234
35,2077,307025,279209,586234
36,2077,307025,279209,586234
37,2077,307025,279209,586234
38,2077,307025,279209,586234
39,2077,307025,279209,586234
40,2077,307025,279209,586234
41,2077,307025,279209,586234
42,2077,307025,279209,586234
43,2077,307025,279209,586234
44,2077,309401,279433,588834
45,2077,309401,279433,588834
46,2077,308138,279364,587502
47,2077,308207,279364,587571
48,2077,308207,279364,587571
49,2077,308207,279364,587571
50,2077,308207,279364,587571
51,2077,308198,279402,587600
52,2077,308198,279402,587600
53,2077,308198,279402,587600
54,2077,308198,279402,587600
55,2077,308198,279402,587600
56,2077,308198,279402,587600
57,2077,308198,279402,587600
58,2077,308198,279402,587600
59,2077,308198,279402,587600
60,2077,308198,279402,587600
61,2077,308198,279402,587600
62,2077,308198,279402,587600
63,2077,308198,279402,587600
64,2077,309449,279472,588921
65,2077,309538,279472,589010
66,2077,307947,279400,587347
67,2077,308227,279400,587627
68,2077,307618,279138,586756
69,2077,307735,279232,586967
70,2077,307742,279123,586865
71,2077,309127,279187,588314
72,2077,308751,279129,587880
73,2077,307179,279129,586308
74,2077,307179,279129,586308
75,2077,307179,279129,586308
76,2077,307179,279129,586308
77,2077,307179,279129,586308
78,2077,306934,286413,593347
79,2077,306862,284996,591858
80,2077,306855,286432,593287
81,2077,306855,286432,593287
82,2077,306855,286432,593287
83,2077,306855,286432,593287
84,2077,306855,286432,593287
85,2077,306855,286432,593287
86,2077,306855,286432,593287
87,2077,306855,286432,593287
88,2077,306855,286432,593287
89,2077,306855,286432,593287
90,2077,306855,286432,593287
91,2077,306855,286432,593287
92,2077,306855,286432,593287
93,2077,306855,286432,593287
94,2077,306855,286432,593287
95,2077,306855,286432,593287
96,2077,306855,286432,593287
97,2077,306855,286432,593287
98,2077,306855,286432,593287
99,2077,306855,286432,593287
100,2077,306855,286432,593287
0,2077,292414,276267,568681
1,2077,292414,276267,568681
2,2077,292410,276267,568677
3,2077,292524,276267,568791
4,2077,292770,276374,569144
5,2077,292782,276405,569187
6,2077,292777,275836,568613
7,2077,292789,275833,568622
8,2077,292809,276105,568914
9,2077,292817,276218,569035
10,2077,292752,276008,568760
11,2077,292786,276013,568799
12,2077,292637,275836,568473
13,2077,294207,275567,569774
14,2077,297544,275452,572996
15,2077,296712,275491,572203
16,2077,295873,275344,571217
17,2077,298696,275638,574334
18,2077,308040,277244,585284
19,2077,310244,279250,589494
20,2077,310992,279343,590335
21,2077,309447,279369,588816
22,2077,309498,279517,589015
23,2077,309548,279517,589065
24,2077,309548,279517,589065
25,2077,309548,279517,589065
26,2077,309548,279517,589065
27,2077,309548,279517,589065
28,2077,309548,279517,589065
29,2077,309548,279517,589065
30,2077,309548,279517,589065
31,2077,309548,279517,589065
32,2077,309548,279517,589065
33,2077,309548,279517,589065
34,2077,309548,279517,589065
35,2077,309548,279517,589065
36,2077,309548,279517,589065
37,2077,309933,279517,589450
38,2077,309933,279517,589450
39,2077,309933,279517,589450
40,2077,309933,279517,589450
41,2077,309933,279517,589450
42,2077,309933,279517,589450
43,2077,309933,279517,589450
44,2077,311218,279445,590663
45,2077,311218,279445,590663
46,2077,311078,279485,590563
47,2077,311078,279485,590563
48,2077,311078,279485,590563
49,2077,311078,279485,590563
50,2077,311078,279485,590563
51,2077,311087,279523,590610
52,2077,311087,279523,590610
53,2077,311087,279523,590610
54,2077,311087,279523,590610
55,2077,311087,279523,590610
56,2077,311087,279523,590610
57,2077,311087,279523,590610
58,2077,311087,279523,590610
59,2077,311087,279523,590610
60,2077,311087,279523,590610
61,2077,311087,279523,590610
62,2077,311087,279523,590610
63,2077,311197,279523,590720
64,2077,311402,279483,590885
65,2077,311494,279483,590977
66,2077,311142,279522,590664
67,2077,311181,279522,590703
68,2077,310276,279498,589774
69,2077,310326,279498,589824
70,2077,310257,279585,589842
71,2077,310672,279598,590270
72,2077,310683,279572,590255
73,2077,309854,279579,589433
74,2077,309854,279579,589433
75,2077,309854,279579,589433
76,2077,309854,279579,589433
77,2077,309854,279579,589433
78,2077,309223,297053,606276
79,2077,309182,295170,604352
80,2077,309215,297002,606217
81,2077,309223,297359,606582
82,2077,309223,297359,606582
83,2077,309223,297359,606582
84,2077,309223,297359,606582
85,2077,309223,297359,606582
86,2077,309223,297359,606582
87,2077,309223,297359,606582
88,2077,309223,297359,606582
89,2077,309223,297359,606582
90,2077,309223,297359,606582
91,2077,309223,297359,606582
92,2077,309223,297359,606582
93,2077,309223,297359,606582
94,2077,309223,297359,606582
95,2077,309223,297359,606582
96,2077,309223,297359,606582
97,2077,309223,297359,606582
98,2077,309223,297359,606582
99,2077,309223,297359,606582
100,2077,309223,297359,606582
0,2077,290839,275033,565872
1,2077,290839,275033,565872
2,2077,290835,275033,565868
3,2077,290937,275233,566170
4,2077,291005,274937,565942
5,2077,291046,275155,566201
6,2077,292232,276240,568472
7,2077,292199,276233,568432
8,2077,291249,275661,566910
9,2077,291199,275601,566800
10,2077,292123,276191,568314
11,2077,292361,276048,568409
12,2077,293171,276060,569231
13,2077,294126,275531,569657
14,2077,296668,275937,572605
15,2077,295244,275388,570632
16,2077,296127,275713,571840
17,2077,298662,276231,574893
18,2077,305162,277907,583069
19,2077,309543,280666,590209
20,2077,310358,280573,590931
21,2077,310236,280007,590243
22,2077,310517,280086,590603
23,2077,310504,280086,590590
24,2077,310504,280086,590590
25,2077,310504,280086,590590
26,2077,310504,280086,590590
27,2077,310504,280086,590590
28,2077,310504,280086,590590
29,2077,310504,280086,590590
30,2077,310504,280086,590590
31,2077,310504,280086,590590
32,2077,310504,280086,590590
33,2077,310504,280086,590590
34,2077,310504,280086,590590
35,2077,310504,280086,590590
36,2077,310504,280086,590590
37,2077,310568,280086,590654
38,2077,310568,280086,590654
39,2077,310568,280086,590654
40,2077,310568,280086,590654
41,2077,310949,280086,591035
42,2077,310949,280086,591035
43,2077,310949,280086,591035
44,2077,311212,280770,591982
45,2077,311212,280770,591982
46,2077,311402,280718,592120
47,2077,311402,280718,592120
48,2077,311402,280718,592120
49,2077,311402,280718,592120
50,2077,311402,280718,592120
51,2077,311402,280757,592159
52,2077,311402,280757,592159
53,2077,311402,280757,592159
54,2077,311402,280757,592159
55,2077,311402,280757,592159
56,2077,311402,280757,592159
57,2077,311402,280757,592159
58,2077,311402,280757,592159
59,2077,311402,280757,592159
60,2077,311402,280757,592159
61,2077,311402,280757,592159
62,2077,311402,280757,592159
63,2077,311500,280757,592257
64,2077,311363,280826,592189
65,2077,311724,280826,592550
66,2077,311611,280757,592368
67,2077,311478,280757,592235
68,2077,311136,280282,591418
69,2077,311224,280386,591610
70,2077,311089,280359,591448
71,2077,311023,280782,591805
72,2077,311415,280757,592172
73,2077,310475,280113,590588
74,2077,310475,280113,590588
75,2077,310475,280113,590588
76,2077,310475,280113,590588
77,2077,310475,280113,590588
78,2077,312080,301426,613506
79,2077,311717,300216,611933
80,2077,312078,301550,613628
81,2077,312097,305369,617466
82,2077,312097,305369,617466
83,2077,312097,305369,617466
84,2077,312097,305369,617466
85,2077,312097,305369,617466
86,2077,312097,305369,617466
87,2077,312097,305369,617466
88,2077,312097,305369,617466
89,2077,312097,305369,617466
90,2077,312097,305369,617466
91,2077,312097,305369,617466
92,2077,312097,305369,617466
93,2077,312097,305369,617466
94,2077,312097,305369,617466
95,2077,312097,305369,617466
96,2077,312097,305369,617466
97,2077,312097,305369,617466
98,2077,312097,305369,617466
99,2077,312097,305369,617466
100,2077,312097,305369,617466
0,2077,289659,274603,564262
1,2077,289659,274603,564262
2,2077,289665,274603,564268
3,2077,290131,274992,565123
4,2077,290075,275018,565093
5,2077,290517,275453,565970
6,2077,291142,275727,566869
7,2077,291129,275727,566856
8,2077,291983,276029,568012
9,2077,291141,275810,566951
10,2077,291146,275616,566762
11,2077,292016,276074,568090
12,2077,292897,276138,569035
13,2077,294262,276019,570281
14,2077,294683,275572,570255
15,2077,297679,275397,573076
16,2077,295993,275946,571939
17,2077,298812,276626,575438
18,2077,303893,278118,582011
19,2077,307392,280296,587688
20,2077,308113,280287,588400
21,2077,310267,280533,590800
22,2077,310619,280734,591353
23,2077,310685,280734,591419
24,2077,310685,280734,591419
25,2077,310685,280734,591419
26,2077,310685,280734,591419
27,2077,310685,280734,591419
28,2077,310685,280734,591419
29,2077,310685,280734,591419
30,2077,310685,280734,591419
31,2077,310685,280734,591419
32,2077,310685,280734,591419
33,2077,310685,280734,591419
34,2077,310685,280734,591419
35,2077,310685,280734,591419
36,2077,310685,280734,591419
37,2077,310706,280734,591440
38,2077,310706,280734,591440
39,2077,310706,280734,591440
40,2077,310706,280734,591440
41,2077,311060,280758,591818
42,2077,311060,280758,591818
43,2077,311060,280758,591818
44,2077,310515,280639,591154
45,2077,310515,280639,591154
46,2077,310557,280639,591196
47,2077,310557,280639,591196
48,2077,310557,280639,591196
49,2077,310557,280639,591196
50,2077,310557,280639,591196
51,2077,310557,280639,591196
52,2077,310557,280639,591196
53,2077,310557,280639,591196
54,2077,310557,280639,591196
55,2077,310557,280639,591196
56,2077,310557,280639,591196
57,2077,310557,280639,591196
58,2077,310557,280639,591196
59,2077,310557,280639,591196
60,2077,310557,280639,591196
61,2077,310557,280639,591196
62,2077,310557,280639,591196
63,2077,310910,280639,591549
64,2077,310761,280639,591400
65,2077,311033,280639,591672
66,2077,311135,280672,591807
67,2077,310932,280639,591571
68,2077,311116,280771,591887
69,2077,311041,280703,591744
70,2077,310992,280666,591658
71,2077,310516,280639,591155
72,2077,310473,280639,591112
73,2077,311008,280697,591705
74,2077,311008,280697,591705
75,2077,311008,280697,591705
76,2077,311008,280697,591705
77,2077,311008,280697,591705
78,2077,314470,302480,616950
79,2077,314144,302411,616555
80,2077,314352,302829,617181
81,2077,316242,304224,620466
82,2077,316242,304224,620466
83,2077,316242,304224,620466
84,2077,316242,304224,620466
85,2077,316242,304224,620466
86,2077,316242,304224,620466
87,2077,316242,304224,620466
88,2077,316242,304224,620466
89,2077,316242,304224,620466
90,2077,316242,304224,620466
91,2077,316242,304224,620466
92,2077,316242,304224,620466
93,2077,316242,304224,620466
94,2077,316242,304224,620466
95,2077,316242,304224,620466
96,2077,316242,304224,620466
97,2077,316242,304224,620466
98,2077,316242,304224,620466
99,2077,316242,304224,620466
100,2077,316242,304224,620466
0,2077,289139,272661,561800
1,2077,289139,272661,561800
2,2077,289140,272661,561801
3,2077,289119,272764,561883
4,2077,289360,272455,561815
5,2077,290329,273837,564166
6,2077,290582,275044,565626
7,2077,290513,275001,565514
8,2077,291822,275327,567149
9,2077,292040,275205,567245
10,2077,290765,275121,565886
11,2077,291646,275629,567275
12,2077,292463,275852,568315
13,2077,293960,275907,569867
14,2077,294086,274870,568956
15,2077,297101,275906,573007
16,2077,295988,275549,571537
17,2077,299178,275915,575093
18,2077,303074,277430,580504
19,2077,305532,280384,585916
20,2077,307797,280492,588289
21,2077,309263,280395,589658
22,2077,309846,280601,590447
23,2077,310066,280601,590667
24,2077,310068,280601,590669
25,2077,310068,280601,590669
26,2077,310068,280601,590669
27,2077,310068,280601,590669
28,2077,310068,280601,590669
29,2077,310068,280601,590669
30,2077,310068,280601,590669
31,2077,310068,280601,590669
32,2077,310068,280601,590669
33,2077,310068,280601,590669
34,2077,310068,280601,590669
35,2077,310068,280601,590669
36,2077,310068,280601,590669
37,2077,310106,280601,590707
38,2077,310106,280601,590707
39,2077,310106,280601,590707
40,2077,310106,280601,590707
41,2077,310504,280601,591105
42,2077,310504,280601,591105
43,2077,310504,280601,591105
44,2077,310371,280615,590986
45,2077,310371,280615,590986
46,2077,310431,280601,591032
47,2077,310431,280601,591032
48,2077,310431,280601,591032
49,2077,310431,280601,591032
50,2077,310431,280601,591032
51,2077,310431,280601,591032
52,2077,310431,280601,591032
53,2077,310431,280601,591032
54,2077,310431,280601,591032
55,2077,310431,280601,591032
56,2077,310431,280601,591032
57,2077,310431,280601,591032
58,2077,310431,280601,591032
59,2077,310431,280601,591032
60,2077,310425,280601,591026
61,2077,310396,280601,590997
62,2077,310384,280601,590985
63,2077,310452,280601,591053
64,2077,310622,280615,591237
65,2077,310565,280615,591180
66,2077,310466,280601,591067
67,2077,310560,280601,591161
68,2077,310503,280601,591104
69,2077,310459,280601,591060
70,2077,310415,280601,591016
71,2077,310321,280601,590922
72,2077,310394,280611,591005
73,2077,310297,280601,590898
74,2077,310297,280601,590898
75,2077,310297,280601,590898
76,2077,310297,280601,590898
77,2077,310297,280601,590898
78,2077,316765,303090,619855
79,2077,316576,303067,619643
80,2077,316701,303735,620436
81,2077,316971,305349,622320
82,2077,316971,305349,622320
83,2077,316971,305349,622320
84,2077,316971,305349,622320
85,2077,316971,305349,622320
86,2077,316971,305349,622320
87,2077,316971,305349,622320
88,2077,316971,305349,622320
89,2077,316971,305349,622320
90,2077,316971,305349,622320
91,2077,316971,305349,622320
92,2077,316971,305349,622320
93,2077,316971,305349,622320
94,2077,316971,305349,622320
95,2077,316971,305349,622320
96,2077,316971,305349,622320
97,2077,316971,305349,622320
98,2077,316971,305349,622320
99,2077,316971,305349,622320
100,2077,316971,305349,622320
0,2077,290394,273022,563416
1,2077,290394,272960,563354
2,2077,290359,272960,563319
3,2077,290259,272886,563145
4,2077,290454,272808,563262
5,2077,291611,274441,566052
6,2077,290844,274238,565082
7,2077,290993,274439,565432
8,2077,292558,275788,568346
9,2077,292683,276220,568903
10,2077,290916,274282,565198
11,2077,292270,275799,568069
12,2077,292527,276121,568648
13,2077,293904,275836,569740
14,2077,293814,275619,569433
15,2077,296491,275550,572041
16,2077,296013,275404,571417
17,2077,300549,276014,576563
18,2077,303703,277256,580959
19,2077,304886,279668,584554
20,2077,307763,280642,588405
21,2077,308577,280432,589009
22,2077,309209,280601,589810
23,2077,309657,280601,590258
24,2077,309658,280601,590259
25,2077,309658,280601,590259
26,2077,309658,280601,590259
27,2077,309658,280601,590259
28,2077,309658,280601,590259
29,2077,309658,280601,590259
30,2077,309658,280601,590259
31,2077,309658,280601,590259
32,2077,309658,280601,590259
33,2077,309658,280601,590259
34,2077,309658,280601,590259
35,2077,309658,280601,590259
36,2077,309658,280601,590259
37,2077,309666,280681,590347
38,2077,309666,280681,590347
39,2077,309666,280681,590347
40,2077,309666,280681,590347
41,2077,310400,280705,591105
42,2077,310400,280705,591105
43,2077,310400,280705,591105
44,2077,310418,280719,591137
45,2077,310418,280719,591137
46,2077,310454,280719,591173
47,2077,310454,280719,591173
48,2077,310454,280719,591173
49,2077,310454,280719,591173
50,2077,310454,280719,591173
51,2077,310454,280719,591173
52,2077,310454,280719,591173
53,2077,310454,280719,591173
54,2077,310454,280719,591173
55,2077,310454,280719,591173
56,2077,310454,280719,591173
57,2077,310454,280719,591173
58,2077,310454,280719,591173
59,2077,310454,280719,591173
60,2077,310454,280719,591173
61,2077,310425,280719,591144
62,2077,310355,280719,591074
63,2077,310557,280719,591276
64,2077,310622,280709,591331
65,2077,310657,280709,591366
66,2077,310551,280719,591270
67,2077,310578,280709,591287
68,2077,310595,280719,591314
69,2077,310527,280719,591246
70,2077,310501,280719,591220
71,2077,310167,280719,590886
72,2077,310365,280719,591084
73,2077,310097,280705,590802
74,2077,310097,280705,590802
75,2077,310097,280705,590802
76,2077,310097,280705,590802
77,2077,310097,280705,590802
78,2077,316031,304649,620680
79,2077,316015,304523,620538
80,2077,316491,304884,621375
81,2077,317021,307179,624200
82,2077,317021,307179,624200
83,2077,317021,307179,624200
84,2077,317021,307179,624200
85,2077,317021,307179,624200
86,2077,317021,307179,624200
87,2077,317021,307179,624200
88,2077,317021,307179,624200
89,2077,317021,307179,624200
90,2077,317021,307179,624200
91,2077,317021,307179,624200
92,2077,317021,307179,624200
93,2077,317021,307179,624200
94,2077,317021,307179,624200
95,2077,317021,307179,624200
96,2077,317021,307179,624200
97,2077,317021,307179,624200
98,2077,317021,307179,624200
99,2077,317021,307179,624200
100,2077,317021,307179,624200
0,2077,291389,273588,564977
1,2077,291361,273588,564949
2,2077,291342,273588,564930
3,2077,290486,273473,563959
4,2077,291427,273538,564965
5,2077,292690,275544,568234
6,2077,291841,274747,566588
7,2077,291918,275199,567117
8,2077,292254,275800,568054
9,2077,291248,275379,566627
10,2077,292120,274848,566968
11,2077,292386,276244,568630
12,2077,292471,275750,568221
13,2077,293842,275635,569477
14,2077,294684,275923,570607
15,2077,295202,274951,570153
16,2077,296309,275544,571853
17,2077,300680,275961,576641
18,2077,306176,277396,583572
19,2077,304844,279082,583926
20,2077,307760,280252,588012
21,2077,308575,280608,589183
22,2077,309265,280695,589960
23,2077,309759,280695,590454
24,2077,309761,280695,590456
25,2077,309761,280695,590456
26,2077,309761,280695,590456
27,2077,309761,280695,590456
28,2077,309761,280695,590456
29,2077,309761,280695,590456
30,2077,309761,280695,590456
31,2077,309761,280695,590456
32,2077,309761,280695,590456
33,2077,309761,280695,590456
34,2077,309761,280695,590456
35,2077,309761,280695,590456
36,2077,309761,280695,590456
37,2077,309760,280695,590455
38,2077,309760,280695,590455
39,2077,309760,280695,590455
40,2077,309760,280695,590455
41,2077,310532,280719,591251
42,2077,310532,280719,591251
43,2077,310532,280719,591251
44,2077,310612,280709,591321
45,2077,310612,280709,591321
46,2077,310612,280709,591321
47,2077,310612,280709,591321
48,2077,310612,280709,591321
49,2077,310612,280709,591321
50,2077,310612,280709,591321
51,2077,310612,280709,591321
52,2077,310612,280709,591321
53,2077,310612,280709,591321
54,2077,310612,280709,591321
55,2077,310612,280709,591321
56,2077,310612,280709,591321
57,2077,310612,280709,591321
58,2077,310612,280709,591321
59,2077,310612,280709,591321
60,2077,310612,280709,591321
61,2077,310583,280709,591292
62,2077,310342,280719,591061
63,2077,310663,280709,591372
64,2077,310791,280709,591500
65,2077,310817,280709,591526
66,2077,310711,280709,591420
67,2077,310719,280709,591428
68,2077,310627,280709,591336
69,2077,310569,280709,591278
70,2077,310553,280709,591262
71,2077,310114,280719,590833
72,2077,310402,280719,591121
73,2077,310099,280695,590794
74,2077,310099,280695,590794
75,2077,310099,280695,590794
76,2077,310099,280695,590794
77,2077,310099,280695,590794
78,2077,316416,306500,622916
79,2077,316414,306851,623265
80,2077,317112,306603,623715
81,2077,320548,305311,625859
82,2077,320548,305311,625859
83,2077,320548,305311,625859
84,2077,320548,305311,625859
85,2077,320548,305311,625859
86,2077,320548,305311,625859
87,2077,320548,305311,625859
88,2077,320548,305311,625859
89,2077,320548,305311,625859
90,2077,320548,305311,625859
91,2077,320548,305311,625859
92,2077,320548,305311,625859
93,2077,320548,305311,625859
94,2077,320548,305311,625859
95,2077,320548,305311,625859
96,2077,320548,305311,625859
97,2077,320548,305311,625859
98,2077,320548,305311,625859
99,2077,320548,305311,625859
100,2077,320548,305311,625859
0,2077,292751,275522,568273
1,2077,292768,275518,568286
2,2077,292769,275518,568287
3,2077,291789,274356,566145
4,2077,293025,274710,567735
5,2077,292813,276399,569212
6,2077,292765,276223,568988
7,2077,292672,276268,568940
8,2077,292330,276276,568606
9,2077,291393,275989,567382
10,2077,292673,276157,568830
11,2077,291584,275622,567206
12,2077,292581,275830,568411
13,2077,294134,275933,570067
14,2077,295041,276344,571385
15,2077,297727,275310,573037
16,2077,296109,275747,571856
17,2077,313874,275931,589805
18,2077,305144,277547,582691
19,2077,305947,279202,585149
20,2077,308539,280233,588772
21,2077,309150,280634,589784
22,2077,309340,280727,590067
23,2077,309735,280695,590430
24,2077,309736,280695,590431
25,2077,309736,280695,590431
26,2077,309736,280695,590431
27,2077,309736,280695,590431
28,2077,309736,280695,590431
29,2077,309736,280695,590431
30,2077,309736,280695,590431
31,2077,309736,280695,590431
32,2077,309736,280695,590431
33,2077,309736,280695,590431
34,2077,309736,280695,590431
35,2077,309736,280695,590431
36,2077,309736,280695,590431
37,2077,309736,280695,590431
38,2077,309736,280695,590431
39,2077,309736,280695,590431
40,2077,309736,280695,590431
41,2077,310615,280709,591324
42,2077,310615,280709,591324
43,2077,310615,280709,591324
44,2077,310580,280709,591289
45,2077,310580,280709,591289
46,2077,310589,280709,591298
47,2077,310589,280709,591298
48,2077,310589,280709,591298
49,2077,310589,280709,591298
50,2077,310589,280709,591298
51,2077,310589,280709,591298
52,2077,310589,280709,591298
53,2077,310589,280709,591298
54,2077,310589,280709,591298
55,2077,310589,280709,591298
56,2077,310589,280709,591298
57,2077,310589,280709,591298
58,2077,310589,280709,591298
59,2077,310589,280709,591298
60,2077,310589,280709,591298
61,2077,310560,280709,591269
62,2077,310362,280719,591081
63,2077,310688,280709,591397
64,2077,310777,280709,591486
65,2077,310815,280709,591524
66,2077,310706,280709,591415
67,2077,310743,280709,591452
68,2077,310757,280709,591466
69,2077,310692,280709,591401
70,2077,310676,280709,591385
71,2077,310183,280695,590878
72,2077,310549,280719,591268
73,2077,310133,280695,590828
74,2077,310133,280695,590828
75,2077,310133,280695,590828
76,2077,310133,280695,590828
77,2077,310133,280695,590828
78,2077,319143,305453,624596
79,2077,319327,305676,625003
80,2077,319274,305068,624342
81,2077,318978,306401,625379
82,2077,318978,306401,625379
83,2077,318978,306401,625379
84,2077,318978,306401,625379
85,2077,318978,306401,625379
86,2077,318978,306401,625379
87,2077,318978,306401,625379
88,2077,318978,306401,625379
89,2077,318978,306401,625379
90,2077,318978,306401,625379
91,2077,318978,306401,625379
92,2077,318978,306401,625379
93,2077,318978,306401,625379
94,2077,318978,306401,625379
95,2077,318978,306401,625379
96,2077,318978,306401,625379
97,2077,318978,306401,625379
98,2077,318978,306401,625379
99,2077,318978,306401,625379
100,2077,318978,306401,625379
0,2077,292327,275510,567837
1,2077,292327,275659,567986
2,2077,292320,275647,567967
3,2077,292875,275527,568402
4,2077,292828,275721,568549
5,2077,291154,274409,565563
6,2077,291431,275516,566947
7,2077,291405,275336,566741
8,2077,290990,275061,566051
9,2077,292128,275695,567823
10,2077,291559,275769,567328
11,2077,291377,275586,566963
12,2077,293155,276000,569155
13,2077,294189,275958,570147
14,2077,295769,275717,571486
15,2077,297153,275649,572802
16,2077,295944,275372,571316
17,2077,307331,276682,584013
18,2077,304499,277441,581940
19,2077,307335,279222,586557
20,2077,309367,280247,589614
21,2077,309425,280514,589939
22,2077,309452,280752,590204
23,2077,309762,280695,590457
24,2077,309764,280695,590459
25,2077,309764,280695,590459
26,2077,309764,280695,590459
27,2077,309764,280695,590459
28,2077,309764,280695,590459
29,2077,309764,280695,590459
30,2077,309764,280695,590459
31,2077,309764,280695,590459
32,2077,309764,280695,590459
33,2077,309764,280695,590459
34,2077,309764,280695,590459
35,2077,309764,280695,590459
36,2077,309764,280695,590459
37,2077,309738,280695,590433
38,2077,309738,280695,590433
39,2077,309738,280695,590433
40,2077,309738,280695,590433
41,2077,310581,280709,591290
42,2077,310581,280709,591290
43,2077,310581,280709,591290
44,2077,310522,280709,591231
45,2077,310522,280709,591231
46,2077,310522,280709,591231
47,2077,310522,280709,591231
48,2077,310522,280709,591231
49,2077,310522,280709,591231
50,2077,310522,280709,591231
51,2077,310522,280709,591231
52,2077,310522,280709,591231
53,2077,310522,280709,591231
54,2077,310522,280709,591231
55,2077,310522,280709,591231
56,2077,310522,280709,591231
57,2077,310522,280709,591231
58,2077,310522,280709,591231
59,2077,310522,280709,591231
60,2077,310522,280709,591231
61,2077,310493,280709,591202
62,2077,310500,280719,591219
63,2077,310622,280709,591331
64,2077,310711,280709,591420
65,2077,310854,280709,591563
66,2077,310736,280709,591445
67,2077,310677,280709,591386
68,2077,310743,280709,591452
69,2077,310668,280709,591377
70,2077,310642,280709,591351
71,2077,310117,280719,590836
72,2077,310404,280709,591113
73,2077,310176,280695,590871
74,2077,310176,280695,590871
75,2077,310176,280695,590871
76,2077,310176,280695,590871
77,2077,310176,280695,590871
78,2077,317218,306629,623847
79,2077,317604,306070,623674
80,2077,317715,306312,624027
81,2077,319435,304795,624230
82,2077,319435,304795,624230
83,2077,319435,304795,624230
84,2077,319435,304795,624230
85,2077,319435,304795,624230
86,2077,319435,304795,624230
87,2077,319435,304795,624230
88,2077,319435,304795,624230
89,2077,319435,304795,624230
90,2077,319435,304795,624230
91,2077,319435,304795,624230
92,2077,319435,304795,624230
93,2077,319435,304795,624230
94,2077,319435,304795,624230
95,2077,319435,304795,624230
96,2077,319435,304795,624230
97,2077,319435,304795,624230
98,2077,319435,304795,624230
99,2077,319435,304795,624230
100,2077,319435,304795,624230
0,2077,292237,275533,567770
1,2077,292258,275489,567747
2,2077,292255,275489,567744
3,2077,292520,275565,568085
4,2077,292646,275922,568568
5,2077,290941,274761,565702
6,2077,291650,275540,567190
7,2077,291571,275602,567173
8,2077,290150,274568,564718
9,2077,292443,275886,568329
10,2077,291915,275595,567510
11,2077,292561,275926,568487
12,2077,293011,276402,569413
13,2077,293947,275772,569719
14,2077,294479,275523,570002
15,2077,297722,275788,573510
16,2077,296132,275359,571491
17,2077,303346,276680,580026
18,2077,304374,277451,581825
19,2077,307952,279352,587304
20,2077,309700,280525,590225
21,2077,308980,280464,589444
22,2077,309470,280601,590071
23,2077,309775,280616,590391
24,2077,309777,280616,590393
25,2077,309777,280616,590393
26,2077,309777,280616,590393
27,2077,309777,280616,590393
28,2077,309777,280616,590393
29,2077,309777,280616,590393
30,2077,309777,280616,590393
31,2077,309777,280616,590393
32,2077,309777,280616,590393
33,2077,309777,280616,590393
34,2077,309777,280616,590393
35,2077,309777,280616,590393
36,2077,309777,280616,590393
37,2077,309777,280616,590393
38,2077,309777,280616,590393
39,2077,309777,280616,590393
40,2077,309777,280616,590393
41,2077,310522,280709,591231
42,2077,310522,280709,591231
43,2077,310522,280709,591231
44,2077,310523,280709,591232
45,2077,310523,280709,591232
46,2077,310523,280709,591232
47,2077,310523,280709,591232
48,2077,310523,280709,591232
49,2077,310523,280709,591232
50,2077,310523,280709,591232
51,2077,310523,280709,591232
52,2077,310523,280709,591232
53,2077,310523,280709,591232
54,2077,310523,280709,591232
55,2077,310523,280709,591232
56,2077,310523,280709,591232
57,2077,310523,280709,591232
58,2077,310523,280709,591232
59,2077,310523,280709,591232
60,2077,310523,280709,591232
61,2077,310494,280709,591203
62,2077,310481,280709,591190
63,2077,310622,280709,591331
64,2077,310711,280709,591420
65,2077,310728,280709,591437
66,2077,310677,280709,591386
67,2077,310677,280709,591386
68,2077,310677,280709,591386
69,2077,310602,280709,591311
70,2077,310576,280709,591285
71,2077,310117,280695,590812
72,2077,310481,280719,591200
73,2077,310143,280719,590862
74,2077,310143,280719,590862
75,2077,310143,280719,590862
76,2077,310143,280719,590862
77,2077,310143,280719,590862
78,2077,319280,304872,624152
79,2077,317218,306403,623621
80,2077,318885,305538,624423
81,2077,315816,304901,620717
82,2077,315816,304901,620717
83,2077,315816,304901,620717
84,2077,315816,304901,620717
85,2077,315816,304901,620717
86,2077,315816,304901,620717
87,2077,315816,304901,620717
88,2077,315816,304901,620717
89,2077,315816,304901,620717
90,2077,315816,304901,620717
91,2077,315816,304901,620717
92,2077,315816,304901,620717
93,2077,315816,304901,620717
94,2077,315816,304901,620717
95,2077,315816,304901,620717
96,2077,315816,304901,620717
97,2077,315816,304901,620717
98,2077,315816,304901,620717
99,2077,315816,304901,620717
100,2077,315816,304901,620717
0,2077,292050,274642,566692
1,2077,291992,274566,566558
2,2077,292049,274566,566615
3,2077,292288,275393,567681
4,2077,292350,275433,567783
5,2077,291665,275418,567083
6,2077,292616,275683,568299
7,2077,292591,275714,568305
8,2077,289388,272724,562112
9,2077,292120,275796,567916
10,2077,292494,275697,568191
11,2077,292571,276455,569026
12,2077,292461,275605,568066
13,2077,293891,275625,569516
14,2077,294576,275565,570141
15,2077,296947,275357,572304
16,2077,296197,275623,571820
17,2077,302139,276579,578718
18,2077,304368,277408,581776
19,2077,309074,279536,588610
20,2077,308796,280425,589221
21,2077,308818,280514,589332
22,2077,309431,280601,590032
23,2077,309749,280616,590365
24,2077,309751,280616,590367
25,2077,309751,280616,590367
26,2077,309751,280616,590367
27,2077,309751,280616,590367
28,2077,309751,280616,590367
29,2077,309751,280616,590367
30,2077,309751,280616,590367
31,2077,309751,280616,590367
32,2077,309751,280616,590367
33,2077,309751,280616,590367
34,2077,309751,280616,590367
35,2077,309751,280616,590367
36,2077,309751,280616,590367
37,2077,309751,280616,590367
38,2077,309751,280616,590367
39,2077,309751,280616,590367
40,2077,309751,280616,590367
41,2077,310523,280709,591232
42,2077,310523,280709,591232
43,2077,310523,280709,591232
44,2077,310523,280709,591232
45,2077,310523,280709,591232
46,2077,310523,280709,591232
47,2077,310523,280709,591232
48,2077,310523,280709,591232
49,2077,310523,280709,591232
50,2077,310523,280709,591232
51,2077,310523,280709,591232
52,2077,310523,280709,591232
53,2077,310523,280709,591232
54,2077,310523,280709,591232
55,2077,310523,280709,591232
56,2077,310523,280709,591232
57,2077,310523,280709,591232
58,2077,310523,280709,591232
59,2077,310523,280709,591232
60,2077,310523,280709,591232
61,2077,310502,280709,591211
62,2077,310533,280709,591242
63,2077,310629,280709,591338
64,2077,310711,280709,591420
65,2077,310748,280709,591457
66,2077,310677,280709,591386
67,2077,310677,280709,591386
68,2077,310677,280709,591386
69,2077,310602,280709,591311
70,2077,310576,280709,591285
71,2077,310117,280695,590812
72,2077,310465,280709,591174
73,2077,310117,280719,590836
74,2077,310117,280719,590836
75,2077,310117,280719,590836
76,2077,310117,280719,590836
77,2077,310117,280719,590836
78,2077,317018,305496,622514
79,2077,319763,304916,624679
80,2077,316558,305659,622217
81,2077,315093,304229,619322
82,2077,315093,304229,619322
83,2077,315093,304229,619322
84,2077,315093,304229,619322
85,2077,315093,304229,619322
86,2077,315093,304229,619322
87,2077,315093,304229,619322
88,2077,315093,304229,619322
89,2077,315093,304229,619322
90,2077,315093,304229,619322
91,2077,315093,304229,619322
92,2077,315093,304229,619322
93,2077,315093,304229,619322
94,2077,315093,304229,619322
95,2077,315093,304229,619322
96,2077,315093,304229,619322
97,2077,315093,304229,619322
98,2077,315093,304229,619322
99,2077,315093,304229,619322
100,2077,315093,304229,619322
0,2077,292467,275809,568276
1,2077,292460,275777,568237
2,2077,292457,275777,568234
3,2077,292245,275154,567399
4,2077,292274,275644,567918
5,2077,292620,276606,569226
6,2077,292731,276392,569123
7,2077,292547,276434,568981
8,2077,290424,273014,563438
9,2077,292125,275680,567805
10,2077,292649,276206,568855
11,2077,291627,275325,566952
12,2077,292214,276093,568307
13,2077,294275,275933,570208
14,2077,294898,275677,570575
15,2077,296696,275498,572194
16,2077,296083,275608,571691
17,2077,302392,276114,578506
18,2077,304800,277408,582208
19,2077,308341,280112,588453
20,2077,308246,280444,588690
21,2077,308721,280514,589235
22,2077,309400,280616,590016
23,2077,309775,280616,590391
24,2077,309777,280616,590393
25,2077,309777,280616,590393
26,2077,309777,280616,590393
27,2077,309777,280616,590393
28,2077,309777,280616,590393
29,2077,309777,280616,590393
30,2077,309777,280616,590393
31,2077,309777,280616,590393
32,2077,309777,280616,590393
33,2077,309777,280616,590393
34,2077,309777,280616,590393
35,2077,309777,280616,590393
36,2077,309777,280616,590393
37,2077,309751,280616,590367
38,2077,309751,280616,590367
39,2077,309751,280616,590367
40,2077,309751,280616,590367
41,2077,310523,280709,591232
42,2077,310523,280709,591232
43,2077,310523,280709,591232
44,2077,310523,280709,591232
45,2077,310523,280709,591232
46,2077,310523,280709,591232
47,2077,310523,280709,591232
48,2077,310523,280709,591232
49,2077,310523,280709,591232
50,2077,310523,280709,591232
51,2077,310523,280709,591232
52,2077,310523,280709,591232
53,2077,310523,280709,591232
54,2077,310523,280709,591232
55,2077,310523,280709,591232
56,2077,310523,280709,591232
57,2077,310523,280709,591232
58,2077,310523,280709,591232
59,2077,310523,280709,591232
60,2077,310523,280709,591232
61,2077,310502,280709,591211
62,2077,310490,280709,591199
63,2077,310629,280709,591338
64,2077,310711,280709,591420
65,2077,310728,280709,591437
66,2077,310677,280709,591386
67,2077,310677,280709,591386
68,2077,310677,280709,591386
69,2077,310609,280709,591318
70,2077,310583,280709,591292
71,2077,310117,280695,590812
72,2077,310465,280709,591174
73,2077,310117,280695,590812
74,2077,310117,280695,590812
75,2077,310117,280695,590812
76,2077,310117,280695,590812
77,2077,310117,280695,590812
78,2077,315589,306728,622317
79,2077,317850,304290,622140
80,2077,315286,304700,619986
81,2077,313486,303270,616756
82,2077,313486,303270,616756
83,2077,313486,303270,616756
84,2077,313486,303270,616756
85,2077,313486,303270,616756
86,2077,313486,303270,616756
87,2077,313486,303270,616756
88,2077,313486,303270,616756
89,2077,313486,303270,616756
90,2077,313486,303270,616756
91,2077,313486,303270,616756
92,2077,313486,303270,616756
93,2077,313486,303270,616756
94,2077,313486,303270,616756
95,2077,313486,303270,616756
96,2077,313486,303270,616756
97,2077,313486,303270,616756
98,2077,313486,303270,616756
99,2077,313486,303270,616756
100,2077,313486,303270,616756
0,2077,292071,275839,567910
1,2077,292089,275900,567989
2,2077,292086,275900,567986
3,2077,292381,275949,568330
4,2077,292447,276194,568641
5,2077,291076,274117,565193
6,2077,291032,274854,565886
7,2077,290997,274886,565883
8,2077,291455,273560,565015
9,2077,292220,275875,568095
10,2077,291207,275214,566421
11,2077,291288,275553,566841
12,2077,293021,276358,569379
13,2077,294152,276089,570241
14,2077,295132,275773,570905
15,2077,295672,275405,571077
16,2077,296009,275276,571285
17,2077,303498,276207,579705
18,2077,304580,277399,581979
19,2077,307593,280366,587959
20,2077,308648,280447,589095
21,2077,309185,280529,589714
22,2077,309411,280647,590058
23,2077,309775,280616,590391
24,2077,309777,280624,590401
25,2077,309777,280624,590401
26,2077,309777,280624,590401
27,2077,309777,280624,590401
28,2077,309777,280624,590401
29,2077,309777,280624,590401
30,2077,309777,280624,590401
31,2077,309777,280624,590401
32,2077,309777,280624,590401
33,2077,309777,280624,590401
34,2077,309777,280624,590401
35,2077,309777,280624,590401
36,2077,309777,280624,590401
37,2077,309777,280616,590393
38,2077,309777,280616,590393
39,2077,309777,280616,590393
40,2077,309777,280616,590393
41,2077,310523,280709,591232
42,2077,310523,280709,591232
43,2077,310523,280709,591232
44,2077,310523,280709,591232
45,2077,310523,280709,591232
46,2077,310523,280709,591232
47,2077,310523,280709,591232
48,2077,310523,280709,591232
49,2077,310523,280709,591232
50,2077,310523,280709,591232
51,2077,310523,280709,591232
52,2077,310523,280709,591232
53,2077,310523,280709,591232
54,2077,310523,280709,591232
55,2077,310523,280709,591232
56,2077,310523,280709,591232
57,2077,310523,280709,591232
58,2077,310523,280709,591232
59,2077,310523,280709,591232
60,2077,310523,280709,591232
61,2077,310502,280709,591211
62,2077,310482,280709,591191
63,2077,310622,280709,591331
64,2077,310711,280709,591420
65,2077,310776,280709,591485
66,2077,310677,280709,591386
67,2077,310677,280709,591386
68,2077,310677,280709,591386
69,2077,310609,280709,591318
70,2077,310583,280709,591292
71,2077,310117,280695,590812
72,2077,310465,280709,591174
73,2077,310117,280695,590812
74,2077,310117,280695,590812
75,2077,310117,280695,590812
76,2077,310117,280695,590812
77,2077,310117,280695,590812
78,2077,319253,303696,622949
79,2077,314882,303302,618184
80,2077,314483,304209,618692
81,2077,313400,302807,616207
82,2077,313400,302807,616207
83,2077,313400,302807,616207
84,2077,313400,302807,616207
85,2077,313400,302807,616207
86,2077,313400,302807,616207
87,2077,313400,302807,616207
88,2077,313400,302807,616207
89,2077,313400,302807,616207
90,2077,313400,302807,616207
91,2077,313400,302807,616207
92,2077,313400,302807,616207
93,2077,313400,302807,616207
94,2077,313400,302807,616207
95,2077,313400,302807,616207
96,2077,313400,302807,616207
97,2077,313400,302807,616207
98,2077,313400,302807,616207
99,2077,313400,302807,616207
100,2077,313400,302807,616207
0,2077,291929,276118,568047
1,2077,292050,276184,568234
2,2077,292024,276184,568208
3,2077,292099,275673,567772
4,2077,291120,275219,566339
5,2077,290898,274381,565279
6,2077,290201,274869,565070
7,2077,289966,274416,564382
8,2077,293136,274868,568004
9,2077,292151,275983,568134
10,2077,291191,275417,566608
11,2077,292570,276264,568834
12,2077,292503,275712,568215
13,2077,293667,275662,569329
14,2077,296166,275731,571897
15,2077,295497,275115,570612
16,2077,296079,275458,571537
17,2077,303229,276582,579811
18,2077,304477,277399,581876
19,2077,306568,280199,586767
20,2077,308456,280490,588946
21,2077,309412,280464,589876
22,2077,309419,280647,590066
23,2077,309775,280624,590399
24,2077,309777,280624,590401
25,2077,309777,280624,590401
26,2077,309777,280624,590401
27,2077,309777,280624,590401
28,2077,309777,280624,590401
29,2077,309777,280624,590401
30,2077,309777,280624,590401
31,2077,309777,280624,590401
32,2077,309777,280624,590401
33,2077,309777,280624,590401
34,2077,309777,280624,590401
35,2077,309777,280624,590401
36,2077,309777,280624,590401
37,2077,309777,280624,590401
38,2077,309777,280624,590401
39,2077,309777,280624,590401
40,2077,309777,280624,590401
41,2077,310523,280709,591232
42,2077,310523,280709,591232
43,2077,310523,280709,591232
44,2077,310523,280709,591232
45,2077,310523,280709,591232
46,2077,310523,280709,591232
47,2077,310523,280709,591232
48,2077,310523,280709,591232
49,2077,310523,280709,591232
50,2077,310523,280709,591232
51,2077,310523,280709,591232
52,2077,310523,280709,591232
53,2077,310523,280709,591232
54,2077,310523,280709,591232
55,2077,310523,280709,591232
56,2077,310523,280709,591232
57,2077,310523,280709,591232
58,2077,310523,280709,591232
59,2077,310523,280709,591232
60,2077,310523,280709,591232
61,2077,310502,280709,591211
62,2077,310542,280709,591251
63,2077,310622,280709,591331
64,2077,310711,280709,591420
65,2077,310776,280709,591485
66,2077,310677,280709,591386
67,2077,310677,280709,591386
68,2077,310677,280709,591386
69,2077,310609,280709,591318
70,2077,310583,280709,591292
71,2077,310117,280695,590812
72,2077,310465,280709,591174
73,2077,310117,280695,590812
74,2077,310117,280695,590812
75,2077,310117,280695,590812
76,2077,310117,280695,590812
77,2077,310117,280695,590812
78,2077,315391,302409,617800
79,2077,313281,301886,615167
80,2077,313582,303403,616985
81,2077,313300,302781,616081
82,2077,313300,302781,616081
83,2077,313300,302781,616081
84,2077,313300,302781,616081
85,2077,313300,302781,616081
86,2077,313300,302781,616081
87,2077,313300,302781,616081
88,2077,313300,302781,616081
89,2077,313300,302781,616081
90,2077,313300,302781,616081
91,2077,313300,302781,616081
92,2077,313300,302781,616081
93,2077,313300,302781,616081
94,2077,313300,302781,616081
95,2077,313300,302781,616081
96,2077,313300,302781,616081
97,2077,313300,302781,616081
98,2077,313300,302781,616081
99,2077,313300,302781,616081
100,2077,313300,302781,616081
0,2077,290678,274865,565543
1,2077,290646,274600,565246
2,2077,290646,274600,565246
3,2077,292028,275935,567963
4,2077,290806,274931,565737
5,2077,291693,275335,567028
6,2077,289512,272972,562484
7,2077,289426,272773,562199
8,2077,292970,275895,568865
9,2077,292042,275514,567556
10,2077,292198,275741,567939
11,2077,291715,275941,567656
12,2077,292280,275815,568095
13,2077,293958,275737,569695
14,2077,295390,275951,571341
15,2077,295576,275625,571201
16,2077,296316,275830,572146
17,2077,302965,276281,579246
18,2077,304630,277408,582038
19,2077,305272,279385,584657
20,2077,308843,280475,589318
21,2077,308966,280464,589430
22,2077,309419,280616,590035
23,2077,309775,280616,590391
24,2077,309777,280616,590393
25,2077,309777,280616,590393
26,2077,309777,280616,590393
27,2077,309777,280616,590393
28,2077,309777,280616,590393
29,2077,309777,280616,590393
30,2077,309777,280616,590393
31,2077,309777,280616,590393
32,2077,309777,280616,590393
33,2077,309777,280616,590393
34,2077,309777,280616,590393
35,2077,309777,280616,590393
36,2077,309777,280616,590393
37,2077,309777,280616,590393
38,2077,309777,280616,590393
39,2077,309777,280616,590393
40,2077,309777,280616,590393
41,2077,310523,280709,591232
42,2077,310523,280709,591232
43,2077,310523,280709,591232
44,2077,310523,280709,591232
45,2077,310523,280709,591232
46,2077,310523,280709,591232
47,2077,310523,280709,591232
48,2077,310523,280709,591232
49,2077,310523,280709,591232
50,2077,310523,280709,591232
51,2077,310523,280709,591232
52,2077,310523,280709,591232
53,2077,310523,280709,591232
54,2077,310523,280709,591232
55,2077,310523,280709,591232
56,2077,310523,280709,591232
57,2077,310523,280709,591232
58,2077,310523,280709,591232
59,2077,310523,280709,591232
60,2077,310523,280709,591232
61,2077,310502,280709,591211
62,2077,310490,280709,591199
63,2077,310629,280709,591338
64,2077,310711,280709,591420
65,2077,310776,280709,591485
66,2077,310677,280709,591386
67,2077,310677,280709,591386
68,2077,310677,280709,591386
69,2077,310609,280709,591318
70,2077,310583,280709,591292
71,2077,310117,280695,590812
72,2077,310465,280709,591174
73,2077,310117,280695,590812
74,2077,310117,280695,590812
75,2077,310117,280695,590812
76,2077,310117,280695,590812
77,2077,310117,280695,590812
78,2077,314163,302133,616296
79,2077,313574,301568,615142
80,2077,313325,302887,616212
81,2077,314143,304623,618766
82,2077,314143,304623,618766
83,2077,314143,304623,618766
84,2077,314143,304623,618766
85,2077,314143,304623,618766
86,2077,314143,304623,618766
87,2077,314143,304623,618766
88,2077,314143,304623,618766
89,2077,314143,304623,618766
90,2077,314143,304623,618766
91,2077,314143,304623,618766
92,2077,314143,304623,618766
93,2077,314143,304623,618766
94,2077,314143,304623,618766
95,2077,314143,304623,618766
96,2077,314143,304623,618766
97,2077,314143,304623,618766
98,2077,314143,304623,618766
99,2077,314143,304623,618766
100,2077,314143,304623,618766
0,2077,289630,273527,563157
1,2077,289084,272978,562062
2,2077,289096,272978,562074
3,2077,291944,275546,567490
4,2077,290744,274239,564983
5,2077,292628,276596,569224
6,2077,290215,273130,563345
7,2077,290379,273170,563549
8,2077,292789,275868,568657
9,2077,292007,275599,567606
10,2077,292516,276305,568821
11,2077,291831,275642,567473
12,2077,293193,276213,569406
13,2077,294133,275848,569981
14,2077,294756,275557,570313
15,2077,295875,275849,571724
16,2077,296104,275804,571908
17,2077,302976,276373,579349
18,2077,304434,277399,581833
19,2077,305026,279291,584317
20,2077,308802,280475,589277
21,2077,308820,280514,589334
22,2077,309407,280616,590023
23,2077,309775,280624,590399
24,2077,309777,280624,590401
25,2077,309777,280624,590401
26,2077,309777,280624,590401
27,2077,309777,280624,590401
28,2077,309777,280624,590401
29,2077,309777,280624,590401
30,2077,309777,280624,590401
31,2077,309777,280624,590401
32,2077,309777,280624,590401
33,2077,309777,280624,590401
34,2077,309777,280624,590401
35,2077,309777,280624,590401
36,2077,309777,280624,590401
37,2077,309777,280616,590393
38,2077,309777,280616,590393
39,2077,309777,280616,590393
40,2077,309777,280616,590393
41,2077,310523,280709,591232
42,2077,310523,280709,591232
43,2077,310523,280709,591232
44,2077,310523,280709,591232
45,2077,310523,280709,591232
46,2077,310523,280709,591232
47,2077,310523,280709,591232
48,2077,310523,280709,591232
49,2077,310523,280709,591232
50,2077,310523,280709,591232
51,2077,310523,280709,591232
52,2077,310523,280709,591232
53,2077,310523,280709,591232
54,2077,310523,280709,591232
55,2077,310523,280709,591232
56,2077,310523,280709,591232
57,2077,310523,280709,591232
58,2077,310523,280709,591232
59,2077,310523,280709,591232
60,2077,310523,280709,591232
61,2077,310502,280709,591211
62,2077,310482,280709,591191
63,2077,310629,280709,591338
64,2077,310711,280709,591420
65,2077,310776,280709,591485
66,2077,310677,280709,591386
67,2077,310677,280709,591386
68,2077,310677,280709,591386
69,2077,310609,280709,591318
70,2077,310583,280709,591292
71,2077,310117,280695,590812
72,2077,310465,280709,591174
73,2077,310117,280695,590812
74,2077,310117,280695,590812
75,2077,310117,280695,590812
76,2077,310117,280695,590812
77,2077,310117,280695,590812
78,2077,312824,302255,615079
79,2077,312361,301855,614216
80,2077,313545,304204,617749
81,2077,315175,307024,622199
82,2077,315175,307024,622199
83,2077,315175,307024,622199
84,2077,315175,307024,622199
85,2077,315175,307024,622199
86,2077,315175,307024,622199
87,2077,315175,307024,622199
88,2077,315175,307024,622199
89,2077,315175,307024,622199
90,2077,315175,307024,622199
91,2077,315175,307024,622199
92,2077,315175,307024,622199
93,2077,315175,307024,622199
94,2077,315175,307024,622199
95,2077,315175,307024,622199
96,2077,315175,307024,622199
97,2077,315175,307024,622199
98,2077,315175,307024,622199
99,2077,315175,307024,622199
100,2077,315175,307024,622199
0,2077,289931,272729,562660
1,2077,289934,272911,562845
2,2077,289982,272952,562934
3,2077,292195,275576,567771
4,2077,291187,274432,565619
5,2077,291032,274005,565037
6,2077,290574,273727,564301
7,2077,291554,273847,565401
8,2077,292191,275275,567466
9,2077,292300,275900,568200
10,2077,291218,275119,566337
11,2077,292350,275661,568011
12,2077,292533,276111,568644
13,2077,294243,276045,570288
14,2077,294509,275322,569831
15,2077,295696,275954,571650
16,2077,295745,275365,571110
17,2077,302787,276624,579411
18,2077,304700,277408,582108
19,2077,305830,279172,585002
20,2077,308798,280475,589273
21,2077,308721,280514,589235
22,2077,309400,280616,590016
23,2077,309775,280624,590399
24,2077,309777,280624,590401
25,2077,309777,280624,590401
26,2077,309777,280624,590401
27,2077,309777,280624,590401
28,2077,309777,280624,590401
29,2077,309777,280624,590401
30,2077,309777,280624,590401
31,2077,309777,280624,590401
32,2077,309777,280624,590401
33,2077,309777,280624,590401
34,2077,309777,280624,590401
35,2077,309777,280624,590401
36,2077,309777,280624,590401
37,2077,309777,280624,590401
38,2077,309777,280624,590401
39,2077,309777,280624,590401
40,2077,309777,280624,590401
41,2077,310523,280709,591232
42,2077,310523,280709,591232
43,2077,310523,280709,591232
44,2077,310523,280709,591232
45,2077,310523,280709,591232
46,2077,310523,280709,591232
47,2077,310523,280709,591232
48,2077,310523,280709,591232
49,2077,310523,280709,591232
50,2077,310523,280709,591232
51,2077,310523,280709,591232
52,2077,310523,280709,591232
53,2077,310523,280709,591232
54,2077,310523,280709,591232
55,2077,310523,280709,591232
56,2077,310523,280709,591232
57,2077,310523,280709,591232
58,2077,310523,280709,591232
59,2077,310523,280709,591232
60,2077,310523,280709,591232
61,2077,310502,280709,591211
62,2077,310542,280709,591251
63,2077,310622,280709,591331
64,2077,310711,280709,591420
65,2077,310776,280709,591485
66,2077,310677,280709,591386
67,2077,310677,280709,591386
68,2077,310677,280709,591386
69,2077,310609,280709,591318
70,2077,310583,280709,591292
71,2077,310117,280695,590812
72,2077,310465,280709,591174
73,2077,310117,280695,590812
74,2077,310117,280695,590812
75,2077,310117,280695,590812
76,2077,310117,280695,590812
77,2077,310117,280695,590812
78,2077,314312,303031,617343
79,2077,314087,303226,617313
80,2077,313783,305497,619280
81,2077,319234,305827,625061
82,2077,319234,305827,625061
83,2077,319234,305827,625061
84,2077,319234,305827,625061
85,2077,319234,305827,625061
86,2077,319234,305827,625061
87,2077,319234,305827,625061
88,2077,319234,305827,625061
89,2077,319234,305827,625061
90,2077,319234,305827,625061
91,2077,319234,305827,625061
92,2077,319234,305827,625061
93,2077,319234,305827,625061
94,2077,319234,305827,625061
95,2077,319234,305827,625061
96,2077,319234,305827,625061
97,2077,319234,305827,625061
98,2077,319234,305827,625061
99,2077,319234,305827,625061
100,2077,319234,305827,625061
0,2077,290389,273324,563713
1,2077,290357,273423,563780
2,2077,290327,273499,563826
3,2077,292216,275829,568045
4,2077,292652,275969,568621
5,2077,290429,274160,564589
6,2077,291995,274742,566737
7,2077,293131,275594,568725
8,2077,292310,275603,567913
9,2077,292239,275895,568134
10,2077,291305,275231,566536
11,2077,292658,276470,569128
12,2077,291894,275712,567606
13,2077,293818,275668,569486
14,2077,294959,275664,570623
15,2077,295329,275541,570870
16,2077,296065,275365,571430
17,2077,302452,276309,578761
18,2077,304434,277399,581833
19,2077,307640,279219,586859
20,2077,308797,280475,589272
21,2077,309191,280529,589720
22,2077,309411,280647,590058
23,2077,309775,280624,590399
24,2077,309777,280624,590401
25,2077,309777,280624,590401
26,2077,309777,280624,590401
27,2077,309777,280624,590401
28,2077,309777,280624,590401
29,2077,309777,280624,590401
30,2077,309777,280624,590401
31,2077,309777,280624,590401
32,2077,309777,280624,590401
33,2077,309777,280624,590401
34,2077,309777,280624,590401
35,2077,309777,280624,590401
36,2077,309777,280624,590401
37,2077,309777,280624,590401
38,2077,309777,280624,590401
39,2077,309777,280624,590401
40,2077,309777,280624,590401
41,2077,310523,280709,591232
42,2077,310523,280709,591232
43,2077,310523,280709,591232
44,2077,310523,280709,591232
45,2077,310523,280709,591232
46,2077,310523,280709,591232
47,2077,310523,280709,591232
48,2077,310523,280709,591232
49,2077,310523,280709,591232
50,2077,310523,280709,591232
51,2077,310523,280709,591232
52,2077,310523,280709,591232
53,2077,310523,280709,591232
54,2077,310523,280709,591232
55,2077,310523,280709,591232
56,2077,310523,280709,591232
57,2077,310523,280709,591232
58,2077,310523,280709,591232
59,2077,310523,280709,591232
60,2077,310523,280709,591232
61,2077,310502,280709,591211
62,2077,310490,280709,591199
63,2077,310622,280709,591331
64,2077,310711,280709,591420
65,2077,310776,280709,591485
66,2077,310677,280709,591386
67,2077,310677,280709,591386
68,2077,310677,280709,591386
69,2077,310609,280709,591318
70,2077,310583,280709,591292
71,2077,310117,280695,590812
72,2077,310465,280709,591174
73,2077,310117,280695,590812
74,2077,310117,280695,590812
75,2077,310117,280695,590812
76,2077,310117,280695,590812
77,2077,310117,280695,590812
78,2077,314565,303350,617915
79,2077,315463,303836,619299
80,2077,315597,307591,623188
81,2077,318475,306338,624813
82,2077,318475,306338,624813
83,2077,318475,306338,624813
84,2077,318475,306338,624813
85,2077,318475,306338,624813
86,2077,318475,306338,624813
87,2077,318475,306338,624813
88,2077,318475,306338,624813
89,2077,318475,306338,624813
90,2077,318475,306338,624813
91,2077,318475,306338,624813
92,2077,318475,306338,624813
93,2077,318475,306338,624813
94,2077,318475,306338,624813
95,2077,318475,306338,624813
96,2077,318475,306338,624813
97,2077,318475,306338,624813
98,2077,318475,306338,624813
99,2077,318475,306338,624813
100,2077,318475,306338,624813
0,2077,291577,274118,565695
1,2077,291704,274059,565763
2,2077,291728,274070,565798
3,2077,292172,275866,568038
4,2077,292520,275795,568315
5,2077,290894,274103,564997
6,2077,293029,275653,568682
7,2077,293002,275585,568587
8,2077,292514,276161,568675
9,2077,292060,275434,567494
10,2077,292373,275869,568242
11,2077,291521,275321,566842
12,2077,292700,275905,568605
13,2077,293942,275538,569480
14,2077,295205,275997,571202
15,2077,296250,275426,571676
16,2077,296330,275907,572237
17,2077,302651,276235,578886
18,2077,304622,277408,582030
19,2077,308470,279310,587780
20,2077,308804,280475,589279
21,2077,309404,280464,589868
22,2077,309411,280647,590058
23,2077,309775,280624,590399
24,2077,309777,280624,590401
25,2077,309777,280624,590401
26,2077,309777,280624,590401
27,2077,309777,280624,590401
28,2077,309777,280624,590401
29,2077,309777,280624,590401
30,2077,309777,280624,590401
31,2077,309777,280624,590401
32,2077,309777,280624,590401
33,2077,309777,280624,590401
34,2077,309777,280624,590401
35,2077,309777,280624,590401
36,2077,309777,280624,590401
37,2077,309777,280624,590401
38,2077,309777,280624,590401
39,2077,309777,280624,590401
40,2077,309777,280624,590401
41,2077,310523,280709,591232
42,2077,310523,280709,591232
43,2077,310523,280709,591232
44,2077,310523,280709,591232
45,2077,310523,280709,591232
46,2077,310523,280709,591232
47,2077,310523,280709,591232
48,2077,310523,280709,591232
49,2077,310523,280709,591232
50,2077,310523,280709,591232
51,2077,310523,280709,591232
52,2077,310523,280709,591232
53,2077,310523,280709,591232
54,2077,310523,280709,591232
55,2077,310523,280709,591232
56,2077,310523,280709,591232
57,2077,310523,280709,591232
58,2077,310523,280709,591232
59,2077,310523,280709,591232
60,2077,310523,280709,591232
61,2077,310502,280709,591211
62,2077,310482,280709,591191
63,2077,310629,280709,591338
64,2077,310711,280709,591420
65,2077,310776,280709,591485
66,2077,310677,280709,591386
67,2077,310677,280709,591386
68,2077,310677,280709,591386
69,2077,310609,280709,591318
70,2077,310583,280709,591292
71,2077,310117,280695,590812
72,2077,310465,280709,591174
73,2077,310117,280695,590812
74,2077,310117,280695,590812
75,2077,310117,280695,590812
76,2077,310117,280695,590812
77,2077,310117,280695,590812
78,2077,314748,304905,619653
79,2077,315681,305040,620721
80,2077,320100,305595,625695
81,2077,319150,304796,623946
82,2077,319150,304796,623946
83,2077,319150,304796,623946
84,2077,319150,304796,623946
85,2077,319150,304796,623946
86,2077,319150,304796,623946
87,2077,319150,304796,623946
88,2077,319150,304796,623946
89,2077,319150,304796,623946
90,2077,319150,304796,623946
91,2077,319150,304796,623946
92,2077,319150,304796,623946
93,2077,319150,304796,623946
94,2077,319150,304796,623946
95,2077,319150,304796,623946
96,2077,319150,304796,623946
97,2077,319150,304796,623946
98,2077,319150,304796,623946
99,2077,319150,304796,623946
100,2077,319150,304796,623946
0,2077,292691,275252,567943
1,2077,292737,275408,568145
2,2077,292737,275396,568133
3,2077,291909,275660,567569
4,2077,292434,275675,568109
5,2077,292224,276129,568353
6,2077,292989,275830,568819
7,2077,292884,275778,568662
8,2077,291224,275620,566844
9,2077,291990,275557,567547
10,2077,292433,276415,568848
11,2077,291391,275660,567051
12,2077,293221,276798,570019
13,2077,294261,275802,570063
14,2077,297791,275834,573625
15,2077,295951,275686,571637
16,2077,296030,275683,571713
17,2077,302367,276387,578754
18,2077,304434,277399,581833
19,2077,309346,279536,588882
20,2077,308804,280475,589279
21,2077,308966,280464,589430
22,2077,309411,280616,590027
23,2077,309775,280624,590399
24,2077,309777,280624,590401
25,2077,309777,280624,590401
26,2077,309777,280624,590401
27,2077,309777,280624,590401
28,2077,309777,280624,590401
29,2077,309777,280624,590401
30,2077,309777,280624,590401
31,2077,309777,280624,590401
32,2077,309777,280624,590401
33,2077,309777,280624,590401
34,2077,309777,280624,590401
35,2077,309777,280624,590401
36,2077,309777,280624,590401
37,2077,309777,280624,590401
38,2077,309777,280624,590401
39,2077,309777,280624,590401
40,2077,309777,280624,590401
41,2077,310523,280709,591232
42,2077,310523,280709,591232
43,2077,310523,280709,591232
44,2077,310523,280709,591232
45,2077,310523,280709,591232
46,2077,310523,280709,591232
47,2077,310523,280709,591232
48,2077,310523,280709,591232
49,2077,310523,280709,591232
50,2077,310523,280709,591232
51,2077,310523,280709,591232
52,2077,310523,280709,591232
53,2077,310523,280709,591232
54,2077,310523,280709,591232
55,2077,310523,280709,591232
56,2077,310523,280709,591232
57,2077,310523,280709,591232
58,2077,310523,280709,591232
59,2077,310523,280709,591232
60,2077,310523,280709,591232
61,2077,310502,280709,591211
62,2077,310542,280709,591251
63,2077,310629,280709,591338
64,2077,310711,280709,591420
65,2077,310776,280709,591485
66,2077,310677,280709,591386
67,2077,310677,280709,591386
68,2077,310677,280709,591386
69,2077,310609,280709,591318
70,2077,310583,280709,591292
71,2077,310117,280695,590812
72,2077,310465,280709,591174
73,2077,310117,280695,590812
74,2077,310117,280695,590812
75,2077,310117,280695,590812
76,2077,310117,280695,590812
77,2077,310117,280695,590812
78,2077,315901,306651,622552
79,2077,316557,307162,623719
80,2077,319112,306085,625197
81,2077,317302,305907,623209
82,2077,317302,305907,623209
83,2077,317302,305907,623209
84,2077,317302,305907,623209
85,2077,317302,305907,623209
86,2077,317302,305907,623209
87,2077,317302,305907,623209
88,2077,317302,305907,623209
89,2077,317302,305907,623209
90,2077,317302,305907,623209
91,2077,317302,305907,623209
92,2077,317302,305907,623209
93,2077,317302,305907,623209
94,2077,317302,305907,623209
95,2077,317302,305907,623209
96,2077,317302,305907,623209
97,2077,317302,305907,623209
98,2077,317302,305907,623209
99,2077,317302,305907,623209
100,2077,317302,305907,623209
0,2078,292160,275407,567567
1,2078,292160,275407,567567
2,2078,292156,275407,567563
3,2078,292317,275433,567750
4,2078,292459,275435,567894
5,2078,292604,275460,568064
6,2078,292715,275538,568253
7,2078,292699,275529,568228
8,2078,292688,275503,568191
9,2078,292689,275485,568174
10,2078,292704,275551,568255
11,2078,292828,275972,568800
12,2078,293342,276256,569598
13,2078,293719,276375,570094
14,2078,293758,276281,570039
15,2078,293823,276272,570095
16,2078,294123,276355,570478
17,2078,294561,276410,570971
18,2078,295789,276733,572522
19,2078,296731,278188,574919
20,2078,296795,278225,575020
21,2078,296833,278284,575117
22,2078,296862,278532,575394
23,2078,296890,278545,575435
24,2078,296890,278545,575435
25,2078,296890,278545,575435
26,2078,296890,278545,575435
27,2078,296890,278545,575435
28,2078,296890,278545,575435
29,2078,296890,278545,575435
30,2078,296890,278545,575435
31,2078,296890,278545,575435
32,2078,296890,278545,575435
33,2078,296890,278545,575435
34,2078,296890,278545,575435
35,2078,296890,278545,575435
36,2078,296890,278545,575435
37,2078,296890,278545,575435
38,2078,296890,278545,575435
39,2078,296890,278545,575435
40,2078,296890,278545,575435
41,2078,296890,278545,575435
42,2078,296890,278545,575435
43,2078,296890,278545,575435
44,2078,296890,278545,575435
45,2078,296890,278545,575435
46,2078,296881,278545,575426
47,2078,296873,278545,575418
48,2078,296873,278545,575418
49,2078,296873,278545,575418
50,2078,296873,278545,575418
51,2078,296873,278595,575468
52,2078,296873,278595,575468
53,2078,296873,278595,575468
54,2078,296873,278595,575468
55,2078,296873,278595,575468
56,2078,296873,278595,575468
57,2078,296873,278595,575468
58,2078,296873,278595,575468
59,2078,296873,278595,575468
60,2078,296873,278595,575468
61,2078,296873,278595,575468
62,2078,296873,278595,575468
63,2078,296873,278595,575468
64,2078,296825,278595,575420
65,2078,296825,278595,575420
66,2078,296738,278595,575333
67,2078,296738,278595,575333
68,2078,296472,278595,575067
69,2078,296377,278595,574972
70,2078,296237,278595,574832
71,2078,295800,278595,574395
72,2078,295800,278595,574395
73,2078,295461,278595,574056
74,2078,295423,278595,574018
75,2078,295423,278595,574018
76,2078,295423,278595,574018
77,2078,295423,278595,574018
78,2078,295423,279554,574977
79,2078,295423,279363,574786
80,2078,295423,279614,575037
81,2078,295423,279743,575166
82,2078,295423,279743,575166
83,2078,295423,279743,575166
84,2078,295423,279743,575166
85,2078,295423,279743,575166
86,2078,295423,279743,575166
87,2078,295423,279743,575166
88,2078,295423,279743,575166
89,2078,295423,279743,575166
90,2078,295423,279743,575166
91,2078,295423,279743,575166
92,2078,295423,279743,575166
93,2078,295423,279743,575166
94,2078,295423,279743,575166
95,2078,295423,279743,575166
96,2078,295423,279743,575166
97,2078,295423,279743,575166
98,2078,295423,279743,575166
99,2078,295423,279743,575166
100,2078,295423,279743,575166
0,2078,292266,275259,567525
1,2078,292266,275259,567525
2,2078,292259,275259,567518
3,2078,292436,275274,567710
4,2078,292615,275193,567808
5,2078,292741,275299,568040
6,2078,292868,275406,568274
7,2078,292842,275390,568232
8,2078,292820,275364,568184
9,2078,292815,275344,568159
10,2078,292810,275474,568284
11,2078,292862,275699,568561
12,2078,293184,275754,568938
13,2078,293704,275708,569412
14,2078,293937,275800,569737
15,2078,294124,275792,569916
16,2078,294466,275859,570325
17,2078,295672,275850,571522
18,2078,297964,276497,574461
19,2078,298821,278322,577143
20,2078,299958,278491,578449
21,2078,300126,278538,578664
22,2078,300128,279006,579134
23,2078,300136,279020,579156
24,2078,300136,279020,579156
25,2078,300136,279020,579156
26,2078,300136,279020,579156
27,2078,300136,279020,579156
28,2078,300136,279020,579156
29,2078,300136,279020,579156
30,2078,300136,279020,579156
31,2078,300136,279020,579156
32,2078,300136,279020,579156
33,2078,300136,279020,579156
34,2078,300136,279020,579156
35,2078,300136,279020,579156
36,2078,300136,279020,579156
37,2078,300136,279020,579156
38,2078,300136,279020,579156
39,2078,300136,279020,579156
40,2078,300136,279020,579156
41,2078,300136,279020,579156
42,2078,300136,279020,579156
43,2078,300136,279020,579156
44,2078,300538,279020,579558
45,2078,300538,279020,579558
46,2078,300536,279020,579556
47,2078,300528,279020,579548
48,2078,300528,279020,579548
49,2078,300528,279020,579548
50,2078,300528,279020,579548
51,2078,300528,279059,579587
52,2078,300528,279059,579587
53,2078,300528,279059,579587
54,2078,300528,279059,579587
55,2078,300528,279059,579587
56,2078,300528,279059,579587
57,2078,300528,279059,579587
58,2078,300528,279059,579587
59,2078,300528,279059,579587
60,2078,300528,279059,579587
61,2078,300528,279059,579587
62,2078,300528,279059,579587
63,2078,300528,279059,579587
64,2078,300557,279059,579616
65,2078,300557,279059,579616
66,2078,300066,279059,579125
67,2078,300008,279059,579067
68,2078,299613,279059,578672
69,2078,299663,279059,578722
70,2078,299415,279037,578452
71,2078,298888,279037,577925
72,2078,298782,279037,577819
73,2078,298283,278963,577246
74,2078,298238,278963,577201
75,2078,298238,278963,577201
76,2078,298238,278963,577201
77,2078,298238,278963,577201
78,2078,298344,280269,578613
79,2078,298259,280078,578337
80,2078,298344,280826,579170
81,2078,298338,280568,578906
82,2078,298338,280568,578906
83,2078,298338,280568,578906
84,2078,298338,280568,578906
85,2078,298338,280568,578906
86,2078,298338,280568,578906
87,2078,298338,280568,578906
88,2078,298338,280568,578906
89,2078,298338,280568,578906
90,2078,298338,280568,578906
91,2078,298338,280568,578906
92,2078,298338,280568,578906
93,2078,298338,280568,578906
94,2078,298338,280568,578906
95,2078,298338,280568,578906
96,2078,298338,280568,578906
97,2078,298338,280568,578906
98,2078,298338,280568,578906
99,2078,298338,280568,578906
100,2078,298338,280568,578906
0,2078,292274,275413,567687
1,2078,292274,275413,567687
2,2078,292266,275413,567679
3,2078,292417,275347,567764
4,2078,292716,275394,568110
5,2078,292856,275450,568306
6,2078,292910,275526,568436
7,2078,292866,275510,568376
8,2078,292838,275471,568309
9,2078,292865,275477,568342
10,2078,292819,275561,568380
11,2078,292909,275804,568713
12,2078,293366,276259,569625
13,2078,294527,276216,570743
14,2078,294776,276418,571194
15,2078,295034,276413,571447
16,2078,296135,276482,572617
17,2078,297419,276524,573943
18,2078,299982,276890,576872
19,2078,300697,278092,578789
20,2078,300794,278561,579355
21,2078,301474,278636,580110
22,2078,301310,278941,580251
23,2078,301326,278955,580281
24,2078,301326,278955,580281
25,2078,301326,278955,580281
26,2078,301326,278955,580281
27,2078,301326,278955,580281
28,2078,301326,278955,580281
29,2078,301326,278955,580281
30,2078,301326,278955,580281
31,2078,301326,278955,580281
32,2078,301326,278955,580281
33,2078,301326,278955,580281
34,2078,301326,278955,580281
35,2078,301326,278955,580281
36,2078,301326,278955,580281
37,2078,301326,278955,580281
38,2078,301326,278955,580281
39,2078,301326,278955,580281
40,2078,301326,278955,580281
41,2078,301326,278955,580281
42,2078,301326,278955,580281
43,2078,301333,278955,580288
44,2078,303077,279111,582188
45,2078,303077,279111,582188
46,2078,302118,279111,581229
47,2078,302109,279111,581220
48,2078,302109,279111,581220
49,2078,302109,279111,581220
50,2078,302109,279111,581220
51,2078,302109,279149,581258
52,2078,302109,279149,581258
53,2078,302109,279149,581258
54,2078,302109,279149,581258
55,2078,302109,279149,581258
56,2078,302109,279149,581258
57,2078,302109,279149,581258
58,2078,302109,279149,581258
59,2078,302109,279149,581258
60,2078,302109,279149,581258
61,2078,302109,279149,581258
62,2078,302109,279149,581258
63,2078,302109,279149,581258
64,2078,303056,279149,582205
65,2078,303056,279149,582205
66,2078,301751,278994,580745
67,2078,301764,278926,580690
68,2078,301625,278926,580551
69,2078,301693,278926,580619
70,2078,301698,278926,580624
71,2078,302699,279051,581750
72,2078,302614,279051,581665
73,2078,301717,279129,580846
74,2078,301717,279129,580846
75,2078,301717,279129,580846
76,2078,301717,279129,580846
77,2078,301717,279129,580846
78,2078,301618,283834,585452
79,2078,301588,283520,585108
80,2078,301523,283856,585379
81,2078,301545,283856,585401
82,2078,301545,283856,585401
83,2078,301545,283856,585401
84,2078,301545,283856,585401
85,2078,301545,283856,585401
86,2078,301545,283856,585401
87,2078,301545,283856,585401
88,2078,301545,283856,585401
89,2078,301545,283856,585401
90,2078,301545,283856,585401
91,2078,301545,283856,585401
92,2078,301545,283856,585401
93,2078,301545,283856,585401
94,2078,301545,283856,585401
95,2078,301545,283856,585401
96,2078,301545,283856,585401
97,2078,301545,283856,585401
98,2078,301545,283856,585401
99,2078,301545,283856,585401
100,2078,301545,283856,585401
0,2078,292099,274901,567000
1,2078,292099,274901,567000
2,2078,292091,274901,566992
3,2078,292300,274901,567201
4,2078,292463,274931,567394
5,2078,292518,274983,567501
6,2078,292615,275035,567650
7,2078,292607,275057,567664
8,2078,292601,275043,567644
9,2078,292574,275024,567598
10,2078,292549,275055,567604
11,2078,292624,275339,567963
12,2078,293047,275490,568537
13,2078,294584,275590,570174
14,2078,295239,275679,570918
15,2078,297561,275661,573222
16,2078,296031,275360,571391
17,2078,298511,275281,573792
18,2078,300960,276311,577271
19,2078,318140,278178,596318
20,2078,318570,278704,597274
21,2078,307169,279147,586316
22,2078,306963,279195,586158
23,2078,307025,279209,586234
24,2078,307025,279209,586234
25,2078,307025,279209,586234
26,2078,307025,279209,586234
27,2078,307025,279209,586234
28,2078,307025,279209,586234
29,2078,307025,279209,586234
30,2078,307025,279209,586234
31,2078,307025,279209,586234
32,2078,307025,279209,586234
33,2078,307025,279209,586234
34,2078,307025,279209,586234
35,2078,307025,279209,586234
36,2078,307025,279209,586234
37,2078,307025,279209,586234
38,2078,307025,279209,586234
39,2078,307025,279209,586234
40,2078,307025,279209,586234
41,2078,307025,279209,586234
42,2078,307025,279209,586234
43,2078,307025,279209,586234
44,2078,309401,279433,588834
45,2078,309401,279433,588834
46,2078,308138,279364,587502
47,2078,308207,279364,587571
48,2078,308207,279364,587571
49,2078,308207,279364,587571
50,2078,308207,279364,587571
51,2078,308198,279402,587600
52,2078,308198,279402,587600
53,2078,308198,279402,587600
54,2078,308198,279402,587600
55,2078,308198,279402,587600
56,2078,308198,279402,587600
57,2078,308198,279402,587600
58,2078,308198,279402,587600
59,2078,308198,279402,587600
60,2078,308198,279402,587600
61,2078,308198,279402,587600
62,2078,308198,279402,587600
63,2078,308198,279402,587600
64,2078,309449,279472,588921
65,2078,309538,279472,589010
66,2078,307947,279400,587347
67,2078,308227,279400,587627
68,2078,307618,279138,586756
69,2078,307735,279232,586967
70,2078,307742,279123,586865
71,2078,309127,279187,588314
72,2078,308751,279129,587880
73,2078,307179,279129,586308
74,2078,307179,279129,586308
75,2078,307179,279129,586308
76,2078,307179,279129,586308
77,2078,307179,279129,586308
78,2078,306934,286413,593347
79,2078,306862,284996,591858
80,2078,306855,286432,593287
81,2078,306855,286432,593287
82,2078,306855,286432,593287
83,2078,306855,286432,593287
84,2078,306855,286432,593287
85,2078,306855,286432,593287
86,2078,306855,286432,593287
87,2078,306855,286432,593287
88,2078,306855,286432,593287
89,2078,306855,286432,593287
90,2078,306855,286432,593287
91,2078,306855,286432,593287
92,2078,306855,286432,593287
93,2078,306855,286432,593287
94,2078,306855,286432,593287
95,2078,306855,286432,593287
96,2078,306855,286432,593287
97,2078,306855,286432,593287
98,2078,306855,286432,593287
99,2078,306855,286432,593287
100,2078,306855,286432,593287
0,2078,292414,276267,568681
1,2078,292414,276267,568681
2,2078,292410,276267,568677
3,2078,292524,276267,568791
4,2078,292770,276374,569144
5,2078,292782,276405,569187
6,2078,292777,275836,568613
7,2078,292789,275833,568622
8,2078,292809,276105,568914
9,2078,292817,276218,569035
10,2078,292752,276008,568760
11,2078,292786,276013,568799
12,2078,292637,275836,568473
13,2078,294207,275567,569774
14,2078,297544,275452,572996
15,2078,296712,275491,572203
16,2078,295873,275344,571217
17,2078,298696,275638,574334
18,2078,308040,277244,585284
19,2078,310244,279250,589494
20,2078,310992,279343,590335
21,2078,309447,279369,588816
22,2078,309498,279517,589015
23,2078,309548,279517,589065
24,2078,309548,279517,589065
25,2078,309548,279517,589065
26,2078,309548,279517,589065
27,2078,309548,279517,589065
28,2078,309548,279517,589065
29,2078,309548,279517,589065
30,2078,309548,279517,589065
31,2078,309548,279517,589065
32,2078,309548,279517,589065
33,2078,309548,279517,589065
34,2078,309548,279517,589065
35,2078,309548,279517,589065
36,2078,309548,279517,589065
37,2078,309933,279517,589450
38,2078,309933,279517,589450
39,2078,309933,279517,589450
40,2078,309933,279517,589450
41,2078,309933,279517,589450
42,2078,309933,279517,589450
43,2078,309933,279517,589450
44,2078,311218,279445,590663
45,2078,311218,279445,590663
46,2078,311078,279485,590563
47,2078,311078,279485,590563
48,2078,311078,279485,590563
49,2078,311078,279485,590563
50,2078,311078,279485,590563
51,2078,311087,279523,590610
52,2078,311087,279523,590610
53,2078,311087,279523,590610
54,2078,311087,279523,590610
55,2078,311087,279523,590610
56,2078,311087,279523,590610
57,2078,311087,279523,590610
58,2078,311087,279523,590610
59,2078,311087,279523,590610
60,2078,311087,279523,590610
61,2078,311087,279523,590610
62,2078,311087,279523,590610
63,2078,311197,279523,590720
64,2078,311402,279483,590885
65,2078,311494,279483,590977
66,2078,311142,279522,590664
67,2078,311181,279522,590703
68,2078,310276,279498,589774
69,2078,310326,279498,589824
70,2078,310257,279585,589842
71,2078,310672,279598,590270
72,2078,310683,279572,590255
73,2078,309854,279579,589433
74,2078,309854,279579,589433
75,2078,309854,279579,589433
76,2078,309854,279579,589433
77,2078,309854,279579,589433
78,2078,309223,297053,606276
79,2078,309182,295170,604352
80,2078,309215,297002,606217
81,2078,309223,297359,606582
82,2078,309223,297359,606582
83,2078,309223,297359,606582
84,2078,309223,297359,606582
85,2078,309223,297359,606582
86,2078,309223,297359,606582
87,2078,309223,297359,606582
88,2078,309223,297359,606582
89,2078,309223,297359,606582
90,2078,309223,297359,606582
91,2078,309223,297359,606582
92,2078,309223,297359,606582
93,2078,309223,297359,606582
94,2078,309223,297359,606582
95,2078,309223,297359,606582
96,2078,309223,297359,606582
97,2078,309223,297359,606582
98,2078,309223,297359,606582
99,2078,309223,297359,606582
100,2078,309223,297359,606582
0,2078,290839,275033,565872
1,2078,290839,275033,565872
2,2078,290835,275033,565868
3,2078,290937,275233,566170
4,2078,291005,274937,565942
5,2078,291046,275155,566201
6,2078,292232,276240,568472
7,2078,292199,276233,568432
8,2078,291249,275661,566910
9,2078,291199,275601,566800
10,2078,292123,276191,568314
11,2078,292361,276048,568409
12,2078,293171,276060,569231
13,2078,294126,275531,569657
14,2078,296668,275937,572605
15,2078,295244,275388,570632
16,2078,296127,275713,571840
17,2078,298662,276231,574893
18,2078,305162,277907,583069
19,2078,309543,280666,590209
20,2078,310358,280573,590931
21,2078,310236,280007,590243
22,2078,310517,280086,590603
23,2078,310504,280086,590590
24,2078,310504,280086,590590
25,2078,310504,280086,590590
26,2078,310504,280086,590590
27,2078,310504,280086,590590
28,2078,310504,280086,590590
29,2078,310504,280086,590590
30,2078,310504,280086,590590
31,2078,310504,280086,590590
32,2078,310504,280086,590590
33,2078,310504,280086,590590
34,2078,310504,280086,590590
35,2078,310504,280086,590590
36,2078,310504,280086,590590
37,2078,310568,280086,590654
38,2078,310568,280086,590654
39,2078,310568,280086,590654
40,2078,310568,280086,590654
41,2078,310949,280086,591035
42,2078,310949,280086,591035
43,2078,310949,280086,591035
44,2078,311212,280770,591982
45,2078,311212,280770,591982
46,2078,311402,280718,592120
47,2078,311402,280718,592120
48,2078,311402,280718,592120
49,2078,311402,280718,592120
50,2078,311402,280718,592120
51,2078,311402,280757,592159
52,2078,311402,280757,592159
53,2078,311402,280757,592159
54,2078,311402,280757,592159
55,2078,311402,280757,592159
56,2078,311402,280757,592159
57,2078,311402,280757,592159
58,2078,311402,280757,592159
59,2078,311402,280757,592159
60,2078,311402,280757,592159
61,2078,311402,280757,592159
62,2078,311402,280757,592159
63,2078,311500,280757,592257
64,2078,311363,280826,592189
65,2078,311724,280826,592550
66,2078,311611,280757,592368
67,2078,311478,280757,592235
68,2078,311136,280282,591418
69,2078,311224,280386,591610
70,2078,311089,280359,591448
71,2078,311023,280782,591805
72,2078,311415,280757,592172
73,2078,310475,280113,590588
74,2078,310475,280113,590588
75,2078,310475,280113,590588
76,2078,310475,280113,590588
77,2078,310475,280113,590588
78,2078,312080,301426,613506
79,2078,311717,300216,611933
80,2078,312078,301550,613628
81,2078,312097,305369,617466
82,2078,312097,305369,617466
83,2078,312097,305369,617466
84,2078,312097,305369,617466
85,2078,312097,305369,617466
86,2078,312097,305369,617466
87,2078,312097,305369,617466
88,2078,312097,305369,617466
89,2078,312097,305369,617466
90,2078,312097,305369,617466
91,2078,312097,305369,617466
92,2078,312097,305369,617466
93,2078,312097,305369,617466
94,2078,312097,305369,617466
95,2078,312097,305369,617466
96,2078,312097,305369,617466
97,2078,312097,305369,617466
98,2078,312097,305369,617466
99,2078,312097,305369,617466
100,2078,312097,305369,617466
0,2078,289659,274603,564262
1,2078,289659,274603,564262
2,2078,289665,274603,564268
3,2078,290131,274992,565123
4,2078,290075,275018,565093
5,2078,290517,275453,565970
6,2078,291142,275727,566869
7,2078,291129,275727,566856
8,2078,291983,276029,568012
9,2078,291141,275810,566951
10,2078,291146,275616,566762
11,2078,292016,276074,568090
12,2078,292897,276138,569035
13,2078,294262,276019,570281
14,2078,294683,275572,570255
15,2078,297679,275397,573076
16,2078,295993,275946,571939
17,2078,298812,276626,575438
18,2078,303893,278118,582011
19,2078,307392,280296,587688
20,2078,308113,280287,588400
21,2078,310267,280533,590800
22,2078,310619,280734,591353
23,2078,310685,280734,591419
24,2078,310685,280734,591419
25,2078,310685,280734,591419
26,2078,310685,280734,591419
27,2078,310685,280734,591419
28,2078,310685,280734,591419
29,2078,310685,280734,591419
30,2078,310685,280734,591419
31,2078,310685,280734,591419
32,2078,310685,280734,591419
33,2078,310685,280734,591419
34,2078,310685,280734,591419
35,2078,310685,280734,591419
36,2078,310685,280734,591419
37,2078,310706,280734,591440
38,2078,310706,280734,591440
39,2078,310706,280734,591440
40,2078,310706,280734,591440
41,2078,311060,280758,591818
42,2078,311060,280758,591818
43,2078,311060,280758,591818
44,2078,310515,280639,591154
45,2078,310515,280639,591154
46,2078,310557,280639,591196
47,2078,310557,280639,591196
48,2078,310557,280639,591196
49,2078,310557,280639,591196
50,2078,310557,280639,591196
51,2078,310557,280639,591196
52,2078,310557,280639,591196
53,2078,310557,280639,591196
54,2078,310557,280639,591196
55,2078,310557,280639,591196
56,2078,310557,280639,591196
57,2078,310557,280639,591196
58,2078,310557,280639,591196
59,2078,310557,280639,591196
60,2078,310557,280639,591196
61,2078,310557,280639,591196
62,2078,310557,280639,591196
63,2078,310910,280639,591549
64,2078,310761,280639,591400
65,2078,311033,280639,591672
66,2078,311135,280672,591807
67,2078,310932,280639,591571
68,2078,311116,280771,591887
69,2078,311041,280703,591744
70,2078,310992,280666,591658
71,2078,310516,280639,591155
72,2078,310473,280639,591112
73,2078,311008,280697,591705
74,2078,311008,280697,591705
75,2078,311008,280697,591705
76,2078,311008,280697,591705
77,2078,311008,280697,591705
78,2078,314470,302480,616950
79,2078,314144,302411,616555
80,2078,314352,302829,617181
81,2078,316242,304224,620466
82,2078,316242,304224,620466
83,2078,316242,304224,620466
84,2078,316242,304224,620466
85,2078,316242,304224,620466
86,2078,316242,304224,620466
87,2078,316242,304224,620466
88,2078,316242,304224,620466
89,2078,316242,304224,620466
90,2078,316242,304224,620466
91,2078,316242,304224,620466
92,2078,316242,304224,620466
93,2078,316242,304224,620466
94,2078,316242,304224,620466
95,2078,316242,304224,620466
96,2078,316242,304224,620466
97,2078,316242,304224,620466
98,2078,316242,304224,620466
99,2078,316242,304224,620466
100,2078,316242,304224,620466
0,2078,289139,272661,561800
1,2078,289139,272661,561800
2,2078,289140,272661,561801
3,2078,289119,272764,561883
4,2078,289360,272455,561815
5,2078,290329,273837,564166
6,2078,290582,275044,565626
7,2078,290513,275001,565514
8,2078,291822,275327,567149
9,2078,292040,275205,567245
10,2078,290765,275121,565886
11,2078,291646,275629,567275
12,2078,292463,275852,568315
13,2078,293960,275907,569867
14,2078,294086,274870,568956
15,2078,297101,275906,573007
16,2078,295988,275549,571537
17,2078,299178,275915,575093
18,2078,303074,277430,580504
19,2078,305532,280384,585916
20,2078,307797,280492,588289
21,2078,309263,280395,589658
22,2078,309846,280601,590447
23,2078,310066,280601,590667
24,2078,310068,280601,590669
25,2078,310068,280601,590669
26,2078,310068,280601,590669
27,2078,310068,280601,590669
28,2078,310068,280601,590669
29,2078,310068,280601,590669
30,2078,310068,280601,590669
31,2078,310068,280601,590669
32,2078,310068,280601,590669
33,2078,310068,280601,590669
34,2078,310068,280601,590669
35,2078,310068,280601,590669
36,2078,310068,280601,590669
37,2078,310106,280601,590707
38,2078,310106,280601,590707
39,2078,310106,280601,590707
40,2078,310106,280601,590707
41,2078,310504,280601,591105
42,2078,310504,280601,591105
43,2078,310504,280601,591105
44,2078,310371,280615,590986
45,2078,310371,280615,590986
46,2078,310431,280601,591032
47,2078,310431,280601,591032
48,2078,310431,280601,591032
49,2078,310431,280601,591032
50,2078,310431,280601,591032
51,2078,310431,280601,591032
52,2078,310431,280601,591032
53,2078,310431,280601,591032
54,2078,310431,280601,591032
55,2078,310431,280601,591032
56,2078,310431,280601,591032
57,2078,310431,280601,591032
58,2078,310431,280601,591032
59,2078,310431,280601,591032
60,2078,310425,280601,591026
61,2078,310396,280601,590997
62,2078,310384,280601,590985
63,2078,310452,280601,591053
64,2078,310622,280615,591237
65,2078,310565,280615,591180
66,2078,310466,280601,591067
67,2078,310560,280601,591161
68,2078,310503,280601,591104
69,2078,310459,280601,591060
70,2078,310415,280601,591016
71,2078,310321,280601,590922
72,2078,310394,280611,591005
73,2078,310297,280601,590898
74,2078,310297,280601,590898
75,2078,310297,280601,590898
76,2078,310297,280601,590898
77,2078,310297,280601,590898
78,2078,316765,303090,619855
79,2078,316576,303067,619643
80,2078,316701,303735,620436
81,2078,316971,305349,622320
82,2078,316971,305349,622320
83,2078,316971,305349,622320
84,2078,316971,305349,622320
85,2078,316971,305349,622320
86,2078,316971,305349,622320
87,2078,316971,305349,622320
88,2078,316971,305349,622320
89,2078,316971,305349,622320
90,2078,316971,305349,622320
91,2078,316971,305349,622320
92,2078,316971,305349,622320
93,2078,316971,305349,622320
94,2078,316971,305349,622320
95,2078,316971,305349,622320
96,2078,316971,305349,622320
97,2078,316971,305349,622320
98,2078,316971,305349,622320
99,2078,316971,305349,622320
100,2078,316971,305349,622320
0,2078,290394,273022,563416
1,2078,290394,272960,563354
2,2078,290359,272960,563319
3,2078,290259,272886,563145
4,2078,290454,272808,563262
5,2078,291611,274441,566052
6,2078,290844,274238,565082
7,2078,290993,274439,565432
8,2078,292558,275788,568346
9,2078,292683,276220,568903
10,2078,290916,274282,565198
11,2078,292270,275799,568069
12,2078,292527,276121,568648
13,2078,293904,275836,569740
14,2078,293814,275619,569433
15,2078,296491,275550,572041
16,2078,296013,275404,571417
17,2078,300549,276014,576563
18,2078,303703,277256,580959
19,2078,304886,279668,584554
20,2078,307763,280642,588405
21,2078,308577,280432,589009
22,2078,309209,280601,589810
23,2078,309657,280601,590258
24,2078,309658,280601,590259
25,2078,309658,280601,590259
26,2078,309658,280601,590259
27,2078,309658,280601,590259
28,2078,309658,280601,590259
29,2078,309658,280601,590259
30,2078,309658,280601,590259
31,2078,309658,280601,590259
32,2078,309658,280601,590259
33,2078,309658,280601,590259
34,2078,309658,280601,590259
35,2078,309658,280601,590259
36,2078,309658,280601,590259
37,2078,309666,280681,590347
38,2078,309666,280681,590347
39,2078,309666,280681,590347
40,2078,309666,280681,590347
41,2078,310400,280705,591105
42,2078,310400,280705,591105
43,2078,310400,280705,591105
44,2078,310418,280719,591137
45,2078,310418,280719,591137
46,2078,310454,280719,591173
47,2078,310454,280719,591173
48,2078,310454,280719,591173
49,2078,310454,280719,591173
50,2078,310454,280719,591173
51,2078,310454,280719,591173
52,2078,310454,280719,591173
53,2078,310454,280719,591173
54,2078,310454,280719,591173
55,2078,310454,280719,591173
56,2078,310454,280719,591173
57,2078,310454,280719,591173
58,2078,310454,280719,591173
59,2078,310454,280719,591173
60,2078,310454,280719,591173
61,2078,310425,280719,591144
62,2078,310355,280719,591074
63,2078,310557,280719,591276
64,2078,310622,280709,591331
65,2078,310657,280709,591366
66,2078,310551,280719,591270
67,2078,310578,280709,591287
68,2078,310595,280719,591314
69,2078,310527,280719,591246
70,2078,310501,280719,591220
71,2078,310167,280719,590886
72,2078,310365,280719,591084
73,2078,310097,280705,590802
74,2078,310097,280705,590802
75,2078,310097,280705,590802
76,2078,310097,280705,590802
77,2078,310097,280705,590802
78,2078,316031,304649,620680
79,2078,316015,304523,620538
80,2078,316491,304884,621375
81,2078,317021,307179,624200
82,2078,317021,307179,624200
83,2078,317021,307179,624200
84,2078,317021,307179,624200
85,2078,317021,307179,624200
86,2078,317021,307179,624200
87,2078,317021,307179,624200
88,2078,317021,307179,624200
89,2078,317021,307179,624200
90,2078,317021,307179,624200
91,2078,317021,307179,624200
92,2078,317021,307179,624200
93,2078,317021,307179,624200
94,2078,317021,307179,624200
95,2078,317021,307179,624200
96,2078,317021,307179,624200
97,2078,317021,307179,624200
98,2078,317021,307179,624200
99,2078,317021,307179,624200
100,2078,317021,307179,624200
0,2078,291389,273588,564977
1,2078,291361,273588,564949
2,2078,291342,273588,564930
3,2078,290486,273473,563959
4,2078,291427,273538,564965
5,2078,292690,275544,568234
6,2078,291841,274747,566588
7,2078,291918,275199,567117
8,2078,292254,275800,568054
9,2078,291248,275379,566627
10,2078,292120,274848,566968
11,2078,292386,276244,568630
12,2078,292471,275750,568221
13,2078,293842,275635,569477
14,2078,294684,275923,570607
15,2078,295202,274951,570153
16,2078,296309,275544,571853
17,2078,300680,275961,576641
18,2078,306176,277396,583572
19,2078,304844,279082,583926
20,2078,307760,280252,588012
21,2078,308575,280608,589183
22,2078,309265,280695,589960
23,2078,309759,280695,590454
24,2078,309761,280695,590456
25,2078,309761,280695,590456
26,2078,309761,280695,590456
27,2078,309761,280695,590456
28,2078,309761,280695,590456
29,2078,309761,280695,590456
30,2078,309761,280695,590456
31,2078,309761,280695,590456
32,2078,309761,280695,590456
33,2078,309761,280695,590456
34,2078,309761,280695,590456
35,2078,309761,280695,590456
36,2078,309761,280695,590456
37,2078,309760,280695,590455
38,2078,309760,280695,590455
39,2078,309760,280695,590455
40,2078,309760,280695,590455
41,2078,310532,280719,591251
42,2078,310532,280719,591251
43,2078,310532,280719,591251
44,2078,310612,280709,591321
45,2078,310612,280709,591321
46,2078,310612,280709,591321
47,2078,310612,280709,591321
48,2078,310612,280709,591321
49,2078,310612,280709,591321
50,2078,310612,280709,591321
51,2078,310612,280709,591321
52,2078,310612,280709,591321
53,2078,310612,280709,591321
54,2078,310612,280709,591321
55,2078,310612,280709,591321
56,2078,310612,280709,591321
57,2078,310612,280709,591321
58,2078,310612,280709,591321
59,2078,310612,280709,591321
60,2078,310612,280709,591321
61,2078,310583,280709,591292
62,2078,310342,280719,591061
63,2078,310663,280709,591372
64,2078,310791,280709,591500
65,2078,310817,280709,591526
66,2078,310711,280709,591420
67,2078,310719,280709,591428
68,2078,310627,280709,591336
69,2078,310569,280709,591278
70,2078,310553,280709,591262
71,2078,310114,280719,590833
72,2078,310402,280719,591121
73,2078,310099,280695,590794
74,2078,310099,280695,590794
75,2078,310099,280695,590794
76,2078,310099,280695,590794
77,2078,310099,280695,590794
78,2078,316416,306500,622916
79,2078,316414,306851,623265
80,2078,317112,306603,623715
81,2078,320548,305311,625859
82,2078,320548,305311,625859
83,2078,320548,305311,625859
84,2078,320548,305311,625859
85,2078,320548,305311,625859
86,2078,320548,305311,625859
87,2078,320548,305311,625859
88,2078,320548,305311,625859
89,2078,320548,305311,625859
90,2078,320548,305311,625859
91,2078,320548,305311,625859
92,2078,320548,305311,625859
93,2078,320548,305311,625859
94,2078,320548,305311,625859
95,2078,320548,305311,625859
96,2078,320548,305311,625859
97,2078,320548,305311,625859
98,2078,320548,305311,625859
99,2078,320548,305311,625859
100,2078,320548,305311,625859
0,2078,292751,275522,568273
1,2078,292768,275518,568286
2,2078,292769,275518,568287
3,2078,291789,274356,566145
4,2078,293025,274710,567735
5,2078,292813,276399,569212
6,2078,292765,276223,568988
7,2078,292672,276268,568940
8,2078,292330,276276,568606
9,2078,291393,275989,567382
10,2078,292673,276157,568830
11,2078,291584,275622,567206
12,2078,292581,275830,568411
13,2078,294134,275933,570067
14,2078,295041,276344,571385
15,2078,297727,275310,573037
16,2078,296109,275747,571856
17,2078,313874,275931,589805
18,2078,305144,277547,582691
19,2078,305947,279202,585149
20,2078,308539,280233,588772
21,2078,309150,280634,589784
22,2078,309340,280727,590067
23,2078,309735,280695,590430
24,2078,309736,280695,590431
25,2078,309736,280695,590431
26,2078,309736,280695,590431
27,2078,309736,280695,590431
28,2078,309736,280695,590431
29,2078,309736,280695,590431
30,2078,309736,280695,590431
31,2078,309736,280695,590431
32,2078,309736,280695,590431
33,2078,309736,280695,590431
34,2078,309736,280695,590431
35,2078,309736,280695,590431
36,2078,309736,280695,590431
37,2078,309736,280695,590431
38,2078,309736,280695,590431
39,2078,309736,280695,590431
40,2078,309736,280695,590431
41,2078,310615,280709,591324
42,2078,310615,280709,591324
43,2078,310615,280709,591324
44,2078,310580,280709,591289
45,2078,310580,280709,591289
46,2078,310589,280709,591298
47,2078,310589,280709,591298
48,2078,310589,280709,591298
49,2078,310589,280709,591298
50,2078,310589,280709,591298
51,2078,310589,280709,591298
52,2078,310589,280709,591298
53,2078,310589,280709,591298
54,2078,310589,280709,591298
55,2078,310589,280709,591298
56,2078,310589,280709,591298
57,2078,310589,280709,591298
58,2078,310589,280709,591298
59,2078,310589,280709,591298
60,2078,310589,280709,591298
61,2078,310560,280709,591269
62,2078,310362,280719,591081
63,2078,310688,280709,591397
64,2078,310777,280709,591486
65,2078,310815,280709,591524
66,2078,310706,280709,591415
67,2078,310743,280709,591452
68,2078,310757,280709,591466
69,2078,310692,280709,591401
70,2078,310676,280709,591385
71,2078,310183,280695,590878
72,2078,310549,280719,591268
73,2078,310133,280695,590828
74,2078,310133,280695,590828
75,2078,310133,280695,590828
76,2078,310133,280695,590828
77,2078,310133,280695,590828
78,2078,319143,305453,624596
79,2078,319327,305676,625003
80,2078,319274,305068,624342
81,2078,318978,306401,625379
82,2078,318978,306401,625379
83,2078,318978,306401,625379
84,2078,318978,306401,625379
85,2078,318978,306401,625379
86,2078,318978,306401,625379
87,2078,318978,306401,625379
88,2078,318978,306401,625379
89,2078,318978,306401,625379
90,2078,318978,306401,625379
91,2078,318978,306401,625379
92,2078,318978,306401,625379
93,2078,318978,306401,625379
94,2078,318978,306401,625379
95,2078,318978,306401,625379
96,2078,318978,306401,625379
97,2078,318978,306401,625379
98,2078,318978,306401,625379
99,2078,318978,306401,625379
100,2078,318978,306401,625379
0,2078,292327,275510,567837
1,2078,292327,275659,567986
2,2078,292320,275647,567967
3,2078,292875,275527,568402
4,2078,292828,275721,568549
5,2078,291154,274409,565563
6,2078,291431,275516,566947
7,2078,291405,275336,566741
8,2078,290990,275061,566051
9,2078,292128,275695,567823
10,2078,291559,275769,567328
11,2078,291377,275586,566963
12,2078,293155,276000,569155
13,2078,294189,275958,570147
14,2078,295769,275717,571486
15,2078,297153,275649,572802
16,2078,295944,275372,571316
17,2078,307331,276682,584013
18,2078,304499,277441,581940
19,2078,307335,279222,586557
20,2078,309367,280247,589614
21,2078,309425,280514,589939
22,2078,309452,280752,590204
23,2078,309762,280695,590457
24,2078,309764,280695,590459
25,2078,309764,280695,590459
26,2078,309764,280695,590459
27,2078,309764,280695,590459
28,2078,309764,280695,590459
29,2078,309764,280695,590459
30,2078,309764,280695,590459
31,2078,309764,280695,590459
32,2078,309764,280695,590459
33,2078,309764,280695,590459
34,2078,309764,280695,590459
35,2078,309764,280695,590459
36,2078,309764,280695,590459
37,2078,309738,280695,590433
38,2078,309738,280695,590433
39,2078,309738,280695,590433
40,2078,309738,280695,590433
41,2078,310581,280709,591290
42,2078,310581,280709,591290
43,2078,310581,280709,591290
44,2078,310522,280709,591231
45,2078,310522,280709,591231
46,2078,310522,280709,591231
47,2078,310522,280709,591231
48,2078,310522,280709,591231
49,2078,310522,280709,591231
50,2078,310522,280709,591231
51,2078,310522,280709,591231
52,2078,310522,280709,591231
53,2078,310522,280709,591231
54,2078,310522,280709,591231
55,2078,310522,280709,591231
56,2078,310522,280709,591231
57,2078,310522,280709,591231
58,2078,310522,280709,591231
59,2078,310522,280709,591231
60,2078,310522,280709,591231
61,2078,310493,280709,591202
62,2078,310500,280719,591219
63,2078,310622,280709,591331
64,2078,310711,280709,591420
65,2078,310854,280709,591563
66,2078,310736,280709,591445
67,2078,310677,280709,591386
68,2078,310743,280709,591452
69,2078,310668,280709,591377
70,2078,310642,280709,591351
71,2078,310117,280719,590836
72,2078,310404,280709,591113
73,2078,310176,280695,590871
74,2078,310176,280695,590871
75,2078,310176,280695,590871
76,2078,310176,280695,590871
77,2078,310176,280695,590871
78,2078,317218,306629,623847
79,2078,317604,306070,623674
80,2078,317715,306312,624027
81,2078,319435,304795,624230
82,2078,319435,304795,624230
83,2078,319435,304795,624230
84,2078,319435,304795,624230
85,2078,319435,304795,624230
86,2078,319435,304795,624230
87,2078,319435,304795,624230
88,2078,319435,304795,624230
89,2078,319435,304795,624230
90,2078,319435,304795,624230
91,2078,319435,304795,624230
92,2078,319435,304795,624230
93,2078,319435,304795,624230
94,2078,319435,304795,624230
95,2078,319435,304795,624230
96,2078,319435,304795,624230
97,2078,319435,304795,624230
98,2078,319435,304795,624230
99,2078,319435,304795,624230
100,2078,319435,304795,624230
0,2078,292237,275533,567770
1,2078,292258,275489,567747
2,2078,292255,275489,567744
3,2078,292520,275565,568085
4,2078,292646,275922,568568
5,2078,290941,274761,565702
6,2078,291650,275540,567190
7,2078,291571,275602,567173
8,2078,290150,274568,564718
9,2078,292443,275886,568329
10,2078,291915,275595,567510
11,2078,292561,275926,568487
12,2078,293011,276402,569413
13,2078,293947,275772,569719
14,2078,294479,275523,570002
15,2078,297722,275788,573510
16,2078,296132,275359,571491
17,2078,303346,276680,580026
18,2078,304374,277451,581825
19,2078,307952,279352,587304
20,2078,309700,280525,590225
21,2078,308980,280464,589444
22,2078,309470,280601,590071
23,2078,309775,280616,590391
24,2078,309777,280616,590393
25,2078,309777,280616,590393
26,2078,309777,280616,590393
27,2078,309777,280616,590393
28,2078,309777,280616,590393
29,2078,309777,280616,590393
30,2078,309777,280616,590393
31,2078,309777,280616,590393
32,2078,309777,280616,590393
33,2078,309777,280616,590393
34,2078,309777,280616,590393
35,2078,309777,280616,590393
36,2078,309777,280616,590393
37,2078,309777,280616,590393
38,2078,309777,280616,590393
39,2078,309777,280616,590393
40,2078,309777,280616,590393
41,2078,310522,280709,591231
42,2078,310522,280709,591231
43,2078,310522,280709,591231
44,2078,310523,280709,591232
45,2078,310523,280709,591232
46,2078,310523,280709,591232
47,2078,310523,280709,591232
48,2078,310523,280709,591232
49,2078,310523,280709,591232
50,2078,310523,280709,591232
51,2078,310523,280709,591232
52,2078,310523,280709,591232
53,2078,310523,280709,591232
54,2078,310523,280709,591232
55,2078,310523,280709,591232
56,2078,310523,280709,591232
57,2078,310523,280709,591232
58,2078,310523,280709,591232
59,2078,310523,280709,591232
60,2078,310523,280709,591232
61,2078,310494,280709,591203
62,2078,310481,280709,591190
63,2078,310622,280709,591331
64,2078,310711,280709,591420
65,2078,310728,280709,591437
66,2078,310677,280709,591386
67,2078,310677,280709,591386
68,2078,310677,280709,591386
69,2078,310602,280709,591311
70,2078,310576,280709,591285
71,2078,310117,280695,590812
72,2078,310481,280719,591200
73,2078,310143,280719,590862
74,2078,310143,280719,590862
75,2078,310143,280719,590862
76,2078,310143,280719,590862
77,2078,310143,280719,590862
78,2078,319280,304872,624152
79,2078,317218,306403,623621
80,2078,318885,305538,624423
81,2078,315816,304901,620717
82,2078,315816,304901,620717
83,2078,315816,304901,620717
84,2078,315816,304901,620717
85,2078,315816,304901,620717
86,2078,315816,304901,620717
87,2078,315816,304901,620717
88,2078,315816,304901,620717
89,2078,315816,304901,620717
90,2078,315816,304901,620717
91,2078,315816,304901,620717
92,2078,315816,304901,620717
93,2078,315816,304901,620717
94,2078,315816,304901,620717
95,2078,315816,304901,620717
96,2078,315816,304901,620717
97,2078,315816,304901,620717
98,2078,315816,304901,620717
99,2078,315816,304901,620717
100,2078,315816,304901,620717
0,2078,292050,274642,566692
1,2078,291992,274566,566558
2,2078,292049,274566,566615
3,2078,292288,275393,567681
4,2078,292350,275433,567783
5,2078,291665,275418,567083
6,2078,292616,275683,568299
7,2078,292591,275714,568305
8,2078,289388,272724,562112
9,2078,292120,275796,567916
10,2078,292494,275697,568191
11,2078,292571,276455,569026
12,2078,292461,275605,568066
13,2078,293891,275625,569516
14,2078,294576,275565,570141
15,2078,296947,275357,572304
16,2078,296197,275623,571820
17,2078,302139,276579,578718
18,2078,304368,277408,581776
19,2078,309074,279536,588610
20,2078,308796,280425,589221
21,2078,308818,280514,589332
22,2078,309431,280601,590032
23,2078,309749,280616,590365
24,2078,309751,280616,590367
25,2078,309751,280616,590367
26,2078,309751,280616,590367
27,2078,309751,280616,590367
28,2078,309751,280616,590367
29,2078,309751,280616,590367
30,2078,309751,280616,590367
31,2078,309751,280616,590367
32,2078,309751,280616,590367
33,2078,309751,280616,590367
34,2078,309751,280616,590367
35,2078,309751,280616,590367
36,2078,309751,280616,590367
37,2078,309751,280616,590367
38,2078,309751,280616,590367
39,2078,309751,280616,590367
40,2078,309751,280616,590367
41,2078,310523,280709,591232
42,2078,310523,280709,591232
43,2078,310523,280709,591232
44,2078,310523,280709,591232
45,2078,310523,280709,591232
46,2078,310523,280709,591232
47,2078,310523,280709,591232
48,2078,310523,280709,591232
49,2078,310523,280709,591232
50,2078,310523,280709,591232
51,2078,310523,280709,591232
52,2078,310523,280709,591232
53,2078,310523,280709,591232
54,2078,310523,280709,591232
55,2078,310523,280709,591232
56,2078,310523,280709,591232
57,2078,310523,280709,591232
58,2078,310523,280709,591232
59,2078,310523,280709,591232
60,2078,310523,280709,591232
61,2078,310502,280709,591211
62,2078,310533,280709,591242
63,2078,310629,280709,591338
64,2078,310711,280709,591420
65,2078,310748,280709,591457
66,2078,310677,280709,591386
67,2078,310677,280709,591386
68,2078,310677,280709,591386
69,2078,310602,280709,591311
70,2078,310576,280709,591285
71,2078,310117,280695,590812
72,2078,310465,280709,591174
73,2078,310117,280719,590836
74,2078,310117,280719,590836
75,2078,310117,280719,590836
76,2078,310117,280719,590836
77,2078,310117,280719,590836
78,2078,317018,305496,622514
79,2078,319763,304916,624679
80,2078,316558,305659,622217
81,2078,315093,304229,619322
82,2078,315093,304229,619322
83,2078,315093,304229,619322
84,2078,315093,304229,619322
85,2078,315093,304229,619322
86,2078,315093,304229,619322
87,2078,315093,304229,619322
88,2078,315093,304229,619322
89,2078,315093,304229,619322
90,2078,315093,304229,619322
91,2078,315093,304229,619322
92,2078,315093,304229,619322
93,2078,315093,304229,619322
94,2078,315093,304229,619322
95,2078,315093,304229,619322
96,2078,315093,304229,619322
97,2078,315093,304229,619322
98,2078,315093,304229,619322
99,2078,315093,304229,619322
100,2078,315093,304229,619322
0,2078,292467,275809,568276
1,2078,292460,275777,568237
2,2078,292457,275777,568234
3,2078,292245,275154,567399
4,2078,292274,275644,567918
5,2078,292620,276606,569226
6,2078,292731,276392,569123
7,2078,292547,276434,568981
8,2078,290424,273014,563438
9,2078,292125,275680,567805
10,2078,292649,276206,568855
11,2078,291627,275325,566952
12,2078,292214,276093,568307
13,2078,294275,275933,570208
14,2078,294898,275677,570575
15,2078,296696,275498,572194
16,2078,296083,275608,571691
17,2078,302392,276114,578506
18,2078,304800,277408,582208
19,2078,308341,280112,588453
20,2078,308246,280444,588690
21,2078,308721,280514,589235
22,2078,309400,280616,590016
23,2078,309775,280616,590391
24,2078,309777,280616,590393
25,2078,309777,280616,590393
26,2078,309777,280616,590393
27,2078,309777,280616,590393
28,2078,309777,280616,590393
29,2078,309777,280616,590393
30,2078,309777,280616,590393
31,2078,309777,280616,590393
32,2078,309777,280616,590393
33,2078,309777,280616,590393
34,2078,309777,280616,590393
35,2078,309777,280616,590393
36,2078,309777,280616,590393
37,2078,309751,280616,590367
38,2078,309751,280616,590367
39,2078,309751,280616,590367
40,2078,309751,280616,590367
41,2078,310523,280709,591232
42,2078,310523,280709,591232
43,2078,310523,280709,591232
44,2078,310523,280709,591232
45,2078,310523,280709,591232
46,2078,310523,280709,591232
47,2078,310523,280709,591232
48,2078,310523,280709,591232
49,2078,310523,280709,591232
50,2078,310523,280709,591232
51,2078,310523,280709,591232
52,2078,310523,280709,591232
53,2078,310523,280709,591232
54,2078,310523,280709,591232
55,2078,310523,280709,591232
56,2078,310523,280709,591232
57,2078,310523,280709,591232
58,2078,310523,280709,591232
59,2078,310523,280709,591232
60,2078,310523,280709,591232
61,2078,310502,280709,591211
62,2078,310490,280709,591199
63,2078,310629,280709,591338
64,2078,310711,280709,591420
65,2078,310728,280709,591437
66,2078,310677,280709,591386
67,2078,310677,280709,591386
68,2078,310677,280709,591386
69,2078,310609,280709,591318
70,2078,310583,280709,591292
71,2078,310117,280695,590812
72,2078,310465,280709,591174
73,2078,310117,280695,590812
74,2078,310117,280695,590812
75,2078,310117,280695,590812
76,2078,310117,280695,590812
77,2078,310117,280695,590812
78,2078,315589,306728,622317
79,2078,317850,304290,622140
80,2078,315286,304700,619986
81,2078,313486,303270,616756
82,2078,313486,303270,616756
83,2078,313486,303270,616756
84,2078,313486,303270,616756
85,2078,313486,303270,616756
86,2078,313486,303270,616756
87,2078,313486,303270,616756
88,2078,313486,303270,616756
89,2078,313486,303270,616756
90,2078,313486,303270,616756
91,2078,313486,303270,616756
92,2078,313486,303270,616756
93,2078,313486,303270,616756
94,2078,313486,303270,616756
95,2078,313486,303270,616756
96,2078,313486,303270,616756
97,2078,313486,303270,616756
98,2078,313486,303270,616756
99,2078,313486,303270,616756
100,2078,313486,303270,616756
0,2078,292071,275839,567910
1,2078,292089,275900,567989
2,2078,292086,275900,567986
3,2078,292381,275949,568330
4,2078,292447,276194,568641
5,2078,291076,274117,565193
6,2078,291032,274854,565886
7,2078,290997,274886,565883
8,2078,291455,273560,565015
9,2078,292220,275875,568095
10,2078,291207,275214,566421
11,2078,291288,275553,566841
12,2078,293021,276358,569379
13,2078,294152,276089,570241
14,2078,295132,275773,570905
15,2078,295672,275405,571077
16,2078,296009,275276,571285
17,2078,303498,276207,579705
18,2078,304580,277399,581979
19,2078,307593,280366,587959
20,2078,308648,280447,589095
21,2078,309185,280529,589714
22,2078,309411,280647,590058
23,2078,309775,280616,590391
24,2078,309777,280624,590401
25,2078,309777,280624,590401
26,2078,309777,280624,590401
27,2078,309777,280624,590401
28,2078,309777,280624,590401
29,2078,309777,280624,590401
30,2078,309777,280624,590401
31,2078,309777,280624,590401
32,2078,309777,280624,590401
33,2078,309777,280624,590401
34,2078,309777,280624,590401
35,2078,309777,280624,590401
36,2078,309777,280624,590401
37,2078,309777,280616,590393
38,2078,309777,280616,590393
39,2078,309777,280616,590393
40,2078,309777,280616,590393
41,2078,310523,280709,591232
42,2078,310523,280709,591232
43,2078,310523,280709,591232
44,2078,310523,280709,591232
45,2078,310523,280709,591232
46,2078,310523,280709,591232
47,2078,310523,280709,591232
48,2078,310523,280709,591232
49,2078,310523,280709,591232
50,2078,310523,280709,591232
51,2078,310523,280709,591232
52,2078,310523,280709,591232
53,2078,310523,280709,591232
54,2078,310523,280709,591232
55,2078,310523,280709,591232
56,2078,310523,280709,591232
57,2078,310523,280709,591232
58,2078,310523,280709,591232
59,2078,310523,280709,591232
60,2078,310523,280709,591232
61,2078,310502,280709,591211
62,2078,310482,280709,591191
63,2078,310622,280709,591331
64,2078,310711,280709,591420
65,2078,310776,280709,591485
66,2078,310677,280709,591386
67,2078,310677,280709,591386
68,2078,310677,280709,591386
69,2078,310609,280709,591318
70,2078,310583,280709,591292
71,2078,310117,280695,590812
72,2078,310465,280709,591174
73,2078,310117,280695,590812
74,2078,310117,280695,590812
75,2078,310117,280695,590812
76,2078,310117,280695,590812
77,2078,310117,280695,590812
78,2078,319253,303696,622949
79,2078,314882,303302,618184
80,2078,314483,304209,618692
81,2078,313400,302807,616207
82,2078,313400,302807,616207
83,2078,313400,302807,616207
84,2078,313400,302807,616207
85,2078,313400,302807,616207
86,2078,313400,302807,616207
87,2078,313400,302807,616207
88,2078,313400,302807,616207
89,2078,313400,302807,616207
90,2078,313400,302807,616207
91,2078,313400,302807,616207
92,2078,313400,302807,616207
93,2078,313400,302807,616207
94,2078,313400,302807,616207
95,2078,313400,302807,616207
96,2078,313400,302807,616207
97,2078,313400,302807,616207
98,2078,313400,302807,616207
99,2078,313400,302807,616207
100,2078,313400,302807,616207
0,2078,291929,276118,568047
1,2078,292050,276184,568234
2,2078,292024,276184,568208
3,2078,292099,275673,567772
4,2078,291120,275219,566339
5,2078,290898,274381,565279
6,2078,290201,274869,565070
7,2078,289966,274416,564382
8,2078,293136,274868,568004
9,2078,292151,275983,568134
10,2078,291191,275417,566608
11,2078,292570,276264,568834
12,2078,292503,275712,568215
13,2078,293667,275662,569329
14,2078,296166,275731,571897
15,2078,295497,275115,570612
16,2078,296079,275458,571537
17,2078,303229,276582,579811
18,2078,304477,277399,581876
19,2078,306568,280199,586767
20,2078,308456,280490,588946
21,2078,309412,280464,589876
22,2078,309419,280647,590066
23,2078,309775,280624,590399
24,2078,309777,280624,590401
25,2078,309777,280624,590401
26,2078,309777,280624,590401
27,2078,309777,280624,590401
28,2078,309777,280624,590401
29,2078,309777,280624,590401
30,2078,309777,280624,590401
31,2078,309777,280624,590401
32,2078,309777,280624,590401
33,2078,309777,280624,590401
34,2078,309777,280624,590401
35,2078,309777,280624,590401
36,2078,309777,280624,590401
37,2078,309777,280624,590401
38,2078,309777,280624,590401
39,2078,309777,280624,590401
40,2078,309777,280624,590401
41,2078,310523,280709,591232
42,2078,310523,280709,591232
43,2078,310523,280709,591232
44,2078,310523,280709,591232
45,2078,310523,280709,591232
46,2078,310523,280709,591232
47,2078,310523,280709,591232
48,2078,310523,280709,591232
49,2078,310523,280709,591232
50,2078,310523,280709,591232
51,2078,310523,280709,591232
52,2078,310523,280709,591232
53,2078,310523,280709,591232
54,2078,310523,280709,591232
55,2078,310523,280709,591232
56,2078,310523,280709,591232
57,2078,310523,280709,591232
58,2078,310523,280709,591232
59,2078,310523,280709,591232
60,2078,310523,280709,591232
61,2078,310502,280709,591211
62,2078,310542,280709,591251
63,2078,310622,280709,591331
64,2078,310711,280709,591420
65,2078,310776,280709,591485
66,2078,310677,280709,591386
67,2078,310677,280709,591386
68,2078,310677,280709,591386
69,2078,310609,280709,591318
70,2078,310583,280709,591292
71,2078,310117,280695,590812
72,2078,310465,280709,591174
73,2078,310117,280695,590812
74,2078,310117,280695,590812
75,2078,310117,280695,590812
76,2078,310117,280695,590812
77,2078,310117,280695,590812
78,2078,315391,302409,617800
79,2078,313281,301886,615167
80,2078,313582,303403,616985
81,2078,313300,302781,616081
82,2078,313300,302781,616081
83,2078,313300,302781,616081
84,2078,313300,302781,616081
85,2078,313300,302781,616081
86,2078,313300,302781,616081
87,2078,313300,302781,616081
88,2078,313300,302781,616081
89,2078,313300,302781,616081
90,2078,313300,302781,616081
91,2078,313300,302781,616081
92,2078,313300,302781,616081
93,2078,313300,302781,616081
94,2078,313300,302781,616081
95,2078,313300,302781,616081
96,2078,313300,302781,616081
97,2078,313300,302781,616081
98,2078,313300,302781,616081
99,2078,313300,302781,616081
100,2078,313300,302781,616081
0,2078,290678,274865,565543
1,2078,290646,274600,565246
2,2078,290646,274600,565246
3,2078,292028,275935,567963
4,2078,290806,274931,565737
5,2078,291693,275335,567028
6,2078,289512,272972,562484
7,2078,289426,272773,562199
8,2078,292970,275895,568865
9,2078,292042,275514,567556
10,2078,292198,275741,567939
11,2078,291715,275941,567656
12,2078,292280,275815,568095
13,2078,293958,275737,569695
14,2078,295390,275951,571341
15,2078,295576,275625,571201
16,2078,296316,275830,572146
17,2078,302965,276281,579246
18,2078,304630,277408,582038
19,2078,305272,279385,584657
20,2078,308843,280475,589318
21,2078,308966,280464,589430
22,2078,309419,280616,590035
23,2078,309775,280616,590391
24,2078,309777,280616,590393
25,2078,309777,280616,590393
26,2078,309777,280616,590393
27,2078,309777,280616,590393
28,2078,309777,280616,590393
29,2078,309777,280616,590393
30,2078,309777,280616,590393
31,2078,309777,280616,590393
32,2078,309777,280616,590393
33,2078,309777,280616,590393
34,2078,309777,280616,590393
35,2078,309777,280616,590393
36,2078,309777,280616,590393
37,2078,309777,280616,590393
38,2078,309777,280616,590393
39,2078,309777,280616,590393
40,2078,309777,280616,590393
41,2078,310523,280709,591232
42,2078,310523,280709,591232
43,2078,310523,280709,591232
44,2078,310523,280709,591232
45,2078,310523,280709,591232
46,2078,310523,280709,591232
47,2078,310523,280709,591232
48,2078,310523,280709,591232
49,2078,310523,280709,591232
50,2078,310523,280709,591232
51,2078,310523,280709,591232
52,2078,310523,280709,591232
53,2078,310523,280709,591232
54,2078,310523,280709,591232
55,2078,310523,280709,591232
56,2078,310523,280709,591232
57,2078,310523,280709,591232
58,2078,310523,280709,591232
59,2078,310523,280709,591232
60,2078,310523,280709,591232
61,2078,310502,280709,591211
62,2078,310490,280709,591199
63,2078,310629,280709,591338
64,2078,310711,280709,591420
65,2078,310776,280709,591485
66,2078,310677,280709,591386
67,2078,310677,280709,591386
68,2078,310677,280709,591386
69,2078,310609,280709,591318
70,2078,310583,280709,591292
71,2078,310117,280695,590812
72,2078,310465,280709,591174
73,2078,310117,280695,590812
74,2078,310117,280695,590812
75,2078,310117,280695,590812
76,2078,310117,280695,590812
77,2078,310117,280695,590812
78,2078,314163,302133,616296
79,2078,313574,301568,615142
80,2078,313325,302887,616212
81,2078,314143,304623,618766
82,2078,314143,304623,618766
83,2078,314143,304623,618766
84,2078,314143,304623,618766
85,2078,314143,304623,618766
86,2078,314143,304623,618766
87,2078,314143,304623,618766
88,2078,314143,304623,618766
89,2078,314143,304623,618766
90,2078,314143,304623,618766
91,2078,314143,304623,618766
92,2078,314143,304623,618766
93,2078,314143,304623,618766
94,2078,314143,304623,618766
95,2078,314143,304623,618766
96,2078,314143,304623,618766
97,2078,314143,304623,618766
98,2078,314143,304623,618766
99,2078,314143,304623,618766
100,2078,314143,304623,618766
0,2078,289630,273527,563157
1,2078,289084,272978,562062
2,2078,289096,272978,562074
3,2078,291944,275546,567490
4,2078,290744,274239,564983
5,2078,292628,276596,569224
6,2078,290215,273130,563345
7,2078,290379,273170,563549
8,2078,292789,275868,568657
9,2078,292007,275599,567606
10,2078,292516,276305,568821
11,2078,291831,275642,567473
12,2078,293193,276213,569406
13,2078,294133,275848,569981
14,2078,294756,275557,570313
15,2078,295875,275849,571724
16,2078,296104,275804,571908
17,2078,302976,276373,579349
18,2078,304434,277399,581833
19,2078,305026,279291,584317
20,2078,308802,280475,589277
21,2078,308820,280514,589334
22,2078,309407,280616,590023
23,2078,309775,280624,590399
24,2078,309777,280624,590401
25,2078,309777,280624,590401
26,2078,309777,280624,590401
27,2078,309777,280624,590401
28,2078,309777,280624,590401
29,2078,309777,280624,590401
30,2078,309777,280624,590401
31,2078,309777,280624,590401
32,2078,309777,280624,590401
33,2078,309777,280624,590401
34,2078,309777,280624,590401
35,2078,309777,280624,590401
36,2078,309777,280624,590401
37,2078,309777,280616,590393
38,2078,309777,280616,590393
39,2078,309777,280616,590393
40,2078,309777,280616,590393
41,2078,310523,280709,591232
42,2078,310523,280709,591232
43,2078,310523,280709,591232
44,2078,310523,280709,591232
45,2078,310523,280709,591232
46,2078,310523,280709,591232
47,2078,310523,280709,591232
48,2078,310523,280709,591232
49,2078,310523,280709,591232
50,2078,310523,280709,591232
51,2078,310523,280709,591232
52,2078,310523,280709,591232
53,2078,310523,280709,591232
54,2078,310523,280709,591232
55,2078,310523,280709,591232
56,2078,310523,280709,591232
57,2078,310523,280709,591232
58,2078,310523,280709,591232
59,2078,310523,280709,591232
60,2078,310523,280709,591232
61,2078,310502,280709,591211
62,2078,310482,280709,591191
63,2078,310629,280709,591338
64,2078,310711,280709,591420
65,2078,310776,280709,591485
66,2078,310677,280709,591386
67,2078,310677,280709,591386
68,2078,310677,280709,591386
69,2078,310609,280709,591318
70,2078,310583,280709,591292
71,2078,310117,280695,590812
72,2078,310465,280709,591174
73,2078,310117,280695,590812
74,2078,310117,280695,590812
75,2078,310117,280695,590812
76,2078,310117,280695,590812
77,2078,310117,280695,590812
78,2078,312824,302255,615079
79,2078,312361,301855,614216
80,2078,313545,304204,617749
81,2078,315175,307024,622199
82,2078,315175,307024,622199
83,2078,315175,307024,622199
84,2078,315175,307024,622199
85,2078,315175,307024,622199
86,2078,315175,307024,622199
87,2078,315175,307024,622199
88,2078,315175,307024,622199
89,2078,315175,307024,622199
90,2078,315175,307024,622199
91,2078,315175,307024,622199
92,2078,315175,307024,622199
93,2078,315175,307024,622199
94,2078,315175,307024,622199
95,2078,315175,307024,622199
96,2078,315175,307024,622199
97,2078,315175,307024,622199
98,2078,315175,307024,622199
99,2078,315175,307024,622199
100,2078,315175,307024,622199
0,2078,289931,272729,562660
1,2078,289934,272911,562845
2,2078,289982,272952,562934
3,2078,292195,275576,567771
4,2078,291187,274432,565619
5,2078,291032,274005,565037
6,2078,290574,273727,564301
7,2078,291554,273847,565401
8,2078,292191,275275,567466
9,2078,292300,275900,568200
10,2078,291218,275119,566337
11,2078,292350,275661,568011
12,2078,292533,276111,568644
13,2078,294243,276045,570288
14,2078,294509,275322,569831
15,2078,295696,275954,571650
16,2078,295745,275365,571110
17,2078,302787,276624,579411
18,2078,304700,277408,582108
19,2078,305830,279172,585002
20,2078,308798,280475,589273
21,2078,308721,280514,589235
22,2078,309400,280616,590016
23,2078,309775,280624,590399
24,2078,309777,280624,590401
25,2078,309777,280624,590401
26,2078,309777,280624,590401
27,2078,309777,280624,590401
28,2078,309777,280624,590401
29,2078,309777,280624,590401
30,2078,309777,280624,590401
31,2078,309777,280624,590401
32,2078,309777,280624,590401
33,2078,309777,280624,590401
34,2078,309777,280624,590401
35,2078,309777,280624,590401
36,2078,309777,280624,590401
37,2078,309777,280624,590401
38,2078,309777,280624,590401
39,2078,309777,280624,590401
40,2078,309777,280624,590401
41,2078,310523,280709,591232
42,2078,310523,280709,591232
43,2078,310523,280709,591232
44,2078,310523,280709,591232
45,2078,310523,280709,591232
46,2078,310523,280709,591232
47,2078,310523,280709,591232
48,2078,310523,280709,591232
49,2078,310523,280709,591232
50,2078,310523,280709,591232
51,2078,310523,280709,591232
52,2078,310523,280709,591232
53,2078,310523,280709,591232
54,2078,310523,280709,591232
55,2078,310523,280709,591232
56,2078,310523,280709,591232
57,2078,310523,280709,591232
58,2078,310523,280709,591232
59,2078,310523,280709,591232
60,2078,310523,280709,591232
61,2078,310502,280709,591211
62,2078,310542,280709,591251
63,2078,310622,280709,591331
64,2078,310711,280709,591420
65,2078,310776,280709,591485
66,2078,310677,280709,591386
67,2078,310677,280709,591386
68,2078,310677,280709,591386
69,2078,310609,280709,591318
70,2078,310583,280709,591292
71,2078,310117,280695,590812
72,2078,310465,280709,591174
73,2078,310117,280695,590812
74,2078,310117,280695,590812
75,2078,310117,280695,590812
76,2078,310117,280695,590812
77,2078,310117,280695,590812
78,2078,314312,303031,617343
79,2078,314087,303226,617313
80,2078,313783,305497,619280
81,2078,319234,305827,625061
82,2078,319234,305827,625061
83,2078,319234,305827,625061
84,2078,319234,305827,625061
85,2078,319234,305827,625061
86,2078,319234,305827,625061
87,2078,319234,305827,625061
88,2078,319234,305827,625061
89,2078,319234,305827,625061
90,2078,319234,305827,625061
91,2078,319234,305827,625061
92,2078,319234,305827,625061
93,2078,319234,305827,625061
94,2078,319234,305827,625061
95,2078,319234,305827,625061
96,2078,319234,305827,625061
97,2078,319234,305827,625061
98,2078,319234,305827,625061
99,2078,319234,305827,625061
100,2078,319234,305827,625061
0,2078,290389,273324,563713
1,2078,290357,273423,563780
2,2078,290327,273499,563826
3,2078,292216,275829,568045
4,2078,292652,275969,568621
5,2078,290429,274160,564589
6,2078,291995,274742,566737
7,2078,293131,275594,568725
8,2078,292310,275603,567913
9,2078,292239,275895,568134
10,2078,291305,275231,566536
11,2078,292658,276470,569128
12,2078,291894,275712,567606
13,2078,293818,275668,569486
14,2078,294959,275664,570623
15,2078,295329,275541,570870
16,2078,296065,275365,571430
17,2078,302452,276309,578761
18,2078,304434,277399,581833
19,2078,307640,279219,586859
20,2078,308797,280475,589272
21,2078,309191,280529,589720
22,2078,309411,280647,590058
23,2078,309775,280624,590399
24,2078,309777,280624,590401
25,2078,309777,280624,590401
26,2078,309777,280624,590401
27,2078,309777,280624,590401
28,2078,309777,280624,590401
29,2078,309777,280624,590401
30,2078,309777,280624,590401
31,2078,309777,280624,590401
32,2078,309777,280624,590401
33,2078,309777,280624,590401
34,2078,309777,280624,590401
35,2078,309777,280624,590401
36,2078,309777,280624,590401
37,2078,309777,280624,590401
38,2078,309777,280624,590401
39,2078,309777,280624,590401
40,2078,309777,280624,590401
41,2078,310523,280709,591232
42,2078,310523,280709,591232
43,2078,310523,280709,591232
44,2078,310523,280709,591232
45,2078,310523,280709,591232
46,2078,310523,280709,591232
47,2078,310523,280709,591232
48,2078,310523,280709,591232
49,2078,310523,280709,591232
50,2078,310523,280709,591232
51,2078,310523,280709,591232
52,2078,310523,280709,591232
53,2078,310523,280709,591232
54,2078,310523,280709,591232
55,2078,310523,280709,591232
56,2078,310523,280709,591232
57,2078,310523,280709,591232
58,2078,310523,280709,591232
59,2078,310523,280709,591232
60,2078,310523,280709,591232
61,2078,310502,280709,591211
62,2078,310490,280709,591199
63,2078,310622,280709,591331
64,2078,310711,280709,591420
65,2078,310776,280709,591485
66,2078,310677,280709,591386
67,2078,310677,280709,591386
68,2078,310677,280709,591386
69,2078,310609,280709,591318
70,2078,310583,280709,591292
71,2078,310117,280695,590812
72,2078,310465,280709,591174
73,2078,310117,280695,590812
74,2078,310117,280695,590812
75,2078,310117,280695,590812
76,2078,310117,280695,590812
77,2078,310117,280695,590812
78,2078,314565,303350,617915
79,2078,315463,303836,619299
80,2078,315597,307591,623188
81,2078,318475,306338,624813
82,2078,318475,306338,624813
83,2078,318475,306338,624813
84,2078,318475,306338,624813
85,2078,318475,306338,624813
86,2078,318475,306338,624813
87,2078,318475,306338,624813
88,2078,318475,306338,624813
89,2078,318475,306338,624813
90,2078,318475,306338,624813
91,2078,318475,306338,624813
92,2078,318475,306338,624813
93,2078,318475,306338,624813
94,2078,318475,306338,624813
95,2078,318475,306338,624813
96,2078,318475,306338,624813
97,2078,318475,306338,624813
98,2078,318475,306338,624813
99,2078,318475,306338,624813
100,2078,318475,306338,624813
0,2078,291577,274118,565695
1,2078,291704,274059,565763
2,2078,291728,274070,565798
3,2078,292172,275866,568038
4,2078,292520,275795,568315
5,2078,290894,274103,564997
6,2078,293029,275653,568682
7,2078,293002,275585,568587
8,2078,292514,276161,568675
9,2078,292060,275434,567494
10,2078,292373,275869,568242
11,2078,291521,275321,566842
12,2078,292700,275905,568605
13,2078,293942,275538,569480
14,2078,295205,275997,571202
15,2078,296250,275426,571676
16,2078,296330,275907,572237
17,2078,302651,276235,578886
18,2078,304622,277408,582030
19,2078,308470,279310,587780
20,2078,308804,280475,589279
21,2078,309404,280464,589868
22,2078,309411,280647,590058
23,2078,309775,280624,590399
24,2078,309777,280624,590401
25,2078,309777,280624,590401
26,2078,309777,280624,590401
27,2078,309777,280624,590401
28,2078,309777,280624,590401
29,2078,309777,280624,590401
30,2078,309777,280624,590401
31,2078,309777,280624,590401
32,2078,309777,280624,590401
33,2078,309777,280624,590401
34,2078,309777,280624,590401
35,2078,309777,280624,590401
36,2078,309777,280624,590401
37,2078,309777,280624,590401
38,2078,309777,280624,590401
39,2078,309777,280624,590401
40,2078,309777,280624,590401
41,2078,310523,280709,591232
42,2078,310523,280709,591232
43,2078,310523,280709,591232
44,2078,310523,280709,591232
45,2078,310523,280709,591232
46,2078,310523,280709,591232
47,2078,310523,280709,591232
48,2078,310523,280709,591232
49,2078,310523,280709,591232
50,2078,310523,280709,591232
51,2078,310523,280709,591232
52,2078,310523,280709,591232
53,2078,310523,280709,591232
54,2078,310523,280709,591232
55,2078,310523,280709,591232
56,2078,310523,280709,591232
57,2078,310523,280709,591232
58,2078,310523,280709,591232
59,2078,310523,280709,591232
60,2078,310523,280709,591232
61,2078,310502,280709,591211
62,2078,310482,280709,591191
63,2078,310629,280709,591338
64,2078,310711,280709,591420
65,2078,310776,280709,591485
66,2078,310677,280709,591386
67,2078,310677,280709,591386
68,2078,310677,280709,591386
69,2078,310609,280709,591318
70,2078,310583,280709,591292
71,2078,310117,280695,590812
72,2078,310465,280709,591174
73,2078,310117,280695,590812
74,2078,310117,280695,590812
75,2078,310117,280695,590812
76,2078,310117,280695,590812
77,2078,310117,280695,590812
78,2078,314748,304905,619653
79,2078,315681,305040,620721
80,2078,320100,305595,625695
81,2078,319150,304796,623946
82,2078,319150,304796,623946
83,2078,319150,304796,623946
84,2078,319150,304796,623946
85,2078,319150,304796,623946
86,2078,319150,304796,623946
87,2078,319150,304796,623946
88,2078,319150,304796,623946
89,2078,319150,304796,623946
90,2078,319150,304796,623946
91,2078,319150,304796,623946
92,2078,319150,304796,623946
93,2078,319150,304796,623946
94,2078,319150,304796,623946
95,2078,319150,304796,623946
96,2078,319150,304796,623946
97,2078,319150,304796,623946
98,2078,319150,304796,623946
99,2078,319150,304796,623946
100,2078,319150,304796,623946
0,2078,292691,275252,567943
1,2078,292737,275408,568145
2,2078,292737,275396,568133
3,2078,291909,275660,567569
4,2078,292434,275675,568109
5,2078,292224,276129,568353
6,2078,292989,275830,568819
7,2078,292884,275778,568662
8,2078,291224,275620,566844
9,2078,291990,275557,567547
10,2078,292433,276415,568848
11,2078,291391,275660,567051
12,2078,293221,276798,570019
13,2078,294261,275802,570063
14,2078,297791,275834,573625
15,2078,295951,275686,571637
16,2078,296030,275683,571713
17,2078,302367,276387,578754
18,2078,304434,277399,581833
19,2078,309346,279536,588882
20,2078,308804,280475,589279
21,2078,308966,280464,589430
22,2078,309411,280616,590027
23,2078,309775,280624,590399
24,2078,309777,280624,590401
25,2078,309777,280624,590401
26,2078,309777,280624,590401
27,2078,309777,280624,590401
28,2078,309777,280624,590401
29,2078,309777,280624,590401
30,2078,309777,280624,590401
31,2078,309777,280624,590401
32,2078,309777,280624,590401
33,2078,309777,280624,590401
34,2078,309777,280624,590401
35,2078,309777,280624,590401
36,2078,309777,280624,590401
37,2078,309777,280624,590401
38,2078,309777,280624,590401
39,2078,309777,280624,590401
40,2078,309777,280624,590401
41,2078,310523,280709,591232
42,2078,310523,280709,591232
43,2078,310523,280709,591232
44,2078,310523,280709,591232
45,2078,310523,280709,591232
46,2078,310523,280709,591232
47,2078,310523,280709,591232
48,2078,310523,280709,591232
49,2078,310523,280709,591232
50,2078,310523,280709,591232
51,2078,310523,280709,591232
52,2078,310523,280709,591232
53,2078,310523,280709,591232
54,2078,310523,280709,591232
55,2078,310523,280709,591232
56,2078,310523,280709,591232
57,2078,310523,280709,591232
58,2078,310523,280709,591232
59,2078,310523,280709,591232
60,2078,310523,280709,591232
61,2078,310502,280709,591211
62,2078,310542,280709,591251
63,2078,310629,280709,591338
64,2078,310711,280709,591420
65,2078,310776,280709,591485
66,2078,310677,280709,591386
67,2078,310677,280709,591386
68,2078,310677,280709,591386
69,2078,310609,280709,591318
70,2078,310583,280709,591292
71,2078,310117,280695,590812
72,2078,310465,280709,591174
73,2078,310117,280695,590812
74,2078,310117,280695,590812
75,2078,310117,280695,590812
76,2078,310117,280695,590812
77,2078,310117,280695,590812
78,2078,315901,306651,622552
79,2078,316557,307162,623719
80,2078,319112,306085,625197
81,2078,317302,305907,623209
82,2078,317302,305907,623209
83,2078,317302,305907,623209
84,2078,317302,305907,623209
85,2078,317302,305907,623209
86,2078,317302,305907,623209
87,2078,317302,305907,623209
88,2078,317302,305907,623209
89,2078,317302,305907,623209
90,2078,317302,305907,623209
91,2078,317302,305907,623209
92,2078,317302,305907,623209
93,2078,317302,305907,623209
94,2078,317302,305907,623209
95,2078,317302,305907,623209
96,2078,317302,305907,623209
97,2078,317302,305907,623209
98,2078,317302,305907,623209
99,2078,317302,305907,623209
100,2078,317302,305907,623209
0,2079,292160,275407,567567
1,2079,292160,275407,567567
2,2079,292156,275407,567563
3,2079,292317,275433,567750
4,2079,292459,275435,567894
5,2079,292604,275460,568064
6,2079,292715,275538,568253
7,2079,292699,275529,568228
8,2079,292688,275503,568191
9,2079,292689,275485,568174
10,2079,292704,275551,568255
11,2079,292828,275972,568800
12,2079,293342,276256,569598
13,2079,293719,276375,570094
14,2079,293758,276281,570039
15,2079,293823,276272,570095
16,2079,294123,276355,570478
17,2079,294561,276410,570971
18,2079,295789,276733,572522
19,2079,296731,278188,574919
20,2079,296795,278225,575020
21,2079,296833,278284,575117
22,2079,296862,278532,575394
23,2079,296890,278545,575435
24,2079,296890,278545,575435
25,2079,296890,278545,575435
26,2079,296890,278545,575435
27,2079,296890,278545,575435
28,2079,296890,278545,575435
29,2079,296890,278545,575435
30,2079,296890,278545,575435
31,2079,296890,278545,575435
32,2079,296890,278545,575435
33,2079,296890,278545,575435
34,2079,296890,278545,575435
35,2079,296890,278545,575435
36,2079,296890,278545,575435
37,2079,296890,278545,575435
38,2079,296890,278545,575435
39,2079,296890,278545,575435
40,2079,296890,278545,575435
41,2079,296890,278545,575435
42,2079,296890,278545,575435
43,2079,296890,278545,575435
44,2079,296890,278545,575435
45,2079,296890,278545,575435
46,2079,296881,278545,575426
47,2079,296873,278545,575418
48,2079,296873,278545,575418
49,2079,296873,278545,575418
50,2079,296873,278545,575418
51,2079,296873,278595,575468
52,2079,296873,278595,575468
53,2079,296873,278595,575468
54,2079,296873,278595,575468
55,2079,296873,278595,575468
56,2079,296873,278595,575468
57,2079,296873,278595,575468
58,2079,296873,278595,575468
59,2079,296873,278595,575468
60,2079,296873,278595,575468
61,2079,296873,278595,575468
62,2079,296873,278595,575468
63,2079,296873,278595,575468
64,2079,296825,278595,575420
65,2079,296825,278595,575420
66,2079,296738,278595,575333
67,2079,296738,278595,575333
68,2079,296472,278595,575067
69,2079,296377,278595,574972
70,2079,296237,278595,574832
71,2079,295800,278595,574395
72,2079,295800,278595,574395
73,2079,295461,278595,574056
74,2079,295423,278595,574018
75,2079,295423,278595,574018
76,2079,295423,278595,574018
77,2079,295423,278595,574018
78,2079,295423,279554,574977
79,2079,295423,279363,574786
80,2079,295423,279614,575037
81,2079,295423,279743,575166
82,2079,295423,279743,575166
83,2079,295423,279743,575166
84,2079,295423,279743,575166
85,2079,295423,279743,575166
86,2079,295423,279743,575166
87,2079,295423,279743,575166
88,2079,295423,279743,575166
89,2079,295423,279743,575166
90,2079,295423,279743,575166
91,2079,295423,279743,575166
92,2079,295423,279743,575166
93,2079,295423,279743,575166
94,2079,295423,279743,575166
95,2079,295423,279743,575166
96,2079,295423,279743,575166
97,2079,295423,279743,575166
98,2079,295423,279743,575166
99,2079,295423,279743,575166
100,2079,295423,279743,575166
0,2079,292266,275259,567525
1,2079,292266,275259,567525
2,2079,292259,275259,567518
3,2079,292436,275274,567710
4,2079,292615,275193,567808
5,2079,292741,275299,568040
6,2079,292868,275406,568274
7,2079,292842,275390,568232
8,2079,292820,275364,568184
9,2079,292815,275344,568159
10,2079,292810,275474,568284
11,2079,292862,275699,568561
12,2079,293184,275754,568938
13,2079,293704,275708,569412
14,2079,293937,275800,569737
15,2079,294124,275792,569916
16,2079,294466,275859,570325
17,2079,295672,275850,571522
18,2079,297964,276497,574461
19,2079,298821,278322,577143
20,2079,299958,278491,578449
21,2079,300126,278538,578664
22,2079,300128,279006,579134
23,2079,300136,279020,579156
24,2079,300136,279020,579156
25,2079,300136,279020,579156
26,2079,300136,279020,579156
27,2079,300136,279020,579156
28,2079,300136,279020,579156
29,2079,300136,279020,579156
30,2079,300136,279020,579156
31,2079,300136,279020,579156
32,2079,300136,279020,579156
33,2079,300136,279020,579156
34,2079,300136,279020,579156
35,2079,300136,279020,579156
36,2079,300136,279020,579156
37,2079,300136,279020,579156
38,2079,300136,279020,579156
39,2079,300136,279020,579156
40,2079,300136,279020,579156
41,2079,300136,279020,579156
42,2079,300136,279020,579156
43,2079,300136,279020,579156
44,2079,300538,279020,579558
45,2079,300538,279020,579558
46,2079,300536,279020,579556
47,2079,300528,279020,579548
48,2079,300528,279020,579548
49,2079,300528,279020,579548
50,2079,300528,279020,579548
51,2079,300528,279059,579587
52,2079,300528,279059,579587
53,2079,300528,279059,579587
54,2079,300528,279059,579587
55,2079,300528,279059,579587
56,2079,300528,279059,579587
57,2079,300528,279059,579587
58,2079,300528,279059,579587
59,2079,300528,279059,579587
60,2079,300528,279059,579587
61,2079,300528,279059,579587
62,2079,300528,279059,579587
63,2079,300528,279059,579587
64,2079,300557,279059,579616
65,2079,300557,279059,579616
66,2079,300066,279059,579125
67,2079,300008,279059,579067
68,2079,299613,279059,578672
69,2079,299663,279059,578722
70,2079,299415,279037,578452
71,2079,298888,279037,577925
72,2079,298782,279037,577819
73,2079,298283,278963,577246
74,2079,298238,278963,577201
75,2079,298238,278963,577201
76,2079,298238,278963,577201
77,2079,298238,278963,577201
78,2079,298344,280269,578613
79,2079,298259,280078,578337
80,2079,298344,280826,579170
81,2079,298338,280568,578906
82,2079,298338,280568,578906
83,2079,298338,280568,578906
84,2079,298338,280568,578906
85,2079,298338,280568,578906
86,2079,298338,280568,578906
87,2079,298338,280568,578906
88,2079,298338,280568,578906
89,2079,298338,280568,578906
90,2079,298338,280568,578906
91,2079,298338,280568,578906
92,2079,298338,280568,578906
93,2079,298338,280568,578906
94,2079,298338,280568,578906
95,2079,298338,280568,578906
96,2079,298338,280568,578906
97,2079,298338,280568,578906
98,2079,298338,280568,578906
99,2079,298338,280568,578906
100,2079,298338,280568,578906
0,2079,292274,275413,567687
1,2079,292274,275413,567687
2,2079,292266,275413,567679
3,2079,292417,275347,567764
4,2079,292716,275394,568110
5,2079,292856,275450,568306
6,2079,292910,275526,568436
7,2079,292866,275510,568376
8,2079,292838,275471,568309
9,2079,292865,275477,568342
10,2079,292819,275561,568380
11,2079,292909,275804,568713
12,2079,293366,276259,569625
13,2079,294527,276216,570743
14,2079,294776,276418,571194
15,2079,295034,276413,571447
16,2079,296135,276482,572617
17,2079,297419,276524,573943
18,2079,299982,276890,576872
19,2079,300697,278092,578789
20,2079,300794,278561,579355
21,2079,301474,278636,580110
22,2079,301310,278941,580251
23,2079,301326,278955,580281
24,2079,301326,278955,580281
25,2079,301326,278955,580281
26,2079,301326,278955,580281
27,2079,301326,278955,580281
28,2079,301326,278955,580281
29,2079,301326,278955,580281
30,2079,301326,278955,580281
31,2079,301326,278955,580281
32,2079,301326,278955,580281
33,2079,301326,278955,580281
34,2079,301326,278955,580281
35,2079,301326,278955,580281
36,2079,301326,278955,580281
37,2079,301326,278955,580281
38,2079,301326,278955,580281
39,2079,301326,278955,580281
40,2079,301326,278955,580281
41,2079,301326,278955,580281
42,2079,301326,278955,580281
43,2079,301333,278955,580288
44,2079,303077,279111,582188
45,2079,303077,279111,582188
46,2079,302118,279111,581229
47,2079,302109,279111,581220
48,2079,302109,279111,581220
49,2079,302109,279111,581220
50,2079,302109,279111,581220
51,2079,302109,279149,581258
52,2079,302109,279149,581258
53,2079,302109,279149,581258
54,2079,302109,279149,581258
55,2079,302109,279149,581258
56,2079,302109,279149,581258
57,2079,302109,279149,581258
58,2079,302109,279149,581258
59,2079,302109,279149,581258
60,2079,302109,279149,581258
61,2079,302109,279149,581258
62,2079,302109,279149,581258
63,2079,302109,279149,581258
64,2079,303056,279149,582205
65,2079,303056,279149,582205
66,2079,301751,278994,580745
67,2079,301764,278926,580690
68,2079,301625,278926,580551
69,2079,301693,278926,580619
70,2079,301698,278926,580624
71,2079,302699,279051,581750
72,2079,302614,279051,581665
73,2079,301717,279129,580846
74,2079,301717,279129,580846
75,2079,301717,279129,580846
76,2079,301717,279129,580846
77,2079,301717,279129,580846
78,2079,301618,283834,585452
79,2079,301588,283520,585108
80,2079,301523,283856,585379
81,2079,301545,283856,585401
82,2079,301545,283856,585401
83,2079,301545,283856,585401
84,2079,301545,283856,585401
85,2079,301545,283856,585401
86,2079,301545,283856,585401
87,2079,301545,283856,585401
88,2079,301545,283856,585401
89,2079,301545,283856,585401
90,2079,301545,283856,585401
91,2079,301545,283856,585401
92,2079,301545,283856,585401
93,2079,301545,283856,585401
94,2079,301545,283856,585401
95,2079,301545,283856,585401
96,2079,301545,283856,585401
97,2079,301545,283856,585401
98,2079,301545,283856,585401
99,2079,301545,283856,585401
100,2079,301545,283856,585401
0,2079,292099,274901,567000
1,2079,292099,274901,567000
2,2079,292091,274901,566992
3,2079,292300,274901,567201
4,2079,292463,274931,567394
5,2079,292518,274983,567501
6,2079,292615,275035,567650
7,2079,292607,275057,567664
8,2079,292601,275043,567644
9,2079,292574,275024,567598
10,2079,292549,275055,567604
11,2079,292624,275339,567963
12,2079,293047,275490,568537
13,2079,294584,275590,570174
14,2079,295239,275679,570918
15,2079,297561,275661,573222
16,2079,296031,275360,571391
17,2079,298511,275281,573792
18,2079,300960,276311,577271
19,2079,318140,278178,596318
20,2079,318570,278704,597274
21,2079,307169,279147,586316
22,2079,306963,279195,586158
23,2079,307025,279209,586234
24,2079,307025,279209,586234
25,2079,307025,279209,586234
26,2079,307025,279209,586234
27,2079,307025,279209,586234
28,2079,307025,279209,586234
29,2079,307025,279209,586234
30,2079,307025,279209,586234
31,2079,307025,279209,586234
32,2079,307025,279209,586234
33,2079,307025,279209,586234
34,2079,307025,279209,586234
35,2079,307025,279209,586234
36,2079,307025,279209,586234
37,2079,307025,279209,586234
38,2079,307025,279209,586234
39,2079,307025,279209,586234
40,2079,307025,279209,586234
41,2079,307025,279209,586234
42,2079,307025,279209,586234
43,2079,307025,279209,586234
44,2079,309401,279433,588834
45,2079,309401,279433,588834
46,2079,308138,279364,587502
47,2079,308207,279364,587571
48,2079,308207,279364,587571
49,2079,308207,279364,587571
50,2079,308207,279364,587571
51,2079,308198,279402,587600
52,2079,308198,279402,587600
53,2079,308198,279402,587600
54,2079,308198,279402,587600
55,2079,308198,279402,587600
56,2079,308198,279402,587600
57,2079,308198,279402,587600
58,2079,308198,279402,587600
59,2079,308198,279402,587600
60,2079,308198,279402,587600
61,2079,308198,279402,587600
62,2079,308198,279402,587600
63,2079,308198,279402,587600
64,2079,309449,279472,588921
65,2079,309538,279472,589010
66,2079,307947,279400,587347
67,2079,308227,279400,587627
68,2079,307618,279138,586756
69,2079,307735,279232,586967
70,2079,307742,279123,586865
71,2079,309127,279187,588314
72,2079,308751,279129,587880
73,2079,307179,279129,586308
74,2079,307179,279129,586308
75,2079,307179,279129,586308
76,2079,307179,279129,586308
77,2079,307179,279129,586308
78,2079,306934,286413,593347
79,2079,306862,284996,591858
80,2079,306855,286432,593287
81,2079,306855,286432,593287
82,2079,306855,286432,593287
83,2079,306855,286432,593287
84,2079,306855,286432,593287
85,2079,306855,286432,593287
86,2079,306855,286432,593287
87,2079,306855,286432,593287
88,2079,306855,286432,593287
89,2079,306855,286432,593287
90,2079,306855,286432,593287
91,2079,306855,286432,593287
92,2079,306855,286432,593287
93,2079,306855,286432,593287
94,2079,306855,286432,593287
95,2079,306855,286432,593287
96,2079,306855,286432,593287
97,2079,306855,286432,593287
98,2079,306855,286432,593287
99,2079,306855,286432,593287
100,2079,306855,286432,593287
0,2079,292414,276267,568681
1,2079,292414,276267,568681
2,2079,292410,276267,568677
3,2079,292524,276267,568791
4,2079,292770,276374,569144
5,2079,292782,276405,569187
6,2079,292777,275836,568613
7,2079,292789,275833,568622
8,2079,292809,276105,568914
9,2079,292817,276218,569035
10,2079,292752,276008,568760
11,2079,292786,276013,568799
12,2079,292637,275836,568473
13,2079,294207,275567,569774
14,2079,297544,275452,572996
15,2079,296712,275491,572203
16,2079,295873,275344,571217
17,2079,298696,275638,574334
18,2079,308040,277244,585284
19,2079,310244,279250,589494
20,2079,310992,279343,590335
21,2079,309447,279369,588816
22,2079,309498,279517,589015
23,2079,309548,279517,589065
24,2079,309548,279517,589065
25,2079,309548,279517,589065
26,2079,309548,279517,589065
27,2079,309548,279517,589065
28,2079,309548,279517,589065
29,2079,309548,279517,589065
30,2079,309548,279517,589065
31,2079,309548,279517,589065
32,2079,309548,279517,589065
33,2079,309548,279517,589065
34,2079,309548,279517,589065
35,2079,309548,279517,589065
36,2079,309548,279517,589065
37,2079,309933,279517,589450
38,2079,309933,279517,589450
39,2079,309933,279517,589450
40,2079,309933,279517,589450
41,2079,309933,279517,589450
42,2079,309933,279517,589450
43,2079,309933,279517,589450
44,2079,311218,279445,590663
45,2079,311218,279445,590663
46,2079,311078,279485,590563
47,2079,311078,279485,590563
48,2079,311078,279485,590563
49,2079,311078,279485,590563
50,2079,311078,279485,590563
51,2079,311087,279523,590610
52,2079,311087,279523,590610
53,2079,311087,279523,590610
54,2079,311087,279523,590610
55,2079,311087,279523,590610
56,2079,311087,279523,590610
57,2079,311087,279523,590610
58,2079,311087,279523,590610
59,2079,311087,279523,590610
60,2079,311087,279523,590610
61,2079,311087,279523,590610
62,2079,311087,279523,590610
63,2079,311197,279523,590720
64,2079,311402,279483,590885
65,2079,311494,279483,590977
66,2079,311142,279522,590664
67,2079,311181,279522,590703
68,2079,310276,279498,589774
69,2079,310326,279498,589824
70,2079,310257,279585,589842
71,2079,310672,279598,590270
72,2079,310683,279572,590255
73,2079,309854,279579,589433
74,2079,309854,279579,589433
75,2079,309854,279579,589433
76,2079,309854,279579,589433
77,2079,309854,279579,589433
78,2079,309223,297053,606276
79,2079,309182,295170,604352
80,2079,309215,297002,606217
81,2079,309223,297359,606582
82,2079,309223,297359,606582
83,2079,309223,297359,606582
84,2079,309223,297359,606582
85,2079,309223,297359,606582
86,2079,309223,297359,606582
87,2079,309223,297359,606582
88,2079,309223,297359,606582
89,2079,309223,297359,606582
90,2079,309223,297359,606582
91,2079,309223,297359,606582
92,2079,309223,297359,606582
93,2079,309223,297359,606582
94,2079,309223,297359,606582
95,2079,309223,297359,606582
96,2079,309223,297359,606582
97,2079,309223,297359,606582
98,2079,309223,297359,606582
99,2079,309223,297359,606582
100,2079,309223,297359,606582
0,2079,290839,275033,565872
1,2079,290839,275033,565872
2,2079,290835,275033,565868
3,2079,290937,275233,566170
4,2079,291005,274937,565942
5,2079,291046,275155,566201
6,2079,292232,276240,568472
7,2079,292199,276233,568432
8,2079,291249,275661,566910
9,2079,291199,275601,566800
10,2079,292123,276191,568314
11,2079,292361,276048,568409
12,2079,293171,276060,569231
13,2079,294126,275531,569657
14,2079,296668,275937,572605
15,2079,295244,275388,570632
16,2079,296127,275713,571840
17,2079,298662,276231,574893
18,2079,305162,277907,583069
19,2079,309543,280666,590209
20,2079,310358,280573,590931
21,2079,310236,280007,590243
22,2079,310517,280086,590603
23,2079,310504,280086,590590
24,2079,310504,280086,590590
25,2079,310504,280086,590590
26,2079,310504,280086,590590
27,2079,310504,280086,590590
28,2079,310504,280086,590590
29,2079,310504,280086,590590
30,2079,310504,280086,590590
31,2079,310504,280086,590590
32,2079,310504,280086,590590
33,2079,310504,280086,590590
34,2079,310504,280086,590590
35,2079,310504,280086,590590
36,2079,310504,280086,590590
37,2079,310568,280086,590654
38,2079,310568,280086,590654
39,2079,310568,280086,590654
40,2079,310568,280086,590654
41,2079,310949,280086,591035
42,2079,310949,280086,591035
43,2079,310949,280086,591035
44,2079,311212,280770,591982
45,2079,311212,280770,591982
46,2079,311402,280718,592120
47,2079,311402,280718,592120
48,2079,311402,280718,592120
49,2079,311402,280718,592120
50,2079,311402,280718,592120
51,2079,311402,280757,592159
52,2079,311402,280757,592159
53,2079,311402,280757,592159
54,2079,311402,280757,592159
55,2079,311402,280757,592159
56,2079,311402,280757,592159
57,2079,311402,280757,592159
58,2079,311402,280757,592159
59,2079,311402,280757,592159
60,2079,311402,280757,592159
61,2079,311402,280757,592159
62,2079,311402,280757,592159
63,2079,311500,280757,592257
64,2079,311363,280826,592189
65,2079,311724,280826,592550
66,2079,311611,280757,592368
67,2079,311478,280757,592235
68,2079,311136,280282,591418
69,2079,311224,280386,591610
70,2079,311089,280359,591448
71,2079,311023,280782,591805
72,2079,311415,280757,592172
73,2079,310475,280113,590588
74,2079,310475,280113,590588
75,2079,310475,280113,590588
76,2079,310475,280113,590588
77,2079,310475,280113,590588
78,2079,312080,301426,613506
79,2079,311717,300216,611933
80,2079,312078,301550,613628
81,2079,312097,305369,617466
82,2079,312097,305369,617466
83,2079,312097,305369,617466
84,2079,312097,305369,617466
85,2079,312097,305369,617466
86,2079,312097,305369,617466
87,2079,312097,305369,617466
88,2079,312097,305369,617466
89,2079,312097,305369,617466
90,2079,312097,305369,617466
91,2079,312097,305369,617466
92,2079,312097,305369,617466
93,2079,312097,305369,617466
94,2079,312097,305369,617466
95,2079,312097,305369,617466
96,2079,312097,305369,617466
97,2079,312097,305369,617466
98,2079,312097,305369,617466
99,2079,312097,305369,617466
100,2079,312097,305369,617466
0,2079,289659,274603,564262
1,2079,289659,274603,564262
2,2079,289665,274603,564268
3,2079,290131,274992,565123
4,2079,290075,275018,565093
5,2079,290517,275453,565970
6,2079,291142,275727,566869
7,2079,291129,275727,566856
8,2079,291983,276029,568012
9,2079,291141,275810,566951
10,2079,291146,275616,566762
11,2079,292016,276074,568090
12,2079,292897,276138,569035
13,2079,294262,276019,570281
14,2079,294683,275572,570255
15,2079,297679,275397,573076
16,2079,295993,275946,571939
17,2079,298812,276626,575438
18,2079,303893,278118,582011
19,2079,307392,280296,587688
20,2079,308113,280287,588400
21,2079,310267,280533,590800
22,2079,310619,280734,591353
23,2079,310685,280734,591419
24,2079,310685,280734,591419
25,2079,310685,280734,591419
26,2079,310685,280734,591419
27,2079,310685,280734,591419
28,2079,310685,280734,591419
29,2079,310685,280734,591419
30,2079,310685,280734,591419
31,2079,310685,280734,591419
32,2079,310685,280734,591419
33,2079,310685,280734,591419
34,2079,310685,280734,591419
35,2079,310685,280734,591419
36,2079,310685,280734,591419
37,2079,310706,280734,591440
38,2079,310706,280734,591440
39,2079,310706,280734,591440
40,2079,310706,280734,591440
41,2079,311060,280758,591818
42,2079,311060,280758,591818
43,2079,311060,280758,591818
44,2079,310515,280639,591154
45,2079,310515,280639,591154
46,2079,310557,280639,591196
47,2079,310557,280639,591196
48,2079,310557,280639,591196
49,2079,310557,280639,591196
50,2079,310557,280639,591196
51,2079,310557,280639,591196
52,2079,310557,280639,591196
53,2079,310557,280639,591196
54,2079,310557,280639,591196
55,2079,310557,280639,591196
56,2079,310557,280639,591196
57,2079,310557,280639,591196
58,2079,310557,280639,591196
59,2079,310557,280639,591196
60,2079,310557,280639,591196
61,2079,310557,280639,591196
62,2079,310557,280639,591196
63,2079,310910,280639,591549
64,2079,310761,280639,591400
65,2079,311033,280639,591672
66,2079,311135,280672,591807
67,2079,310932,280639,591571
68,2079,311116,280771,591887
69,2079,311041,280703,591744
70,2079,310992,280666,591658
71,2079,310516,280639,591155
72,2079,310473,280639,591112
73,2079,311008,280697,591705
74,2079,311008,280697,591705
75,2079,311008,280697,591705
76,2079,311008,280697,591705
77,2079,311008,280697,591705
78,2079,314470,302480,616950
79,2079,314144,302411,616555
80,2079,314352,302829,617181
81,2079,316242,304224,620466
82,2079,316242,304224,620466
83,2079,316242,304224,620466
84,2079,316242,304224,620466
85,2079,316242,304224,620466
86,2079,316242,304224,620466
87,2079,316242,304224,620466
88,2079,316242,304224,620466
89,2079,316242,304224,620466
90,2079,316242,304224,620466
91,2079,316242,304224,620466
92,2079,316242,304224,620466
93,2079,316242,304224,620466
94,2079,316242,304224,620466
95,2079,316242,304224,620466
96,2079,316242,304224,620466
97,2079,316242,304224,620466
98,2079,316242,304224,620466
99,2079,316242,304224,620466
100,2079,316242,304224,620466
0,2079,289139,272661,561800
1,2079,289139,272661,561800
2,2079,289140,272661,561801
3,2079,289119,272764,561883
4,2079,289360,272455,561815
5,2079,290329,273837,564166
6,2079,290582,275044,565626
7,2079,290513,275001,565514
8,2079,291822,275327,567149
9,2079,292040,275205,567245
10,2079,290765,275121,565886
11,2079,291646,275629,567275
12,2079,292463,275852,568315
13,2079,293960,275907,569867
14,2079,294086,274870,568956
15,2079,297101,275906,573007
16,2079,295988,275549,571537
17,2079,299178,275915,575093
18,2079,303074,277430,580504
19,2079,305532,280384,585916
20,2079,307797,280492,588289
21,2079,309263,280395,589658
22,2079,309846,280601,590447
23,2079,310066,280601,590667
24,2079,310068,280601,590669
25,2079,310068,280601,590669
26,2079,310068,280601,590669
27,2079,310068,280601,590669
28,2079,310068,280601,590669
29,2079,310068,280601,590669
30,2079,310068,280601,590669
31,2079,310068,280601,590669
32,2079,310068,280601,590669
33,2079,310068,280601,590669
34,2079,310068,280601,590669
35,2079,310068,280601,590669
36,2079,310068,280601,590669
37,2079,310106,280601,590707
38,2079,310106,280601,590707
39,2079,310106,280601,590707
40,2079,310106,280601,590707
41,2079,310504,280601,591105
42,2079,310504,280601,591105
43,2079,310504,280601,591105
44,2079,310371,280615,590986
45,2079,310371,280615,590986
46,2079,310431,280601,591032
47,2079,310431,280601,591032
48,2079,310431,280601,591032
49,2079,310431,280601,591032
50,2079,310431,280601,591032
51,2079,310431,280601,591032
52,2079,310431,280601,591032
53,2079,310431,280601,591032
54,2079,310431,280601,591032
55,2079,310431,280601,591032
56,2079,310431,280601,591032
57,2079,310431,280601,591032
58,2079,310431,280601,591032
59,2079,310431,280601,591032
60,2079,310425,280601,591026
61,2079,310396,280601,590997
62,2079,310384,280601,590985
63,2079,310452,280601,591053
64,2079,310622,280615,591237
65,2079,310565,280615,591180
66,2079,310466,280601,591067
67,2079,310560,280601,591161
68,2079,310503,280601,591104
69,2079,310459,280601,591060
70,2079,310415,280601,591016
71,2079,310321,280601,590922
72,2079,310394,280611,591005
73,2079,310297,280601,590898
74,2079,310297,280601,590898
75,2079,310297,280601,590898
76,2079,310297,280601,590898
77,2079,310297,280601,590898
78,2079,316765,303090,619855
79,2079,316576,303067,619643
80,2079,316701,303735,620436
81,2079,316971,305349,622320
82,2079,316971,305349,622320
83,2079,316971,305349,622320
84,2079,316971,305349,622320
85,2079,316971,305349,622320
86,2079,316971,305349,622320
87,2079,316971,305349,622320
88,2079,316971,305349,622320
89,2079,316971,305349,622320
90,2079,316971,305349,622320
91,2079,316971,305349,622320
92,2079,316971,305349,622320
93,2079,316971,305349,622320
94,2079,316971,305349,622320
95,2079,316971,305349,622320
96,2079,316971,305349,622320
97,2079,316971,305349,622320
98,2079,316971,305349,622320
99,2079,316971,305349,622320
100,2079,316971,305349,622320
0,2079,290394,273022,563416
1,2079,290394,272960,563354
2,2079,290359,272960,563319
3,2079,290259,272886,563145
4,2079,290454,272808,563262
5,2079,291611,274441,566052
6,2079,290844,274238,565082
7,2079,290993,274439,565432
8,2079,292558,275788,568346
9,2079,292683,276220,568903
10,2079,290916,274282,565198
11,2079,292270,275799,568069
12,2079,292527,276121,568648
13,2079,293904,275836,569740
14,2079,293814,275619,569433
15,2079,296491,275550,572041
16,2079,296013,275404,571417
17,2079,300549,276014,576563
18,2079,303703,277256,580959
19,2079,304886,279668,584554
20,2079,307763,280642,588405
21,2079,308577,280432,589009
22,2079,309209,280601,589810
23,2079,309657,280601,590258
24,2079,309658,280601,590259
25,2079,309658,280601,590259
26,2079,309658,280601,590259
27,2079,309658,280601,590259
28,2079,309658,280601,590259
29,2079,309658,280601,590259
30,2079,309658,280601,590259
31,2079,309658,280601,590259
32,2079,309658,280601,590259
33,2079,309658,280601,590259
34,2079,309658,280601,590259
35,2079,309658,280601,590259
36,2079,309658,280601,590259
37,2079,309666,280681,590347
38,2079,309666,280681,590347
39,2079,309666,280681,590347
40,2079,309666,280681,590347
41,2079,310400,280705,591105
42,2079,310400,280705,591105
43,2079,310400,280705,591105
44,2079,310418,280719,591137
45,2079,310418,280719,591137
46,2079,310454,280719,591173
47,2079,310454,280719,591173
48,2079,310454,280719,591173
49,2079,310454,280719,591173
50,2079,310454,280719,591173
51,2079,310454,280719,591173
52,2079,310454,280719,591173
53,2079,310454,280719,591173
54,2079,310454,280719,591173
55,2079,310454,280719,591173
56,2079,310454,280719,591173
57,2079,310454,280719,591173
58,2079,310454,280719,591173
59,2079,310454,280719,591173
60,2079,310454,280719,591173
61,2079,310425,280719,591144
62,2079,310355,280719,591074
63,2079,310557,280719,591276
64,2079,310622,280709,591331
65,2079,310657,280709,591366
66,2079,310551,280719,591270
67,2079,310578,280709,591287
68,2079,310595,280719,591314
69,2079,310527,280719,591246
70,2079,310501,280719,591220
71,2079,310167,280719,590886
72,2079,310365,280719,591084
73,2079,310097,280705,590802
74,2079,310097,280705,590802
75,2079,310097,280705,590802
76,2079,310097,280705,590802
77,2079,310097,280705,590802
78,2079,316031,304649,620680
79,2079,316015,304523,620538
80,2079,316491,304884,621375
81,2079,317021,307179,624200
82,2079,317021,307179,624200
83,2079,317021,307179,624200
84,2079,317021,307179,624200
85,2079,317021,307179,624200
86,2079,317021,307179,624200
87,2079,317021,307179,624200
88,2079,317021,307179,624200
89,2079,317021,307179,624200
90,2079,317021,307179,624200
91,2079,317021,307179,624200
92,2079,317021,307179,624200
93,2079,317021,307179,624200
94,2079,317021,307179,624200
95,2079,317021,307179,624200
96,2079,317021,307179,624200
97,2079,317021,307179,624200
98,2079,317021,307179,624200
99,2079,317021,307179,624200
100,2079,317021,307179,624200
0,2079,291389,273588,564977
1,2079,291361,273588,564949
2,2079,291342,273588,564930
3,2079,290486,273473,563959
4,2079,291427,273538,564965
5,2079,292690,275544,568234
6,2079,291841,274747,566588
7,2079,291918,275199,567117
8,2079,292254,275800,568054
9,2079,291248,275379,566627
10,2079,292120,274848,566968
11,2079,292386,276244,568630
12,2079,292471,275750,568221
13,2079,293842,275635,569477
14,2079,294684,275923,570607
15,2079,295202,274951,570153
16,2079,296309,275544,571853
17,2079,300680,275961,576641
18,2079,306176,277396,583572
19,2079,304844,279082,583926
20,2079,307760,280252,588012
21,2079,308575,280608,589183
22,2079,309265,280695,589960
23,2079,309759,280695,590454
24,2079,309761,280695,590456
25,2079,309761,280695,590456
26,2079,309761,280695,590456
27,2079,309761,280695,590456
28,2079,309761,280695,590456
29,2079,309761,280695,590456
30,2079,309761,280695,590456
31,2079,309761,280695,590456
32,2079,309761,280695,590456
33,2079,309761,280695,590456
34,2079,309761,280695,590456
35,2079,309761,280695,590456
36,2079,309761,280695,590456
37,2079,309760,280695,590455
38,2079,309760,280695,590455
39,2079,309760,280695,590455
40,2079,309760,280695,590455
41,2079,310532,280719,591251
42,2079,310532,280719,591251
43,2079,310532,280719,591251
44,2079,310612,280709,591321
45,2079,310612,280709,591321
46,2079,310612,280709,591321
47,2079,310612,280709,591321
48,2079,310612,280709,591321
49,2079,310612,280709,591321
50,2079,310612,280709,591321
51,2079,310612,280709,591321
52,2079,310612,280709,591321
53,2079,310612,280709,591321
54,2079,310612,280709,591321
55,2079,310612,280709,591321
56,2079,310612,280709,591321
57,2079,310612,280709,591321
58,2079,310612,280709,591321
59,2079,310612,280709,591321
60,2079,310612,280709,591321
61,2079,310583,280709,591292
62,2079,310342,280719,591061
63,2079,310663,280709,591372
64,2079,310791,280709,591500
65,2079,310817,280709,591526
66,2079,310711,280709,591420
67,2079,310719,280709,591428
68,2079,310627,280709,591336
69,2079,310569,280709,591278
70,2079,310553,280709,591262
71,2079,310114,280719,590833
72,2079,310402,280719,591121
73,2079,310099,280695,590794
74,2079,310099,280695,590794
75,2079,310099,280695,590794
76,2079,310099,280695,590794
77,2079,310099,280695,590794
78,2079,316416,306500,622916
79,2079,316414,306851,623265
80,2079,317112,306603,623715
81,2079,320548,305311,625859
82,2079,320548,305311,625859
83,2079,320548,305311,625859
84,2079,320548,305311,625859
85,2079,320548,305311,625859
86,2079,320548,305311,625859
87,2079,320548,305311,625859
88,2079,320548,305311,625859
89,2079,320548,305311,625859
90,2079,320548,305311,625859
91,2079,320548,305311,625859
92,2079,320548,305311,625859
93,2079,320548,305311,625859
94,2079,320548,305311,625859
95,2079,320548,305311,625859
96,2079,320548,305311,625859
97,2079,320548,305311,625859
98,2079,320548,305311,625859
99,2079,320548,305311,625859
100,2079,320548,305311,625859
0,2079,292751,275522,568273
1,2079,292768,275518,568286
2,2079,292769,275518,568287
3,2079,291789,274356,566145
4,2079,293025,274710,567735
5,2079,292813,276399,569212
6,2079,292765,276223,568988
7,2079,292672,276268,568940
8,2079,292330,276276,568606
9,2079,291393,275989,567382
10,2079,292673,276157,568830
11,2079,291584,275622,567206
12,2079,292581,275830,568411
13,2079,294134,275933,570067
14,2079,295041,276344,571385
15,2079,297727,275310,573037
16,2079,296109,275747,571856
17,2079,313874,275931,589805
18,2079,305144,277547,582691
19,2079,305947,279202,585149
20,2079,308539,280233,588772
21,2079,309150,280634,589784
22,2079,309340,280727,590067
23,2079,309735,280695,590430
24,2079,309736,280695,590431
25,2079,309736,280695,590431
26,2079,309736,280695,590431
27,2079,309736,280695,590431
28,2079,309736,280695,590431
29,2079,309736,280695,590431
30,2079,309736,280695,590431
31,2079,309736,280695,590431
32,2079,309736,280695,590431
33,2079,309736,280695,590431
34,2079,309736,280695,590431
35,2079,309736,280695,590431
36,2079,309736,280695,590431
37,2079,309736,280695,590431
38,2079,309736,280695,590431
39,2079,309736,280695,590431
40,2079,309736,280695,590431
41,2079,310615,280709,591324
42,2079,310615,280709,591324
43,2079,310615,280709,591324
44,2079,310580,280709,591289
45,2079,310580,280709,591289
46,2079,310589,280709,591298
47,2079,310589,280709,591298
48,2079,310589,280709,591298
49,2079,310589,280709,591298
50,2079,310589,280709,591298
51,2079,310589,280709,591298
52,2079,310589,280709,591298
53,2079,310589,280709,591298
54,2079,310589,280709,591298
55,2079,310589,280709,591298
56,2079,310589,280709,591298
57,2079,310589,280709,591298
58,2079,310589,280709,591298
59,2079,310589,280709,591298
60,2079,310589,280709,591298
61,2079,310560,280709,591269
62,2079,310362,280719,591081
63,2079,310688,280709,591397
64,2079,310777,280709,591486
65,2079,310815,280709,591524
66,2079,310706,280709,591415
67,2079,310743,280709,591452
68,2079,310757,280709,591466
69,2079,310692,280709,591401
70,2079,310676,280709,591385
71,2079,310183,280695,590878
72,2079,310549,280719,591268
73,2079,310133,280695,590828
74,2079,310133,280695,590828
75,2079,310133,280695,590828
76,2079,310133,280695,590828
77,2079,310133,280695,590828
78,2079,319143,305453,624596
79,2079,319327,305676,625003
80,2079,319274,305068,624342
81,2079,318978,306401,625379
82,2079,318978,306401,625379
83,2079,318978,306401,625379
84,2079,318978,306401,625379
85,2079,318978,306401,625379
86,2079,318978,306401,625379
87,2079,318978,306401,625379
88,2079,318978,306401,625379
89,2079,318978,306401,625379
90,2079,318978,306401,625379
91,2079,318978,306401,625379
92,2079,318978,306401,625379
93,2079,318978,306401,625379
94,2079,318978,306401,625379
95,2079,318978,306401,625379
96,2079,318978,306401,625379
97,2079,318978,306401,625379
98,2079,318978,306401,625379
99,2079,318978,306401,625379
100,2079,318978,306401,625379
0,2079,292327,275510,567837
1,2079,292327,275659,567986
2,2079,292320,275647,567967
3,2079,292875,275527,568402
4,2079,292828,275721,568549
5,2079,291154,274409,565563
6,2079,291431,275516,566947
7,2079,291405,275336,566741
8,2079,290990,275061,566051
9,2079,292128,275695,567823
10,2079,291559,275769,567328
11,2079,291377,275586,566963
12,2079,293155,276000,569155
13,2079,294189,275958,570147
14,2079,295769,275717,571486
15,2079,297153,275649,572802
16,2079,295944,275372,571316
17,2079,307331,276682,584013
18,2079,304499,277441,581940
19,2079,307335,279222,586557
20,2079,309367,280247,589614
21,2079,309425,280514,589939
22,2079,309452,280752,590204
23,2079,309762,280695,590457
24,2079,309764,280695,590459
25,2079,309764,280695,590459
26,2079,309764,280695,590459
27,2079,309764,280695,590459
28,2079,309764,280695,590459
29,2079,309764,280695,590459
30,2079,309764,280695,590459
31,2079,309764,280695,590459
32,2079,309764,280695,590459
33,2079,309764,280695,590459
34,2079,309764,280695,590459
35,2079,309764,280695,590459
36,2079,309764,280695,590459
37,2079,309738,280695,590433
38,2079,309738,280695,590433
39,2079,309738,280695,590433
40,2079,309738,280695,590433
41,2079,310581,280709,591290
42,2079,310581,280709,591290
43,2079,310581,280709,591290
44,2079,310522,280709,591231
45,2079,310522,280709,591231
46,2079,310522,280709,591231
47,2079,310522,280709,591231
48,2079,310522,280709,591231
49,2079,310522,280709,591231
50,2079,310522,280709,591231
51,2079,310522,280709,591231
52,2079,310522,280709,591231
53,2079,310522,280709,591231
54,2079,310522,280709,591231
55,2079,310522,280709,591231
56,2079,310522,280709,591231
57,2079,310522,280709,591231
58,2079,310522,280709,591231
59,2079,310522,280709,591231
60,2079,310522,280709,591231
61,2079,310493,280709,591202
62,2079,310500,280719,591219
63,2079,310622,280709,591331
64,2079,310711,280709,591420
65,2079,310854,280709,591563
66,2079,310736,280709,591445
67,2079,310677,280709,591386
68,2079,310743,280709,591452
69,2079,310668,280709,591377
70,2079,310642,280709,591351
71,2079,310117,280719,590836
72,2079,310404,280709,591113
73,2079,310176,280695,590871
74,2079,310176,280695,590871
75,2079,310176,280695,590871
76,2079,310176,280695,590871
77,2079,310176,280695,590871
78,2079,317218,306629,623847
79,2079,317604,306070,623674
80,2079,317715,306312,624027
81,2079,319435,304795,624230
82,2079,319435,304795,624230
83,2079,319435,304795,624230
84,2079,319435,304795,624230
85,2079,319435,304795,624230
86,2079,319435,304795,624230
87,2079,319435,304795,624230
88,2079,319435,304795,624230
89,2079,319435,304795,624230
90,2079,319435,304795,624230
91,2079,319435,304795,624230
92,2079,319435,304795,624230
93,2079,319435,304795,624230
94,2079,319435,304795,624230
95,2079,319435,304795,624230
96,2079,319435,304795,624230
97,2079,319435,304795,624230
98,2079,319435,304795,624230
99,2079,319435,304795,624230
100,2079,319435,304795,624230
0,2079,292237,275533,567770
1,2079,292258,275489,567747
2,2079,292255,275489,567744
3,2079,292520,275565,568085
4,2079,292646,275922,568568
5,2079,290941,274761,565702
6,2079,291650,275540,567190
7,2079,291571,275602,567173
8,2079,290150,274568,564718
9,2079,292443,275886,568329
10,2079,291915,275595,567510
11,2079,292561,275926,568487
12,2079,293011,276402,569413
13,2079,293947,275772,569719
14,2079,294479,275523,570002
15,2079,297722,275788,573510
16,2079,296132,275359,571491
17,2079,303346,276680,580026
18,2079,304374,277451,581825
19,2079,307952,279352,587304
20,2079,309700,280525,590225
21,2079,308980,280464,589444
22,2079,309470,280601,590071
23,2079,309775,280616,590391
24,2079,309777,280616,590393
25,2079,309777,280616,590393
26,2079,309777,280616,590393
27,2079,309777,280616,590393
28,2079,309777,280616,590393
29,2079,309777,280616,590393
30,2079,309777,280616,590393
31,2079,309777,280616,590393
32,2079,309777,280616,590393
33,2079,309777,280616,590393
34,2079,309777,280616,590393
35,2079,309777,280616,590393
36,2079,309777,280616,590393
37,2079,309777,280616,590393
38,2079,309777,280616,590393
39,2079,309777,280616,590393
40,2079,309777,280616,590393
41,2079,310522,280709,591231
42,2079,310522,280709,591231
43,2079,310522,280709,591231
44,2079,310523,280709,591232
45,2079,310523,280709,591232
46,2079,310523,280709,591232
47,2079,310523,280709,591232
48,2079,310523,280709,591232
49,2079,310523,280709,591232
50,2079,310523,280709,591232
51,2079,310523,280709,591232
52,2079,310523,280709,591232
53,2079,310523,280709,591232
54,2079,310523,280709,591232
55,2079,310523,280709,591232
56,2079,310523,280709,591232
57,2079,310523,280709,591232
58,2079,310523,280709,591232
59,2079,310523,280709,591232
60,2079,310523,280709,591232
61,2079,310494,280709,591203
62,2079,310481,280709,591190
63,2079,310622,280709,591331
64,2079,310711,280709,591420
65,2079,310728,280709,591437
66,2079,310677,280709,591386
67,2079,310677,280709,591386
68,2079,310677,280709,591386
69,2079,310602,280709,591311
70,2079,310576,280709,591285
71,2079,310117,280695,590812
72,2079,310481,280719,591200
73,2079,310143,280719,590862
74,2079,310143,280719,590862
75,2079,310143,280719,590862
76,2079,310143,280719,590862
77,2079,310143,280719,590862
78,2079,319280,304872,624152
79,2079,317218,306403,623621
80,2079,318885,305538,624423
81,2079,315816,304901,620717
82,2079,315816,304901,620717
83,2079,315816,304901,620717
84,2079,315816,304901,620717
85,2079,315816,304901,620717
86,2079,315816,304901,620717
87,2079,315816,304901,620717
88,2079,315816,304901,620717
89,2079,315816,304901,620717
90,2079,315816,304901,620717
91,2079,315816,304901,620717
92,2079,315816,304901,620717
93,2079,315816,304901,620717
94,2079,315816,304901,620717
95,2079,315816,304901,620717
96,2079,315816,304901,620717
97,2079,315816,304901,620717
98,2079,315816,304901,620717
99,2079,315816,304901,620717
100,2079,315816,304901,620717
0,2079,292050,274642,566692
1,2079,291992,274566,566558
2,2079,292049,274566,566615
3,2079,292288,275393,567681
4,2079,292350,275433,567783
5,2079,291665,275418,567083
6,2079,292616,275683,568299
7,2079,292591,275714,568305
8,2079,289388,272724,562112
9,2079,292120,275796,567916
10,2079,292494,275697,568191
11,2079,292571,276455,569026
12,2079,292461,275605,568066
13,2079,293891,275625,569516
14,2079,294576,275565,570141
15,2079,296947,275357,572304
16,2079,296197,275623,571820
17,2079,302139,276579,578718
18,2079,304368,277408,581776
19,2079,309074,279536,588610
20,2079,308796,280425,589221
21,2079,308818,280514,589332
22,2079,309431,280601,590032
23,2079,309749,280616,590365
24,2079,309751,280616,590367
25,2079,309751,280616,590367
26,2079,309751,280616,590367
27,2079,309751,280616,590367
28,2079,309751,280616,590367
29,2079,309751,280616,590367
30,2079,309751,280616,590367
31,2079,309751,280616,590367
32,2079,309751,280616,590367
33,2079,309751,280616,590367
34,2079,309751,280616,590367
35,2079,309751,280616,590367
36,2079,309751,280616,590367
37,2079,309751,280616,590367
38,2079,309751,280616,590367
39,2079,309751,280616,590367
40,2079,309751,280616,590367
41,2079,310523,280709,591232
42,2079,310523,280709,591232
43,2079,310523,280709,591232
44,2079,310523,280709,591232
45,2079,310523,280709,591232
46,2079,310523,280709,591232
47,2079,310523,280709,591232
48,2079,310523,280709,591232
49,2079,310523,280709,591232
50,2079,310523,280709,591232
51,2079,310523,280709,591232
52,2079,310523,280709,591232
53,2079,310523,280709,591232
54,2079,310523,280709,591232
55,2079,310523,280709,591232
56,2079,310523,280709,591232
57,2079,310523,280709,591232
58,2079,310523,280709,591232
59,2079,310523,280709,591232
60,2079,310523,280709,591232
61,2079,310502,280709,591211
62,2079,310533,280709,591242
63,2079,310629,280709,591338
64,2079,310711,280709,591420
65,2079,310748,280709,591457
66,2079,310677,280709,591386
67,2079,310677,280709,591386
68,2079,310677,280709,591386
69,2079,310602,280709,591311
70,2079,310576,280709,591285
71,2079,310117,280695,590812
72,2079,310465,280709,591174
73,2079,310117,280719,590836
74,2079,310117,280719,590836
75,2079,310117,280719,590836
76,2079,310117,280719,590836
77,2079,310117,280719,590836
78,2079,317018,305496,622514
79,2079,319763,304916,624679
80,2079,316558,305659,622217
81,2079,315093,304229,619322
82,2079,315093,304229,619322
83,2079,315093,304229,619322
84,2079,315093,304229,619322
85,2079,315093,304229,619322
86,2079,315093,304229,619322
87,2079,315093,304229,619322
88,2079,315093,304229,619322
89,2079,315093,304229,619322
90,2079,315093,304229,619322
91,2079,315093,304229,619322
92,2079,315093,304229,619322
93,2079,315093,304229,619322
94,2079,315093,304229,619322
95,2079,315093,304229,619322
96,2079,315093,304229,619322
97,2079,315093,304229,619322
98,2079,315093,304229,619322
99,2079,315093,304229,619322
100,2079,315093,304229,619322
0,2079,292467,275809,568276
1,2079,292460,275777,568237
2,2079,292457,275777,568234
3,2079,292245,275154,567399
4,2079,292274,275644,567918
5,2079,292620,276606,569226
6,2079,292731,276392,569123
7,2079,292547,276434,568981
8,2079,290424,273014,563438
9,2079,292125,275680,567805
10,2079,292649,276206,568855
11,2079,291627,275325,566952
12,2079,292214,276093,568307
13,2079,294275,275933,570208
14,2079,294898,275677,570575
15,2079,296696,275498,572194
16,2079,296083,275608,571691
17,2079,302392,276114,578506
18,2079,304800,277408,582208
19,2079,308341,280112,588453
20,2079,308246,280444,588690
21,2079,308721,280514,589235
22,2079,309400,280616,590016
23,2079,309775,280616,590391
24,2079,309777,280616,590393
25,2079,309777,280616,590393
26,2079,309777,280616,590393
27,2079,309777,280616,590393
28,2079,309777,280616,590393
29,2079,309777,280616,590393
30,2079,309777,280616,590393
31,2079,309777,280616,590393
32,2079,309777,280616,590393
33,2079,309777,280616,590393
34,2079,309777,280616,590393
35,2079,309777,280616,590393
36,2079,309777,280616,590393
37,2079,309751,280616,590367
38,2079,309751,280616,590367
39,2079,309751,280616,590367
40,2079,309751,280616,590367
41,2079,310523,280709,591232
42,2079,310523,280709,591232
43,2079,310523,280709,591232
44,2079,310523,280709,591232
45,2079,310523,280709,591232
46,2079,310523,280709,591232
47,2079,310523,280709,591232
48,2079,310523,280709,591232
49,2079,310523,280709,591232
50,2079,310523,280709,591232
51,2079,310523,280709,591232
52,2079,310523,280709,591232
53,2079,310523,280709,591232
54,2079,310523,280709,591232
55,2079,310523,280709,591232
56,2079,310523,280709,591232
57,2079,310523,280709,591232
58,2079,310523,280709,591232
59,2079,310523,280709,591232
60,2079,310523,280709,591232
61,2079,310502,280709,591211
62,2079,310490,280709,591199
63,2079,310629,280709,591338
64,2079,310711,280709,591420
65,2079,310728,280709,591437
66,2079,310677,280709,591386
67,2079,310677,280709,591386
68,2079,310677,280709,591386
69,2079,310609,280709,591318
70,2079,310583,280709,591292
71,2079,310117,280695,590812
72,2079,310465,280709,591174
73,2079,310117,280695,590812
74,2079,310117,280695,590812
75,2079,310117,280695,590812
76,2079,310117,280695,590812
77,2079,310117,280695,590812
78,2079,315589,306728,622317
79,2079,317850,304290,622140
80,2079,315286,304700,619986
81,2079,313486,303270,616756
82,2079,313486,303270,616756
83,2079,313486,303270,616756
84,2079,313486,303270,616756
85,2079,313486,303270,616756
86,2079,313486,303270,616756
87,2079,313486,303270,616756
88,2079,313486,303270,616756
89,2079,313486,303270,616756
90,2079,313486,303270,616756
91,2079,313486,303270,616756
92,2079,313486,303270,616756
93,2079,313486,303270,616756
94,2079,313486,303270,616756
95,2079,313486,303270,616756
96,2079,313486,303270,616756
97,2079,313486,303270,616756
98,2079,313486,303270,616756
99,2079,313486,303270,616756
100,2079,313486,303270,616756
0,2079,292071,275839,567910
1,2079,292089,275900,567989
2,2079,292086,275900,567986
3,2079,292381,275949,568330
4,2079,292447,276194,568641
5,2079,291076,274117,565193
6,2079,291032,274854,565886
7,2079,290997,274886,565883
8,2079,291455,273560,565015
9,2079,292220,275875,568095
10,2079,291207,275214,566421
11,2079,291288,275553,566841
12,2079,293021,276358,569379
13,2079,294152,276089,570241
14,2079,295132,275773,570905
15,2079,295672,275405,571077
16,2079,296009,275276,571285
17,2079,303498,276207,579705
18,2079,304580,277399,581979
19,2079,307593,280366,587959
20,2079,308648,280447,589095
21,2079,309185,280529,589714
22,2079,309411,280647,590058
23,2079,309775,280616,590391
24,2079,309777,280624,590401
25,2079,309777,280624,590401
26,2079,309777,280624,590401
27,2079,309777,280624,590401
28,2079,309777,280624,590401
29,2079,309777,280624,590401
30,2079,309777,280624,590401
31,2079,309777,280624,590401
32,2079,309777,280624,590401
33,2079,309777,280624,590401
34,2079,309777,280624,590401
35,2079,309777,280624,590401
36,2079,309777,280624,590401
37,2079,309777,280616,590393
38,2079,309777,280616,590393
39,2079,309777,280616,590393
40,2079,309777,280616,590393
41,2079,310523,280709,591232
42,2079,310523,280709,591232
43,2079,310523,280709,591232
44,2079,310523,280709,591232
45,2079,310523,280709,591232
46,2079,310523,280709,591232
47,2079,310523,280709,591232
48,2079,310523,280709,591232
49,2079,310523,280709,591232
50,2079,310523,280709,591232
51,2079,310523,280709,591232
52,2079,310523,280709,591232
53,2079,310523,280709,591232
54,2079,310523,280709,591232
55,2079,310523,280709,591232
56,2079,310523,280709,591232
57,2079,310523,280709,591232
58,2079,310523,280709,591232
59,2079,310523,280709,591232
60,2079,310523,280709,591232
61,2079,310502,280709,591211
62,2079,310482,280709,591191
63,2079,310622,280709,591331
64,2079,310711,280709,591420
65,2079,310776,280709,591485
66,2079,310677,280709,591386
67,2079,310677,280709,591386
68,2079,310677,280709,591386
69,2079,310609,280709,591318
70,2079,310583,280709,591292
71,2079,310117,280695,590812
72,2079,310465,280709,591174
73,2079,310117,280695,590812
74,2079,310117,280695,590812
75,2079,310117,280695,590812
76,2079,310117,280695,590812
77,2079,310117,280695,590812
78,2079,319253,303696,622949
79,2079,314882,303302,618184
80,2079,314483,304209,618692
81,2079,313400,302807,616207
82,2079,313400,302807,616207
83,2079,313400,302807,616207
84,2079,313400,302807,616207
85,2079,313400,302807,616207
86,2079,313400,302807,616207
87,2079,313400,302807,616207
88,2079,313400,302807,616207
89,2079,313400,302807,616207
90,2079,313400,302807,616207
91,2079,313400,302807,616207
92,2079,313400,302807,616207
93,2079,313400,302807,616207
94,2079,313400,302807,616207
95,2079,313400,302807,616207
96,2079,313400,302807,616207
97,2079,313400,302807,616207
98,2079,313400,302807,616207
99,2079,313400,302807,616207
100,2079,313400,302807,616207
0,2079,291929,276118,568047
1,2079,292050,276184,568234
2,2079,292024,276184,568208
3,2079,292099,275673,567772
4,2079,291120,275219,566339
5,2079,290898,274381,565279
6,2079,290201,274869,565070
7,2079,289966,274416,564382
8,2079,293136,274868,568004
9,2079,292151,275983,568134
10,2079,291191,275417,566608
11,2079,292570,276264,568834
12,2079,292503,275712,568215
13,2079,293667,275662,569329
14,2079,296166,275731,571897
15,2079,295497,275115,570612
16,2079,296079,275458,571537
17,2079,303229,276582,579811
18,2079,304477,277399,581876
19,2079,306568,280199,586767
20,2079,308456,280490,588946
21,2079,309412,280464,589876
22,2079,309419,280647,590066
23,2079,309775,280624,590399
24,2079,309777,280624,590401
25,2079,309777,280624,590401
26,2079,309777,280624,590401
27,2079,309777,280624,590401
28,2079,309777,280624,590401
29,2079,309777,280624,590401
30,2079,309777,280624,590401
31,2079,309777,280624,590401
32,2079,309777,280624,590401
33,2079,309777,280624,590401
34,2079,309777,280624,590401
35,2079,309777,280624,590401
36,2079,309777,280624,590401
37,2079,309777,280624,590401
38,2079,309777,280624,590401
39,2079,309777,280624,590401
40,2079,309777,280624,590401
41,2079,310523,280709,591232
42,2079,310523,280709,591232
43,2079,310523,280709,591232
44,2079,310523,280709,591232
45,2079,310523,280709,591232
46,2079,310523,280709,591232
47,2079,310523,280709,591232
48,2079,310523,280709,591232
49,2079,310523,280709,591232
50,2079,310523,280709,591232
51,2079,310523,280709,591232
52,2079,310523,280709,591232
53,2079,310523,280709,591232
54,2079,310523,280709,591232
55,2079,310523,280709,591232
56,2079,310523,280709,591232
57,2079,310523,280709,591232
58,2079,310523,280709,591232
59,2079,310523,280709,591232
60,2079,310523,280709,591232
61,2079,310502,280709,591211
62,2079,310542,280709,591251
63,2079,310622,280709,591331
64,2079,310711,280709,591420
65,2079,310776,280709,591485
66,2079,310677,280709,591386
67,2079,310677,280709,591386
68,2079,310677,280709,591386
69,2079,310609,280709,591318
70,2079,310583,280709,591292
71,2079,310117,280695,590812
72,2079,310465,280709,591174
73,2079,310117,280695,590812
74,2079,310117,280695,590812
75,2079,310117,280695,590812
76,2079,310117,280695,590812
77,2079,310117,280695,590812
78,2079,315391,302409,617800
79,2079,313281,301886,615167
80,2079,313582,303403,616985
81,2079,313300,302781,616081
82,2079,313300,302781,616081
83,2079,313300,302781,616081
84,2079,313300,302781,616081
85,2079,313300,302781,616081
86,2079,313300,302781,616081
87,2079,313300,302781,616081
88,2079,313300,302781,616081
89,2079,313300,302781,616081
90,2079,313300,302781,616081
91,2079,313300,302781,616081
92,2079,313300,302781,616081
93,2079,313300,302781,616081
94,2079,313300,302781,616081
95,2079,313300,302781,616081
96,2079,313300,302781,616081
97,2079,313300,302781,616081
98,2079,313300,302781,616081
99,2079,313300,302781,616081
100,2079,313300,302781,616081
0,2079,290678,274865,565543
1,2079,290646,274600,565246
2,2079,290646,274600,565246
3,2079,292028,275935,567963
4,2079,290806,274931,565737
5,2079,291693,275335,567028
6,2079,289512,272972,562484
7,2079,289426,272773,562199
8,2079,292970,275895,568865
9,2079,292042,275514,567556
10,2079,292198,275741,567939
11,2079,291715,275941,567656
12,2079,292280,275815,568095
13,2079,293958,275737,569695
14,2079,295390,275951,571341
15,2079,295576,275625,571201
16,2079,296316,275830,572146
17,2079,302965,276281,579246
18,2079,304630,277408,582038
19,2079,305272,279385,584657
20,2079,308843,280475,589318
21,2079,308966,280464,589430
22,2079,309419,280616,590035
23,2079,309775,280616,590391
24,2079,309777,280616,590393
25,2079,309777,280616,590393
26,2079,309777,280616,590393
27,2079,309777,280616,590393
28,2079,309777,280616,590393
29,2079,309777,280616,590393
30,2079,309777,280616,590393
31,2079,309777,280616,590393
32,2079,309777,280616,590393
33,2079,309777,280616,590393
34,2079,309777,280616,590393
35,2079,309777,280616,590393
36,2079,309777,280616,590393
37,2079,309777,280616,590393
38,2079,309777,280616,590393
39,2079,309777,280616,590393
40,2079,309777,280616,590393
41,2079,310523,280709,591232
42,2079,310523,280709,591232
43,2079,310523,280709,591232
44,2079,310523,280709,591232
45,2079,310523,280709,591232
46,2079,310523,280709,591232
47,2079,310523,280709,591232
48,2079,310523,280709,591232
49,2079,310523,280709,591232
50,2079,310523,280709,591232
51,2079,310523,280709,591232
52,2079,310523,280709,591232
53,2079,310523,280709,591232
54,2079,310523,280709,591232
55,2079,310523,280709,591232
56,2079,310523,280709,591232
57,2079,310523,280709,591232
58,2079,310523,280709,591232
59,2079,310523,280709,591232
60,2079,310523,280709,591232
61,2079,310502,280709,591211
62,2079,310490,280709,591199
63,2079,310629,280709,591338
64,2079,310711,280709,591420
65,2079,310776,280709,591485
66,2079,310677,280709,591386
67,2079,310677,280709,591386
68,2079,310677,280709,591386
69,2079,310609,280709,591318
70,2079,310583,280709,591292
71,2079,310117,280695,590812
72,2079,310465,280709,591174
73,2079,310117,280695,590812
74,2079,310117,280695,590812
75,2079,310117,280695,590812
76,2079,310117,280695,590812
77,2079,310117,280695,590812
78,2079,314163,302133,616296
79,2079,313574,301568,615142
80,2079,313325,302887,616212
81,2079,314143,304623,618766
82,2079,314143,304623,618766
83,2079,314143,304623,618766
84,2079,314143,304623,618766
85,2079,314143,304623,618766
86,2079,314143,304623,618766
87,2079,314143,304623,618766
88,2079,314143,304623,618766
89,2079,314143,304623,618766
90,2079,314143,304623,618766
91,2079,314143,304623,618766
92,2079,314143,304623,618766
93,2079,314143,304623,618766
94,2079,314143,304623,618766
95,2079,314143,304623,618766
96,2079,314143,304623,618766
97,2079,314143,304623,618766
98,2079,314143,304623,618766
99,2079,314143,304623,618766
100,2079,314143,304623,618766
0,2079,289630,273527,563157
1,2079,289084,272978,562062
2,2079,289096,272978,562074
3,2079,291944,275546,567490
4,2079,290744,274239,564983
5,2079,292628,276596,569224
6,2079,290215,273130,563345
7,2079,290379,273170,563549
8,2079,292789,275868,568657
9,2079,292007,275599,567606
10,2079,292516,276305,568821
11,2079,291831,275642,567473
12,2079,293193,276213,569406
13,2079,294133,275848,569981
14,2079,294756,275557,570313
15,2079,295875,275849,571724
16,2079,296104,275804,571908
17,2079,302976,276373,579349
18,2079,304434,277399,581833
19,2079,305026,279291,584317
20,2079,308802,280475,589277
21,2079,308820,280514,589334
22,2079,309407,280616,590023
23,2079,309775,280624,590399
24,2079,309777,280624,590401
25,2079,309777,280624,590401
26,2079,309777,280624,590401
27,2079,309777,280624,590401
28,2079,309777,280624,590401
29,2079,309777,280624,590401
30,2079,309777,280624,590401
31,2079,309777,280624,590401
32,2079,309777,280624,590401
33,2079,309777,280624,590401
34,2079,309777,280624,590401
35,2079,309777,280624,590401
36,2079,309777,280624,590401
37,2079,309777,280616,590393
38,2079,309777,280616,590393
39,2079,309777,280616,590393
40,2079,309777,280616,590393
41,2079,310523,280709,591232
42,2079,310523,280709,591232
43,2079,310523,280709,591232
44,2079,310523,280709,591232
45,2079,310523,280709,591232
46,2079,310523,280709,591232
47,2079,310523,280709,591232
48,2079,310523,280709,591232
49,2079,310523,280709,591232
50,2079,310523,280709,591232
51,2079,310523,280709,591232
52,2079,310523,280709,591232
53,2079,310523,280709,591232
54,2079,310523,280709,591232
55,2079,310523,280709,591232
56,2079,310523,280709,591232
57,2079,310523,280709,591232
58,2079,310523,280709,591232
59,2079,310523,280709,591232
60,2079,310523,280709,591232
61,2079,310502,280709,591211
62,2079,310482,280709,591191
63,2079,310629,280709,591338
64,2079,310711,280709,591420
65,2079,310776,280709,591485
66,2079,310677,280709,591386
67,2079,310677,280709,591386
68,2079,310677,280709,591386
69,2079,310609,280709,591318
70,2079,310583,280709,591292
71,2079,310117,280695,590812
72,2079,310465,280709,591174
73,2079,310117,280695,590812
74,2079,310117,280695,590812
75,2079,310117,280695,590812
76,2079,310117,280695,590812
77,2079,310117,280695,590812
78,2079,312824,302255,615079
79,2079,312361,301855,614216
80,2079,313545,304204,617749
81,2079,315175,307024,622199
82,2079,315175,307024,622199
83,2079,315175,307024,622199
84,2079,315175,307024,622199
85,2079,315175,307024,622199
86,2079,315175,307024,622199
87,2079,315175,307024,622199
88,2079,315175,307024,622199
89,2079,315175,307024,622199
90,2079,315175,307024,622199
91,2079,315175,307024,622199
92,2079,315175,307024,622199
93,2079,315175,307024,622199
94,2079,315175,307024,622199
95,2079,315175,307024,622199
96,2079,315175,307024,622199
97,2079,315175,307024,622199
98,2079,315175,307024,622199
99,2079,315175,307024,622199
100,2079,315175,307024,622199
0,2079,289931,272729,562660
1,2079,289934,272911,562845
2,2079,289982,272952,562934
3,2079,292195,275576,567771
4,2079,291187,274432,565619
5,2079,291032,274005,565037
6,2079,290574,273727,564301
7,2079,291554,273847,565401
8,2079,292191,275275,567466
9,2079,292300,275900,568200
10,2079,291218,275119,566337
11,2079,292350,275661,568011
12,2079,292533,276111,568644
13,2079,294243,276045,570288
14,2079,294509,275322,569831
15,2079,295696,275954,571650
16,2079,295745,275365,571110
17,2079,302787,276624,579411
18,2079,304700,277408,582108
19,2079,305830,279172,585002
20,2079,308798,280475,589273
21,2079,308721,280514,589235
22,2079,309400,280616,590016
23,2079,309775,280624,590399
24,2079,309777,280624,590401
25,2079,309777,280624,590401
26,2079,309777,280624,590401
27,2079,309777,280624,590401
28,2079,309777,280624,590401
29,2079,309777,280624,590401
30,2079,309777,280624,590401
31,2079,309777,280624,590401
32,2079,309777,280624,590401
33,2079,309777,280624,590401
34,2079,309777,280624,590401
35,2079,309777,280624,590401
36,2079,309777,280624,590401
37,2079,309777,280624,590401
38,2079,309777,280624,590401
39,2079,309777,280624,590401
40,2079,309777,280624,590401
41,2079,310523,280709,591232
42,2079,310523,280709,591232
43,2079,310523,280709,591232
44,2079,310523,280709,591232
45,2079,310523,280709,591232
46,2079,310523,280709,591232
47,2079,310523,280709,591232
48,2079,310523,280709,591232
49,2079,310523,280709,591232
50,2079,310523,280709,591232
51,2079,310523,280709,591232
52,2079,310523,280709,591232
53,2079,310523,280709,591232
54,2079,310523,280709,591232
55,2079,310523,280709,591232
56,2079,310523,280709,591232
57,2079,310523,280709,591232
58,2079,310523,280709,591232
59,2079,310523,280709,591232
60,2079,310523,280709,591232
61,2079,310502,280709,591211
62,2079,310542,280709,591251
63,2079,310622,280709,591331
64,2079,310711,280709,591420
65,2079,310776,280709,591485
66,2079,310677,280709,591386
67,2079,310677,280709,591386
68,2079,310677,280709,591386
69,2079,310609,280709,591318
70,2079,310583,280709,591292
71,2079,310117,280695,590812
72,2079,310465,280709,591174
73,2079,310117,280695,590812
74,2079,310117,280695,590812
75,2079,310117,280695,590812
76,2079,310117,280695,590812
77,2079,310117,280695,590812
78,2079,314312,303031,617343
79,2079,314087,303226,617313
80,2079,313783,305497,619280
81,2079,319234,305827,625061
82,2079,319234,305827,625061
83,2079,319234,305827,625061
84,2079,319234,305827,625061
85,2079,319234,305827,625061
86,2079,319234,305827,625061
87,2079,319234,305827,625061
88,2079,319234,305827,625061
89,2079,319234,305827,625061
90,2079,319234,305827,625061
91,2079,319234,305827,625061
92,2079,319234,305827,625061
93,2079,319234,305827,625061
94,2079,319234,305827,625061
95,2079,319234,305827,625061
96,2079,319234,305827,625061
97,2079,319234,305827,625061
98,2079,319234,305827,625061
99,2079,319234,305827,625061
100,2079,319234,305827,625061
0,2079,290389,273324,563713
1,2079,290357,273423,563780
2,2079,290327,273499,563826
3,2079,292216,275829,568045
4,2079,292652,275969,568621
5,2079,290429,274160,564589
6,2079,291995,274742,566737
7,2079,293131,275594,568725
8,2079,292310,275603,567913
9,2079,292239,275895,568134
10,2079,291305,275231,566536
11,2079,292658,276470,569128
12,2079,291894,275712,567606
13,2079,293818,275668,569486
14,2079,294959,275664,570623
15,2079,295329,275541,570870
16,2079,296065,275365,571430
17,2079,302452,276309,578761
18,2079,304434,277399,581833
19,2079,307640,279219,586859
20,2079,308797,280475,589272
21,2079,309191,280529,589720
22,2079,309411,280647,590058
23,2079,309775,280624,590399
24,2079,309777,280624,590401
25,2079,309777,280624,590401
26,2079,309777,280624,590401
27,2079,309777,280624,590401
28,2079,309777,280624,590401
29,2079,309777,280624,590401
30,2079,309777,280624,590401
31,2079,309777,280624,590401
32,2079,309777,280624,590401
33,2079,309777,280624,590401
34,2079,309777,280624,590401
35,2079,309777,280624,590401
36,2079,309777,280624,590401
37,2079,309777,280624,590401
38,2079,309777,280624,590401
39,2079,309777,280624,590401
40,2079,309777,280624,590401
41,2079,310523,280709,591232
42,2079,310523,280709,591232
43,2079,310523,280709,591232
44,2079,310523,280709,591232
45,2079,310523,280709,591232
46,2079,310523,280709,591232
47,2079,310523,280709,591232
48,2079,310523,280709,591232
49,2079,310523,280709,591232
50,2079,310523,280709,591232
51,2079,310523,280709,591232
52,2079,310523,280709,591232
53,2079,310523,280709,591232
54,2079,310523,280709,591232
55,2079,310523,280709,591232
56,2079,310523,280709,591232
57,2079,310523,280709,591232
58,2079,310523,280709,591232
59,2079,310523,280709,591232
60,2079,310523,280709,591232
61,2079,310502,280709,591211
62,2079,310490,280709,591199
63,2079,310622,280709,591331
64,2079,310711,280709,591420
65,2079,310776,280709,591485
66,2079,310677,280709,591386
67,2079,310677,280709,591386
68,2079,310677,280709,591386
69,2079,310609,280709,591318
70,2079,310583,280709,591292
71,2079,310117,280695,590812
72,2079,310465,280709,591174
73,2079,310117,280695,590812
74,2079,310117,280695,590812
75,2079,310117,280695,590812
76,2079,310117,280695,590812
77,2079,310117,280695,590812
78,2079,314565,303350,617915
79,2079,315463,303836,619299
80,2079,315597,307591,623188
81,2079,318475,306338,624813
82,2079,318475,306338,624813
83,2079,318475,306338,624813
84,2079,318475,306338,624813
85,2079,318475,306338,624813
86,2079,318475,306338,624813
87,2079,318475,306338,624813
88,2079,318475,306338,624813
89,2079,318475,306338,624813
90,2079,318475,306338,624813
91,2079,318475,306338,624813
92,2079,318475,306338,624813
93,2079,318475,306338,624813
94,2079,318475,306338,624813
95,2079,318475,306338,624813
96,2079,318475,306338,624813
97,2079,318475,306338,624813
98,2079,318475,306338,624813
99,2079,318475,306338,624813
100,2079,318475,306338,624813
0,2079,291577,274118,565695
1,2079,291704,274059,565763
2,2079,291728,274070,565798
3,2079,292172,275866,568038
4,2079,292520,275795,568315
5,2079,290894,274103,564997
6,2079,293029,275653,568682
7,2079,293002,275585,568587
8,2079,292514,276161,568675
9,2079,292060,275434,567494
10,2079,292373,275869,568242
11,2079,291521,275321,566842
12,2079,292700,275905,568605
13,2079,293942,275538,569480
14,2079,295205,275997,571202
15,2079,296250,275426,571676
16,2079,296330,275907,572237
17,2079,302651,276235,578886
18,2079,304622,277408,582030
19,2079,308470,279310,587780
20,2079,308804,280475,589279
21,2079,309404,280464,589868
22,2079,309411,280647,590058
23,2079,309775,280624,590399
24,2079,309777,280624,590401
25,2079,309777,280624,590401
26,2079,309777,280624,590401
27,2079,309777,280624,590401
28,2079,309777,280624,590401
29,2079,309777,280624,590401
30,2079,309777,280624,590401
31,2079,309777,280624,590401
32,2079,309777,280624,590401
33,2079,309777,280624,590401
34,2079,309777,280624,590401
35,2079,309777,280624,590401
36,2079,309777,280624,590401
37,2079,309777,280624,590401
38,2079,309777,280624,590401
39,2079,309777,280624,590401
40,2079,309777,280624,590401
41,2079,310523,280709,591232
42,2079,310523,280709,591232
43,2079,310523,280709,591232
44,2079,310523,280709,591232
45,2079,310523,280709,591232
46,2079,310523,280709,591232
47,2079,310523,280709,591232
48,2079,310523,280709,591232
49,2079,310523,280709,591232
50,2079,310523,280709,591232
51,2079,310523,280709,591232
52,2079,310523,280709,591232
53,2079,310523,280709,591232
54,2079,310523,280709,591232
55,2079,310523,280709,591232
56,2079,310523,280709,591232
57,2079,310523,280709,591232
58,2079,310523,280709,591232
59,2079,310523,280709,591232
60,2079,310523,280709,591232
61,2079,310502,280709,591211
62,2079,310482,280709,591191
63,2079,310629,280709,591338
64,2079,310711,280709,591420
65,2079,310776,280709,591485
66,2079,310677,280709,591386
67,2079,310677,280709,591386
68,2079,310677,280709,591386
69,2079,310609,280709,591318
70,2079,310583,280709,591292
71,2079,310117,280695,590812
72,2079,310465,280709,591174
73,2079,310117,280695,590812
74,2079,310117,280695,590812
75,2079,310117,280695,590812
76,2079,310117,280695,590812
77,2079,310117,280695,590812
78,2079,314748,304905,619653
79,2079,315681,305040,620721
80,2079,320100,305595,625695
81,2079,319150,304796,623946
82,2079,319150,304796,623946
83,2079,319150,304796,623946
84,2079,319150,304796,623946
85,2079,319150,304796,623946
86,2079,319150,304796,623946
87,2079,319150,304796,623946
88,2079,319150,304796,623946
89,2079,319150,304796,623946
90,2079,319150,304796,623946
91,2079,319150,304796,623946
92,2079,319150,304796,623946
93,2079,319150,304796,623946
94,2079,319150,304796,623946
95,2079,319150,304796,623946
96,2079,319150,304796,623946
97,2079,319150,304796,623946
98,2079,319150,304796,623946
99,2079,319150,304796,623946
100,2079,319150,304796,623946
0,2079,292691,275252,567943
1,2079,292737,275408,568145
2,2079,292737,275396,568133
3,2079,291909,275660,567569
4,2079,292434,275675,568109
5,2079,292224,276129,568353
6,2079,292989,275830,568819
7,2079,292884,275778,568662
8,2079,291224,275620,566844
9,2079,291990,275557,567547
10,2079,292433,276415,568848
11,2079,291391,275660,567051
12,2079,293221,276798,570019
13,2079,294261,275802,570063
14,2079,297791,275834,573625
15,2079,295951,275686,571637
16,2079,296030,275683,571713
17,2079,302367,276387,578754
18,2079,304434,277399,581833
19,2079,309346,279536,588882
20,2079,308804,280475,589279
21,2079,308966,280464,589430
22,2079,309411,280616,590027
23,2079,309775,280624,590399
24,2079,309777,280624,590401
25,2079,309777,280624,590401
26,2079,309777,280624,590401
27,2079,309777,280624,590401
28,2079,309777,280624,590401
29,2079,309777,280624,590401
30,2079,309777,280624,590401
31,2079,309777,280624,590401
32,2079,309777,280624,590401
33,2079,309777,280624,590401
34,2079,309777,280624,590401
35,2079,309777,280624,590401
36,2079,309777,280624,590401
37,2079,309777,280624,590401
38,2079,309777,280624,590401
39,2079,309777,280624,590401
40,2079,309777,280624,590401
41,2079,310523,280709,591232
42,2079,310523,280709,591232
43,2079,310523,280709,591232
44,2079,310523,280709,591232
45,2079,310523,280709,591232
46,2079,310523,280709,591232
47,2079,310523,280709,591232
48,2079,310523,280709,591232
49,2079,310523,280709,591232
50,2079,310523,280709,591232
51,2079,310523,280709,591232
52,2079,310523,280709,591232
53,2079,310523,280709,591232
54,2079,310523,280709,591232
55,2079,310523,280709,591232
56,2079,310523,280709,591232
57,2079,310523,280709,591232
58,2079,310523,280709,591232
59,2079,310523,280709,591232
60,2079,310523,280709,591232
61,2079,310502,280709,591211
62,2079,310542,280709,591251
63,2079,310629,280709,591338
64,2079,310711,280709,591420
65,2079,310776,280709,591485
66,2079,310677,280709,591386
67,2079,310677,280709,591386
68,2079,310677,280709,591386
69,2079,310609,280709,591318
70,2079,310583,280709,591292
71,2079,310117,280695,590812
72,2079,310465,280709,591174
73,2079,310117,280695,590812
74,2079,310117,280695,590812
75,2079,310117,280695,590812
76,2079,310117,280695,590812
77,2079,310117,280695,590812
78,2079,315901,306651,622552
79,2079,316557,307162,623719
80,2079,319112,306085,625197
81,2079,317302,305907,623209
82,2079,317302,305907,623209
83,2079,317302,305907,623209
84,2079,317302,305907,623209
85,2079,317302,305907,623209
86,2079,317302,305907,623209
87,2079,317302,305907,623209
88,2079,317302,305907,623209
89,2079,317302,305907,623209
90,2079,317302,305907,623209
91,2079,317302,305907,623209
92,2079,317302,305907,623209
93,2079,317302,305907,623209
94,2079,317302,305907,623209
95,2079,317302,305907,623209
96,2079,317302,305907,623209
97,2079,317302,305907,623209
98,2079,317302,305907,623209
99,2079,317302,305907,623209
100,2079,317302,305907,623209
0,2080,292160,275407,567567
1,2080,292160,275407,567567
2,2080,292156,275407,567563
3,2080,292317,275433,567750
4,2080,292459,275435,567894
5,2080,292604,275460,568064
6,2080,292715,275538,568253
7,2080,292699,275529,568228
8,2080,292688,275503,568191
9,2080,292689,275485,568174
10,2080,292704,275551,568255
11,2080,292828,275972,568800
12,2080,293342,276256,569598
13,2080,293719,276375,570094
14,2080,293758,276281,570039
15,2080,293823,276272,570095
16,2080,294123,276355,570478
17,2080,294561,276410,570971
18,2080,295789,276733,572522
19,2080,296731,278188,574919
20,2080,296795,278225,575020
21,2080,296833,278284,575117
22,2080,296862,278532,575394
23,2080,296890,278545,575435
24,2080,296890,278545,575435
25,2080,296890,278545,575435
26,2080,296890,278545,575435
27,2080,296890,278545,575435
28,2080,296890,278545,575435
29,2080,296890,278545,575435
30,2080,296890,278545,575435
31,2080,296890,278545,575435
32,2080,296890,278545,575435
33,2080,296890,278545,575435
34,2080,296890,278545,575435
35,2080,296890,278545,575435
36,2080,296890,278545,575435
37,2080,296890,278545,575435
38,2080,296890,278545,575435
39,2080,296890,278545,575435
40,2080,296890,278545,575435
41,2080,296890,278545,575435
42,2080,296890,278545,575435
43,2080,296890,278545,575435
44,2080,296890,278545,575435
45,2080,296890,278545,575435
46,2080,296881,278545,575426
47,2080,296873,278545,575418
48,2080,296873,278545,575418
49,2080,296873,278545,575418
50,2080,296873,278545,575418
51,2080,296873,278595,575468
52,2080,296873,278595,575468
53,2080,296873,278595,575468
54,2080,296873,278595,575468
55,2080,296873,278595,575468
56,2080,296873,278595,575468
57,2080,296873,278595,575468
58,2080,296873,278595,575468
59,2080,296873,278595,575468
60,2080,296873,278595,575468
61,2080,296873,278595,575468
62,2080,296873,278595,575468
63,2080,296873,278595,575468
64,2080,296825,278595,575420
65,2080,296825,278595,575420
66,2080,296738,278595,575333
67,2080,296738,278595,575333
68,2080,296472,278595,575067
69,2080,296377,278595,574972
70,2080,296237,278595,574832
71,2080,295800,278595,574395
72,2080,295800,278595,574395
73,2080,295461,278595,574056
74,2080,295423,278595,574018
75,2080,295423,278595,574018
76,2080,295423,278595,574018
77,2080,295423,278595,574018
78,2080,295423,279554,574977
79,2080,295423,279363,574786
80,2080,295423,279614,575037
81,2080,295423,279743,575166
82,2080,295423,279743,575166
83,2080,295423,279743,575166
84,2080,295423,279743,575166
85,2080,295423,279743,575166
86,2080,295423,279743,575166
87,2080,295423,279743,575166
88,2080,295423,279743,575166
89,2080,295423,279743,575166
90,2080,295423,279743,575166
91,2080,295423,279743,575166
92,2080,295423,279743,575166
93,2080,295423,279743,575166
94,2080,295423,279743,575166
95,2080,295423,279743,575166
96,2080,295423,279743,575166
97,2080,295423,279743,575166
98,2080,295423,279743,575166
99,2080,295423,279743,575166
100,2080,295423,279743,575166
0,2080,292266,275259,567525
1,2080,292266,275259,567525
2,2080,292259,275259,567518
3,2080,292436,275274,567710
4,2080,292615,275193,567808
5,2080,292741,275299,568040
6,2080,292868,275406,568274
7,2080,292842,275390,568232
8,2080,292820,275364,568184
9,2080,292815,275344,568159
10,2080,292810,275474,568284
11,2080,292862,275699,568561
12,2080,293184,275754,568938
13,2080,293704,275708,569412
14,2080,293937,275800,569737
15,2080,294124,275792,569916
16,2080,294466,275859,570325
17,2080,295672,275850,571522
18,2080,297964,276497,574461
19,2080,298821,278322,577143
20,2080,299958,278491,578449
21,2080,300126,278538,578664
22,2080,300128,279006,579134
23,2080,300136,279020,579156
24,2080,300136,279020,579156
25,2080,300136,279020,579156
26,2080,300136,279020,579156
27,2080,300136,279020,579156
28,2080,300136,279020,579156
29,2080,300136,279020,579156
30,2080,300136,279020,579156
31,2080,300136,279020,579156
32,2080,300136,279020,579156
33,2080,300136,279020,579156
34,2080,300136,279020,579156
35,2080,300136,279020,579156
36,2080,300136,279020,579156
37,2080,300136,279020,579156
38,2080,300136,279020,579156
39,2080,300136,279020,579156
40,2080,300136,279020,579156
41,2080,300136,279020,579156
42,2080,300136,279020,579156
43,2080,300136,279020,579156
44,2080,300538,279020,579558
45,2080,300538,279020,579558
46,2080,300536,279020,579556
47,2080,300528,279020,579548
48,2080,300528,279020,579548
49,2080,300528,279020,579548
50,2080,300528,279020,579548
51,2080,300528,279059,579587
52,2080,300528,279059,579587
53,2080,300528,279059,579587
54,2080,300528,279059,579587
55,2080,300528,279059,579587
56,2080,300528,279059,579587
57,2080,300528,279059,579587
58,2080,300528,279059,579587
59,2080,300528,279059,579587
60,2080,300528,279059,579587
61,2080,300528,279059,579587
62,2080,300528,279059,579587
63,2080,300528,279059,579587
64,2080,300557,279059,579616
65,2080,300557,279059,579616
66,2080,300066,279059,579125
67,2080,300008,279059,579067
68,2080,299613,279059,578672
69,2080,299663,279059,578722
70,2080,299415,279037,578452
71,2080,298888,279037,577925
72,2080,298782,279037,577819
73,2080,298283,278963,577246
74,2080,298238,278963,577201
75,2080,298238,278963,577201
76,2080,298238,278963,577201
77,2080,298238,278963,577201
78,2080,298344,280269,578613
79,2080,298259,280078,578337
80,2080,298344,280826,579170
81,2080,298338,280568,578906
82,2080,298338,280568,578906
83,2080,298338,280568,578906
84,2080,298338,280568,578906
85,2080,298338,280568,578906
86,2080,298338,280568,578906
87,2080,298338,280568,578906
88,2080,298338,280568,578906
89,2080,298338,280568,578906
90,2080,298338,280568,578906
91,2080,298338,280568,578906
92,2080,298338,280568,578906
93,2080,298338,280568,578906
94,2080,298338,280568,578906
95,2080,298338,280568,578906
96,2080,298338,280568,578906
97,2080,298338,280568,578906
98,2080,298338,280568,578906
99,2080,298338,280568,578906
100,2080,298338,280568,578906
0,2080,292274,275413,567687
1,2080,292274,275413,567687
2,2080,292266,275413,567679
3,2080,292417,275347,567764
4,2080,292716,275394,568110
5,2080,292856,275450,568306
6,2080,292910,275526,568436
7,2080,292866,275510,568376
8,2080,292838,275471,568309
9,2080,292865,275477,568342
10,2080,292819,275561,568380
11,2080,292909,275804,568713
12,2080,293366,276259,569625
13,2080,294527,276216,570743
14,2080,294776,276418,571194
15,2080,295034,276413,571447
16,2080,296135,276482,572617
17,2080,297419,276524,573943
18,2080,299982,276890,576872
19,2080,300697,278092,578789
20,2080,300794,278561,579355
21,2080,301474,278636,580110
22,2080,301310,278941,580251
23,2080,301326,278955,580281
24,2080,301326,278955,580281
25,2080,301326,278955,580281
26,2080,301326,278955,580281
27,2080,301326,278955,580281
28,2080,301326,278955,580281
29,2080,301326,278955,580281
30,2080,301326,278955,580281
31,2080,301326,278955,580281
32,2080,301326,278955,580281
33,2080,301326,278955,580281
34,2080,301326,278955,580281
35,2080,301326,278955,580281
36,2080,301326,278955,580281
37,2080,301326,278955,580281
38,2080,301326,278955,580281
39,2080,301326,278955,580281
40,2080,301326,278955,580281
41,2080,301326,278955,580281
42,2080,301326,278955,580281
43,2080,301333,278955,580288
44,2080,303077,279111,582188
45,2080,303077,279111,582188
46,2080,302118,279111,581229
47,2080,302109,279111,581220
48,2080,302109,279111,581220
49,2080,302109,279111,581220
50,2080,302109,279111,581220
51,2080,302109,279149,581258
52,2080,302109,279149,581258
53,2080,302109,279149,581258
54,2080,302109,279149,581258
55,2080,302109,279149,581258
56,2080,302109,279149,581258
57,2080,302109,279149,581258
58,2080,302109,279149,581258
59,2080,302109,279149,581258
60,2080,302109,279149,581258
61,2080,302109,279149,581258
62,2080,302109,279149,581258
63,2080,302109,279149,581258
64,2080,303056,279149,582205
65,2080,303056,279149,582205
66,2080,301751,278994,580745
67,2080,301764,278926,580690
68,2080,301625,278926,580551
69,2080,301693,278926,580619
70,2080,301698,278926,580624
71,2080,302699,279051,581750
72,2080,302614,279051,581665
73,2080,301717,279129,580846
74,2080,301717,279129,580846
75,2080,301717,279129,580846
76,2080,301717,279129,580846
77,2080,301717,279129,580846
78,2080,301618,283834,585452
79,2080,301588,283520,585108
80,2080,301523,283856,585379
81,2080,301545,283856,585401
82,2080,301545,283856,585401
83,2080,301545,283856,585401
84,2080,301545,283856,585401
85,2080,301545,283856,585401
86,2080,301545,283856,585401
87,2080,301545,283856,585401
88,2080,301545,283856,585401
89,2080,301545,283856,585401
90,2080,301545,283856,585401
91,2080,301545,283856,585401
92,2080,301545,283856,585401
93,2080,301545,283856,585401
94,2080,301545,283856,585401
95,2080,301545,283856,585401
96,2080,301545,283856,585401
97,2080,301545,283856,585401
98,2080,301545,283856,585401
99,2080,301545,283856,585401
100,2080,301545,283856,585401
0,2080,292099,274901,567000
1,2080,292099,274901,567000
2,2080,292091,274901,566992
3,2080,292300,274901,567201
4,2080,292463,274931,567394
5,2080,292518,274983,567501
6,2080,292615,275035,567650
7,2080,292607,275057,567664
8,2080,292601,275043,567644
9,2080,292574,275024,567598
10,2080,292549,275055,567604
11,2080,292624,275339,567963
12,2080,293047,275490,568537
13,2080,294584,275590,570174
14,2080,295239,275679,570918
15,2080,297561,275661,573222
16,2080,296031,275360,571391
17,2080,298511,275281,573792
18,2080,300960,276311,577271
19,2080,318140,278178,596318
20,2080,318570,278704,597274
21,2080,307169,279147,586316
22,2080,306963,279195,586158
23,2080,307025,279209,586234
24,2080,307025,279209,586234
25,2080,307025,279209,586234
26,2080,307025,279209,586234
27,2080,307025,279209,586234
28,2080,307025,279209,586234
29,2080,307025,279209,586234
30,2080,307025,279209,586234
31,2080,307025,279209,586234
32,2080,307025,279209,586234
33,2080,307025,279209,586234
34,2080,307025,279209,586234
35,2080,307025,279209,586234
36,2080,307025,279209,586234
37,2080,307025,279209,586234
38,2080,307025,279209,586234
39,2080,307025,279209,586234
40,2080,307025,279209,586234
41,2080,307025,279209,586234
42,2080,307025,279209,586234
43,2080,307025,279209,586234
44,2080,309401,279433,588834
45,2080,309401,279433,588834
46,2080,308138,279364,587502
47,2080,308207,279364,587571
48,2080,308207,279364,587571
49,2080,308207,279364,587571
50,2080,308207,279364,587571
51,2080,308198,279402,587600
52,2080,308198,279402,587600
53,2080,308198,279402,587600
54,2080,308198,279402,587600
55,2080,308198,279402,587600
56,2080,308198,279402,587600
57,2080,308198,279402,587600
58,2080,308198,279402,587600
59,2080,308198,279402,587600
60,2080,308198,279402,587600
61,2080,308198,279402,587600
62,2080,308198,279402,587600
63,2080,308198,279402,587600
64,2080,309449,279472,588921
65,2080,309538,279472,589010
66,2080,307947,279400,587347
67,2080,308227,279400,587627
68,2080,307618,279138,586756
69,2080,307735,279232,586967
70,2080,307742,279123,586865
71,2080,309127,279187,588314
72,2080,308751,279129,587880
73,2080,307179,279129,586308
74,2080,307179,279129,586308
75,2080,307179,279129,586308
76,2080,307179,279129,586308
77,2080,307179,279129,586308
78,2080,306934,286413,593347
79,2080,306862,284996,591858
80,2080,306855,286432,593287
81,2080,306855,286432,593287
82,2080,306855,286432,593287
83,2080,306855,286432,593287
84,2080,306855,286432,593287
85,2080,306855,286432,593287
86,2080,306855,286432,593287
87,2080,306855,286432,593287
88,2080,306855,286432,593287
89,2080,306855,286432,593287
90,2080,306855,286432,593287
91,2080,306855,286432,593287
92,2080,306855,286432,593287
93,2080,306855,286432,593287
94,2080,306855,286432,593287
95,2080,306855,286432,593287
96,2080,306855,286432,593287
97,2080,306855,286432,593287
98,2080,306855,286432,593287
99,2080,306855,286432,593287
100,2080,306855,286432,593287
0,2080,292414,276267,568681
1,2080,292414,276267,568681
2,2080,292410,276267,568677
3,2080,292524,276267,568791
4,2080,292770,276374,569144
5,2080,292782,276405,569187
6,2080,292777,275836,568613
7,2080,292789,275833,568622
8,2080,292809,276105,568914
9,2080,292817,276218,569035
10,2080,292752,276008,568760
11,2080,292786,276013,568799
12,2080,292637,275836,568473
13,2080,294207,275567,569774
14,2080,297544,275452,572996
15,2080,296712,275491,572203
16,2080,295873,275344,571217
17,2080,298696,275638,574334
18,2080,308040,277244,585284
19,2080,310244,279250,589494
20,2080,310992,279343,590335
21,2080,309447,279369,588816
22,2080,309498,279517,589015
23,2080,309548,279517,589065
24,2080,309548,279517,589065
25,2080,309548,279517,589065
26,2080,309548,279517,589065
27,2080,309548,279517,589065
28,2080,309548,279517,589065
29,2080,309548,279517,589065
30,2080,309548,279517,589065
31,2080,309548,279517,589065
32,2080,309548,279517,589065
33,2080,309548,279517,589065
34,2080,309548,279517,589065
35,2080,309548,279517,589065
36,2080,309548,279517,589065
37,2080,309933,279517,589450
38,2080,309933,279517,589450
39,2080,309933,279517,589450
40,2080,309933,279517,589450
41,2080,309933,279517,589450
42,2080,309933,279517,589450
43,2080,309933,279517,589450
44,2080,311218,279445,590663
45,2080,311218,279445,590663
46,2080,311078,279485,590563
47,2080,311078,279485,590563
48,2080,311078,279485,590563
49,2080,311078,279485,590563
50,2080,311078,279485,590563
51,2080,311087,279523,590610
52,2080,311087,279523,590610
53,2080,311087,279523,590610
54,2080,311087,279523,590610
55,2080,311087,279523,590610
56,2080,311087,279523,590610
57,2080,311087,279523,590610
58,2080,311087,279523,590610
59,2080,311087,279523,590610
60,2080,311087,279523,590610
61,2080,311087,279523,590610
62,2080,311087,279523,590610
63,2080,311197,279523,590720
64,2080,311402,279483,590885
65,2080,311494,279483,590977
66,2080,311142,279522,590664
67,2080,311181,279522,590703
68,2080,310276,279498,589774
69,2080,310326,279498,589824
70,2080,310257,279585,589842
71,2080,310672,279598,590270
72,2080,310683,279572,590255
73,2080,309854,279579,589433
74,2080,309854,279579,589433
75,2080,309854,279579,589433
76,2080,309854,279579,589433
77,2080,309854,279579,589433
78,2080,309223,297053,606276
79,2080,309182,295170,604352
80,2080,309215,297002,606217
81,2080,309223,297359,606582
82,2080,309223,297359,606582
83,2080,309223,297359,606582
84,2080,309223,297359,606582
85,2080,309223,297359,606582
86,2080,309223,297359,606582
87,2080,309223,297359,606582
88,2080,309223,297359,606582
89,2080,309223,297359,606582
90,2080,309223,297359,606582
91,2080,309223,297359,606582
92,2080,309223,297359,606582
93,2080,309223,297359,606582
94,2080,309223,297359,606582
95,2080,309223,297359,606582
96,2080,309223,297359,606582
97,2080,309223,297359,606582
98,2080,309223,297359,606582
99,2080,309223,297359,606582
100,2080,309223,297359,606582
0,2080,290839,275033,565872
1,2080,290839,275033,565872
2,2080,290835,275033,565868
3,2080,290937,275233,566170
4,2080,291005,274937,565942
5,2080,291046,275155,566201
6,2080,292232,276240,568472
7,2080,292199,276233,568432
8,2080,291249,275661,566910
9,2080,291199,275601,566800
10,2080,292123,276191,568314
11,2080,292361,276048,568409
12,2080,293171,276060,569231
13,2080,294126,275531,569657
14,2080,296668,275937,572605
15,2080,295244,275388,570632
16,2080,296127,275713,571840
17,2080,298662,276231,574893
18,2080,305162,277907,583069
19,2080,309543,280666,590209
20,2080,310358,280573,590931
21,2080,310236,280007,590243
22,2080,310517,280086,590603
23,2080,310504,280086,590590
24,2080,310504,280086,590590
25,2080,310504,280086,590590
26,2080,310504,280086,590590
27,2080,310504,280086,590590
28,2080,310504,280086,590590
29,2080,310504,280086,590590
30,2080,310504,280086,590590
31,2080,310504,280086,590590
32,2080,310504,280086,590590
33,2080,310504,280086,590590
34,2080,310504,280086,590590
35,2080,310504,280086,590590
36,2080,310504,280086,590590
37,2080,310568,280086,590654
38,2080,310568,280086,590654
39,2080,310568,280086,590654
40,2080,310568,280086,590654
41,2080,310949,280086,591035
42,2080,310949,280086,591035
43,2080,310949,280086,591035
44,2080,311212,280770,591982
45,2080,311212,280770,591982
46,2080,311402,280718,592120
47,2080,311402,280718,592120
48,2080,311402,280718,592120
49,2080,311402,280718,592120
50,2080,311402,280718,592120
51,2080,311402,280757,592159
52,2080,311402,280757,592159
53,2080,311402,280757,592159
54,2080,311402,280757,592159
55,2080,311402,280757,592159
56,2080,311402,280757,592159
57,2080,311402,280757,592159
58,2080,311402,280757,592159
59,2080,311402,280757,592159
60,2080,311402,280757,592159
61,2080,311402,280757,592159
62,2080,311402,280757,592159
63,2080,311500,280757,592257
64,2080,311363,280826,592189
65,2080,311724,280826,592550
66,2080,311611,280757,592368
67,2080,311478,280757,592235
68,2080,311136,280282,591418
69,2080,311224,280386,591610
70,2080,311089,280359,591448
71,2080,311023,280782,591805
72,2080,311415,280757,592172
73,2080,310475,280113,590588
74,2080,310475,280113,590588
75,2080,310475,280113,590588
76,2080,310475,280113,590588
77,2080,310475,280113,590588
78,2080,312080,301426,613506
79,2080,311717,300216,611933
80,2080,312078,301550,613628
81,2080,312097,305369,617466
82,2080,312097,305369,617466
83,2080,312097,305369,617466
84,2080,312097,305369,617466
85,2080,312097,305369,617466
86,2080,312097,305369,617466
87,2080,312097,305369,617466
88,2080,312097,305369,617466
89,2080,312097,305369,617466
90,2080,312097,305369,617466
91,2080,312097,305369,617466
92,2080,312097,305369,617466
93,2080,312097,305369,617466
94,2080,312097,305369,617466
95,2080,312097,305369,617466
96,2080,312097,305369,617466
97,2080,312097,305369,617466
98,2080,312097,305369,617466
99,2080,312097,305369,617466
100,2080,312097,305369,617466
0,2080,289659,274603,564262
1,2080,289659,274603,564262
2,2080,289665,274603,564268
3,2080,290131,274992,565123
4,2080,290075,275018,565093
5,2080,290517,275453,565970
6,2080,291142,275727,566869
7,2080,291129,275727,566856
8,2080,291983,276029,568012
9,2080,291141,275810,566951
10,2080,291146,275616,566762
11,2080,292016,276074,568090
12,2080,292897,276138,569035
13,2080,294262,276019,570281
14,2080,294683,275572,570255
15,2080,297679,275397,573076
16,2080,295993,275946,571939
17,2080,298812,276626,575438
18,2080,303893,278118,582011
19,2080,307392,280296,587688
20,2080,308113,280287,588400
21,2080,310267,280533,590800
22,2080,310619,280734,591353
23,2080,310685,280734,591419
24,2080,310685,280734,591419
25,2080,310685,280734,591419
26,2080,310685,280734,591419
27,2080,310685,280734,591419
28,2080,310685,280734,591419
29,2080,310685,280734,591419
30,2080,310685,280734,591419
31,2080,310685,280734,591419
32,2080,310685,280734,591419
33,2080,310685,280734,591419
34,2080,310685,280734,591419
35,2080,310685,280734,591419
36,2080,310685,280734,591419
37,2080,310706,280734,591440
38,2080,310706,280734,591440
39,2080,310706,280734,591440
40,2080,310706,280734,591440
41,2080,311060,280758,591818
42,2080,311060,280758,591818
43,2080,311060,280758,591818
44,2080,310515,280639,591154
45,2080,310515,280639,591154
46,2080,310557,280639,591196
47,2080,310557,280639,591196
48,2080,310557,280639,591196
49,2080,310557,280639,591196
50,2080,310557,280639,591196
51,2080,310557,280639,591196
52,2080,310557,280639,591196
53,2080,310557,280639,591196
54,2080,310557,280639,591196
55,2080,310557,280639,591196
56,2080,310557,280639,591196
57,2080,310557,280639,591196
58,2080,310557,280639,591196
59,2080,310557,280639,591196
60,2080,310557,280639,591196
61,2080,310557,280639,591196
62,2080,310557,280639,591196
63,2080,310910,280639,591549
64,2080,310761,280639,591400
65,2080,311033,280639,591672
66,2080,311135,280672,591807
67,2080,310932,280639,591571
68,2080,311116,280771,591887
69,2080,311041,280703,591744
70,2080,310992,280666,591658
71,2080,310516,280639,591155
72,2080,310473,280639,591112
73,2080,311008,280697,591705
74,2080,311008,280697,591705
75,2080,311008,280697,591705
76,2080,311008,280697,591705
77,2080,311008,280697,591705
78,2080,314470,302480,616950
79,2080,314144,302411,616555
80,2080,314352,302829,617181
81,2080,316242,304224,620466
82,2080,316242,304224,620466
83,2080,316242,304224,620466
84,2080,316242,304224,620466
85,2080,316242,304224,620466
86,2080,316242,304224,620466
87,2080,316242,304224,620466
88,2080,316242,304224,620466
89,2080,316242,304224,620466
90,2080,316242,304224,620466
91,2080,316242,304224,620466
92,2080,316242,304224,620466
93,2080,316242,304224,620466
94,2080,316242,304224,620466
95,2080,316242,304224,620466
96,2080,316242,304224,620466
97,2080,316242,304224,620466
98,2080,316242,304224,620466
99,2080,316242,304224,620466
100,2080,316242,304224,620466
0,2080,289139,272661,561800
1,2080,289139,272661,561800
2,2080,289140,272661,561801
3,2080,289119,272764,561883
4,2080,289360,272455,561815
5,2080,290329,273837,564166
6,2080,290582,275044,565626
7,2080,290513,275001,565514
8,2080,291822,275327,567149
9,2080,292040,275205,567245
10,2080,290765,275121,565886
11,2080,291646,275629,567275
12,2080,292463,275852,568315
13,2080,293960,275907,569867
14,2080,294086,274870,568956
15,2080,297101,275906,573007
16,2080,295988,275549,571537
17,2080,299178,275915,575093
18,2080,303074,277430,580504
19,2080,305532,280384,585916
20,2080,307797,280492,588289
21,2080,309263,280395,589658
22,2080,309846,280601,590447
23,2080,310066,280601,590667
24,2080,310068,280601,590669
25,2080,310068,280601,590669
26,2080,310068,280601,590669
27,2080,310068,280601,590669
28,2080,310068,280601,590669
29,2080,310068,280601,590669
30,2080,310068,280601,590669
31,2080,310068,280601,590669
32,2080,310068,280601,590669
33,2080,310068,280601,590669
34,2080,310068,280601,590669
35,2080,310068,280601,590669
36,2080,310068,280601,590669
37,2080,310106,280601,590707
38,2080,310106,280601,590707
39,2080,310106,280601,590707
40,2080,310106,280601,590707
41,2080,310504,280601,591105
42,2080,310504,280601,591105
43,2080,310504,280601,591105
44,2080,310371,280615,590986
45,2080,310371,280615,590986
46,2080,310431,280601,591032
47,2080,310431,280601,591032
48,2080,310431,280601,591032
49,2080,310431,280601,591032
50,2080,310431,280601,591032
51,2080,310431,280601,591032
52,2080,310431,280601,591032
53,2080,310431,280601,591032
54,2080,310431,280601,591032
55,2080,310431,280601,591032
56,2080,310431,280601,591032
57,2080,310431,280601,591032
58,2080,310431,280601,591032
59,2080,310431,280601,591032
60,2080,310425,280601,591026
61,2080,310396,280601,590997
62,2080,310384,280601,590985
63,2080,310452,280601,591053
64,2080,310622,280615,591237
65,2080,310565,280615,591180
66,2080,310466,280601,591067
67,2080,310560,280601,591161
68,2080,310503,280601,591104
69,2080,310459,280601,591060
70,2080,310415,280601,591016
71,2080,310321,280601,590922
72,2080,310394,280611,591005
73,2080,310297,280601,590898
74,2080,310297,280601,590898
75,2080,310297,280601,590898
76,2080,310297,280601,590898
77,2080,310297,280601,590898
78,2080,316765,303090,619855
79,2080,316576,303067,619643
80,2080,316701,303735,620436
81,2080,316971,305349,622320
82,2080,316971,305349,622320
83,2080,316971,305349,622320
84,2080,316971,305349,622320
85,2080,316971,305349,622320
86,2080,316971,305349,622320
87,2080,316971,305349,622320
88,2080,316971,305349,622320
89,2080,316971,305349,622320
90,2080,316971,305349,622320
91,2080,316971,305349,622320
92,2080,316971,305349,622320
93,2080,316971,305349,622320
94,2080,316971,305349,622320
95,2080,316971,305349,622320
96,2080,316971,305349,622320
97,2080,316971,305349,622320
98,2080,316971,305349,622320
99,2080,316971,305349,622320
100,2080,316971,305349,622320
0,2080,290394,273022,563416
1,2080,290394,272960,563354
2,2080,290359,272960,563319
3,2080,290259,272886,563145
4,2080,290454,272808,563262
5,2080,291611,274441,566052
6,2080,290844,274238,565082
7,2080,290993,274439,565432
8,2080,292558,275788,568346
9,2080,292683,276220,568903
10,2080,290916,274282,565198
11,2080,292270,275799,568069
12,2080,292527,276121,568648
13,2080,293904,275836,569740
14,2080,293814,275619,569433
15,2080,296491,275550,572041
16,2080,296013,275404,571417
17,2080,300549,276014,576563
18,2080,303703,277256,580959
19,2080,304886,279668,584554
20,2080,307763,280642,588405
21,2080,308577,280432,589009
22,2080,309209,280601,589810
23,2080,309657,280601,590258
24,2080,309658,280601,590259
25,2080,309658,280601,590259
26,2080,309658,280601,590259
27,2080,309658,280601,590259
28,2080,309658,280601,590259
29,2080,309658,280601,590259
30,2080,309658,280601,590259
31,2080,309658,280601,590259
32,2080,309658,280601,590259
33,2080,309658,280601,590259
34,2080,309658,280601,590259
35,2080,309658,280601,590259
36,2080,309658,280601,590259
37,2080,309666,280681,590347
38,2080,309666,280681,590347
39,2080,309666,280681,590347
40,2080,309666,280681,590347
41,2080,310400,280705,591105
42,2080,310400,280705,591105
43,2080,310400,280705,591105
44,2080,310418,280719,591137
45,2080,310418,280719,591137
46,2080,310454,280719,591173
47,2080,310454,280719,591173
48,2080,310454,280719,591173
49,2080,310454,280719,591173
50,2080,310454,280719,591173
51,2080,310454,280719,591173
52,2080,310454,280719,591173
53,2080,310454,280719,591173
54,2080,310454,280719,591173
55,2080,310454,280719,591173
56,2080,310454,280719,591173
57,2080,310454,280719,591173
58,2080,310454,280719,591173
59,2080,310454,280719,591173
60,2080,310454,280719,591173
61,2080,310425,280719,591144
62,2080,310355,280719,591074
63,2080,310557,280719,591276
64,2080,310622,280709,591331
65,2080,310657,280709,591366
66,2080,310551,280719,591270
67,2080,310578,280709,591287
68,2080,310595,280719,591314
69,2080,310527,280719,591246
70,2080,310501,280719,591220
71,2080,310167,280719,590886
72,2080,310365,280719,591084
73,2080,310097,280705,590802
74,2080,310097,280705,590802
75,2080,310097,280705,590802
76,2080,310097,280705,590802
77,2080,310097,280705,590802
78,2080,316031,304649,620680
79,2080,316015,304523,620538
80,2080,316491,304884,621375
81,2080,317021,307179,624200
82,2080,317021,307179,624200
83,2080,317021,307179,624200
84,2080,317021,307179,624200
85,2080,317021,307179,624200
86,2080,317021,307179,624200
87,2080,317021,307179,624200
88,2080,317021,307179,624200
89,2080,317021,307179,624200
90,2080,317021,307179,624200
91,2080,317021,307179,624200
92,2080,317021,307179,624200
93,2080,317021,307179,624200
94,2080,317021,307179,624200
95,2080,317021,307179,624200
96,2080,317021,307179,624200
97,2080,317021,307179,624200
98,2080,317021,307179,624200
99,2080,317021,307179,624200
100,2080,317021,307179,624200
0,2080,291389,273588,564977
1,2080,291361,273588,564949
2,2080,291342,273588,564930
3,2080,290486,273473,563959
4,2080,291427,273538,564965
5,2080,292690,275544,568234
6,2080,291841,274747,566588
7,2080,291918,275199,567117
8,2080,292254,275800,568054
9,2080,291248,275379,566627
10,2080,292120,274848,566968
11,2080,292386,276244,568630
12,2080,292471,275750,568221
13,2080,293842,275635,569477
14,2080,294684,275923,570607
15,2080,295202,274951,570153
16,2080,296309,275544,571853
17,2080,300680,275961,576641
18,2080,306176,277396,583572
19,2080,304844,279082,583926
20,2080,307760,280252,588012
21,2080,308575,280608,589183
22,2080,309265,280695,589960
23,2080,309759,280695,590454
24,2080,309761,280695,590456
25,2080,309761,280695,590456
26,2080,309761,280695,590456
27,2080,309761,280695,590456
28,2080,309761,280695,590456
29,2080,309761,280695,590456
30,2080,309761,280695,590456
31,2080,309761,280695,590456
32,2080,309761,280695,590456
33,2080,309761,280695,590456
34,2080,309761,280695,590456
35,2080,309761,280695,590456
36,2080,309761,280695,590456
37,2080,309760,280695,590455
38,2080,309760,280695,590455
39,2080,309760,280695,590455
40,2080,309760,280695,590455
41,2080,310532,280719,591251
42,2080,310532,280719,591251
43,2080,310532,280719,591251
44,2080,310612,280709,591321
45,2080,310612,280709,591321
46,2080,310612,280709,591321
47,2080,310612,280709,591321
48,2080,310612,280709,591321
49,2080,310612,280709,591321
50,2080,310612,280709,591321
51,2080,310612,280709,591321
52,2080,310612,280709,591321
53,2080,310612,280709,591321
54,2080,310612,280709,591321
55,2080,310612,280709,591321
56,2080,310612,280709,591321
57,2080,310612,280709,591321
58,2080,310612,280709,591321
59,2080,310612,280709,591321
60,2080,310612,280709,591321
61,2080,310583,280709,591292
62,2080,310342,280719,591061
63,2080,310663,280709,591372
64,2080,310791,280709,591500
65,2080,310817,280709,591526
66,2080,310711,280709,591420
67,2080,310719,280709,591428
68,2080,310627,280709,591336
69,2080,310569,280709,591278
70,2080,310553,280709,591262
71,2080,310114,280719,590833
72,2080,310402,280719,591121
73,2080,310099,280695,590794
74,2080,310099,280695,590794
75,2080,310099,280695,590794
76,2080,310099,280695,590794
77,2080,310099,280695,590794
78,2080,316416,306500,622916
79,2080,316414,306851,623265
80,2080,317112,306603,623715
81,2080,320548,305311,625859
82,2080,320548,305311,625859
83,2080,320548,305311,625859
84,2080,320548,305311,625859
85,2080,320548,305311,625859
86,2080,320548,305311,625859
87,2080,320548,305311,625859
88,2080,320548,305311,625859
89,2080,320548,305311,625859
90,2080,320548,305311,625859
91,2080,320548,305311,625859
92,2080,320548,305311,625859
93,2080,320548,305311,625859
94,2080,320548,305311,625859
95,2080,320548,305311,625859
96,2080,320548,305311,625859
97,2080,320548,305311,625859
98,2080,320548,305311,625859
99,2080,320548,305311,625859
100,2080,320548,305311,625859
0,2080,292751,275522,568273
1,2080,292768,275518,568286
2,2080,292769,275518,568287
3,2080,291789,274356,566145
4,2080,293025,274710,567735
5,2080,292813,276399,569212
6,2080,292765,276223,568988
7,2080,292672,276268,568940
8,2080,292330,276276,568606
9,2080,291393,275989,567382
10,2080,292673,276157,568830
11,2080,291584,275622,567206
12,2080,292581,275830,568411
13,2080,294134,275933,570067
14,2080,295041,276344,571385
15,2080,297727,275310,573037
16,2080,296109,275747,571856
17,2080,313874,275931,589805
18,2080,305144,277547,582691
19,2080,305947,279202,585149
20,2080,308539,280233,588772
21,2080,309150,280634,589784
22,2080,309340,280727,590067
23,2080,309735,280695,590430
24,2080,309736,280695,590431
25,2080,309736,280695,590431
26,2080,309736,280695,590431
27,2080,309736,280695,590431
28,2080,309736,280695,590431
29,2080,309736,280695,590431
30,2080,309736,280695,590431
31,2080,309736,280695,590431
32,2080,309736,280695,590431
33,2080,309736,280695,590431
34,2080,309736,280695,590431
35,2080,309736,280695,590431
36,2080,309736,280695,590431
37,2080,309736,280695,590431
38,2080,309736,280695,590431
39,2080,309736,280695,590431
40,2080,309736,280695,590431
41,2080,310615,280709,591324
42,2080,310615,280709,591324
43,2080,310615,280709,591324
44,2080,310580,280709,591289
45,2080,310580,280709,591289
46,2080,310589,280709,591298
47,2080,310589,280709,591298
48,2080,310589,280709,591298
49,2080,310589,280709,591298
50,2080,310589,280709,591298
51,2080,310589,280709,591298
52,2080,310589,280709,591298
53,2080,310589,280709,591298
54,2080,310589,280709,591298
55,2080,310589,280709,591298
56,2080,310589,280709,591298
57,2080,310589,280709,591298
58,2080,310589,280709,591298
59,2080,310589,280709,591298
60,2080,310589,280709,591298
61,2080,310560,280709,591269
62,2080,310362,280719,591081
63,2080,310688,280709,591397
64,2080,310777,280709,591486
65,2080,310815,280709,591524
66,2080,310706,280709,591415
67,2080,310743,280709,591452
68,2080,310757,280709,591466
69,2080,310692,280709,591401
70,2080,310676,280709,591385
71,2080,310183,280695,590878
72,2080,310549,280719,591268
73,2080,310133,280695,590828
74,2080,310133,280695,590828
75,2080,310133,280695,590828
76,2080,310133,280695,590828
77,2080,310133,280695,590828
78,2080,319143,305453,624596
79,2080,319327,305676,625003
80,2080,319274,305068,624342
81,2080,318978,306401,625379
82,2080,318978,306401,625379
83,2080,318978,306401,625379
84,2080,318978,306401,625379
85,2080,318978,306401,625379
86,2080,318978,306401,625379
87,2080,318978,306401,625379
88,2080,318978,306401,625379
89,2080,318978,306401,625379
90,2080,318978,306401,625379
91,2080,318978,306401,625379
92,2080,318978,306401,625379
93,2080,318978,306401,625379
94,2080,318978,306401,625379
95,2080,318978,306401,625379
96,2080,318978,306401,625379
97,2080,318978,306401,625379
98,2080,318978,306401,625379
99,2080,318978,306401,625379
100,2080,318978,306401,625379
0,2080,292327,275510,567837
1,2080,292327,275659,567986
2,2080,292320,275647,567967
3,2080,292875,275527,568402
4,2080,292828,275721,568549
5,2080,291154,274409,565563
6,2080,291431,275516,566947
7,2080,291405,275336,566741
8,2080,290990,275061,566051
9,2080,292128,275695,567823
10,2080,291559,275769,567328
11,2080,291377,275586,566963
12,2080,293155,276000,569155
13,2080,294189,275958,570147
14,2080,295769,275717,571486
15,2080,297153,275649,572802
16,2080,295944,275372,571316
17,2080,307331,276682,584013
18,2080,304499,277441,581940
19,2080,307335,279222,586557
20,2080,309367,280247,589614
21,2080,309425,280514,589939
22,2080,309452,280752,590204
23,2080,309762,280695,590457
24,2080,309764,280695,590459
25,2080,309764,280695,590459
26,2080,309764,280695,590459
27,2080,309764,280695,590459
28,2080,309764,280695,590459
29,2080,309764,280695,590459
30,2080,309764,280695,590459
31,2080,309764,280695,590459
32,2080,309764,280695,590459
33,2080,309764,280695,590459
34,2080,309764,280695,590459
35,2080,309764,280695,590459
36,2080,309764,280695,590459
37,2080,309738,280695,590433
38,2080,309738,280695,590433
39,2080,309738,280695,590433
40,2080,309738,280695,590433
41,2080,310581,280709,591290
42,2080,310581,280709,591290
43,2080,310581,280709,591290
44,2080,310522,280709,591231
45,2080,310522,280709,591231
46,2080,310522,280709,591231
47,2080,310522,280709,591231
48,2080,310522,280709,591231
49,2080,310522,280709,591231
50,2080,310522,280709,591231
51,2080,310522,280709,591231
52,2080,310522,280709,591231
53,2080,310522,280709,591231
54,2080,310522,280709,591231
55,2080,310522,280709,591231
56,2080,310522,280709,591231
57,2080,310522,280709,591231
58,2080,310522,280709,591231
59,2080,310522,280709,591231
60,2080,310522,280709,591231
61,2080,310493,280709,591202
62,2080,310500,280719,591219
63,2080,310622,280709,591331
64,2080,310711,280709,591420
65,2080,310854,280709,591563
66,2080,310736,280709,591445
67,2080,310677,280709,591386
68,2080,310743,280709,591452
69,2080,310668,280709,591377
70,2080,310642,280709,591351
71,2080,310117,280719,590836
72,2080,310404,280709,591113
73,2080,310176,280695,590871
74,2080,310176,280695,590871
75,2080,310176,280695,590871
76,2080,310176,280695,590871
77,2080,310176,280695,590871
78,2080,317218,306629,623847
79,2080,317604,306070,623674
80,2080,317715,306312,624027
81,2080,319435,304795,624230
82,2080,319435,304795,624230
83,2080,319435,304795,624230
84,2080,319435,304795,624230
85,2080,319435,304795,624230
86,2080,319435,304795,624230
87,2080,319435,304795,624230
88,2080,319435,304795,624230
89,2080,319435,304795,624230
90,2080,319435,304795,624230
91,2080,319435,304795,624230
92,2080,319435,304795,624230
93,2080,319435,304795,624230
94,2080,319435,304795,624230
95,2080,319435,304795,624230
96,2080,319435,304795,624230
97,2080,319435,304795,624230
98,2080,319435,304795,624230
99,2080,319435,304795,624230
100,2080,319435,304795,624230
0,2080,292237,275533,567770
1,2080,292258,275489,567747
2,2080,292255,275489,567744
3,2080,292520,275565,568085
4,2080,292646,275922,568568
5,2080,290941,274761,565702
6,2080,291650,275540,567190
7,2080,291571,275602,567173
8,2080,290150,274568,564718
9,2080,292443,275886,568329
10,2080,291915,275595,567510
11,2080,292561,275926,568487
12,2080,293011,276402,569413
13,2080,293947,275772,569719
14,2080,294479,275523,570002
15,2080,297722,275788,573510
16,2080,296132,275359,571491
17,2080,303346,276680,580026
18,2080,304374,277451,581825
19,2080,307952,279352,587304
20,2080,309700,280525,590225
21,2080,308980,280464,589444
22,2080,309470,280601,590071
23,2080,309775,280616,590391
24,2080,309777,280616,590393
25,2080,309777,280616,590393
26,2080,309777,280616,590393
27,2080,309777,280616,590393
28,2080,309777,280616,590393
29,2080,309777,280616,590393
30,2080,309777,280616,590393
31,2080,309777,280616,590393
32,2080,309777,280616,590393
33,2080,309777,280616,590393
34,2080,309777,280616,590393
35,2080,309777,280616,590393
36,2080,309777,280616,590393
37,2080,309777,280616,590393
38,2080,309777,280616,590393
39,2080,309777,280616,590393
40,2080,309777,280616,590393
41,2080,310522,280709,591231
42,2080,310522,280709,591231
43,2080,310522,280709,591231
44,2080,310523,280709,591232
45,2080,310523,280709,591232
46,2080,310523,280709,591232
47,2080,310523,280709,591232
48,2080,310523,280709,591232
49,2080,310523,280709,591232
50,2080,310523,280709,591232
51,2080,310523,280709,591232
52,2080,310523,280709,591232
53,2080,310523,280709,591232
54,2080,310523,280709,591232
55,2080,310523,280709,591232
56,2080,310523,280709,591232
57,2080,310523,280709,591232
58,2080,310523,280709,591232
59,2080,310523,280709,591232
60,2080,310523,280709,591232
61,2080,310494,280709,591203
62,2080,310481,280709,591190
63,2080,310622,280709,591331
64,2080,310711,280709,591420
65,2080,310728,280709,591437
66,2080,310677,280709,591386
67,2080,310677,280709,591386
68,2080,310677,280709,591386
69,2080,310602,280709,591311
70,2080,310576,280709,591285
71,2080,310117,280695,590812
72,2080,310481,280719,591200
73,2080,310143,280719,590862
74,2080,310143,280719,590862
75,2080,310143,280719,590862
76,2080,310143,280719,590862
77,2080,310143,280719,590862
78,2080,319280,304872,624152
79,2080,317218,306403,623621
80,2080,318885,305538,624423
81,2080,315816,304901,620717
82,2080,315816,304901,620717
83,2080,315816,304901,620717
84,2080,315816,304901,620717
85,2080,315816,304901,620717
86,2080,315816,304901,620717
87,2080,315816,304901,620717
88,2080,315816,304901,620717
89,2080,315816,304901,620717
90,2080,315816,304901,620717
91,2080,315816,304901,620717
92,2080,315816,304901,620717
93,2080,315816,304901,620717
94,2080,315816,304901,620717
95,2080,315816,304901,620717
96,2080,315816,304901,620717
97,2080,315816,304901,620717
98,2080,315816,304901,620717
99,2080,315816,304901,620717
100,2080,315816,304901,620717
0,2080,292050,274642,566692
1,2080,291992,274566,566558
2,2080,292049,274566,566615
3,2080,292288,275393,567681
4,2080,292350,275433,567783
5,2080,291665,275418,567083
6,2080,292616,275683,568299
7,2080,292591,275714,568305
8,2080,289388,272724,562112
9,2080,292120,275796,567916
10,2080,292494,275697,568191
11,2080,292571,276455,569026
12,2080,292461,275605,568066
13,2080,293891,275625,569516
14,2080,294576,275565,570141
15,2080,296947,275357,572304
16,2080,296197,275623,571820
17,2080,302139,276579,578718
18,2080,304368,277408,581776
19,2080,309074,279536,588610
20,2080,308796,280425,589221
21,2080,308818,280514,589332
22,2080,309431,280601,590032
23,2080,309749,280616,590365
24,2080,309751,280616,590367
25,2080,309751,280616,590367
26,2080,309751,280616,590367
27,2080,309751,280616,590367
28,2080,309751,280616,590367
29,2080,309751,280616,590367
30,2080,309751,280616,590367
31,2080,309751,280616,590367
32,2080,309751,280616,590367
33,2080,309751,280616,590367
34,2080,309751,280616,590367
35,2080,309751,280616,590367
36,2080,309751,280616,590367
37,2080,309751,280616,590367
38,2080,309751,280616,590367
39,2080,309751,280616,590367
40,2080,309751,280616,590367
41,2080,310523,280709,591232
42,2080,310523,280709,591232
43,2080,310523,280709,591232
44,2080,310523,280709,591232
45,2080,310523,280709,591232
46,2080,310523,280709,591232
47,2080,310523,280709,591232
48,2080,310523,280709,591232
49,2080,310523,280709,591232
50,2080,310523,280709,591232
51,2080,310523,280709,591232
52,2080,310523,280709,591232
53,2080,310523,280709,591232
54,2080,310523,280709,591232
55,2080,310523,280709,591232
56,2080,310523,280709,591232
57,2080,310523,280709,591232
58,2080,310523,280709,591232
59,2080,310523,280709,591232
60,2080,310523,280709,591232
61,2080,310502,280709,591211
62,2080,310533,280709,591242
63,2080,310629,280709,591338
64,2080,310711,280709,591420
65,2080,310748,280709,591457
66,2080,310677,280709,591386
67,2080,310677,280709,591386
68,2080,310677,280709,591386
69,2080,310602,280709,591311
70,2080,310576,280709,591285
71,2080,310117,280695,590812
72,2080,310465,280709,591174
73,2080,310117,280719,590836
74,2080,310117,280719,590836
75,2080,310117,280719,590836
76,2080,310117,280719,590836
77,2080,310117,280719,590836
78,2080,317018,305496,622514
79,2080,319763,304916,624679
80,2080,316558,305659,622217
81,2080,315093,304229,619322
82,2080,315093,304229,619322
83,2080,315093,304229,619322
84,2080,315093,304229,619322
85,2080,315093,304229,619322
86,2080,315093,304229,619322
87,2080,315093,304229,619322
88,2080,315093,304229,619322
89,2080,315093,304229,619322
90,2080,315093,304229,619322
91,2080,315093,304229,619322
92,2080,315093,304229,619322
93,2080,315093,304229,619322
94,2080,315093,304229,619322
95,2080,315093,304229,619322
96,2080,315093,304229,619322
97,2080,315093,304229,619322
98,2080,315093,304229,619322
99,2080,315093,304229,619322
100,2080,315093,304229,619322
0,2080,292467,275809,568276
1,2080,292460,275777,568237
2,2080,292457,275777,568234
3,2080,292245,275154,567399
4,2080,292274,275644,567918
5,2080,292620,276606,569226
6,2080,292731,276392,569123
7,2080,292547,276434,568981
8,2080,290424,273014,563438
9,2080,292125,275680,567805
10,2080,292649,276206,568855
11,2080,291627,275325,566952
12,2080,292214,276093,568307
13,2080,294275,275933,570208
14,2080,294898,275677,570575
15,2080,296696,275498,572194
16,2080,296083,275608,571691
17,2080,302392,276114,578506
18,2080,304800,277408,582208
19,2080,308341,280112,588453
20,2080,308246,280444,588690
21,2080,308721,280514,589235
22,2080,309400,280616,590016
23,2080,309775,280616,590391
24,2080,309777,280616,590393
25,2080,309777,280616,590393
26,2080,309777,280616,590393
27,2080,309777,280616,590393
28,2080,309777,280616,590393
29,2080,309777,280616,590393
30,2080,309777,280616,590393
31,2080,309777,280616,590393
32,2080,309777,280616,590393
33,2080,309777,280616,590393
34,2080,309777,280616,590393
35,2080,309777,280616,590393
36,2080,309777,280616,590393
37,2080,309751,280616,590367
38,2080,309751,280616,590367
39,2080,309751,280616,590367
40,2080,309751,280616,590367
41,2080,310523,280709,591232
42,2080,310523,280709,591232
43,2080,310523,280709,591232
44,2080,310523,280709,591232
45,2080,310523,280709,591232
46,2080,310523,280709,591232
47,2080,310523,280709,591232
48,2080,310523,280709,591232
49,2080,310523,280709,591232
50,2080,310523,280709,591232
51,2080,310523,280709,591232
52,2080,310523,280709,591232
53,2080,310523,280709,591232
54,2080,310523,280709,591232
55,2080,310523,280709,591232
56,2080,310523,280709,591232
57,2080,310523,280709,591232
58,2080,310523,280709,591232
59,2080,310523,280709,591232
60,2080,310523,280709,591232
61,2080,310502,280709,591211
62,2080,310490,280709,591199
63,2080,310629,280709,591338
64,2080,310711,280709,591420
65,2080,310728,280709,591437
66,2080,310677,280709,591386
67,2080,310677,280709,591386
68,2080,310677,280709,591386
69,2080,310609,280709,591318
70,2080,310583,280709,591292
71,2080,310117,280695,590812
72,2080,310465,280709,591174
73,2080,310117,280695,590812
74,2080,310117,280695,590812
75,2080,310117,280695,590812
76,2080,310117,280695,590812
77,2080,310117,280695,590812
78,2080,315589,306728,622317
79,2080,317850,304290,622140
80,2080,315286,304700,619986
81,2080,313486,303270,616756
82,2080,313486,303270,616756
83,2080,313486,303270,616756
84,2080,313486,303270,616756
85,2080,313486,303270,616756
86,2080,313486,303270,616756
87,2080,313486,303270,616756
88,2080,313486,303270,616756
89,2080,313486,303270,616756
90,2080,313486,303270,616756
91,2080,313486,303270,616756
92,2080,313486,303270,616756
93,2080,313486,303270,616756
94,2080,313486,303270,616756
95,2080,313486,303270,616756
96,2080,313486,303270,616756
97,2080,313486,303270,616756
98,2080,313486,303270,616756
99,2080,313486,303270,616756
100,2080,313486,303270,616756
0,2080,292071,275839,567910
1,2080,292089,275900,567989
2,2080,292086,275900,567986
3,2080,292381,275949,568330
4,2080,292447,276194,568641
5,2080,291076,274117,565193
6,2080,291032,274854,565886
7,2080,290997,274886,565883
8,2080,291455,273560,565015
9,2080,292220,275875,568095
10,2080,291207,275214,566421
11,2080,291288,275553,566841
12,2080,293021,276358,569379
13,2080,294152,276089,570241
14,2080,295132,275773,570905
15,2080,295672,275405,571077
16,2080,296009,275276,571285
17,2080,303498,276207,579705
18,2080,304580,277399,581979
19,2080,307593,280366,587959
20,2080,308648,280447,589095
21,2080,309185,280529,589714
22,2080,309411,280647,590058
23,2080,309775,280616,590391
24,2080,309777,280624,590401
25,2080,309777,280624,590401
26,2080,309777,280624,590401
27,2080,309777,280624,590401
28,2080,309777,280624,590401
29,2080,309777,280624,590401
30,2080,309777,280624,590401
31,2080,309777,280624,590401
32,2080,309777,280624,590401
33,2080,309777,280624,590401
34,2080,309777,280624,590401
35,2080,309777,280624,590401
36,2080,309777,280624,590401
37,2080,309777,280616,590393
38,2080,309777,280616,590393
39,2080,309777,280616,590393
40,2080,309777,280616,590393
41,2080,310523,280709,591232
42,2080,310523,280709,591232
43,2080,310523,280709,591232
44,2080,310523,280709,591232
45,2080,310523,280709,591232
46,2080,310523,280709,591232
47,2080,310523,280709,591232
48,2080,310523,280709,591232
49,2080,310523,280709,591232
50,2080,310523,280709,591232
51,2080,310523,280709,591232
52,2080,310523,280709,591232
53,2080,310523,280709,591232
54,2080,310523,280709,591232
55,2080,310523,280709,591232
56,2080,310523,280709,591232
57,2080,310523,280709,591232
58,2080,310523,280709,591232
59,2080,310523,280709,591232
60,2080,310523,280709,591232
61,2080,310502,280709,591211
62,2080,310482,280709,591191
63,2080,310622,280709,591331
64,2080,310711,280709,591420
65,2080,310776,280709,591485
66,2080,310677,280709,591386
67,2080,310677,280709,591386
68,2080,310677,280709,591386
69,2080,310609,280709,591318
70,2080,310583,280709,591292
71,2080,310117,280695,590812
72,2080,310465,280709,591174
73,2080,310117,280695,590812
74,2080,310117,280695,590812
75,2080,310117,280695,590812
76,2080,310117,280695,590812
77,2080,310117,280695,590812
78,2080,319253,303696,622949
79,2080,314882,303302,618184
80,2080,314483,304209,618692
81,2080,313400,302807,616207
82,2080,313400,302807,616207
83,2080,313400,302807,616207
84,2080,313400,302807,616207
85,2080,313400,302807,616207
86,2080,313400,302807,616207
87,2080,313400,302807,616207
88,2080,313400,302807,616207
89,2080,313400,302807,616207
90,2080,313400,302807,616207
91,2080,313400,302807,616207
92,2080,313400,302807,616207
93,2080,313400,302807,616207
94,2080,313400,302807,616207
95,2080,313400,302807,616207
96,2080,313400,302807,616207
97,2080,313400,302807,616207
98,2080,313400,302807,616207
99,2080,313400,302807,616207
100,2080,313400,302807,616207
0,2080,291929,276118,568047
1,2080,292050,276184,568234
2,2080,292024,276184,568208
3,2080,292099,275673,567772
4,2080,291120,275219,566339
5,2080,290898,274381,565279
6,2080,290201,274869,565070
7,2080,289966,274416,564382
8,2080,293136,274868,568004
9,2080,292151,275983,568134
10,2080,291191,275417,566608
11,2080,292570,276264,568834
12,2080,292503,275712,568215
13,2080,293667,275662,569329
14,2080,296166,275731,571897
15,2080,295497,275115,570612
16,2080,296079,275458,571537
17,2080,303229,276582,579811
18,2080,304477,277399,581876
19,2080,306568,280199,586767
20,2080,308456,280490,588946
21,2080,309412,280464,589876
22,2080,309419,280647,590066
23,2080,309775,280624,590399
24,2080,309777,280624,590401
25,2080,309777,280624,590401
26,2080,309777,280624,590401
27,2080,309777,280624,590401
28,2080,309777,280624,590401
29,2080,309777,280624,590401
30,2080,309777,280624,590401
31,2080,309777,280624,590401
32,2080,309777,280624,590401
33,2080,309777,280624,590401
34,2080,309777,280624,590401
35,2080,309777,280624,590401
36,2080,309777,280624,590401
37,2080,309777,280624,590401
38,2080,309777,280624,590401
39,2080,309777,280624,590401
40,2080,309777,280624,590401
41,2080,310523,280709,591232
42,2080,310523,280709,591232
43,2080,310523,280709,591232
44,2080,310523,280709,591232
45,2080,310523,280709,591232
46,2080,310523,280709,591232
47,2080,310523,280709,591232
48,2080,310523,280709,591232
49,2080,310523,280709,591232
50,2080,310523,280709,591232
51,2080,310523,280709,591232
52,2080,310523,280709,591232
53,2080,310523,280709,591232
54,2080,310523,280709,591232
55,2080,310523,280709,591232
56,2080,310523,280709,591232
57,2080,310523,280709,591232
58,2080,310523,280709,591232
59,2080,310523,280709,591232
60,2080,310523,280709,591232
61,2080,310502,280709,591211
62,2080,310542,280709,591251
63,2080,310622,280709,591331
64,2080,310711,280709,591420
65,2080,310776,280709,591485
66,2080,310677,280709,591386
67,2080,310677,280709,591386
68,2080,310677,280709,591386
69,2080,310609,280709,591318
70,2080,310583,280709,591292
71,2080,310117,280695,590812
72,2080,310465,280709,591174
73,2080,310117,280695,590812
74,2080,310117,280695,590812
75,2080,310117,280695,590812
76,2080,310117,280695,590812
77,2080,310117,280695,590812
78,2080,315391,302409,617800
79,2080,313281,301886,615167
80,2080,313582,303403,616985
81,2080,313300,302781,616081
82,2080,313300,302781,616081
83,2080,313300,302781,616081
84,2080,313300,302781,616081
85,2080,313300,302781,616081
86,2080,313300,302781,616081
87,2080,313300,302781,616081
88,2080,313300,302781,616081
89,2080,313300,302781,616081
90,2080,313300,302781,616081
91,2080,313300,302781,616081
92,2080,313300,302781,616081
93,2080,313300,302781,616081
94,2080,313300,302781,616081
95,2080,313300,302781,616081
96,2080,313300,302781,616081
97,2080,313300,302781,616081
98,2080,313300,302781,616081
99,2080,313300,302781,616081
100,2080,313300,302781,616081
0,2080,290678,274865,565543
1,2080,290646,274600,565246
2,2080,290646,274600,565246
3,2080,292028,275935,567963
4,2080,290806,274931,565737
5,2080,291693,275335,567028
6,2080,289512,272972,562484
7,2080,289426,272773,562199
8,2080,292970,275895,568865
9,2080,292042,275514,567556
10,2080,292198,275741,567939
11,2080,291715,275941,567656
12,2080,292280,275815,568095
13,2080,293958,275737,569695
14,2080,295390,275951,571341
15,2080,295576,275625,571201
16,2080,296316,275830,572146
17,2080,302965,276281,579246
18,2080,304630,277408,582038
19,2080,305272,279385,584657
20,2080,308843,280475,589318
21,2080,308966,280464,589430
22,2080,309419,280616,590035
23,2080,309775,280616,590391
24,2080,309777,280616,590393
25,2080,309777,280616,590393
26,2080,309777,280616,590393
27,2080,309777,280616,590393
28,2080,309777,280616,590393
29,2080,309777,280616,590393
30,2080,309777,280616,590393
31,2080,309777,280616,590393
32,2080,309777,280616,590393
33,2080,309777,280616,590393
34,2080,309777,280616,590393
35,2080,309777,280616,590393
36,2080,309777,280616,590393
37,2080,309777,280616,590393
38,2080,309777,280616,590393
39,2080,309777,280616,590393
40,2080,309777,280616,590393
41,2080,310523,280709,591232
42,2080,310523,280709,591232
43,2080,310523,280709,591232
44,2080,310523,280709,591232
45,2080,310523,280709,591232
46,2080,310523,280709,591232
47,2080,310523,280709,591232
48,2080,310523,280709,591232
49,2080,310523,280709,591232
50,2080,310523,280709,591232
51,2080,310523,280709,591232
52,2080,310523,280709,591232
53,2080,310523,280709,591232
54,2080,310523,280709,591232
55,2080,310523,280709,591232
56,2080,310523,280709,591232
57,2080,310523,280709,591232
58,2080,310523,280709,591232
59,2080,310523,280709,591232
60,2080,310523,280709,591232
61,2080,310502,280709,591211
62,2080,310490,280709,591199
63,2080,310629,280709,591338
64,2080,310711,280709,591420
65,2080,310776,280709,591485
66,2080,310677,280709,591386
67,2080,310677,280709,591386
68,2080,310677,280709,591386
69,2080,310609,280709,591318
70,2080,310583,280709,591292
71,2080,310117,280695,590812
72,2080,310465,280709,591174
73,2080,310117,280695,590812
74,2080,310117,280695,590812
75,2080,310117,280695,590812
76,2080,310117,280695,590812
77,2080,310117,280695,590812
78,2080,314163,302133,616296
79,2080,313574,301568,615142
80,2080,313325,302887,616212
81,2080,314143,304623,618766
82,2080,314143,304623,618766
83,2080,314143,304623,618766
84,2080,314143,304623,618766
85,2080,314143,304623,618766
86,2080,314143,304623,618766
87,2080,314143,304623,618766
88,2080,314143,304623,618766
89,2080,314143,304623,618766
90,2080,314143,304623,618766
91,2080,314143,304623,618766
92,2080,314143,304623,618766
93,2080,314143,304623,618766
94,2080,314143,304623,618766
95,2080,314143,304623,618766
96,2080,314143,304623,618766
97,2080,314143,304623,618766
98,2080,314143,304623,618766
99,2080,314143,304623,618766
100,2080,314143,304623,618766
0,2080,289630,273527,563157
1,2080,289084,272978,562062
2,2080,289096,272978,562074
3,2080,291944,275546,567490
4,2080,290744,274239,564983
5,2080,292628,276596,569224
6,2080,290215,273130,563345
7,2080,290379,273170,563549
8,2080,292789,275868,568657
9,2080,292007,275599,567606
10,2080,292516,276305,568821
11,2080,291831,275642,567473
12,2080,293193,276213,569406
13,2080,294133,275848,569981
14,2080,294756,275557,570313
15,2080,295875,275849,571724
16,2080,296104,275804,571908
17,2080,302976,276373,579349
18,2080,304434,277399,581833
19,2080,305026,279291,584317
20,2080,308802,280475,589277
21,2080,308820,280514,589334
22,2080,309407,280616,590023
23,2080,309775,280624,590399
24,2080,309777,280624,590401
25,2080,309777,280624,590401
26,2080,309777,280624,590401
27,2080,309777,280624,590401
28,2080,309777,280624,590401
29,2080,309777,280624,590401
30,2080,309777,280624,590401
31,2080,309777,280624,590401
32,2080,309777,280624,590401
33,2080,309777,280624,590401
34,2080,309777,280624,590401
35,2080,309777,280624,590401
36,2080,309777,280624,590401
37,2080,309777,280616,590393
38,2080,309777,280616,590393
39,2080,309777,280616,590393
40,2080,309777,280616,590393
41,2080,310523,280709,591232
42,2080,310523,280709,591232
43,2080,310523,280709,591232
44,2080,310523,280709,591232
45,2080,310523,280709,591232
46,2080,310523,280709,591232
47,2080,310523,280709,591232
48,2080,310523,280709,591232
49,2080,310523,280709,591232
50,2080,310523,280709,591232
51,2080,310523,280709,591232
52,2080,310523,280709,591232
53,2080,310523,280709,591232
54,2080,310523,280709,591232
55,2080,310523,280709,591232
56,2080,310523,280709,591232
57,2080,310523,280709,591232
58,2080,310523,280709,591232
59,2080,310523,280709,591232
60,2080,310523,280709,591232
61,2080,310502,280709,591211
62,2080,310482,280709,591191
63,2080,310629,280709,591338
64,2080,310711,280709,591420
65,2080,310776,280709,591485
66,2080,310677,280709,591386
67,2080,310677,280709,591386
68,2080,310677,280709,591386
69,2080,310609,280709,591318
70,2080,310583,280709,591292
71,2080,310117,280695,590812
72,2080,310465,280709,591174
73,2080,310117,280695,590812
74,2080,310117,280695,590812
75,2080,310117,280695,590812
76,2080,310117,280695,590812
77,2080,310117,280695,590812
78,2080,312824,302255,615079
79,2080,312361,301855,614216
80,2080,313545,304204,617749
81,2080,315175,307024,622199
82,2080,315175,307024,622199
83,2080,315175,307024,622199
84,2080,315175,307024,622199
85,2080,315175,307024,622199
86,2080,315175,307024,622199
87,2080,315175,307024,622199
88,2080,315175,307024,622199
89,2080,315175,307024,622199
90,2080,315175,307024,622199
91,2080,315175,307024,622199
92,2080,315175,307024,622199
93,2080,315175,307024,622199
94,2080,315175,307024,622199
95,2080,315175,307024,622199
96,2080,315175,307024,622199
97,2080,315175,307024,622199
98,2080,315175,307024,622199
99,2080,315175,307024,622199
100,2080,315175,307024,622199
0,2080,289931,272729,562660
1,2080,289934,272911,562845
2,2080,289982,272952,562934
3,2080,292195,275576,567771
4,2080,291187,274432,565619
5,2080,291032,274005,565037
6,2080,290574,273727,564301
7,2080,291554,273847,565401
8,2080,292191,275275,567466
9,2080,292300,275900,568200
10,2080,291218,275119,566337
11,2080,292350,275661,568011
12,2080,292533,276111,568644
13,2080,294243,276045,570288
14,2080,294509,275322,569831
15,2080,295696,275954,571650
16,2080,295745,275365,571110
17,2080,302787,276624,579411
18,2080,304700,277408,582108
19,2080,305830,279172,585002
20,2080,308798,280475,589273
21,2080,308721,280514,589235
22,2080,309400,280616,590016
23,2080,309775,280624,590399
24,2080,309777,280624,590401
25,2080,309777,280624,590401
26,2080,309777,280624,590401
27,2080,309777,280624,590401
28,2080,309777,280624,590401
29,2080,309777,280624,590401
30,2080,309777,280624,590401
31,2080,309777,280624,590401
32,2080,309777,280624,590401
33,2080,309777,280624,590401
34,2080,309777,280624,590401
35,2080,309777,280624,590401
36,2080,309777,280624,590401
37,2080,309777,280624,590401
38,2080,309777,280624,590401
39,2080,309777,280624,590401
40,2080,309777,280624,590401
41,2080,310523,280709,591232
42,2080,310523,280709,591232
43,2080,310523,280709,591232
44,2080,310523,280709,591232
45,2080,310523,280709,591232
46,2080,310523,280709,591232
47,2080,310523,280709,591232
48,2080,310523,280709,591232
49,2080,310523,280709,591232
50,2080,310523,280709,591232
51,2080,310523,280709,591232
52,2080,310523,280709,591232
53,2080,310523,280709,591232
54,2080,310523,280709,591232
55,2080,310523,280709,591232
56,2080,310523,280709,591232
57,2080,310523,280709,591232
58,2080,310523,280709,591232
59,2080,310523,280709,591232
60,2080,310523,280709,591232
61,2080,310502,280709,591211
62,2080,310542,280709,591251
63,2080,310622,280709,591331
64,2080,310711,280709,591420
65,2080,310776,280709,591485
66,2080,310677,280709,591386
67,2080,310677,280709,591386
68,2080,310677,280709,591386
69,2080,310609,280709,591318
70,2080,310583,280709,591292
71,2080,310117,280695,590812
72,2080,310465,280709,591174
73,2080,310117,280695,590812
74,2080,310117,280695,590812
75,2080,310117,280695,590812
76,2080,310117,280695,590812
77,2080,310117,280695,590812
78,2080,314312,303031,617343
79,2080,314087,303226,617313
80,2080,313783,305497,619280
81,2080,319234,305827,625061
82,2080,319234,305827,625061
83,2080,319234,305827,625061
84,2080,319234,305827,625061
85,2080,319234,305827,625061
86,2080,319234,305827,625061
87,2080,319234,305827,625061
88,2080,319234,305827,625061
89,2080,319234,305827,625061
90,2080,319234,305827,625061
91,2080,319234,305827,625061
92,2080,319234,305827,625061
93,2080,319234,305827,625061
94,2080,319234,305827,625061
95,2080,319234,305827,625061
96,2080,319234,305827,625061
97,2080,319234,305827,625061
98,2080,319234,305827,625061
99,2080,319234,305827,625061
100,2080,319234,305827,625061
0,2080,290389,273324,563713
1,2080,290357,273423,563780
2,2080,290327,273499,563826
3,2080,292216,275829,568045
4,2080,292652,275969,568621
5,2080,290429,274160,564589
6,2080,291995,274742,566737
7,2080,293131,275594,568725
8,2080,292310,275603,567913
9,2080,292239,275895,568134
10,2080,291305,275231,566536
11,2080,292658,276470,569128
12,2080,291894,275712,567606
13,2080,293818,275668,569486
14,2080,294959,275664,570623
15,2080,295329,275541,570870
16,2080,296065,275365,571430
17,2080,302452,276309,578761
18,2080,304434,277399,581833
19,2080,307640,279219,586859
20,2080,308797,280475,589272
21,2080,309191,280529,589720
22,2080,309411,280647,590058
23,2080,309775,280624,590399
24,2080,309777,280624,590401
25,2080,309777,280624,590401
26,2080,309777,280624,590401
27,2080,309777,280624,590401
28,2080,309777,280624,590401
29,2080,309777,280624,590401
30,2080,309777,280624,590401
31,2080,309777,280624,590401
32,2080,309777,280624,590401
33,2080,309777,280624,590401
34,2080,309777,280624,590401
35,2080,309777,280624,590401
36,2080,309777,280624,590401
37,2080,309777,280624,590401
38,2080,309777,280624,590401
39,2080,309777,280624,590401
40,2080,309777,280624,590401
41,2080,310523,280709,591232
42,2080,310523,280709,591232
43,2080,310523,280709,591232
44,2080,310523,280709,591232
45,2080,310523,280709,591232
46,2080,310523,280709,591232
47,2080,310523,280709,591232
48,2080,310523,280709,591232
49,2080,310523,280709,591232
50,2080,310523,280709,591232
51,2080,310523,280709,591232
52,2080,310523,280709,591232
53,2080,310523,280709,591232
54,2080,310523,280709,591232
55,2080,310523,280709,591232
56,2080,310523,280709,591232
57,2080,310523,280709,591232
58,2080,310523,280709,591232
59,2080,310523,280709,591232
60,2080,310523,280709,591232
61,2080,310502,280709,591211
62,2080,310490,280709,591199
63,2080,310622,280709,591331
64,2080,310711,280709,591420
65,2080,310776,280709,591485
66,2080,310677,280709,591386
67,2080,310677,280709,591386
68,2080,310677,280709,591386
69,2080,310609,280709,591318
70,2080,310583,280709,591292
71,2080,310117,280695,590812
72,2080,310465,280709,591174
73,2080,310117,280695,590812
74,2080,310117,280695,590812
75,2080,310117,280695,590812
76,2080,310117,280695,590812
77,2080,310117,280695,590812
78,2080,314565,303350,617915
79,2080,315463,303836,619299
80,2080,315597,307591,623188
81,2080,318475,306338,624813
82,2080,318475,306338,624813
83,2080,318475,306338,624813
84,2080,318475,306338,624813
85,2080,318475,306338,624813
86,2080,318475,306338,624813
87,2080,318475,306338,624813
88,2080,318475,306338,624813
89,2080,318475,306338,624813
90,2080,318475,306338,624813
91,2080,318475,306338,624813
92,2080,318475,306338,624813
93,2080,318475,306338,624813
94,2080,318475,306338,624813
95,2080,318475,306338,624813
96,2080,318475,306338,624813
97,2080,318475,306338,624813
98,2080,318475,306338,624813
99,2080,318475,306338,624813
100,2080,318475,306338,624813
0,2080,291577,274118,565695
1,2080,291704,274059,565763
2,2080,291728,274070,565798
3,2080,292172,275866,568038
4,2080,292520,275795,568315
5,2080,290894,274103,564997
6,2080,293029,275653,568682
7,2080,293002,275585,568587
8,2080,292514,276161,568675
9,2080,292060,275434,567494
10,2080,292373,275869,568242
11,2080,291521,275321,566842
12,2080,292700,275905,568605
13,2080,293942,275538,569480
14,2080,295205,275997,571202
15,2080,296250,275426,571676
16,2080,296330,275907,572237
17,2080,302651,276235,578886
18,2080,304622,277408,582030
19,2080,308470,279310,587780
20,2080,308804,280475,589279
21,2080,309404,280464,589868
22,2080,309411,280647,590058
23,2080,309775,280624,590399
24,2080,309777,280624,590401
25,2080,309777,280624,590401
26,2080,309777,280624,590401
27,2080,309777,280624,590401
28,2080,309777,280624,590401
29,2080,309777,280624,590401
30,2080,309777,280624,590401
31,2080,309777,280624,590401
32,2080,309777,280624,590401
33,2080,309777,280624,590401
34,2080,309777,280624,590401
35,2080,309777,280624,590401
36,2080,309777,280624,590401
37,2080,309777,280624,590401
38,2080,309777,280624,590401
39,2080,309777,280624,590401
40,2080,309777,280624,590401
41,2080,310523,280709,591232
42,2080,310523,280709,591232
43,2080,310523,280709,591232
44,2080,310523,280709,591232
45,2080,310523,280709,591232
46,2080,310523,280709,591232
47,2080,310523,280709,591232
48,2080,310523,280709,591232
49,2080,310523,280709,591232
50,2080,310523,280709,591232
51,2080,310523,280709,591232
52,2080,310523,280709,591232
53,2080,310523,280709,591232
54,2080,310523,280709,591232
55,2080,310523,280709,591232
56,2080,310523,280709,591232
57,2080,310523,280709,591232
58,2080,310523,280709,591232
59,2080,310523,280709,591232
60,2080,310523,280709,591232
61,2080,310502,280709,591211
62,2080,310482,280709,591191
63,2080,310629,280709,591338
64,2080,310711,280709,591420
65,2080,310776,280709,591485
66,2080,310677,280709,591386
67,2080,310677,280709,591386
68,2080,310677,280709,591386
69,2080,310609,280709,591318
70,2080,310583,280709,591292
71,2080,310117,280695,590812
72,2080,310465,280709,591174
73,2080,310117,280695,590812
74,2080,310117,280695,590812
75,2080,310117,280695,590812
76,2080,310117,280695,590812
77,2080,310117,280695,590812
78,2080,314748,304905,619653
79,2080,315681,305040,620721
80,2080,320100,305595,625695
81,2080,319150,304796,623946
82,2080,319150,304796,623946
83,2080,319150,304796,623946
84,2080,319150,304796,623946
85,2080,319150,304796,623946
86,2080,319150,304796,623946
87,2080,319150,304796,623946
88,2080,319150,304796,623946
89,2080,319150,304796,623946
90,2080,319150,304796,623946
91,2080,319150,304796,623946
92,2080,319150,304796,623946
93,2080,319150,304796,623946
94,2080,319150,304796,623946
95,2080,319150,304796,623946
96,2080,319150,304796,623946
97,2080,319150,304796,623946
98,2080,319150,304796,623946
99,2080,319150,304796,623946
100,2080,319150,304796,623946
0,2080,292691,275252,567943
1,2080,292737,275408,568145
2,2080,292737,275396,568133
3,2080,291909,275660,567569
4,2080,292434,275675,568109
5,2080,292224,276129,568353
6,2080,292989,275830,568819
7,2080,292884,275778,568662
8,2080,291224,275620,566844
9,2080,291990,275557,567547
10,2080,292433,276415,568848
11,2080,291391,275660,567051
12,2080,293221,276798,570019
13,2080,294261,275802,570063
14,2080,297791,275834,573625
15,2080,295951,275686,571637
16,2080,296030,275683,571713
17,2080,302367,276387,578754
18,2080,304434,277399,581833
19,2080,309346,279536,588882
20,2080,308804,280475,589279
21,2080,308966,280464,589430
22,2080,309411,280616,590027
23,2080,309775,280624,590399
24,2080,309777,280624,590401
25,2080,309777,280624,590401
26,2080,309777,280624,590401
27,2080,309777,280624,590401
28,2080,309777,280624,590401
29,2080,309777,280624,590401
30,2080,309777,280624,590401
31,2080,309777,280624,590401
32,2080,309777,280624,590401
33,2080,309777,280624,590401
34,2080,309777,280624,590401
35,2080,309777,280624,590401
36,2080,309777,280624,590401
37,2080,309777,280624,590401
38,2080,309777,280624,590401
39,2080,309777,280624,590401
40,2080,309777,280624,590401
41,2080,310523,280709,591232
42,2080,310523,280709,591232
43,2080,310523,280709,591232
44,2080,310523,280709,591232
45,2080,310523,280709,591232
46,2080,310523,280709,591232
47,2080,310523,280709,591232
48,2080,310523,280709,591232
49,2080,310523,280709,591232
50,2080,310523,280709,591232
51,2080,310523,280709,591232
52,2080,310523,280709,591232
53,2080,310523,280709,591232
54,2080,310523,280709,591232
55,2080,310523,280709,591232
56,2080,310523,280709,591232
57,2080,310523,280709,591232
58,2080,310523,280709,591232
59,2080,310523,280709,591232
60,2080,310523,280709,591232
61,2080,310502,280709,591211
62,2080,310542,280709,591251
63,2080,310629,280709,591338
64,2080,310711,280709,591420
65,2080,310776,280709,591485
66,2080,310677,280709,591386
67,2080,310677,280709,591386
68,2080,310677,280709,591386
69,2080,310609,280709,591318
70,2080,310583,280709,591292
71,2080,310117,280695,590812
72,2080,310465,280709,591174
73,2080,310117,280695,590812
74,2080,310117,280695,590812
75,2080,310117,280695,590812
76,2080,310117,280695,590812
77,2080,310117,280695,590812
78,2080,315901,306651,622552
79,2080,316557,307162,623719
80,2080,319112,306085,625197
81,2080,317302,305907,623209
82,2080,317302,305907,623209
83,2080,317302,305907,623209
84,2080,317302,305907,623209
85,2080,317302,305907,623209
86,2080,317302,305907,623209
87,2080,317302,305907,623209
88,2080,317302,305907,623209
89,2080,317302,305907,623209
90,2080,317302,305907,623209
91,2080,317302,305907,623209
92,2080,317302,305907,623209
93,2080,317302,305907,623209
94,2080,317302,305907,623209
95,2080,317302,305907,623209
96,2080,317302,305907,623209
97,2080,317302,305907,623209
98,2080,317302,305907,623209
99,2080,317302,305907,623209
100,2080,317302,305907,623209
