Et√†,Anno,Totale maschi,Totale femmine,Totale
0,2025,195109,189253,384362
1,2025,212157,189932,402089
2,2025,212522,190168,402690
3,2025,216876,190184,407060
4,2025,221353,197422,418775
5,2025,229117,216179,445296
6,2025,242046,228035,470081
7,2025,249025,233594,482619
8,2025,255803,238850,494653
9,2025,261729,249022,510751
10,2025,271676,252890,524566
11,2025,279464,262230,541694
12,2025,301018,276112,577130
13,2025,308450,279839,588289
14,2025,309966,282240,592206
15,2025,311011,280768,591779
16,2025,312365,281214,593579
17,2025,327827,281923,609750
18,2025,323003,282792,605795
19,2025,314271,283187,597458
20,2025,323265,282773,606038
21,2025,327944,282305,610249
22,2025,317136,282177,599313
23,2025,310737,287511,598248
24,2025,311053,281924,592977
25,2025,312078,284932,597010
26,2025,311143,287079,598222
27,2025,311199,292821,604020
28,2025,314015,288248,602263
29,2025,313599,296192,609791
30,2025,314879,314017,628896
31,2025,324924,330015,654939
32,2025,325468,335016,660484
33,2025,329303,323724,653027
34,2025,327957,323181,651138
35,2025,330390,328281,658671
36,2025,328302,323717,652019
37,2025,328576,324291,652867
38,2025,333883,335188,669071
39,2025,336523,337750,674273
40,2025,342983,340846,683829
41,2025,357563,365310,722873
42,2025,357890,376349,734239
43,2025,359708,378875,738583
44,2025,375573,382973,758546
45,2025,385676,401384,787060
46,2025,427231,432755,859986
47,2025,441987,446614,888601
48,2025,475478,473767,949245
49,2025,474923,485535,960458
50,2025,479582,490951,970533
51,2025,475014,487752,962766
52,2025,477782,489083,966865
53,2025,479058,492562,971620
54,2025,480638,493225,973863
55,2025,477780,489629,967409
56,2025,477766,490557,968323
57,2025,479649,490950,970599
58,2025,478400,491498,969898
59,2025,482220,496441,978661
60,2025,474272,486575,960847
61,2025,460130,460978,921108
62,2025,446234,455061,901295
63,2025,423701,438198,861899
64,2025,409842,429015,838857
65,2025,363603,390319,753922
66,2025,357971,389368,747339
67,2025,341723,371886,713609
68,2025,323535,355543,679078
69,2025,321218,360526,681744
70,2025,311592,341949,653541
71,2025,327743,341011,668754
72,2025,300105,336147,636252
73,2025,321915,343678,665593
74,2025,320649,341867,662516
75,2025,311094,345029,656123
76,2025,292623,336029,628652
77,2025,289472,335653,625125
78,2025,220014,260358,480372
79,2025,218542,272980,491522
80,2025,212775,262204,474979
81,2025,198038,255866,453904
82,2025,189431,251817,441248
83,2025,197049,273502,470551
84,2025,175039,251798,426837
85,2025,158534,232306,390840
86,2025,131222,189983,321205
87,2025,108412,179032,287444
88,2025,97450,171701,269151
89,2025,94501,160301,254802
90,2025,61011,121328,182339
91,2025,48406,100136,148542
92,2025,38970,88989,127959
93,2025,29636,75633,105269
94,2025,21748,63751,85499
95,2025,15551,44411,59962
96,2025,12930,36274,49204
97,2025,6662,23006,29668
98,2025,4540,17115,21655
99,2025,2917,12485,15402
100,2025,4356,17120,21476
0,2026,195732,189325,385057
1,2026,216884,189325,406209
2,2026,216660,189325,405985
3,2026,219712,189325,409037
4,2026,220824,189918,410742
5,2026,228114,210698,438812
6,2026,245092,228134,473226
7,2026,253143,231621,484764
8,2026,254292,238884,493176
9,2026,261329,249243,510572
10,2026,272777,254440,527217
11,2026,290581,263052,553633
12,2026,320654,281926,602580
13,2026,313764,282780,596544
14,2026,314304,281831,596135
15,2026,314096,282086,596182
16,2026,313935,282596,596531
17,2026,320075,281956,602031
18,2026,318871,281900,600771
19,2026,311469,282074,593543
20,2026,318880,281900,600780
21,2026,320075,281939,602014
22,2026,310780,281967,592747
23,2026,314029,288340,602369
24,2026,314066,281797,595863
25,2026,313839,287098,600937
26,2026,314018,292615,606633
27,2026,313910,295962,609872
28,2026,313740,291263,605003
29,2026,316082,299587,615669
30,2026,312950,337394,650344
31,2026,324716,328421,653137
32,2026,325600,332157,657757
33,2026,327062,323605,650667
34,2026,327168,322829,649997
35,2026,328421,328421,656842
36,2026,327064,323213,650277
37,2026,327170,323481,650651
38,2026,330099,334295,664394
39,2026,330389,335057,665446
40,2026,335092,338035,673127
41,2026,354414,367886,722300
42,2026,355254,369322,724576
43,2026,355522,369972,725494
44,2026,364590,380880,745470
45,2026,375950,390809,766759
46,2026,437826,445790,883616
47,2026,457316,461418,918734
48,2026,478575,484561,963136
49,2026,477647,487498,965145
50,2026,482091,493752,975843
51,2026,477549,487546,965095
52,2026,477837,489743,967580
53,2026,480580,493127,973707
54,2026,483373,494428,977801
55,2026,478622,490429,969051
56,2026,478770,491606,970376
57,2026,482141,493752,975893
58,2026,480269,492312,972581
59,2026,482458,493202,975660
60,2026,477673,488010,965683
61,2026,482532,486512,969044
62,2026,473971,470925,944896
63,2026,442252,450554,892806
64,2026,429034,438766,867800
65,2026,358094,389218,747312
66,2026,354058,385686,739744
67,2026,334940,367465,702405
68,2026,325371,347739,673110
69,2026,321647,345845,667492
70,2026,311415,337477,648892
71,2026,328246,337127,665373
72,2026,306026,335023,641049
73,2026,324382,337494,661876
74,2026,317773,337232,655005
75,2026,311113,338502,649615
76,2026,295676,334307,629983
77,2026,293077,333262,626339
78,2026,225421,260325,485746
79,2026,225056,277543,502599
80,2026,219275,261797,481072
81,2026,202443,256734,459177
82,2026,197427,252707,450134
83,2026,198660,276371,475031
84,2026,175184,252699,427883
85,2026,161027,232202,393229
86,2026,131154,189036,320190
87,2026,109951,182272,292223
88,2026,97930,177430,275360
89,2026,96198,168646,264844
90,2026,57800,117582,175382
91,2026,45974,96147,142121
92,2026,38260,88101,126361
93,2026,29814,75705,105519
94,2026,24052,63771,87823
95,2026,15645,44353,59998
96,2026,14304,40399,54703
97,2026,7227,23305,30532
98,2026,4886,17467,22353
99,2026,3041,12834,15875
100,2026,4628,17235,21863
0,2027,195688,189325,385013
1,2027,219747,189325,409072
2,2027,219712,189325,409037
3,2027,220094,189325,409419
4,2027,220802,189325,410127
5,2027,226358,201746,428104
6,2027,246481,228146,474627
7,2027,256993,231510,488503
8,2027,260404,238884,499288
9,2027,261193,248834,510027
10,2027,275383,256558,531941
11,2027,307390,265253,572643
12,2027,313225,281956,595181
13,2027,313810,281924,595734
14,2027,311333,281955,593288
15,2027,313682,281994,595676
16,2027,313818,281945,595763
17,2027,313308,281956,595264
18,2027,312492,281956,594448
19,2027,313850,281937,595787
20,2027,312516,281956,594472
21,2027,313308,281956,595264
22,2027,314086,281797,595883
23,2027,313740,291100,604840
24,2027,313682,281955,595637
25,2027,313900,292821,606721
26,2027,313597,296342,609939
27,2027,315634,299570,615204
28,2027,313852,297138,610990
29,2027,314091,313313,627404
30,2027,311523,334839,646362
31,2027,324587,328048,652635
32,2027,325177,328407,653584
33,2027,327309,322944,650253
34,2027,327229,322510,649739
35,2027,327072,328113,655185
36,2027,327202,322626,649828
37,2027,327225,322825,650050
38,2027,328307,331120,659427
39,2027,328337,333081,661418
40,2027,331325,334897,666222
41,2027,347826,367238,715064
42,2027,351363,367573,718936
43,2027,351920,367416,719336
44,2027,355504,373281,728785
45,2027,369183,390413,759596
46,2027,453087,457625,910712
47,2027,482830,487461,970291
48,2027,479341,488169,967510
49,2027,477423,487380,964803
50,2027,483513,494067,977580
51,2027,477343,487380,964723
52,2027,478636,490598,969234
53,2027,483373,494428,977801
54,2027,481585,490970,972555
55,2027,480251,492247,972498
56,2027,480021,492662,972683
57,2027,483507,494026,977533
58,2027,483308,494075,977383
59,2027,484085,494403,978488
60,2027,477527,487789,965316
61,2027,484097,491692,975789
62,2027,480464,487337,967801
63,2027,462624,465235,927859
64,2027,443833,450256,894089
65,2027,354092,385667,739759
66,2027,347579,376147,723726
67,2027,331273,365179,696452
68,2027,325799,337949,663748
69,2027,324353,338737,663090
70,2027,310821,335093,645914
71,2027,327883,334938,662821
72,2027,316127,332488,648615
73,2027,324894,334991,659885
74,2027,312353,334931,647284
75,2027,311146,336278,647424
76,2027,299406,332350,631756
77,2027,298212,331171,629383
78,2027,230829,260358,491187
79,2027,230748,282738,513486
80,2027,224593,261401,485994
81,2027,212522,256885,469407
82,2027,201883,254182,456065
83,2027,200554,282046,482600
84,2027,175639,254261,429900
85,2027,164106,232027,396133
86,2027,131154,189036,320190
87,2027,110766,182687,293453
88,2027,98127,178352,276479
89,2027,97735,173818,271553
90,2027,55689,115667,171356
91,2027,47610,103442,151052
92,2027,39434,91724,131158
93,2027,30401,75817,106218
94,2027,24863,64644,89507
95,2027,15620,44316,59936
96,2027,15274,44102,59376
97,2027,7318,23452,30770
98,2027,4842,17572,22414
99,2027,3070,12862,15932
100,2027,4876,17490,22366
0,2028,195688,189325,385013
1,2028,220094,189325,409419
2,2028,220094,189325,409419
3,2028,220502,189325,409827
4,2028,220802,189325,410127
5,2028,226836,190326,417162
6,2028,246721,228146,474867
7,2028,253876,229138,483014
8,2028,260194,239045,499239
9,2028,261183,249240,510423
10,2028,275275,258295,533570
11,2028,316135,275550,591685
12,2028,314313,281980,596293
13,2028,313843,281980,595823
14,2028,314106,281797,595903
15,2028,314566,281980,596546
16,2028,313843,281980,595823
17,2028,314296,281980,596276
18,2028,313984,281980,595964
19,2028,313847,281980,595827
20,2028,313991,281980,595971
21,2028,314296,281980,596276
22,2028,313682,281955,595637
23,2028,313852,301914,615766
24,2028,314566,281980,596546
25,2028,313765,296224,609989
26,2028,316082,299465,615547
27,2028,314317,313359,627676
28,2028,315918,302614,618532
29,2028,317577,332979,650556
30,2028,309481,332203,641684
31,2028,324434,328240,652674
32,2028,324964,328086,653050
33,2028,327342,322663,650005
34,2028,327329,322663,649992
35,2028,327569,328345,655914
36,2028,327264,322663,649927
37,2028,327295,322663,649958
38,2028,327774,328236,656010
39,2028,327896,329155,657051
40,2028,328601,332051,660652
41,2028,339106,366318,705424
42,2028,345467,367447,712914
43,2028,347458,367378,714836
44,2028,353000,369995,722995
45,2028,358620,389468,748088
46,2028,476509,462337,938846
47,2028,483818,491427,975245
48,2028,481806,490470,972276
49,2028,477413,487456,964869
50,2028,482766,492584,975350
51,2028,477390,487450,964840
52,2028,480251,492247,972498
53,2028,481585,490970,972555
54,2028,484043,494296,978339
55,2028,483361,494075,977436
56,2028,483360,494105,977465
57,2028,483211,492871,976082
58,2028,483155,492920,976075
59,2028,481557,490476,972033
60,2028,477383,487500,964883
61,2028,483834,492851,976685
62,2028,483097,490799,973896
63,2028,492624,495908,988532
64,2028,461901,464972,926873
65,2028,347660,376147,723807
66,2028,328341,358729,687070
67,2028,330099,363784,693883
68,2028,326022,335187,661209
69,2028,324873,335621,660494
70,2028,309882,334058,643940
71,2028,328051,332038,660089
72,2028,310161,329108,639269
73,2028,325152,332158,657310
74,2028,310360,332203,642563
75,2028,310471,335734,646205
76,2028,305427,329604,635031
77,2028,298729,328837,627566
78,2028,233876,260348,494224
79,2028,235732,283216,518948
80,2028,226944,260694,487638
81,2028,219201,257430,476631
82,2028,212866,255693,468559
83,2028,207165,282614,489779
84,2028,177933,255916,433849
85,2028,165989,231916,397905
86,2028,131154,189036,320190
87,2028,113489,182752,296241
88,2028,98280,178994,277274
89,2028,98000,177486,275486
90,2028,49566,107374,156940
91,2028,44593,95486,140079
92,2028,39307,88588,127895
93,2028,29956,75535,105491
94,2028,24723,63954,88677
95,2028,15620,44338,59958
96,2028,15804,44483,60287
97,2028,7970,25499,33469
98,2028,4836,17593,22429
99,2028,3096,12937,16033
100,2028,4839,17572,22411
0,2029,195688,189325,385013
1,2029,220502,189325,409827
2,2029,220502,189325,409827
3,2029,220579,189325,409904
4,2029,220802,189325,410127
5,2029,225923,189325,415248
6,2029,246721,228146,474867
7,2029,264521,228079,492600
8,2029,260194,238970,499164
9,2029,261140,248834,509974
10,2029,275532,258589,534121
11,2029,310650,284080,594730
12,2029,311333,281980,593313
13,2029,313843,281980,595823
14,2029,313682,281955,595637
15,2029,311018,281980,592998
16,2029,313843,281980,595823
17,2029,311333,281980,593313
18,2029,313878,281980,595858
19,2029,313847,281980,595827
20,2029,313878,281980,595858
21,2029,311333,281980,593313
22,2029,314566,281980,596546
23,2029,318413,313390,631803
24,2029,311018,281980,592998
25,2029,315608,299415,615023
26,2029,314054,313345,627399
27,2029,314448,332610,647058
28,2029,315256,313835,629091
29,2029,311453,329204,640657
30,2029,308531,329961,638492
31,2029,324365,328331,652696
32,2029,324623,328277,652900
33,2029,327360,322663,650023
34,2029,327360,322663,650023
35,2029,327624,328368,655992
36,2029,327300,322663,649963
37,2029,327360,322663,650023
38,2029,327457,328368,655825
39,2029,327469,328042,655511
40,2029,327941,328404,656345
41,2029,334869,365937,700806
42,2029,339910,367543,707453
43,2029,339029,366650,705679
44,2029,347706,368116,715822
45,2029,355382,386078,741460
46,2029,479079,486394,965473
47,2029,483525,492819,976344
48,2029,484137,494282,978419
49,2029,477409,487375,964784
50,2029,483977,494008,977985
51,2029,477409,487375,964784
52,2029,483361,494075,977436
53,2029,484043,494296,978339
54,2029,481595,490655,972250
55,2029,483182,492920,976102
56,2029,482041,491573,973614
57,2029,483709,494039,977748
58,2029,483671,493990,977661
59,2029,484178,494215,978393
60,2029,477409,487375,964784
61,2029,483662,492946,976608
62,2029,483764,493946,977710
63,2029,487556,493587,981143
64,2029,491768,495481,987249
65,2029,327751,358608,686359
66,2029,328327,349535,677862
67,2029,330662,363849,694511
68,2029,325824,334385,660209
69,2029,325193,335095,660288
70,2029,310145,330015,640160
71,2029,327886,328404,656290
72,2029,307033,327781,634814
73,2029,325042,328407,653449
74,2029,307958,329787,637745
75,2029,310177,335098,645275
76,2029,316022,328729,644751
77,2029,299814,328694,628508
78,2029,233908,260348,494256
79,2029,242710,283427,526137
80,2029,232082,260427,492509
81,2029,224141,256889,481030
82,2029,219201,256711,475912
83,2029,209146,279779,488925
84,2029,179808,256734,436542
85,2029,167037,231916,398953
86,2029,131154,189036,320190
87,2029,116602,182911,299513
88,2029,98328,179079,277407
89,2029,98267,178456,276723
90,2029,51503,108405,159908
91,2029,47728,102690,150418
92,2029,39490,89473,128963
93,2029,30310,75847,106157
94,2029,24728,64003,88731
95,2029,15620,44338,59958
96,2029,16081,45280,61361
97,2029,8533,28251,36784
98,2029,4836,17593,22429
99,2029,3104,12960,16064
100,2029,4839,17593,22432
0,2030,195688,189325,385013
1,2030,220579,189325,409904
2,2030,220579,189325,409904
3,2030,220906,189325,410231
4,2030,220802,189325,410127
5,2030,226317,189325,415642
6,2030,246721,228146,474867
7,2030,284904,228125,513029
8,2030,260194,238970,499164
9,2030,261514,249237,510751
10,2030,276551,259065,535616
11,2030,314045,285119,599164
12,2030,314106,281797,595903
13,2030,313843,281980,595823
14,2030,314566,281980,596546
15,2030,314056,281797,595853
16,2030,313843,281980,595823
17,2030,314106,281797,595903
18,2030,313847,281980,595827
19,2030,313847,281980,595827
20,2030,313847,281980,595827
21,2030,314106,281797,595903
22,2030,311018,281980,592998
23,2030,313730,330753,644483
24,2030,314056,281797,595853
25,2030,314280,313793,628073
26,2030,317577,332798,650375
27,2030,310310,329212,639522
28,2030,312703,330984,643687
29,2030,306938,327889,634827
30,2030,307349,328027,635376
31,2030,324350,328331,652681
32,2030,324434,328368,652802
33,2030,327360,322663,650023
34,2030,327360,322663,650023
35,2030,327619,328368,655987
36,2030,327360,322663,650023
37,2030,327360,322663,650023
38,2030,327622,328368,655990
39,2030,327673,328335,656008
40,2030,327416,328049,655465
41,2030,334136,366175,700311
42,2030,334718,365836,700554
43,2030,334794,366393,701187
44,2030,338697,366345,705042
45,2030,351438,374819,726257
46,2030,479242,488756,967998
47,2030,483406,493012,976418
48,2030,481434,490636,972070
49,2030,477409,487456,964865
50,2030,483052,492466,975518
51,2030,477409,487456,964865
52,2030,483182,492920,976102
53,2030,481595,490655,972250
54,2030,484200,494235,978435
55,2030,483671,493990,977661
56,2030,484212,494335,978547
57,2030,482602,492073,974675
58,2030,482726,492207,974933
59,2030,481578,490783,972361
60,2030,477409,487456,964865
61,2030,483489,493037,976526
62,2030,482797,492292,975089
63,2030,480947,490707,971654
64,2030,485740,493576,979316
65,2030,328583,349515,678098
66,2030,328200,341473,669673
67,2030,330913,363849,694762
68,2030,325846,333532,659378
69,2030,325611,334220,659831
70,2030,307096,328364,635460
71,2030,327433,328049,655482
72,2030,309458,328137,637595
73,2030,324822,328048,652870
74,2030,309318,328286,637604
75,2030,310424,334058,644482
76,2030,310025,327844,637869
77,2030,305526,328881,634407
78,2030,233892,260348,494240
79,2030,253020,285414,538434
80,2030,233823,260348,494171
81,2030,226826,257432,484258
82,2030,224158,256853,481011
83,2030,214203,282424,496627
84,2030,186021,256885,442906
85,2030,167781,231882,399663
86,2030,131154,189036,320190
87,2030,120593,182922,303515
88,2030,98526,179079,277605
89,2030,98280,178994,277274
90,2030,50784,106882,157666
91,2030,44634,95934,140568
92,2030,38051,87726,125777
93,2030,30215,75989,106204
94,2030,24765,64003,88768
95,2030,15620,44338,59958
96,2030,16009,45155,61164
97,2030,8945,28837,37782
98,2030,4836,17593,22429
99,2030,3104,12927,16031
100,2030,4836,17593,22429
0,2031,195688,189325,385013
1,2031,220906,189325,410231
2,2031,220906,189325,410231
3,2031,220802,189325,410127
4,2031,220802,189325,410127
5,2031,226632,189325,415957
6,2031,246721,228146,474867
7,2031,298381,228125,526506
8,2031,260194,238970,499164
9,2031,261325,248834,510159
10,2031,276345,259003,535348
11,2031,313659,287079,600738
12,2031,313682,281955,595637
13,2031,313843,281980,595823
14,2031,311018,281980,592998
15,2031,313682,281955,595637
16,2031,313843,281980,595823
17,2031,313682,281955,595637
18,2031,313847,281980,595827
19,2031,313847,281980,595827
20,2031,313847,281980,595827
21,2031,313682,281955,595637
22,2031,314056,281797,595853
23,2031,309054,328129,637183
24,2031,313682,281955,595637
25,2031,314957,332373,647330
26,2031,311422,329221,640643
27,2031,306722,327889,634611
28,2031,309186,328107,637293
29,2031,309458,328157,637615
30,2031,309569,327866,637435
31,2031,324410,328331,652741
32,2031,324365,328331,652696
33,2031,327360,322663,650023
34,2031,327360,322663,650023
35,2031,327619,328368,655987
36,2031,327360,322663,650023
37,2031,327360,322663,650023
38,2031,327619,328368,655987
39,2031,327619,328368,655987
40,2031,327607,328335,655942
41,2031,334425,366324,700749
42,2031,334202,366292,700494
43,2031,332430,364580,697010
44,2031,334965,365888,700853
45,2031,346308,369504,715812
46,2031,480836,491011,971847
47,2031,483863,493668,977531
48,2031,484181,494205,978386
49,2031,477409,487375,964784
50,2031,483464,493874,977338
51,2031,477409,487375,964784
52,2031,483671,493990,977661
53,2031,484200,494235,978435
54,2031,481273,490595,971868
55,2031,482726,492207,974933
56,2031,481052,490278,971330
57,2031,484035,494265,978300
58,2031,484010,494029,978039
59,2031,484074,494252,978326
60,2031,477409,487375,964784
61,2031,483640,493471,977111
62,2031,483934,494002,977936
63,2031,484010,494133,978143
64,2031,480201,490785,970986
65,2031,328306,341473,669779
66,2031,327998,337348,665346
67,2031,331496,363982,695478
68,2031,325819,329480,655299
69,2031,325729,330520,656249
70,2031,309461,328088,637549
71,2031,327673,328335,656008
72,2031,306278,327792,634070
73,2031,324572,328277,652849
74,2031,306298,327945,634243
75,2031,309679,330015,639694
76,2031,306083,327909,633992
77,2031,315836,328385,644221
78,2031,233892,260348,494240
79,2031,267277,294074,561351
80,2031,233908,260348,494256
81,2031,231959,256896,488855
82,2031,226826,257436,484262
83,2031,220529,282625,503154
84,2031,188700,257461,446161
85,2031,167844,231882,399726
86,2031,131154,189036,320190
87,2031,123944,182922,306866
88,2031,98612,179079,277691
89,2031,98328,179079,277407
90,2031,50508,107679,158187
91,2031,47759,103625,151384
92,2031,42069,96315,138384
93,2031,30215,75989,106204
94,2031,24713,63952,88665
95,2031,15620,44338,59958
96,2031,16028,45050,61078
97,2031,9733,30336,40069
98,2031,4836,17593,22429
99,2031,3105,12960,16065
100,2031,4836,17593,22429
0,2032,195688,189325,385013
1,2032,220802,189325,410127
2,2032,220802,189325,410127
3,2032,220802,189325,410127
4,2032,220802,189325,410127
5,2032,225921,189325,415246
6,2032,246721,228146,474867
7,2032,309513,228125,537638
8,2032,260194,238970,499164
9,2032,261183,249240,510423
10,2032,276271,258943,535214
11,2032,314639,292821,607460
12,2032,314566,281980,596546
13,2032,313843,281980,595823
14,2032,314056,281797,595853
15,2032,314566,281980,596546
16,2032,313843,281980,595823
17,2032,314566,281980,596546
18,2032,313847,281980,595827
19,2032,313847,281980,595827
20,2032,313847,281980,595827
21,2032,314566,281980,596546
22,2032,313682,281955,595637
23,2032,306205,327792,633997
24,2032,314566,281980,596546
25,2032,309843,329531,639374
26,2032,306890,327889,634779
27,2032,309707,328186,637893
28,2032,306266,327792,634058
29,2032,306278,327957,634235
30,2032,305989,327909,633898
31,2032,324365,328331,652696
32,2032,324350,328331,652681
33,2032,327360,322663,650023
34,2032,327360,322663,650023
35,2032,327619,328368,655987
36,2032,327360,322663,650023
37,2032,327360,322663,650023
38,2032,327619,328368,655987
39,2032,327619,328368,655987
40,2032,327619,328368,655987
41,2032,332587,364755,697342
42,2032,332777,364960,697737
43,2032,330819,363407,694226
44,2032,334712,366359,701071
45,2032,339092,366911,706003
46,2032,483393,494125,977518
47,2032,483456,492655,976111
48,2032,481578,490783,972361
49,2032,477409,487456,964865
50,2032,483153,492948,976101
51,2032,477409,487456,964865
52,2032,482726,492207,974933
53,2032,481273,490595,971868
54,2032,484138,494196,978334
55,2032,484010,494029,978039
56,2032,483949,494169,978118
57,2032,481595,490655,972250
58,2032,483248,492466,975714
59,2032,481603,490672,972275
60,2032,477409,487456,964865
61,2032,483320,492813,976133
62,2032,483025,492466,975491
63,2032,481708,490997,972705
64,2032,483221,493961,977182
65,2032,327998,337348,665346
66,2032,327882,334821,662703
67,2032,331424,363808,695232
68,2032,325270,328211,653481
69,2032,325117,328147,653264
70,2032,306278,327763,634041
71,2032,327619,328368,655987
72,2032,310185,328210,638395
73,2032,324434,328368,652802
74,2032,309748,328229,637977
75,2032,306977,328364,635341
76,2032,312519,328229,640748
77,2032,309993,328214,638207
78,2032,233892,260348,494240
79,2032,281296,300599,581895
80,2032,233892,260348,494240
81,2032,233613,257424,491037
82,2032,231959,256896,488855
83,2032,226507,283425,509932
84,2032,192889,256921,449810
85,2032,167844,231882,399726
86,2032,131154,189036,320190
87,2032,125153,182922,308075
88,2032,98612,179079,277691
89,2032,98526,179079,277605
90,2032,50179,107419,157598
91,2032,44638,95486,140124
92,2032,41084,97463,138547
93,2032,30215,75989,106204
94,2032,24728,64003,88731
95,2032,15620,44338,59958
96,2032,16056,45090,61146
97,2032,10040,30380,40420
98,2032,4836,17593,22429
99,2032,3104,12927,16031
100,2032,4836,17593,22429
0,2033,195688,189325,385013
1,2033,220802,189325,410127
2,2033,220802,189325,410127
3,2033,220802,189325,410127
4,2033,220802,189325,410127
5,2033,226317,189325,415642
6,2033,246721,228146,474867
7,2033,311814,228125,539939
8,2033,260194,238970,499164
9,2033,261140,248834,509974
10,2033,276661,258933,535594
11,2033,311010,296207,607217
12,2033,311018,281980,592998
13,2033,313843,281980,595823
14,2033,313682,281955,595637
15,2033,311018,281980,592998
16,2033,313843,281980,595823
17,2033,311018,281980,592998
18,2033,313847,281980,595827
19,2033,313847,281980,595827
20,2033,313847,281980,595827
21,2033,311018,281980,592998
22,2033,314566,281980,596546
23,2033,312518,328210,640728
24,2033,311018,281980,592998
25,2033,306945,328680,635625
26,2033,309458,328157,637615
27,2033,306015,327957,633972
28,2033,310185,328210,638395
29,2033,310171,328229,638400
30,2033,312499,328662,641161
31,2033,324350,328331,652681
32,2033,324410,328331,652741
33,2033,327360,322663,650023
34,2033,327360,322663,650023
35,2033,327619,328368,655987
36,2033,327360,322663,650023
37,2033,327360,322663,650023
38,2033,327619,328368,655987
39,2033,327619,328368,655987
40,2033,327619,328368,655987
41,2033,330645,363421,694066
42,2033,330669,364670,695339
43,2033,331256,363927,695183
44,2033,332549,364755,697304
45,2033,334794,366352,701146
46,2033,482041,491573,973614
47,2033,483333,493280,976613
48,2033,484074,494252,978326
49,2033,477409,487375,964784
50,2033,483671,493990,977661
51,2033,477409,487375,964784
52,2033,484010,494029,978039
53,2033,484138,494196,978334
54,2033,481578,490783,972361
55,2033,483248,492466,975714
56,2033,481486,490997,972483
57,2033,484200,494235,978435
58,2033,483521,493935,977456
59,2033,484135,494241,978376
60,2033,477409,487375,964784
61,2033,483853,493630,977483
62,2033,483464,493874,977338
63,2033,484062,494296,978358
64,2033,483324,493546,976870
65,2033,327882,334821,662703
66,2033,328051,332140,660191
67,2033,331424,363808,695232
68,2033,324961,328418,653379
69,2033,324964,328418,653382
70,2033,310185,328485,638670
71,2033,327619,328368,655987
72,2033,306328,327957,634285
73,2033,324365,328331,652696
74,2033,306015,327945,633960
75,2033,309451,328088,637539
76,2033,307670,328173,635843
77,2033,306226,327957,634183
78,2033,233892,260348,494240
79,2033,311209,315145,626354
80,2033,233892,260348,494240
81,2033,233786,256896,490682
82,2033,233613,257424,491037
83,2033,235439,284301,519740
84,2033,201627,257392,459019
85,2033,167844,231882,399726
86,2033,131154,189036,320190
87,2033,125629,182922,308551
88,2033,98612,179079,277691
89,2033,98612,179079,277691
90,2033,51903,108161,160064
91,2033,47556,102690,150246
92,2033,40787,96574,137361
93,2033,30215,75989,106204
94,2033,24765,64003,88768
95,2033,15620,44338,59958
96,2033,16064,45194,61258
97,2033,12081,33786,45867
98,2033,4836,17593,22429
99,2033,3105,12960,16065
100,2033,4836,17593,22429
0,2034,195688,189325,385013
1,2034,220802,189325,410127
2,2034,220802,189325,410127
3,2034,220802,189325,410127
4,2034,220802,189325,410127
5,2034,226632,189325,415957
6,2034,246721,228146,474867
7,2034,310722,228125,538847
8,2034,260194,238970,499164
9,2034,261514,249237,510751
10,2034,276323,258992,535315
11,2034,314878,299599,614477
12,2034,314056,281797,595853
13,2034,313843,281980,595823
14,2034,314566,281980,596546
15,2034,314056,281797,595853
16,2034,313843,281980,595823
17,2034,314056,281797,595853
18,2034,313847,281980,595827
19,2034,313847,281980,595827
20,2034,313847,281980,595827
21,2034,314056,281797,595853
22,2034,311018,281980,592998
23,2034,307670,328185,635855
24,2034,314056,281797,595853
25,2034,309466,327718,637184
26,2034,306278,327957,634235
27,2034,312519,328662,641181
28,2034,306328,327957,634285
29,2034,306251,327945,634196
30,2034,308112,327867,635979
31,2034,324410,328331,652741
32,2034,324365,328331,652696
33,2034,327360,322663,650023
34,2034,327360,322663,650023
35,2034,327619,328368,655987
36,2034,327360,322663,650023
37,2034,327360,322663,650023
38,2034,327619,328368,655987
39,2034,327619,328368,655987
40,2034,327619,328368,655987
41,2034,330600,363793,694393
42,2034,330785,363926,694711
43,2034,331424,363856,695280
44,2034,330728,363407,694135
45,2034,332430,364580,697010
46,2034,484212,494335,978547
47,2034,483867,493655,977522
48,2034,481603,490672,972275
49,2034,477409,487456,964865
50,2034,482726,492207,974933
51,2034,477409,487456,964865
52,2034,483248,492466,975714
53,2034,481578,490783,972361
54,2034,484074,494252,978326
55,2034,483521,493935,977456
56,2034,484086,494286,978372
57,2034,481273,490595,971868
58,2034,482948,492497,975445
59,2034,481434,490653,972087
60,2034,477409,487456,964865
61,2034,483476,492655,976131
62,2034,483153,492948,976101
63,2034,481595,490655,972250
64,2034,483653,493514,977167
65,2034,328051,332140,660191
66,2034,327886,328436,656322
67,2034,331424,363808,695232
68,2034,324623,328048,652671
69,2034,324623,328048,652671
70,2034,306345,327642,633987
71,2034,327619,328368,655987
72,2034,309748,328229,637977
73,2034,324350,328331,652681
74,2034,312519,328662,641181
75,2034,306278,327763,634041
76,2034,308629,328088,636717
77,2034,312504,328229,640733
78,2034,233892,260348,494240
79,2034,322107,343741,665848
80,2034,233892,260348,494240
81,2034,233672,257424,491096
82,2034,233786,256896,490682
83,2034,242728,290300,533028
84,2034,210387,256921,467308
85,2034,167844,231882,399726
86,2034,131154,189036,320190
87,2034,130365,182922,313287
88,2034,98612,179079,277691
89,2034,98612,179079,277691
90,2034,51471,107210,158681
91,2034,44617,95934,140551
92,2034,39995,93855,133850
93,2034,30215,75989,106204
94,2034,24713,63952,88665
95,2034,15620,44338,59958
96,2034,16050,45194,61244
97,2034,12641,37333,49974
98,2034,4836,17593,22429
99,2034,3104,12927,16031
100,2034,4836,17593,22429
0,2035,195688,189325,385013
1,2035,220802,189325,410127
2,2035,220802,189325,410127
3,2035,220802,189325,410127
4,2035,220802,189325,410127
5,2035,225921,189325,415246
6,2035,246721,228146,474867
7,2035,311156,228125,539281
8,2035,260194,238970,499164
9,2035,261325,248834,510159
10,2035,276292,258933,535225
11,2035,315118,313928,629046
12,2035,313682,281955,595637
13,2035,313843,281980,595823
14,2035,311018,281980,592998
15,2035,313682,281955,595637
16,2035,313843,281980,595823
17,2035,313682,281955,595637
18,2035,313847,281980,595827
19,2035,313847,281980,595827
20,2035,313847,281980,595827
21,2035,313682,281955,595637
22,2035,314056,281797,595853
23,2035,308629,328088,636717
24,2035,313682,281955,595637
25,2035,306232,328019,634251
26,2035,310171,328229,638400
27,2035,308116,327867,635983
28,2035,309748,328229,637977
29,2035,310103,328229,638332
30,2035,308639,327960,636599
31,2035,324365,328331,652696
32,2035,324350,328331,652681
33,2035,327360,322663,650023
34,2035,327360,322663,650023
35,2035,327619,328368,655987
36,2035,327360,322663,650023
37,2035,327360,322663,650023
38,2035,327619,328368,655987
39,2035,327619,328368,655987
40,2035,327619,328368,655987
41,2035,330879,363849,694728
42,2035,331126,363849,694975
43,2035,331424,363808,695232
44,2035,330873,363793,694666
45,2035,330819,363407,694226
46,2035,481052,490278,971330
47,2035,483456,492655,976111
48,2035,484135,494241,978376
49,2035,477409,487375,964784
50,2035,484010,494029,978039
51,2035,477409,487375,964784
52,2035,483521,493935,977456
53,2035,484074,494252,978326
54,2035,481603,490672,972275
55,2035,482948,492497,975445
56,2035,481603,490655,972258
57,2035,484138,494196,978334
58,2035,483544,493953,977497
59,2035,484181,494164,978345
60,2035,477409,487375,964784
61,2035,483333,493280,976613
62,2035,483671,493990,977661
63,2035,484200,494235,978435
64,2035,483409,492813,976222
65,2035,327886,328436,656322
66,2035,327433,328049,655482
67,2035,331424,363808,695232
68,2035,324434,328240,652674
69,2035,324434,328240,652674
70,2035,310054,328504,638558
71,2035,327619,328368,655987
72,2035,306015,327945,633960
73,2035,324410,328331,652741
74,2035,308116,327867,635983
75,2035,310185,328485,638670
76,2035,306648,327794,634442
77,2035,307670,328173,635843
78,2035,233892,260348,494240
79,2035,324604,337349,661953
80,2035,233892,260348,494240
81,2035,233903,256896,490799
82,2035,233672,257424,491096
83,2035,253275,291902,545177
84,2035,218585,257392,475977
85,2035,167844,231882,399726
86,2035,131154,189036,320190
87,2035,130941,184817,315758
88,2035,98612,179079,277691
89,2035,98612,179079,277691
90,2035,50713,106967,157680
91,2035,47759,103625,151384
92,2035,39313,87571,126884
93,2035,30215,75989,106204
94,2035,24728,64003,88731
95,2035,15620,44338,59958
96,2035,16050,45194,61244
97,2035,14164,40293,54457
98,2035,4836,17593,22429
99,2035,3105,12960,16065
100,2035,4836,17593,22429
0,2036,195688,189325,385013
1,2036,220802,189325,410127
2,2036,220802,189325,410127
3,2036,220802,189325,410127
4,2036,220802,189325,410127
5,2036,226317,189325,415642
6,2036,246721,228146,474867
7,2036,311161,228125,539286
8,2036,260194,238970,499164
9,2036,261183,249240,510423
10,2036,276661,258933,535594
11,2036,312716,333713,646429
12,2036,314566,281980,596546
13,2036,313843,281980,595823
14,2036,314056,281797,595853
15,2036,314566,281980,596546
16,2036,313843,281980,595823
17,2036,314566,281980,596546
18,2036,313847,281980,595827
19,2036,313847,281980,595827
20,2036,313847,281980,595827
21,2036,314566,281980,596546
22,2036,313682,281955,595637
23,2036,306648,327794,634442
24,2036,314566,281980,596546
25,2036,310103,328084,638187
26,2036,306251,327945,634196
27,2036,308639,327960,636599
28,2036,306015,327945,633960
29,2036,306251,327945,634196
30,2036,306648,327939,634587
31,2036,324350,328331,652681
32,2036,324410,328331,652741
33,2036,327360,322663,650023
34,2036,327360,322663,650023
35,2036,327619,328368,655987
36,2036,327360,322663,650023
37,2036,327360,322663,650023
38,2036,327619,328368,655987
39,2036,327619,328368,655987
40,2036,327619,328368,655987
41,2036,331509,363982,695491
42,2036,331424,363856,695280
43,2036,331424,363808,695232
44,2036,331534,363982,695516
45,2036,331256,363927,695183
46,2036,483949,494169,978118
47,2036,483333,493280,976613
48,2036,481434,490653,972087
49,2036,477409,487456,964865
50,2036,483248,492466,975714
51,2036,477409,487456,964865
52,2036,482948,492497,975445
53,2036,481603,490672,972275
54,2036,484135,494241,978376
55,2036,483544,493953,977497
56,2036,484200,494235,978435
57,2036,481578,490783,972361
58,2036,483061,492435,975496
59,2036,481546,490906,972452
60,2036,477409,487456,964865
61,2036,483867,493655,977522
62,2036,482726,492207,974933
63,2036,481273,490595,971868
64,2036,483813,493594,977407
65,2036,327433,328049,655482
66,2036,327673,328335,656008
67,2036,331424,363808,695232
68,2036,324365,328331,652696
69,2036,324365,328331,652696
70,2036,306243,327642,633885
71,2036,327619,328368,655987
72,2036,312519,328662,641181
73,2036,324365,328331,652696
74,2036,308639,327960,636599
75,2036,306345,327642,633987
76,2036,309707,328210,637917
77,2036,308629,328088,636717
78,2036,233892,260348,494240
79,2036,325152,334924,660076
80,2036,233892,260348,494240
81,2036,233657,257424,491081
82,2036,233903,256896,490799
83,2036,273080,299787,572867
84,2036,224316,256889,481205
85,2036,167844,231882,399726
86,2036,131154,189036,320190
87,2036,131154,188747,319901
88,2036,98612,179079,277691
89,2036,98612,179079,277691
90,2036,50409,107504,157913
91,2036,44638,95486,140124
92,2036,41274,95504,136778
93,2036,30215,75989,106204
94,2036,24765,64003,88768
95,2036,15620,44338,59958
96,2036,16050,45194,61244
97,2036,15277,44181,59458
98,2036,4836,17593,22429
99,2036,3104,12927,16031
100,2036,4836,17593,22429
0,2037,195688,189325,385013
1,2037,220802,189325,410127
2,2037,220802,189325,410127
3,2037,220802,189325,410127
4,2037,220802,189325,410127
5,2037,226632,189325,415957
6,2037,246721,228146,474867
7,2037,311161,228125,539286
8,2037,260194,238970,499164
9,2037,261140,248834,509974
10,2037,276323,258992,535315
11,2037,310042,329570,639612
12,2037,311018,281980,592998
13,2037,313843,281980,595823
14,2037,313682,281955,595637
15,2037,311018,281980,592998
16,2037,313843,281980,595823
17,2037,311018,281980,592998
18,2037,313847,281980,595827
19,2037,313847,281980,595827
20,2037,313847,281980,595827
21,2037,311018,281980,592998
22,2037,314566,281980,596546
23,2037,309707,328210,637917
24,2037,311018,281980,592998
25,2037,306251,327763,634014
26,2037,310103,328229,638332
27,2037,306648,327939,634587
28,2037,312519,328662,641181
29,2037,310103,328229,638332
30,2037,309707,328229,637936
31,2037,324410,328331,652741
32,2037,324365,328331,652696
33,2037,327360,322663,650023
34,2037,327360,322663,650023
35,2037,327619,328368,655987
36,2037,327360,322663,650023
37,2037,327360,322663,650023
38,2037,327619,328368,655987
39,2037,327619,328368,655987
40,2037,327619,328368,655987
41,2037,331424,363808,695232
42,2037,331424,363808,695232
43,2037,331424,363808,695232
44,2037,331424,363808,695232
45,2037,331424,363856,695280
46,2037,481486,490997,972483
47,2037,483867,493655,977522
48,2037,484181,494164,978345
49,2037,477409,487375,964784
50,2037,483521,493935,977456
51,2037,477409,487375,964784
52,2037,483544,493953,977497
53,2037,484135,494241,978376
54,2037,481434,490653,972087
55,2037,483061,492435,975496
56,2037,481273,490595,971868
57,2037,484074,494252,978326
58,2037,483464,493874,977338
59,2037,484087,494296,978383
60,2037,477409,487375,964784
61,2037,483456,492655,976111
62,2037,484010,494029,978039
63,2037,484138,494196,978334
64,2037,483399,492663,976062
65,2037,327673,328335,656008
66,2037,327619,328368,655987
67,2037,331424,363808,695232
68,2037,324350,328331,652681
69,2037,324350,328331,652681
70,2037,310408,328504,638912
71,2037,327619,328368,655987
72,2037,308116,327867,635983
73,2037,324350,328331,652681
74,2037,306648,327939,634587
75,2037,310054,328504,638558
76,2037,306015,327957,633972
77,2037,306648,327794,634442
78,2037,233892,260348,494240
79,2037,325611,332140,657751
80,2037,233892,260348,494240
81,2037,233903,256896,490799
82,2037,233657,257424,491081
83,2037,288805,314753,603558
84,2037,226972,257432,484404
85,2037,167844,231882,399726
86,2037,131154,189036,320190
87,2037,131154,189036,320190
88,2037,98612,179079,277691
89,2037,98612,179079,277691
90,2037,50514,107240,157754
91,2037,47556,102690,150246
92,2037,39966,93551,133517
93,2037,30215,75989,106204
94,2037,24713,63952,88665
95,2037,15620,44338,59958
96,2037,16050,45194,61244
97,2037,15776,44483,60259
98,2037,4836,17593,22429
99,2037,3105,12960,16065
100,2037,4836,17593,22429
0,2038,195688,189325,385013
1,2038,220802,189325,410127
2,2038,220802,189325,410127
3,2038,220802,189325,410127
4,2038,220802,189325,410127
5,2038,225921,189325,415246
6,2038,246721,228146,474867
7,2038,311161,228125,539286
8,2038,260194,238970,499164
9,2038,261514,249237,510751
10,2038,276292,258933,535225
11,2038,306992,328680,635672
12,2038,314056,281797,595853
13,2038,313843,281980,595823
14,2038,314566,281980,596546
15,2038,314056,281797,595853
16,2038,313843,281980,595823
17,2038,314056,281797,595853
18,2038,313847,281980,595827
19,2038,313847,281980,595827
20,2038,313847,281980,595827
21,2038,314056,281797,595853
22,2038,311018,281980,592998
23,2038,306015,327957,633972
24,2038,314056,281797,595853
25,2038,310117,328485,638602
26,2038,306251,327945,634196
27,2038,309707,328229,637936
28,2038,308116,327867,635983
29,2038,306251,327945,634196
30,2038,306015,327945,633960
31,2038,324365,328331,652696
32,2038,324350,328331,652681
33,2038,327360,322663,650023
34,2038,327360,322663,650023
35,2038,327619,328368,655987
36,2038,327360,322663,650023
37,2038,327360,322663,650023
38,2038,327619,328368,655987
39,2038,327619,328368,655987
40,2038,327619,328368,655987
41,2038,331424,363808,695232
42,2038,331424,363808,695232
43,2038,331424,363808,695232
44,2038,331424,363808,695232
45,2038,331424,363808,695232
46,2038,484086,494286,978372
47,2038,483456,492655,976111
48,2038,481546,490906,972452
49,2038,477409,487456,964865
50,2038,482948,492497,975445
51,2038,477409,487456,964865
52,2038,483061,492435,975496
53,2038,481434,490653,972087
54,2038,484181,494164,978345
55,2038,483464,493874,977338
56,2038,484138,494196,978334
57,2038,481603,490672,972275
58,2038,483153,492948,976101
59,2038,481603,490655,972258
60,2038,477409,487456,964865
61,2038,483333,493280,976613
62,2038,483248,492466,975714
63,2038,481578,490783,972361
64,2038,483645,493553,977198
65,2038,327619,328368,655987
66,2038,327619,328368,655987
67,2038,331424,363808,695232
68,2038,324410,328331,652741
69,2038,324410,328331,652741
70,2038,306353,327870,634223
71,2038,327619,328368,655987
72,2038,308639,327960,636599
73,2038,324410,328331,652741
74,2038,309707,328229,637936
75,2038,306243,327642,633885
76,2038,312519,328662,641181
77,2038,309707,328210,637917
78,2038,233892,260348,494240
79,2038,325177,328407,653584
80,2038,233892,260348,494240
81,2038,233657,257424,491081
82,2038,233903,256896,490799
83,2038,330275,351290,681565
84,2038,231959,256896,488855
85,2038,167844,231882,399726
86,2038,131154,189036,320190
87,2038,131154,189036,320190
88,2038,98612,179079,277691
89,2038,98612,179079,277691
90,2038,50179,107504,157683
91,2038,44617,95934,140551
92,2038,39384,87571,126955
93,2038,30215,75989,106204
94,2038,24728,64003,88731
95,2038,15620,44338,59958
96,2038,16050,45194,61244
97,2038,15966,45239,61205
98,2038,4836,17593,22429
99,2038,3104,12927,16031
100,2038,4836,17593,22429
0,2039,195688,189325,385013
1,2039,220802,189325,410127
2,2039,220802,189325,410127
3,2039,220802,189325,410127
4,2039,220802,189325,410127
5,2039,226317,189325,415642
6,2039,246721,228146,474867
7,2039,311161,228125,539286
8,2039,260194,238970,499164
9,2039,261325,248834,510159
10,2039,276661,258933,535594
11,2039,309466,327718,637184
12,2039,313682,281955,595637
13,2039,313843,281980,595823
14,2039,311018,281980,592998
15,2039,313682,281955,595637
16,2039,313843,281980,595823
17,2039,313682,281955,595637
18,2039,313847,281980,595827
19,2039,313847,281980,595827
20,2039,313847,281980,595827
21,2039,313682,281955,595637
22,2039,314056,281797,595853
23,2039,312519,328662,641181
24,2039,313682,281955,595637
25,2039,306268,327642,633910
26,2039,310103,328229,638332
27,2039,306015,327945,633960
28,2039,308639,327960,636599
29,2039,310103,328229,638332
30,2039,312519,328662,641181
31,2039,324350,328331,652681
32,2039,324410,328331,652741
33,2039,327360,322663,650023
34,2039,327360,322663,650023
35,2039,327619,328368,655987
36,2039,327360,322663,650023
37,2039,327360,322663,650023
38,2039,327619,328368,655987
39,2039,327619,328368,655987
40,2039,327619,328368,655987
41,2039,331424,363808,695232
42,2039,331424,363808,695232
43,2039,331424,363808,695232
44,2039,331424,363808,695232
45,2039,331424,363808,695232
46,2039,481603,490655,972258
47,2039,483333,493280,976613
48,2039,484087,494296,978383
49,2039,477409,487375,964784
50,2039,483544,493953,977497
51,2039,477409,487375,964784
52,2039,483464,493874,977338
53,2039,484181,494164,978345
54,2039,481546,490906,972452
55,2039,483153,492948,976101
56,2039,481578,490783,972361
57,2039,484135,494241,978376
58,2039,483671,493990,977661
59,2039,484200,494235,978435
60,2039,477409,487375,964784
61,2039,483867,493655,977522
62,2039,483521,493935,977456
63,2039,484074,494252,978326
64,2039,483277,492754,976031
65,2039,327619,328368,655987
66,2039,327619,328368,655987
67,2039,331424,363808,695232
68,2039,324365,328331,652696
69,2039,324365,328331,652696
70,2039,309748,328229,637977
71,2039,327619,328368,655987
72,2039,306648,327939,634587
73,2039,324365,328331,652696
74,2039,306015,327945,633960
75,2039,310408,328504,638912
76,2039,308116,327867,635983
77,2039,306015,327957,633972
78,2039,233892,260348,494240
79,2039,324964,328086,653050
80,2039,233892,260348,494240
81,2039,233903,256896,490799
82,2039,233657,257424,491081
83,2039,328972,344279,673251
84,2039,233613,257424,491037
85,2039,167844,231882,399726
86,2039,131154,189036,320190
87,2039,131154,189036,320190
88,2039,98612,179079,277691
89,2039,98612,179079,277691
90,2039,51269,107642,158911
91,2039,47759,103625,151384
92,2039,41274,95504,136778
93,2039,30215,75989,106204
94,2039,24765,64003,88768
95,2039,15620,44338,59958
96,2039,16050,45194,61244
97,2039,15950,44962,60912
98,2039,4836,17593,22429
99,2039,3105,12960,16065
100,2039,4836,17593,22429
0,2040,195688,189325,385013
1,2040,220802,189325,410127
2,2040,220802,189325,410127
3,2040,220802,189325,410127
4,2040,220802,189325,410127
5,2040,226632,189325,415957
6,2040,246721,228146,474867
7,2040,311161,228125,539286
8,2040,260194,238970,499164
9,2040,261183,249240,510423
10,2040,276323,258992,535315
11,2040,306232,328019,634251
12,2040,314566,281980,596546
13,2040,313843,281980,595823
14,2040,314056,281797,595853
15,2040,314566,281980,596546
16,2040,313843,281980,595823
17,2040,314566,281980,596546
18,2040,313847,281980,595827
19,2040,313847,281980,595827
20,2040,313847,281980,595827
21,2040,314566,281980,596546
22,2040,313682,281955,595637
23,2040,308116,327867,635983
24,2040,314566,281980,596546
25,2040,310476,328504,638980
26,2040,306251,327945,634196
27,2040,312519,328662,641181
28,2040,306648,327939,634587
29,2040,306251,327945,634196
30,2040,308116,327867,635983
31,2040,324410,328331,652741
32,2040,324365,328331,652696
33,2040,327360,322663,650023
34,2040,327360,322663,650023
35,2040,327619,328368,655987
36,2040,327360,322663,650023
37,2040,327360,322663,650023
38,2040,327619,328368,655987
39,2040,327619,328368,655987
40,2040,327619,328368,655987
41,2040,331424,363808,695232
42,2040,331424,363808,695232
43,2040,331424,363808,695232
44,2040,331424,363808,695232
45,2040,331424,363808,695232
46,2040,484200,494235,978435
47,2040,483867,493655,977522
48,2040,481603,490655,972258
49,2040,477409,487456,964865
50,2040,483061,492435,975496
51,2040,477409,487456,964865
52,2040,483153,492948,976101
53,2040,481546,490906,972452
54,2040,484087,494296,978383
55,2040,483671,493990,977661
56,2040,484074,494252,978326
57,2040,481434,490653,972087
58,2040,482726,492207,974933
59,2040,481273,490595,971868
60,2040,477409,487456,964865
61,2040,483456,492655,976111
62,2040,482948,492497,975445
63,2040,481603,490672,972275
64,2040,483788,493630,977418
65,2040,327619,328368,655987
66,2040,327619,328368,655987
67,2040,331424,363808,695232
68,2040,324350,328331,652681
69,2040,324350,328331,652681
70,2040,306015,327945,633960
71,2040,327619,328368,655987
72,2040,309707,328229,637936
73,2040,324350,328331,652681
74,2040,312519,328662,641181
75,2040,306353,327870,634223
76,2040,308639,327960,636599
77,2040,312519,328662,641181
78,2040,233892,260348,494240
79,2040,324623,328277,652900
80,2040,233892,260348,494240
81,2040,233657,257424,491081
82,2040,233903,256896,490799
83,2040,328298,337620,665918
84,2040,233786,256896,490682
85,2040,167844,231882,399726
86,2040,131154,189036,320190
87,2040,131154,189036,320190
88,2040,98612,179079,277691
89,2040,98612,179079,277691
90,2040,50428,106882,157310
91,2040,44638,95486,140124
92,2040,39966,93551,133517
93,2040,30215,75989,106204
94,2040,24713,63952,88665
95,2040,15620,44338,59958
96,2040,16050,45194,61244
97,2040,16065,45173,61238
98,2040,4836,17593,22429
99,2040,3104,12927,16031
100,2040,4836,17593,22429
0,2041,195688,189325,385013
1,2041,220802,189325,410127
2,2041,220802,189325,410127
3,2041,220802,189325,410127
4,2041,220802,189325,410127
5,2041,225921,189325,415246
6,2041,246721,228146,474867
7,2041,311161,228125,539286
8,2041,260194,238970,499164
9,2041,261140,248834,509974
10,2041,276292,258933,535225
11,2041,310103,328084,638187
12,2041,311018,281980,592998
13,2041,313843,281980,595823
14,2041,313682,281955,595637
15,2041,311018,281980,592998
16,2041,313843,281980,595823
17,2041,311018,281980,592998
18,2041,313847,281980,595827
19,2041,313847,281980,595827
20,2041,313847,281980,595827
21,2041,311018,281980,592998
22,2041,314566,281980,596546
23,2041,308639,327960,636599
24,2041,311018,281980,592998
25,2041,306353,327870,634223
26,2041,310103,328229,638332
27,2041,308116,327867,635983
28,2041,309707,328229,637936
29,2041,310103,328229,638332
30,2041,308639,327960,636599
31,2041,324365,328331,652696
32,2041,324350,328331,652681
33,2041,327360,322663,650023
34,2041,327360,322663,650023
35,2041,327619,328368,655987
36,2041,327360,322663,650023
37,2041,327360,322663,650023
38,2041,327619,328368,655987
39,2041,327619,328368,655987
40,2041,327619,328368,655987
41,2041,331424,363808,695232
42,2041,331424,363808,695232
43,2041,331424,363808,695232
44,2041,331424,363808,695232
45,2041,331424,363808,695232
46,2041,481273,490595,971868
47,2041,483456,492655,976111
48,2041,484200,494235,978435
49,2041,477409,487375,964784
50,2041,483464,493874,977338
51,2041,477409,487375,964784
52,2041,483671,493990,977661
53,2041,484087,494296,978383
54,2041,481603,490655,972258
55,2041,482726,492207,974933
56,2041,481603,490672,972275
57,2041,484181,494164,978345
58,2041,484010,494029,978039
59,2041,484138,494196,978334
60,2041,477409,487375,964784
61,2041,483333,493280,976613
62,2041,483544,493953,977497
63,2041,484135,494241,978376
64,2041,483417,492663,976080
65,2041,327619,328368,655987
66,2041,327619,328368,655987
67,2041,331424,363808,695232
68,2041,324410,328331,652741
69,2041,324410,328331,652741
70,2041,312519,328662,641181
71,2041,327619,328368,655987
72,2041,306015,327945,633960
73,2041,324410,328331,652741
74,2041,308116,327867,635983
75,2041,309748,328229,637977
76,2041,306648,327939,634587
77,2041,308116,327867,635983
78,2041,233892,260348,494240
79,2041,324434,328368,652802
80,2041,233892,260348,494240
81,2041,233903,256896,490799
82,2041,233657,257424,491081
83,2041,327872,335220,663092
84,2041,233672,257424,491096
85,2041,167844,231882,399726
86,2041,131154,189036,320190
87,2041,131154,189036,320190
88,2041,98612,179079,277691
89,2041,98612,179079,277691
90,2041,50809,108023,158832
91,2041,47556,102690,150246
92,2041,39384,87571,126955
93,2041,30215,75989,106204
94,2041,24728,64003,88731
95,2041,15620,44338,59958
96,2041,16050,45194,61244
97,2041,16050,45194,61244
98,2041,4836,17593,22429
99,2041,3105,12960,16065
100,2041,4836,17593,22429
0,2042,195688,189325,385013
1,2042,220802,189325,410127
2,2042,220802,189325,410127
3,2042,220802,189325,410127
4,2042,220802,189325,410127
5,2042,226317,189325,415642
6,2042,246721,228146,474867
7,2042,311161,228125,539286
8,2042,260194,238970,499164
9,2042,261514,249237,510751
10,2042,276661,258933,535594
11,2042,306251,327763,634014
12,2042,314056,281797,595853
13,2042,313843,281980,595823
14,2042,314566,281980,596546
15,2042,314056,281797,595853
16,2042,313843,281980,595823
17,2042,314056,281797,595853
18,2042,313847,281980,595827
19,2042,313847,281980,595827
20,2042,313847,281980,595827
21,2042,314056,281797,595853
22,2042,311018,281980,592998
23,2042,306648,327939,634587
24,2042,314056,281797,595853
25,2042,309748,328229,637977
26,2042,306251,327945,634196
27,2042,308639,327960,636599
28,2042,306015,327945,633960
29,2042,306251,327945,634196
30,2042,306648,327939,634587
31,2042,324350,328331,652681
32,2042,324410,328331,652741
33,2042,327360,322663,650023
34,2042,327360,322663,650023
35,2042,327619,328368,655987
36,2042,327360,322663,650023
37,2042,327360,322663,650023
38,2042,327619,328368,655987
39,2042,327619,328368,655987
40,2042,327619,328368,655987
41,2042,331424,363808,695232
42,2042,331424,363808,695232
43,2042,331424,363808,695232
44,2042,331424,363808,695232
45,2042,331424,363808,695232
46,2042,484138,494196,978334
47,2042,483333,493280,976613
48,2042,481273,490595,971868
49,2042,477409,487456,964865
50,2042,483153,492948,976101
51,2042,477409,487456,964865
52,2042,482726,492207,974933
53,2042,481603,490655,972258
54,2042,484200,494235,978435
55,2042,484010,494029,978039
56,2042,484135,494241,978376
57,2042,481546,490906,972452
58,2042,483248,492466,975714
59,2042,481578,490783,972361
60,2042,477409,487456,964865
61,2042,483867,493655,977522
62,2042,483061,492435,975496
63,2042,481434,490653,972087
64,2042,483592,493517,977109
65,2042,327619,328368,655987
66,2042,327619,328368,655987
67,2042,331424,363808,695232
68,2042,324365,328331,652696
69,2042,324365,328331,652696
70,2042,308116,327867,635983
71,2042,327619,328368,655987
72,2042,312519,328662,641181
73,2042,324365,328331,652696
74,2042,308639,327960,636599
75,2042,306015,327945,633960
76,2042,309707,328229,637936
77,2042,308639,327960,636599
78,2042,233892,260348,494240
79,2042,324365,328331,652696
80,2042,233892,260348,494240
81,2042,233657,257424,491081
82,2042,233903,256896,490799
83,2042,328040,334266,662306
84,2042,233903,256896,490799
85,2042,167844,231882,399726
86,2042,131154,189036,320190
87,2042,131154,189036,320190
88,2042,98612,179079,277691
89,2042,98612,179079,277691
90,2042,50269,107237,157506
91,2042,44617,95934,140551
92,2042,41274,95504,136778
93,2042,30215,75989,106204
94,2042,24765,64003,88768
95,2042,15620,44338,59958
96,2042,16050,45194,61244
97,2042,16050,45194,61244
98,2042,4836,17593,22429
99,2042,3104,12927,16031
100,2042,4836,17593,22429
0,2043,195688,189325,385013
1,2043,220802,189325,410127
2,2043,220802,189325,410127
3,2043,220802,189325,410127
4,2043,220802,189325,410127
5,2043,226632,189325,415957
6,2043,246721,228146,474867
7,2043,311161,228125,539286
8,2043,260194,238970,499164
9,2043,261325,248834,510159
10,2043,276323,258992,535315
11,2043,310117,328485,638602
12,2043,313682,281955,595637
13,2043,313843,281980,595823
14,2043,311018,281980,592998
15,2043,313682,281955,595637
16,2043,313843,281980,595823
17,2043,313682,281955,595637
18,2043,313847,281980,595827
19,2043,313847,281980,595827
20,2043,313847,281980,595827
21,2043,313682,281955,595637
22,2043,314056,281797,595853
23,2043,309707,328229,637936
24,2043,313682,281955,595637
25,2043,306015,327945,633960
26,2043,310103,328229,638332
27,2043,306648,327939,634587
28,2043,312519,328662,641181
29,2043,310103,328229,638332
30,2043,309707,328229,637936
31,2043,324410,328331,652741
32,2043,324365,328331,652696
33,2043,327360,322663,650023
34,2043,327360,322663,650023
35,2043,327619,328368,655987
36,2043,327360,322663,650023
37,2043,327360,322663,650023
38,2043,327619,328368,655987
39,2043,327619,328368,655987
40,2043,327619,328368,655987
41,2043,331424,363808,695232
42,2043,331424,363808,695232
43,2043,331424,363808,695232
44,2043,331424,363808,695232
45,2043,331424,363808,695232
46,2043,481578,490783,972361
47,2043,483867,493655,977522
48,2043,484138,494196,978334
49,2043,477409,487375,964784
50,2043,483671,493990,977661
51,2043,477409,487375,964784
52,2043,484010,494029,978039
53,2043,484200,494235,978435
54,2043,481273,490595,971868
55,2043,483248,492466,975714
56,2043,481434,490653,972087
57,2043,484087,494296,978383
58,2043,483521,493935,977456
59,2043,484074,494252,978326
60,2043,477409,487375,964784
61,2043,483456,492655,976111
62,2043,483464,493874,977338
63,2043,484181,494164,978345
64,2043,483314,492813,976127
65,2043,327619,328368,655987
66,2043,327619,328368,655987
67,2043,331424,363808,695232
68,2043,324350,328331,652681
69,2043,324350,328331,652681
70,2043,308639,327960,636599
71,2043,327619,328368,655987
72,2043,308116,327867,635983
73,2043,324350,328331,652681
74,2043,306648,327939,634587
75,2043,312519,328662,641181
76,2043,306015,327945,633960
77,2043,306648,327939,634587
78,2043,233892,260348,494240
79,2043,324350,328331,652681
80,2043,233892,260348,494240
81,2043,233903,256896,490799
82,2043,233657,257424,491081
83,2043,327863,330519,658382
84,2043,233657,257424,491081
85,2043,167844,231882,399726
86,2043,131154,189036,320190
87,2043,131154,189036,320190
88,2043,98612,179079,277691
89,2043,98612,179079,277691
90,2043,51148,107905,159053
91,2043,47759,103625,151384
92,2043,39966,93551,133517
93,2043,30215,75989,106204
94,2043,24713,63952,88665
95,2043,15620,44338,59958
96,2043,16050,45194,61244
97,2043,16050,45194,61244
98,2043,4836,17593,22429
99,2043,3105,12960,16065
100,2043,4836,17593,22429
0,2044,195688,189325,385013
1,2044,220802,189325,410127
2,2044,220802,189325,410127
3,2044,220802,189325,410127
4,2044,220802,189325,410127
5,2044,225921,189325,415246
6,2044,246721,228146,474867
7,2044,311161,228125,539286
8,2044,260194,238970,499164
9,2044,261183,249240,510423
10,2044,276292,258933,535225
11,2044,306268,327642,633910
12,2044,314566,281980,596546
13,2044,313843,281980,595823
14,2044,314056,281797,595853
15,2044,314566,281980,596546
16,2044,313843,281980,595823
17,2044,314566,281980,596546
18,2044,313847,281980,595827
19,2044,313847,281980,595827
20,2044,313847,281980,595827
21,2044,314566,281980,596546
22,2044,313682,281955,595637
23,2044,306015,327945,633960
24,2044,314566,281980,596546
25,2044,312519,328662,641181
26,2044,306251,327945,634196
27,2044,309707,328229,637936
28,2044,308116,327867,635983
29,2044,306251,327945,634196
30,2044,306015,327945,633960
31,2044,324365,328331,652696
32,2044,324350,328331,652681
33,2044,327360,322663,650023
34,2044,327360,322663,650023
35,2044,327619,328368,655987
36,2044,327360,322663,650023
37,2044,327360,322663,650023
38,2044,327619,328368,655987
39,2044,327619,328368,655987
40,2044,327619,328368,655987
41,2044,331424,363808,695232
42,2044,331424,363808,695232
43,2044,331424,363808,695232
44,2044,331424,363808,695232
45,2044,331424,363808,695232
46,2044,484074,494252,978326
47,2044,483456,492655,976111
48,2044,481578,490783,972361
49,2044,477409,487456,964865
50,2044,482726,492207,974933
51,2044,477409,487456,964865
52,2044,483248,492466,975714
53,2044,481273,490595,971868
54,2044,484138,494196,978334
55,2044,483521,493935,977456
56,2044,484181,494164,978345
57,2044,481603,490655,972258
58,2044,482948,492497,975445
59,2044,481603,490672,972275
60,2044,477409,487456,964865
61,2044,483333,493280,976613
62,2044,483153,492948,976101
63,2044,481546,490906,972452
64,2044,483788,493630,977418
65,2044,327619,328368,655987
66,2044,327619,328368,655987
67,2044,331424,363808,695232
68,2044,324410,328331,652741
69,2044,324410,328331,652741
70,2044,306648,327939,634587
71,2044,327619,328368,655987
72,2044,308639,327960,636599
73,2044,324410,328331,652741
74,2044,309707,328229,637936
75,2044,308116,327867,635983
76,2044,312519,328662,641181
77,2044,309707,328229,637936
78,2044,233892,260348,494240
79,2044,324410,328331,652741
80,2044,233892,260348,494240
81,2044,233657,257424,491081
82,2044,233903,256896,490799
83,2044,327945,328151,656096
84,2044,233903,256896,490799
85,2044,167844,231882,399726
86,2044,131154,189036,320190
87,2044,131154,189036,320190
88,2044,98612,179079,277691
89,2044,98612,179079,277691
90,2044,50305,106882,157187
91,2044,44638,95486,140124
92,2044,39384,87571,126955
93,2044,30215,75989,106204
94,2044,24728,64003,88731
95,2044,15620,44338,59958
96,2044,16050,45194,61244
97,2044,16050,45194,61244
98,2044,4836,17593,22429
99,2044,3104,12927,16031
100,2044,4836,17593,22429
0,2045,195688,189325,385013
1,2045,220802,189325,410127
2,2045,220802,189325,410127
3,2045,220802,189325,410127
4,2045,220802,189325,410127
5,2045,226317,189325,415642
6,2045,246721,228146,474867
7,2045,311161,228125,539286
8,2045,260194,238970,499164
9,2045,261140,248834,509974
10,2045,276661,258933,535594
11,2045,310476,328504,638980
12,2045,311018,281980,592998
13,2045,313843,281980,595823
14,2045,313682,281955,595637
15,2045,311018,281980,592998
16,2045,313843,281980,595823
17,2045,311018,281980,592998
18,2045,313847,281980,595827
19,2045,313847,281980,595827
20,2045,313847,281980,595827
21,2045,311018,281980,592998
22,2045,314566,281980,596546
23,2045,312519,328662,641181
24,2045,311018,281980,592998
25,2045,308116,327867,635983
26,2045,310103,328229,638332
27,2045,306015,327945,633960
28,2045,308639,327960,636599
29,2045,310103,328229,638332
30,2045,312519,328662,641181
31,2045,324350,328331,652681
32,2045,324410,328331,652741
33,2045,327360,322663,650023
34,2045,327360,322663,650023
35,2045,327619,328368,655987
36,2045,327360,322663,650023
37,2045,327360,322663,650023
38,2045,327619,328368,655987
39,2045,327619,328368,655987
40,2045,327619,328368,655987
41,2045,331424,363808,695232
42,2045,331424,363808,695232
43,2045,331424,363808,695232
44,2045,331424,363808,695232
45,2045,331424,363808,695232
46,2045,481603,490672,972275
47,2045,483333,493280,976613
48,2045,484074,494252,978326
49,2045,477409,487375,964784
50,2045,484010,494029,978039
51,2045,477409,487375,964784
52,2045,483521,493935,977456
53,2045,484138,494196,978334
54,2045,481578,490783,972361
55,2045,482948,492497,975445
56,2045,481546,490906,972452
57,2045,484200,494235,978435
58,2045,483544,493953,977497
59,2045,484135,494241,978376
60,2045,477409,487375,964784
61,2045,483867,493655,977522
62,2045,483671,493990,977661
63,2045,484087,494296,978383
64,2045,483417,492663,976080
65,2045,327619,328368,655987
66,2045,327619,328368,655987
67,2045,331424,363808,695232
68,2045,324365,328331,652696
69,2045,324365,328331,652696
70,2045,309707,328229,637936
71,2045,327619,328368,655987
72,2045,306648,327939,634587
73,2045,324365,328331,652696
74,2045,306015,327945,633960
75,2045,308639,327960,636599
76,2045,308116,327867,635983
77,2045,306015,327945,633960
78,2045,233892,260348,494240
79,2045,324365,328331,652696
80,2045,233892,260348,494240
81,2045,233903,256896,490799
82,2045,233657,257424,491081
83,2045,327440,328380,655820
84,2045,233657,257424,491081
85,2045,167844,231882,399726
86,2045,131154,189036,320190
87,2045,131154,189036,320190
88,2045,98612,179079,277691
89,2045,98612,179079,277691
90,2045,51144,107905,159049
91,2045,47556,102690,150246
92,2045,41274,95504,136778
93,2045,30215,75989,106204
94,2045,24765,64003,88768
95,2045,15620,44338,59958
96,2045,16050,45194,61244
97,2045,16050,45194,61244
98,2045,4836,17593,22429
99,2045,3105,12960,16065
100,2045,4836,17593,22429
0,2046,195688,189325,385013
1,2046,220802,189325,410127
2,2046,220802,189325,410127
3,2046,220802,189325,410127
4,2046,220802,189325,410127
5,2046,226632,189325,415957
6,2046,246721,228146,474867
7,2046,311161,228125,539286
8,2046,260194,238970,499164
9,2046,261514,249237,510751
10,2046,276323,258992,535315
11,2046,306353,327870,634223
12,2046,314056,281797,595853
13,2046,313843,281980,595823
14,2046,314566,281980,596546
15,2046,314056,281797,595853
16,2046,313843,281980,595823
17,2046,314056,281797,595853
18,2046,313847,281980,595827
19,2046,313847,281980,595827
20,2046,313847,281980,595827
21,2046,314056,281797,595853
22,2046,311018,281980,592998
23,2046,308116,327867,635983
24,2046,314056,281797,595853
25,2046,308639,327960,636599
26,2046,306251,327945,634196
27,2046,312519,328662,641181
28,2046,306648,327939,634587
29,2046,306251,327945,634196
30,2046,308116,327867,635983
31,2046,324410,328331,652741
32,2046,324365,328331,652696
33,2046,327360,322663,650023
34,2046,327360,322663,650023
35,2046,327619,328368,655987
36,2046,327360,322663,650023
37,2046,327360,322663,650023
38,2046,327619,328368,655987
39,2046,327619,328368,655987
40,2046,327619,328368,655987
41,2046,331424,363808,695232
42,2046,331424,363808,695232
43,2046,331424,363808,695232
44,2046,331424,363808,695232
45,2046,331424,363808,695232
46,2046,484135,494241,978376
47,2046,483867,493655,977522
48,2046,481603,490672,972275
49,2046,477409,487456,964865
50,2046,483248,492466,975714
51,2046,477409,487456,964865
52,2046,482948,492497,975445
53,2046,481578,490783,972361
54,2046,484074,494252,978326
55,2046,483544,493953,977497
56,2046,484087,494296,978383
57,2046,481273,490595,971868
58,2046,483061,492435,975496
59,2046,481434,490653,972087
60,2046,477409,487456,964865
61,2046,483456,492655,976111
62,2046,482726,492207,974933
63,2046,481603,490655,972258
64,2046,483592,493517,977109
65,2046,327619,328368,655987
66,2046,327619,328368,655987
67,2046,331424,363808,695232
68,2046,324350,328331,652681
69,2046,324350,328331,652681
70,2046,306015,327945,633960
71,2046,327619,328368,655987
72,2046,309707,328229,637936
73,2046,324350,328331,652681
74,2046,312519,328662,641181
75,2046,306648,327939,634587
76,2046,308639,327960,636599
77,2046,312519,328662,641181
78,2046,233892,260348,494240
79,2046,324350,328331,652681
80,2046,233892,260348,494240
81,2046,233657,257424,491081
82,2046,233903,256896,490799
83,2046,327622,328368,655990
84,2046,233903,256896,490799
85,2046,167844,231882,399726
86,2046,131154,189036,320190
87,2046,131154,189036,320190
88,2046,98612,179079,277691
89,2046,98612,179079,277691
90,2046,50305,106882,157187
91,2046,44617,95934,140551
92,2046,39966,93551,133517
93,2046,30215,75989,106204
94,2046,24713,63952,88665
95,2046,15620,44338,59958
96,2046,16050,45194,61244
97,2046,16050,45194,61244
98,2046,4836,17593,22429
99,2046,3104,12927,16031
100,2046,4836,17593,22429
0,2047,195688,189325,385013
1,2047,220802,189325,410127
2,2047,220802,189325,410127
3,2047,220802,189325,410127
4,2047,220802,189325,410127
5,2047,225921,189325,415246
6,2047,246721,228146,474867
7,2047,311161,228125,539286
8,2047,260194,238970,499164
9,2047,261325,248834,510159
10,2047,276292,258933,535225
11,2047,309748,328229,637977
12,2047,313682,281955,595637
13,2047,313843,281980,595823
14,2047,311018,281980,592998
15,2047,313682,281955,595637
16,2047,313843,281980,595823
17,2047,313682,281955,595637
18,2047,313847,281980,595827
19,2047,313847,281980,595827
20,2047,313847,281980,595827
21,2047,313682,281955,595637
22,2047,314056,281797,595853
23,2047,308639,327960,636599
24,2047,313682,281955,595637
25,2047,306648,327939,634587
26,2047,310103,328229,638332
27,2047,308116,327867,635983
28,2047,309707,328229,637936
29,2047,310103,328229,638332
30,2047,308639,327960,636599
31,2047,324365,328331,652696
32,2047,324350,328331,652681
33,2047,327360,322663,650023
34,2047,327360,322663,650023
35,2047,327619,328368,655987
36,2047,327360,322663,650023
37,2047,327360,322663,650023
38,2047,327619,328368,655987
39,2047,327619,328368,655987
40,2047,327619,328368,655987
41,2047,331424,363808,695232
42,2047,331424,363808,695232
43,2047,331424,363808,695232
44,2047,331424,363808,695232
45,2047,331424,363808,695232
46,2047,481434,490653,972087
47,2047,483456,492655,976111
48,2047,484135,494241,978376
49,2047,477409,487375,964784
50,2047,483521,493935,977456
51,2047,477409,487375,964784
52,2047,483544,493953,977497
53,2047,484074,494252,978326
54,2047,481603,490672,972275
55,2047,483061,492435,975496
56,2047,481603,490655,972258
57,2047,484138,494196,978334
58,2047,483464,493874,977338
59,2047,484181,494164,978345
60,2047,477409,487375,964784
61,2047,483333,493280,976613
62,2047,484010,494029,978039
63,2047,484200,494235,978435
64,2047,483314,492813,976127
65,2047,327619,328368,655987
66,2047,327619,328368,655987
67,2047,331424,363808,695232
68,2047,324410,328331,652741
69,2047,324410,328331,652741
70,2047,312519,328662,641181
71,2047,327619,328368,655987
72,2047,306015,327945,633960
73,2047,324410,328331,652741
74,2047,308116,327867,635983
75,2047,309707,328229,637936
76,2047,306648,327939,634587
77,2047,308116,327867,635983
78,2047,233892,260348,494240
79,2047,324410,328331,652741
80,2047,233892,260348,494240
81,2047,233903,256896,490799
82,2047,233657,257424,491081
83,2047,327619,328368,655987
84,2047,233657,257424,491081
85,2047,167844,231882,399726
86,2047,131154,189036,320190
87,2047,131154,189036,320190
88,2047,98612,179079,277691
89,2047,98612,179079,277691
90,2047,51144,107905,159049
91,2047,47759,103625,151384
92,2047,39384,87571,126955
93,2047,30215,75989,106204
94,2047,24728,64003,88731
95,2047,15620,44338,59958
96,2047,16050,45194,61244
97,2047,16050,45194,61244
98,2047,4836,17593,22429
99,2047,3105,12960,16065
100,2047,4836,17593,22429
0,2048,195688,189325,385013
1,2048,220802,189325,410127
2,2048,220802,189325,410127
3,2048,220802,189325,410127
4,2048,220802,189325,410127
5,2048,226317,189325,415642
6,2048,246721,228146,474867
7,2048,311161,228125,539286
8,2048,260194,238970,499164
9,2048,261183,249240,510423
10,2048,276661,258933,535594
11,2048,306015,327945,633960
12,2048,314566,281980,596546
13,2048,313843,281980,595823
14,2048,314056,281797,595853
15,2048,314566,281980,596546
16,2048,313843,281980,595823
17,2048,314566,281980,596546
18,2048,313847,281980,595827
19,2048,313847,281980,595827
20,2048,313847,281980,595827
21,2048,314566,281980,596546
22,2048,313682,281955,595637
23,2048,306648,327939,634587
24,2048,314566,281980,596546
25,2048,309707,328229,637936
26,2048,306251,327945,634196
27,2048,308639,327960,636599
28,2048,306015,327945,633960
29,2048,306251,327945,634196
30,2048,306648,327939,634587
31,2048,324350,328331,652681
32,2048,324410,328331,652741
33,2048,327360,322663,650023
34,2048,327360,322663,650023
35,2048,327619,328368,655987
36,2048,327360,322663,650023
37,2048,327360,322663,650023
38,2048,327619,328368,655987
39,2048,327619,328368,655987
40,2048,327619,328368,655987
41,2048,331424,363808,695232
42,2048,331424,363808,695232
43,2048,331424,363808,695232
44,2048,331424,363808,695232
45,2048,331424,363808,695232
46,2048,484181,494164,978345
47,2048,483333,493280,976613
48,2048,481434,490653,972087
49,2048,477409,487456,964865
50,2048,482948,492497,975445
51,2048,477409,487456,964865
52,2048,483061,492435,975496
53,2048,481603,490672,972275
54,2048,484135,494241,978376
55,2048,483464,493874,977338
56,2048,484200,494235,978435
57,2048,481578,490783,972361
58,2048,483153,492948,976101
59,2048,481546,490906,972452
60,2048,477409,487456,964865
61,2048,483867,493655,977522
62,2048,483248,492466,975714
63,2048,481273,490595,971868
64,2048,483788,493630,977418
65,2048,327619,328368,655987
66,2048,327619,328368,655987
67,2048,331424,363808,695232
68,2048,324365,328331,652696
69,2048,324365,328331,652696
70,2048,308116,327867,635983
71,2048,327619,328368,655987
72,2048,312519,328662,641181
73,2048,324365,328331,652696
74,2048,308639,327960,636599
75,2048,306015,327945,633960
76,2048,309707,328229,637936
77,2048,308639,327960,636599
78,2048,233892,260348,494240
79,2048,324365,328331,652696
80,2048,233892,260348,494240
81,2048,233657,257424,491081
82,2048,233903,256896,490799
83,2048,327619,328368,655987
84,2048,233903,256896,490799
85,2048,167844,231882,399726
86,2048,131154,189036,320190
87,2048,131154,189036,320190
88,2048,98612,179079,277691
89,2048,98612,179079,277691
90,2048,50305,106882,157187
91,2048,44638,95486,140124
92,2048,41274,95504,136778
93,2048,30215,75989,106204
94,2048,24765,64003,88768
95,2048,15620,44338,59958
96,2048,16050,45194,61244
97,2048,16050,45194,61244
98,2048,4836,17593,22429
99,2048,3104,12927,16031
100,2048,4836,17593,22429
0,2049,195688,189325,385013
1,2049,220802,189325,410127
2,2049,220802,189325,410127
3,2049,220802,189325,410127
4,2049,220802,189325,410127
5,2049,226632,189325,415957
6,2049,246721,228146,474867
7,2049,311161,228125,539286
8,2049,260194,238970,499164
9,2049,261140,248834,509974
10,2049,276323,258992,535315
11,2049,312519,328662,641181
12,2049,311018,281980,592998
13,2049,313843,281980,595823
14,2049,313682,281955,595637
15,2049,311018,281980,592998
16,2049,313843,281980,595823
17,2049,311018,281980,592998
18,2049,313847,281980,595827
19,2049,313847,281980,595827
20,2049,313847,281980,595827
21,2049,311018,281980,592998
22,2049,314566,281980,596546
23,2049,309707,328229,637936
24,2049,311018,281980,592998
25,2049,306015,327945,633960
26,2049,310103,328229,638332
27,2049,306648,327939,634587
28,2049,312519,328662,641181
29,2049,310103,328229,638332
30,2049,309707,328229,637936
31,2049,324410,328331,652741
32,2049,324365,328331,652696
33,2049,327360,322663,650023
34,2049,327360,322663,650023
35,2049,327619,328368,655987
36,2049,327360,322663,650023
37,2049,327360,322663,650023
38,2049,327619,328368,655987
39,2049,327619,328368,655987
40,2049,327619,328368,655987
41,2049,331424,363808,695232
42,2049,331424,363808,695232
43,2049,331424,363808,695232
44,2049,331424,363808,695232
45,2049,331424,363808,695232
46,2049,481546,490906,972452
47,2049,483867,493655,977522
48,2049,484181,494164,978345
49,2049,477409,487375,964784
50,2049,483544,493953,977497
51,2049,477409,487375,964784
52,2049,483464,493874,977338
53,2049,484135,494241,978376
54,2049,481434,490653,972087
55,2049,483153,492948,976101
56,2049,481273,490595,971868
57,2049,484074,494252,978326
58,2049,483671,493990,977661
59,2049,484087,494296,978383
60,2049,477409,487375,964784
61,2049,483456,492655,976111
62,2049,483521,493935,977456
63,2049,484138,494196,978334
64,2049,483417,492663,976080
65,2049,327619,328368,655987
66,2049,327619,328368,655987
67,2049,331424,363808,695232
68,2049,324350,328331,652681
69,2049,324350,328331,652681
70,2049,308639,327960,636599
71,2049,327619,328368,655987
72,2049,308116,327867,635983
73,2049,324350,328331,652681
74,2049,306648,327939,634587
75,2049,312519,328662,641181
76,2049,306015,327945,633960
77,2049,306648,327939,634587
78,2049,233892,260348,494240
79,2049,324350,328331,652681
80,2049,233892,260348,494240
81,2049,233903,256896,490799
82,2049,233657,257424,491081
83,2049,327619,328368,655987
84,2049,233657,257424,491081
85,2049,167844,231882,399726
86,2049,131154,189036,320190
87,2049,131154,189036,320190
88,2049,98612,179079,277691
89,2049,98612,179079,277691
90,2049,51144,107905,159049
91,2049,47556,102690,150246
92,2049,39966,93551,133517
93,2049,30215,75989,106204
94,2049,24713,63952,88665
95,2049,15620,44338,59958
96,2049,16050,45194,61244
97,2049,16050,45194,61244
98,2049,4836,17593,22429
99,2049,3105,12960,16065
100,2049,4836,17593,22429
0,2050,195688,189325,385013
1,2050,220802,189325,410127
2,2050,220802,189325,410127
3,2050,220802,189325,410127
4,2050,220802,189325,410127
5,2050,225921,189325,415246
6,2050,246721,228146,474867
7,2050,311161,228125,539286
8,2050,260194,238970,499164
9,2050,261514,249237,510751
10,2050,276292,258933,535225
11,2050,308116,327867,635983
12,2050,314056,281797,595853
13,2050,313843,281980,595823
14,2050,314566,281980,596546
15,2050,314056,281797,595853
16,2050,313843,281980,595823
17,2050,314056,281797,595853
18,2050,313847,281980,595827
19,2050,313847,281980,595827
20,2050,313847,281980,595827
21,2050,314056,281797,595853
22,2050,311018,281980,592998
23,2050,306015,327945,633960
24,2050,314056,281797,595853
25,2050,312519,328662,641181
26,2050,306251,327945,634196
27,2050,309707,328229,637936
28,2050,308116,327867,635983
29,2050,306251,327945,634196
30,2050,306015,327945,633960
31,2050,324365,328331,652696
32,2050,324350,328331,652681
33,2050,327360,322663,650023
34,2050,327360,322663,650023
35,2050,327619,328368,655987
36,2050,327360,322663,650023
37,2050,327360,322663,650023
38,2050,327619,328368,655987
39,2050,327619,328368,655987
40,2050,327619,328368,655987
41,2050,331424,363808,695232
42,2050,331424,363808,695232
43,2050,331424,363808,695232
44,2050,331424,363808,695232
45,2050,331424,363808,695232
46,2050,484087,494296,978383
47,2050,483456,492655,976111
48,2050,481546,490906,972452
49,2050,477409,487456,964865
50,2050,483061,492435,975496
51,2050,477409,487456,964865
52,2050,483153,492948,976101
53,2050,481434,490653,972087
54,2050,484181,494164,978345
55,2050,483671,493990,977661
56,2050,484138,494196,978334
57,2050,481603,490672,972275
58,2050,482726,492207,974933
59,2050,481603,490655,972258
60,2050,477409,487456,964865
61,2050,483333,493280,976613
62,2050,482948,492497,975445
63,2050,481578,490783,972361
64,2050,483592,493517,977109
65,2050,327619,328368,655987
66,2050,327619,328368,655987
67,2050,331424,363808,695232
68,2050,324410,328331,652741
69,2050,324410,328331,652741
70,2050,306648,327939,634587
71,2050,327619,328368,655987
72,2050,308639,327960,636599
73,2050,324410,328331,652741
74,2050,309707,328229,637936
75,2050,308116,327867,635983
76,2050,312519,328662,641181
77,2050,309707,328229,637936
78,2050,233892,260348,494240
79,2050,324410,328331,652741
80,2050,233892,260348,494240
81,2050,233657,257424,491081
82,2050,233903,256896,490799
83,2050,327619,328368,655987
84,2050,233903,256896,490799
85,2050,167844,231882,399726
86,2050,131154,189036,320190
87,2050,131154,189036,320190
88,2050,98612,179079,277691
89,2050,98612,179079,277691
90,2050,50305,106882,157187
91,2050,44617,95934,140551
92,2050,39384,87571,126955
93,2050,30215,75989,106204
94,2050,24728,64003,88731
95,2050,15620,44338,59958
96,2050,16050,45194,61244
97,2050,16050,45194,61244
98,2050,4836,17593,22429
99,2050,3104,12927,16031
100,2050,4836,17593,22429
0,2051,195688,189325,385013
1,2051,220802,189325,410127
2,2051,220802,189325,410127
3,2051,220802,189325,410127
4,2051,220802,189325,410127
5,2051,226317,189325,415642
6,2051,246721,228146,474867
7,2051,311161,228125,539286
8,2051,260194,238970,499164
9,2051,261325,248834,510159
10,2051,276661,258933,535594
11,2051,308639,327960,636599
12,2051,313682,281955,595637
13,2051,313843,281980,595823
14,2051,311018,281980,592998
15,2051,313682,281955,595637
16,2051,313843,281980,595823
17,2051,313682,281955,595637
18,2051,313847,281980,595827
19,2051,313847,281980,595827
20,2051,313847,281980,595827
21,2051,313682,281955,595637
22,2051,314056,281797,595853
23,2051,312519,328662,641181
24,2051,313682,281955,595637
25,2051,308116,327867,635983
26,2051,310103,328229,638332
27,2051,306015,327945,633960
28,2051,308639,327960,636599
29,2051,310103,328229,638332
30,2051,312519,328662,641181
31,2051,324350,328331,652681
32,2051,324410,328331,652741
33,2051,327360,322663,650023
34,2051,327360,322663,650023
35,2051,327619,328368,655987
36,2051,327360,322663,650023
37,2051,327360,322663,650023
38,2051,327619,328368,655987
39,2051,327619,328368,655987
40,2051,327619,328368,655987
41,2051,331424,363808,695232
42,2051,331424,363808,695232
43,2051,331424,363808,695232
44,2051,331424,363808,695232
45,2051,331424,363808,695232
46,2051,481603,490655,972258
47,2051,483333,493280,976613
48,2051,484087,494296,978383
49,2051,477409,487375,964784
50,2051,483464,493874,977338
51,2051,477409,487375,964784
52,2051,483671,493990,977661
53,2051,484181,494164,978345
54,2051,481546,490906,972452
55,2051,482726,492207,974933
56,2051,481578,490783,972361
57,2051,484135,494241,978376
58,2051,484010,494029,978039
59,2051,484200,494235,978435
60,2051,477409,487375,964784
61,2051,483867,493655,977522
62,2051,483544,493953,977497
63,2051,484074,494252,978326
64,2051,483314,492813,976127
65,2051,327619,328368,655987
66,2051,327619,328368,655987
67,2051,331424,363808,695232
68,2051,324365,328331,652696
69,2051,324365,328331,652696
70,2051,309707,328229,637936
71,2051,327619,328368,655987
72,2051,306648,327939,634587
73,2051,324365,328331,652696
74,2051,306015,327945,633960
75,2051,308639,327960,636599
76,2051,308116,327867,635983
77,2051,306015,327945,633960
78,2051,233892,260348,494240
79,2051,324365,328331,652696
80,2051,233892,260348,494240
81,2051,233903,256896,490799
82,2051,233657,257424,491081
83,2051,327619,328368,655987
84,2051,233657,257424,491081
85,2051,167844,231882,399726
86,2051,131154,189036,320190
87,2051,131154,189036,320190
88,2051,98612,179079,277691
89,2051,98612,179079,277691
90,2051,51144,107905,159049
91,2051,47759,103625,151384
92,2051,41274,95504,136778
93,2051,30215,75989,106204
94,2051,24765,64003,88768
95,2051,15620,44338,59958
96,2051,16050,45194,61244
97,2051,16050,45194,61244
98,2051,4836,17593,22429
99,2051,3105,12960,16065
100,2051,4836,17593,22429
0,2052,195688,189325,385013
1,2052,220802,189325,410127
2,2052,220802,189325,410127
3,2052,220802,189325,410127
4,2052,220802,189325,410127
5,2052,226632,189325,415957
6,2052,246721,228146,474867
7,2052,311161,228125,539286
8,2052,260194,238970,499164
9,2052,261183,249240,510423
10,2052,276323,258992,535315
11,2052,306648,327939,634587
12,2052,314566,281980,596546
13,2052,313843,281980,595823
14,2052,314056,281797,595853
15,2052,314566,281980,596546
16,2052,313843,281980,595823
17,2052,314566,281980,596546
18,2052,313847,281980,595827
19,2052,313847,281980,595827
20,2052,313847,281980,595827
21,2052,314566,281980,596546
22,2052,313682,281955,595637
23,2052,308116,327867,635983
24,2052,314566,281980,596546
25,2052,308639,327960,636599
26,2052,306251,327945,634196
27,2052,312519,328662,641181
28,2052,306648,327939,634587
29,2052,306251,327945,634196
30,2052,308116,327867,635983
31,2052,324410,328331,652741
32,2052,324365,328331,652696
33,2052,327360,322663,650023
34,2052,327360,322663,650023
35,2052,327619,328368,655987
36,2052,327360,322663,650023
37,2052,327360,322663,650023
38,2052,327619,328368,655987
39,2052,327619,328368,655987
40,2052,327619,328368,655987
41,2052,331424,363808,695232
42,2052,331424,363808,695232
43,2052,331424,363808,695232
44,2052,331424,363808,695232
45,2052,331424,363808,695232
46,2052,484200,494235,978435
47,2052,483867,493655,977522
48,2052,481603,490655,972258
49,2052,477409,487456,964865
50,2052,483153,492948,976101
51,2052,477409,487456,964865
52,2052,482726,492207,974933
53,2052,481546,490906,972452
54,2052,484087,494296,978383
55,2052,484010,494029,978039
56,2052,484074,494252,978326
57,2052,481434,490653,972087
58,2052,483248,492466,975714
59,2052,481273,490595,971868
60,2052,477409,487456,964865
61,2052,483456,492655,976111
62,2052,483061,492435,975496
63,2052,481603,490672,972275
64,2052,483788,493630,977418
65,2052,327619,328368,655987
66,2052,327619,328368,655987
67,2052,331424,363808,695232
68,2052,324350,328331,652681
69,2052,324350,328331,652681
70,2052,306015,327945,633960
71,2052,327619,328368,655987
72,2052,309707,328229,637936
73,2052,324350,328331,652681
74,2052,312519,328662,641181
75,2052,306648,327939,634587
76,2052,308639,327960,636599
77,2052,312519,328662,641181
78,2052,233892,260348,494240
79,2052,324350,328331,652681
80,2052,233892,260348,494240
81,2052,233657,257424,491081
82,2052,233903,256896,490799
83,2052,327619,328368,655987
84,2052,233903,256896,490799
85,2052,167844,231882,399726
86,2052,131154,189036,320190
87,2052,131154,189036,320190
88,2052,98612,179079,277691
89,2052,98612,179079,277691
90,2052,50305,106882,157187
91,2052,44638,95486,140124
92,2052,39966,93551,133517
93,2052,30215,75989,106204
94,2052,24713,63952,88665
95,2052,15620,44338,59958
96,2052,16050,45194,61244
97,2052,16050,45194,61244
98,2052,4836,17593,22429
99,2052,3104,12927,16031
100,2052,4836,17593,22429
0,2053,195688,189325,385013
1,2053,220802,189325,410127
2,2053,220802,189325,410127
3,2053,220802,189325,410127
4,2053,220802,189325,410127
5,2053,225921,189325,415246
6,2053,246721,228146,474867
7,2053,311161,228125,539286
8,2053,260194,238970,499164
9,2053,261140,248834,509974
10,2053,276292,258933,535225
11,2053,309707,328229,637936
12,2053,311018,281980,592998
13,2053,313843,281980,595823
14,2053,313682,281955,595637
15,2053,311018,281980,592998
16,2053,313843,281980,595823
17,2053,311018,281980,592998
18,2053,313847,281980,595827
19,2053,313847,281980,595827
20,2053,313847,281980,595827
21,2053,311018,281980,592998
22,2053,314566,281980,596546
23,2053,308639,327960,636599
24,2053,311018,281980,592998
25,2053,306648,327939,634587
26,2053,310103,328229,638332
27,2053,308116,327867,635983
28,2053,309707,328229,637936
29,2053,310103,328229,638332
30,2053,308639,327960,636599
31,2053,324365,328331,652696
32,2053,324350,328331,652681
33,2053,327360,322663,650023
34,2053,327360,322663,650023
35,2053,327619,328368,655987
36,2053,327360,322663,650023
37,2053,327360,322663,650023
38,2053,327619,328368,655987
39,2053,327619,328368,655987
40,2053,327619,328368,655987
41,2053,331424,363808,695232
42,2053,331424,363808,695232
43,2053,331424,363808,695232
44,2053,331424,363808,695232
45,2053,331424,363808,695232
46,2053,481273,490595,971868
47,2053,483456,492655,976111
48,2053,484200,494235,978435
49,2053,477409,487375,964784
50,2053,483671,493990,977661
51,2053,477409,487375,964784
52,2053,484010,494029,978039
53,2053,484087,494296,978383
54,2053,481603,490655,972258
55,2053,483248,492466,975714
56,2053,481603,490672,972275
57,2053,484181,494164,978345
58,2053,483521,493935,977456
59,2053,484138,494196,978334
60,2053,477409,487375,964784
61,2053,483333,493280,976613
62,2053,483464,493874,977338
63,2053,484135,494241,978376
64,2053,483417,492663,976080
65,2053,327619,328368,655987
66,2053,327619,328368,655987
67,2053,331424,363808,695232
68,2053,324410,328331,652741
69,2053,324410,328331,652741
70,2053,312519,328662,641181
71,2053,327619,328368,655987
72,2053,306015,327945,633960
73,2053,324410,328331,652741
74,2053,308116,327867,635983
75,2053,309707,328229,637936
76,2053,306648,327939,634587
77,2053,308116,327867,635983
78,2053,233892,260348,494240
79,2053,324410,328331,652741
80,2053,233892,260348,494240
81,2053,233903,256896,490799
82,2053,233657,257424,491081
83,2053,327619,328368,655987
84,2053,233657,257424,491081
85,2053,167844,231882,399726
86,2053,131154,189036,320190
87,2053,131154,189036,320190
88,2053,98612,179079,277691
89,2053,98612,179079,277691
90,2053,51144,107905,159049
91,2053,47556,102690,150246
92,2053,39384,87571,126955
93,2053,30215,75989,106204
94,2053,24728,64003,88731
95,2053,15620,44338,59958
96,2053,16050,45194,61244
97,2053,16050,45194,61244
98,2053,4836,17593,22429
99,2053,3105,12960,16065
100,2053,4836,17593,22429
0,2054,195688,189325,385013
1,2054,220802,189325,410127
2,2054,220802,189325,410127
3,2054,220802,189325,410127
4,2054,220802,189325,410127
5,2054,226317,189325,415642
6,2054,246721,228146,474867
7,2054,311161,228125,539286
8,2054,260194,238970,499164
9,2054,261514,249237,510751
10,2054,276661,258933,535594
11,2054,306015,327945,633960
12,2054,314056,281797,595853
13,2054,313843,281980,595823
14,2054,314566,281980,596546
15,2054,314056,281797,595853
16,2054,313843,281980,595823
17,2054,314056,281797,595853
18,2054,313847,281980,595827
19,2054,313847,281980,595827
20,2054,313847,281980,595827
21,2054,314056,281797,595853
22,2054,311018,281980,592998
23,2054,306648,327939,634587
24,2054,314056,281797,595853
25,2054,309707,328229,637936
26,2054,306251,327945,634196
27,2054,308639,327960,636599
28,2054,306015,327945,633960
29,2054,306251,327945,634196
30,2054,306648,327939,634587
31,2054,324350,328331,652681
32,2054,324410,328331,652741
33,2054,327360,322663,650023
34,2054,327360,322663,650023
35,2054,327619,328368,655987
36,2054,327360,322663,650023
37,2054,327360,322663,650023
38,2054,327619,328368,655987
39,2054,327619,328368,655987
40,2054,327619,328368,655987
41,2054,331424,363808,695232
42,2054,331424,363808,695232
43,2054,331424,363808,695232
44,2054,331424,363808,695232
45,2054,331424,363808,695232
46,2054,484138,494196,978334
47,2054,483333,493280,976613
48,2054,481273,490595,971868
49,2054,477409,487456,964865
50,2054,482726,492207,974933
51,2054,477409,487456,964865
52,2054,483248,492466,975714
53,2054,481603,490655,972258
54,2054,484200,494235,978435
55,2054,483521,493935,977456
56,2054,484135,494241,978376
57,2054,481546,490906,972452
58,2054,482948,492497,975445
59,2054,481578,490783,972361
60,2054,477409,487456,964865
61,2054,483867,493655,977522
62,2054,483153,492948,976101
63,2054,481434,490653,972087
64,2054,483592,493517,977109
65,2054,327619,328368,655987
66,2054,327619,328368,655987
67,2054,331424,363808,695232
68,2054,324365,328331,652696
69,2054,324365,328331,652696
70,2054,308116,327867,635983
71,2054,327619,328368,655987
72,2054,312519,328662,641181
73,2054,324365,328331,652696
74,2054,308639,327960,636599
75,2054,306015,327945,633960
76,2054,309707,328229,637936
77,2054,308639,327960,636599
78,2054,233892,260348,494240
79,2054,324365,328331,652696
80,2054,233892,260348,494240
81,2054,233657,257424,491081
82,2054,233903,256896,490799
83,2054,327619,328368,655987
84,2054,233903,256896,490799
85,2054,167844,231882,399726
86,2054,131154,189036,320190
87,2054,131154,189036,320190
88,2054,98612,179079,277691
89,2054,98612,179079,277691
90,2054,50305,106882,157187
91,2054,44617,95934,140551
92,2054,41274,95504,136778
93,2054,30215,75989,106204
94,2054,24765,64003,88768
95,2054,15620,44338,59958
96,2054,16050,45194,61244
97,2054,16050,45194,61244
98,2054,4836,17593,22429
99,2054,3104,12927,16031
100,2054,4836,17593,22429
0,2055,195688,189325,385013
1,2055,220802,189325,410127
2,2055,220802,189325,410127
3,2055,220802,189325,410127
4,2055,220802,189325,410127
5,2055,226632,189325,415957
6,2055,246721,228146,474867
7,2055,311161,228125,539286
8,2055,260194,238970,499164
9,2055,261325,248834,510159
10,2055,276323,258992,535315
11,2055,312519,328662,641181
12,2055,313682,281955,595637
13,2055,313843,281980,595823
14,2055,311018,281980,592998
15,2055,313682,281955,595637
16,2055,313843,281980,595823
17,2055,313682,281955,595637
18,2055,313847,281980,595827
19,2055,313847,281980,595827
20,2055,313847,281980,595827
21,2055,313682,281955,595637
22,2055,314056,281797,595853
23,2055,309707,328229,637936
24,2055,313682,281955,595637
25,2055,306015,327945,633960
26,2055,310103,328229,638332
27,2055,306648,327939,634587
28,2055,312519,328662,641181
29,2055,310103,328229,638332
30,2055,309707,328229,637936
31,2055,324410,328331,652741
32,2055,324365,328331,652696
33,2055,327360,322663,650023
34,2055,327360,322663,650023
35,2055,327619,328368,655987
36,2055,327360,322663,650023
37,2055,327360,322663,650023
38,2055,327619,328368,655987
39,2055,327619,328368,655987
40,2055,327619,328368,655987
41,2055,331424,363808,695232
42,2055,331424,363808,695232
43,2055,331424,363808,695232
44,2055,331424,363808,695232
45,2055,331424,363808,695232
46,2055,481578,490783,972361
47,2055,483867,493655,977522
48,2055,484138,494196,978334
49,2055,477409,487375,964784
50,2055,484010,494029,978039
51,2055,477409,487375,964784
52,2055,483521,493935,977456
53,2055,484200,494235,978435
54,2055,481273,490595,971868
55,2055,482948,492497,975445
56,2055,481434,490653,972087
57,2055,484087,494296,978383
58,2055,483544,493953,977497
59,2055,484074,494252,978326
60,2055,477409,487375,964784
61,2055,483456,492655,976111
62,2055,483671,493990,977661
63,2055,484181,494164,978345
64,2055,483314,492813,976127
65,2055,327619,328368,655987
66,2055,327619,328368,655987
67,2055,331424,363808,695232
68,2055,324350,328331,652681
69,2055,324350,328331,652681
70,2055,308639,327960,636599
71,2055,327619,328368,655987
72,2055,308116,327867,635983
73,2055,324350,328331,652681
74,2055,306648,327939,634587
75,2055,312519,328662,641181
76,2055,306015,327945,633960
77,2055,306648,327939,634587
78,2055,233892,260348,494240
79,2055,324350,328331,652681
80,2055,233892,260348,494240
81,2055,233903,256896,490799
82,2055,233657,257424,491081
83,2055,327619,328368,655987
84,2055,233657,257424,491081
85,2055,167844,231882,399726
86,2055,131154,189036,320190
87,2055,131154,189036,320190
88,2055,98612,179079,277691
89,2055,98612,179079,277691
90,2055,51144,107905,159049
91,2055,47759,103625,151384
92,2055,39966,93551,133517
93,2055,30215,75989,106204
94,2055,24713,63952,88665
95,2055,15620,44338,59958
96,2055,16050,45194,61244
97,2055,16050,45194,61244
98,2055,4836,17593,22429
99,2055,3105,12960,16065
100,2055,4836,17593,22429
0,2056,195688,189325,385013
1,2056,220802,189325,410127
2,2056,220802,189325,410127
3,2056,220802,189325,410127
4,2056,220802,189325,410127
5,2056,225921,189325,415246
6,2056,246721,228146,474867
7,2056,311161,228125,539286
8,2056,260194,238970,499164
9,2056,261183,249240,510423
10,2056,276292,258933,535225
11,2056,308116,327867,635983
12,2056,314566,281980,596546
13,2056,313843,281980,595823
14,2056,314056,281797,595853
15,2056,314566,281980,596546
16,2056,313843,281980,595823
17,2056,314566,281980,596546
18,2056,313847,281980,595827
19,2056,313847,281980,595827
20,2056,313847,281980,595827
21,2056,314566,281980,596546
22,2056,313682,281955,595637
23,2056,306015,327945,633960
24,2056,314566,281980,596546
25,2056,312519,328662,641181
26,2056,306251,327945,634196
27,2056,309707,328229,637936
28,2056,308116,327867,635983
29,2056,306251,327945,634196
30,2056,306015,327945,633960
31,2056,324365,328331,652696
32,2056,324350,328331,652681
33,2056,327360,322663,650023
34,2056,327360,322663,650023
35,2056,327619,328368,655987
36,2056,327360,322663,650023
37,2056,327360,322663,650023
38,2056,327619,328368,655987
39,2056,327619,328368,655987
40,2056,327619,328368,655987
41,2056,331424,363808,695232
42,2056,331424,363808,695232
43,2056,331424,363808,695232
44,2056,331424,363808,695232
45,2056,331424,363808,695232
46,2056,484074,494252,978326
47,2056,483456,492655,976111
48,2056,481578,490783,972361
49,2056,477409,487456,964865
50,2056,483248,492466,975714
51,2056,477409,487456,964865
52,2056,482948,492497,975445
53,2056,481273,490595,971868
54,2056,484138,494196,978334
55,2056,483544,493953,977497
56,2056,484181,494164,978345
57,2056,481603,490655,972258
58,2056,483061,492435,975496
59,2056,481603,490672,972275
60,2056,477409,487456,964865
61,2056,483333,493280,976613
62,2056,482726,492207,974933
63,2056,481546,490906,972452
64,2056,483788,493630,977418
65,2056,327619,328368,655987
66,2056,327619,328368,655987
67,2056,331424,363808,695232
68,2056,324410,328331,652741
69,2056,324410,328331,652741
70,2056,306648,327939,634587
71,2056,327619,328368,655987
72,2056,308639,327960,636599
73,2056,324410,328331,652741
74,2056,309707,328229,637936
75,2056,308116,327867,635983
76,2056,312519,328662,641181
77,2056,309707,328229,637936
78,2056,233892,260348,494240
79,2056,324410,328331,652741
80,2056,233892,260348,494240
81,2056,233657,257424,491081
82,2056,233903,256896,490799
83,2056,327619,328368,655987
84,2056,233903,256896,490799
85,2056,167844,231882,399726
86,2056,131154,189036,320190
87,2056,131154,189036,320190
88,2056,98612,179079,277691
89,2056,98612,179079,277691
90,2056,50305,106882,157187
91,2056,44638,95486,140124
92,2056,39384,87571,126955
93,2056,30215,75989,106204
94,2056,24728,64003,88731
95,2056,15620,44338,59958
96,2056,16050,45194,61244
97,2056,16050,45194,61244
98,2056,4836,17593,22429
99,2056,3104,12927,16031
100,2056,4836,17593,22429
0,2057,195688,189325,385013
1,2057,220802,189325,410127
2,2057,220802,189325,410127
3,2057,220802,189325,410127
4,2057,220802,189325,410127
5,2057,226317,189325,415642
6,2057,246721,228146,474867
7,2057,311161,228125,539286
8,2057,260194,238970,499164
9,2057,261140,248834,509974
10,2057,276661,258933,535594
11,2057,308639,327960,636599
12,2057,311018,281980,592998
13,2057,313843,281980,595823
14,2057,313682,281955,595637
15,2057,311018,281980,592998
16,2057,313843,281980,595823
17,2057,311018,281980,592998
18,2057,313847,281980,595827
19,2057,313847,281980,595827
20,2057,313847,281980,595827
21,2057,311018,281980,592998
22,2057,314566,281980,596546
23,2057,312519,328662,641181
24,2057,311018,281980,592998
25,2057,308116,327867,635983
26,2057,310103,328229,638332
27,2057,306015,327945,633960
28,2057,308639,327960,636599
29,2057,310103,328229,638332
30,2057,312519,328662,641181
31,2057,324350,328331,652681
32,2057,324410,328331,652741
33,2057,327360,322663,650023
34,2057,327360,322663,650023
35,2057,327619,328368,655987
36,2057,327360,322663,650023
37,2057,327360,322663,650023
38,2057,327619,328368,655987
39,2057,327619,328368,655987
40,2057,327619,328368,655987
41,2057,331424,363808,695232
42,2057,331424,363808,695232
43,2057,331424,363808,695232
44,2057,331424,363808,695232
45,2057,331424,363808,695232
46,2057,481603,490672,972275
47,2057,483333,493280,976613
48,2057,484074,494252,978326
49,2057,477409,487375,964784
50,2057,483521,493935,977456
51,2057,477409,487375,964784
52,2057,483544,493953,977497
53,2057,484138,494196,978334
54,2057,481578,490783,972361
55,2057,483061,492435,975496
56,2057,481546,490906,972452
57,2057,484200,494235,978435
58,2057,483464,493874,977338
59,2057,484135,494241,978376
60,2057,477409,487375,964784
61,2057,483867,493655,977522
62,2057,484010,494029,978039
63,2057,484087,494296,978383
64,2057,483417,492663,976080
65,2057,327619,328368,655987
66,2057,327619,328368,655987
67,2057,331424,363808,695232
68,2057,324365,328331,652696
69,2057,324365,328331,652696
70,2057,309707,328229,637936
71,2057,327619,328368,655987
72,2057,306648,327939,634587
73,2057,324365,328331,652696
74,2057,306015,327945,633960
75,2057,308639,327960,636599
76,2057,308116,327867,635983
77,2057,306015,327945,633960
78,2057,233892,260348,494240
79,2057,324365,328331,652696
80,2057,233892,260348,494240
81,2057,233903,256896,490799
82,2057,233657,257424,491081
83,2057,327619,328368,655987
84,2057,233657,257424,491081
85,2057,167844,231882,399726
86,2057,131154,189036,320190
87,2057,131154,189036,320190
88,2057,98612,179079,277691
89,2057,98612,179079,277691
90,2057,51144,107905,159049
91,2057,47556,102690,150246
92,2057,41274,95504,136778
93,2057,30215,75989,106204
94,2057,24765,64003,88768
95,2057,15620,44338,59958
96,2057,16050,45194,61244
97,2057,16050,45194,61244
98,2057,4836,17593,22429
99,2057,3105,12960,16065
100,2057,4836,17593,22429
0,2058,195688,189325,385013
1,2058,220802,189325,410127
2,2058,220802,189325,410127
3,2058,220802,189325,410127
4,2058,220802,189325,410127
5,2058,226632,189325,415957
6,2058,246721,228146,474867
7,2058,311161,228125,539286
8,2058,260194,238970,499164
9,2058,261514,249237,510751
10,2058,276323,258992,535315
11,2058,306648,327939,634587
12,2058,314056,281797,595853
13,2058,313843,281980,595823
14,2058,314566,281980,596546
15,2058,314056,281797,595853
16,2058,313843,281980,595823
17,2058,314056,281797,595853
18,2058,313847,281980,595827
19,2058,313847,281980,595827
20,2058,313847,281980,595827
21,2058,314056,281797,595853
22,2058,311018,281980,592998
23,2058,308116,327867,635983
24,2058,314056,281797,595853
25,2058,308639,327960,636599
26,2058,306251,327945,634196
27,2058,312519,328662,641181
28,2058,306648,327939,634587
29,2058,306251,327945,634196
30,2058,308116,327867,635983
31,2058,324410,328331,652741
32,2058,324365,328331,652696
33,2058,327360,322663,650023
34,2058,327360,322663,650023
35,2058,327619,328368,655987
36,2058,327360,322663,650023
37,2058,327360,322663,650023
38,2058,327619,328368,655987
39,2058,327619,328368,655987
40,2058,327619,328368,655987
41,2058,331424,363808,695232
42,2058,331424,363808,695232
43,2058,331424,363808,695232
44,2058,331424,363808,695232
45,2058,331424,363808,695232
46,2058,484135,494241,978376
47,2058,483867,493655,977522
48,2058,481603,490672,972275
49,2058,477409,487456,964865
50,2058,482948,492497,975445
51,2058,477409,487456,964865
52,2058,483061,492435,975496
53,2058,481578,490783,972361
54,2058,484074,494252,978326
55,2058,483464,493874,977338
56,2058,484087,494296,978383
57,2058,481273,490595,971868
58,2058,483153,492948,976101
59,2058,481434,490653,972087
60,2058,477409,487456,964865
61,2058,483456,492655,976111
62,2058,483248,492466,975714
63,2058,481603,490655,972258
64,2058,483592,493517,977109
65,2058,327619,328368,655987
66,2058,327619,328368,655987
67,2058,331424,363808,695232
68,2058,324350,328331,652681
69,2058,324350,328331,652681
70,2058,306015,327945,633960
71,2058,327619,328368,655987
72,2058,309707,328229,637936
73,2058,324350,328331,652681
74,2058,312519,328662,641181
75,2058,306648,327939,634587
76,2058,308639,327960,636599
77,2058,312519,328662,641181
78,2058,233892,260348,494240
79,2058,324350,328331,652681
80,2058,233892,260348,494240
81,2058,233657,257424,491081
82,2058,233903,256896,490799
83,2058,327619,328368,655987
84,2058,233903,256896,490799
85,2058,167844,231882,399726
86,2058,131154,189036,320190
87,2058,131154,189036,320190
88,2058,98612,179079,277691
89,2058,98612,179079,277691
90,2058,50305,106882,157187
91,2058,44617,95934,140551
92,2058,39966,93551,133517
93,2058,30215,75989,106204
94,2058,24713,63952,88665
95,2058,15620,44338,59958
96,2058,16050,45194,61244
97,2058,16050,45194,61244
98,2058,4836,17593,22429
99,2058,3104,12927,16031
100,2058,4836,17593,22429
0,2059,195688,189325,385013
1,2059,220802,189325,410127
2,2059,220802,189325,410127
3,2059,220802,189325,410127
4,2059,220802,189325,410127
5,2059,225921,189325,415246
6,2059,246721,228146,474867
7,2059,311161,228125,539286
8,2059,260194,238970,499164
9,2059,261325,248834,510159
10,2059,276292,258933,535225
11,2059,309707,328229,637936
12,2059,313682,281955,595637
13,2059,313843,281980,595823
14,2059,311018,281980,592998
15,2059,313682,281955,595637
16,2059,313843,281980,595823
17,2059,313682,281955,595637
18,2059,313847,281980,595827
19,2059,313847,281980,595827
20,2059,313847,281980,595827
21,2059,313682,281955,595637
22,2059,314056,281797,595853
23,2059,308639,327960,636599
24,2059,313682,281955,595637
25,2059,306648,327939,634587
26,2059,310103,328229,638332
27,2059,308116,327867,635983
28,2059,309707,328229,637936
29,2059,310103,328229,638332
30,2059,308639,327960,636599
31,2059,324365,328331,652696
32,2059,324350,328331,652681
33,2059,327360,322663,650023
34,2059,327360,322663,650023
35,2059,327619,328368,655987
36,2059,327360,322663,650023
37,2059,327360,322663,650023
38,2059,327619,328368,655987
39,2059,327619,328368,655987
40,2059,327619,328368,655987
41,2059,331424,363808,695232
42,2059,331424,363808,695232
43,2059,331424,363808,695232
44,2059,331424,363808,695232
45,2059,331424,363808,695232
46,2059,481434,490653,972087
47,2059,483456,492655,976111
48,2059,484135,494241,978376
49,2059,477409,487375,964784
50,2059,483544,493953,977497
51,2059,477409,487375,964784
52,2059,483464,493874,977338
53,2059,484074,494252,978326
54,2059,481603,490672,972275
55,2059,483153,492948,976101
56,2059,481603,490655,972258
57,2059,484138,494196,978334
58,2059,483671,493990,977661
59,2059,484181,494164,978345
60,2059,477409,487375,964784
61,2059,483333,493280,976613
62,2059,483521,493935,977456
63,2059,484200,494235,978435
64,2059,483314,492813,976127
65,2059,327619,328368,655987
66,2059,327619,328368,655987
67,2059,331424,363808,695232
68,2059,324410,328331,652741
69,2059,324410,328331,652741
70,2059,312519,328662,641181
71,2059,327619,328368,655987
72,2059,306015,327945,633960
73,2059,324410,328331,652741
74,2059,308116,327867,635983
75,2059,309707,328229,637936
76,2059,306648,327939,634587
77,2059,308116,327867,635983
78,2059,233892,260348,494240
79,2059,324410,328331,652741
80,2059,233892,260348,494240
81,2059,233903,256896,490799
82,2059,233657,257424,491081
83,2059,327619,328368,655987
84,2059,233657,257424,491081
85,2059,167844,231882,399726
86,2059,131154,189036,320190
87,2059,131154,189036,320190
88,2059,98612,179079,277691
89,2059,98612,179079,277691
90,2059,51144,107905,159049
91,2059,47759,103625,151384
92,2059,39384,87571,126955
93,2059,30215,75989,106204
94,2059,24728,64003,88731
95,2059,15620,44338,59958
96,2059,16050,45194,61244
97,2059,16050,45194,61244
98,2059,4836,17593,22429
99,2059,3105,12960,16065
100,2059,4836,17593,22429
0,2060,195688,189325,385013
1,2060,220802,189325,410127
2,2060,220802,189325,410127
3,2060,220802,189325,410127
4,2060,220802,189325,410127
5,2060,226317,189325,415642
6,2060,246721,228146,474867
7,2060,311161,228125,539286
8,2060,260194,238970,499164
9,2060,261183,249240,510423
10,2060,276661,258933,535594
11,2060,306015,327945,633960
12,2060,314566,281980,596546
13,2060,313843,281980,595823
14,2060,314056,281797,595853
15,2060,314566,281980,596546
16,2060,313843,281980,595823
17,2060,314566,281980,596546
18,2060,313847,281980,595827
19,2060,313847,281980,595827
20,2060,313847,281980,595827
21,2060,314566,281980,596546
22,2060,313682,281955,595637
23,2060,306648,327939,634587
24,2060,314566,281980,596546
25,2060,309707,328229,637936
26,2060,306251,327945,634196
27,2060,308639,327960,636599
28,2060,306015,327945,633960
29,2060,306251,327945,634196
30,2060,306648,327939,634587
31,2060,324350,328331,652681
32,2060,324410,328331,652741
33,2060,327360,322663,650023
34,2060,327360,322663,650023
35,2060,327619,328368,655987
36,2060,327360,322663,650023
37,2060,327360,322663,650023
38,2060,327619,328368,655987
39,2060,327619,328368,655987
40,2060,327619,328368,655987
41,2060,331424,363808,695232
42,2060,331424,363808,695232
43,2060,331424,363808,695232
44,2060,331424,363808,695232
45,2060,331424,363808,695232
46,2060,484181,494164,978345
47,2060,483333,493280,976613
48,2060,481434,490653,972087
49,2060,477409,487456,964865
50,2060,483061,492435,975496
51,2060,477409,487456,964865
52,2060,483153,492948,976101
53,2060,481603,490672,972275
54,2060,484135,494241,978376
55,2060,483671,493990,977661
56,2060,484200,494235,978435
57,2060,481578,490783,972361
58,2060,482726,492207,974933
59,2060,481546,490906,972452
60,2060,477409,487456,964865
61,2060,483867,493655,977522
62,2060,482948,492497,975445
63,2060,481273,490595,971868
64,2060,483788,493630,977418
65,2060,327619,328368,655987
66,2060,327619,328368,655987
67,2060,331424,363808,695232
68,2060,324365,328331,652696
69,2060,324365,328331,652696
70,2060,308116,327867,635983
71,2060,327619,328368,655987
72,2060,312519,328662,641181
73,2060,324365,328331,652696
74,2060,308639,327960,636599
75,2060,306015,327945,633960
76,2060,309707,328229,637936
77,2060,308639,327960,636599
78,2060,233892,260348,494240
79,2060,324365,328331,652696
80,2060,233892,260348,494240
81,2060,233657,257424,491081
82,2060,233903,256896,490799
83,2060,327619,328368,655987
84,2060,233903,256896,490799
85,2060,167844,231882,399726
86,2060,131154,189036,320190
87,2060,131154,189036,320190
88,2060,98612,179079,277691
89,2060,98612,179079,277691
90,2060,50305,106882,157187
91,2060,44638,95486,140124
92,2060,41274,95504,136778
93,2060,30215,75989,106204
94,2060,24765,64003,88768
95,2060,15620,44338,59958
96,2060,16050,45194,61244
97,2060,16050,45194,61244
98,2060,4836,17593,22429
99,2060,3104,12927,16031
100,2060,4836,17593,22429
0,2061,195688,189325,385013
1,2061,220802,189325,410127
2,2061,220802,189325,410127
3,2061,220802,189325,410127
4,2061,220802,189325,410127
5,2061,226632,189325,415957
6,2061,246721,228146,474867
7,2061,311161,228125,539286
8,2061,260194,238970,499164
9,2061,261140,248834,509974
10,2061,276323,258992,535315
11,2061,312519,328662,641181
12,2061,311018,281980,592998
13,2061,313843,281980,595823
14,2061,313682,281955,595637
15,2061,311018,281980,592998
16,2061,313843,281980,595823
17,2061,311018,281980,592998
18,2061,313847,281980,595827
19,2061,313847,281980,595827
20,2061,313847,281980,595827
21,2061,311018,281980,592998
22,2061,314566,281980,596546
23,2061,309707,328229,637936
24,2061,311018,281980,592998
25,2061,306015,327945,633960
26,2061,310103,328229,638332
27,2061,306648,327939,634587
28,2061,312519,328662,641181
29,2061,310103,328229,638332
30,2061,309707,328229,637936
31,2061,324410,328331,652741
32,2061,324365,328331,652696
33,2061,327360,322663,650023
34,2061,327360,322663,650023
35,2061,327619,328368,655987
36,2061,327360,322663,650023
37,2061,327360,322663,650023
38,2061,327619,328368,655987
39,2061,327619,328368,655987
40,2061,327619,328368,655987
41,2061,331424,363808,695232
42,2061,331424,363808,695232
43,2061,331424,363808,695232
44,2061,331424,363808,695232
45,2061,331424,363808,695232
46,2061,481546,490906,972452
47,2061,483867,493655,977522
48,2061,484181,494164,978345
49,2061,477409,487375,964784
50,2061,483464,493874,977338
51,2061,477409,487375,964784
52,2061,483671,493990,977661
53,2061,484135,494241,978376
54,2061,481434,490653,972087
55,2061,482726,492207,974933
56,2061,481273,490595,971868
57,2061,484074,494252,978326
58,2061,484010,494029,978039
59,2061,484087,494296,978383
60,2061,477409,487375,964784
61,2061,483456,492655,976111
62,2061,483544,493953,977497
63,2061,484138,494196,978334
64,2061,483417,492663,976080
65,2061,327619,328368,655987
66,2061,327619,328368,655987
67,2061,331424,363808,695232
68,2061,324350,328331,652681
69,2061,324350,328331,652681
70,2061,308639,327960,636599
71,2061,327619,328368,655987
72,2061,308116,327867,635983
73,2061,324350,328331,652681
74,2061,306648,327939,634587
75,2061,312519,328662,641181
76,2061,306015,327945,633960
77,2061,306648,327939,634587
78,2061,233892,260348,494240
79,2061,324350,328331,652681
80,2061,233892,260348,494240
81,2061,233903,256896,490799
82,2061,233657,257424,491081
83,2061,327619,328368,655987
84,2061,233657,257424,491081
85,2061,167844,231882,399726
86,2061,131154,189036,320190
87,2061,131154,189036,320190
88,2061,98612,179079,277691
89,2061,98612,179079,277691
90,2061,51144,107905,159049
91,2061,47556,102690,150246
92,2061,39966,93551,133517
93,2061,30215,75989,106204
94,2061,24713,63952,88665
95,2061,15620,44338,59958
96,2061,16050,45194,61244
97,2061,16050,45194,61244
98,2061,4836,17593,22429
99,2061,3105,12960,16065
100,2061,4836,17593,22429
0,2062,195688,189325,385013
1,2062,220802,189325,410127
2,2062,220802,189325,410127
3,2062,220802,189325,410127
4,2062,220802,189325,410127
5,2062,225921,189325,415246
6,2062,246721,228146,474867
7,2062,311161,228125,539286
8,2062,260194,238970,499164
9,2062,261514,249237,510751
10,2062,276292,258933,535225
11,2062,308116,327867,635983
12,2062,314056,281797,595853
13,2062,313843,281980,595823
14,2062,314566,281980,596546
15,2062,314056,281797,595853
16,2062,313843,281980,595823
17,2062,314056,281797,595853
18,2062,313847,281980,595827
19,2062,313847,281980,595827
20,2062,313847,281980,595827
21,2062,314056,281797,595853
22,2062,311018,281980,592998
23,2062,306015,327945,633960
24,2062,314056,281797,595853
25,2062,312519,328662,641181
26,2062,306251,327945,634196
27,2062,309707,328229,637936
28,2062,308116,327867,635983
29,2062,306251,327945,634196
30,2062,306015,327945,633960
31,2062,324365,328331,652696
32,2062,324350,328331,652681
33,2062,327360,322663,650023
34,2062,327360,322663,650023
35,2062,327619,328368,655987
36,2062,327360,322663,650023
37,2062,327360,322663,650023
38,2062,327619,328368,655987
39,2062,327619,328368,655987
40,2062,327619,328368,655987
41,2062,331424,363808,695232
42,2062,331424,363808,695232
43,2062,331424,363808,695232
44,2062,331424,363808,695232
45,2062,331424,363808,695232
46,2062,484087,494296,978383
47,2062,483456,492655,976111
48,2062,481546,490906,972452
49,2062,477409,487456,964865
50,2062,483153,492948,976101
51,2062,477409,487456,964865
52,2062,482726,492207,974933
53,2062,481434,490653,972087
54,2062,484181,494164,978345
55,2062,484010,494029,978039
56,2062,484138,494196,978334
57,2062,481603,490672,972275
58,2062,483248,492466,975714
59,2062,481603,490655,972258
60,2062,477409,487456,964865
61,2062,483333,493280,976613
62,2062,483061,492435,975496
63,2062,481578,490783,972361
64,2062,483592,493517,977109
65,2062,327619,328368,655987
66,2062,327619,328368,655987
67,2062,331424,363808,695232
68,2062,324410,328331,652741
69,2062,324410,328331,652741
70,2062,306648,327939,634587
71,2062,327619,328368,655987
72,2062,308639,327960,636599
73,2062,324410,328331,652741
74,2062,309707,328229,637936
75,2062,308116,327867,635983
76,2062,312519,328662,641181
77,2062,309707,328229,637936
78,2062,233892,260348,494240
79,2062,324410,328331,652741
80,2062,233892,260348,494240
81,2062,233657,257424,491081
82,2062,233903,256896,490799
83,2062,327619,328368,655987
84,2062,233903,256896,490799
85,2062,167844,231882,399726
86,2062,131154,189036,320190
87,2062,131154,189036,320190
88,2062,98612,179079,277691
89,2062,98612,179079,277691
90,2062,50305,106882,157187
91,2062,44617,95934,140551
92,2062,39384,87571,126955
93,2062,30215,75989,106204
94,2062,24728,64003,88731
95,2062,15620,44338,59958
96,2062,16050,45194,61244
97,2062,16050,45194,61244
98,2062,4836,17593,22429
99,2062,3104,12927,16031
100,2062,4836,17593,22429
0,2063,195688,189325,385013
1,2063,220802,189325,410127
2,2063,220802,189325,410127
3,2063,220802,189325,410127
4,2063,220802,189325,410127
5,2063,226317,189325,415642
6,2063,246721,228146,474867
7,2063,311161,228125,539286
8,2063,260194,238970,499164
9,2063,261325,248834,510159
10,2063,276661,258933,535594
11,2063,308639,327960,636599
12,2063,313682,281955,595637
13,2063,313843,281980,595823
14,2063,311018,281980,592998
15,2063,313682,281955,595637
16,2063,313843,281980,595823
17,2063,313682,281955,595637
18,2063,313847,281980,595827
19,2063,313847,281980,595827
20,2063,313847,281980,595827
21,2063,313682,281955,595637
22,2063,314056,281797,595853
23,2063,312519,328662,641181
24,2063,313682,281955,595637
25,2063,308116,327867,635983
26,2063,310103,328229,638332
27,2063,306015,327945,633960
28,2063,308639,327960,636599
29,2063,310103,328229,638332
30,2063,312519,328662,641181
31,2063,324350,328331,652681
32,2063,324410,328331,652741
33,2063,327360,322663,650023
34,2063,327360,322663,650023
35,2063,327619,328368,655987
36,2063,327360,322663,650023
37,2063,327360,322663,650023
38,2063,327619,328368,655987
39,2063,327619,328368,655987
40,2063,327619,328368,655987
41,2063,331424,363808,695232
42,2063,331424,363808,695232
43,2063,331424,363808,695232
44,2063,331424,363808,695232
45,2063,331424,363808,695232
46,2063,481603,490655,972258
47,2063,483333,493280,976613
48,2063,484087,494296,978383
49,2063,477409,487375,964784
50,2063,483671,493990,977661
51,2063,477409,487375,964784
52,2063,484010,494029,978039
53,2063,484181,494164,978345
54,2063,481546,490906,972452
55,2063,483248,492466,975714
56,2063,481578,490783,972361
57,2063,484135,494241,978376
58,2063,483521,493935,977456
59,2063,484200,494235,978435
60,2063,477409,487375,964784
61,2063,483867,493655,977522
62,2063,483464,493874,977338
63,2063,484074,494252,978326
64,2063,483314,492813,976127
65,2063,327619,328368,655987
66,2063,327619,328368,655987
67,2063,331424,363808,695232
68,2063,324365,328331,652696
69,2063,324365,328331,652696
70,2063,309707,328229,637936
71,2063,327619,328368,655987
72,2063,306648,327939,634587
73,2063,324365,328331,652696
74,2063,306015,327945,633960
75,2063,308639,327960,636599
76,2063,308116,327867,635983
77,2063,306015,327945,633960
78,2063,233892,260348,494240
79,2063,324365,328331,652696
80,2063,233892,260348,494240
81,2063,233903,256896,490799
82,2063,233657,257424,491081
83,2063,327619,328368,655987
84,2063,233657,257424,491081
85,2063,167844,231882,399726
86,2063,131154,189036,320190
87,2063,131154,189036,320190
88,2063,98612,179079,277691
89,2063,98612,179079,277691
90,2063,51144,107905,159049
91,2063,47759,103625,151384
92,2063,41274,95504,136778
93,2063,30215,75989,106204
94,2063,24765,64003,88768
95,2063,15620,44338,59958
96,2063,16050,45194,61244
97,2063,16050,45194,61244
98,2063,4836,17593,22429
99,2063,3105,12960,16065
100,2063,4836,17593,22429
0,2064,195688,189325,385013
1,2064,220802,189325,410127
2,2064,220802,189325,410127
3,2064,220802,189325,410127
4,2064,220802,189325,410127
5,2064,226632,189325,415957
6,2064,246721,228146,474867
7,2064,311161,228125,539286
8,2064,260194,238970,499164
9,2064,261183,249240,510423
10,2064,276323,258992,535315
11,2064,306648,327939,634587
12,2064,314566,281980,596546
13,2064,313843,281980,595823
14,2064,314056,281797,595853
15,2064,314566,281980,596546
16,2064,313843,281980,595823
17,2064,314566,281980,596546
18,2064,313847,281980,595827
19,2064,313847,281980,595827
20,2064,313847,281980,595827
21,2064,314566,281980,596546
22,2064,313682,281955,595637
23,2064,308116,327867,635983
24,2064,314566,281980,596546
25,2064,308639,327960,636599
26,2064,306251,327945,634196
27,2064,312519,328662,641181
28,2064,306648,327939,634587
29,2064,306251,327945,634196
30,2064,308116,327867,635983
31,2064,324410,328331,652741
32,2064,324365,328331,652696
33,2064,327360,322663,650023
34,2064,327360,322663,650023
35,2064,327619,328368,655987
36,2064,327360,322663,650023
37,2064,327360,322663,650023
38,2064,327619,328368,655987
39,2064,327619,328368,655987
40,2064,327619,328368,655987
41,2064,331424,363808,695232
42,2064,331424,363808,695232
43,2064,331424,363808,695232
44,2064,331424,363808,695232
45,2064,331424,363808,695232
46,2064,484200,494235,978435
47,2064,483867,493655,977522
48,2064,481603,490655,972258
49,2064,477409,487456,964865
50,2064,482726,492207,974933
51,2064,477409,487456,964865
52,2064,483248,492466,975714
53,2064,481546,490906,972452
54,2064,484087,494296,978383
55,2064,483521,493935,977456
56,2064,484074,494252,978326
57,2064,481434,490653,972087
58,2064,482948,492497,975445
59,2064,481273,490595,971868
60,2064,477409,487456,964865
61,2064,483456,492655,976111
62,2064,483153,492948,976101
63,2064,481603,490672,972275
64,2064,483788,493630,977418
65,2064,327619,328368,655987
66,2064,327619,328368,655987
67,2064,331424,363808,695232
68,2064,324350,328331,652681
69,2064,324350,328331,652681
70,2064,306015,327945,633960
71,2064,327619,328368,655987
72,2064,309707,328229,637936
73,2064,324350,328331,652681
74,2064,312519,328662,641181
75,2064,306648,327939,634587
76,2064,308639,327960,636599
77,2064,312519,328662,641181
78,2064,233892,260348,494240
79,2064,324350,328331,652681
80,2064,233892,260348,494240
81,2064,233657,257424,491081
82,2064,233903,256896,490799
83,2064,327619,328368,655987
84,2064,233903,256896,490799
85,2064,167844,231882,399726
86,2064,131154,189036,320190
87,2064,131154,189036,320190
88,2064,98612,179079,277691
89,2064,98612,179079,277691
90,2064,50305,106882,157187
91,2064,44638,95486,140124
92,2064,39966,93551,133517
93,2064,30215,75989,106204
94,2064,24713,63952,88665
95,2064,15620,44338,59958
96,2064,16050,45194,61244
97,2064,16050,45194,61244
98,2064,4836,17593,22429
99,2064,3104,12927,16031
100,2064,4836,17593,22429
0,2065,195688,189325,385013
1,2065,220802,189325,410127
2,2065,220802,189325,410127
3,2065,220802,189325,410127
4,2065,220802,189325,410127
5,2065,225921,189325,415246
6,2065,246721,228146,474867
7,2065,311161,228125,539286
8,2065,260194,238970,499164
9,2065,261140,248834,509974
10,2065,276292,258933,535225
11,2065,309707,328229,637936
12,2065,311018,281980,592998
13,2065,313843,281980,595823
14,2065,313682,281955,595637
15,2065,311018,281980,592998
16,2065,313843,281980,595823
17,2065,311018,281980,592998
18,2065,313847,281980,595827
19,2065,313847,281980,595827
20,2065,313847,281980,595827
21,2065,311018,281980,592998
22,2065,314566,281980,596546
23,2065,308639,327960,636599
24,2065,311018,281980,592998
25,2065,306648,327939,634587
26,2065,310103,328229,638332
27,2065,308116,327867,635983
28,2065,309707,328229,637936
29,2065,310103,328229,638332
30,2065,308639,327960,636599
31,2065,324365,328331,652696
32,2065,324350,328331,652681
33,2065,327360,322663,650023
34,2065,327360,322663,650023
35,2065,327619,328368,655987
36,2065,327360,322663,650023
37,2065,327360,322663,650023
38,2065,327619,328368,655987
39,2065,327619,328368,655987
40,2065,327619,328368,655987
41,2065,331424,363808,695232
42,2065,331424,363808,695232
43,2065,331424,363808,695232
44,2065,331424,363808,695232
45,2065,331424,363808,695232
46,2065,481273,490595,971868
47,2065,483456,492655,976111
48,2065,484200,494235,978435
49,2065,477409,487375,964784
50,2065,484010,494029,978039
51,2065,477409,487375,964784
52,2065,483521,493935,977456
53,2065,484087,494296,978383
54,2065,481603,490655,972258
55,2065,482948,492497,975445
56,2065,481603,490672,972275
57,2065,484181,494164,978345
58,2065,483544,493953,977497
59,2065,484138,494196,978334
60,2065,477409,487375,964784
61,2065,483333,493280,976613
62,2065,483671,493990,977661
63,2065,484135,494241,978376
64,2065,483417,492663,976080
65,2065,327619,328368,655987
66,2065,327619,328368,655987
67,2065,331424,363808,695232
68,2065,324410,328331,652741
69,2065,324410,328331,652741
70,2065,312519,328662,641181
71,2065,327619,328368,655987
72,2065,306015,327945,633960
73,2065,324410,328331,652741
74,2065,308116,327867,635983
75,2065,309707,328229,637936
76,2065,306648,327939,634587
77,2065,308116,327867,635983
78,2065,233892,260348,494240
79,2065,324410,328331,652741
80,2065,233892,260348,494240
81,2065,233903,256896,490799
82,2065,233657,257424,491081
83,2065,327619,328368,655987
84,2065,233657,257424,491081
85,2065,167844,231882,399726
86,2065,131154,189036,320190
87,2065,131154,189036,320190
88,2065,98612,179079,277691
89,2065,98612,179079,277691
90,2065,51144,107905,159049
91,2065,47556,102690,150246
92,2065,39384,87571,126955
93,2065,30215,75989,106204
94,2065,24728,64003,88731
95,2065,15620,44338,59958
96,2065,16050,45194,61244
97,2065,16050,45194,61244
98,2065,4836,17593,22429
99,2065,3105,12960,16065
100,2065,4836,17593,22429
0,2066,195688,189325,385013
1,2066,220802,189325,410127
2,2066,220802,189325,410127
3,2066,220802,189325,410127
4,2066,220802,189325,410127
5,2066,226317,189325,415642
6,2066,246721,228146,474867
7,2066,311161,228125,539286
8,2066,260194,238970,499164
9,2066,261514,249237,510751
10,2066,276661,258933,535594
11,2066,306015,327945,633960
12,2066,314056,281797,595853
13,2066,313843,281980,595823
14,2066,314566,281980,596546
15,2066,314056,281797,595853
16,2066,313843,281980,595823
17,2066,314056,281797,595853
18,2066,313847,281980,595827
19,2066,313847,281980,595827
20,2066,313847,281980,595827
21,2066,314056,281797,595853
22,2066,311018,281980,592998
23,2066,306648,327939,634587
24,2066,314056,281797,595853
25,2066,309707,328229,637936
26,2066,306251,327945,634196
27,2066,308639,327960,636599
28,2066,306015,327945,633960
29,2066,306251,327945,634196
30,2066,306648,327939,634587
31,2066,324350,328331,652681
32,2066,324410,328331,652741
33,2066,327360,322663,650023
34,2066,327360,322663,650023
35,2066,327619,328368,655987
36,2066,327360,322663,650023
37,2066,327360,322663,650023
38,2066,327619,328368,655987
39,2066,327619,328368,655987
40,2066,327619,328368,655987
41,2066,331424,363808,695232
42,2066,331424,363808,695232
43,2066,331424,363808,695232
44,2066,331424,363808,695232
45,2066,331424,363808,695232
46,2066,484138,494196,978334
47,2066,483333,493280,976613
48,2066,481273,490595,971868
49,2066,477409,487456,964865
50,2066,483248,492466,975714
51,2066,477409,487456,964865
52,2066,482948,492497,975445
53,2066,481603,490655,972258
54,2066,484200,494235,978435
55,2066,483544,493953,977497
56,2066,484135,494241,978376
57,2066,481546,490906,972452
58,2066,483061,492435,975496
59,2066,481578,490783,972361
60,2066,477409,487456,964865
61,2066,483867,493655,977522
62,2066,482726,492207,974933
63,2066,481434,490653,972087
64,2066,483592,493517,977109
65,2066,327619,328368,655987
66,2066,327619,328368,655987
67,2066,331424,363808,695232
68,2066,324365,328331,652696
69,2066,324365,328331,652696
70,2066,308116,327867,635983
71,2066,327619,328368,655987
72,2066,312519,328662,641181
73,2066,324365,328331,652696
74,2066,308639,327960,636599
75,2066,306015,327945,633960
76,2066,309707,328229,637936
77,2066,308639,327960,636599
78,2066,233892,260348,494240
79,2066,324365,328331,652696
80,2066,233892,260348,494240
81,2066,233657,257424,491081
82,2066,233903,256896,490799
83,2066,327619,328368,655987
84,2066,233903,256896,490799
85,2066,167844,231882,399726
86,2066,131154,189036,320190
87,2066,131154,189036,320190
88,2066,98612,179079,277691
89,2066,98612,179079,277691
90,2066,50305,106882,157187
91,2066,44617,95934,140551
92,2066,41274,95504,136778
93,2066,30215,75989,106204
94,2066,24765,64003,88768
95,2066,15620,44338,59958
96,2066,16050,45194,61244
97,2066,16050,45194,61244
98,2066,4836,17593,22429
99,2066,3104,12927,16031
100,2066,4836,17593,22429
0,2067,195688,189325,385013
1,2067,220802,189325,410127
2,2067,220802,189325,410127
3,2067,220802,189325,410127
4,2067,220802,189325,410127
5,2067,226632,189325,415957
6,2067,246721,228146,474867
7,2067,311161,228125,539286
8,2067,260194,238970,499164
9,2067,261325,248834,510159
10,2067,276323,258992,535315
11,2067,312519,328662,641181
12,2067,313682,281955,595637
13,2067,313843,281980,595823
14,2067,311018,281980,592998
15,2067,313682,281955,595637
16,2067,313843,281980,595823
17,2067,313682,281955,595637
18,2067,313847,281980,595827
19,2067,313847,281980,595827
20,2067,313847,281980,595827
21,2067,313682,281955,595637
22,2067,314056,281797,595853
23,2067,309707,328229,637936
24,2067,313682,281955,595637
25,2067,306015,327945,633960
26,2067,310103,328229,638332
27,2067,306648,327939,634587
28,2067,312519,328662,641181
29,2067,310103,328229,638332
30,2067,309707,328229,637936
31,2067,324410,328331,652741
32,2067,324365,328331,652696
33,2067,327360,322663,650023
34,2067,327360,322663,650023
35,2067,327619,328368,655987
36,2067,327360,322663,650023
37,2067,327360,322663,650023
38,2067,327619,328368,655987
39,2067,327619,328368,655987
40,2067,327619,328368,655987
41,2067,331424,363808,695232
42,2067,331424,363808,695232
43,2067,331424,363808,695232
44,2067,331424,363808,695232
45,2067,331424,363808,695232
46,2067,481578,490783,972361
47,2067,483867,493655,977522
48,2067,484138,494196,978334
49,2067,477409,487375,964784
50,2067,483521,493935,977456
51,2067,477409,487375,964784
52,2067,483544,493953,977497
53,2067,484200,494235,978435
54,2067,481273,490595,971868
55,2067,483061,492435,975496
56,2067,481434,490653,972087
57,2067,484087,494296,978383
58,2067,483464,493874,977338
59,2067,484074,494252,978326
60,2067,477409,487375,964784
61,2067,483456,492655,976111
62,2067,484010,494029,978039
63,2067,484181,494164,978345
64,2067,483314,492813,976127
65,2067,327619,328368,655987
66,2067,327619,328368,655987
67,2067,331424,363808,695232
68,2067,324350,328331,652681
69,2067,324350,328331,652681
70,2067,308639,327960,636599
71,2067,327619,328368,655987
72,2067,308116,327867,635983
73,2067,324350,328331,652681
74,2067,306648,327939,634587
75,2067,312519,328662,641181
76,2067,306015,327945,633960
77,2067,306648,327939,634587
78,2067,233892,260348,494240
79,2067,324350,328331,652681
80,2067,233892,260348,494240
81,2067,233903,256896,490799
82,2067,233657,257424,491081
83,2067,327619,328368,655987
84,2067,233657,257424,491081
85,2067,167844,231882,399726
86,2067,131154,189036,320190
87,2067,131154,189036,320190
88,2067,98612,179079,277691
89,2067,98612,179079,277691
90,2067,51144,107905,159049
91,2067,47759,103625,151384
92,2067,39966,93551,133517
93,2067,30215,75989,106204
94,2067,24713,63952,88665
95,2067,15620,44338,59958
96,2067,16050,45194,61244
97,2067,16050,45194,61244
98,2067,4836,17593,22429
99,2067,3105,12960,16065
100,2067,4836,17593,22429
0,2068,195688,189325,385013
1,2068,220802,189325,410127
2,2068,220802,189325,410127
3,2068,220802,189325,410127
4,2068,220802,189325,410127
5,2068,225921,189325,415246
6,2068,246721,228146,474867
7,2068,311161,228125,539286
8,2068,260194,238970,499164
9,2068,261183,249240,510423
10,2068,276292,258933,535225
11,2068,308116,327867,635983
12,2068,314566,281980,596546
13,2068,313843,281980,595823
14,2068,314056,281797,595853
15,2068,314566,281980,596546
16,2068,313843,281980,595823
17,2068,314566,281980,596546
18,2068,313847,281980,595827
19,2068,313847,281980,595827
20,2068,313847,281980,595827
21,2068,314566,281980,596546
22,2068,313682,281955,595637
23,2068,306015,327945,633960
24,2068,314566,281980,596546
25,2068,312519,328662,641181
26,2068,306251,327945,634196
27,2068,309707,328229,637936
28,2068,308116,327867,635983
29,2068,306251,327945,634196
30,2068,306015,327945,633960
31,2068,324365,328331,652696
32,2068,324350,328331,652681
33,2068,327360,322663,650023
34,2068,327360,322663,650023
35,2068,327619,328368,655987
36,2068,327360,322663,650023
37,2068,327360,322663,650023
38,2068,327619,328368,655987
39,2068,327619,328368,655987
40,2068,327619,328368,655987
41,2068,331424,363808,695232
42,2068,331424,363808,695232
43,2068,331424,363808,695232
44,2068,331424,363808,695232
45,2068,331424,363808,695232
46,2068,484074,494252,978326
47,2068,483456,492655,976111
48,2068,481578,490783,972361
49,2068,477409,487456,964865
50,2068,482948,492497,975445
51,2068,477409,487456,964865
52,2068,483061,492435,975496
53,2068,481273,490595,971868
54,2068,484138,494196,978334
55,2068,483464,493874,977338
56,2068,484181,494164,978345
57,2068,481603,490655,972258
58,2068,483153,492948,976101
59,2068,481603,490672,972275
60,2068,477409,487456,964865
61,2068,483333,493280,976613
62,2068,483248,492466,975714
63,2068,481546,490906,972452
64,2068,483788,493630,977418
65,2068,327619,328368,655987
66,2068,327619,328368,655987
67,2068,331424,363808,695232
68,2068,324410,328331,652741
69,2068,324410,328331,652741
70,2068,306648,327939,634587
71,2068,327619,328368,655987
72,2068,308639,327960,636599
73,2068,324410,328331,652741
74,2068,309707,328229,637936
75,2068,308116,327867,635983
76,2068,312519,328662,641181
77,2068,309707,328229,637936
78,2068,233892,260348,494240
79,2068,324410,328331,652741
80,2068,233892,260348,494240
81,2068,233657,257424,491081
82,2068,233903,256896,490799
83,2068,327619,328368,655987
84,2068,233903,256896,490799
85,2068,167844,231882,399726
86,2068,131154,189036,320190
87,2068,131154,189036,320190
88,2068,98612,179079,277691
89,2068,98612,179079,277691
90,2068,50305,106882,157187
91,2068,44638,95486,140124
92,2068,39384,87571,126955
93,2068,30215,75989,106204
94,2068,24728,64003,88731
95,2068,15620,44338,59958
96,2068,16050,45194,61244
97,2068,16050,45194,61244
98,2068,4836,17593,22429
99,2068,3104,12927,16031
100,2068,4836,17593,22429
0,2069,195688,189325,385013
1,2069,220802,189325,410127
2,2069,220802,189325,410127
3,2069,220802,189325,410127
4,2069,220802,189325,410127
5,2069,226317,189325,415642
6,2069,246721,228146,474867
7,2069,311161,228125,539286
8,2069,260194,238970,499164
9,2069,261140,248834,509974
10,2069,276661,258933,535594
11,2069,308639,327960,636599
12,2069,311018,281980,592998
13,2069,313843,281980,595823
14,2069,313682,281955,595637
15,2069,311018,281980,592998
16,2069,313843,281980,595823
17,2069,311018,281980,592998
18,2069,313847,281980,595827
19,2069,313847,281980,595827
20,2069,313847,281980,595827
21,2069,311018,281980,592998
22,2069,314566,281980,596546
23,2069,312519,328662,641181
24,2069,311018,281980,592998
25,2069,308116,327867,635983
26,2069,310103,328229,638332
27,2069,306015,327945,633960
28,2069,308639,327960,636599
29,2069,310103,328229,638332
30,2069,312519,328662,641181
31,2069,324350,328331,652681
32,2069,324410,328331,652741
33,2069,327360,322663,650023
34,2069,327360,322663,650023
35,2069,327619,328368,655987
36,2069,327360,322663,650023
37,2069,327360,322663,650023
38,2069,327619,328368,655987
39,2069,327619,328368,655987
40,2069,327619,328368,655987
41,2069,331424,363808,695232
42,2069,331424,363808,695232
43,2069,331424,363808,695232
44,2069,331424,363808,695232
45,2069,331424,363808,695232
46,2069,481603,490672,972275
47,2069,483333,493280,976613
48,2069,484074,494252,978326
49,2069,477409,487375,964784
50,2069,483544,493953,977497
51,2069,477409,487375,964784
52,2069,483464,493874,977338
53,2069,484138,494196,978334
54,2069,481578,490783,972361
55,2069,483153,492948,976101
56,2069,481546,490906,972452
57,2069,484200,494235,978435
58,2069,483671,493990,977661
59,2069,484135,494241,978376
60,2069,477409,487375,964784
61,2069,483867,493655,977522
62,2069,483521,493935,977456
63,2069,484087,494296,978383
64,2069,483417,492663,976080
65,2069,327619,328368,655987
66,2069,327619,328368,655987
67,2069,331424,363808,695232
68,2069,324365,328331,652696
69,2069,324365,328331,652696
70,2069,309707,328229,637936
71,2069,327619,328368,655987
72,2069,306648,327939,634587
73,2069,324365,328331,652696
74,2069,306015,327945,633960
75,2069,308639,327960,636599
76,2069,308116,327867,635983
77,2069,306015,327945,633960
78,2069,233892,260348,494240
79,2069,324365,328331,652696
80,2069,233892,260348,494240
81,2069,233903,256896,490799
82,2069,233657,257424,491081
83,2069,327619,328368,655987
84,2069,233657,257424,491081
85,2069,167844,231882,399726
86,2069,131154,189036,320190
87,2069,131154,189036,320190
88,2069,98612,179079,277691
89,2069,98612,179079,277691
90,2069,51144,107905,159049
91,2069,47556,102690,150246
92,2069,41274,95504,136778
93,2069,30215,75989,106204
94,2069,24765,64003,88768
95,2069,15620,44338,59958
96,2069,16050,45194,61244
97,2069,16050,45194,61244
98,2069,4836,17593,22429
99,2069,3105,12960,16065
100,2069,4836,17593,22429
0,2070,195688,189325,385013
1,2070,220802,189325,410127
2,2070,220802,189325,410127
3,2070,220802,189325,410127
4,2070,220802,189325,410127
5,2070,226632,189325,415957
6,2070,246721,228146,474867
7,2070,311161,228125,539286
8,2070,260194,238970,499164
9,2070,261514,249237,510751
10,2070,276323,258992,535315
11,2070,306648,327939,634587
12,2070,314056,281797,595853
13,2070,313843,281980,595823
14,2070,314566,281980,596546
15,2070,314056,281797,595853
16,2070,313843,281980,595823
17,2070,314056,281797,595853
18,2070,313847,281980,595827
19,2070,313847,281980,595827
20,2070,313847,281980,595827
21,2070,314056,281797,595853
22,2070,311018,281980,592998
23,2070,308116,327867,635983
24,2070,314056,281797,595853
25,2070,308639,327960,636599
26,2070,306251,327945,634196
27,2070,312519,328662,641181
28,2070,306648,327939,634587
29,2070,306251,327945,634196
30,2070,308116,327867,635983
31,2070,324410,328331,652741
32,2070,324365,328331,652696
33,2070,327360,322663,650023
34,2070,327360,322663,650023
35,2070,327619,328368,655987
36,2070,327360,322663,650023
37,2070,327360,322663,650023
38,2070,327619,328368,655987
39,2070,327619,328368,655987
40,2070,327619,328368,655987
41,2070,331424,363808,695232
42,2070,331424,363808,695232
43,2070,331424,363808,695232
44,2070,331424,363808,695232
45,2070,331424,363808,695232
46,2070,484135,494241,978376
47,2070,483867,493655,977522
48,2070,481603,490672,972275
49,2070,477409,487456,964865
50,2070,483061,492435,975496
51,2070,477409,487456,964865
52,2070,483153,492948,976101
53,2070,481578,490783,972361
54,2070,484074,494252,978326
55,2070,483671,493990,977661
56,2070,484087,494296,978383
57,2070,481273,490595,971868
58,2070,482726,492207,974933
59,2070,481434,490653,972087
60,2070,477409,487456,964865
61,2070,483456,492655,976111
62,2070,482948,492497,975445
63,2070,481603,490655,972258
64,2070,483592,493517,977109
65,2070,327619,328368,655987
66,2070,327619,328368,655987
67,2070,331424,363808,695232
68,2070,324350,328331,652681
69,2070,324350,328331,652681
70,2070,306015,327945,633960
71,2070,327619,328368,655987
72,2070,309707,328229,637936
73,2070,324350,328331,652681
74,2070,312519,328662,641181
75,2070,306648,327939,634587
76,2070,308639,327960,636599
77,2070,312519,328662,641181
78,2070,233892,260348,494240
79,2070,324350,328331,652681
80,2070,233892,260348,494240
81,2070,233657,257424,491081
82,2070,233903,256896,490799
83,2070,327619,328368,655987
84,2070,233903,256896,490799
85,2070,167844,231882,399726
86,2070,131154,189036,320190
87,2070,131154,189036,320190
88,2070,98612,179079,277691
89,2070,98612,179079,277691
90,2070,50305,106882,157187
91,2070,44617,95934,140551
92,2070,39966,93551,133517
93,2070,30215,75989,106204
94,2070,24713,63952,88665
95,2070,15620,44338,59958
96,2070,16050,45194,61244
97,2070,16050,45194,61244
98,2070,4836,17593,22429
99,2070,3104,12927,16031
100,2070,4836,17593,22429
0,2071,195688,189325,385013
1,2071,220802,189325,410127
2,2071,220802,189325,410127
3,2071,220802,189325,410127
4,2071,220802,189325,410127
5,2071,225921,189325,415246
6,2071,246721,228146,474867
7,2071,311161,228125,539286
8,2071,260194,238970,499164
9,2071,261325,248834,510159
10,2071,276292,258933,535225
11,2071,309707,328229,637936
12,2071,313682,281955,595637
13,2071,313843,281980,595823
14,2071,311018,281980,592998
15,2071,313682,281955,595637
16,2071,313843,281980,595823
17,2071,313682,281955,595637
18,2071,313847,281980,595827
19,2071,313847,281980,595827
20,2071,313847,281980,595827
21,2071,313682,281955,595637
22,2071,314056,281797,595853
23,2071,308639,327960,636599
24,2071,313682,281955,595637
25,2071,306648,327939,634587
26,2071,310103,328229,638332
27,2071,308116,327867,635983
28,2071,309707,328229,637936
29,2071,310103,328229,638332
30,2071,308639,327960,636599
31,2071,324365,328331,652696
32,2071,324350,328331,652681
33,2071,327360,322663,650023
34,2071,327360,322663,650023
35,2071,327619,328368,655987
36,2071,327360,322663,650023
37,2071,327360,322663,650023
38,2071,327619,328368,655987
39,2071,327619,328368,655987
40,2071,327619,328368,655987
41,2071,331424,363808,695232
42,2071,331424,363808,695232
43,2071,331424,363808,695232
44,2071,331424,363808,695232
45,2071,331424,363808,695232
46,2071,481434,490653,972087
47,2071,483456,492655,976111
48,2071,484135,494241,978376
49,2071,477409,487375,964784
50,2071,483464,493874,977338
51,2071,477409,487375,964784
52,2071,483671,493990,977661
53,2071,484074,494252,978326
54,2071,481603,490672,972275
55,2071,482726,492207,974933
56,2071,481603,490655,972258
57,2071,484138,494196,978334
58,2071,484010,494029,978039
59,2071,484181,494164,978345
60,2071,477409,487375,964784
61,2071,483333,493280,976613
62,2071,483544,493953,977497
63,2071,484200,494235,978435
64,2071,483314,492813,976127
65,2071,327619,328368,655987
66,2071,327619,328368,655987
67,2071,331424,363808,695232
68,2071,324410,328331,652741
69,2071,324410,328331,652741
70,2071,312519,328662,641181
71,2071,327619,328368,655987
72,2071,306015,327945,633960
73,2071,324410,328331,652741
74,2071,308116,327867,635983
75,2071,309707,328229,637936
76,2071,306648,327939,634587
77,2071,308116,327867,635983
78,2071,233892,260348,494240
79,2071,324410,328331,652741
80,2071,233892,260348,494240
81,2071,233903,256896,490799
82,2071,233657,257424,491081
83,2071,327619,328368,655987
84,2071,233657,257424,491081
85,2071,167844,231882,399726
86,2071,131154,189036,320190
87,2071,131154,189036,320190
88,2071,98612,179079,277691
89,2071,98612,179079,277691
90,2071,51144,107905,159049
91,2071,47759,103625,151384
92,2071,39384,87571,126955
93,2071,30215,75989,106204
94,2071,24728,64003,88731
95,2071,15620,44338,59958
96,2071,16050,45194,61244
97,2071,16050,45194,61244
98,2071,4836,17593,22429
99,2071,3105,12960,16065
100,2071,4836,17593,22429
0,2072,195688,189325,385013
1,2072,220802,189325,410127
2,2072,220802,189325,410127
3,2072,220802,189325,410127
4,2072,220802,189325,410127
5,2072,226317,189325,415642
6,2072,246721,228146,474867
7,2072,311161,228125,539286
8,2072,260194,238970,499164
9,2072,261183,249240,510423
10,2072,276661,258933,535594
11,2072,306015,327945,633960
12,2072,314566,281980,596546
13,2072,313843,281980,595823
14,2072,314056,281797,595853
15,2072,314566,281980,596546
16,2072,313843,281980,595823
17,2072,314566,281980,596546
18,2072,313847,281980,595827
19,2072,313847,281980,595827
20,2072,313847,281980,595827
21,2072,314566,281980,596546
22,2072,313682,281955,595637
23,2072,306648,327939,634587
24,2072,314566,281980,596546
25,2072,309707,328229,637936
26,2072,306251,327945,634196
27,2072,308639,327960,636599
28,2072,306015,327945,633960
29,2072,306251,327945,634196
30,2072,306648,327939,634587
31,2072,324350,328331,652681
32,2072,324410,328331,652741
33,2072,327360,322663,650023
34,2072,327360,322663,650023
35,2072,327619,328368,655987
36,2072,327360,322663,650023
37,2072,327360,322663,650023
38,2072,327619,328368,655987
39,2072,327619,328368,655987
40,2072,327619,328368,655987
41,2072,331424,363808,695232
42,2072,331424,363808,695232
43,2072,331424,363808,695232
44,2072,331424,363808,695232
45,2072,331424,363808,695232
46,2072,484181,494164,978345
47,2072,483333,493280,976613
48,2072,481434,490653,972087
49,2072,477409,487456,964865
50,2072,483153,492948,976101
51,2072,477409,487456,964865
52,2072,482726,492207,974933
53,2072,481603,490672,972275
54,2072,484135,494241,978376
55,2072,484010,494029,978039
56,2072,484200,494235,978435
57,2072,481578,490783,972361
58,2072,483248,492466,975714
59,2072,481546,490906,972452
60,2072,477409,487456,964865
61,2072,483867,493655,977522
62,2072,483061,492435,975496
63,2072,481273,490595,971868
64,2072,483788,493630,977418
65,2072,327619,328368,655987
66,2072,327619,328368,655987
67,2072,331424,363808,695232
68,2072,324365,328331,652696
69,2072,324365,328331,652696
70,2072,308116,327867,635983
71,2072,327619,328368,655987
72,2072,312519,328662,641181
73,2072,324365,328331,652696
74,2072,308639,327960,636599
75,2072,306015,327945,633960
76,2072,309707,328229,637936
77,2072,308639,327960,636599
78,2072,233892,260348,494240
79,2072,324365,328331,652696
80,2072,233892,260348,494240
81,2072,233657,257424,491081
82,2072,233903,256896,490799
83,2072,327619,328368,655987
84,2072,233903,256896,490799
85,2072,167844,231882,399726
86,2072,131154,189036,320190
87,2072,131154,189036,320190
88,2072,98612,179079,277691
89,2072,98612,179079,277691
90,2072,50305,106882,157187
91,2072,44638,95486,140124
92,2072,41274,95504,136778
93,2072,30215,75989,106204
94,2072,24765,64003,88768
95,2072,15620,44338,59958
96,2072,16050,45194,61244
97,2072,16050,45194,61244
98,2072,4836,17593,22429
99,2072,3104,12927,16031
100,2072,4836,17593,22429
0,2073,195688,189325,385013
1,2073,220802,189325,410127
2,2073,220802,189325,410127
3,2073,220802,189325,410127
4,2073,220802,189325,410127
5,2073,226632,189325,415957
6,2073,246721,228146,474867
7,2073,311161,228125,539286
8,2073,260194,238970,499164
9,2073,261140,248834,509974
10,2073,276323,258992,535315
11,2073,312519,328662,641181
12,2073,311018,281980,592998
13,2073,313843,281980,595823
14,2073,313682,281955,595637
15,2073,311018,281980,592998
16,2073,313843,281980,595823
17,2073,311018,281980,592998
18,2073,313847,281980,595827
19,2073,313847,281980,595827
20,2073,313847,281980,595827
21,2073,311018,281980,592998
22,2073,314566,281980,596546
23,2073,309707,328229,637936
24,2073,311018,281980,592998
25,2073,306015,327945,633960
26,2073,310103,328229,638332
27,2073,306648,327939,634587
28,2073,312519,328662,641181
29,2073,310103,328229,638332
30,2073,309707,328229,637936
31,2073,324410,328331,652741
32,2073,324365,328331,652696
33,2073,327360,322663,650023
34,2073,327360,322663,650023
35,2073,327619,328368,655987
36,2073,327360,322663,650023
37,2073,327360,322663,650023
38,2073,327619,328368,655987
39,2073,327619,328368,655987
40,2073,327619,328368,655987
41,2073,331424,363808,695232
42,2073,331424,363808,695232
43,2073,331424,363808,695232
44,2073,331424,363808,695232
45,2073,331424,363808,695232
46,2073,481546,490906,972452
47,2073,483867,493655,977522
48,2073,484181,494164,978345
49,2073,477409,487375,964784
50,2073,483671,493990,977661
51,2073,477409,487375,964784
52,2073,484010,494029,978039
53,2073,484135,494241,978376
54,2073,481434,490653,972087
55,2073,483248,492466,975714
56,2073,481273,490595,971868
57,2073,484074,494252,978326
58,2073,483521,493935,977456
59,2073,484087,494296,978383
60,2073,477409,487375,964784
61,2073,483456,492655,976111
62,2073,483464,493874,977338
63,2073,484138,494196,978334
64,2073,483417,492663,976080
65,2073,327619,328368,655987
66,2073,327619,328368,655987
67,2073,331424,363808,695232
68,2073,324350,328331,652681
69,2073,324350,328331,652681
70,2073,308639,327960,636599
71,2073,327619,328368,655987
72,2073,308116,327867,635983
73,2073,324350,328331,652681
74,2073,306648,327939,634587
75,2073,312519,328662,641181
76,2073,306015,327945,633960
77,2073,306648,327939,634587
78,2073,233892,260348,494240
79,2073,324350,328331,652681
80,2073,233892,260348,494240
81,2073,233903,256896,490799
82,2073,233657,257424,491081
83,2073,327619,328368,655987
84,2073,233657,257424,491081
85,2073,167844,231882,399726
86,2073,131154,189036,320190
87,2073,131154,189036,320190
88,2073,98612,179079,277691
89,2073,98612,179079,277691
90,2073,51144,107905,159049
91,2073,47556,102690,150246
92,2073,39966,93551,133517
93,2073,30215,75989,106204
94,2073,24713,63952,88665
95,2073,15620,44338,59958
96,2073,16050,45194,61244
97,2073,16050,45194,61244
98,2073,4836,17593,22429
99,2073,3105,12960,16065
100,2073,4836,17593,22429
0,2074,195688,189325,385013
1,2074,220802,189325,410127
2,2074,220802,189325,410127
3,2074,220802,189325,410127
4,2074,220802,189325,410127
5,2074,225921,189325,415246
6,2074,246721,228146,474867
7,2074,311161,228125,539286
8,2074,260194,238970,499164
9,2074,261514,249237,510751
10,2074,276292,258933,535225
11,2074,308116,327867,635983
12,2074,314056,281797,595853
13,2074,313843,281980,595823
14,2074,314566,281980,596546
15,2074,314056,281797,595853
16,2074,313843,281980,595823
17,2074,314056,281797,595853
18,2074,313847,281980,595827
19,2074,313847,281980,595827
20,2074,313847,281980,595827
21,2074,314056,281797,595853
22,2074,311018,281980,592998
23,2074,306015,327945,633960
24,2074,314056,281797,595853
25,2074,312519,328662,641181
26,2074,306251,327945,634196
27,2074,309707,328229,637936
28,2074,308116,327867,635983
29,2074,306251,327945,634196
30,2074,306015,327945,633960
31,2074,324365,328331,652696
32,2074,324350,328331,652681
33,2074,327360,322663,650023
34,2074,327360,322663,650023
35,2074,327619,328368,655987
36,2074,327360,322663,650023
37,2074,327360,322663,650023
38,2074,327619,328368,655987
39,2074,327619,328368,655987
40,2074,327619,328368,655987
41,2074,331424,363808,695232
42,2074,331424,363808,695232
43,2074,331424,363808,695232
44,2074,331424,363808,695232
45,2074,331424,363808,695232
46,2074,484087,494296,978383
47,2074,483456,492655,976111
48,2074,481546,490906,972452
49,2074,477409,487456,964865
50,2074,482726,492207,974933
51,2074,477409,487456,964865
52,2074,483248,492466,975714
53,2074,481434,490653,972087
54,2074,484181,494164,978345
55,2074,483521,493935,977456
56,2074,484138,494196,978334
57,2074,481603,490672,972275
58,2074,482948,492497,975445
59,2074,481603,490655,972258
60,2074,477409,487456,964865
61,2074,483333,493280,976613
62,2074,483153,492948,976101
63,2074,481578,490783,972361
64,2074,483592,493517,977109
65,2074,327619,328368,655987
66,2074,327619,328368,655987
67,2074,331424,363808,695232
68,2074,324410,328331,652741
69,2074,324410,328331,652741
70,2074,306648,327939,634587
71,2074,327619,328368,655987
72,2074,308639,327960,636599
73,2074,324410,328331,652741
74,2074,309707,328229,637936
75,2074,308116,327867,635983
76,2074,312519,328662,641181
77,2074,309707,328229,637936
78,2074,233892,260348,494240
79,2074,324410,328331,652741
80,2074,233892,260348,494240
81,2074,233657,257424,491081
82,2074,233903,256896,490799
83,2074,327619,328368,655987
84,2074,233903,256896,490799
85,2074,167844,231882,399726
86,2074,131154,189036,320190
87,2074,131154,189036,320190
88,2074,98612,179079,277691
89,2074,98612,179079,277691
90,2074,50305,106882,157187
91,2074,44617,95934,140551
92,2074,39384,87571,126955
93,2074,30215,75989,106204
94,2074,24728,64003,88731
95,2074,15620,44338,59958
96,2074,16050,45194,61244
97,2074,16050,45194,61244
98,2074,4836,17593,22429
99,2074,3104,12927,16031
100,2074,4836,17593,22429
0,2075,195688,189325,385013
1,2075,220802,189325,410127
2,2075,220802,189325,410127
3,2075,220802,189325,410127
4,2075,220802,189325,410127
5,2075,226317,189325,415642
6,2075,246721,228146,474867
7,2075,311161,228125,539286
8,2075,260194,238970,499164
9,2075,261325,248834,510159
10,2075,276661,258933,535594
11,2075,308639,327960,636599
12,2075,313682,281955,595637
13,2075,313843,281980,595823
14,2075,311018,281980,592998
15,2075,313682,281955,595637
16,2075,313843,281980,595823
17,2075,313682,281955,595637
18,2075,313847,281980,595827
19,2075,313847,281980,595827
20,2075,313847,281980,595827
21,2075,313682,281955,595637
22,2075,314056,281797,595853
23,2075,312519,328662,641181
24,2075,313682,281955,595637
25,2075,308116,327867,635983
26,2075,310103,328229,638332
27,2075,306015,327945,633960
28,2075,308639,327960,636599
29,2075,310103,328229,638332
30,2075,312519,328662,641181
31,2075,324350,328331,652681
32,2075,324410,328331,652741
33,2075,327360,322663,650023
34,2075,327360,322663,650023
35,2075,327619,328368,655987
36,2075,327360,322663,650023
37,2075,327360,322663,650023
38,2075,327619,328368,655987
39,2075,327619,328368,655987
40,2075,327619,328368,655987
41,2075,331424,363808,695232
42,2075,331424,363808,695232
43,2075,331424,363808,695232
44,2075,331424,363808,695232
45,2075,331424,363808,695232
46,2075,481603,490655,972258
47,2075,483333,493280,976613
48,2075,484087,494296,978383
49,2075,477409,487375,964784
50,2075,484010,494029,978039
51,2075,477409,487375,964784
52,2075,483521,493935,977456
53,2075,484181,494164,978345
54,2075,481546,490906,972452
55,2075,482948,492497,975445
56,2075,481578,490783,972361
57,2075,484135,494241,978376
58,2075,483544,493953,977497
59,2075,484200,494235,978435
60,2075,477409,487375,964784
61,2075,483867,493655,977522
62,2075,483671,493990,977661
63,2075,484074,494252,978326
64,2075,483314,492813,976127
65,2075,327619,328368,655987
66,2075,327619,328368,655987
67,2075,331424,363808,695232
68,2075,324365,328331,652696
69,2075,324365,328331,652696
70,2075,309707,328229,637936
71,2075,327619,328368,655987
72,2075,306648,327939,634587
73,2075,324365,328331,652696
74,2075,306015,327945,633960
75,2075,308639,327960,636599
76,2075,308116,327867,635983
77,2075,306015,327945,633960
78,2075,233892,260348,494240
79,2075,324365,328331,652696
80,2075,233892,260348,494240
81,2075,233903,256896,490799
82,2075,233657,257424,491081
83,2075,327619,328368,655987
84,2075,233657,257424,491081
85,2075,167844,231882,399726
86,2075,131154,189036,320190
87,2075,131154,189036,320190
88,2075,98612,179079,277691
89,2075,98612,179079,277691
90,2075,51144,107905,159049
91,2075,47759,103625,151384
92,2075,41274,95504,136778
93,2075,30215,75989,106204
94,2075,24765,64003,88768
95,2075,15620,44338,59958
96,2075,16050,45194,61244
97,2075,16050,45194,61244
98,2075,4836,17593,22429
99,2075,3105,12960,16065
100,2075,4836,17593,22429
0,2076,195688,189325,385013
1,2076,220802,189325,410127
2,2076,220802,189325,410127
3,2076,220802,189325,410127
4,2076,220802,189325,410127
5,2076,226632,189325,415957
6,2076,246721,228146,474867
7,2076,311161,228125,539286
8,2076,260194,238970,499164
9,2076,261183,249240,510423
10,2076,276323,258992,535315
11,2076,306648,327939,634587
12,2076,314566,281980,596546
13,2076,313843,281980,595823
14,2076,314056,281797,595853
15,2076,314566,281980,596546
16,2076,313843,281980,595823
17,2076,314566,281980,596546
18,2076,313847,281980,595827
19,2076,313847,281980,595827
20,2076,313847,281980,595827
21,2076,314566,281980,596546
22,2076,313682,281955,595637
23,2076,308116,327867,635983
24,2076,314566,281980,596546
25,2076,308639,327960,636599
26,2076,306251,327945,634196
27,2076,312519,328662,641181
28,2076,306648,327939,634587
29,2076,306251,327945,634196
30,2076,308116,327867,635983
31,2076,324410,328331,652741
32,2076,324365,328331,652696
33,2076,327360,322663,650023
34,2076,327360,322663,650023
35,2076,327619,328368,655987
36,2076,327360,322663,650023
37,2076,327360,322663,650023
38,2076,327619,328368,655987
39,2076,327619,328368,655987
40,2076,327619,328368,655987
41,2076,331424,363808,695232
42,2076,331424,363808,695232
43,2076,331424,363808,695232
44,2076,331424,363808,695232
45,2076,331424,363808,695232
46,2076,484200,494235,978435
47,2076,483867,493655,977522
48,2076,481603,490655,972258
49,2076,477409,487456,964865
50,2076,483248,492466,975714
51,2076,477409,487456,964865
52,2076,482948,492497,975445
53,2076,481546,490906,972452
54,2076,484087,494296,978383
55,2076,483544,493953,977497
56,2076,484074,494252,978326
57,2076,481434,490653,972087
58,2076,483061,492435,975496
59,2076,481273,490595,971868
60,2076,477409,487456,964865
61,2076,483456,492655,976111
62,2076,482726,492207,974933
63,2076,481603,490672,972275
64,2076,483788,493630,977418
65,2076,327619,328368,655987
66,2076,327619,328368,655987
67,2076,331424,363808,695232
68,2076,324350,328331,652681
69,2076,324350,328331,652681
70,2076,306015,327945,633960
71,2076,327619,328368,655987
72,2076,309707,328229,637936
73,2076,324350,328331,652681
74,2076,312519,328662,641181
75,2076,306648,327939,634587
76,2076,308639,327960,636599
77,2076,312519,328662,641181
78,2076,233892,260348,494240
79,2076,324350,328331,652681
80,2076,233892,260348,494240
81,2076,233657,257424,491081
82,2076,233903,256896,490799
83,2076,327619,328368,655987
84,2076,233903,256896,490799
85,2076,167844,231882,399726
86,2076,131154,189036,320190
87,2076,131154,189036,320190
88,2076,98612,179079,277691
89,2076,98612,179079,277691
90,2076,50305,106882,157187
91,2076,44638,95486,140124
92,2076,39966,93551,133517
93,2076,30215,75989,106204
94,2076,24713,63952,88665
95,2076,15620,44338,59958
96,2076,16050,45194,61244
97,2076,16050,45194,61244
98,2076,4836,17593,22429
99,2076,3104,12927,16031
100,2076,4836,17593,22429
0,2077,195688,189325,385013
1,2077,220802,189325,410127
2,2077,220802,189325,410127
3,2077,220802,189325,410127
4,2077,220802,189325,410127
5,2077,225921,189325,415246
6,2077,246721,228146,474867
7,2077,311161,228125,539286
8,2077,260194,238970,499164
9,2077,261140,248834,509974
10,2077,276292,258933,535225
11,2077,309707,328229,637936
12,2077,311018,281980,592998
13,2077,313843,281980,595823
14,2077,313682,281955,595637
15,2077,311018,281980,592998
16,2077,313843,281980,595823
17,2077,311018,281980,592998
18,2077,313847,281980,595827
19,2077,313847,281980,595827
20,2077,313847,281980,595827
21,2077,311018,281980,592998
22,2077,314566,281980,596546
23,2077,308639,327960,636599
24,2077,311018,281980,592998
25,2077,306648,327939,634587
26,2077,310103,328229,638332
27,2077,308116,327867,635983
28,2077,309707,328229,637936
29,2077,310103,328229,638332
30,2077,308639,327960,636599
31,2077,324365,328331,652696
32,2077,324350,328331,652681
33,2077,327360,322663,650023
34,2077,327360,322663,650023
35,2077,327619,328368,655987
36,2077,327360,322663,650023
37,2077,327360,322663,650023
38,2077,327619,328368,655987
39,2077,327619,328368,655987
40,2077,327619,328368,655987
41,2077,331424,363808,695232
42,2077,331424,363808,695232
43,2077,331424,363808,695232
44,2077,331424,363808,695232
45,2077,331424,363808,695232
46,2077,481273,490595,971868
47,2077,483456,492655,976111
48,2077,484200,494235,978435
49,2077,477409,487375,964784
50,2077,483521,493935,977456
51,2077,477409,487375,964784
52,2077,483544,493953,977497
53,2077,484087,494296,978383
54,2077,481603,490655,972258
55,2077,483061,492435,975496
56,2077,481603,490672,972275
57,2077,484181,494164,978345
58,2077,483464,493874,977338
59,2077,484138,494196,978334
60,2077,477409,487375,964784
61,2077,483333,493280,976613
62,2077,484010,494029,978039
63,2077,484135,494241,978376
64,2077,483417,492663,976080
65,2077,327619,328368,655987
66,2077,327619,328368,655987
67,2077,331424,363808,695232
68,2077,324410,328331,652741
69,2077,324410,328331,652741
70,2077,312519,328662,641181
71,2077,327619,328368,655987
72,2077,306015,327945,633960
73,2077,324410,328331,652741
74,2077,308116,327867,635983
75,2077,309707,328229,637936
76,2077,306648,327939,634587
77,2077,308116,327867,635983
78,2077,233892,260348,494240
79,2077,324410,328331,652741
80,2077,233892,260348,494240
81,2077,233903,256896,490799
82,2077,233657,257424,491081
83,2077,327619,328368,655987
84,2077,233657,257424,491081
85,2077,167844,231882,399726
86,2077,131154,189036,320190
87,2077,131154,189036,320190
88,2077,98612,179079,277691
89,2077,98612,179079,277691
90,2077,51144,107905,159049
91,2077,47556,102690,150246
92,2077,39384,87571,126955
93,2077,30215,75989,106204
94,2077,24728,64003,88731
95,2077,15620,44338,59958
96,2077,16050,45194,61244
97,2077,16050,45194,61244
98,2077,4836,17593,22429
99,2077,3105,12960,16065
100,2077,4836,17593,22429
0,2078,195688,189325,385013
1,2078,220802,189325,410127
2,2078,220802,189325,410127
3,2078,220802,189325,410127
4,2078,220802,189325,410127
5,2078,226317,189325,415642
6,2078,246721,228146,474867
7,2078,311161,228125,539286
8,2078,260194,238970,499164
9,2078,261514,249237,510751
10,2078,276661,258933,535594
11,2078,306015,327945,633960
12,2078,314056,281797,595853
13,2078,313843,281980,595823
14,2078,314566,281980,596546
15,2078,314056,281797,595853
16,2078,313843,281980,595823
17,2078,314056,281797,595853
18,2078,313847,281980,595827
19,2078,313847,281980,595827
20,2078,313847,281980,595827
21,2078,314056,281797,595853
22,2078,311018,281980,592998
23,2078,306648,327939,634587
24,2078,314056,281797,595853
25,2078,309707,328229,637936
26,2078,306251,327945,634196
27,2078,308639,327960,636599
28,2078,306015,327945,633960
29,2078,306251,327945,634196
30,2078,306648,327939,634587
31,2078,324350,328331,652681
32,2078,324410,328331,652741
33,2078,327360,322663,650023
34,2078,327360,322663,650023
35,2078,327619,328368,655987
36,2078,327360,322663,650023
37,2078,327360,322663,650023
38,2078,327619,328368,655987
39,2078,327619,328368,655987
40,2078,327619,328368,655987
41,2078,331424,363808,695232
42,2078,331424,363808,695232
43,2078,331424,363808,695232
44,2078,331424,363808,695232
45,2078,331424,363808,695232
46,2078,484138,494196,978334
47,2078,483333,493280,976613
48,2078,481273,490595,971868
49,2078,477409,487456,964865
50,2078,482948,492497,975445
51,2078,477409,487456,964865
52,2078,483061,492435,975496
53,2078,481603,490655,972258
54,2078,484200,494235,978435
55,2078,483464,493874,977338
56,2078,484135,494241,978376
57,2078,481546,490906,972452
58,2078,483153,492948,976101
59,2078,481578,490783,972361
60,2078,477409,487456,964865
61,2078,483867,493655,977522
62,2078,483248,492466,975714
63,2078,481434,490653,972087
64,2078,483592,493517,977109
65,2078,327619,328368,655987
66,2078,327619,328368,655987
67,2078,331424,363808,695232
68,2078,324365,328331,652696
69,2078,324365,328331,652696
70,2078,308116,327867,635983
71,2078,327619,328368,655987
72,2078,312519,328662,641181
73,2078,324365,328331,652696
74,2078,308639,327960,636599
75,2078,306015,327945,633960
76,2078,309707,328229,637936
77,2078,308639,327960,636599
78,2078,233892,260348,494240
79,2078,324365,328331,652696
80,2078,233892,260348,494240
81,2078,233657,257424,491081
82,2078,233903,256896,490799
83,2078,327619,328368,655987
84,2078,233903,256896,490799
85,2078,167844,231882,399726
86,2078,131154,189036,320190
87,2078,131154,189036,320190
88,2078,98612,179079,277691
89,2078,98612,179079,277691
90,2078,50305,106882,157187
91,2078,44617,95934,140551
92,2078,41274,95504,136778
93,2078,30215,75989,106204
94,2078,24765,64003,88768
95,2078,15620,44338,59958
96,2078,16050,45194,61244
97,2078,16050,45194,61244
98,2078,4836,17593,22429
99,2078,3104,12927,16031
100,2078,4836,17593,22429
0,2079,195688,189325,385013
1,2079,220802,189325,410127
2,2079,220802,189325,410127
3,2079,220802,189325,410127
4,2079,220802,189325,410127
5,2079,226632,189325,415957
6,2079,246721,228146,474867
7,2079,311161,228125,539286
8,2079,260194,238970,499164
9,2079,261325,248834,510159
10,2079,276323,258992,535315
11,2079,312519,328662,641181
12,2079,313682,281955,595637
13,2079,313843,281980,595823
14,2079,311018,281980,592998
15,2079,313682,281955,595637
16,2079,313843,281980,595823
17,2079,313682,281955,595637
18,2079,313847,281980,595827
19,2079,313847,281980,595827
20,2079,313847,281980,595827
21,2079,313682,281955,595637
22,2079,314056,281797,595853
23,2079,309707,328229,637936
24,2079,313682,281955,595637
25,2079,306015,327945,633960
26,2079,310103,328229,638332
27,2079,306648,327939,634587
28,2079,312519,328662,641181
29,2079,310103,328229,638332
30,2079,309707,328229,637936
31,2079,324410,328331,652741
32,2079,324365,328331,652696
33,2079,327360,322663,650023
34,2079,327360,322663,650023
35,2079,327619,328368,655987
36,2079,327360,322663,650023
37,2079,327360,322663,650023
38,2079,327619,328368,655987
39,2079,327619,328368,655987
40,2079,327619,328368,655987
41,2079,331424,363808,695232
42,2079,331424,363808,695232
43,2079,331424,363808,695232
44,2079,331424,363808,695232
45,2079,331424,363808,695232
46,2079,481578,490783,972361
47,2079,483867,493655,977522
48,2079,484138,494196,978334
49,2079,477409,487375,964784
50,2079,483544,493953,977497
51,2079,477409,487375,964784
52,2079,483464,493874,977338
53,2079,484200,494235,978435
54,2079,481273,490595,971868
55,2079,483153,492948,976101
56,2079,481434,490653,972087
57,2079,484087,494296,978383
58,2079,483671,493990,977661
59,2079,484074,494252,978326
60,2079,477409,487375,964784
61,2079,483456,492655,976111
62,2079,483521,493935,977456
63,2079,484181,494164,978345
64,2079,483314,492813,976127
65,2079,327619,328368,655987
66,2079,327619,328368,655987
67,2079,331424,363808,695232
68,2079,324350,328331,652681
69,2079,324350,328331,652681
70,2079,308639,327960,636599
71,2079,327619,328368,655987
72,2079,308116,327867,635983
73,2079,324350,328331,652681
74,2079,306648,327939,634587
75,2079,312519,328662,641181
76,2079,306015,327945,633960
77,2079,306648,327939,634587
78,2079,233892,260348,494240
79,2079,324350,328331,652681
80,2079,233892,260348,494240
81,2079,233903,256896,490799
82,2079,233657,257424,491081
83,2079,327619,328368,655987
84,2079,233657,257424,491081
85,2079,167844,231882,399726
86,2079,131154,189036,320190
87,2079,131154,189036,320190
88,2079,98612,179079,277691
89,2079,98612,179079,277691
90,2079,51144,107905,159049
91,2079,47759,103625,151384
92,2079,39966,93551,133517
93,2079,30215,75989,106204
94,2079,24713,63952,88665
95,2079,15620,44338,59958
96,2079,16050,45194,61244
97,2079,16050,45194,61244
98,2079,4836,17593,22429
99,2079,3105,12960,16065
100,2079,4836,17593,22429
0,2080,195688,189325,385013
1,2080,220802,189325,410127
2,2080,220802,189325,410127
3,2080,220802,189325,410127
4,2080,220802,189325,410127
5,2080,225921,189325,415246
6,2080,246721,228146,474867
7,2080,311161,228125,539286
8,2080,260194,238970,499164
9,2080,261183,249240,510423
10,2080,276292,258933,535225
11,2080,308116,327867,635983
12,2080,314566,281980,596546
13,2080,313843,281980,595823
14,2080,314056,281797,595853
15,2080,314566,281980,596546
16,2080,313843,281980,595823
17,2080,314566,281980,596546
18,2080,313847,281980,595827
19,2080,313847,281980,595827
20,2080,313847,281980,595827
21,2080,314566,281980,596546
22,2080,313682,281955,595637
23,2080,306015,327945,633960
24,2080,314566,281980,596546
25,2080,312519,328662,641181
26,2080,306251,327945,634196
27,2080,309707,328229,637936
28,2080,308116,327867,635983
29,2080,306251,327945,634196
30,2080,306015,327945,633960
31,2080,324365,328331,652696
32,2080,324350,328331,652681
33,2080,327360,322663,650023
34,2080,327360,322663,650023
35,2080,327619,328368,655987
36,2080,327360,322663,650023
37,2080,327360,322663,650023
38,2080,327619,328368,655987
39,2080,327619,328368,655987
40,2080,327619,328368,655987
41,2080,331424,363808,695232
42,2080,331424,363808,695232
43,2080,331424,363808,695232
44,2080,331424,363808,695232
45,2080,331424,363808,695232
46,2080,484074,494252,978326
47,2080,483456,492655,976111
48,2080,481578,490783,972361
49,2080,477409,487456,964865
50,2080,483061,492435,975496
51,2080,477409,487456,964865
52,2080,483153,492948,976101
53,2080,481273,490595,971868
54,2080,484138,494196,978334
55,2080,483671,493990,977661
56,2080,484181,494164,978345
57,2080,481603,490655,972258
58,2080,482726,492207,974933
59,2080,481603,490672,972275
60,2080,477409,487456,964865
61,2080,483333,493280,976613
62,2080,482948,492497,975445
63,2080,481546,490906,972452
64,2080,483788,493630,977418
65,2080,327619,328368,655987
66,2080,327619,328368,655987
67,2080,331424,363808,695232
68,2080,324410,328331,652741
69,2080,324410,328331,652741
70,2080,306648,327939,634587
71,2080,327619,328368,655987
72,2080,308639,327960,636599
73,2080,324410,328331,652741
74,2080,309707,328229,637936
75,2080,308116,327867,635983
76,2080,312519,328662,641181
77,2080,309707,328229,637936
78,2080,233892,260348,494240
79,2080,324410,328331,652741
80,2080,233892,260348,494240
81,2080,233657,257424,491081
82,2080,233903,256896,490799
83,2080,327619,328368,655987
84,2080,233903,256896,490799
85,2080,167844,231882,399726
86,2080,131154,189036,320190
87,2080,131154,189036,320190
88,2080,98612,179079,277691
89,2080,98612,179079,277691
90,2080,50305,106882,157187
91,2080,44638,95486,140124
92,2080,39384,87571,126955
93,2080,30215,75989,106204
94,2080,24728,64003,88731
95,2080,15620,44338,59958
96,2080,16050,45194,61244
97,2080,16050,45194,61244
98,2080,4836,17593,22429
99,2080,3104,12927,16031
100,2080,4836,17593,22429
