Et√†,Anno,Totale maschi,Totale femmine,Totale,Totale maschi -1,Totale femmine -1,Totale -1
0,2010,289377,272945,562322,293072,277719,570791
1,2010,292642,277321,569963,289814,273207,563021
2,2010,290510,273807,564317,289944,272696,562640
3,2010,290910,273626,564536,288619,270574,559193
4,2010,289723,271176,560899,290529,274598,565127
5,2010,291180,275231,566411,287063,270900,557963
6,2010,288196,271852,560048,284550,268736,553286
7,2010,285727,269760,555487,285368,269411,554779
8,2010,287562,271143,558705,290042,272701,562743
9,2010,292548,274644,567192,285047,269448,554495
10,2010,287074,271122,558196,285051,267642,552693
11,2010,287660,269801,557461,283706,267301,551007
12,2010,286343,269437,555780,285188,268183,553371
13,2010,287533,270100,557633,284612,267326,551938
14,2010,287118,269237,556355,287739,270945,558684
15,2010,290499,273040,563539,294126,277490,571616
16,2010,296991,279655,576646,304613,288086,592699
17,2010,307701,290241,597942,304083,286492,590575
18,2010,308168,288974,597142,307832,290183,598015
19,2010,311855,294029,605884,305747,288569,594316
20,2010,309326,293154,602480,311275,294037,605312
21,2010,314703,299503,614206,302270,288167,590437
22,2010,306044,294223,600267,303779,292740,596519
23,2010,307650,298617,606267,312198,305944,618142
24,2010,316142,312002,628144,319389,313318,632707
25,2010,323523,319476,642999,327373,321096,648469
26,2010,331355,326861,658216,338931,336787,675718
27,2010,342322,341941,684263,343501,343127,686628
28,2010,346191,348499,694690,354598,354893,709491
29,2010,357640,358789,716429,368829,370944,739773
30,2010,371641,374959,746600,392519,393133,785652
31,2010,394633,396477,791110,408717,407674,816391
32,2010,410191,409155,819346,429624,425910,855534
33,2010,430306,427759,858065,450765,446335,897100
34,2010,449387,449988,899375,467613,466356,933969
35,2010,467616,469274,936890,463724,465006,928730
36,2010,465586,468143,933729,470520,469704,940224
37,2010,471824,472505,944329,475456,476920,952376
38,2010,476070,479630,955700,471977,472621,944598
39,2010,473009,475282,948291,485635,487118,972753
40,2010,486346,489586,975932,481082,482952,964034
41,2010,482058,486062,968120,483131,486025,969156
42,2010,483954,489262,973216,491825,493135,984960
43,2010,491911,495515,987426,491003,493334,984337
44,2010,491048,495552,986600,496971,500571,997542
45,2010,497244,503045,1000289,464929,472798,937727
46,2010,464886,474752,939638,448893,458766,907659
47,2010,448706,460538,909244,440118,450822,890940
48,2010,439708,452596,892304,426319,438019,864338
49,2010,425889,439569,865458,416395,427813,844208
50,2010,415954,429559,845513,397045,410535,807580
51,2010,396499,412359,808858,393165,407180,800345
52,2010,392751,409143,801894,386619,401415,788034
53,2010,385779,402734,788513,379743,395775,775518
54,2010,378780,396767,775547,373443,391588,765031
55,2010,372378,392427,764805,358474,373597,732071
56,2010,357278,374195,731473,353028,371103,724131
57,2010,351302,371019,722321,352273,371332,723605
58,2010,350622,371003,721625,366470,385951,752421
59,2010,364549,385444,749993,368587,388570,757157
60,2010,366604,388245,754849,384666,407209,791875
61,2010,382337,406834,789171,376669,398578,775247
62,2010,374164,398165,772329,376473,401281,777754
63,2010,373839,400469,774308,290749,312377,603126
64,2010,287995,311253,599248,297684,322370,620054
65,2010,294812,321074,615886,299221,328561,627782
66,2010,296051,327098,623149,296414,328237,624651
67,2010,292785,326368,619153,296493,332433,628926
68,2010,292233,330172,622405,324201,366469,690670
69,2010,319144,363683,682827,317252,361096,678348
70,2010,311724,358198,669922,304583,352068,656651
71,2010,298766,349080,647846,278351,327317,605668
72,2010,272553,323938,596491,257907,311009,568916
73,2010,251240,306987,558227,259341,318016,577357
74,2010,252049,313406,565455,246093,309203,555296
75,2010,238282,304193,542475,233671,300445,534116
76,2010,225328,294627,519955,218239,291121,509360
77,2010,209318,284433,493751,211311,289745,501056
78,2010,201448,282067,483515,209334,296385,505719
79,2010,198693,287443,486136,181457,266101,447558
80,2010,171202,257051,428253,167825,257247,425072
81,2010,156783,247272,404055,157723,246769,404492
82,2010,146611,235851,382462,139637,231758,371395
83,2010,125872,219844,345716,122388,217665,340053
84,2010,110219,204448,314667,105589,202168,307757
85,2010,95379,188080,283459,92900,188729,281629
86,2010,83358,173747,257105,79806,174564,254370
87,2010,70011,158391,228402,68713,153863,222576
88,2010,59444,136290,195734,55639,132046,187685
89,2010,47648,117639,165287,31743,76933,108676
90,2010,26278,66724,93002,19486,50723,70209
91,2010,15826,43240,59066,16651,44873,61524
92,2010,13105,37600,50705,16225,46367,62592
93,2010,12546,37960,50506,15640,45585,61225
94,2010,11813,37162,48975,11878,36675,48553
95,2010,8798,29293,38091,8808,28132,36940
96,2010,6281,21805,28086,6057,21233,27290
97,2010,4264,15939,20203,3764,14415,18179
98,2010,2539,10438,12977,2499,9850,12349
99,2010,1616,6931,8547,1413,6056,7469
100,2010,1951,9346,11297,1811,8347,10158
0,2011,284926,268292,553218,289377,272945,562322
1,2011,288996,272698,561694,292642,277321,569963
2,2011,292330,276734,569064,290510,273807,564317
3,2011,291096,274123,565219,290910,273626,564536
4,2011,291559,274004,565563,289723,271176,560899
5,2011,290356,271708,562064,291180,275231,566411
6,2011,291568,275384,566952,288196,271852,560048
7,2011,289164,272571,561735,285727,269760,555487
8,2011,286656,270536,557192,287562,271143,558705
9,2011,289425,272627,562052,292548,274644,567192
10,2011,294729,276367,571096,287074,271122,558196
11,2011,288823,272376,561199,287660,269801,557461
12,2011,289857,271634,561491,286343,269437,555780
13,2011,288632,271318,559950,287533,270100,557633
14,2011,289631,271761,561392,287118,269237,556355
15,2011,289271,270967,560238,290499,273040,563539
16,2011,293035,274888,567923,296991,279655,576646
17,2011,299729,281501,581230,307701,290241,597942
18,2011,311417,292707,604124,308168,288974,597142
19,2011,311455,292408,603863,311855,294029,605884
20,2011,314447,298129,612576,309326,293154,602480
21,2011,312378,298164,610542,314703,299503,614206
22,2011,318409,305411,623820,306044,294223,600267
23,2011,310614,300985,611599,307650,298617,606267
24,2011,311672,304822,616494,316142,312002,628144
25,2011,320881,318319,639200,323523,319476,642999
26,2011,328163,325924,654087,331355,326861,658216
27,2011,335702,332502,668204,342322,341941,684263
28,2011,346365,347581,693946,346191,348499,694690
29,2011,349372,352563,701935,357640,358789,716429
30,2011,361153,362433,723586,371641,374959,746600
31,2011,373974,377856,751830,394633,396477,791110
32,2011,396521,398293,794814,410191,409155,819346
33,2011,411439,411244,822683,430306,427759,858065
34,2011,430001,431702,861703,449387,449988,899375
35,2011,449630,452898,902528,467616,469274,936890
36,2011,469717,472411,942128,465586,468143,933729
37,2011,467035,471097,938132,471824,472505,944329
38,2011,472523,475467,947990,476070,479630,955700
39,2011,476753,482354,959107,473009,475282,948291
40,2011,473709,478147,951856,486346,489586,975932
41,2011,486811,492373,979184,482058,486062,968120
42,2011,482861,489361,972222,483954,489262,973216
43,2011,484452,492624,977076,491911,495515,987426
44,2011,491850,498202,990052,491048,495552,986600
45,2011,491111,498246,989357,497244,503045,1000289
46,2011,497280,505896,1003176,464886,474752,939638
47,2011,464579,477191,941770,448706,460538,909244
48,2011,448104,462956,911060,439708,452596,892304
49,2011,438935,454693,893628,425889,439569,865458
50,2011,425185,441620,866805,415954,429559,845513
51,2011,415185,431636,846821,396499,412359,808858
52,2011,395693,414395,810088,392751,409143,801894
53,2011,392077,411259,803336,385779,402734,788513
54,2011,384671,404190,788861,378780,396767,775547
55,2011,377585,397845,775430,372378,392427,764805
56,2011,371033,393238,764271,357278,374195,731473
57,2011,355720,374737,730457,351302,371019,722321
58,2011,349470,371063,720533,350622,371003,721625
59,2011,348773,370683,719456,364549,385444,749993
60,2011,362209,384880,747089,366604,388245,754849
61,2011,364116,387857,751973,382337,406834,789171
62,2011,379688,406334,786022,374164,398165,772329
63,2011,371553,397477,769030,373839,400469,774308
64,2011,370853,399412,770265,287995,311253,599248
65,2011,285002,309954,594956,294812,321074,615886
66,2011,291815,319607,611422,296051,327098,623149
67,2011,292293,325189,617482,292785,326368,619153
68,2011,288700,324140,612840,292233,330172,622405
69,2011,287713,327531,615244,319144,363683,682827
70,2011,313720,360445,674165,311724,358198,669922
71,2011,305753,354816,660569,298766,349080,647846
72,2011,292447,345690,638137,272553,323938,596491
73,2011,266317,320479,586796,251240,306987,558227
74,2011,244233,302571,546804,252049,313406,565455
75,2011,244366,308260,552626,238282,304193,542475
76,2011,230152,298435,528587,225328,294627,519955
77,2011,216719,288418,505137,209318,284433,493751
78,2011,200162,277061,477223,201448,282067,483515
79,2011,191492,273713,465205,198693,287443,486136
80,2011,187170,277831,465001,171202,257051,428253
81,2011,160301,247053,407354,156783,247272,404055
82,2011,144963,236524,381487,146611,235851,382462
83,2011,132849,224073,356922,125872,219844,345716
84,2011,113902,206958,320860,110219,204448,314667
85,2011,99666,190600,290266,95379,188080,283459
86,2011,85790,173739,259529,83358,173747,257105
87,2011,74388,158557,232945,70011,158391,228402
88,2011,60837,140742,201579,59444,136290,195734
89,2011,50638,121334,171972,47648,117639,165287
90,2011,40285,102945,143230,26278,66724,93002
91,2011,21452,57204,78656,15826,43240,59066
92,2011,12581,36323,48904,13105,37600,50705
93,2011,10234,31168,41402,12546,37960,50506
94,2011,9555,30787,40342,11813,37162,48975
95,2011,8855,29881,38736,8798,29293,38091
96,2011,6392,23388,29780,6281,21805,28086
97,2011,4411,16894,21305,4264,15939,20203
98,2011,2955,11785,14740,2539,10438,12977
99,2011,1678,7529,9207,1616,6931,8547
100,2011,2136,10970,13106,1951,9346,11297
0,2012,276371,260976,537347,284926,268292,553218
1,2012,284199,267521,551720,288996,272698,561694
2,2012,288638,272305,560943,292330,276734,569064
3,2012,291941,276194,568135,291096,274123,565219
4,2012,291391,274233,565624,291559,274004,565563
5,2012,292085,274353,566438,290356,271708,562064
6,2012,290933,272236,563169,291568,275384,566952
7,2012,292059,275749,567808,289164,272571,561735
8,2012,289936,273229,563165,286656,270536,557192
9,2012,287599,271383,558982,289425,272627,562052
10,2012,290934,273859,564793,294729,276367,571096
11,2012,296458,277727,574185,288823,272376,561199
12,2012,290341,273613,563954,289857,271634,561491
13,2012,291614,273119,564733,288632,271318,559950
14,2012,290404,272846,563250,289631,271761,561392
15,2012,291412,273193,564605,289271,270967,560238
16,2012,291036,272355,563391,293035,274888,567923
17,2012,295328,276474,571802,299729,281501,581230
18,2012,302650,283674,586324,311417,292707,604124
19,2012,314313,295815,610128,311455,292408,603863
20,2012,313724,295950,609674,314447,298129,612576
21,2012,316870,301848,618718,312378,298164,610542
22,2012,315265,302850,618115,318409,305411,623820
23,2012,321878,310649,632527,310614,300985,611599
24,2012,314270,306373,620643,311672,304822,616494
25,2012,315208,310013,625221,320881,318319,639200
26,2012,324679,323551,648230,328163,325924,654087
27,2012,332068,330562,662630,335702,332502,668204
28,2012,339719,337857,677576,346365,347581,693946
29,2012,349950,351057,701007,349372,352563,701935
30,2012,353336,355580,708916,361153,362433,723586
31,2012,363126,364182,727308,373974,377856,751830
32,2012,375143,378094,753237,396521,398293,794814
33,2012,396956,398956,795912,411439,411244,822683
34,2012,410140,414062,824202,430001,431702,861703
35,2012,429620,432952,862572,449630,452898,902528
36,2012,451155,454385,905540,469717,472411,942128
37,2012,470442,473688,944130,467035,471097,938132
38,2012,467274,472566,939840,472523,475467,947990
39,2012,472647,476752,949399,476753,482354,959107
40,2012,476599,483711,960310,473709,478147,951856
41,2012,473604,479402,953006,486811,492373,979184
42,2012,486491,493757,980248,482861,489361,972222
43,2012,482755,491145,973900,484452,492624,977076
44,2012,484173,494596,978769,491850,498202,990052
45,2012,491314,499410,990724,491111,498246,989357
46,2012,490521,499519,990040,497280,505896,1003176
47,2012,496739,507206,1003945,464579,477191,941770
48,2012,463790,478411,942201,448104,462956,911060
49,2012,447093,464036,911129,438935,454693,893628
50,2012,438002,455521,893523,425185,441620,866805
51,2012,424271,442372,866643,415185,431636,846821
52,2012,414236,432383,846619,395693,414395,810088
53,2012,394705,415177,809882,392077,411259,803336
54,2012,391094,411933,803027,384671,404190,788861
55,2012,383438,404472,787910,377585,397845,775430
56,2012,376209,398011,774220,371033,393238,764271
57,2012,369584,393072,762656,355720,374737,730457
58,2012,353981,374446,728427,349470,371063,720533
59,2012,347559,370375,717934,348773,370683,719456
60,2012,346670,369855,716525,362209,384880,747089
61,2012,359837,383904,743741,364116,387857,751973
62,2012,361558,386823,748381,379688,406334,786022
63,2012,376695,405061,781756,371553,397477,769030
64,2012,368344,396227,764571,370853,399412,770265
65,2012,367416,397814,765230,285002,309954,594956
66,2012,281885,308433,590318,291815,319607,611422
67,2012,288280,317979,606259,292293,325189,617482
68,2012,288316,323143,611459,288700,324140,612840
69,2012,284304,321761,606065,287713,327531,615244
70,2012,282976,324795,607771,313720,360445,674165
71,2012,307960,357098,665058,305753,354816,660569
72,2012,299524,351158,650682,292447,345690,638137
73,2012,285869,341772,627641,266317,320479,586796
74,2012,259553,316296,575849,244233,302571,546804
75,2012,237140,297983,535123,244366,308260,552626
76,2012,236452,302676,539128,230152,298435,528587
77,2012,221687,292181,513868,216719,288418,505137
78,2012,207810,281554,489364,200162,277061,477223
79,2012,190524,269405,459929,191492,273713,465205
80,2012,181207,264941,446148,187170,277831,465001
81,2012,174754,267765,442519,160301,247053,407354
82,2012,149547,236652,386199,144963,236524,381487
83,2012,133558,225044,358602,132849,224073,356922
84,2012,117944,211647,329591,113902,206958,320860
85,2012,102648,193449,296097,99666,190600,290266
86,2012,89057,176259,265316,85790,173739,259529
87,2012,75568,158729,234297,74388,158557,232945
88,2012,64787,142577,207364,60837,140742,201579
89,2012,51941,122092,174033,50638,121334,171972
90,2012,42398,105576,147974,40285,102945,143230
91,2012,33288,88526,121814,21452,57204,78656
92,2012,17333,48310,65643,12581,36323,48904
93,2012,9992,30023,40015,10234,31168,41402
94,2012,7914,25347,33261,9555,30787,40342
95,2012,7250,24478,31728,8855,29881,38736
96,2012,6605,23467,30072,6392,23388,29780
97,2012,4745,18051,22796,4411,16894,21305
98,2012,3132,12634,15766,2955,11785,14740
99,2012,2066,8725,10791,1678,7529,9207
100,2012,2543,12892,15435,2136,10970,13106
0,2013,274396,259651,534047,276371,260976,537347
1,2013,277263,261900,539163,284199,267521,551720
2,2013,285627,268849,554476,288638,272305,560943
3,2013,289965,273553,563518,291941,276194,568135
4,2013,293142,277391,570533,291391,274233,565624
5,2013,292645,275414,568059,292085,274353,566438
6,2013,293208,275361,568569,290933,272236,563169
7,2013,291830,273164,564994,292059,275749,567808
8,2013,293038,276683,569721,289936,273229,563165
9,2013,290885,274304,565189,287599,271383,558982
10,2013,288628,272395,561023,290934,273859,564793
11,2013,291961,274898,566859,296458,277727,574185
12,2013,297654,278789,576443,290341,273613,563954
13,2013,291474,274647,566121,291614,273119,564733
14,2013,292462,274026,566488,290404,272846,563250
15,2013,291460,273751,565211,291412,273193,564605
16,2013,292705,274124,566829,291036,272355,563391
17,2013,292756,273509,566265,295328,276474,571802
18,2013,297615,278194,575809,302650,283674,586324
19,2013,304931,286467,591398,314313,295815,610128
20,2013,316728,299047,615775,313724,295950,609674
21,2013,316248,299672,615920,316870,301848,618718
22,2013,319945,306046,625991,315265,302850,618115
23,2013,318710,307613,626323,321878,310649,632527
24,2013,325955,315750,641705,314270,306373,620643
25,2013,318445,311340,629785,315208,310013,625221
26,2013,319702,314871,634573,324679,323551,648230
27,2013,329253,328049,657302,332068,330562,662630
28,2013,336685,334549,671234,339719,337857,677576
29,2013,344069,341492,685561,349950,351057,701007
30,2013,354403,354538,708941,353336,355580,708916
31,2013,357437,358875,716312,363126,364182,727308
32,2013,367257,367062,734319,375143,378094,753237
33,2013,379047,380746,759793,396956,398956,795912
34,2013,400364,401537,801901,410140,414062,824202
35,2013,413265,416407,829672,429620,432952,862572
36,2013,432642,434977,867619,451155,454385,905540
37,2013,453647,456409,910056,470442,473688,944130
38,2013,472710,475622,948332,467274,472566,939840
39,2013,469243,474352,943595,472647,476752,949399
40,2013,474635,478572,953207,476599,483711,960310
41,2013,478236,485550,963786,473604,479402,953006
42,2013,475248,481085,956333,486491,493757,980248
43,2013,487731,495378,983109,482755,491145,973900
44,2013,484038,492747,976785,484173,494596,978769
45,2013,485085,496062,981147,491314,499410,990724
46,2013,491914,500496,992410,490521,499519,990040
47,2013,490987,500493,991480,496739,507206,1003945
48,2013,496794,508165,1004959,463790,478411,942201
49,2013,463707,479248,942955,447093,464036,911129
50,2013,446959,464796,911755,438002,455521,893523
51,2013,437670,456235,893905,424271,442372,866643
52,2013,423741,443104,866845,414236,432383,846619
53,2013,413569,432864,846433,394705,415177,809882
54,2013,393806,415553,809359,391094,411933,803027
55,2013,389887,412280,802167,383438,404472,787910
56,2013,382250,404470,786720,376209,398011,774220
57,2013,374687,397821,772508,369584,393072,762656
58,2013,367904,392716,760620,353981,374446,728427
59,2013,352155,373954,726109,347559,370375,717934
60,2013,345464,369650,715114,346670,369855,716525
61,2013,344333,368874,713207,359837,383904,743741
62,2013,357018,382561,739579,361558,386823,748381
63,2013,358507,385196,743703,376695,405061,781756
64,2013,373061,403174,776235,368344,396227,764571
65,2013,364463,394031,758494,367416,397814,765230
66,2013,363027,395395,758422,281885,308433,590318
67,2013,278120,306228,584348,288280,317979,606259
68,2013,283968,315606,599574,288316,323143,611459
69,2013,283581,320373,603954,284304,321761,606065
70,2013,279070,318785,597855,282976,324795,607771
71,2013,277329,321350,598679,307960,357098,665058
72,2013,301397,352887,654284,299524,351158,650682
73,2013,292337,346553,638890,285869,341772,627641
74,2013,278178,336737,614915,259553,316296,575849
75,2013,251820,311125,562945,237140,297983,535123
76,2013,229025,292442,521467,236452,302676,539128
77,2013,227563,296314,523877,221687,292181,513868
78,2013,212174,285070,497244,207810,281554,489364
79,2013,197850,273683,471533,190524,269405,459929
80,2013,180034,260768,440802,181207,264941,446148
81,2013,170235,255072,425307,174754,267765,442519
82,2013,162554,256292,418846,149547,236652,386199
83,2013,137790,225089,362879,133558,225044,358602
84,2013,121692,212333,334025,117944,211647,329591
85,2013,106086,197679,303765,102648,193449,296097
86,2013,91117,178928,270045,89057,176259,265316
87,2013,77842,160835,238677,75568,158729,234297
88,2013,64975,142792,207767,64787,142577,207364
89,2013,54651,126324,180975,51941,122092,174033
90,2013,43102,106197,149299,42398,105576,147974
91,2013,34376,90055,124431,33288,88526,121814
92,2013,26385,73811,100196,17333,48310,65643
93,2013,13408,39462,52870,9992,30023,40015
94,2013,7537,23847,31384,7914,25347,33261
95,2013,5820,19690,25510,7250,24478,31728
96,2013,5138,18384,23522,6605,23467,30072
97,2013,4490,17149,21639,4745,18051,22796
98,2013,3169,12956,16125,3132,12634,15766
99,2013,2058,8647,10705,2066,8725,10791
100,2013,2752,13453,16205,2543,12892,15435
0,2014,263091,249049,512140,274396,259651,534047
1,2014,274308,259608,533916,277263,261900,539163
2,2014,277877,262572,540449,285627,268849,554476
3,2014,286447,269587,556034,289965,273553,563518
4,2014,290759,274306,565065,293142,277391,570533
5,2014,293794,277866,571660,292645,275414,568059
6,2014,293185,276012,569197,293208,275361,568569
7,2014,293710,275776,569486,291830,273164,564994
8,2014,292144,273641,565785,293038,276683,569721
9,2014,293604,277238,570842,290885,274304,565189
10,2014,291367,274615,565982,288628,272395,561023
11,2014,289073,272872,561945,291961,274898,566859
12,2014,292448,275256,567704,297654,278789,576443
13,2014,298347,279321,577668,291474,274647,566121
14,2014,292206,275148,567354,292462,274026,566488
15,2014,293083,274494,567577,291460,273751,565211
16,2014,292208,274255,566463,292705,274124,566829
17,2014,293718,274593,568311,292756,273509,566265
18,2014,294502,274399,568901,297615,278194,575809
19,2014,299027,280140,579167,304931,286467,591398
20,2014,306062,288638,594700,316728,299047,615775
21,2014,318057,301664,619721,316248,299672,615920
22,2014,317846,302634,620480,319945,306046,625991
23,2014,322142,309559,631701,318710,307613,626323
24,2014,321559,311394,632953,325955,315750,641705
25,2014,328699,319720,648419,318445,311340,629785
26,2014,321492,315090,636582,319702,314871,634573
27,2014,322889,318142,641031,329253,328049,657302
28,2014,332483,330807,663290,336685,334549,671234
29,2014,339593,337225,676818,344069,341492,685561
30,2014,346790,343940,690730,354403,354538,708941
31,2014,357333,356746,714079,357437,358875,716312
32,2014,360006,360870,720876,367257,367062,734319
33,2014,369914,368913,738827,379047,380746,759793
34,2014,381638,382576,764214,400364,401537,801901
35,2014,402746,403282,806028,413265,416407,829672
36,2014,415455,417982,833437,432642,434977,867619
37,2014,434559,436474,871033,453647,456409,910056
38,2014,455256,457696,912952,472710,475622,948332
39,2014,474211,476954,951165,469243,474352,943595
40,2014,470309,475396,945705,474635,478572,953207
41,2014,475791,479722,955513,478236,485550,963786
42,2014,479048,486621,965669,475248,481085,956333
43,2014,475921,482175,958096,487731,495378,983109
44,2014,488216,496315,984531,484038,492747,976785
45,2014,484426,493857,978283,485085,496062,981147
46,2014,485241,497040,982281,491914,500496,992410
47,2014,491658,500972,992630,490987,500493,991480
48,2014,490621,500749,991370,496794,508165,1004959
49,2014,496284,508508,1004792,463707,479248,942955
50,2014,463119,479485,942604,446959,464796,911755
51,2014,446108,464957,911065,437670,456235,893905
52,2014,436677,456328,893005,423741,443104,866845
53,2014,422531,443089,865620,413569,432864,846433
54,2014,412256,432943,845199,393806,415553,809359
55,2014,392437,415471,807908,389887,412280,802167
56,2014,388391,412007,800398,382250,404470,786720
57,2014,380475,403875,784350,374687,397821,772508
58,2014,372654,397037,769691,367904,392716,760620
59,2014,365765,391890,757655,352155,373954,726109
60,2014,349971,372885,722856,345464,369650,715114
61,2014,343019,368357,711376,344333,368874,713207
62,2014,341571,367457,709028,357018,382561,739579
63,2014,353753,380681,734434,358507,385196,743703
64,2014,355002,383108,738110,373061,403174,776235
65,2014,369118,400647,769765,364463,394031,758494
66,2014,360211,391258,751469,363027,395395,758422
67,2014,357958,392470,750428,278120,306228,584348
68,2014,273815,303629,577444,283968,315606,599574
69,2014,279245,312739,591984,283581,320373,603954
70,2014,278239,317047,595286,279070,318785,597855
71,2014,273468,315237,588705,277329,321350,598679
72,2014,271197,317400,588597,301397,352887,654284
73,2014,294134,348255,642389,292337,346553,638890
74,2014,284585,341565,626150,278178,336737,614915
75,2014,270055,331186,601241,251820,311125,562945
76,2014,243711,305376,549087,229025,292442,521467
77,2014,220598,286405,507003,227563,296314,523877
78,2014,218284,289329,507613,212174,285070,497244
79,2014,202297,277333,479630,197850,273683,471533
80,2014,187304,265009,452313,180034,260768,440802
81,2014,169272,251571,420843,170235,255072,425307
82,2014,158781,244531,403312,162554,256292,418846
83,2014,150477,244227,394704,137790,225089,362879
84,2014,126266,212887,339153,121692,212333,334025
85,2014,110172,199094,309266,106086,197679,303765
86,2014,94859,183266,278125,91117,178928,270045
87,2014,80117,164164,244281,77842,160835,238677
88,2014,67163,145744,212907,64975,142792,207767
89,2014,55318,127451,182769,54651,126324,180975
90,2014,45541,110823,156364,43102,106197,149299
91,2014,35120,91708,126828,34376,90055,124431
92,2014,27352,76257,103609,26385,73811,100196
93,2014,20601,60836,81437,13408,39462,52870
94,2014,10166,31669,41835,7537,23847,31384
95,2014,5485,18744,24229,5820,19690,25510
96,2014,4227,15148,19375,5138,18384,23522
97,2014,3562,13596,17158,4490,17149,21639
98,2014,2994,12368,15362,3169,12956,16125
99,2014,2043,9110,11153,2058,8647,10705
100,2014,2914,14338,17252,2752,13453,16205
0,2015,257024,242916,499940,263091,249049,512140
1,2015,262728,248720,511448,274308,259608,533916
2,2015,273801,259094,532895,277877,262572,540449
3,2015,277707,262193,539900,286447,269587,556034
4,2015,286208,269439,555647,290759,274306,565065
5,2015,290660,274255,564915,293794,277866,571660
6,2015,293514,277703,571217,293185,276012,569197
7,2015,292919,275863,568782,293710,275776,569486
8,2015,293483,275646,569129,292144,273641,565785
9,2015,292026,273581,565607,293604,277238,570842
10,2015,293605,277324,570929,291367,274615,565982
11,2015,291357,274698,566055,289073,272872,561945
12,2015,289200,273046,562246,292448,275256,567704
13,2015,292610,275346,567956,298347,279321,577668
14,2015,298910,279597,578507,292206,275148,567354
15,2015,292906,275346,568252,293083,274494,567577
16,2015,293706,274741,568447,292208,274255,566463
17,2015,293354,274592,567946,293718,274593,568311
18,2015,295461,275267,570728,294502,274399,568901
19,2015,296196,275871,572067,299027,280140,579167
20,2015,300146,281729,581875,306062,288638,594700
21,2015,306613,290228,596841,318057,301664,619721
22,2015,319072,303644,622716,317846,302634,620480
23,2015,318700,304910,623610,322142,309559,631701
24,2015,323485,311741,635226,321559,311394,632953
25,2015,322677,313495,636172,328699,319720,648419
26,2015,329811,321616,651427,321492,315090,636582
27,2015,322598,316685,639283,322889,318142,641031
28,2015,323838,319565,643403,332483,330807,663290
29,2015,333465,331866,665331,339593,337225,676818
30,2015,340419,338119,678538,346790,343940,690730
31,2015,347571,344702,692273,357333,356746,714079
32,2015,358021,357517,715538,360006,360870,720876
33,2015,360733,361340,722073,369914,368913,738827
34,2015,370525,369258,739783,381638,382576,764214
35,2015,382058,383052,765110,402746,403282,806028
36,2015,403200,403526,806726,415455,417982,833437
37,2015,415673,417966,833639,434559,436474,871033
38,2015,434593,436564,871157,455256,457696,912952
39,2015,454973,457831,912804,474211,476954,951165
40,2015,473835,476897,950732,470309,475396,945705
41,2015,469871,475376,945247,475791,479722,955513
42,2015,475287,479818,955105,479048,486621,965669
43,2015,478441,486782,965223,475921,482175,958096
44,2015,475327,482280,957607,488216,496315,984531
45,2015,487372,496417,983789,484426,493857,978283
46,2015,483508,493744,977252,485241,497040,982281
47,2015,484199,496971,981170,491658,500972,992630
48,2015,490430,500680,991110,490621,500749,991370
49,2015,489330,500229,989559,496284,508508,1004792
50,2015,494798,507939,1002737,463119,479485,942604
51,2015,461668,479116,940784,446108,464957,911065
52,2015,444572,464282,908854,436677,456328,893005
53,2015,435068,455881,890949,422531,443089,865620
54,2015,420784,442327,863111,412256,432943,845199
55,2015,410440,432129,842569,392437,415471,807908
56,2015,390470,414508,804978,388391,412007,800398
57,2015,386480,410901,797381,380475,403875,784350
58,2015,378206,402768,780974,372654,397037,769691
59,2015,370303,395793,766096,365765,391890,757655
60,2015,363367,390495,753862,349971,372885,722856
61,2015,347396,371465,718861,343019,368357,711376
62,2015,340215,366633,706848,341571,367457,709028
63,2015,338447,365549,703996,353753,380681,734434
64,2015,350234,378570,728804,355002,383108,738110
65,2015,351362,380743,732105,369118,400647,769765
66,2015,364783,397936,762719,360211,391258,751469
67,2015,355537,388513,744050,357958,392470,750428
68,2015,352690,389142,741832,273815,303629,577444
69,2015,269542,300848,570390,279245,312739,591984
70,2015,274323,309661,583984,278239,317047,595286
71,2015,272828,313693,586521,273468,315237,588705
72,2015,267714,311586,579300,271197,317400,588597
73,2015,264916,313292,578208,294134,348255,642389
74,2015,286601,343459,630060,284585,341565,626150
75,2015,276728,336287,613015,270055,331186,601241
76,2015,261569,325315,586884,243711,305376,549087
77,2015,235069,299262,534331,220598,286405,507003
78,2015,212053,279834,491887,218284,289329,507613
79,2015,208514,281748,490262,202297,277333,479630
80,2015,192113,268941,461054,187304,265009,452313
81,2015,176607,255752,432359,169272,251571,420843
82,2015,158764,241422,400186,158781,244531,403312
83,2015,147406,233353,380759,150477,244227,394704
84,2015,138188,231370,369558,126266,212887,339153
85,2015,114599,200100,314699,110172,199094,309266
86,2015,98780,185248,284028,94859,183266,278125
87,2015,84022,168470,252492,80117,164164,244281
88,2015,69610,149138,218748,67163,145744,212907
89,2015,57239,130480,187719,55318,127451,182769
90,2015,46367,112174,158541,45541,110823,156364
91,2015,37409,95805,133214,35120,91708,126828
92,2015,28203,77591,105794,27352,76257,103609
93,2015,21417,63285,84702,20601,60836,81437
94,2015,15765,49376,65141,10166,31669,41835
95,2015,7552,25137,32689,5485,18744,24229
96,2015,3998,14515,18513,4227,15148,19375
97,2015,2994,11489,14483,3562,13596,17158
98,2015,2435,9951,12386,2994,12368,15362
99,2015,1998,8730,10728,2043,9110,11153
100,2015,3026,15394,18420,2914,14338,17252
0,2016,248474,234503,482977,257024,242916,499940
1,2016,256954,242753,499707,262728,248720,511448
2,2016,262071,248046,510117,273801,259094,532895
3,2016,273332,258472,531804,277707,262193,539900
4,2016,277314,261860,539174,286208,269439,555647
5,2016,286000,269014,555014,290660,274255,564915
6,2016,290495,273921,564416,293514,277703,571217
7,2016,293071,277236,570307,292919,275863,568782
8,2016,292714,275662,568376,293483,275646,569129
9,2016,293478,275358,568836,292026,273581,565607
10,2016,291809,273389,565198,293605,277324,570929
11,2016,293508,277175,570683,291357,274698,566055
12,2016,291390,274631,566021,289200,273046,562246
13,2016,289277,273019,562296,292610,275346,567956
14,2016,292798,275279,568077,298910,279597,578507
15,2016,299427,279630,579057,292906,275346,568252
16,2016,293672,275410,569082,293706,274741,568447
17,2016,294786,274979,569765,293354,274592,567946
18,2016,295551,275171,570722,295461,275267,570728
19,2016,298107,276507,574614,296196,275871,572067
20,2016,297986,277203,575189,300146,281729,581875
21,2016,301681,282973,584654,306613,290228,596841
22,2016,307779,291652,599431,319072,303644,622716
23,2016,320541,305212,625753,318700,304910,623610
24,2016,320083,306323,626406,323485,311741,635226
25,2016,325190,313102,638292,322677,313495,636172
26,2016,324163,314741,638904,329811,321616,651427
27,2016,331241,322703,653944,322598,316685,639283
28,2016,324127,317728,641855,323838,319565,643403
29,2016,325440,320351,645791,333465,331866,665331
30,2016,334869,332477,667346,340419,338119,678538
31,2016,341615,338566,680181,347571,344702,692273
32,2016,348424,345034,693458,358021,357517,715538
33,2016,359018,357812,716830,360733,361340,722073
34,2016,361522,361456,722978,370525,369258,739783
35,2016,371593,369416,741009,382058,383052,765110
36,2016,382630,383029,765659,403200,403526,806726
37,2016,403662,403546,807208,415673,417966,833639
38,2016,416077,417977,834054,434593,436564,871157
39,2016,434613,436590,871203,454973,457831,912804
40,2016,454769,457715,912484,473835,476897,950732
41,2016,473527,476626,950153,469871,475376,945247
42,2016,469437,475114,944551,475287,479818,955105
43,2016,474884,479524,954408,478441,486782,965223
44,2016,477838,486396,964234,475327,482280,957607
45,2016,474512,481890,956402,487372,496417,983789
46,2016,486455,496009,982464,483508,493744,977252
47,2016,482453,493334,975787,484199,496971,981170
48,2016,483006,496528,979534,490430,500680,991110
49,2016,489062,500049,989111,489330,500229,989559
50,2016,487896,499459,987355,494798,507939,1002737
51,2016,493112,506986,1000098,461668,479116,940784
52,2016,459958,478271,938229,444572,464282,908854
53,2016,442921,463407,906328,435068,455881,890949
54,2016,433153,454903,888056,420784,442327,863111
55,2016,418786,441306,860092,410440,432129,842569
56,2016,408451,430989,839440,390470,414508,804978
57,2016,388218,413339,801557,386480,410901,797381
58,2016,384321,409442,793763,378206,402768,780974
59,2016,375701,401306,777007,370303,395793,766096
60,2016,367712,394070,761782,363367,390495,753862
61,2016,360467,388687,749154,347396,371465,718861
62,2016,344519,369593,714112,340215,366633,706848
63,2016,337144,364697,701841,338447,365549,703996
64,2016,334827,363373,698200,350234,378570,728804
65,2016,346468,376067,722535,351362,380743,732105
66,2016,347240,378044,725284,364783,397936,762719
67,2016,359887,394927,754814,355537,388513,744050
68,2016,350198,385242,735440,352690,389142,741832
69,2016,346792,385509,732301,269542,300848,570390
70,2016,264627,297725,562352,274323,309661,583984
71,2016,268994,306256,575250,272828,313693,586521
72,2016,266724,309729,576453,267714,311586,579300
73,2016,261148,307140,568288,264916,313292,578208
74,2016,257933,308429,566362,286601,343459,630060
75,2016,278103,337725,615828,276728,336287,613015
76,2016,267718,329979,597697,261569,325315,586884
77,2016,251863,318372,570235,235069,299262,534331
78,2016,225536,291763,517299,212053,279834,491887
79,2016,202151,271832,473983,208514,281748,490262
80,2016,197720,272564,470284,192113,268941,461054
81,2016,180907,259008,439915,176607,255752,432359
82,2016,164759,244593,409352,158764,241422,400186
83,2016,146783,229533,376316,147406,233353,380759
84,2016,134914,219734,354648,138188,231370,369558
85,2016,124952,216264,341216,114599,200100,314699
86,2016,102058,185166,287224,98780,185248,284028
87,2016,86724,169076,255800,84022,168470,252492
88,2016,72431,151869,224300,69610,149138,218748
89,2016,58874,131864,190738,57239,130480,187719
90,2016,47285,113300,160585,46367,112174,158541
91,2016,37499,95411,132910,37409,95805,133214
92,2016,29601,79857,109458,28203,77591,105794
93,2016,21657,63309,84966,21417,63285,84702
94,2016,16099,50295,66394,15765,49376,65141
95,2016,11326,38015,49341,7552,25137,32689
96,2016,5302,18968,24270,3998,14515,18513
97,2016,2721,10525,13246,2994,11489,14483
98,2016,1992,8150,10142,2435,9951,12386
99,2016,1534,6724,8258,1998,8730,10728
100,2016,2913,14785,17698,3026,15394,18420
0,2017,241228,228728,469956,248474,234503,482977
1,2017,248341,234634,482975,256954,242753,499707
2,2017,256565,242535,499100,262071,248046,510117
3,2017,261241,247328,508569,273332,258472,531804
4,2017,272739,257945,530684,277314,261860,539174
5,2017,276899,261416,538315,286000,269014,555014
6,2017,285572,268651,554223,290495,273921,564416
7,2017,289958,273526,563484,293071,277236,570307
8,2017,292572,276877,569449,292714,275662,568376
9,2017,292308,275426,567734,293478,275358,568836
10,2017,293118,275233,568351,291809,273389,565198
11,2017,291479,273280,564759,293508,277175,570683
12,2017,293283,276949,570232,291390,274631,566021
13,2017,291179,274469,565648,289277,273019,562296
14,2017,289177,272829,562006,292798,275279,568077
15,2017,292769,275138,567907,299427,279630,579057
16,2017,299939,279574,579513,293672,275410,569082
17,2017,295044,275376,570420,294786,274979,569765
18,2017,299947,275422,575369,295551,275171,570722
19,2017,301274,276264,577538,298107,276507,574614
20,2017,302504,277669,580173,297986,277203,575189
21,2017,302060,278394,580454,301681,282973,584654
22,2017,304489,284180,588669,307779,291652,599431
23,2017,310158,293110,603268,320541,305212,625753
24,2017,323099,306521,629620,320083,306323,626406
25,2017,321959,307576,629535,325190,313102,638292
26,2017,328131,314305,642436,324163,314741,638904
27,2017,326046,315961,642007,331241,322703,653944
28,2017,333278,323900,657178,324127,317728,641855
29,2017,325867,318828,644695,325440,320351,645791
30,2017,327139,321317,648456,334869,332477,667346
31,2017,336419,333056,669475,341615,338566,680181
32,2017,342831,339055,681886,348424,345034,693458
33,2017,349257,345399,694656,359018,357812,716830
34,2017,359915,358124,718039,361522,361456,722978
35,2017,362128,361717,723845,371593,369416,741009
36,2017,372475,369437,741912,382630,383029,765659
37,2017,382784,383077,765861,403662,403546,807208
38,2017,403876,403454,807330,416077,417977,834054
39,2017,416128,417703,833831,434613,436590,871203
40,2017,434372,436419,870791,454769,457715,912484
41,2017,454456,457395,911851,473527,476626,950153
42,2017,472913,476278,949191,469437,475114,944551
43,2017,468875,474618,943493,474884,479524,954408
44,2017,474374,478948,953322,477838,486396,964234
45,2017,477057,485881,962938,474512,481890,956402
46,2017,473526,481415,954941,486455,496009,982464
47,2017,485398,495362,980760,482453,493334,975787
48,2017,481428,492690,974118,483006,496528,979534
49,2017,481861,495995,977856,489062,500049,989111
50,2017,487824,499262,987086,487896,499459,987355
51,2017,486370,498679,985049,493112,506986,1000098
52,2017,491565,506056,997621,459958,478271,938229
53,2017,458371,477327,935698,442921,463407,906328
54,2017,441100,462369,903469,433153,454903,888056
55,2017,431260,453861,885121,418786,441306,860092
56,2017,416879,440114,856993,408451,430989,839440
57,2017,406309,429802,836111,388218,413339,801557
58,2017,386041,411964,798005,384321,409442,793763
59,2017,381812,408019,789831,375701,401306,777007
60,2017,373298,399758,773056,367712,394070,761782
61,2017,365055,392325,757380,360467,388687,749154
62,2017,357654,386942,744596,344519,369593,714112
63,2017,341549,367794,709343,337144,364697,701841
64,2017,333942,362669,696611,334827,363373,698200
65,2017,331416,361030,692446,346468,376067,722535
66,2017,342570,373652,716222,347240,378044,725284
67,2017,342718,375279,717997,359887,394927,754814
68,2017,354712,391756,746468,350198,385242,735440
69,2017,344748,381850,726598,346792,385509,732301
70,2017,340863,381705,722568,264627,297725,562352
71,2017,259602,294474,554076,268994,306256,575250
72,2017,263439,302586,566025,266724,309729,576453
73,2017,260372,305626,565998,261148,307140,568288
74,2017,254420,302547,556967,257933,308429,566362
75,2017,250642,303385,554027,278103,337725,615828
76,2017,269390,331814,601204,267718,329979,597697
77,2017,258690,323180,581870,251863,318372,570235
78,2017,242331,311084,553415,225536,291763,517299
79,2017,215848,284208,500056,202151,271832,473983
80,2017,192451,263653,456104,197720,272564,470284
81,2017,186918,263179,450097,180907,259008,439915
82,2017,169654,248719,418373,164759,244593,409352
83,2017,153241,233268,386509,146783,229533,376316
84,2017,135171,217424,352595,134914,219734,354648
85,2017,122931,206292,329223,124952,216264,341216
86,2017,112240,201195,313435,102058,185166,287224
87,2017,90570,170537,261107,86724,169076,255800
88,2017,75497,153693,229190,72431,151869,224300
89,2017,62055,135815,197870,58874,131864,190738
90,2017,49465,116076,165541,47285,113300,160585
91,2017,38744,98132,136876,37499,95411,132910
92,2017,30050,80943,110993,29601,79857,109458
93,2017,23238,66322,89560,21657,63309,84966
94,2017,16590,51497,68087,16099,50295,66394
95,2017,11864,39690,51554,11326,38015,49341
96,2017,8179,29445,37624,5302,18968,24270
97,2017,3704,14256,17960,2721,10525,13246
98,2017,1882,7725,9607,1992,8150,10142
99,2017,1314,5831,7145,1534,6724,8258
100,2017,2671,13887,16558,2913,14785,17698
0,2018,234151,220915,455066,241228,228728,469956
1,2018,241422,228990,470412,248341,234634,482975
2,2018,248127,234683,482810,256565,242535,499100
3,2018,256349,242295,498644,261241,247328,508569
4,2018,260667,246685,507352,272739,257945,530684
5,2018,272287,257429,529716,276899,261416,538315
6,2018,276525,261051,537576,285572,268651,554223
7,2018,285109,268393,553502,289958,273526,563484
8,2018,289604,273114,562718,292572,276877,569449
9,2018,292160,276713,568873,292308,275426,567734
10,2018,292094,275230,567324,293118,275233,568351
11,2018,292925,275158,568083,291479,273280,564759
12,2018,291228,273250,564478,293283,276949,570232
13,2018,293251,276933,570184,291179,274469,565648
14,2018,291323,274611,565934,289177,272829,562006
15,2018,289397,272785,562182,292769,275138,567907
16,2018,293398,275243,568641,299939,279574,579513
17,2018,302253,279736,581989,295044,275376,570420
18,2018,302995,276335,579330,299947,275422,575369
19,2018,310352,276933,587285,301274,276264,577538
20,2018,307475,277991,585466,302504,277669,580173
21,2018,307927,279695,587622,302060,278394,580454
22,2018,306012,280254,586266,304489,284180,588669
23,2018,307961,286044,594005,310158,293110,603268
24,2018,312942,294761,607703,323099,306521,629620
25,2018,325985,308048,634033,321959,307576,629535
26,2018,323901,308621,632522,328131,314305,642436
27,2018,330565,315371,645936,326046,315961,642007
28,2018,327464,317051,644515,333278,323900,657178
29,2018,334849,324785,659634,325867,318828,644695
30,2018,327100,319536,646636,327139,321317,648456
31,2018,328389,322059,650448,336419,333056,669475
32,2018,337325,333392,670717,342831,339055,681886
33,2018,343520,339536,683056,349257,345399,694656
34,2018,349656,345759,695415,359915,358124,718039
35,2018,360505,358356,718861,362128,361717,723845
36,2018,362370,361916,724286,372475,369437,741912
37,2018,372836,369423,742259,382784,383077,765861
38,2018,382746,383049,765795,403876,403454,807330
39,2018,403771,403283,807054,416128,417703,833831
40,2018,415837,417390,833227,434372,436419,870791
41,2018,433945,436186,870131,454456,457395,911851
42,2018,453757,457176,910933,472913,476278,949191
43,2018,472198,475962,948160,468875,474618,943493
44,2018,468199,474308,942507,474374,478948,953322
45,2018,473559,478447,952006,477057,485881,962938
46,2018,476223,485328,961551,473526,481415,954941
47,2018,472493,480790,953283,485398,495362,980760
48,2018,484335,494802,979137,481428,492690,974118
49,2018,480303,492006,972309,481861,495995,977856
50,2018,480580,495334,975914,487824,499262,987086
51,2018,486478,498410,984888,486370,498679,985049
52,2018,484758,497597,982355,491565,506056,997621
53,2018,489902,504982,994884,458371,477327,935698
54,2018,456695,476246,932941,441100,462369,903469
55,2018,439536,461194,900730,431260,453861,885121
56,2018,429500,452738,882238,416879,440114,856993
57,2018,414957,438847,853804,406309,429802,836111
58,2018,404152,428318,832470,386041,411964,798005
59,2018,383847,410519,794366,381812,408019,789831
60,2018,379375,406350,785725,373298,399758,773056
61,2018,370517,397946,768463,365055,392325,757380
62,2018,362120,390419,752539,357654,386942,744596
63,2018,354672,385062,739734,341549,367794,709343
64,2018,338289,365709,703998,333942,362669,696611
65,2018,330506,360443,690949,331416,361030,692446
66,2018,327913,358837,686750,342570,373652,716222
67,2018,338185,371028,709213,342718,375279,717997
68,2018,338055,372375,710430,354712,391756,746468
69,2018,349193,388241,737434,344748,381850,726598
70,2018,338859,378008,716867,340863,381705,722568
71,2018,334372,377512,711884,259602,294474,554076
72,2018,254147,290767,544914,263439,302586,566025
73,2018,257271,298366,555637,260372,305626,565998
74,2018,253537,301054,554591,254420,302547,556967
75,2018,247035,297431,544466,250642,303385,554027
76,2018,242491,297729,540220,269390,331814,601204
77,2018,259761,324864,584625,258690,323180,581870
78,2018,248606,315430,564036,242331,311084,553415
79,2018,231777,302592,534369,215848,284208,500056
80,2018,205214,275421,480635,192451,263653,456104
81,2018,181546,254323,435869,186918,263179,450097
82,2018,174921,252162,427083,169654,248719,418373
83,2018,157393,236817,394210,153241,233268,386509
84,2018,140744,220396,361140,135171,217424,352595
85,2018,122794,203753,326547,122931,206292,329223
86,2018,110032,191007,301039,112240,201195,313435
87,2018,99045,184256,283301,90570,170537,261107
88,2018,78408,154077,232485,75497,153693,229190
89,2018,64174,136402,200576,62055,135815,197870
90,2018,51737,118638,170375,49465,116076,165541
91,2018,40143,99427,139570,38744,98132,136876
92,2018,30650,82326,112976,30050,80943,110993
93,2018,23208,66497,89705,23238,66322,89560
94,2018,17466,53178,70644,16590,51497,68087
95,2018,12074,40152,52226,11864,39690,51554
96,2018,8400,30307,38707,8179,29445,37624
97,2018,5626,21681,27307,3704,14256,17960
98,2018,2445,10250,12695,1882,7725,9607
99,2018,1264,5425,6689,1314,5831,7145
100,2018,2334,12650,14984,2671,13887,16558
0,2019,221685,209322,431007,234151,220915,455066
1,2019,234386,221360,455746,241422,228990,470412
2,2019,241671,229142,470813,248127,234683,482810
3,2019,248155,234791,482946,256349,242295,498644
4,2019,256257,241983,498240,260667,246685,507352
5,2019,260616,246502,507118,272287,257429,529716
6,2019,272398,257211,529609,276525,261051,537576
7,2019,276672,261137,537809,285109,268393,553502
8,2019,285251,268440,553691,289604,273114,562718
9,2019,289719,273327,563046,292160,276713,568873
10,2019,292417,276854,569271,292094,275230,567324
11,2019,292452,275360,567812,292925,275158,568083
12,2019,293239,275337,568576,291228,273250,564478
13,2019,291565,273470,565035,293251,276933,570184
14,2019,293836,277332,571168,291323,274611,565934
15,2019,292016,274845,566861,289397,272785,562182
16,2019,290476,273141,563617,293398,275243,568641
17,2019,295127,275663,570790,302253,279736,581989
18,2019,306068,280805,586873,302995,276335,579330
19,2019,307554,277981,585535,310352,276933,587285
20,2019,313559,278559,592118,307475,277991,585466
21,2019,310367,279760,590127,307927,279695,587622
22,2019,310066,281529,591595,306012,280254,586266
23,2019,308282,282222,590504,307961,286044,594005
24,2019,310034,287929,597963,312942,294761,607703
25,2019,314552,295813,610365,325985,308048,634033
26,2019,327377,309013,636390,323901,308621,632522
27,2019,325160,309439,634599,330565,315371,645936
28,2019,331737,315976,647713,327464,317051,644515
29,2019,328580,317952,646532,334849,324785,659634
30,2019,336140,325542,661682,327100,319536,646636
31,2019,328519,320439,648958,328389,322059,650448
32,2019,329625,322805,652430,337325,333392,670717
33,2019,338601,333935,672536,343520,339536,683056
34,2019,344688,340206,684894,349656,345759,695415
35,2019,350654,346311,696965,360505,358356,718861
36,2019,361816,359005,720821,362370,361916,724286
37,2019,363353,362537,725890,372836,369423,742259
38,2019,373968,370021,743989,382746,383049,765795
39,2019,383565,383503,767068,403771,403283,807054
40,2019,404602,403489,808091,415837,417390,833227
41,2019,416373,417606,833979,433945,436186,870131
42,2019,434347,436238,870585,453757,457176,910933
43,2019,453871,457197,911068,472198,475962,948160
44,2019,472267,476041,948308,468199,474308,942507
45,2019,468310,474216,942526,473559,478447,952006
46,2019,473273,478371,951644,476223,485328,961551
47,2019,475915,484958,960873,472493,480790,953283
48,2019,471964,480428,952392,484335,494802,979137
49,2019,483524,494321,977845,480303,492006,972309
50,2019,479538,491414,970952,480580,495334,975914
51,2019,479659,494767,974426,486478,498410,984888
52,2019,485399,497603,983002,484758,497597,982355
53,2019,483386,496845,980231,489902,504982,994884
54,2019,488422,503941,992363,456695,476246,932941
55,2019,455137,475227,930364,439536,461194,900730
56,2019,437987,460125,898112,429500,452738,882238
57,2019,427661,451673,879334,414957,438847,853804
58,2019,413040,437639,850679,404152,428318,832470
59,2019,401980,426948,828928,383847,410519,794366
60,2019,381659,409121,790780,379375,406350,785725
61,2019,376891,404686,781577,370517,397946,768463
62,2019,367913,396279,764192,362120,390419,752539
63,2019,359220,388661,747881,354672,385062,739734
64,2019,351583,383041,734624,338289,365709,703998
65,2019,335079,363608,698687,330506,360443,690949
66,2019,327125,358334,685459,327913,358837,686750
67,2019,324044,356386,680430,338185,371028,709213
68,2019,333553,368268,701821,338055,372375,710430
69,2019,333082,369230,702312,349193,388241,737434
70,2019,343511,384579,728090,338859,378008,716867
71,2019,332677,373966,706643,334372,377512,711884
72,2019,327411,373031,700442,254147,290767,544914
73,2019,248503,286936,535439,257271,298366,555637
74,2019,250729,294077,544806,253537,301054,554591
75,2019,246473,296099,542572,247035,297431,544466
76,2019,239355,292150,531505,242491,297729,540220
77,2019,234110,291653,525763,259761,324864,584625
78,2019,250102,317534,567636,248606,315430,564036
79,2019,238254,307068,545322,231777,302592,534369
80,2019,220747,293682,514429,205214,275421,480635
81,2019,194208,265955,460163,181546,254323,435869
82,2019,170547,244166,414713,174921,252162,427083
83,2019,163189,240485,403674,157393,236817,394210
84,2019,145398,224338,369736,140744,220396,361140
85,2019,128393,206790,335183,122794,203753,326547
86,2019,110640,189589,300229,110032,191007,301039
87,2019,97788,175587,273375,99045,184256,283301
88,2019,86747,167490,254237,78408,154077,232485
89,2019,67202,137574,204776,64174,136402,200576
90,2019,53941,119934,173875,51737,118638,170375
91,2019,42805,102465,145270,40143,99427,139570
92,2019,32334,84147,116481,30650,82326,112976
93,2019,24059,68264,92323,23208,66497,89705
94,2019,17734,53762,71496,17466,53178,70644
95,2019,13009,41874,54883,12074,40152,52226
96,2019,8761,31075,39836,8400,30307,38707
97,2019,5941,22901,28842,5626,21681,27307
98,2019,3829,15821,19650,2445,10250,12695
99,2019,1616,7369,8985,1264,5425,6689
100,2019,2175,11957,14132,2334,12650,14984
0,2020,212756,202218,414974,221685,209322,431007
1,2020,224617,212168,436785,234386,221360,455746
2,2020,235153,222161,457314,241671,229142,470813
3,2020,242107,229589,471696,248155,234791,482946
4,2020,248565,235204,483769,256257,241983,498240
5,2020,256796,242348,499144,260616,246502,507118
6,2020,260833,246458,507291,272398,257211,529609
7,2020,272305,257168,529473,276672,261137,537809
8,2020,276769,261133,537902,285251,268440,553691
9,2020,285537,268609,554146,289719,273327,563046
10,2020,289596,273168,562764,292417,276854,569271
11,2020,292556,276781,569337,292452,275360,567812
12,2020,292641,275384,568025,293239,275337,568576
13,2020,293544,275519,569063,291565,273470,565035
14,2020,292112,273759,565871,293836,277332,571168
15,2020,294506,277704,572210,292016,274845,566861
16,2020,292771,275235,568006,290476,273141,563617
17,2020,291807,273582,565389,295127,275663,570790
18,2020,298000,276707,574707,306068,280805,586873
19,2020,308381,282363,590744,307554,277981,585535
20,2020,308189,279269,587458,313559,278559,592118
21,2020,313182,279835,593017,310367,279760,590127
22,2020,309970,281029,590999,310066,281529,591595
23,2020,309688,283094,592782,308282,282222,590504
24,2020,307991,283641,591632,310034,287929,597963
25,2020,309378,289242,598620,314552,295813,610365
26,2020,313758,296568,610326,327377,309013,636390
27,2020,326635,310107,636742,325160,309439,634599
28,2020,324590,310423,635013,331737,315976,647713
29,2020,331083,316710,647793,328580,317952,646532
30,2020,328034,318718,646752,336140,325542,661682
31,2020,335493,326158,661651,328519,320439,648958
32,2020,327947,321148,649095,329625,322805,652430
33,2020,329109,323293,652402,338601,333935,672536
34,2020,338166,334375,672541,344688,340206,684894
35,2020,344557,340457,685014,350654,346311,696965
36,2020,350372,346606,696978,361816,359005,720821
37,2020,361476,359300,720776,363353,362537,725890
38,2020,363000,362693,725693,373968,370021,743989
39,2020,373576,370154,743730,383565,383503,767068
40,2020,383170,383701,766871,404602,403489,808091
41,2020,403881,403611,807492,416373,417606,833979
42,2020,415526,417680,833206,434347,436238,870585
43,2020,433364,436100,869464,453871,457197,911068
44,2020,453257,457174,910431,472267,476041,948308
45,2020,471358,475833,947191,468310,474216,942526
46,2020,467247,474137,941384,473273,478371,951644
47,2020,472445,477972,950417,475915,484958,960873
48,2020,474990,484718,959708,471964,480428,952392
49,2020,470760,480305,951065,483524,494321,977845
50,2020,482299,494026,976325,479538,491414,970952
51,2020,478051,490930,968981,479659,494767,974426
52,2020,478289,494239,972528,485399,497603,983002
53,2020,483736,497079,980815,483386,496845,980231
54,2020,481769,496286,978055,488422,503941,992363
55,2020,486783,503388,990171,455137,475227,930364
56,2020,453415,474410,927825,437987,460125,898112
57,2020,436116,459353,895469,427661,451673,879334
58,2020,425668,450711,876379,413040,437639,850679
59,2020,411026,436621,847647,401980,426948,828928
60,2020,399772,425767,825539,381659,409121,790780
61,2020,379385,407946,787331,376891,404686,781577
62,2020,374272,403219,777491,367913,396279,764192
63,2020,365197,394534,759731,359220,388661,747881
64,2020,356296,386962,743258,351583,383041,734624
65,2020,348378,381206,729584,335079,363608,698687
66,2020,331878,361610,693488,327125,358334,685459
67,2020,323404,356098,679502,324044,356386,680430
68,2020,320057,353899,673956,333553,368268,701821
69,2020,329023,365461,694484,333082,369230,702312
70,2020,328058,366082,694140,343511,384579,728090
71,2020,337758,381061,718819,332677,373966,706643
72,2020,326516,370061,696577,327411,373031,700442
73,2020,320411,368668,689079,248503,286936,535439
74,2020,242563,283182,525745,250729,294077,544806
75,2020,244277,289606,533883,246473,296099,542572
76,2020,239378,291246,530624,239355,292150,531505
77,2020,231750,286596,518346,234110,291653,525763
78,2020,225808,285508,511316,250102,317534,567636
79,2020,240020,309824,549844,238254,307068,545322
80,2020,227517,298567,526084,220747,293682,514429
81,2020,209720,284151,493871,194208,265955,460163
82,2020,183104,255966,439070,170547,244166,414713
83,2020,159380,233554,392934,163189,240485,403674
84,2020,151066,228511,379577,145398,224338,369736
85,2020,132945,211312,344257,128393,206790,335183
86,2020,115967,192830,308797,110640,189589,300229
87,2020,98570,174836,273406,97788,175587,273375
88,2020,85751,159752,245503,86747,167490,254237
89,2020,74576,150085,224661,67202,137574,204776
90,2020,56540,121480,178020,53941,119934,173875
91,2020,44385,103848,148233,42805,102465,145270
92,2020,34603,86770,121373,32334,84147,116481
93,2020,25393,69890,95283,24059,68264,92323
94,2020,18209,55242,73451,17734,53762,71496
95,2020,13171,42478,55649,13009,41874,54883
96,2020,9311,32136,41447,8761,31075,39836
97,2020,6123,23179,29302,5941,22901,28842
98,2020,4007,16553,20560,3829,15821,19650
99,2020,2529,10892,13421,1616,7369,8985
100,2020,2332,12472,14804,2175,11957,14132
0,2021,208412,196544,404956,212756,202218,414974
1,2021,216969,206300,423269,224617,212168,436785
2,2021,228106,215465,443571,235153,222161,457314
3,2021,238741,225498,464239,242107,229589,471696
4,2021,246617,233858,480475,248565,235204,483769
5,2021,253592,239726,493318,256796,242348,499144
6,2021,257712,243319,501031,260833,246458,507291
7,2021,262489,247948,510437,272305,257168,529473
8,2021,273619,258440,532059,276769,261133,537902
9,2021,278649,262846,541495,285537,268609,554146
10,2021,287198,269994,557192,289596,273168,562764
11,2021,291582,274675,566257,292556,276781,569337
12,2021,294561,278502,573063,292641,275384,568025
13,2021,294772,277231,572003,293544,275519,569063
14,2021,295760,277420,573180,292112,273759,565871
15,2021,294449,275666,570115,294506,277704,572210
16,2021,296085,278695,574780,292771,275235,568006
17,2021,294149,275524,569673,291807,273582,565389
18,2021,292774,273389,566163,298000,276707,574707
19,2021,299358,276924,576282,308381,282363,590744
20,2021,309949,282960,592909,308189,279269,587458
21,2021,308471,279574,588045,313182,279835,593017
22,2021,313052,280705,593757,309970,281029,590999
23,2021,309342,281499,590841,309688,283094,592782
24,2021,308686,283102,591788,307991,283641,591632
25,2021,306234,282947,589181,309378,289242,598620
26,2021,306729,287493,594222,313758,296568,610326
27,2021,310129,294211,604340,326635,310107,636742
28,2021,323025,307046,630071,324590,310423,635013
29,2021,320148,307617,627765,331083,316710,647793
30,2021,327009,313564,640573,328034,318718,646752
31,2021,323860,315642,639502,335493,326158,661651
32,2021,331960,323448,655408,327947,321148,649095
33,2021,324988,318664,643652,329109,323293,652402
34,2021,326070,320941,647011,338166,334375,672541
35,2021,335245,332033,667278,344557,340457,685014
36,2021,342289,338839,681128,350372,346606,696978
37,2021,348579,345027,693606,361476,359300,720776
38,2021,359901,358229,718130,363000,362693,725693
39,2021,361515,361595,723110,373576,370154,743730
40,2021,372215,369202,741417,383170,383701,766871
41,2021,381514,382824,764338,403881,403611,807492
42,2021,402265,402664,804929,415526,417680,833206
43,2021,413967,417088,831055,433364,436100,869464
44,2021,431541,435290,866831,453257,457174,910431
45,2021,451779,456301,908080,471358,475833,947191
46,2021,469477,474653,944130,467247,474137,941384
47,2021,465176,472837,938013,472445,477972,950417
48,2021,470361,476386,946747,474990,484718,959708
49,2021,472664,482867,955531,470760,480305,951065
50,2021,468171,478082,946253,482299,494026,976325
51,2021,479429,491151,970580,478051,490930,968981
52,2021,474659,487595,962254,478289,494239,972528
53,2021,475015,490597,965612,483736,497079,980815
54,2021,479767,493209,972976,481769,496286,978055
55,2021,477592,492347,969939,486783,503388,990171
56,2021,482300,498964,981264,453415,474410,927825
57,2021,449183,470280,919463,436116,459353,895469
58,2021,431452,454905,886357,425668,450711,876379
59,2021,420581,446361,866942,411026,436621,847647
60,2021,405934,432200,838134,399772,425767,825539
61,2021,394296,421054,815350,379385,407946,787331
62,2021,373824,402963,776787,374272,403219,777491
63,2021,368091,398570,766661,365197,394534,759731
64,2021,359064,390100,749164,356296,386962,743258
65,2021,350200,382732,732932,348378,381206,729584
66,2021,342178,376946,719124,331878,361610,693488
67,2021,325411,357196,682607,323404,356098,679502
68,2021,319361,353270,672631,320057,353899,673956
69,2021,315798,351241,667039,329023,365461,694484
70,2021,324134,362392,686526,328058,366082,694140
71,2021,322436,362533,684969,337758,381061,718819
72,2021,331255,377092,708347,326516,370061,696577
73,2021,319265,365772,685037,320411,368668,689079
74,2021,312420,363872,676292,242563,283182,525745
75,2021,235648,278760,514408,244277,289606,533883
76,2021,236450,284553,521003,239378,291246,530624
77,2021,230615,285333,515948,231750,286596,518346
78,2021,222215,279972,502187,225808,285508,511316
79,2021,215706,277958,493664,240020,309824,549844
80,2021,227503,300257,527760,227517,298567,526084
81,2021,214560,288098,502658,209720,284151,493871
82,2021,195982,272579,468561,183104,255966,439070
83,2021,169321,243701,413022,159380,233554,392934
84,2021,145752,220210,365962,151066,228511,379577
85,2021,136315,213540,349855,132945,211312,344257
86,2021,118356,195261,313617,115967,192830,308797
87,2021,101657,175772,277429,98570,174836,273406
88,2021,84718,157267,241985,85751,159752,245503
89,2021,72167,141049,213216,74576,150085,224661
90,2021,61359,130133,191492,56540,121480,178020
91,2021,45462,103024,148486,44385,103848,148233
92,2021,34525,85660,120185,34603,86770,121373
93,2021,26278,70004,96282,25393,69890,95283
94,2021,18570,54643,73213,18209,55242,73451
95,2021,12913,41947,54860,13171,42478,55649
96,2021,9066,31227,40293,9311,32136,41447
97,2021,6167,22849,29016,6123,23179,29302
98,2021,3998,16115,20113,4007,16553,20560
99,2021,2526,11109,13635,2529,10892,13421
100,2021,2847,14330,17177,2332,12472,14804
0,2022,205371,195255,400626,208412,196544,404956
1,2022,209824,197810,407634,216969,206300,423269
2,2022,217987,207196,425183,228106,215465,443571
3,2022,228694,215944,444638,238741,225498,464239
4,2022,239183,225570,464753,246617,233858,480475
5,2022,245640,233044,478684,253592,239726,493318
6,2022,252296,238523,490819,257712,243319,501031
7,2022,260055,245536,505591,262489,247948,510437
8,2022,263845,249119,512964,273619,258440,532059
9,2022,275299,259960,535259,278649,262846,541495
10,2022,280091,264218,544309,287198,269994,557192
11,2022,288645,271368,560013,291582,274675,566257
12,2022,292919,275957,568876,294561,278502,573063
13,2022,295957,279801,575758,294772,277231,572003
14,2022,296180,278508,574688,295760,277420,573180
15,2022,297220,278674,575894,294449,275666,570115
16,2022,295963,276845,572808,296085,278695,574780
17,2022,299478,280939,580417,294149,275524,569673
18,2022,295158,274550,569708,292774,273389,566163
19,2022,294218,273072,567290,299358,276924,576282
20,2022,299483,276153,575636,309949,282960,592909
21,2022,307995,280508,588503,308471,279574,588045
22,2022,306585,276923,583508,313052,280705,593757
23,2022,310871,277904,588775,309342,281499,590841
24,2022,307450,279469,586919,308686,283102,591788
25,2022,307226,281322,588548,306234,282947,589181
26,2022,304818,281629,586447,306729,287493,594222
27,2022,306056,286744,592800,310129,294211,604340
28,2022,309781,293909,603690,323025,307046,630071
29,2022,322737,307123,629860,320148,307617,627765
30,2022,320462,307805,628267,327009,313564,640573
31,2022,327385,314003,641388,323860,315642,639502
32,2022,324501,315916,640417,331960,323448,655408
33,2022,333154,323709,656863,324988,318664,643652
34,2022,325923,318791,644714,326070,320941,647011
35,2022,327214,321096,648310,335245,332033,667278
36,2022,336526,332206,668732,342289,338839,681128
37,2022,343183,338992,682175,348579,345027,693606
38,2022,349548,345105,694653,359901,358229,718130
39,2022,361018,357984,719002,361515,361595,723110
40,2022,362241,361207,723448,372215,369202,741417
41,2022,372928,369016,741944,381514,382824,764338
42,2022,382441,382644,765085,402265,402664,804929
43,2022,403045,402520,805565,413967,417088,831055
44,2022,414855,417187,832042,431541,435290,866831
45,2022,432706,435229,867935,451779,456301,908080
46,2022,452800,456347,909147,469477,474653,944130
47,2022,470567,474641,945208,465176,472837,938013
48,2022,466435,473075,939510,470361,476386,946747
49,2022,471355,476715,948070,472664,482867,955531
50,2022,473646,483171,956817,468171,478082,946253
51,2022,469300,478407,947707,479429,491151,970580
52,2022,480540,491553,972093,474659,487595,962254
53,2022,475775,487952,963727,475015,490597,965612
54,2022,476000,490893,966893,479767,493209,972976
55,2022,481069,493808,974877,477592,492347,969939
56,2022,478662,492768,971430,482300,498964,981264
57,2022,483300,499325,982625,449183,470280,919463
58,2022,449809,470176,919985,431452,454905,886357
59,2022,431801,454417,886218,420581,446361,866942
60,2022,420605,445450,866055,405934,432200,838134
61,2022,405827,430828,836655,394296,421054,815350
62,2022,393855,419315,813170,373824,402963,776787
63,2022,373144,400873,774017,368091,398570,766661
64,2022,367086,396301,763387,359064,390100,749164
65,2022,357674,387503,745177,350200,382732,732932
66,2022,348305,379960,728265,342178,376946,719124
67,2022,339780,373354,713134,325411,357196,682607
68,2022,323307,354570,677877,319361,353270,672631
69,2022,314146,348843,662989,315798,351241,667039
70,2022,309999,346511,656510,324134,362392,686526
71,2022,317704,357328,675032,322436,362533,684969
72,2022,315416,357140,672556,331255,377092,708347
73,2022,323313,371104,694417,319265,365772,685037
74,2022,310853,359551,670404,312420,363872,676292
75,2022,303291,356948,660239,235648,278760,514408
76,2022,227616,272894,500510,236450,284553,521003
77,2022,227767,278056,505823,230615,285333,515948
78,2022,221025,278075,499100,222215,279972,502187
79,2022,211994,271851,483845,215706,277958,493664
80,2022,204923,269090,474013,227503,300257,527760
81,2022,214994,289391,504385,214560,288098,502658
82,2022,201163,276268,477431,195982,272579,468561
83,2022,182174,259546,441720,169321,243701,413022
84,2022,156136,230238,386374,145752,220210,365962
85,2022,132632,206074,338706,136315,213540,349855
86,2022,122383,197860,320243,118356,195261,313617
87,2022,104653,178743,283396,101657,175772,277429
88,2022,88175,158660,246835,84718,157267,241985
89,2022,72142,139930,212072,72167,141049,213216
90,2022,60361,123386,183747,61359,130133,191492
91,2022,50024,111473,161497,45462,103024,148486
92,2022,36098,86552,122650,34525,85660,120185
93,2022,26727,70213,96940,26278,70004,96282
94,2022,19723,55782,75505,18570,54643,73213
95,2022,13473,42582,56055,12913,41947,54860
96,2022,9083,31719,40802,9066,31227,40293
97,2022,6196,22975,29171,6167,22849,29016
98,2022,4117,16411,20528,3998,16115,20113
99,2022,2571,11171,13742,2526,11109,13635
100,2022,3287,16427,19714,2847,14330,17177
0,2023,203086,190834,393920,205371,195255,400626
1,2023,207218,197034,404252,209824,197810,407634
2,2023,211696,199551,411247,217987,207196,425183
3,2023,219719,208732,428451,228694,215944,444638
4,2023,230081,217293,447374,239183,225570,464753
5,2023,240388,226752,467140,245640,233044,478684
6,2023,247005,234312,481317,252296,238523,490819
7,2023,253577,239574,493151,260055,245536,505591
8,2023,261164,246566,507730,263845,249119,512964
9,2023,264925,250184,515109,275299,259960,535259
10,2023,276385,260983,537368,280091,264218,544309
11,2023,281120,265099,546219,288645,271368,560013
12,2023,289714,272242,561956,292919,275957,568876
13,2023,294025,276869,570894,295957,279801,575758
14,2023,297185,280786,577971,296180,278508,574688
15,2023,297394,279486,576880,297220,278674,575894
16,2023,298845,279547,578392,295963,276845,572808
17,2023,298641,277701,576342,299478,280939,580417
18,2023,304193,282146,586339,295158,274550,569708
19,2023,300052,277103,577155,294218,273072,567290
20,2023,298116,275666,573782,299483,276153,575636
21,2023,303004,278844,581848,307995,280508,588503
22,2023,311847,283874,595721,306585,276923,583508
23,2023,310412,280399,590811,310871,277904,588775
24,2023,314704,281478,596182,307450,279469,586919
25,2023,311008,282940,593948,307226,281322,588548
26,2023,310911,284846,595757,304818,281629,586447
27,2023,308660,285302,593962,306056,286744,592800
28,2023,309963,290555,600518,309781,293909,603690
29,2023,313746,297739,611485,322737,307123,629860
30,2023,326788,311199,637987,320462,307805,628267
31,2023,324287,311646,635933,327385,314003,641388
32,2023,331268,317678,648946,324501,315916,640417
33,2023,327973,319514,647487,333154,323709,656863
34,2023,336528,327242,663770,325923,318791,644714
35,2023,329133,322167,651300,327214,321096,648310
36,2023,329835,324401,654236,336526,332206,668732
37,2023,338960,335336,674296,343183,338992,682175
38,2023,345431,341933,687364,349548,345105,694653
39,2023,351542,347925,699467,361018,357984,719002
40,2023,362798,360668,723466,362241,361207,723448
41,2023,363755,363732,727487,372928,369016,741944
42,2023,374326,371342,745668,382441,382644,765085
43,2023,383399,385004,768403,403045,402520,805565
44,2023,403869,404671,808540,414855,417187,832042
45,2023,415445,419171,834616,432706,435229,867935
46,2023,433164,437072,870236,452800,456347,909147
47,2023,453026,458033,911059,470567,474641,945208
48,2023,470558,476322,946880,466435,473075,939510
49,2023,466458,474728,941186,471355,476715,948070
50,2023,471103,478132,949235,473646,483171,956817
51,2023,473237,484471,957708,469300,478407,947707
52,2023,468571,479621,948192,480540,491553,972093
53,2023,479794,492654,972448,475775,487952,963727
54,2023,474908,488974,963882,476000,490893,966893
55,2023,474832,491849,966681,481069,493808,974877
56,2023,479716,494413,974129,478662,492768,971430
57,2023,477089,493124,970213,483300,499325,982625
58,2023,481573,499748,981321,449809,470176,919985
59,2023,447787,470470,918257,431801,454417,886218
60,2023,429758,454591,884349,420605,445450,866055
61,2023,418279,445337,863616,405827,430828,836655
62,2023,403523,430584,834107,393855,419315,813170
63,2023,391182,418597,809779,373144,400873,774017
64,2023,370180,400259,770439,367086,396301,763387
65,2023,363931,395446,759377,357674,387503,745177
66,2023,354269,386248,740517,348305,379960,728265
67,2023,344662,378252,722914,339780,373354,713134
68,2023,335934,371628,707562,323307,354570,677877
69,2023,318955,352187,671142,314146,348843,662989
70,2023,309188,346323,655511,309999,346511,656510
71,2023,304607,343361,647968,317704,357328,675032
72,2023,311434,353764,665198,315416,357140,672556
73,2023,308691,353143,661834,323313,371104,694417
74,2023,315600,366069,681669,310853,359551,670404
75,2023,302476,354023,656499,303291,356948,660239
76,2023,294157,350711,644868,227616,272894,500510
77,2023,219562,267324,486886,227767,278056,505823
78,2023,218972,271655,490627,221025,278075,499100
79,2023,211468,270587,482055,211994,271851,483845
80,2023,201754,263597,465351,204923,269090,474013
81,2023,193892,259877,453769,214994,289391,504385
82,2023,201752,277832,479584,201163,276268,477431
83,2023,187379,263599,450978,182174,259546,441720
84,2023,167906,245636,413542,156136,230238,386374
85,2023,142357,215951,358308,132632,206074,338706
86,2023,119118,190900,310018,122383,197860,320243
87,2023,108115,180952,289067,104653,178743,283396
88,2023,90989,160844,251833,88175,158660,246835
89,2023,74831,140419,215250,72142,139930,212072
90,2023,59756,121773,181529,60361,123386,183747
91,2023,48855,104919,153774,50024,111473,161497
92,2023,39332,92832,132164,36098,86552,122650
93,2023,27464,70257,97721,26727,70213,96940
94,2023,19574,55020,74594,19723,55782,75505
95,2023,13952,42500,56452,13473,42582,56055
96,2023,9180,31452,40632,9083,31719,40802
97,2023,5879,22541,28420,6196,22975,29171
98,2023,4000,15836,19836,4117,16411,20528
99,2023,2528,10875,13403,2571,11171,13742
100,2023,3454,16991,20445,3287,16427,19714
0,2024,195688,184942,380630,203086,190834,393920
1,2024,204738,192455,397193,207218,197034,404252
2,2024,208930,198642,407572,211696,199551,411247
3,2024,213459,201122,414581,219719,208732,428451
4,2024,221288,210212,431500,230081,217293,447374
5,2024,231752,218688,450440,240388,226752,467140
6,2024,241613,227751,469364,247005,234312,481317
7,2024,248294,235369,483663,253577,239574,493151
8,2024,255000,240818,495818,261164,246566,507730
9,2024,262545,247842,510387,264925,250184,515109
10,2024,266331,251495,517826,276385,260983,537368
11,2024,277888,262271,540159,281120,265099,546219
12,2024,282542,266330,548872,289714,272242,561956
13,2024,291214,273403,564617,294025,276869,570894
14,2024,295569,278076,573645,297185,280786,577971
15,2024,298883,282062,580945,297394,279486,576880
16,2024,299700,280540,580240,298845,279547,578392
17,2024,302297,280729,583026,298641,277701,576342
18,2024,304333,279127,583460,304193,282146,586339
19,2024,309963,283627,593590,300052,277103,577155
20,2024,304996,278991,583987,298116,275666,573782
21,2024,302673,277626,580299,303004,278844,581848
22,2024,306574,280348,586922,311847,283874,595721
23,2024,315925,285778,601703,310412,280399,590811
24,2024,314636,282812,597448,314704,281478,596182
25,2024,319013,283771,602784,311008,282940,593948
26,2024,314881,285002,599883,310911,284846,595757
27,2024,314955,287166,602121,308660,285302,593962
28,2024,312534,287713,600247,309963,290555,600518
29,2024,314071,293105,607176,313746,297739,611485
30,2024,317807,300228,618035,326788,311199,637987
31,2024,330824,313830,644654,324287,311646,635933
32,2024,327835,314038,641873,331268,317678,648946
33,2024,335148,320205,655353,327973,319514,647487
34,2024,331675,321747,653422,336528,327242,663770
35,2024,340250,329595,669845,329133,322167,651300
36,2024,332219,324559,656778,329835,324401,654236
37,2024,332853,326604,659457,338960,335336,674296
38,2024,341770,337568,679338,345431,341933,687364
39,2024,347859,343824,691683,351542,347925,699467
40,2024,353623,349773,703396,362798,360668,723466
41,2024,364746,362336,727082,363755,363732,727487
42,2024,365493,365254,730747,374326,371342,745668
43,2024,375778,372880,748658,383399,385004,768403
44,2024,384578,386392,770970,403869,404671,808540
45,2024,405094,406122,811216,415445,419171,834616
46,2024,416439,420285,836724,433164,437072,870236
47,2024,433727,438351,872078,453026,458033,911059
48,2024,453538,459117,912655,470558,476322,946880
49,2024,470974,477197,948171,466458,474728,941186
50,2024,466626,475508,942134,471103,478132,949235
51,2024,471116,478896,950012,473237,484471,957708
52,2024,473088,485090,958178,468571,479621,948192
53,2024,468230,479854,948084,479794,492654,972448
54,2024,479187,492932,972119,474908,488974,963882
55,2024,474087,489034,963121,474832,491849,966681
56,2024,473883,491676,965559,479716,494413,974129
57,2024,478649,494278,972927,477089,493124,970213
58,2024,475770,492722,968492,481573,499748,981321
59,2024,479751,499138,978889,447787,470470,918257
60,2024,445861,469662,915523,429758,454591,884349
61,2024,427730,453553,881283,418279,445337,863616
62,2024,416061,444128,860189,403523,430584,834107
63,2024,401180,429136,830316,391182,418597,809779
64,2024,388370,417065,805435,370180,400259,770439
65,2024,367172,398413,765585,363931,395446,759377
66,2024,360685,393327,754012,354269,386248,740517
67,2024,350799,383711,734510,344662,378252,722914
68,2024,340770,375749,716519,335934,371628,707562
69,2024,332025,369420,701445,318955,352187,671142
70,2024,314318,349292,663610,309188,346323,655511
71,2024,304083,342972,647055,304607,343361,647968
72,2024,298980,339697,638677,311434,353764,665198
73,2024,305037,349450,654487,308691,353143,661834
74,2024,301868,348453,650321,315600,366069,681669
75,2024,307840,360537,668377,302476,354023,656499
76,2024,294064,347927,641991,294157,350711,644868
77,2024,284834,343900,628734,219562,267324,486886
78,2024,211931,261173,473104,218972,271655,490627
79,2024,210342,264845,475187,211468,270587,482055
80,2024,202021,262650,464671,201754,263597,465351
81,2024,191608,254887,446495,193892,259877,453769
82,2024,182933,250132,433065,201752,277832,479584
83,2024,188829,265675,454504,187379,263599,450978
84,2024,174057,250543,424600,167906,245636,413542
85,2024,154318,231568,385886,142357,215951,358308
86,2024,129310,201391,330701,119118,190900,310018
87,2024,106580,175795,282375,108115,180952,289067
88,2024,95175,164400,259575,90989,160844,251833
89,2024,78602,144433,223035,74831,140419,215250
90,2024,63218,123444,186662,59756,121773,181529
91,2024,49543,105054,154597,48855,104919,153774
92,2024,39224,88811,128035,39332,92832,132164
93,2024,30701,76769,107470,27464,70257,97721
94,2024,20854,56482,77336,19574,55020,74594
95,2024,14421,43022,57443,13952,42500,56452
96,2024,9933,32104,42037,9180,31452,40632
97,2024,6340,23031,29371,5879,22541,28420
98,2024,3950,16264,20214,4000,15836,19836
99,2024,2659,11180,13839,2528,10875,13403
100,2024,3600,17611,21211,3454,16991,20445
