Et√†,Anno,Totale maschi,Totale femmine,Totale
0,1982,310735,293998,604733
1,1982,323094,306064,629158
2,1982,340880,323355,664235
3,1982,359940,340558,700498
4,1982,374037,354642,728679
5,1982,397291,376364,773655
6,1982,419612,398536,818148
7,1982,440453,417894,858347
8,1982,442133,421219,863352
9,1982,450190,426934,877124
10,1982,458573,436369,894942
11,1982,454866,433632,888498
12,1982,469932,449150,919082
13,1982,464940,444554,909494
14,1982,471142,453075,924217
15,1982,484971,467327,952298
16,1982,486643,469596,956239
17,1982,496398,478098,974496
18,1982,467986,451477,919463
19,1982,451509,437874,889383
20,1982,448329,433676,882005
21,1982,432934,419136,852070
22,1982,423436,410932,834368
23,1982,403937,396518,800455
24,1982,402059,396342,798401
25,1982,396981,392937,789918
26,1982,389818,387659,777477
27,1982,386225,386857,773082
28,1982,372196,369989,742185
29,1982,369973,370884,740857
30,1982,372822,372940,745762
31,1982,389293,390172,779465
32,1982,395364,396580,791944
33,1982,417245,419444,836689
34,1982,412023,413546,825569
35,1982,417847,419967,837814
36,1982,325223,328237,653460
37,1982,337622,340736,678358
38,1982,344352,349670,694022
39,1982,345859,352422,698281
40,1982,350974,357231,708205
41,1982,389270,398736,788006
42,1982,388231,397266,785497
43,1982,381492,391491,772983
44,1982,358185,368381,726566
45,1982,344370,356961,701331
46,1982,356281,368979,725260
47,1982,351745,364937,716682
48,1982,350346,363151,713497
49,1982,342869,359953,702822
50,1982,351188,368043,719231
51,1982,368249,387947,756196
52,1982,341807,361074,702881
53,1982,342315,363043,705358
54,1982,342033,365636,707669
55,1982,335393,362372,697765
56,1982,329452,361148,690600
57,1982,323892,359683,683575
58,1982,320006,361029,681035
59,1982,306432,361574,668006
60,1982,301210,356298,657508
61,1982,299777,356891,656668
62,1982,195010,232802,427812
63,1982,148691,181337,330028
64,1982,157463,187478,344941
65,1982,192998,234389,427387
66,1982,238999,293474,532473
67,1982,242922,300080,543002
68,1982,241004,301076,542080
69,1982,235304,296715,532019
70,1982,211681,273931,485612
71,1982,209861,273938,483799
72,1982,187963,251996,439959
73,1982,176670,244999,421669
74,1982,151797,217797,369594
75,1982,140536,206818,347354
76,1982,125969,190716,316685
77,1982,112004,178919,290923
78,1982,94863,156983,251846
79,1982,88714,150535,239249
80,1982,73785,131794,205579
81,1982,64619,118581,183200
82,1982,55441,105381,160822
83,1982,46260,92176,138436
84,1982,37089,78982,116071
85,1982,133405,314555,447960
99,1982,27487428,29036636,56524064
0,1983,321821,305106,626927
1,1983,311328,294978,606306
2,1983,323215,306558,629773
3,1983,340058,322980,663038
4,1983,359687,341023,700710
5,1983,373806,355189,728995
6,1983,396443,376596,773039
7,1983,418986,399052,818038
8,1983,439687,418754,858441
9,1983,441545,422107,863652
10,1983,449897,427304,877201
11,1983,458262,436195,894457
12,1983,454156,433330,887486
13,1983,468909,448763,917672
14,1983,463982,444153,908135
15,1983,470107,452611,922718
16,1983,483845,466934,950779
17,1983,485501,469195,954696
18,1983,495216,477441,972657
19,1983,466720,450803,917523
20,1983,450329,437392,887721
21,1983,446869,433107,879976
22,1983,431186,418550,849736
23,1983,421901,410345,832246
24,1983,402618,395919,798537
25,1983,400870,395647,796517
26,1983,395734,392378,788112
27,1983,388897,387050,775947
28,1983,385436,386407,771843
29,1983,371316,369450,740766
30,1983,369224,370389,739613
31,1983,371929,372368,744297
32,1983,388348,389617,777965
33,1983,394290,395746,790036
34,1983,416137,418576,834713
35,1983,410888,412653,823541
36,1983,416436,419039,835475
37,1983,324338,327527,651865
38,1983,336617,339781,676398
39,1983,343197,348482,691679
40,1983,344786,351732,696518
41,1983,349786,356500,706286
42,1983,387748,397667,785415
43,1983,386659,395986,782645
44,1983,380029,390253,770282
45,1983,356677,367168,723845
46,1983,342572,355811,698383
47,1983,354500,367746,722246
48,1983,349840,363638,713478
49,1983,348249,361810,710059
50,1983,340574,358566,699140
51,1983,348693,366454,715147
52,1983,365404,386229,751633
53,1983,338775,359223,697998
54,1983,339151,361043,700194
55,1983,338504,363529,702033
56,1983,331143,360175,691318
57,1983,325267,358696,683963
58,1983,319333,356978,676311
59,1983,315179,358056,673235
60,1983,301500,358432,659932
61,1983,295817,352877,648694
62,1983,293822,353094,646916
63,1983,190697,229710,420407
64,1983,145215,178722,323937
65,1983,153286,184830,338116
66,1983,187741,230768,418509
67,1983,231879,288556,520435
68,1983,235100,294670,529770
69,1983,232405,294926,527331
70,1983,226270,290337,516607
71,1983,202552,267341,469893
72,1983,200169,266791,466960
73,1983,178261,244646,422907
74,1983,166599,236751,403350
75,1983,142198,209544,351742
76,1983,130790,198249,329039
77,1983,116369,181849,298218
78,1983,102731,169474,272205
79,1983,86162,147592,233754
80,1983,79979,140565,220544
81,1983,65766,122288,188054
82,1983,56894,108570,165464
83,1983,48319,95326,143645
84,1983,39810,82676,122486
85,1983,137262,327499,464761
99,1983,27500193,29062838,56563031
0,1984,311555,294221,605776
1,1984,320216,304067,624283
2,1984,312589,296659,609248
3,1984,323340,307040,630380
4,1984,339314,322639,661953
5,1984,359477,341444,700921
6,1984,373582,355695,729277
7,1984,395683,376796,772479
8,1984,418382,399651,818033
9,1984,439018,419503,858521
10,1984,441170,422339,863509
11,1984,449503,427221,876724
12,1984,457953,436106,894059
13,1984,453490,433092,886582
14,1984,468001,448437,916438
15,1984,463108,443817,906925
16,1984,469138,452259,921397
17,1984,482732,466596,949328
18,1984,484388,468644,953032
19,1984,494142,476783,970925
20,1984,465299,450262,915561
21,1984,448928,436958,885886
22,1984,445276,432569,877845
23,1984,429420,418059,847479
24,1984,420449,409867,830316
25,1984,401322,395441,796763
26,1984,399741,395095,794836
27,1984,394610,391932,786542
28,1984,388102,386606,774708
29,1984,384721,386074,770795
30,1984,370568,369017,739585
31,1984,368616,370017,738633
32,1984,371163,371912,743075
33,1984,387549,389144,776693
34,1984,393388,395040,788428
35,1984,415158,417832,832990
36,1984,409879,411879,821758
37,1984,415190,418258,833448
38,1984,323584,326758,650342
39,1984,335703,338942,674645
40,1984,342083,347754,689837
41,1984,343819,351030,694849
42,1984,348575,355735,704310
43,1984,386292,396753,783045
44,1984,385325,394748,780073
45,1984,378494,389080,767574
46,1984,355070,366016,721086
47,1984,340821,354714,695535
48,1984,352664,366496,719160
49,1984,347865,362364,710229
50,1984,345959,360443,706402
51,1984,338247,357204,695451
52,1984,346033,364866,710899
53,1984,362282,384509,746791
54,1984,335432,357252,692684
55,1984,335571,358921,694492
56,1984,334646,361317,695963
57,1984,326685,358024,684709
58,1984,320902,356125,677027
59,1984,314393,354220,668613
60,1984,310084,355106,665190
61,1984,296140,355120,651260
62,1984,289978,349309,639287
63,1984,287483,349082,636565
64,1984,186110,226644,412754
65,1984,141337,176003,317340
66,1984,148913,181997,330910
67,1984,182035,227042,409077
68,1984,224340,283296,507636
69,1984,226548,288855,515403
70,1984,223304,288317,511621
71,1984,216766,283357,500123
72,1984,193003,260381,453384
73,1984,189611,258975,448586
74,1984,168037,236468,404505
75,1984,155918,227802,383720
76,1984,132125,200469,332594
77,1984,120534,188892,309426
78,1984,106457,172154,278611
79,1984,93077,158994,252071
80,1984,77387,137387,214774
81,1984,71127,129405,200532
82,1984,57734,111883,169617
83,1984,49326,97839,147165
84,1984,41460,84503,125963
85,1984,140644,337512,478156
99,1984,27496083,29069034,56565117
0,1985,303502,287354,590856
1,1985,310140,293225,603365
2,1985,318720,303222,621942
3,1985,313772,298199,611971
4,1985,323496,307471,630967
5,1985,338645,322366,661011
6,1985,359266,341855,701121
7,1985,373389,356187,729576
8,1985,394929,377025,771954
9,1985,417854,400189,818043
10,1985,438656,419716,858372
11,1985,440865,422263,863128
12,1985,449110,427172,876282
13,1985,457774,436115,893889
14,1985,452927,432926,885853
15,1985,467199,448185,915384
16,1985,462304,443551,905855
17,1985,468216,451969,920185
18,1985,481723,466164,947887
19,1985,483395,468071,951466
20,1985,493023,476293,969316
21,1985,463572,449764,913336
22,1985,447456,436598,884054
23,1985,443664,432150,875814
24,1985,427677,417649,845326
25,1985,419045,409492,828537
26,1985,400179,395081,795260
27,1985,398791,394688,793479
28,1985,393639,391602,785241
29,1985,387442,386270,773712
30,1985,384177,385821,769998
31,1985,369940,368711,738651
32,1985,368090,369754,737844
33,1985,370462,371552,742014
34,1985,386903,388766,775669
35,1985,392550,394414,786964
36,1985,414292,417197,831489
37,1985,408989,411204,820193
38,1985,414086,417461,831547
39,1985,322874,326166,649040
40,1985,334841,338448,673289
41,1985,341028,347035,688063
42,1985,342781,350316,693097
43,1985,347513,355022,702535
44,1985,385085,395844,780929
45,1985,383933,393593,777526
46,1985,376934,387956,764890
47,1985,353489,364901,718390
48,1985,339042,353689,692731
49,1985,350789,365269,716058
50,1985,345887,361106,706993
51,1985,343722,359113,702835
52,1985,335906,355860,691766
53,1985,343280,363295,706575
54,1985,359036,382860,741896
55,1985,332142,355287,687429
56,1985,331946,356873,688819
57,1985,330669,359113,689782
58,1985,322274,355824,678098
59,1985,316351,353598,669949
60,1985,309475,351371,660846
61,1985,304894,352116,657010
62,1985,290713,351784,642497
63,1985,284153,345657,629810
64,1985,281135,345053,626188
65,1985,181442,223432,404874
66,1985,137565,173306,310871
67,1985,144533,179236,323769
68,1985,176327,223165,399492
69,1985,216752,277976,494728
70,1985,218071,282806,500877
71,1985,214342,281646,495988
72,1985,207182,276188,483370
73,1985,183439,253263,436702
74,1985,179421,250980,430401
75,1985,158016,228219,386235
76,1985,145659,218823,364482
77,1985,122476,191545,314021
78,1985,110974,179788,290762
79,1985,97453,162555,260008
80,1985,84021,148799,232820
81,1985,69393,127725,197118
82,1985,62918,118910,181828
83,1985,50755,102238,152993
84,1985,42621,88249,130870
85,1985,147964,353554,501518
99,1985,27501075,29087244,56588319
0,1986,299154,283923,583077
1,1986,301968,286271,588239
2,1986,308689,292267,600956
3,1986,317406,302468,619874
4,1986,314831,299619,614450
5,1986,323632,307874,631506
6,1986,338043,322102,660145
7,1986,359093,342222,701315
8,1986,373198,356725,729923
9,1986,394284,377237,771521
10,1986,417575,400342,817917
11,1986,438390,419687,858077
12,1986,440561,422250,862811
13,1986,448747,427217,875964
14,1986,457723,436226,893949
15,1986,452457,432814,885271
16,1986,466493,447998,914491
17,1986,461513,443332,904845
18,1986,467314,451568,918882
19,1986,480774,465765,946539
20,1986,482303,467655,949958
21,1986,491648,475886,967534
22,1986,461803,449376,911179
23,1986,446015,436332,882347
24,1986,442186,431814,874000
25,1986,426004,417358,843362
26,1986,417780,409228,827008
27,1986,399155,394874,794029
28,1986,397933,394414,792347
29,1986,392851,391375,784226
30,1986,386873,386038,772911
31,1986,383726,385669,769395
32,1986,369456,368512,737968
33,1986,367658,369558,737216
34,1986,369861,371331,741192
35,1986,386263,388475,774738
36,1986,391810,393891,785701
37,1986,413530,416658,830188
38,1986,408124,410509,818633
39,1986,413041,416735,829776
40,1986,322225,325759,647984
41,1986,334053,337938,671991
42,1986,339958,346342,686300
43,1986,341869,349652,691521
44,1986,346501,354399,700900
45,1986,383779,395030,778809
46,1986,382569,392511,775080
47,1986,375348,386879,762227
48,1986,351784,363829,715613
49,1986,337347,352659,690006
50,1986,348906,364078,712984
51,1986,343726,359845,703571
52,1986,341370,357795,699165
53,1986,333471,354546,688017
54,1986,340504,361649,702153
55,1986,355748,381089,736837
56,1986,328639,353317,681956
57,1986,328087,354818,682905
58,1986,326407,356779,683186
59,1986,317681,353498,671179
60,1986,311436,350959,662395
61,1986,304265,348382,652647
62,1986,299397,349000,648397
63,1986,285167,348280,633447
64,1986,278011,341931,619942
65,1986,274557,340826,615383
66,1986,176525,220094,396619
67,1986,133599,170521,304120
68,1986,139989,176167,316156
69,1986,170428,219079,389507
70,1986,208877,272297,481174
71,1986,209267,276323,485590
72,1986,204958,274557,479515
73,1986,197393,268466,465859
74,1986,173483,245591,419074
75,1986,168721,242229,410950
76,1986,147585,219280,366865
77,1986,135210,208818,344028
78,1986,112751,181878,294629
79,1986,101118,169709,270827
80,1986,88069,152282,240351
81,1986,75033,138158,213191
82,1986,61365,117319,178684
83,1986,55147,108222,163369
84,1986,43984,92409,136393
85,1986,153995,368872,522867
99,1986,27500167,29097656,56597823
0,1987,286270,270168,556438
1,1987,297482,282784,580266
2,1987,300403,285287,585690
3,1987,307433,291426,598859
4,1987,316230,301830,618060
5,1987,315794,300893,616687
6,1987,323783,308236,632019
7,1987,337475,321862,659337
8,1987,358911,342656,701567
9,1987,373035,357207,730242
10,1987,393972,377279,771251
11,1987,417374,400331,817705
12,1987,438141,419725,857866
13,1987,440278,422298,862576
14,1987,448452,427300,875752
15,1987,457748,436432,894180
16,1987,452078,432791,884869
17,1987,465837,447891,913728
18,1987,460843,443156,903999
19,1987,466539,451254,917793
20,1987,479818,465517,945335
21,1987,481066,467347,948413
22,1987,490323,475603,965926
23,1987,460084,449096,909180
24,1987,444709,436222,880931
25,1987,440773,431607,872380
26,1987,424522,417215,841737
27,1987,416661,409089,825750
28,1987,398313,394739,793052
29,1987,397196,394237,791433
30,1987,392132,391249,783381
31,1987,386406,385905,772311
32,1987,383372,385568,768940
33,1987,369061,368336,737397
34,1987,367312,369425,736737
35,1987,369344,371129,740473
36,1987,385754,388212,773966
37,1987,391135,393419,784554
38,1987,412773,416136,828909
39,1987,407374,409907,817281
40,1987,412133,416230,828363
41,1987,321597,325351,646948
42,1987,333203,337430,670633
43,1987,338932,345685,684617
44,1987,340899,349046,689945
45,1987,345424,353786,699210
46,1987,382424,394179,776603
47,1987,381192,391438,772630
48,1987,373796,385770,759566
49,1987,350128,362728,712856
50,1987,335508,351648,687156
51,1987,346920,362951,709871
52,1987,341614,358613,700227
53,1987,339041,356459,695500
54,1987,330963,353159,684122
55,1987,337497,359972,697469
56,1987,352250,379278,731528
57,1987,325010,351309,676319
58,1987,324133,352647,676780
59,1987,322075,354519,676594
60,1987,312845,351136,663981
61,1987,306429,348302,654731
62,1987,298945,345368,644313
63,1987,293566,345821,639387
64,1987,279460,344686,624146
65,1987,271616,338054,609670
66,1987,267674,336325,603999
67,1987,171472,216829,388301
68,1987,129462,167609,297071
69,1987,135310,173056,308366
70,1987,164426,214956,379382
71,1987,200749,266345,467094
72,1987,200482,269630,470112
73,1987,195432,267046,462478
74,1987,187105,260327,447432
75,1987,163709,237461,401170
76,1987,158247,233131,391378
77,1987,137571,209994,347565
78,1987,124912,198627,323539
79,1987,103286,171959,275245
80,1987,91424,159480,250904
81,1987,79054,141691,220745
82,1987,66489,127467,193956
83,1987,53770,106959,160729
84,1987,47788,97572,145360
85,1987,161274,388252,549526
99,1987,27493442,29101045,56594487
0,1988,285818,268870,554688
1,1988,284969,269412,554381
2,1988,295691,281594,577285
3,1988,299012,284424,583436
4,1988,306284,290683,596967
5,1988,315190,301241,616431
6,1988,316692,302106,618798
7,1988,323901,308598,632499
8,1988,336918,321599,658517
9,1988,358752,343022,701774
10,1988,372918,357365,730283
11,1988,393813,377255,771068
12,1988,417208,400394,817602
13,1988,437914,419822,857736
14,1988,440036,422419,862455
15,1988,448241,427477,875718
16,1988,457808,436725,894533
17,1988,451728,432813,884541
18,1988,465235,447893,913128
19,1988,460276,443123,903399
20,1988,465724,451107,916831
21,1988,478793,465402,944195
22,1988,479853,467188,947041
23,1988,489062,475535,964597
24,1988,458460,448969,907429
25,1988,443464,436237,879701
26,1988,439481,431554,871035
27,1988,423208,417171,840379
28,1988,415724,409034,824758
29,1988,397592,394713,792305
30,1988,396590,394144,790734
31,1988,391582,391167,782749
32,1988,385955,385842,771797
33,1988,383092,385510,768602
34,1988,368661,368253,736914
35,1988,367048,369323,736371
36,1988,368872,371002,739874
37,1988,385291,388031,773322
38,1988,390484,392979,783463
39,1988,412063,415684,827747
40,1988,406664,409445,816109
41,1988,411244,415728,826972
42,1988,321026,325035,646061
43,1988,332428,336939,669367
44,1988,337970,345039,683009
45,1988,339968,348439,688407
46,1988,344400,353216,697616
47,1988,381094,393348,774442
48,1988,379662,390454,770116
49,1988,372189,384692,756881
50,1988,348431,361689,710120
51,1988,333614,350634,684248
52,1988,344876,361760,706636
53,1988,339283,357355,696638
54,1988,336490,355114,691604
55,1988,328261,351767,680028
56,1988,334383,358319,692702
57,1988,348694,377407,726101
58,1988,321263,349290,670553
59,1988,319997,350545,670542
60,1988,317543,352073,669616
61,1988,307841,348682,656523
62,1988,301263,345561,646824
63,1988,293413,342209,635622
64,1988,287653,342414,630067
65,1988,273507,340986,614493
66,1988,265185,334028,599213
67,1988,260645,331766,592411
68,1988,166378,213515,379893
69,1988,125308,164759,290067
70,1988,130574,169835,300409
71,1988,158349,210643,368992
72,1988,192634,260293,452927
73,1988,191553,262751,454304
74,1988,185998,259350,445348
75,1988,177151,251990,429141
76,1988,153875,228976,382851
77,1988,147784,223840,371624
78,1988,127519,200418,327937
79,1988,114897,188320,303217
80,1988,94155,161767,255922
81,1988,82557,149119,231676
82,1988,70647,131243,201890
83,1988,58641,117079,175720
84,1988,46928,96933,143861
85,1988,172229,413363,585592
99,1988,27495567,29113808,56609375
0,1989,294164,277431,571595
1,1989,284000,267871,551871
2,1989,283657,268752,552409
3,1989,294100,280562,574662
4,1989,297766,283639,581405
5,1989,305279,290037,595316
6,1989,314205,300700,614905
7,1989,317533,303200,620733
8,1989,324036,308982,633018
9,1989,336448,321386,657834
10,1989,358661,343142,701803
11,1989,372853,357405,730258
12,1989,393641,377271,770912
13,1989,417055,400485,817540
14,1989,437703,419963,857666
15,1989,439837,422573,862410
16,1989,448080,427699,875779
17,1989,457865,437071,894936
18,1989,451427,433130,884557
19,1989,464782,448073,912855
20,1989,459792,443205,902997
21,1989,464908,451078,915986
22,1989,477830,465493,943323
23,1989,478776,467205,945981
24,1989,487986,475668,963654
25,1989,456965,449042,906007
26,1989,442358,436392,878750
27,1989,438413,431578,869991
28,1989,422117,417219,839336
29,1989,414903,409039,823942
30,1989,397013,394743,791756
31,1989,396017,394130,790147
32,1989,391134,391129,782263
33,1989,385539,385839,771378
34,1989,382820,385512,768332
35,1989,368337,368197,736534
36,1989,366789,369267,736056
37,1989,368396,370924,739320
38,1989,384842,387963,772805
39,1989,389912,392623,782535
40,1989,411396,415290,826686
41,1989,405935,409005,814940
42,1989,410453,415288,825741
43,1989,320450,324762,645212
44,1989,331674,336413,668087
45,1989,337034,344455,681489
46,1989,338962,347901,686863
47,1989,343265,352644,695909
48,1989,379704,392576,772280
49,1989,378183,389455,767638
50,1989,370505,383661,754166
51,1989,346724,360655,707379
52,1989,331821,349589,681410
53,1989,342882,360591,703473
54,1989,336939,356074,693013
55,1989,333948,353775,687723
56,1989,325457,350364,675821
57,1989,331147,356632,687779
58,1989,344997,375569,720566
59,1989,317424,347343,664767
60,1989,315776,348296,664072
61,1989,312763,349630,662393
62,1989,302741,346098,648839
63,1989,295866,342634,638500
64,1989,287787,338921,626708
65,1989,281655,338923,620578
66,1989,267329,337124,604453
67,1989,258564,329870,588434
68,1989,253397,327179,580576
69,1989,161270,209967,371237
70,1989,121125,161623,282748
71,1989,125740,166504,292244
72,1989,152127,206154,358281
73,1989,184393,254031,438424
74,1989,182466,255418,437884
75,1989,176181,251327,427508
76,1989,167170,243457,410627
77,1989,144000,220004,364004
78,1989,137479,214066,351545
79,1989,117757,190392,308149
80,1989,104826,177348,282174
81,1989,85217,151237,236454
82,1989,73840,138495,212335
83,1989,62469,120612,183081
84,1989,51195,106441,157636
85,1989,181167,434651,615818
99,1989,27511139,29138062,56649201
0,1990,288910,272891,561801
1,1990,291257,275248,566505
2,1990,282003,266839,548842
3,1990,282503,268171,550674
4,1990,292690,279661,572351
5,1990,296662,282963,579625
6,1990,304350,289408,593758
7,1990,313309,300211,613520
8,1990,318378,304418,622796
9,1990,324138,309331,633469
10,1990,336238,321285,657523
11,1990,358599,343191,701790
12,1990,372799,357508,730307
13,1990,393513,377336,770849
14,1990,416906,400601,817507
15,1990,437501,420135,857636
16,1990,439610,422766,862376
17,1990,447817,427992,875809
18,1990,458011,438113,896124
19,1990,451226,433721,884947
20,1990,464453,448392,912845
21,1990,459428,443585,903013
22,1990,464203,451292,915495
23,1990,477084,465780,942864
24,1990,477959,467440,945399
25,1990,487110,476022,963132
26,1990,455681,449267,904948
27,1990,441438,436663,878101
28,1990,437497,431714,869211
29,1990,421157,417325,838482
30,1990,414183,409136,823319
31,1990,396458,394823,791281
32,1990,395522,394146,789668
33,1990,390645,391141,781786
34,1990,385148,385858,771006
35,1990,382525,385498,768023
36,1990,368022,368171,736193
37,1990,366568,369271,735839
38,1990,367970,370957,738927
39,1990,384414,387905,772319
40,1990,389316,392295,781611
41,1990,410701,414898,825599
42,1990,405277,408624,813901
43,1990,409715,414909,824624
44,1990,319833,324490,644323
45,1990,330875,336000,666875
46,1990,336046,343921,679967
47,1990,337998,347310,685308
48,1990,342167,352084,694251
49,1990,378302,391778,770080
50,1990,376518,388454,764972
51,1990,368867,382539,751406
52,1990,344857,359622,704479
53,1990,329884,348532,678416
54,1990,340767,359457,700224
55,1990,334499,354834,689333
56,1990,331242,352374,683616
57,1990,322664,348961,671625
58,1990,327789,354931,682720
59,1990,341209,373753,714962
60,1990,313376,345397,658773
61,1990,311422,346139,657561
62,1990,307880,347188,655068
63,1990,297488,343508,640996
64,1990,290307,339621,629928
65,1990,281944,335498,617442
66,1990,275614,335262,610876
67,1990,260998,333095,594093
68,1990,251811,325541,577352
69,1990,246070,322243,568313
70,1990,155976,206417,362393
71,1990,116848,158362,275210
72,1990,120828,163038,283866
73,1990,145681,201285,346966
74,1990,175987,247350,423337
75,1990,173350,248157,421507
76,1990,166495,242925,409420
77,1990,157286,234588,391874
78,1990,134257,210769,345026
79,1990,127334,204063,331397
80,1990,108109,179932,288041
81,1990,95293,166306,261599
82,1990,76705,140667,217372
83,1990,65786,127822,193608
84,1990,54991,110087,165078
85,1990,193582,465330,658912
99,1990,27527829,29166531,56694360
0,1991,292425,276942,569367
1,1991,286125,271753,557878
2,1991,287855,272688,560543
3,1991,280235,265930,546165
4,1991,281488,267659,549147
5,1991,291416,278845,570261
6,1991,295628,282313,577941
7,1991,303494,288850,592344
8,1991,312392,299665,612057
9,1991,319078,305504,624582
10,1991,324159,309457,633616
11,1991,336157,321259,657416
12,1991,358577,343286,701863
13,1991,372766,357633,730399
14,1991,393400,377413,770813
15,1991,416737,400735,817472
16,1991,437236,420294,857530
17,1991,439272,423009,862281
18,1991,447644,428770,876414
19,1991,458303,439719,898022
20,1991,451211,434478,885689
21,1991,464334,448993,913327
22,1991,459381,444260,903641
23,1991,463707,451746,915453
24,1991,476664,466313,942977
25,1991,477300,467884,945184
26,1991,486446,476514,962960
27,1991,454690,449624,904314
28,1991,440692,437031,877723
29,1991,436749,431917,868666
30,1991,420404,417508,837912
31,1991,413567,409258,822825
32,1991,396007,394905,790912
33,1991,395027,394234,789261
34,1991,390209,391161,781370
35,1991,384760,385918,770678
36,1991,382231,385515,767746
37,1991,367667,368178,735845
38,1991,366262,369370,735632
39,1991,367520,370992,738512
40,1991,383906,387715,771621
41,1991,388710,391990,780700
42,1991,410016,414580,824596
43,1991,404577,408230,812807
44,1991,408862,414484,823346
45,1991,319170,324202,643372
46,1991,330139,335597,665736
47,1991,335022,343393,678415
48,1991,336974,346766,683740
49,1991,340972,351591,692563
50,1991,376812,390985,767797
51,1991,374879,387587,762466
52,1991,367108,381553,748661
53,1991,343005,358580,701585
54,1991,327907,347472,675379
55,1991,338434,358251,696685
56,1991,332018,353586,685604
57,1991,328367,350995,679362
58,1991,319650,347461,667111
59,1991,324284,353176,677460
60,1991,337236,371678,708914
61,1991,309152,343318,652470
62,1991,306893,343774,650667
63,1991,302884,344567,647451
64,1991,292097,340780,632877
65,1991,284614,336495,621109
66,1991,275903,332042,607945
67,1991,268913,331395,600308
68,1991,254315,328869,583184
69,1991,244807,320914,565721
70,1991,238524,317156,555680
71,1991,150529,202666,353195
72,1991,112319,155041,267360
73,1991,115656,159321,274977
74,1991,138956,196220,335176
75,1991,167275,240138,407413
76,1991,163814,240161,403975
77,1991,156574,233909,390483
78,1991,147203,224826,372029
79,1991,124564,201023,325587
80,1991,117048,193072,310120
81,1991,98420,168948,267368
82,1991,86134,154720,240854
83,1991,68365,129368,197733
84,1991,57710,116727,174437
85,1991,207439,493903,701342
99,1991,27547371,29196748,56744119
0,1992,262256,248552,510808
1,1992,267914,255186,523100
2,1992,270613,257770,528383
3,1992,273681,259784,533465
4,1992,267722,254547,522269
5,1992,270798,257606,528404
6,1992,281702,269742,551444
7,1992,286983,274275,561258
8,1992,295917,281761,577678
9,1992,305422,293124,598546
10,1992,313202,300206,613408
11,1992,319714,305720,625434
12,1992,332506,318337,650843
13,1992,355326,340988,696314
14,1992,370807,356648,727455
15,1992,392536,377406,769942
16,1992,416912,401499,818411
17,1992,438772,423229,862001
18,1992,441511,426877,868388
19,1992,450360,433544,883904
20,1992,460945,444275,905220
21,1992,454934,439331,894265
22,1992,468311,453934,922245
23,1992,463382,449275,912657
24,1992,467341,456533,923874
25,1992,481109,471264,952373
26,1992,481513,472924,954437
27,1992,490713,481519,972232
28,1992,458353,454135,912488
29,1992,444260,441127,885387
30,1992,439555,435390,874945
31,1992,423459,421057,844516
32,1992,416447,412509,828956
33,1992,398553,397783,796336
34,1992,397319,396877,794196
35,1992,392590,393890,786480
36,1992,387243,388718,775961
37,1992,384580,388089,772669
38,1992,369708,370798,740506
39,1992,368312,371848,740160
40,1992,369332,373152,742484
41,1992,386182,390092,776274
42,1992,390831,394239,785070
43,1992,412107,416908,829015
44,1992,406355,410085,816440
45,1992,410449,416288,826737
46,1992,319991,325431,645422
47,1992,330807,336693,667500
48,1992,335582,344372,679954
49,1992,337479,347857,685336
50,1992,341372,352598,693970
51,1992,377559,392194,769753
52,1992,375648,388505,764153
53,1992,367403,382347,749750
54,1992,342721,358942,701663
55,1992,327662,347723,675385
56,1992,337945,358488,696433
57,1992,331051,353790,684841
58,1992,327342,350930,678272
59,1992,318177,347324,665501
60,1992,322312,352597,674909
61,1992,334986,371119,706105
62,1992,306320,342425,648745
63,1992,303503,342544,646047
64,1992,299140,342915,642055
65,1992,287871,338822,626693
66,1992,280037,334400,614437
67,1992,270694,329592,600286
68,1992,263226,328548,591774
69,1992,248290,325570,573860
70,1992,238211,316849,555060
71,1992,231277,312584,543861
72,1992,144873,198840,343713
73,1992,107701,151325,259026
74,1992,110243,155247,265490
75,1992,132366,190839,323205
76,1992,158849,233395,392244
77,1992,154594,232434,387028
78,1992,146952,225105,372057
79,1992,137398,215520,352918
80,1992,116176,190784,306960
81,1992,107234,181946,289180
82,1992,88544,157825,246369
83,1992,76074,143081,219155
84,1992,59710,118978,178688
85,1992,50491,105323,155814
86,1992,40845,86189,127034
87,1992,31765,73584,105349
88,1992,24417,58304,82721
89,1992,20140,49866,70006
90,1992,14703,38589,53292
91,1992,11211,30314,41525
92,1992,7835,22829,30664
93,1992,5628,16894,22522
94,1992,3962,12639,16601
95,1992,2677,8912,11589
96,1992,1621,5837,7458
97,1992,1024,4011,5035
98,1992,701,2546,3247
99,1992,463,1575,2038
100,1992,623,2229,2852
0,1993,293100,277354,570454
1,1993,264589,251203,515792
2,1993,270215,257130,527345
3,1993,271914,259083,530997
4,1993,275090,261049,536139
5,1993,268585,255509,524094
6,1993,272056,258675,530731
7,1993,282668,270684,553352
8,1993,287935,275219,563154
9,1993,296877,282519,579396
10,1993,306476,294026,600502
11,1993,313920,300891,614811
12,1993,320499,306516,627015
13,1993,333136,318940,652076
14,1993,355619,341217,696836
15,1993,370835,356837,727672
16,1993,392494,377490,769984
17,1993,416679,401564,818243
18,1993,438217,422874,861091
19,1993,440749,426392,867141
20,1993,449410,433058,882468
21,1993,459623,443746,903369
22,1993,453827,439014,892841
23,1993,467361,453641,921002
24,1993,462371,448902,911273
25,1993,466366,456010,922376
26,1993,480208,470846,951054
27,1993,480652,472459,953111
28,1993,489669,480844,970513
29,1993,457623,453816,911439
30,1993,443494,440833,884327
31,1993,438699,435104,873803
32,1993,422788,420935,843723
33,1993,415758,412240,827998
34,1993,397809,397376,795185
35,1993,396505,396271,792776
36,1993,391838,393417,785255
37,1993,386544,388385,774929
38,1993,383744,387592,771336
39,1993,369009,370406,739415
40,1993,367506,371460,738966
41,1993,368532,372845,741377
42,1993,385310,389736,775046
43,1993,389836,393666,783502
44,1993,410774,415972,826746
45,1993,404908,409136,814044
46,1993,408735,415151,823886
47,1993,318874,324673,643547
48,1993,329456,335886,665342
49,1993,334128,343575,677703
50,1993,335770,346919,682689
51,1993,339601,351772,691373
52,1993,375540,391142,766682
53,1993,373417,387374,760791
54,1993,364858,380975,745833
55,1993,340216,357618,697834
56,1993,324949,346231,671180
57,1993,335019,357080,692099
58,1993,327777,352238,680015
59,1993,323723,349182,672905
60,1993,314117,345365,659482
61,1993,317828,350666,668494
62,1993,329734,368812,698546
63,1993,301153,340090,641243
64,1993,297796,339840,637636
65,1993,292822,339849,632671
66,1993,281223,335267,616490
67,1993,272941,330889,603830
68,1993,263103,325594,588697
69,1993,255431,324351,579782
70,1993,240364,320572,560936
71,1993,230003,311603,541606
72,1993,222335,306730,529065
73,1993,138867,194740,333607
74,1993,102682,147713,250395
75,1993,104772,151201,255973
76,1993,125204,185123,310327
77,1993,149525,225568,375093
78,1993,144662,223758,368420
79,1993,136620,215705,352325
80,1993,126762,205002,331764
81,1993,106108,180457,286565
82,1993,96981,170787,267768
83,1993,79308,146521,225829
84,1993,67114,131502,198616
85,1993,52054,108049,160103
86,1993,43474,94488,137962
87,1993,34556,76020,110576
88,1993,26419,63867,90286
89,1993,20090,49846,69936
90,1993,16110,41950,58060
91,1993,11637,31906,43543
92,1993,8710,24465,33175
93,1993,5876,17954,23830
94,1993,4081,13004,17085
95,1993,2827,9530,12357
96,1993,1903,6605,8508
97,1993,1139,4185,5324
98,1993,706,2818,3524
99,1993,471,1719,2190
100,1993,668,2385,3053
0,1994,281875,266660,548535
1,1994,292378,276723,569101
2,1994,266124,252722,518846
3,1994,271628,258407,530035
4,1994,272863,259963,532826
5,1994,276125,261932,538057
6,1994,269269,256079,525348
7,1994,272963,259488,532451
8,1994,283481,271390,554871
9,1994,288683,275853,564536
10,1994,297623,283123,580746
11,1994,307341,294707,602048
12,1994,314535,301474,616009
13,1994,321195,307157,628352
14,1994,333623,319492,653115
15,1994,355802,341503,697305
16,1994,370836,357093,727929
17,1994,392342,377773,770115
18,1994,416420,401880,818300
19,1994,437756,422969,860725
20,1994,440231,426430,866661
21,1994,448771,433115,881886
22,1994,458786,443746,902532
23,1994,453117,439148,892265
24,1994,466725,453767,920492
25,1994,461668,448842,910510
26,1994,465626,455799,921425
27,1994,479520,470635,950155
28,1994,479975,472289,952264
29,1994,488762,480490,969252
30,1994,456955,453688,910643
31,1994,442887,440699,883586
32,1994,437938,435026,872964
33,1994,422222,420953,843175
34,1994,415099,412056,827155
35,1994,397189,397093,794282
36,1994,395757,395807,791564
37,1994,391187,393083,784270
38,1994,385887,388103,773990
39,1994,382978,387216,770194
40,1994,368313,370050,738363
41,1994,366796,371144,737940
42,1994,367705,372587,740292
43,1994,384405,389438,773843
44,1994,388817,393112,781929
45,1994,409528,415211,824739
46,1994,403492,408286,811778
47,1994,407214,414226,821440
48,1994,317693,324024,641717
49,1994,328101,335160,663261
50,1994,332641,342864,675505
51,1994,334046,346043,680089
52,1994,337729,351003,688732
53,1994,373328,390065,763393
54,1994,371074,386207,757281
55,1994,362265,379606,741871
56,1994,337521,356214,693735
57,1994,322076,344793,666869
58,1994,331824,355586,687410
59,1994,324340,350612,674952
60,1994,319916,347331,667247
61,1994,309956,343318,653274
62,1994,313259,348588,661847
63,1994,324294,366314,690608
64,1994,295731,337483,633214
65,1994,291702,336890,628592
66,1994,286238,336452,622690
67,1994,274188,331573,605761
68,1994,265655,326999,592654
69,1994,255363,321260,576623
70,1994,247474,319632,567106
71,1994,232218,315190,547408
72,1994,221438,306046,527484
73,1994,213147,300235,513382
74,1994,132565,190224,322789
75,1994,97574,143765,241339
76,1994,99025,146742,245767
77,1994,117696,178786,296482
78,1994,139878,217131,357009
79,1994,134257,214503,348760
80,1994,125911,205226,331137
81,1994,115743,193872,309615
82,1994,96102,169377,265479
83,1994,86856,158597,245453
84,1994,70082,134772,204854
85,1994,58386,119646,178032
86,1994,44684,97021,141705
87,1994,36747,83780,120527
88,1994,28903,65979,94882
89,1994,21590,54628,76218
90,1994,16079,41742,57821
91,1994,12661,34501,47162
92,1994,8971,25752,34723
93,1994,6583,19257,25840
94,1994,4316,13764,18080
95,1994,2943,9822,12765
96,1994,2024,7019,9043
97,1994,1292,4744,6036
98,1994,749,2921,3670
99,1994,460,1927,2387
100,1994,685,2588,3273
0,1995,274171,258677,532848
1,1995,280911,265953,546864
2,1995,291954,276417,568371
3,1995,267907,254292,522199
4,1995,273160,259794,532954
5,1995,273918,260910,534828
6,1995,277167,262847,540014
7,1995,269983,256647,526630
8,1995,273862,260391,534253
9,1995,284348,272202,556550
10,1995,289499,276510,566009
11,1995,298411,283789,582200
12,1995,308262,295520,603782
13,1995,315215,302141,617356
14,1995,321877,307799,629676
15,1995,334114,320132,654246
16,1995,355944,341864,697808
17,1995,370776,357397,728173
18,1995,392178,378092,770270
19,1995,416166,402305,818471
20,1995,437221,423221,860442
21,1995,439609,426644,866253
22,1995,448107,433374,881481
23,1995,457906,443938,901844
24,1995,452346,439429,891775
25,1995,466060,454049,920109
26,1995,460920,448903,909823
27,1995,464756,455573,920329
28,1995,478705,470436,949141
29,1995,479053,472101,951154
30,1995,487719,480094,967813
31,1995,456214,453574,909788
32,1995,442087,440622,882709
33,1995,437019,434947,871966
34,1995,421488,420966,842454
35,1995,414289,411854,826143
36,1995,396398,396726,793124
37,1995,394794,395260,790054
38,1995,390313,392652,782965
39,1995,385003,387792,772795
40,1995,381950,386757,768707
41,1995,367438,369671,737109
42,1995,365879,370798,736677
43,1995,366743,372303,739046
44,1995,383285,389123,772408
45,1995,387628,392448,780076
46,1995,408027,414218,822245
47,1995,401854,407249,809103
48,1995,405341,413153,818494
49,1995,316367,323302,639669
50,1995,326524,334346,660870
51,1995,330917,342017,672934
52,1995,332116,345191,677307
53,1995,335699,350118,685817
54,1995,370915,388998,759913
55,1995,368483,384940,753423
56,1995,359512,378185,737697
57,1995,334478,354745,689223
58,1995,319140,343314,662454
59,1995,328488,353959,682447
60,1995,320619,348850,669469
61,1995,315828,345458,661286
62,1995,305651,341265,646916
63,1995,308345,346345,654690
64,1995,318561,363580,682141
65,1995,289998,334808,624806
66,1995,285431,333789,619220
67,1995,279249,332799,612048
68,1995,266967,327665,594632
69,1995,257966,322878,580844
70,1995,247336,316545,563881
71,1995,239160,314513,553673
72,1995,223605,309540,533145
73,1995,212606,299981,512587
74,1995,203735,293406,497141
75,1995,126183,185240,311423
76,1995,92325,139552,231877
77,1995,93235,141985,235220
78,1995,110073,172106,282179
79,1995,130164,208214,338378
80,1995,123912,204634,328546
81,1995,115350,194550,309900
82,1995,105047,182379,287426
83,1995,86377,158153,244530
84,1995,76862,146437,223299
85,1995,61187,122933,184120
86,1995,50306,107745,158051
87,1995,37879,86054,123933
88,1995,30620,73260,103880
89,1995,23883,56550,80433
90,1995,17342,45733,63075
91,1995,12544,34257,46801
92,1995,9632,28002,37634
93,1995,6797,20264,27061
94,1995,4972,14759,19731
95,1995,3084,10334,13418
96,1995,2048,7085,9133
97,1995,1382,5035,6417
98,1995,864,3258,4122
99,1995,503,1994,2497
100,1995,721,2841,3562
0,1996,269122,253857,522979
1,1996,273119,258026,531145
2,1996,280284,265405,545689
3,1996,291372,276063,567435
4,1996,270243,256374,526617
5,1996,275334,261637,536971
6,1996,275287,262152,537439
7,1996,278499,263981,542480
8,1996,270912,257386,528298
9,1996,275101,261528,536629
10,1996,285485,273210,558695
11,1996,290571,277391,567962
12,1996,299422,284638,584060
13,1996,309420,296489,605909
14,1996,316024,302962,618986
15,1996,322758,308692,631450
16,1996,334759,320876,655635
17,1996,356135,342269,698404
18,1996,370711,357719,728430
19,1996,391945,378522,770467
20,1996,415881,402863,818744
21,1996,436640,423508,860148
22,1996,438898,426812,865710
23,1996,447249,433623,880872
24,1996,456854,444110,900964
25,1996,451462,439753,891215
26,1996,465404,454374,919778
27,1996,460144,448962,909106
28,1996,463866,455365,919231
29,1996,477901,470246,948147
30,1996,478105,471927,950032
31,1996,486621,479684,966305
32,1996,455408,453433,908841
33,1996,441362,440526,881888
34,1996,436189,434868,871057
35,1996,420856,421036,841892
36,1996,413532,411700,825232
37,1996,395582,396336,791918
38,1996,393815,394704,788519
39,1996,389436,392221,781657
40,1996,384166,387507,771673
41,1996,380915,386300,767215
42,1996,366570,369291,735861
43,1996,364987,370426,735413
44,1996,365685,372064,737749
45,1996,382224,388791,771015
46,1996,386308,391777,778085
47,1996,406447,413217,819664
48,1996,400152,406102,806254
49,1996,403301,411909,815210
50,1996,314932,322538,637470
51,1996,324844,333449,658293
52,1996,329107,341180,670287
53,1996,330130,344239,674369
54,1996,333630,349256,682886
55,1996,368337,387856,756193
56,1996,365656,383595,749251
57,1996,356423,376641,733064
58,1996,331280,353006,684286
59,1996,315957,341745,657702
60,1996,324896,352244,677140
61,1996,316595,346976,663571
62,1996,311392,343283,654675
63,1996,301121,339085,640206
64,1996,303253,344120,647373
65,1996,312544,360682,673226
66,1996,283943,331742,615685
67,1996,278807,330320,609127
68,1996,271928,328804,600732
69,1996,259382,323363,582745
70,1996,249973,318489,568462
71,1996,238906,311545,550451
72,1996,230446,309113,539559
73,1996,214781,303300,518081
74,1996,203333,293580,496913
75,1996,194087,285996,480083
76,1996,119665,180073,299738
77,1996,87101,135059,222160
78,1996,87484,136818,224302
79,1996,102410,165083,267493
80,1996,120197,198882,319079
81,1996,113783,194206,307989
82,1996,105152,183487,288639
83,1996,94650,170343,264993
84,1996,76986,146616,223602
85,1996,67573,134197,201770
86,1996,53017,111234,164251
87,1996,42795,95972,138767
88,1996,31650,75672,107322
89,1996,25232,63280,88512
90,1996,19453,47870,67323
91,1996,13744,37961,51705
92,1996,9718,27719,37437
93,1996,7281,22249,29530
94,1996,4998,15807,20805
95,1996,3545,11212,14757
96,1996,2155,7661,9816
97,1996,1370,5021,6391
98,1996,942,3503,4445
99,1996,572,2204,2776
100,1996,675,3015,3690
0,1997,273472,258096,531568
1,1997,268728,253591,522319
2,1997,272417,257543,529960
3,1997,279718,264921,544639
4,1997,290732,275669,566401
5,1997,273657,259476,533133
6,1997,278264,264343,542607
7,1997,277396,264044,541440
8,1997,280479,265713,546192
9,1997,272273,258519,530792
10,1997,276998,263240,540238
11,1997,287181,274665,561846
12,1997,292133,278710,570843
13,1997,300935,285946,586881
14,1997,311102,297975,609077
15,1997,317236,304241,621477
16,1997,324159,310002,634161
17,1997,335784,322034,657818
18,1997,356566,342919,699485
19,1997,370810,358365,729175
20,1997,392035,379331,771366
21,1997,415933,403916,819849
22,1997,436312,424223,860535
23,1997,438513,427393,865906
24,1997,446743,434357,881100
25,1997,455983,444623,900606
26,1997,451017,440422,891439
27,1997,465077,455074,920151
28,1997,459638,449236,908874
29,1997,463161,455258,918419
30,1997,477173,470184,947357
31,1997,477383,471849,949232
32,1997,485551,479233,964784
33,1997,454851,453395,908246
34,1997,440798,440572,881370
35,1997,435451,434957,870408
36,1997,420305,421381,841686
37,1997,412889,411686,824575
38,1997,394871,395919,790790
39,1997,392771,394012,786783
40,1997,388551,391742,780293
41,1997,383296,387201,770497
42,1997,379881,385742,765623
43,1997,365659,368917,734576
44,1997,363915,370068,733983
45,1997,364657,371878,736535
46,1997,380999,388532,769531
47,1997,384952,390968,775920
48,1997,404598,411996,816594
49,1997,398059,404654,802713
50,1997,401011,410498,811509
51,1997,313316,321725,635041
52,1997,322888,332465,655353
53,1997,327196,340263,667459
54,1997,327826,343240,671066
55,1997,331315,348333,679648
56,1997,365596,386766,752362
57,1997,362786,382223,745009
58,1997,353097,374960,728057
59,1997,327813,351081,678894
60,1997,312463,339956,652419
61,1997,321145,350506,671651
62,1997,312257,344913,657170
63,1997,306888,341093,647981
64,1997,296355,336687,633042
65,1997,297800,341658,639458
66,1997,306182,357525,663707
67,1997,277632,328491,606123
68,1997,271792,326676,598468
69,1997,264284,324563,588847
70,1997,251398,318693,570091
71,1997,241595,313760,555355
72,1997,230254,306092,536346
73,1997,221359,303259,524618
74,1997,205539,296820,502359
75,1997,194118,286805,480923
76,1997,183976,278063,462039
77,1997,112997,174590,287587
78,1997,81659,130365,212024
79,1997,81383,131229,212612
80,1997,94825,157716,252541
81,1997,110327,188998,299325
82,1997,103604,183608,287212
83,1997,95018,171935,266953
84,1997,84620,158280,242900
85,1997,67962,134951,202913
86,1997,58729,121865,180594
87,1997,45270,99612,144882
88,1997,35967,84788,120755
89,1997,26092,65660,91752
90,1997,20279,53743,74022
91,1997,15691,40001,55692
92,1997,10647,31040,41687
93,1997,7380,22361,29741
94,1997,5416,17587,23003
95,1997,3680,12254,15934
96,1997,2571,8426,10997
97,1997,1472,5501,6973
98,1997,868,3545,4413
99,1997,639,2410,3049
100,1997,735,3280,4015
0,1998,273404,258674,532078
1,1998,271549,256424,527973
2,1998,268475,253479,521954
3,1998,271667,256950,528617
4,1998,278860,264305,543165
5,1998,290059,275153,565212
6,1998,277272,262772,540044
7,1998,281425,267293,548718
8,1998,279695,266174,545869
9,1998,282659,267637,550296
10,1998,273896,259759,533655
11,1998,279050,265187,544237
12,1998,289045,276325,565370
13,1998,293872,280137,574009
14,1998,302586,287349,589935
15,1998,313079,299621,612700
16,1998,318655,305701,624356
17,1998,325578,311582,637160
18,1998,336904,323400,660304
19,1998,356999,343717,700716
20,1998,370999,359207,730206
21,1998,392106,380365,772471
22,1998,416019,405204,821223
23,1998,435955,425103,861058
24,1998,437985,428185,866170
25,1998,445986,435185,881171
26,1998,455044,445228,900272
27,1998,450539,441195,891734
28,1998,464598,455727,920325
29,1998,458993,449522,908515
30,1998,462364,455179,917543
31,1998,476520,470078,946598
32,1998,476592,471768,948360
33,1998,484534,478807,963341
34,1998,454369,453383,907752
35,1998,440407,440657,881064
36,1998,434840,435076,869916
37,1998,419985,421769,841754
38,1998,412343,411617,823960
39,1998,394217,395517,789734
40,1998,391790,393382,785172
41,1998,387659,391287,778946
42,1998,382416,386919,769335
43,1998,378739,385215,763954
44,1998,364732,368523,733255
45,1998,362817,369717,732534
46,1998,363544,371675,735219
47,1998,379704,388253,767957
48,1998,383426,390169,773595
49,1998,402625,410845,813470
50,1998,395863,403193,799056
51,1998,398584,409079,807663
52,1998,311609,320870,632479
53,1998,320812,331420,652232
54,1998,325034,339340,664374
55,1998,325316,342227,667543
56,1998,328791,347461,676252
57,1998,362579,385530,748109
58,1998,359663,380840,740503
59,1998,349718,373098,722816
60,1998,324165,349122,673287
61,1998,308725,338131,646856
62,1998,316964,348639,665603
63,1998,307796,342637,650433
64,1998,301981,338599,640580
65,1998,291123,334220,625343
66,1998,292176,339096,631272
67,1998,299589,354363,653952
68,1998,271074,325012,596086
69,1998,264421,322770,587191
70,1998,256327,319877,576204
71,1998,242953,313649,556602
72,1998,232952,308586,541538
73,1998,221262,300247,521509
74,1998,212073,296884,508957
75,1998,195945,289847,485792
76,1998,184349,279372,463721
77,1998,173561,269495,443056
78,1998,106151,168516,274667
79,1998,76192,125280,201472
80,1998,75277,125398,200675
81,1998,87217,149805,237022
82,1998,100435,178412,278847
83,1998,93703,172042,265745
84,1998,85038,159732,244770
85,1998,74669,145707,220376
86,1998,59311,122687,181998
87,1998,50390,109359,159749
88,1998,38119,87854,125973
89,1998,29679,73759,103438
90,1998,21127,55887,77014
91,1998,16074,44811,60885
92,1998,12182,32691,44873
93,1998,7980,24647,32627
94,1998,5431,17545,22976
95,1998,3951,13526,17477
96,1998,2689,9256,11945
97,1998,1715,6062,7777
98,1998,951,3824,4775
99,1998,560,2380,2940
100,1998,756,3621,4377
0,1999,270959,255666,526625
1,1999,270301,255967,526268
2,1999,270552,255675,526227
3,1999,268351,253565,521916
4,1999,271017,256529,527546
5,1999,278324,263880,542204
6,1999,289596,274887,564483
7,1999,280841,266041,546882
8,1999,284385,270156,554541
9,1999,281842,268147,549989
10,1999,284707,269525,554232
11,1999,275401,261019,536420
12,1999,280996,266993,547989
13,1999,290802,277870,568672
14,1999,295479,281507,576986
15,1999,304113,288730,592843
16,1999,314848,301214,616062
17,1999,319965,307152,627117
18,1999,326986,313136,640122
19,1999,337796,325004,662800
20,1999,357355,344738,702093
21,1999,371060,360280,731340
22,1999,392081,381539,773620
23,1999,416003,406568,822571
24,1999,435451,426002,861453
25,1999,437435,428928,866363
26,1999,445402,435992,881394
27,1999,454102,445819,899921
28,1999,449863,441977,891840
29,1999,464073,456485,920558
30,1999,458239,449907,908146
31,1999,461436,455080,916516
32,1999,475663,470055,945718
33,1999,475782,471762,947544
34,1999,483447,478423,961870
35,1999,453819,453413,907232
36,1999,439925,440780,880705
37,1999,434137,435151,869288
38,1999,419460,422041,841501
39,1999,411628,411517,823145
40,1999,393447,395125,788572
41,1999,390686,392667,783353
42,1999,386730,390765,777495
43,1999,381458,386576,768034
44,1999,377529,384618,762147
45,1999,363635,368087,731722
46,1999,361669,369317,730986
47,1999,362308,371361,733669
48,1999,378326,387973,766299
49,1999,381924,389318,771242
50,1999,400625,409611,810236
51,1999,393548,401805,795353
52,1999,395977,407505,803482
53,1999,309786,319974,629760
54,1999,318652,330385,649037
55,1999,322801,338357,661158
56,1999,322785,341046,663831
57,1999,326091,346480,672571
58,1999,359391,384224,743615
59,1999,356353,379313,735666
60,1999,346073,371198,717271
61,1999,320283,347117,667400
62,1999,304789,336214,641003
63,1999,312730,346509,659239
64,1999,303010,340284,643294
65,1999,296713,335878,632591
66,1999,285665,331555,617220
67,1999,286014,336229,622243
68,1999,292442,350762,643204
69,1999,264114,321401,585515
70,1999,256394,318466,574860
71,1999,247864,314825,562689
72,1999,233926,308189,542115
73,1999,223742,302816,526558
74,1999,211727,293874,505601
75,1999,202201,289873,492074
76,1999,185879,282035,467914
77,1999,174102,271164,445266
78,1999,162694,260180,422874
79,1999,99068,162116,261184
80,1999,70349,119739,190088
81,1999,69100,118958,188058
82,1999,79423,141040,220463
83,1999,90747,167048,257795
84,1999,83351,159629,242980
85,1999,75090,146746,221836
86,1999,65026,132360,197386
87,1999,50731,110157,160888
88,1999,42474,96797,139271
89,1999,31479,76285,107764
90,1999,23998,62675,86673
91,1999,16650,46773,63423
92,1999,12400,36635,49035
93,1999,9222,26182,35404
94,1999,5835,19243,25078
95,1999,3844,13339,17183
96,1999,2856,10106,12962
97,1999,1919,6724,8643
98,1999,1120,4291,5411
99,1999,587,2580,3167
100,1999,774,3742,4516
0,2000,272792,258707,531499
1,2000,269376,254461,523837
2,2000,268321,254294,522615
3,2000,269711,255042,524753
4,2000,268274,253600,521874
5,2000,270494,256127,526621
6,2000,277828,263498,541326
7,2000,289156,274669,563825
8,2000,284236,269050,553286
9,2000,287390,272949,560339
10,2000,284025,270075,554100
11,2000,286776,271288,558064
12,2000,276864,262284,539148
13,2000,282929,268768,551697
14,2000,292507,279324,571831
15,2000,297087,282896,579983
16,2000,305639,290085,595724
17,2000,316652,302794,619446
18,2000,321417,308668,630085
19,2000,328420,314857,643277
20,2000,338934,326774,665708
21,2000,357946,345867,703813
22,2000,371410,361451,732861
23,2000,392272,382855,775127
24,2000,416193,407944,824137
25,2000,435260,426958,862218
26,2000,437053,429710,866763
27,2000,444865,436844,881709
28,2000,453317,446371,899688
29,2000,449237,442753,891990
30,2000,463601,457093,920694
31,2000,457522,450167,907689
32,2000,460539,454899,915438
33,2000,474868,469938,944806
34,2000,474952,471658,946610
35,2000,482403,477984,960387
36,2000,453313,453372,906685
37,2000,439417,440824,880241
38,2000,433443,435197,868640
39,2000,418946,422292,841238
40,2000,410945,411332,822277
41,2000,392684,394625,787309
42,2000,389480,391891,781371
43,2000,385714,390195,775909
44,2000,380435,386210,766645
45,2000,376195,384003,760198
46,2000,362490,367585,730075
47,2000,360384,368886,729270
48,2000,361003,371101,732104
49,2000,376871,387596,764467
50,2000,380208,388371,768579
51,2000,398549,408345,806894
52,2000,391061,400272,791333
53,2000,393227,405923,799150
54,2000,307791,319040,626831
55,2000,316318,329266,645584
56,2000,320423,337229,657652
57,2000,320036,339874,659910
58,2000,323196,345453,668649
59,2000,356064,382874,738938
60,2000,352712,377676,730388
61,2000,342149,369189,711338
62,2000,316212,344913,661125
63,2000,300794,334197,634991
64,2000,308164,344395,652559
65,2000,298080,337798,635878
66,2000,291318,333086,624404
67,2000,280018,328586,608604
68,2000,279655,333154,612809
69,2000,285049,346965,632014
70,2000,256989,317555,574544
71,2000,248339,313969,562308
72,2000,239183,309503,548686
73,2000,224940,302385,527325
74,2000,214254,296800,511054
75,2000,201941,287151,489092
76,2000,192032,282390,474422
77,2000,175753,273681,449434
78,2000,163783,262398,426181
79,2000,151957,250319,402276
80,2000,91906,155244,247150
81,2000,64708,113851,178559
82,2000,62890,112156,175046
83,2000,71622,131937,203559
84,2000,81048,154996,236044
85,2000,73502,146814,220316
86,2000,65440,133539,198979
87,2000,55778,118769,174547
88,2000,43062,97909,140971
89,2000,35345,84389,119734
90,2000,25615,65363,90978
91,2000,19198,52435,71633
92,2000,12931,38372,51303
93,2000,9499,29442,38941
94,2000,6771,20530,27301
95,2000,4200,14781,18981
96,2000,2726,10011,12737
97,2000,1976,7445,9421
98,2000,1404,4896,6300
99,2000,792,3118,3910
100,2000,794,3971,4765
0,2001,274518,259054,533572
1,2001,271686,258000,529686
2,2001,268009,253275,521284
3,2001,266437,252662,519099
4,2001,268841,254366,523207
5,2001,268120,253597,521717
6,2001,269896,255658,525554
7,2001,277278,263025,540303
8,2001,288717,274342,563059
9,2001,287799,272245,560044
10,2001,290480,275820,566300
11,2001,286194,272129,558323
12,2001,288884,273151,562035
13,2001,278359,263524,541883
14,2001,284992,270600,555592
15,2001,294336,280947,575283
16,2001,298797,284365,583162
17,2001,307354,291517,598871
18,2001,318587,304528,623115
19,2001,322854,310294,633148
20,2001,329992,317038,647030
21,2001,340339,328815,669154
22,2001,358858,347415,706273
23,2001,371939,362946,734885
24,2001,392702,384465,777167
25,2001,416753,409659,826412
26,2001,435280,428247,863527
27,2001,437042,430741,867783
28,2001,444591,437816,882407
29,2001,452668,447054,899722
30,2001,448919,443519,892438
31,2001,463286,457812,921098
32,2001,457063,450488,907551
33,2001,459808,454802,914610
34,2001,474211,469876,944087
35,2001,474259,471598,945857
36,2001,481438,477596,959034
37,2001,452916,453359,906275
38,2001,438985,440898,879883
39,2001,432833,435291,868124
40,2001,418535,422584,841119
41,2001,410353,411209,821562
42,2001,392015,394174,786189
43,2001,388385,391195,779580
44,2001,384764,389636,774400
45,2001,379469,385858,765327
46,2001,374931,383394,758325
47,2001,361363,367075,728438
48,2001,359177,368428,727605
49,2001,359681,370838,730519
50,2001,375362,387213,762575
51,2001,378475,387444,765919
52,2001,396336,406991,803327
53,2001,388539,398724,787263
54,2001,390498,404352,794850
55,2001,305757,318052,623809
56,2001,313884,328093,641977
57,2001,317919,336047,653966
58,2001,317237,338588,655825
59,2001,320286,344323,664609
60,2001,352667,381448,734115
61,2001,349141,375866,725007
62,2001,337992,367117,705109
63,2001,311982,342553,654535
64,2001,296627,332067,628694
65,2001,303479,342045,645524
66,2001,292968,335193,628161
67,2001,285833,330219,616052
68,2001,274094,325469,599563
69,2001,273185,329922,603107
70,2001,277736,342918,620654
71,2001,249778,313375,563153
72,2001,240286,309261,549547
73,2001,230596,303817,534413
74,2001,215784,296258,512042
75,2001,204994,290337,495331
76,2001,191876,279962,471838
77,2001,181795,274509,456304
78,2001,165655,265010,430665
79,2001,153503,253202,406705
80,2001,141121,239969,381090
81,2001,84964,148109,233073
82,2001,59346,107688,167034
83,2001,57106,105201,162307
84,2001,64170,122753,186923
85,2001,71635,142994,214629
86,2001,63978,133846,197824
87,2001,56626,120366,176992
88,2001,47297,105797,153094
89,2001,36180,85854,122034
90,2001,29272,72885,102157
91,2001,20510,55306,75816
92,2001,15007,43448,58455
93,2001,9794,30940,40734
94,2001,7131,23362,30493
95,2001,4925,16128,21053
96,2001,3023,11380,14403
97,2001,1877,7456,9333
98,2001,1366,5554,6920
99,2001,1103,3533,4636
100,2001,938,4497,5435
0,2002,268276,254731,523007
1,2002,271976,257257,529233
2,2002,270620,257511,528131
3,2002,266706,252084,518790
4,2002,264829,251128,515957
5,2002,268123,253760,521883
6,2002,268085,253689,521774
7,2002,269530,255399,524929
8,2002,276926,262711,539637
9,2002,288501,274159,562660
10,2002,291170,275204,566374
11,2002,293330,278439,571769
12,2002,288266,274015,562281
13,2002,290996,274955,565951
14,2002,279971,264790,544761
15,2002,286758,272254,559012
16,2002,295986,282370,578356
17,2002,300400,285701,586101
18,2002,308834,292943,601777
19,2002,320091,306107,626198
20,2002,323918,311733,635651
21,2002,331241,319016,650257
22,2002,341392,330636,672028
23,2002,359526,348868,708394
24,2002,372477,364365,736842
25,2002,393202,385996,779198
26,2002,417331,411288,828619
27,2002,435484,429526,865010
28,2002,437208,432426,869634
29,2002,444829,438839,883668
30,2002,452979,447945,900924
31,2002,448928,444238,893166
32,2002,463220,458147,921367
33,2002,456815,451097,907912
34,2002,459019,455802,914821
35,2002,473799,470041,943840
36,2002,474668,471821,946489
37,2002,481113,477379,958492
38,2002,452721,453404,906125
39,2002,438786,440985,879771
40,2002,432370,435359,867729
41,2002,418288,422817,841105
42,2002,409871,411070,820941
43,2002,391514,393856,785370
44,2002,387490,390625,778115
45,2002,383939,389134,773073
46,2002,378601,385440,764041
47,2002,373714,382686,756400
48,2002,360223,366465,726688
49,2002,357894,367808,725702
50,2002,358245,370295,728540
51,2002,373760,386595,760355
52,2002,376649,386417,763066
53,2002,394008,405554,799562
54,2002,386053,397265,783318
55,2002,387731,402793,790524
56,2002,303624,316897,620521
57,2002,311363,326841,638204
58,2002,315356,334764,650120
59,2002,314309,337080,651389
60,2002,317142,342897,660039
61,2002,349088,379810,728898
62,2002,345216,373870,719086
63,2002,333879,364927,698806
64,2002,307731,340237,647968
65,2002,292289,329638,621927
66,2002,298656,339492,638148
67,2002,287723,332287,620010
68,2002,280088,327011,607099
69,2002,268085,322080,590165
70,2002,266650,326356,593006
71,2002,270106,338662,608768
72,2002,242350,308947,551297
73,2002,232157,304100,536257
74,2002,221866,297974,519840
75,2002,206836,289731,496567
76,2002,195484,283492,478976
77,2002,182007,272342,454349
78,2002,170675,266140,436815
79,2002,155308,255925,411233
80,2002,140864,243600,384464
81,2002,130286,229180,359466
82,2002,78010,140926,218936
83,2002,54136,101434,155570
84,2002,51311,98414,149725
85,2002,57260,113611,170871
86,2002,63204,131070,194274
87,2002,55684,119013,174697
88,2002,48619,106928,155547
89,2002,39876,93168,133044
90,2002,30018,75102,105120
91,2002,23792,62399,86191
92,2002,16128,46385,62513
93,2002,11500,35736,47236
94,2002,7385,24856,32241
95,2002,5180,18183,23363
96,2002,3470,12930,16400
97,2002,2107,8874,10981
98,2002,1252,5586,6838
99,2002,861,4005,4866
100,2002,978,5143,6121
0,2003,275022,260634,535656
1,2003,270053,256524,526577
2,2003,273992,259134,533126
3,2003,272154,258693,530847
4,2003,268722,253762,522484
5,2003,266989,252885,519874
6,2003,270076,255358,525434
7,2003,269977,255117,525094
8,2003,271567,257147,528714
9,2003,278853,264414,543267
10,2003,290204,275716,565920
11,2003,292323,276361,568684
12,2003,294399,279464,573863
13,2003,289323,275036,564359
14,2003,292236,276122,568358
15,2003,281176,265849,547025
16,2003,287317,272666,559983
17,2003,296722,282803,579525
18,2003,301442,286613,588055
19,2003,308961,293657,602618
20,2003,319517,306653,626170
21,2003,323067,312238,635305
22,2003,330570,320051,650621
23,2003,341334,332575,673909
24,2003,360179,351576,711755
25,2003,373898,367279,741177
26,2003,394884,389186,784070
27,2003,419024,414434,833458
28,2003,437850,433779,871629
29,2003,439903,435836,875739
30,2003,448219,442410,890629
31,2003,455203,450846,906049
32,2003,451136,445597,896733
33,2003,465028,461043,926071
34,2003,457385,456301,913686
35,2003,460877,458942,919819
36,2003,477416,473160,950576
37,2003,477485,473605,951090
38,2003,483036,479357,962393
39,2003,454341,454837,909178
40,2003,439998,442069,882067
41,2003,433225,435946,869171
42,2003,419136,423380,842516
43,2003,410671,411876,822547
44,2003,392243,394841,787084
45,2003,388256,391550,779806
46,2003,384351,389609,773960
47,2003,378853,385681,764534
48,2003,373916,382940,756856
49,2003,360227,366647,726874
50,2003,357512,367501,725013
51,2003,357837,369751,727588
52,2003,373104,386000,759104
53,2003,375899,386387,762286
54,2003,393241,405584,798825
55,2003,385362,397342,782704
56,2003,386795,402532,789327
57,2003,302262,316371,618633
58,2003,310098,326244,636342
59,2003,313625,334181,647806
60,2003,312448,336164,648612
61,2003,314989,341841,656830
62,2003,346471,378480,724951
63,2003,342175,372755,714930
64,2003,330833,363759,694592
65,2003,304794,339141,643935
66,2003,288470,327779,616249
67,2003,294246,337314,631560
68,2003,283133,329963,613096
69,2003,274779,324493,599272
70,2003,262273,319013,581286
71,2003,260102,322608,582710
72,2003,262663,334410,597073
73,2003,234806,304704,539510
74,2003,224282,299405,523687
75,2003,214050,292910,506960
76,2003,198355,283855,482210
77,2003,186635,276515,463150
78,2003,173240,265108,438348
79,2003,159921,258060,417981
80,2003,144806,247392,392198
81,2003,129717,234367,364084
82,2003,116995,219408,336403
83,2003,70850,133133,203983
84,2003,48660,94892,143552
85,2003,45434,91165,136599
86,2003,50189,104160,154349
87,2003,54627,118198,172825
88,2003,47420,105238,152658
89,2003,40424,91227,131651
90,2003,32581,79856,112437
91,2003,23915,63138,87053
92,2003,18639,51320,69959
93,2003,12293,37424,49717
94,2003,8472,28133,36605
95,2003,5312,18999,24311
96,2003,3718,13536,17254
97,2003,2386,9411,11797
98,2003,1406,6237,7643
99,2003,867,3835,4702
100,2003,1201,5892,7093
0,2004,278646,263677,542323
1,2004,276225,261795,538020
2,2004,272492,258551,531043
3,2004,276432,261075,537507
4,2004,273990,260074,534064
5,2004,271068,255691,526759
6,2004,269528,254912,524440
7,2004,272244,257186,529430
8,2004,271960,256652,528612
9,2004,273769,258991,532760
10,2004,280940,266114,547054
11,2004,292147,277352,569499
12,2004,293603,277577,571180
13,2004,295636,280467,576103
14,2004,290590,276020,566610
15,2004,293625,277257,570882
16,2004,282748,267161,549909
17,2004,288237,273276,561513
18,2004,298093,283976,582069
19,2004,303438,288369,591807
20,2004,311416,295905,607321
21,2004,322643,309940,632583
22,2004,326997,316389,643386
23,2004,336136,325371,661507
24,2004,348128,339312,687440
25,2004,368230,359612,727842
26,2004,382877,376002,758879
27,2004,404474,398072,802546
28,2004,428659,424542,853201
29,2004,448424,442804,891228
30,2004,450364,444881,895245
31,2004,456859,449922,906781
32,2004,462571,456185,918756
33,2004,457971,451459,909430
34,2004,469602,468564,938166
35,2004,463072,462766,925838
36,2004,468023,465602,933625
37,2004,482495,478432,960927
38,2004,481752,478694,960446
39,2004,487346,484752,972098
40,2004,457723,459547,917270
41,2004,443012,446588,889600
42,2004,435760,440128,875888
43,2004,421790,427543,849333
44,2004,412856,416218,829074
45,2004,394084,399170,793254
46,2004,390153,395790,785943
47,2004,385739,393117,778856
48,2004,379828,388804,768632
49,2004,374653,385857,760510
50,2004,360668,369278,729946
51,2004,357415,369567,726982
52,2004,357542,371308,728850
53,2004,372660,387108,759768
54,2004,375286,387904,763190
55,2004,392493,406848,799341
56,2004,384614,398449,783063
57,2004,385746,403026,788772
58,2004,300793,316320,617113
59,2004,308524,326114,634638
60,2004,311934,333825,645759
61,2004,310251,335319,645570
62,2004,312485,340670,653155
63,2004,343399,377030,720429
64,2004,338754,371531,710285
65,2004,327434,362478,689912
66,2004,301424,337787,639211
67,2004,284153,325670,609823
68,2004,289320,334836,624156
69,2004,277868,327241,605109
70,2004,268910,321349,590259
71,2004,255734,315206,570940
72,2004,252750,318217,570967
73,2004,254691,329365,584056
74,2004,226546,299420,525966
75,2004,215526,293746,509272
76,2004,205374,286665,492039
77,2004,189198,276807,466005
78,2004,176881,268535,445416
79,2004,163588,256538,420126
80,2004,148236,248691,396927
81,2004,133013,237164,370177
82,2004,118645,223016,341661
83,2004,103118,207775,310893
84,2004,63598,124334,187932
85,2004,43065,87596,130661
86,2004,39566,83029,122595
87,2004,42904,93491,136395
88,2004,46042,103055,149097
89,2004,39049,88777,127826
90,2004,32661,77057,109718
91,2004,25684,66372,92056
92,2004,18343,51390,69733
93,2004,14038,40661,54699
94,2004,8989,28824,37813
95,2004,5973,20981,26954
96,2004,3605,13889,17494
97,2004,2461,9519,11980
98,2004,1531,6370,7901
99,2004,891,4080,4971
100,2004,1298,5902,7200
0,2005,286668,271832,558500
1,2005,280318,265278,545596
2,2005,277714,263146,540860
3,2005,274944,260601,535545
4,2005,279102,263227,542329
5,2005,276032,261655,537687
6,2005,273850,257911,531761
7,2005,272135,257132,529267
8,2005,274460,259097,533557
9,2005,274212,258543,532755
10,2005,276572,261384,537956
11,2005,283426,268196,551622
12,2005,294367,279228,573595
13,2005,295477,279174,574651
14,2005,297175,281817,578992
15,2005,292249,277460,569709
16,2005,295661,278906,574567
17,2005,285199,269013,554212
18,2005,290868,275284,566152
19,2005,299618,285877,585495
20,2005,305238,290718,595956
21,2005,313582,298673,612255
22,2005,325576,313648,639224
23,2005,330791,320757,651548
24,2005,340859,330586,671445
25,2005,354414,345460,699874
26,2005,375540,366759,742299
27,2005,390856,383265,774121
28,2005,412893,407051,819944
29,2005,437439,431387,868826
30,2005,458047,450310,908357
31,2005,457801,450376,908177
32,2005,463228,453289,916517
33,2005,468201,460369,928570
34,2005,460899,457946,918845
35,2005,474151,473035,947186
36,2005,470096,467856,937952
37,2005,473727,470176,943903
38,2005,486243,482275,968518
39,2005,485593,482353,967946
40,2005,490976,488695,979671
41,2005,460659,462906,923565
42,2005,445520,449790,895310
43,2005,438022,443048,881070
44,2005,423870,430326,854196
45,2005,414488,419149,833637
46,2005,395662,402090,797752
47,2005,391635,398808,790443
48,2005,386663,395331,781994
49,2005,380393,390794,771187
50,2005,375107,387726,762833
51,2005,360983,370766,731749
52,2005,357060,370502,727562
53,2005,356991,372136,729127
54,2005,371915,387512,759427
55,2005,374437,388683,763120
56,2005,391557,407521,799078
57,2005,383681,399049,782730
58,2005,384503,403179,787682
59,2005,299134,315927,615061
60,2005,306795,325806,632601
61,2005,309907,333183,643090
62,2005,307862,334179,642041
63,2005,309759,339406,649165
64,2005,340142,375270,715412
65,2005,335224,370117,705341
66,2005,323834,361028,684862
67,2005,297531,336316,633847
68,2005,279574,323362,602936
69,2005,284005,332101,616106
70,2005,272377,324361,596738
71,2005,262821,318004,580825
72,2005,249060,311399,560459
73,2005,245250,313627,558877
74,2005,246467,324117,570584
75,2005,218297,294109,512406
76,2005,206827,287957,494784
77,2005,196987,280532,477519
78,2005,180024,269595,449619
79,2005,167624,260379,428003
80,2005,153267,247719,400986
81,2005,136382,239120,375502
82,2005,122668,227127,349795
83,2005,108680,211874,320554
84,2005,92784,194478,287262
85,2005,56943,116046,172989
86,2005,37860,80679,118539
87,2005,34425,75875,110300
88,2005,36736,84009,120745
89,2005,38602,90145,128747
90,2005,32179,77023,109202
91,2005,26330,65662,91992
92,2005,20232,55571,75803
93,2005,14184,42065,56249
94,2005,10680,32529,43209
95,2005,6613,22377,28990
96,2005,4264,15791,20055
97,2005,2483,10275,12758
98,2005,1668,6837,8505
99,2005,1005,4406,5411
100,2005,1479,6616,8095
0,2006,284192,266935,551127
1,2006,287042,272025,559067
2,2006,281879,266608,548487
3,2006,279355,264413,543768
4,2006,277441,262690,540131
5,2006,281795,265491,547286
6,2006,278094,263408,541502
7,2006,276553,260177,536730
8,2006,275112,259534,534646
9,2006,277046,261330,538376
10,2006,276727,260691,537418
11,2006,279200,263731,542931
12,2006,286021,270519,556540
13,2006,296917,281367,578284
14,2006,297319,280850,578169
15,2006,299218,283513,582731
16,2006,294591,279275,573866
17,2006,298336,281105,579441
18,2006,288892,271940,560832
19,2006,292517,277242,569759
20,2006,299972,287896,587868
21,2006,305731,293343,599074
22,2006,314109,301605,615714
23,2006,326336,316881,643217
24,2006,331410,324000,655410
25,2006,341988,334113,676101
26,2006,356109,349992,706101
27,2006,377710,371599,749309
28,2006,393742,389662,783404
29,2006,416459,411811,828270
30,2006,441351,435936,877287
31,2006,461266,453706,914972
32,2006,459777,451659,911436
33,2006,464904,455407,920311
34,2006,467438,464536,931974
35,2006,462075,460582,922657
36,2006,477339,475700,953039
37,2006,472784,470222,943006
38,2006,475515,472746,948261
39,2006,487387,484183,971570
40,2006,486880,484224,971104
41,2006,492378,490626,983004
42,2006,461575,464407,925982
43,2006,446377,450933,897310
44,2006,438555,443897,882452
45,2006,424416,431069,855485
46,2006,414955,420317,835272
47,2006,395992,403259,799251
48,2006,392042,399928,791970
49,2006,386670,396119,782789
50,2006,380353,391288,771641
51,2006,374862,388098,762960
52,2006,360499,370966,731465
53,2006,356134,370252,726386
54,2006,356039,371719,727758
55,2006,370733,386857,757590
56,2006,373156,388456,761612
57,2006,390110,407359,797469
58,2006,382254,398942,781196
59,2006,382853,402724,785577
60,2006,297257,315168,612425
61,2006,304815,325030,629845
62,2006,307286,332085,639371
63,2006,305216,332775,637991
64,2006,306656,337812,644468
65,2006,336566,373404,709970
66,2006,331291,368160,699451
67,2006,319595,358951,678546
68,2006,293170,334367,627537
69,2006,274546,320704,595250
70,2006,278203,328968,607171
71,2006,266279,321104,587383
72,2006,255973,314310,570283
73,2006,241826,306840,548666
74,2006,237340,308467,545807
75,2006,237669,317998,555667
76,2006,209551,288040,497591
77,2006,197589,281336,478925
78,2006,187874,273248,461122
79,2006,170586,261379,431965
80,2006,157199,251114,408313
81,2006,142361,237869,380230
82,2006,124189,228040,352229
83,2006,111451,215469,326920
84,2006,98080,198579,296659
85,2006,82922,179652,262574
86,2006,50186,106521,156707
87,2006,32713,73163,105876
88,2006,29349,67976,97325
89,2006,30671,73887,104558
90,2006,31493,77438,108931
91,2006,25952,65223,91175
92,2006,20568,54320,74888
93,2006,15515,45028,60543
94,2006,10572,33072,43644
95,2006,7635,24872,32507
96,2006,4583,16539,21122
97,2006,2831,11240,14071
98,2006,1647,7078,8725
99,2006,1062,4620,5682
100,2006,1544,6994,8538
0,2007,286772,270112,556884
1,2007,285122,267748,552870
2,2007,287756,272591,560347
3,2007,283181,267627,550808
4,2007,280469,265313,545782
5,2007,279460,264439,543899
6,2007,284001,267379,551380
7,2007,279757,264807,544564
8,2007,278803,262072,540875
9,2007,277410,261546,538956
10,2007,279129,263197,542326
11,2007,278806,262371,541177
12,2007,281462,265673,547135
13,2007,288104,272356,560460
14,2007,298835,283180,582015
15,2007,298832,282180,581012
16,2007,300870,284947,585817
17,2007,296764,280948,577712
18,2007,301680,283555,585235
19,2007,291544,274802,566346
20,2007,293109,279226,572335
21,2007,300411,290424,590835
22,2007,306548,296571,603119
23,2007,315034,305090,620124
24,2007,327016,320268,647284
25,2007,332003,327362,659365
26,2007,342606,337644,680250
27,2007,356968,353846,710814
28,2007,379164,376888,756052
29,2007,395887,393743,789630
30,2007,419203,415645,834848
31,2007,442601,438260,880861
32,2007,462439,454605,917044
33,2007,460224,453181,913405
34,2007,463331,459122,922453
35,2007,467274,466619,933893
36,2007,464434,462788,927222
37,2007,478937,477430,956367
38,2007,474035,472148,946183
39,2007,476746,475018,951764
40,2007,488108,485635,973743
41,2007,487497,485734,973231
42,2007,493251,492444,985695
43,2007,462179,465487,927666
44,2007,446767,451975,898742
45,2007,438494,444451,882945
46,2007,424553,431844,856397
47,2007,414912,421228,836140
48,2007,396063,404105,800168
49,2007,392193,400913,793106
50,2007,386436,396592,783028
51,2007,380016,391722,771738
52,2007,374289,388358,762647
53,2007,359774,371017,730791
54,2007,355056,369884,724940
55,2007,354803,371149,725952
56,2007,369328,386128,755456
57,2007,371721,388218,759939
58,2007,388384,407054,795438
59,2007,380597,398676,779273
60,2007,380949,402187,783136
61,2007,295240,314166,609406
62,2007,302549,324137,626686
63,2007,304824,331023,635847
64,2007,302330,331289,633619
65,2007,303552,336232,639784
66,2007,332664,371203,703867
67,2007,326901,366025,692926
68,2007,314914,356823,671737
69,2007,288608,332305,620913
70,2007,269358,317682,587040
71,2007,272415,325689,598104
72,2007,259950,317518,577468
73,2007,248837,310132,558969
74,2007,234543,302067,536610
75,2007,229293,302897,532190
76,2007,228663,311500,540163
77,2007,200616,281460,482076
78,2007,188203,274293,462496
79,2007,178794,265384,444178
80,2007,160877,252818,413695
81,2007,147084,241154,388238
82,2007,129904,227369,357273
83,2007,113418,215783,329201
84,2007,100431,202869,303300
85,2007,88176,184893,273069
86,2007,73670,164603,238273
87,2007,43676,97199,140875
88,2007,27997,65858,93855
89,2007,24918,60276,85194
90,2007,25460,64430,89890
91,2007,25690,66167,91857
92,2007,20481,55024,75505
93,2007,15945,44855,60800
94,2007,11716,36080,47796
95,2007,7690,25859,33549
96,2007,5490,18856,24346
97,2007,3218,12138,15356
98,2007,1869,8019,9888
99,2007,1048,4897,5945
100,2007,1649,7473,9122
0,2008,288756,271944,560700
1,2008,288524,271504,560028
2,2008,286884,269262,556146
3,2008,289244,273756,563000
4,2008,285321,269433,554754
5,2008,282742,267184,549926
6,2008,282598,267034,549632
7,2008,287279,270292,557571
8,2008,282488,267348,549836
9,2008,281966,265015,546981
10,2008,280671,264459,545130
11,2008,282171,265753,547924
12,2008,281692,264971,546663
13,2008,284599,268422,553021
14,2008,291052,274967,566019
15,2008,301582,285630,587212
16,2008,301159,284263,585422
17,2008,303591,287081,590672
18,2008,300965,283930,584895
19,2008,306687,288143,594830
20,2008,296922,281136,578058
21,2008,298392,285748,584140
22,2008,306272,298399,604671
23,2008,312976,305284,618260
24,2008,321290,313449,634739
25,2008,333347,329088,662435
26,2008,338213,336031,674244
27,2008,349221,346436,695657
28,2008,363503,364074,727577
29,2008,386180,385870,772050
30,2008,403625,402587,806212
31,2008,425683,422915,848598
32,2008,447933,443171,891104
33,2008,467245,460251,927496
34,2008,462096,460656,922752
35,2008,466632,465106,931738
36,2008,472354,472826,945180
37,2008,469273,468507,937780
38,2008,482930,483137,966067
39,2008,478400,478454,956854
40,2008,480755,481438,962193
41,2008,490373,489863,980236
42,2008,489613,490036,979649
43,2008,495533,496959,992492
44,2008,463954,469596,933550
45,2008,448265,455810,904075
46,2008,439688,448052,887740
47,2008,425787,435261,861048
48,2008,416045,424935,840980
49,2008,396829,407729,804558
50,2008,392965,404287,797252
51,2008,386760,399249,786009
52,2008,380077,394014,774091
53,2008,374124,390083,764207
54,2008,359231,372385,731616
55,2008,354195,370517,724712
56,2008,353747,371360,725107
57,2008,367886,386054,753940
58,2008,370235,388409,758644
59,2008,386674,407058,793732
60,2008,378750,398634,777384
61,2008,378777,401801,780578
62,2008,292974,313273,606247
63,2008,300216,323161,623377
64,2008,302014,329745,631759
65,2008,299525,329688,629213
66,2008,300281,334244,634525
67,2008,328524,368827,697351
68,2008,322183,363578,685761
69,2008,309955,354476,664431
70,2008,283630,329875,613505
71,2008,263806,314379,578185
72,2008,266016,321952,587968
73,2008,253261,313658,566919
74,2008,241432,305605,547037
75,2008,226560,296773,523333
76,2008,220503,296747,517250
77,2008,219222,304305,523527
78,2008,191462,274199,465661
79,2008,178378,266285,444663
80,2008,168826,256626,425452
81,2008,150518,242848,393366
82,2008,136173,230169,366342
83,2008,117044,215473,332517
84,2008,102624,202735,305359
85,2008,90132,189124,279256
86,2008,78360,169886,248246
87,2008,64516,148854,213370
88,2008,37613,87179,124792
89,2008,23577,58362,81939
90,2008,20626,52648,73274
91,2008,20518,55188,75706
92,2008,20285,55527,75812
93,2008,15939,45437,61376
94,2008,12071,36006,48077
95,2008,8642,28062,36704
96,2008,5502,19552,25054
97,2008,3779,13780,17559
98,2008,2136,8735,10871
99,2008,1196,5447,6643
100,2008,1701,7874,9575
0,2009,293072,277719,570791
1,2009,289814,273207,563021
2,2009,289944,272696,562640
3,2009,288619,270574,559193
4,2009,290529,274598,565127
5,2009,287063,270900,557963
6,2009,284550,268736,553286
7,2009,285368,269411,554779
8,2009,290042,272701,562743
9,2009,285047,269448,554495
10,2009,285051,267642,552693
11,2009,283706,267301,551007
12,2009,285188,268183,553371
13,2009,284612,267326,551938
14,2009,287739,270945,558684
15,2009,294126,277490,571616
16,2009,304613,288086,592699
17,2009,304083,286492,590575
18,2009,307832,290183,598015
19,2009,305747,288569,594316
20,2009,311275,294037,605312
21,2009,302270,288167,590437
22,2009,303779,292740,596519
23,2009,312198,305944,618142
24,2009,319389,313318,632707
25,2009,327373,321096,648469
26,2009,338931,336787,675718
27,2009,343501,343127,686628
28,2009,354598,354893,709491
29,2009,368829,370944,739773
30,2009,392519,393133,785652
31,2009,408717,407674,816391
32,2009,429624,425910,855534
33,2009,450765,446335,897100
34,2009,467613,466356,933969
35,2009,463724,465006,928730
36,2009,470520,469704,940224
37,2009,475456,476920,952376
38,2009,471977,472621,944598
39,2009,485635,487118,972753
40,2009,481082,482952,964034
41,2009,483131,486025,969156
42,2009,491825,493135,984960
43,2009,491003,493334,984337
44,2009,496971,500571,997542
45,2009,464929,472798,937727
46,2009,448893,458766,907659
47,2009,440118,450822,890940
48,2009,426319,438019,864338
49,2009,416395,427813,844208
50,2009,397045,410535,807580
51,2009,393165,407180,800345
52,2009,386619,401415,788034
53,2009,379743,395775,775518
54,2009,373443,391588,765031
55,2009,358474,373597,732071
56,2009,353028,371103,724131
57,2009,352273,371332,723605
58,2009,366470,385951,752421
59,2009,368587,388570,757157
60,2009,384666,407209,791875
61,2009,376669,398578,775247
62,2009,376473,401281,777754
63,2009,290749,312377,603126
64,2009,297684,322370,620054
65,2009,299221,328561,627782
66,2009,296414,328237,624651
67,2009,296493,332433,628926
68,2009,324201,366469,690670
69,2009,317252,361096,678348
70,2009,304583,352068,656651
71,2009,278351,327317,605668
72,2009,257907,311009,568916
73,2009,259341,318016,577357
74,2009,246093,309203,555296
75,2009,233671,300445,534116
76,2009,218239,291121,509360
77,2009,211311,289745,501056
78,2009,209334,296385,505719
79,2009,181457,266101,447558
80,2009,167825,257247,425072
81,2009,157723,246769,404492
82,2009,139637,231758,371395
83,2009,122388,217665,340053
84,2009,105589,202168,307757
85,2009,92900,188729,281629
86,2009,79806,174564,254370
87,2009,68713,153863,222576
88,2009,55639,132046,187685
89,2009,31743,76933,108676
90,2009,19486,50723,70209
91,2009,16651,44873,61524
92,2009,16225,46367,62592
93,2009,15640,45585,61225
94,2009,11878,36675,48553
95,2009,8808,28132,36940
96,2009,6057,21233,27290
97,2009,3764,14415,18179
98,2009,2499,9850,12349
99,2009,1413,6056,7469
100,2009,1811,8347,10158
0,2010,289377,272945,562322
1,2010,292642,277321,569963
2,2010,290510,273807,564317
3,2010,290910,273626,564536
4,2010,289723,271176,560899
5,2010,291180,275231,566411
6,2010,288196,271852,560048
7,2010,285727,269760,555487
8,2010,287562,271143,558705
9,2010,292548,274644,567192
10,2010,287074,271122,558196
11,2010,287660,269801,557461
12,2010,286343,269437,555780
13,2010,287533,270100,557633
14,2010,287118,269237,556355
15,2010,290499,273040,563539
16,2010,296991,279655,576646
17,2010,307701,290241,597942
18,2010,308168,288974,597142
19,2010,311855,294029,605884
20,2010,309326,293154,602480
21,2010,314703,299503,614206
22,2010,306044,294223,600267
23,2010,307650,298617,606267
24,2010,316142,312002,628144
25,2010,323523,319476,642999
26,2010,331355,326861,658216
27,2010,342322,341941,684263
28,2010,346191,348499,694690
29,2010,357640,358789,716429
30,2010,371641,374959,746600
31,2010,394633,396477,791110
32,2010,410191,409155,819346
33,2010,430306,427759,858065
34,2010,449387,449988,899375
35,2010,467616,469274,936890
36,2010,465586,468143,933729
37,2010,471824,472505,944329
38,2010,476070,479630,955700
39,2010,473009,475282,948291
40,2010,486346,489586,975932
41,2010,482058,486062,968120
42,2010,483954,489262,973216
43,2010,491911,495515,987426
44,2010,491048,495552,986600
45,2010,497244,503045,1000289
46,2010,464886,474752,939638
47,2010,448706,460538,909244
48,2010,439708,452596,892304
49,2010,425889,439569,865458
50,2010,415954,429559,845513
51,2010,396499,412359,808858
52,2010,392751,409143,801894
53,2010,385779,402734,788513
54,2010,378780,396767,775547
55,2010,372378,392427,764805
56,2010,357278,374195,731473
57,2010,351302,371019,722321
58,2010,350622,371003,721625
59,2010,364549,385444,749993
60,2010,366604,388245,754849
61,2010,382337,406834,789171
62,2010,374164,398165,772329
63,2010,373839,400469,774308
64,2010,287995,311253,599248
65,2010,294812,321074,615886
66,2010,296051,327098,623149
67,2010,292785,326368,619153
68,2010,292233,330172,622405
69,2010,319144,363683,682827
70,2010,311724,358198,669922
71,2010,298766,349080,647846
72,2010,272553,323938,596491
73,2010,251240,306987,558227
74,2010,252049,313406,565455
75,2010,238282,304193,542475
76,2010,225328,294627,519955
77,2010,209318,284433,493751
78,2010,201448,282067,483515
79,2010,198693,287443,486136
80,2010,171202,257051,428253
81,2010,156783,247272,404055
82,2010,146611,235851,382462
83,2010,125872,219844,345716
84,2010,110219,204448,314667
85,2010,95379,188080,283459
86,2010,83358,173747,257105
87,2010,70011,158391,228402
88,2010,59444,136290,195734
89,2010,47648,117639,165287
90,2010,26278,66724,93002
91,2010,15826,43240,59066
92,2010,13105,37600,50705
93,2010,12546,37960,50506
94,2010,11813,37162,48975
95,2010,8798,29293,38091
96,2010,6281,21805,28086
97,2010,4264,15939,20203
98,2010,2539,10438,12977
99,2010,1616,6931,8547
100,2010,1951,9346,11297
0,2011,284926,268292,553218
1,2011,288996,272698,561694
2,2011,292330,276734,569064
3,2011,291096,274123,565219
4,2011,291559,274004,565563
5,2011,290356,271708,562064
6,2011,291568,275384,566952
7,2011,289164,272571,561735
8,2011,286656,270536,557192
9,2011,289425,272627,562052
10,2011,294729,276367,571096
11,2011,288823,272376,561199
12,2011,289857,271634,561491
13,2011,288632,271318,559950
14,2011,289631,271761,561392
15,2011,289271,270967,560238
16,2011,293035,274888,567923
17,2011,299729,281501,581230
18,2011,311417,292707,604124
19,2011,311455,292408,603863
20,2011,314447,298129,612576
21,2011,312378,298164,610542
22,2011,318409,305411,623820
23,2011,310614,300985,611599
24,2011,311672,304822,616494
25,2011,320881,318319,639200
26,2011,328163,325924,654087
27,2011,335702,332502,668204
28,2011,346365,347581,693946
29,2011,349372,352563,701935
30,2011,361153,362433,723586
31,2011,373974,377856,751830
32,2011,396521,398293,794814
33,2011,411439,411244,822683
34,2011,430001,431702,861703
35,2011,449630,452898,902528
36,2011,469717,472411,942128
37,2011,467035,471097,938132
38,2011,472523,475467,947990
39,2011,476753,482354,959107
40,2011,473709,478147,951856
41,2011,486811,492373,979184
42,2011,482861,489361,972222
43,2011,484452,492624,977076
44,2011,491850,498202,990052
45,2011,491111,498246,989357
46,2011,497280,505896,1003176
47,2011,464579,477191,941770
48,2011,448104,462956,911060
49,2011,438935,454693,893628
50,2011,425185,441620,866805
51,2011,415185,431636,846821
52,2011,395693,414395,810088
53,2011,392077,411259,803336
54,2011,384671,404190,788861
55,2011,377585,397845,775430
56,2011,371033,393238,764271
57,2011,355720,374737,730457
58,2011,349470,371063,720533
59,2011,348773,370683,719456
60,2011,362209,384880,747089
61,2011,364116,387857,751973
62,2011,379688,406334,786022
63,2011,371553,397477,769030
64,2011,370853,399412,770265
65,2011,285002,309954,594956
66,2011,291815,319607,611422
67,2011,292293,325189,617482
68,2011,288700,324140,612840
69,2011,287713,327531,615244
70,2011,313720,360445,674165
71,2011,305753,354816,660569
72,2011,292447,345690,638137
73,2011,266317,320479,586796
74,2011,244233,302571,546804
75,2011,244366,308260,552626
76,2011,230152,298435,528587
77,2011,216719,288418,505137
78,2011,200162,277061,477223
79,2011,191492,273713,465205
80,2011,187170,277831,465001
81,2011,160301,247053,407354
82,2011,144963,236524,381487
83,2011,132849,224073,356922
84,2011,113902,206958,320860
85,2011,99666,190600,290266
86,2011,85790,173739,259529
87,2011,74388,158557,232945
88,2011,60837,140742,201579
89,2011,50638,121334,171972
90,2011,40285,102945,143230
91,2011,21452,57204,78656
92,2011,12581,36323,48904
93,2011,10234,31168,41402
94,2011,9555,30787,40342
95,2011,8855,29881,38736
96,2011,6392,23388,29780
97,2011,4411,16894,21305
98,2011,2955,11785,14740
99,2011,1678,7529,9207
100,2011,2136,10970,13106
0,2012,276371,260976,537347
1,2012,284199,267521,551720
2,2012,288638,272305,560943
3,2012,291941,276194,568135
4,2012,291391,274233,565624
5,2012,292085,274353,566438
6,2012,290933,272236,563169
7,2012,292059,275749,567808
8,2012,289936,273229,563165
9,2012,287599,271383,558982
10,2012,290934,273859,564793
11,2012,296458,277727,574185
12,2012,290341,273613,563954
13,2012,291614,273119,564733
14,2012,290404,272846,563250
15,2012,291412,273193,564605
16,2012,291036,272355,563391
17,2012,295328,276474,571802
18,2012,302650,283674,586324
19,2012,314313,295815,610128
20,2012,313724,295950,609674
21,2012,316870,301848,618718
22,2012,315265,302850,618115
23,2012,321878,310649,632527
24,2012,314270,306373,620643
25,2012,315208,310013,625221
26,2012,324679,323551,648230
27,2012,332068,330562,662630
28,2012,339719,337857,677576
29,2012,349950,351057,701007
30,2012,353336,355580,708916
31,2012,363126,364182,727308
32,2012,375143,378094,753237
33,2012,396956,398956,795912
34,2012,410140,414062,824202
35,2012,429620,432952,862572
36,2012,451155,454385,905540
37,2012,470442,473688,944130
38,2012,467274,472566,939840
39,2012,472647,476752,949399
40,2012,476599,483711,960310
41,2012,473604,479402,953006
42,2012,486491,493757,980248
43,2012,482755,491145,973900
44,2012,484173,494596,978769
45,2012,491314,499410,990724
46,2012,490521,499519,990040
47,2012,496739,507206,1003945
48,2012,463790,478411,942201
49,2012,447093,464036,911129
50,2012,438002,455521,893523
51,2012,424271,442372,866643
52,2012,414236,432383,846619
53,2012,394705,415177,809882
54,2012,391094,411933,803027
55,2012,383438,404472,787910
56,2012,376209,398011,774220
57,2012,369584,393072,762656
58,2012,353981,374446,728427
59,2012,347559,370375,717934
60,2012,346670,369855,716525
61,2012,359837,383904,743741
62,2012,361558,386823,748381
63,2012,376695,405061,781756
64,2012,368344,396227,764571
65,2012,367416,397814,765230
66,2012,281885,308433,590318
67,2012,288280,317979,606259
68,2012,288316,323143,611459
69,2012,284304,321761,606065
70,2012,282976,324795,607771
71,2012,307960,357098,665058
72,2012,299524,351158,650682
73,2012,285869,341772,627641
74,2012,259553,316296,575849
75,2012,237140,297983,535123
76,2012,236452,302676,539128
77,2012,221687,292181,513868
78,2012,207810,281554,489364
79,2012,190524,269405,459929
80,2012,181207,264941,446148
81,2012,174754,267765,442519
82,2012,149547,236652,386199
83,2012,133558,225044,358602
84,2012,117944,211647,329591
85,2012,102648,193449,296097
86,2012,89057,176259,265316
87,2012,75568,158729,234297
88,2012,64787,142577,207364
89,2012,51941,122092,174033
90,2012,42398,105576,147974
91,2012,33288,88526,121814
92,2012,17333,48310,65643
93,2012,9992,30023,40015
94,2012,7914,25347,33261
95,2012,7250,24478,31728
96,2012,6605,23467,30072
97,2012,4745,18051,22796
98,2012,3132,12634,15766
99,2012,2066,8725,10791
100,2012,2543,12892,15435
0,2013,274396,259651,534047
1,2013,277263,261900,539163
2,2013,285627,268849,554476
3,2013,289965,273553,563518
4,2013,293142,277391,570533
5,2013,292645,275414,568059
6,2013,293208,275361,568569
7,2013,291830,273164,564994
8,2013,293038,276683,569721
9,2013,290885,274304,565189
10,2013,288628,272395,561023
11,2013,291961,274898,566859
12,2013,297654,278789,576443
13,2013,291474,274647,566121
14,2013,292462,274026,566488
15,2013,291460,273751,565211
16,2013,292705,274124,566829
17,2013,292756,273509,566265
18,2013,297615,278194,575809
19,2013,304931,286467,591398
20,2013,316728,299047,615775
21,2013,316248,299672,615920
22,2013,319945,306046,625991
23,2013,318710,307613,626323
24,2013,325955,315750,641705
25,2013,318445,311340,629785
26,2013,319702,314871,634573
27,2013,329253,328049,657302
28,2013,336685,334549,671234
29,2013,344069,341492,685561
30,2013,354403,354538,708941
31,2013,357437,358875,716312
32,2013,367257,367062,734319
33,2013,379047,380746,759793
34,2013,400364,401537,801901
35,2013,413265,416407,829672
36,2013,432642,434977,867619
37,2013,453647,456409,910056
38,2013,472710,475622,948332
39,2013,469243,474352,943595
40,2013,474635,478572,953207
41,2013,478236,485550,963786
42,2013,475248,481085,956333
43,2013,487731,495378,983109
44,2013,484038,492747,976785
45,2013,485085,496062,981147
46,2013,491914,500496,992410
47,2013,490987,500493,991480
48,2013,496794,508165,1004959
49,2013,463707,479248,942955
50,2013,446959,464796,911755
51,2013,437670,456235,893905
52,2013,423741,443104,866845
53,2013,413569,432864,846433
54,2013,393806,415553,809359
55,2013,389887,412280,802167
56,2013,382250,404470,786720
57,2013,374687,397821,772508
58,2013,367904,392716,760620
59,2013,352155,373954,726109
60,2013,345464,369650,715114
61,2013,344333,368874,713207
62,2013,357018,382561,739579
63,2013,358507,385196,743703
64,2013,373061,403174,776235
65,2013,364463,394031,758494
66,2013,363027,395395,758422
67,2013,278120,306228,584348
68,2013,283968,315606,599574
69,2013,283581,320373,603954
70,2013,279070,318785,597855
71,2013,277329,321350,598679
72,2013,301397,352887,654284
73,2013,292337,346553,638890
74,2013,278178,336737,614915
75,2013,251820,311125,562945
76,2013,229025,292442,521467
77,2013,227563,296314,523877
78,2013,212174,285070,497244
79,2013,197850,273683,471533
80,2013,180034,260768,440802
81,2013,170235,255072,425307
82,2013,162554,256292,418846
83,2013,137790,225089,362879
84,2013,121692,212333,334025
85,2013,106086,197679,303765
86,2013,91117,178928,270045
87,2013,77842,160835,238677
88,2013,64975,142792,207767
89,2013,54651,126324,180975
90,2013,43102,106197,149299
91,2013,34376,90055,124431
92,2013,26385,73811,100196
93,2013,13408,39462,52870
94,2013,7537,23847,31384
95,2013,5820,19690,25510
96,2013,5138,18384,23522
97,2013,4490,17149,21639
98,2013,3169,12956,16125
99,2013,2058,8647,10705
100,2013,2752,13453,16205
0,2014,263091,249049,512140
1,2014,274308,259608,533916
2,2014,277877,262572,540449
3,2014,286447,269587,556034
4,2014,290759,274306,565065
5,2014,293794,277866,571660
6,2014,293185,276012,569197
7,2014,293710,275776,569486
8,2014,292144,273641,565785
9,2014,293604,277238,570842
10,2014,291367,274615,565982
11,2014,289073,272872,561945
12,2014,292448,275256,567704
13,2014,298347,279321,577668
14,2014,292206,275148,567354
15,2014,293083,274494,567577
16,2014,292208,274255,566463
17,2014,293718,274593,568311
18,2014,294502,274399,568901
19,2014,299027,280140,579167
20,2014,306062,288638,594700
21,2014,318057,301664,619721
22,2014,317846,302634,620480
23,2014,322142,309559,631701
24,2014,321559,311394,632953
25,2014,328699,319720,648419
26,2014,321492,315090,636582
27,2014,322889,318142,641031
28,2014,332483,330807,663290
29,2014,339593,337225,676818
30,2014,346790,343940,690730
31,2014,357333,356746,714079
32,2014,360006,360870,720876
33,2014,369914,368913,738827
34,2014,381638,382576,764214
35,2014,402746,403282,806028
36,2014,415455,417982,833437
37,2014,434559,436474,871033
38,2014,455256,457696,912952
39,2014,474211,476954,951165
40,2014,470309,475396,945705
41,2014,475791,479722,955513
42,2014,479048,486621,965669
43,2014,475921,482175,958096
44,2014,488216,496315,984531
45,2014,484426,493857,978283
46,2014,485241,497040,982281
47,2014,491658,500972,992630
48,2014,490621,500749,991370
49,2014,496284,508508,1004792
50,2014,463119,479485,942604
51,2014,446108,464957,911065
52,2014,436677,456328,893005
53,2014,422531,443089,865620
54,2014,412256,432943,845199
55,2014,392437,415471,807908
56,2014,388391,412007,800398
57,2014,380475,403875,784350
58,2014,372654,397037,769691
59,2014,365765,391890,757655
60,2014,349971,372885,722856
61,2014,343019,368357,711376
62,2014,341571,367457,709028
63,2014,353753,380681,734434
64,2014,355002,383108,738110
65,2014,369118,400647,769765
66,2014,360211,391258,751469
67,2014,357958,392470,750428
68,2014,273815,303629,577444
69,2014,279245,312739,591984
70,2014,278239,317047,595286
71,2014,273468,315237,588705
72,2014,271197,317400,588597
73,2014,294134,348255,642389
74,2014,284585,341565,626150
75,2014,270055,331186,601241
76,2014,243711,305376,549087
77,2014,220598,286405,507003
78,2014,218284,289329,507613
79,2014,202297,277333,479630
80,2014,187304,265009,452313
81,2014,169272,251571,420843
82,2014,158781,244531,403312
83,2014,150477,244227,394704
84,2014,126266,212887,339153
85,2014,110172,199094,309266
86,2014,94859,183266,278125
87,2014,80117,164164,244281
88,2014,67163,145744,212907
89,2014,55318,127451,182769
90,2014,45541,110823,156364
91,2014,35120,91708,126828
92,2014,27352,76257,103609
93,2014,20601,60836,81437
94,2014,10166,31669,41835
95,2014,5485,18744,24229
96,2014,4227,15148,19375
97,2014,3562,13596,17158
98,2014,2994,12368,15362
99,2014,2043,9110,11153
100,2014,2914,14338,17252
0,2015,257024,242916,499940
1,2015,262728,248720,511448
2,2015,273801,259094,532895
3,2015,277707,262193,539900
4,2015,286208,269439,555647
5,2015,290660,274255,564915
6,2015,293514,277703,571217
7,2015,292919,275863,568782
8,2015,293483,275646,569129
9,2015,292026,273581,565607
10,2015,293605,277324,570929
11,2015,291357,274698,566055
12,2015,289200,273046,562246
13,2015,292610,275346,567956
14,2015,298910,279597,578507
15,2015,292906,275346,568252
16,2015,293706,274741,568447
17,2015,293354,274592,567946
18,2015,295461,275267,570728
19,2015,296196,275871,572067
20,2015,300146,281729,581875
21,2015,306613,290228,596841
22,2015,319072,303644,622716
23,2015,318700,304910,623610
24,2015,323485,311741,635226
25,2015,322677,313495,636172
26,2015,329811,321616,651427
27,2015,322598,316685,639283
28,2015,323838,319565,643403
29,2015,333465,331866,665331
30,2015,340419,338119,678538
31,2015,347571,344702,692273
32,2015,358021,357517,715538
33,2015,360733,361340,722073
34,2015,370525,369258,739783
35,2015,382058,383052,765110
36,2015,403200,403526,806726
37,2015,415673,417966,833639
38,2015,434593,436564,871157
39,2015,454973,457831,912804
40,2015,473835,476897,950732
41,2015,469871,475376,945247
42,2015,475287,479818,955105
43,2015,478441,486782,965223
44,2015,475327,482280,957607
45,2015,487372,496417,983789
46,2015,483508,493744,977252
47,2015,484199,496971,981170
48,2015,490430,500680,991110
49,2015,489330,500229,989559
50,2015,494798,507939,1002737
51,2015,461668,479116,940784
52,2015,444572,464282,908854
53,2015,435068,455881,890949
54,2015,420784,442327,863111
55,2015,410440,432129,842569
56,2015,390470,414508,804978
57,2015,386480,410901,797381
58,2015,378206,402768,780974
59,2015,370303,395793,766096
60,2015,363367,390495,753862
61,2015,347396,371465,718861
62,2015,340215,366633,706848
63,2015,338447,365549,703996
64,2015,350234,378570,728804
65,2015,351362,380743,732105
66,2015,364783,397936,762719
67,2015,355537,388513,744050
68,2015,352690,389142,741832
69,2015,269542,300848,570390
70,2015,274323,309661,583984
71,2015,272828,313693,586521
72,2015,267714,311586,579300
73,2015,264916,313292,578208
74,2015,286601,343459,630060
75,2015,276728,336287,613015
76,2015,261569,325315,586884
77,2015,235069,299262,534331
78,2015,212053,279834,491887
79,2015,208514,281748,490262
80,2015,192113,268941,461054
81,2015,176607,255752,432359
82,2015,158764,241422,400186
83,2015,147406,233353,380759
84,2015,138188,231370,369558
85,2015,114599,200100,314699
86,2015,98780,185248,284028
87,2015,84022,168470,252492
88,2015,69610,149138,218748
89,2015,57239,130480,187719
90,2015,46367,112174,158541
91,2015,37409,95805,133214
92,2015,28203,77591,105794
93,2015,21417,63285,84702
94,2015,15765,49376,65141
95,2015,7552,25137,32689
96,2015,3998,14515,18513
97,2015,2994,11489,14483
98,2015,2435,9951,12386
99,2015,1998,8730,10728
100,2015,3026,15394,18420
0,2016,248474,234503,482977
1,2016,256954,242753,499707
2,2016,262071,248046,510117
3,2016,273332,258472,531804
4,2016,277314,261860,539174
5,2016,286000,269014,555014
6,2016,290495,273921,564416
7,2016,293071,277236,570307
8,2016,292714,275662,568376
9,2016,293478,275358,568836
10,2016,291809,273389,565198
11,2016,293508,277175,570683
12,2016,291390,274631,566021
13,2016,289277,273019,562296
14,2016,292798,275279,568077
15,2016,299427,279630,579057
16,2016,293672,275410,569082
17,2016,294786,274979,569765
18,2016,295551,275171,570722
19,2016,298107,276507,574614
20,2016,297986,277203,575189
21,2016,301681,282973,584654
22,2016,307779,291652,599431
23,2016,320541,305212,625753
24,2016,320083,306323,626406
25,2016,325190,313102,638292
26,2016,324163,314741,638904
27,2016,331241,322703,653944
28,2016,324127,317728,641855
29,2016,325440,320351,645791
30,2016,334869,332477,667346
31,2016,341615,338566,680181
32,2016,348424,345034,693458
33,2016,359018,357812,716830
34,2016,361522,361456,722978
35,2016,371593,369416,741009
36,2016,382630,383029,765659
37,2016,403662,403546,807208
38,2016,416077,417977,834054
39,2016,434613,436590,871203
40,2016,454769,457715,912484
41,2016,473527,476626,950153
42,2016,469437,475114,944551
43,2016,474884,479524,954408
44,2016,477838,486396,964234
45,2016,474512,481890,956402
46,2016,486455,496009,982464
47,2016,482453,493334,975787
48,2016,483006,496528,979534
49,2016,489062,500049,989111
50,2016,487896,499459,987355
51,2016,493112,506986,1000098
52,2016,459958,478271,938229
53,2016,442921,463407,906328
54,2016,433153,454903,888056
55,2016,418786,441306,860092
56,2016,408451,430989,839440
57,2016,388218,413339,801557
58,2016,384321,409442,793763
59,2016,375701,401306,777007
60,2016,367712,394070,761782
61,2016,360467,388687,749154
62,2016,344519,369593,714112
63,2016,337144,364697,701841
64,2016,334827,363373,698200
65,2016,346468,376067,722535
66,2016,347240,378044,725284
67,2016,359887,394927,754814
68,2016,350198,385242,735440
69,2016,346792,385509,732301
70,2016,264627,297725,562352
71,2016,268994,306256,575250
72,2016,266724,309729,576453
73,2016,261148,307140,568288
74,2016,257933,308429,566362
75,2016,278103,337725,615828
76,2016,267718,329979,597697
77,2016,251863,318372,570235
78,2016,225536,291763,517299
79,2016,202151,271832,473983
80,2016,197720,272564,470284
81,2016,180907,259008,439915
82,2016,164759,244593,409352
83,2016,146783,229533,376316
84,2016,134914,219734,354648
85,2016,124952,216264,341216
86,2016,102058,185166,287224
87,2016,86724,169076,255800
88,2016,72431,151869,224300
89,2016,58874,131864,190738
90,2016,47285,113300,160585
91,2016,37499,95411,132910
92,2016,29601,79857,109458
93,2016,21657,63309,84966
94,2016,16099,50295,66394
95,2016,11326,38015,49341
96,2016,5302,18968,24270
97,2016,2721,10525,13246
98,2016,1992,8150,10142
99,2016,1534,6724,8258
100,2016,2913,14785,17698
0,2017,241228,228728,469956
1,2017,248341,234634,482975
2,2017,256565,242535,499100
3,2017,261241,247328,508569
4,2017,272739,257945,530684
5,2017,276899,261416,538315
6,2017,285572,268651,554223
7,2017,289958,273526,563484
8,2017,292572,276877,569449
9,2017,292308,275426,567734
10,2017,293118,275233,568351
11,2017,291479,273280,564759
12,2017,293283,276949,570232
13,2017,291179,274469,565648
14,2017,289177,272829,562006
15,2017,292769,275138,567907
16,2017,299939,279574,579513
17,2017,295044,275376,570420
18,2017,299947,275422,575369
19,2017,301274,276264,577538
20,2017,302504,277669,580173
21,2017,302060,278394,580454
22,2017,304489,284180,588669
23,2017,310158,293110,603268
24,2017,323099,306521,629620
25,2017,321959,307576,629535
26,2017,328131,314305,642436
27,2017,326046,315961,642007
28,2017,333278,323900,657178
29,2017,325867,318828,644695
30,2017,327139,321317,648456
31,2017,336419,333056,669475
32,2017,342831,339055,681886
33,2017,349257,345399,694656
34,2017,359915,358124,718039
35,2017,362128,361717,723845
36,2017,372475,369437,741912
37,2017,382784,383077,765861
38,2017,403876,403454,807330
39,2017,416128,417703,833831
40,2017,434372,436419,870791
41,2017,454456,457395,911851
42,2017,472913,476278,949191
43,2017,468875,474618,943493
44,2017,474374,478948,953322
45,2017,477057,485881,962938
46,2017,473526,481415,954941
47,2017,485398,495362,980760
48,2017,481428,492690,974118
49,2017,481861,495995,977856
50,2017,487824,499262,987086
51,2017,486370,498679,985049
52,2017,491565,506056,997621
53,2017,458371,477327,935698
54,2017,441100,462369,903469
55,2017,431260,453861,885121
56,2017,416879,440114,856993
57,2017,406309,429802,836111
58,2017,386041,411964,798005
59,2017,381812,408019,789831
60,2017,373298,399758,773056
61,2017,365055,392325,757380
62,2017,357654,386942,744596
63,2017,341549,367794,709343
64,2017,333942,362669,696611
65,2017,331416,361030,692446
66,2017,342570,373652,716222
67,2017,342718,375279,717997
68,2017,354712,391756,746468
69,2017,344748,381850,726598
70,2017,340863,381705,722568
71,2017,259602,294474,554076
72,2017,263439,302586,566025
73,2017,260372,305626,565998
74,2017,254420,302547,556967
75,2017,250642,303385,554027
76,2017,269390,331814,601204
77,2017,258690,323180,581870
78,2017,242331,311084,553415
79,2017,215848,284208,500056
80,2017,192451,263653,456104
81,2017,186918,263179,450097
82,2017,169654,248719,418373
83,2017,153241,233268,386509
84,2017,135171,217424,352595
85,2017,122931,206292,329223
86,2017,112240,201195,313435
87,2017,90570,170537,261107
88,2017,75497,153693,229190
89,2017,62055,135815,197870
90,2017,49465,116076,165541
91,2017,38744,98132,136876
92,2017,30050,80943,110993
93,2017,23238,66322,89560
94,2017,16590,51497,68087
95,2017,11864,39690,51554
96,2017,8179,29445,37624
97,2017,3704,14256,17960
98,2017,1882,7725,9607
99,2017,1314,5831,7145
100,2017,2671,13887,16558
0,2018,234151,220915,455066
1,2018,241422,228990,470412
2,2018,248127,234683,482810
3,2018,256349,242295,498644
4,2018,260667,246685,507352
5,2018,272287,257429,529716
6,2018,276525,261051,537576
7,2018,285109,268393,553502
8,2018,289604,273114,562718
9,2018,292160,276713,568873
10,2018,292094,275230,567324
11,2018,292925,275158,568083
12,2018,291228,273250,564478
13,2018,293251,276933,570184
14,2018,291323,274611,565934
15,2018,289397,272785,562182
16,2018,293398,275243,568641
17,2018,302253,279736,581989
18,2018,302995,276335,579330
19,2018,310352,276933,587285
20,2018,307475,277991,585466
21,2018,307927,279695,587622
22,2018,306012,280254,586266
23,2018,307961,286044,594005
24,2018,312942,294761,607703
25,2018,325985,308048,634033
26,2018,323901,308621,632522
27,2018,330565,315371,645936
28,2018,327464,317051,644515
29,2018,334849,324785,659634
30,2018,327100,319536,646636
31,2018,328389,322059,650448
32,2018,337325,333392,670717
33,2018,343520,339536,683056
34,2018,349656,345759,695415
35,2018,360505,358356,718861
36,2018,362370,361916,724286
37,2018,372836,369423,742259
38,2018,382746,383049,765795
39,2018,403771,403283,807054
40,2018,415837,417390,833227
41,2018,433945,436186,870131
42,2018,453757,457176,910933
43,2018,472198,475962,948160
44,2018,468199,474308,942507
45,2018,473559,478447,952006
46,2018,476223,485328,961551
47,2018,472493,480790,953283
48,2018,484335,494802,979137
49,2018,480303,492006,972309
50,2018,480580,495334,975914
51,2018,486478,498410,984888
52,2018,484758,497597,982355
53,2018,489902,504982,994884
54,2018,456695,476246,932941
55,2018,439536,461194,900730
56,2018,429500,452738,882238
57,2018,414957,438847,853804
58,2018,404152,428318,832470
59,2018,383847,410519,794366
60,2018,379375,406350,785725
61,2018,370517,397946,768463
62,2018,362120,390419,752539
63,2018,354672,385062,739734
64,2018,338289,365709,703998
65,2018,330506,360443,690949
66,2018,327913,358837,686750
67,2018,338185,371028,709213
68,2018,338055,372375,710430
69,2018,349193,388241,737434
70,2018,338859,378008,716867
71,2018,334372,377512,711884
72,2018,254147,290767,544914
73,2018,257271,298366,555637
74,2018,253537,301054,554591
75,2018,247035,297431,544466
76,2018,242491,297729,540220
77,2018,259761,324864,584625
78,2018,248606,315430,564036
79,2018,231777,302592,534369
80,2018,205214,275421,480635
81,2018,181546,254323,435869
82,2018,174921,252162,427083
83,2018,157393,236817,394210
84,2018,140744,220396,361140
85,2018,122794,203753,326547
86,2018,110032,191007,301039
87,2018,99045,184256,283301
88,2018,78408,154077,232485
89,2018,64174,136402,200576
90,2018,51737,118638,170375
91,2018,40143,99427,139570
92,2018,30650,82326,112976
93,2018,23208,66497,89705
94,2018,17466,53178,70644
95,2018,12074,40152,52226
96,2018,8400,30307,38707
97,2018,5626,21681,27307
98,2018,2445,10250,12695
99,2018,1264,5425,6689
100,2018,2334,12650,14984
0,2019,221685,209322,431007
1,2019,234386,221360,455746
2,2019,241671,229142,470813
3,2019,248155,234791,482946
4,2019,256257,241983,498240
5,2019,260616,246502,507118
6,2019,272398,257211,529609
7,2019,276672,261137,537809
8,2019,285251,268440,553691
9,2019,289719,273327,563046
10,2019,292417,276854,569271
11,2019,292452,275360,567812
12,2019,293239,275337,568576
13,2019,291565,273470,565035
14,2019,293836,277332,571168
15,2019,292016,274845,566861
16,2019,290476,273141,563617
17,2019,295127,275663,570790
18,2019,306068,280805,586873
19,2019,307554,277981,585535
20,2019,313559,278559,592118
21,2019,310367,279760,590127
22,2019,310066,281529,591595
23,2019,308282,282222,590504
24,2019,310034,287929,597963
25,2019,314552,295813,610365
26,2019,327377,309013,636390
27,2019,325160,309439,634599
28,2019,331737,315976,647713
29,2019,328580,317952,646532
30,2019,336140,325542,661682
31,2019,328519,320439,648958
32,2019,329625,322805,652430
33,2019,338601,333935,672536
34,2019,344688,340206,684894
35,2019,350654,346311,696965
36,2019,361816,359005,720821
37,2019,363353,362537,725890
38,2019,373968,370021,743989
39,2019,383565,383503,767068
40,2019,404602,403489,808091
41,2019,416373,417606,833979
42,2019,434347,436238,870585
43,2019,453871,457197,911068
44,2019,472267,476041,948308
45,2019,468310,474216,942526
46,2019,473273,478371,951644
47,2019,475915,484958,960873
48,2019,471964,480428,952392
49,2019,483524,494321,977845
50,2019,479538,491414,970952
51,2019,479659,494767,974426
52,2019,485399,497603,983002
53,2019,483386,496845,980231
54,2019,488422,503941,992363
55,2019,455137,475227,930364
56,2019,437987,460125,898112
57,2019,427661,451673,879334
58,2019,413040,437639,850679
59,2019,401980,426948,828928
60,2019,381659,409121,790780
61,2019,376891,404686,781577
62,2019,367913,396279,764192
63,2019,359220,388661,747881
64,2019,351583,383041,734624
65,2019,335079,363608,698687
66,2019,327125,358334,685459
67,2019,324044,356386,680430
68,2019,333553,368268,701821
69,2019,333082,369230,702312
70,2019,343511,384579,728090
71,2019,332677,373966,706643
72,2019,327411,373031,700442
73,2019,248503,286936,535439
74,2019,250729,294077,544806
75,2019,246473,296099,542572
76,2019,239355,292150,531505
77,2019,234110,291653,525763
78,2019,250102,317534,567636
79,2019,238254,307068,545322
80,2019,220747,293682,514429
81,2019,194208,265955,460163
82,2019,170547,244166,414713
83,2019,163189,240485,403674
84,2019,145398,224338,369736
85,2019,128393,206790,335183
86,2019,110640,189589,300229
87,2019,97788,175587,273375
88,2019,86747,167490,254237
89,2019,67202,137574,204776
90,2019,53941,119934,173875
91,2019,42805,102465,145270
92,2019,32334,84147,116481
93,2019,24059,68264,92323
94,2019,17734,53762,71496
95,2019,13009,41874,54883
96,2019,8761,31075,39836
97,2019,5941,22901,28842
98,2019,3829,15821,19650
99,2019,1616,7369,8985
100,2019,2175,11957,14132
0,2020,212756,202218,414974
1,2020,224617,212168,436785
2,2020,235153,222161,457314
3,2020,242107,229589,471696
4,2020,248565,235204,483769
5,2020,256796,242348,499144
6,2020,260833,246458,507291
7,2020,272305,257168,529473
8,2020,276769,261133,537902
9,2020,285537,268609,554146
10,2020,289596,273168,562764
11,2020,292556,276781,569337
12,2020,292641,275384,568025
13,2020,293544,275519,569063
14,2020,292112,273759,565871
15,2020,294506,277704,572210
16,2020,292771,275235,568006
17,2020,291807,273582,565389
18,2020,298000,276707,574707
19,2020,308381,282363,590744
20,2020,308189,279269,587458
21,2020,313182,279835,593017
22,2020,309970,281029,590999
23,2020,309688,283094,592782
24,2020,307991,283641,591632
25,2020,309378,289242,598620
26,2020,313758,296568,610326
27,2020,326635,310107,636742
28,2020,324590,310423,635013
29,2020,331083,316710,647793
30,2020,328034,318718,646752
31,2020,335493,326158,661651
32,2020,327947,321148,649095
33,2020,329109,323293,652402
34,2020,338166,334375,672541
35,2020,344557,340457,685014
36,2020,350372,346606,696978
37,2020,361476,359300,720776
38,2020,363000,362693,725693
39,2020,373576,370154,743730
40,2020,383170,383701,766871
41,2020,403881,403611,807492
42,2020,415526,417680,833206
43,2020,433364,436100,869464
44,2020,453257,457174,910431
45,2020,471358,475833,947191
46,2020,467247,474137,941384
47,2020,472445,477972,950417
48,2020,474990,484718,959708
49,2020,470760,480305,951065
50,2020,482299,494026,976325
51,2020,478051,490930,968981
52,2020,478289,494239,972528
53,2020,483736,497079,980815
54,2020,481769,496286,978055
55,2020,486783,503388,990171
56,2020,453415,474410,927825
57,2020,436116,459353,895469
58,2020,425668,450711,876379
59,2020,411026,436621,847647
60,2020,399772,425767,825539
61,2020,379385,407946,787331
62,2020,374272,403219,777491
63,2020,365197,394534,759731
64,2020,356296,386962,743258
65,2020,348378,381206,729584
66,2020,331878,361610,693488
67,2020,323404,356098,679502
68,2020,320057,353899,673956
69,2020,329023,365461,694484
70,2020,328058,366082,694140
71,2020,337758,381061,718819
72,2020,326516,370061,696577
73,2020,320411,368668,689079
74,2020,242563,283182,525745
75,2020,244277,289606,533883
76,2020,239378,291246,530624
77,2020,231750,286596,518346
78,2020,225808,285508,511316
79,2020,240020,309824,549844
80,2020,227517,298567,526084
81,2020,209720,284151,493871
82,2020,183104,255966,439070
83,2020,159380,233554,392934
84,2020,151066,228511,379577
85,2020,132945,211312,344257
86,2020,115967,192830,308797
87,2020,98570,174836,273406
88,2020,85751,159752,245503
89,2020,74576,150085,224661
90,2020,56540,121480,178020
91,2020,44385,103848,148233
92,2020,34603,86770,121373
93,2020,25393,69890,95283
94,2020,18209,55242,73451
95,2020,13171,42478,55649
96,2020,9311,32136,41447
97,2020,6123,23179,29302
98,2020,4007,16553,20560
99,2020,2529,10892,13421
100,2020,2332,12472,14804
0,2021,208412,196544,404956
1,2021,216969,206300,423269
2,2021,228106,215465,443571
3,2021,238741,225498,464239
4,2021,246617,233858,480475
5,2021,253592,239726,493318
6,2021,257712,243319,501031
7,2021,262489,247948,510437
8,2021,273619,258440,532059
9,2021,278649,262846,541495
10,2021,287198,269994,557192
11,2021,291582,274675,566257
12,2021,294561,278502,573063
13,2021,294772,277231,572003
14,2021,295760,277420,573180
15,2021,294449,275666,570115
16,2021,296085,278695,574780
17,2021,294149,275524,569673
18,2021,292774,273389,566163
19,2021,299358,276924,576282
20,2021,309949,282960,592909
21,2021,308471,279574,588045
22,2021,313052,280705,593757
23,2021,309342,281499,590841
24,2021,308686,283102,591788
25,2021,306234,282947,589181
26,2021,306729,287493,594222
27,2021,310129,294211,604340
28,2021,323025,307046,630071
29,2021,320148,307617,627765
30,2021,327009,313564,640573
31,2021,323860,315642,639502
32,2021,331960,323448,655408
33,2021,324988,318664,643652
34,2021,326070,320941,647011
35,2021,335245,332033,667278
36,2021,342289,338839,681128
37,2021,348579,345027,693606
38,2021,359901,358229,718130
39,2021,361515,361595,723110
40,2021,372215,369202,741417
41,2021,381514,382824,764338
42,2021,402265,402664,804929
43,2021,413967,417088,831055
44,2021,431541,435290,866831
45,2021,451779,456301,908080
46,2021,469477,474653,944130
47,2021,465176,472837,938013
48,2021,470361,476386,946747
49,2021,472664,482867,955531
50,2021,468171,478082,946253
51,2021,479429,491151,970580
52,2021,474659,487595,962254
53,2021,475015,490597,965612
54,2021,479767,493209,972976
55,2021,477592,492347,969939
56,2021,482300,498964,981264
57,2021,449183,470280,919463
58,2021,431452,454905,886357
59,2021,420581,446361,866942
60,2021,405934,432200,838134
61,2021,394296,421054,815350
62,2021,373824,402963,776787
63,2021,368091,398570,766661
64,2021,359064,390100,749164
65,2021,350200,382732,732932
66,2021,342178,376946,719124
67,2021,325411,357196,682607
68,2021,319361,353270,672631
69,2021,315798,351241,667039
70,2021,324134,362392,686526
71,2021,322436,362533,684969
72,2021,331255,377092,708347
73,2021,319265,365772,685037
74,2021,312420,363872,676292
75,2021,235648,278760,514408
76,2021,236450,284553,521003
77,2021,230615,285333,515948
78,2021,222215,279972,502187
79,2021,215706,277958,493664
80,2021,227503,300257,527760
81,2021,214560,288098,502658
82,2021,195982,272579,468561
83,2021,169321,243701,413022
84,2021,145752,220210,365962
85,2021,136315,213540,349855
86,2021,118356,195261,313617
87,2021,101657,175772,277429
88,2021,84718,157267,241985
89,2021,72167,141049,213216
90,2021,61359,130133,191492
91,2021,45462,103024,148486
92,2021,34525,85660,120185
93,2021,26278,70004,96282
94,2021,18570,54643,73213
95,2021,12913,41947,54860
96,2021,9066,31227,40293
97,2021,6167,22849,29016
98,2021,3998,16115,20113
99,2021,2526,11109,13635
100,2021,2847,14330,17177
0,2022,205371,195255,400626
1,2022,209824,197810,407634
2,2022,217987,207196,425183
3,2022,228694,215944,444638
4,2022,239183,225570,464753
5,2022,245640,233044,478684
6,2022,252296,238523,490819
7,2022,260055,245536,505591
8,2022,263845,249119,512964
9,2022,275299,259960,535259
10,2022,280091,264218,544309
11,2022,288645,271368,560013
12,2022,292919,275957,568876
13,2022,295957,279801,575758
14,2022,296180,278508,574688
15,2022,297220,278674,575894
16,2022,295963,276845,572808
17,2022,299478,280939,580417
18,2022,295158,274550,569708
19,2022,294218,273072,567290
20,2022,299483,276153,575636
21,2022,307995,280508,588503
22,2022,306585,276923,583508
23,2022,310871,277904,588775
24,2022,307450,279469,586919
25,2022,307226,281322,588548
26,2022,304818,281629,586447
27,2022,306056,286744,592800
28,2022,309781,293909,603690
29,2022,322737,307123,629860
30,2022,320462,307805,628267
31,2022,327385,314003,641388
32,2022,324501,315916,640417
33,2022,333154,323709,656863
34,2022,325923,318791,644714
35,2022,327214,321096,648310
36,2022,336526,332206,668732
37,2022,343183,338992,682175
38,2022,349548,345105,694653
39,2022,361018,357984,719002
40,2022,362241,361207,723448
41,2022,372928,369016,741944
42,2022,382441,382644,765085
43,2022,403045,402520,805565
44,2022,414855,417187,832042
45,2022,432706,435229,867935
46,2022,452800,456347,909147
47,2022,470567,474641,945208
48,2022,466435,473075,939510
49,2022,471355,476715,948070
50,2022,473646,483171,956817
51,2022,469300,478407,947707
52,2022,480540,491553,972093
53,2022,475775,487952,963727
54,2022,476000,490893,966893
55,2022,481069,493808,974877
56,2022,478662,492768,971430
57,2022,483300,499325,982625
58,2022,449809,470176,919985
59,2022,431801,454417,886218
60,2022,420605,445450,866055
61,2022,405827,430828,836655
62,2022,393855,419315,813170
63,2022,373144,400873,774017
64,2022,367086,396301,763387
65,2022,357674,387503,745177
66,2022,348305,379960,728265
67,2022,339780,373354,713134
68,2022,323307,354570,677877
69,2022,314146,348843,662989
70,2022,309999,346511,656510
71,2022,317704,357328,675032
72,2022,315416,357140,672556
73,2022,323313,371104,694417
74,2022,310853,359551,670404
75,2022,303291,356948,660239
76,2022,227616,272894,500510
77,2022,227767,278056,505823
78,2022,221025,278075,499100
79,2022,211994,271851,483845
80,2022,204923,269090,474013
81,2022,214994,289391,504385
82,2022,201163,276268,477431
83,2022,182174,259546,441720
84,2022,156136,230238,386374
85,2022,132632,206074,338706
86,2022,122383,197860,320243
87,2022,104653,178743,283396
88,2022,88175,158660,246835
89,2022,72142,139930,212072
90,2022,60361,123386,183747
91,2022,50024,111473,161497
92,2022,36098,86552,122650
93,2022,26727,70213,96940
94,2022,19723,55782,75505
95,2022,13473,42582,56055
96,2022,9083,31719,40802
97,2022,6196,22975,29171
98,2022,4117,16411,20528
99,2022,2571,11171,13742
100,2022,3287,16427,19714
0,2023,203086,190834,393920
1,2023,207218,197034,404252
2,2023,211696,199551,411247
3,2023,219719,208732,428451
4,2023,230081,217293,447374
5,2023,240388,226752,467140
6,2023,247005,234312,481317
7,2023,253577,239574,493151
8,2023,261164,246566,507730
9,2023,264925,250184,515109
10,2023,276385,260983,537368
11,2023,281120,265099,546219
12,2023,289714,272242,561956
13,2023,294025,276869,570894
14,2023,297185,280786,577971
15,2023,297394,279486,576880
16,2023,298845,279547,578392
17,2023,298641,277701,576342
18,2023,304193,282146,586339
19,2023,300052,277103,577155
20,2023,298116,275666,573782
21,2023,303004,278844,581848
22,2023,311847,283874,595721
23,2023,310412,280399,590811
24,2023,314704,281478,596182
25,2023,311008,282940,593948
26,2023,310911,284846,595757
27,2023,308660,285302,593962
28,2023,309963,290555,600518
29,2023,313746,297739,611485
30,2023,326788,311199,637987
31,2023,324287,311646,635933
32,2023,331268,317678,648946
33,2023,327973,319514,647487
34,2023,336528,327242,663770
35,2023,329133,322167,651300
36,2023,329835,324401,654236
37,2023,338960,335336,674296
38,2023,345431,341933,687364
39,2023,351542,347925,699467
40,2023,362798,360668,723466
41,2023,363755,363732,727487
42,2023,374326,371342,745668
43,2023,383399,385004,768403
44,2023,403869,404671,808540
45,2023,415445,419171,834616
46,2023,433164,437072,870236
47,2023,453026,458033,911059
48,2023,470558,476322,946880
49,2023,466458,474728,941186
50,2023,471103,478132,949235
51,2023,473237,484471,957708
52,2023,468571,479621,948192
53,2023,479794,492654,972448
54,2023,474908,488974,963882
55,2023,474832,491849,966681
56,2023,479716,494413,974129
57,2023,477089,493124,970213
58,2023,481573,499748,981321
59,2023,447787,470470,918257
60,2023,429758,454591,884349
61,2023,418279,445337,863616
62,2023,403523,430584,834107
63,2023,391182,418597,809779
64,2023,370180,400259,770439
65,2023,363931,395446,759377
66,2023,354269,386248,740517
67,2023,344662,378252,722914
68,2023,335934,371628,707562
69,2023,318955,352187,671142
70,2023,309188,346323,655511
71,2023,304607,343361,647968
72,2023,311434,353764,665198
73,2023,308691,353143,661834
74,2023,315600,366069,681669
75,2023,302476,354023,656499
76,2023,294157,350711,644868
77,2023,219562,267324,486886
78,2023,218972,271655,490627
79,2023,211468,270587,482055
80,2023,201754,263597,465351
81,2023,193892,259877,453769
82,2023,201752,277832,479584
83,2023,187379,263599,450978
84,2023,167906,245636,413542
85,2023,142357,215951,358308
86,2023,119118,190900,310018
87,2023,108115,180952,289067
88,2023,90989,160844,251833
89,2023,74831,140419,215250
90,2023,59756,121773,181529
91,2023,48855,104919,153774
92,2023,39332,92832,132164
93,2023,27464,70257,97721
94,2023,19574,55020,74594
95,2023,13952,42500,56452
96,2023,9180,31452,40632
97,2023,5879,22541,28420
98,2023,4000,15836,19836
99,2023,2528,10875,13403
100,2023,3454,16991,20445
0,2024,195688,184942,380630
1,2024,204738,192455,397193
2,2024,208930,198642,407572
3,2024,213459,201122,414581
4,2024,221288,210212,431500
5,2024,231752,218688,450440
6,2024,241613,227751,469364
7,2024,248294,235369,483663
8,2024,255000,240818,495818
9,2024,262545,247842,510387
10,2024,266331,251495,517826
11,2024,277888,262271,540159
12,2024,282542,266330,548872
13,2024,291214,273403,564617
14,2024,295569,278076,573645
15,2024,298883,282062,580945
16,2024,299700,280540,580240
17,2024,302297,280729,583026
18,2024,304333,279127,583460
19,2024,309963,283627,593590
20,2024,304996,278991,583987
21,2024,302673,277626,580299
22,2024,306574,280348,586922
23,2024,315925,285778,601703
24,2024,314636,282812,597448
25,2024,319013,283771,602784
26,2024,314881,285002,599883
27,2024,314955,287166,602121
28,2024,312534,287713,600247
29,2024,314071,293105,607176
30,2024,317807,300228,618035
31,2024,330824,313830,644654
32,2024,327835,314038,641873
33,2024,335148,320205,655353
34,2024,331675,321747,653422
35,2024,340250,329595,669845
36,2024,332219,324559,656778
37,2024,332853,326604,659457
38,2024,341770,337568,679338
39,2024,347859,343824,691683
40,2024,353623,349773,703396
41,2024,364746,362336,727082
42,2024,365493,365254,730747
43,2024,375778,372880,748658
44,2024,384578,386392,770970
45,2024,405094,406122,811216
46,2024,416439,420285,836724
47,2024,433727,438351,872078
48,2024,453538,459117,912655
49,2024,470974,477197,948171
50,2024,466626,475508,942134
51,2024,471116,478896,950012
52,2024,473088,485090,958178
53,2024,468230,479854,948084
54,2024,479187,492932,972119
55,2024,474087,489034,963121
56,2024,473883,491676,965559
57,2024,478649,494278,972927
58,2024,475770,492722,968492
59,2024,479751,499138,978889
60,2024,445861,469662,915523
61,2024,427730,453553,881283
62,2024,416061,444128,860189
63,2024,401180,429136,830316
64,2024,388370,417065,805435
65,2024,367172,398413,765585
66,2024,360685,393327,754012
67,2024,350799,383711,734510
68,2024,340770,375749,716519
69,2024,332025,369420,701445
70,2024,314318,349292,663610
71,2024,304083,342972,647055
72,2024,298980,339697,638677
73,2024,305037,349450,654487
74,2024,301868,348453,650321
75,2024,307840,360537,668377
76,2024,294064,347927,641991
77,2024,284834,343900,628734
78,2024,211931,261173,473104
79,2024,210342,264845,475187
80,2024,202021,262650,464671
81,2024,191608,254887,446495
82,2024,182933,250132,433065
83,2024,188829,265675,454504
84,2024,174057,250543,424600
85,2024,154318,231568,385886
86,2024,129310,201391,330701
87,2024,106580,175795,282375
88,2024,95175,164400,259575
89,2024,78602,144433,223035
90,2024,63218,123444,186662
91,2024,49543,105054,154597
92,2024,39224,88811,128035
93,2024,30701,76769,107470
94,2024,20854,56482,77336
95,2024,14421,43022,57443
96,2024,9933,32104,42037
97,2024,6340,23031,29371
98,2024,3950,16264,20214
99,2024,2659,11180,13839
100,2024,3600,17611,21211
