Et√†,Anno,Totale maschi,Totale femmine,Totale,Totale maschi -1,Totale femmine -1,Totale -1,Totale maschi -2,Totale femmine -2,Totale -2,Totale maschi -3,Totale femmine -3,Totale -3,Totale maschi -4,Totale femmine -4,Totale -4,Totale maschi -5,Totale femmine -5,Totale -5
0,2002,268276,254731,523007,274518,259054,533572,272792,258707,531499,270959,255666,526625,273404,258674,532078,273472,258096,531568
1,2002,271976,257257,529233,271686,258000,529686,269376,254461,523837,270301,255967,526268,271549,256424,527973,268728,253591,522319
2,2002,270620,257511,528131,268009,253275,521284,268321,254294,522615,270552,255675,526227,268475,253479,521954,272417,257543,529960
3,2002,266706,252084,518790,266437,252662,519099,269711,255042,524753,268351,253565,521916,271667,256950,528617,279718,264921,544639
4,2002,264829,251128,515957,268841,254366,523207,268274,253600,521874,271017,256529,527546,278860,264305,543165,290732,275669,566401
5,2002,268123,253760,521883,268120,253597,521717,270494,256127,526621,278324,263880,542204,290059,275153,565212,273657,259476,533133
6,2002,268085,253689,521774,269896,255658,525554,277828,263498,541326,289596,274887,564483,277272,262772,540044,278264,264343,542607
7,2002,269530,255399,524929,277278,263025,540303,289156,274669,563825,280841,266041,546882,281425,267293,548718,277396,264044,541440
8,2002,276926,262711,539637,288717,274342,563059,284236,269050,553286,284385,270156,554541,279695,266174,545869,280479,265713,546192
9,2002,288501,274159,562660,287799,272245,560044,287390,272949,560339,281842,268147,549989,282659,267637,550296,272273,258519,530792
10,2002,291170,275204,566374,290480,275820,566300,284025,270075,554100,284707,269525,554232,273896,259759,533655,276998,263240,540238
11,2002,293330,278439,571769,286194,272129,558323,286776,271288,558064,275401,261019,536420,279050,265187,544237,287181,274665,561846
12,2002,288266,274015,562281,288884,273151,562035,276864,262284,539148,280996,266993,547989,289045,276325,565370,292133,278710,570843
13,2002,290996,274955,565951,278359,263524,541883,282929,268768,551697,290802,277870,568672,293872,280137,574009,300935,285946,586881
14,2002,279971,264790,544761,284992,270600,555592,292507,279324,571831,295479,281507,576986,302586,287349,589935,311102,297975,609077
15,2002,286758,272254,559012,294336,280947,575283,297087,282896,579983,304113,288730,592843,313079,299621,612700,317236,304241,621477
16,2002,295986,282370,578356,298797,284365,583162,305639,290085,595724,314848,301214,616062,318655,305701,624356,324159,310002,634161
17,2002,300400,285701,586101,307354,291517,598871,316652,302794,619446,319965,307152,627117,325578,311582,637160,335784,322034,657818
18,2002,308834,292943,601777,318587,304528,623115,321417,308668,630085,326986,313136,640122,336904,323400,660304,356566,342919,699485
19,2002,320091,306107,626198,322854,310294,633148,328420,314857,643277,337796,325004,662800,356999,343717,700716,370810,358365,729175
20,2002,323918,311733,635651,329992,317038,647030,338934,326774,665708,357355,344738,702093,370999,359207,730206,392035,379331,771366
21,2002,331241,319016,650257,340339,328815,669154,357946,345867,703813,371060,360280,731340,392106,380365,772471,415933,403916,819849
22,2002,341392,330636,672028,358858,347415,706273,371410,361451,732861,392081,381539,773620,416019,405204,821223,436312,424223,860535
23,2002,359526,348868,708394,371939,362946,734885,392272,382855,775127,416003,406568,822571,435955,425103,861058,438513,427393,865906
24,2002,372477,364365,736842,392702,384465,777167,416193,407944,824137,435451,426002,861453,437985,428185,866170,446743,434357,881100
25,2002,393202,385996,779198,416753,409659,826412,435260,426958,862218,437435,428928,866363,445986,435185,881171,455983,444623,900606
26,2002,417331,411288,828619,435280,428247,863527,437053,429710,866763,445402,435992,881394,455044,445228,900272,451017,440422,891439
27,2002,435484,429526,865010,437042,430741,867783,444865,436844,881709,454102,445819,899921,450539,441195,891734,465077,455074,920151
28,2002,437208,432426,869634,444591,437816,882407,453317,446371,899688,449863,441977,891840,464598,455727,920325,459638,449236,908874
29,2002,444829,438839,883668,452668,447054,899722,449237,442753,891990,464073,456485,920558,458993,449522,908515,463161,455258,918419
30,2002,452979,447945,900924,448919,443519,892438,463601,457093,920694,458239,449907,908146,462364,455179,917543,477173,470184,947357
31,2002,448928,444238,893166,463286,457812,921098,457522,450167,907689,461436,455080,916516,476520,470078,946598,477383,471849,949232
32,2002,463220,458147,921367,457063,450488,907551,460539,454899,915438,475663,470055,945718,476592,471768,948360,485551,479233,964784
33,2002,456815,451097,907912,459808,454802,914610,474868,469938,944806,475782,471762,947544,484534,478807,963341,454851,453395,908246
34,2002,459019,455802,914821,474211,469876,944087,474952,471658,946610,483447,478423,961870,454369,453383,907752,440798,440572,881370
35,2002,473799,470041,943840,474259,471598,945857,482403,477984,960387,453819,453413,907232,440407,440657,881064,435451,434957,870408
36,2002,474668,471821,946489,481438,477596,959034,453313,453372,906685,439925,440780,880705,434840,435076,869916,420305,421381,841686
37,2002,481113,477379,958492,452916,453359,906275,439417,440824,880241,434137,435151,869288,419985,421769,841754,412889,411686,824575
38,2002,452721,453404,906125,438985,440898,879883,433443,435197,868640,419460,422041,841501,412343,411617,823960,394871,395919,790790
39,2002,438786,440985,879771,432833,435291,868124,418946,422292,841238,411628,411517,823145,394217,395517,789734,392771,394012,786783
40,2002,432370,435359,867729,418535,422584,841119,410945,411332,822277,393447,395125,788572,391790,393382,785172,388551,391742,780293
41,2002,418288,422817,841105,410353,411209,821562,392684,394625,787309,390686,392667,783353,387659,391287,778946,383296,387201,770497
42,2002,409871,411070,820941,392015,394174,786189,389480,391891,781371,386730,390765,777495,382416,386919,769335,379881,385742,765623
43,2002,391514,393856,785370,388385,391195,779580,385714,390195,775909,381458,386576,768034,378739,385215,763954,365659,368917,734576
44,2002,387490,390625,778115,384764,389636,774400,380435,386210,766645,377529,384618,762147,364732,368523,733255,363915,370068,733983
45,2002,383939,389134,773073,379469,385858,765327,376195,384003,760198,363635,368087,731722,362817,369717,732534,364657,371878,736535
46,2002,378601,385440,764041,374931,383394,758325,362490,367585,730075,361669,369317,730986,363544,371675,735219,380999,388532,769531
47,2002,373714,382686,756400,361363,367075,728438,360384,368886,729270,362308,371361,733669,379704,388253,767957,384952,390968,775920
48,2002,360223,366465,726688,359177,368428,727605,361003,371101,732104,378326,387973,766299,383426,390169,773595,404598,411996,816594
49,2002,357894,367808,725702,359681,370838,730519,376871,387596,764467,381924,389318,771242,402625,410845,813470,398059,404654,802713
50,2002,358245,370295,728540,375362,387213,762575,380208,388371,768579,400625,409611,810236,395863,403193,799056,401011,410498,811509
51,2002,373760,386595,760355,378475,387444,765919,398549,408345,806894,393548,401805,795353,398584,409079,807663,313316,321725,635041
52,2002,376649,386417,763066,396336,406991,803327,391061,400272,791333,395977,407505,803482,311609,320870,632479,322888,332465,655353
53,2002,394008,405554,799562,388539,398724,787263,393227,405923,799150,309786,319974,629760,320812,331420,652232,327196,340263,667459
54,2002,386053,397265,783318,390498,404352,794850,307791,319040,626831,318652,330385,649037,325034,339340,664374,327826,343240,671066
55,2002,387731,402793,790524,305757,318052,623809,316318,329266,645584,322801,338357,661158,325316,342227,667543,331315,348333,679648
56,2002,303624,316897,620521,313884,328093,641977,320423,337229,657652,322785,341046,663831,328791,347461,676252,365596,386766,752362
57,2002,311363,326841,638204,317919,336047,653966,320036,339874,659910,326091,346480,672571,362579,385530,748109,362786,382223,745009
58,2002,315356,334764,650120,317237,338588,655825,323196,345453,668649,359391,384224,743615,359663,380840,740503,353097,374960,728057
59,2002,314309,337080,651389,320286,344323,664609,356064,382874,738938,356353,379313,735666,349718,373098,722816,327813,351081,678894
60,2002,317142,342897,660039,352667,381448,734115,352712,377676,730388,346073,371198,717271,324165,349122,673287,312463,339956,652419
61,2002,349088,379810,728898,349141,375866,725007,342149,369189,711338,320283,347117,667400,308725,338131,646856,321145,350506,671651
62,2002,345216,373870,719086,337992,367117,705109,316212,344913,661125,304789,336214,641003,316964,348639,665603,312257,344913,657170
63,2002,333879,364927,698806,311982,342553,654535,300794,334197,634991,312730,346509,659239,307796,342637,650433,306888,341093,647981
64,2002,307731,340237,647968,296627,332067,628694,308164,344395,652559,303010,340284,643294,301981,338599,640580,296355,336687,633042
65,2002,292289,329638,621927,303479,342045,645524,298080,337798,635878,296713,335878,632591,291123,334220,625343,297800,341658,639458
66,2002,298656,339492,638148,292968,335193,628161,291318,333086,624404,285665,331555,617220,292176,339096,631272,306182,357525,663707
67,2002,287723,332287,620010,285833,330219,616052,280018,328586,608604,286014,336229,622243,299589,354363,653952,277632,328491,606123
68,2002,280088,327011,607099,274094,325469,599563,279655,333154,612809,292442,350762,643204,271074,325012,596086,271792,326676,598468
69,2002,268085,322080,590165,273185,329922,603107,285049,346965,632014,264114,321401,585515,264421,322770,587191,264284,324563,588847
70,2002,266650,326356,593006,277736,342918,620654,256989,317555,574544,256394,318466,574860,256327,319877,576204,251398,318693,570091
71,2002,270106,338662,608768,249778,313375,563153,248339,313969,562308,247864,314825,562689,242953,313649,556602,241595,313760,555355
72,2002,242350,308947,551297,240286,309261,549547,239183,309503,548686,233926,308189,542115,232952,308586,541538,230254,306092,536346
73,2002,232157,304100,536257,230596,303817,534413,224940,302385,527325,223742,302816,526558,221262,300247,521509,221359,303259,524618
74,2002,221866,297974,519840,215784,296258,512042,214254,296800,511054,211727,293874,505601,212073,296884,508957,205539,296820,502359
75,2002,206836,289731,496567,204994,290337,495331,201941,287151,489092,202201,289873,492074,195945,289847,485792,194118,286805,480923
76,2002,195484,283492,478976,191876,279962,471838,192032,282390,474422,185879,282035,467914,184349,279372,463721,183976,278063,462039
77,2002,182007,272342,454349,181795,274509,456304,175753,273681,449434,174102,271164,445266,173561,269495,443056,112997,174590,287587
78,2002,170675,266140,436815,165655,265010,430665,163783,262398,426181,162694,260180,422874,106151,168516,274667,81659,130365,212024
79,2002,155308,255925,411233,153503,253202,406705,151957,250319,402276,99068,162116,261184,76192,125280,201472,81383,131229,212612
80,2002,140864,243600,384464,141121,239969,381090,91906,155244,247150,70349,119739,190088,75277,125398,200675,94825,157716,252541
81,2002,130286,229180,359466,84964,148109,233073,64708,113851,178559,69100,118958,188058,87217,149805,237022,110327,188998,299325
82,2002,78010,140926,218936,59346,107688,167034,62890,112156,175046,79423,141040,220463,100435,178412,278847,103604,183608,287212
83,2002,54136,101434,155570,57106,105201,162307,71622,131937,203559,90747,167048,257795,93703,172042,265745,95018,171935,266953
84,2002,51311,98414,149725,64170,122753,186923,81048,154996,236044,83351,159629,242980,85038,159732,244770,84620,158280,242900
85,2002,57260,113611,170871,71635,142994,214629,73502,146814,220316,75090,146746,221836,74669,145707,220376,67962,134951,202913
86,2002,63204,131070,194274,63978,133846,197824,65440,133539,198979,65026,132360,197386,59311,122687,181998,58729,121865,180594
87,2002,55684,119013,174697,56626,120366,176992,55778,118769,174547,50731,110157,160888,50390,109359,159749,45270,99612,144882
88,2002,48619,106928,155547,47297,105797,153094,43062,97909,140971,42474,96797,139271,38119,87854,125973,35967,84788,120755
89,2002,39876,93168,133044,36180,85854,122034,35345,84389,119734,31479,76285,107764,29679,73759,103438,26092,65660,91752
90,2002,30018,75102,105120,29272,72885,102157,25615,65363,90978,23998,62675,86673,21127,55887,77014,20279,53743,74022
91,2002,23792,62399,86191,20510,55306,75816,19198,52435,71633,16650,46773,63423,16074,44811,60885,15691,40001,55692
92,2002,16128,46385,62513,15007,43448,58455,12931,38372,51303,12400,36635,49035,12182,32691,44873,10647,31040,41687
93,2002,11500,35736,47236,9794,30940,40734,9499,29442,38941,9222,26182,35404,7980,24647,32627,7380,22361,29741
94,2002,7385,24856,32241,7131,23362,30493,6771,20530,27301,5835,19243,25078,5431,17545,22976,5416,17587,23003
95,2002,5180,18183,23363,4925,16128,21053,4200,14781,18981,3844,13339,17183,3951,13526,17477,3680,12254,15934
96,2002,3470,12930,16400,3023,11380,14403,2726,10011,12737,2856,10106,12962,2689,9256,11945,2571,8426,10997
97,2002,2107,8874,10981,1877,7456,9333,1976,7445,9421,1919,6724,8643,1715,6062,7777,1472,5501,6973
98,2002,1252,5586,6838,1366,5554,6920,1404,4896,6300,1120,4291,5411,951,3824,4775,868,3545,4413
99,2002,861,4005,4866,1103,3533,4636,792,3118,3910,587,2580,3167,560,2380,2940,639,2410,3049
100,2002,978,5143,6121,938,4497,5435,794,3971,4765,774,3742,4516,756,3621,4377,735,3280,4015
0,2003,275022,260634,535656,268276,254731,523007,274518,259054,533572,272792,258707,531499,270959,255666,526625,273404,258674,532078
1,2003,270053,256524,526577,271976,257257,529233,271686,258000,529686,269376,254461,523837,270301,255967,526268,271549,256424,527973
2,2003,273992,259134,533126,270620,257511,528131,268009,253275,521284,268321,254294,522615,270552,255675,526227,268475,253479,521954
3,2003,272154,258693,530847,266706,252084,518790,266437,252662,519099,269711,255042,524753,268351,253565,521916,271667,256950,528617
4,2003,268722,253762,522484,264829,251128,515957,268841,254366,523207,268274,253600,521874,271017,256529,527546,278860,264305,543165
5,2003,266989,252885,519874,268123,253760,521883,268120,253597,521717,270494,256127,526621,278324,263880,542204,290059,275153,565212
6,2003,270076,255358,525434,268085,253689,521774,269896,255658,525554,277828,263498,541326,289596,274887,564483,277272,262772,540044
7,2003,269977,255117,525094,269530,255399,524929,277278,263025,540303,289156,274669,563825,280841,266041,546882,281425,267293,548718
8,2003,271567,257147,528714,276926,262711,539637,288717,274342,563059,284236,269050,553286,284385,270156,554541,279695,266174,545869
9,2003,278853,264414,543267,288501,274159,562660,287799,272245,560044,287390,272949,560339,281842,268147,549989,282659,267637,550296
10,2003,290204,275716,565920,291170,275204,566374,290480,275820,566300,284025,270075,554100,284707,269525,554232,273896,259759,533655
11,2003,292323,276361,568684,293330,278439,571769,286194,272129,558323,286776,271288,558064,275401,261019,536420,279050,265187,544237
12,2003,294399,279464,573863,288266,274015,562281,288884,273151,562035,276864,262284,539148,280996,266993,547989,289045,276325,565370
13,2003,289323,275036,564359,290996,274955,565951,278359,263524,541883,282929,268768,551697,290802,277870,568672,293872,280137,574009
14,2003,292236,276122,568358,279971,264790,544761,284992,270600,555592,292507,279324,571831,295479,281507,576986,302586,287349,589935
15,2003,281176,265849,547025,286758,272254,559012,294336,280947,575283,297087,282896,579983,304113,288730,592843,313079,299621,612700
16,2003,287317,272666,559983,295986,282370,578356,298797,284365,583162,305639,290085,595724,314848,301214,616062,318655,305701,624356
17,2003,296722,282803,579525,300400,285701,586101,307354,291517,598871,316652,302794,619446,319965,307152,627117,325578,311582,637160
18,2003,301442,286613,588055,308834,292943,601777,318587,304528,623115,321417,308668,630085,326986,313136,640122,336904,323400,660304
19,2003,308961,293657,602618,320091,306107,626198,322854,310294,633148,328420,314857,643277,337796,325004,662800,356999,343717,700716
20,2003,319517,306653,626170,323918,311733,635651,329992,317038,647030,338934,326774,665708,357355,344738,702093,370999,359207,730206
21,2003,323067,312238,635305,331241,319016,650257,340339,328815,669154,357946,345867,703813,371060,360280,731340,392106,380365,772471
22,2003,330570,320051,650621,341392,330636,672028,358858,347415,706273,371410,361451,732861,392081,381539,773620,416019,405204,821223
23,2003,341334,332575,673909,359526,348868,708394,371939,362946,734885,392272,382855,775127,416003,406568,822571,435955,425103,861058
24,2003,360179,351576,711755,372477,364365,736842,392702,384465,777167,416193,407944,824137,435451,426002,861453,437985,428185,866170
25,2003,373898,367279,741177,393202,385996,779198,416753,409659,826412,435260,426958,862218,437435,428928,866363,445986,435185,881171
26,2003,394884,389186,784070,417331,411288,828619,435280,428247,863527,437053,429710,866763,445402,435992,881394,455044,445228,900272
27,2003,419024,414434,833458,435484,429526,865010,437042,430741,867783,444865,436844,881709,454102,445819,899921,450539,441195,891734
28,2003,437850,433779,871629,437208,432426,869634,444591,437816,882407,453317,446371,899688,449863,441977,891840,464598,455727,920325
29,2003,439903,435836,875739,444829,438839,883668,452668,447054,899722,449237,442753,891990,464073,456485,920558,458993,449522,908515
30,2003,448219,442410,890629,452979,447945,900924,448919,443519,892438,463601,457093,920694,458239,449907,908146,462364,455179,917543
31,2003,455203,450846,906049,448928,444238,893166,463286,457812,921098,457522,450167,907689,461436,455080,916516,476520,470078,946598
32,2003,451136,445597,896733,463220,458147,921367,457063,450488,907551,460539,454899,915438,475663,470055,945718,476592,471768,948360
33,2003,465028,461043,926071,456815,451097,907912,459808,454802,914610,474868,469938,944806,475782,471762,947544,484534,478807,963341
34,2003,457385,456301,913686,459019,455802,914821,474211,469876,944087,474952,471658,946610,483447,478423,961870,454369,453383,907752
35,2003,460877,458942,919819,473799,470041,943840,474259,471598,945857,482403,477984,960387,453819,453413,907232,440407,440657,881064
36,2003,477416,473160,950576,474668,471821,946489,481438,477596,959034,453313,453372,906685,439925,440780,880705,434840,435076,869916
37,2003,477485,473605,951090,481113,477379,958492,452916,453359,906275,439417,440824,880241,434137,435151,869288,419985,421769,841754
38,2003,483036,479357,962393,452721,453404,906125,438985,440898,879883,433443,435197,868640,419460,422041,841501,412343,411617,823960
39,2003,454341,454837,909178,438786,440985,879771,432833,435291,868124,418946,422292,841238,411628,411517,823145,394217,395517,789734
40,2003,439998,442069,882067,432370,435359,867729,418535,422584,841119,410945,411332,822277,393447,395125,788572,391790,393382,785172
41,2003,433225,435946,869171,418288,422817,841105,410353,411209,821562,392684,394625,787309,390686,392667,783353,387659,391287,778946
42,2003,419136,423380,842516,409871,411070,820941,392015,394174,786189,389480,391891,781371,386730,390765,777495,382416,386919,769335
43,2003,410671,411876,822547,391514,393856,785370,388385,391195,779580,385714,390195,775909,381458,386576,768034,378739,385215,763954
44,2003,392243,394841,787084,387490,390625,778115,384764,389636,774400,380435,386210,766645,377529,384618,762147,364732,368523,733255
45,2003,388256,391550,779806,383939,389134,773073,379469,385858,765327,376195,384003,760198,363635,368087,731722,362817,369717,732534
46,2003,384351,389609,773960,378601,385440,764041,374931,383394,758325,362490,367585,730075,361669,369317,730986,363544,371675,735219
47,2003,378853,385681,764534,373714,382686,756400,361363,367075,728438,360384,368886,729270,362308,371361,733669,379704,388253,767957
48,2003,373916,382940,756856,360223,366465,726688,359177,368428,727605,361003,371101,732104,378326,387973,766299,383426,390169,773595
49,2003,360227,366647,726874,357894,367808,725702,359681,370838,730519,376871,387596,764467,381924,389318,771242,402625,410845,813470
50,2003,357512,367501,725013,358245,370295,728540,375362,387213,762575,380208,388371,768579,400625,409611,810236,395863,403193,799056
51,2003,357837,369751,727588,373760,386595,760355,378475,387444,765919,398549,408345,806894,393548,401805,795353,398584,409079,807663
52,2003,373104,386000,759104,376649,386417,763066,396336,406991,803327,391061,400272,791333,395977,407505,803482,311609,320870,632479
53,2003,375899,386387,762286,394008,405554,799562,388539,398724,787263,393227,405923,799150,309786,319974,629760,320812,331420,652232
54,2003,393241,405584,798825,386053,397265,783318,390498,404352,794850,307791,319040,626831,318652,330385,649037,325034,339340,664374
55,2003,385362,397342,782704,387731,402793,790524,305757,318052,623809,316318,329266,645584,322801,338357,661158,325316,342227,667543
56,2003,386795,402532,789327,303624,316897,620521,313884,328093,641977,320423,337229,657652,322785,341046,663831,328791,347461,676252
57,2003,302262,316371,618633,311363,326841,638204,317919,336047,653966,320036,339874,659910,326091,346480,672571,362579,385530,748109
58,2003,310098,326244,636342,315356,334764,650120,317237,338588,655825,323196,345453,668649,359391,384224,743615,359663,380840,740503
59,2003,313625,334181,647806,314309,337080,651389,320286,344323,664609,356064,382874,738938,356353,379313,735666,349718,373098,722816
60,2003,312448,336164,648612,317142,342897,660039,352667,381448,734115,352712,377676,730388,346073,371198,717271,324165,349122,673287
61,2003,314989,341841,656830,349088,379810,728898,349141,375866,725007,342149,369189,711338,320283,347117,667400,308725,338131,646856
62,2003,346471,378480,724951,345216,373870,719086,337992,367117,705109,316212,344913,661125,304789,336214,641003,316964,348639,665603
63,2003,342175,372755,714930,333879,364927,698806,311982,342553,654535,300794,334197,634991,312730,346509,659239,307796,342637,650433
64,2003,330833,363759,694592,307731,340237,647968,296627,332067,628694,308164,344395,652559,303010,340284,643294,301981,338599,640580
65,2003,304794,339141,643935,292289,329638,621927,303479,342045,645524,298080,337798,635878,296713,335878,632591,291123,334220,625343
66,2003,288470,327779,616249,298656,339492,638148,292968,335193,628161,291318,333086,624404,285665,331555,617220,292176,339096,631272
67,2003,294246,337314,631560,287723,332287,620010,285833,330219,616052,280018,328586,608604,286014,336229,622243,299589,354363,653952
68,2003,283133,329963,613096,280088,327011,607099,274094,325469,599563,279655,333154,612809,292442,350762,643204,271074,325012,596086
69,2003,274779,324493,599272,268085,322080,590165,273185,329922,603107,285049,346965,632014,264114,321401,585515,264421,322770,587191
70,2003,262273,319013,581286,266650,326356,593006,277736,342918,620654,256989,317555,574544,256394,318466,574860,256327,319877,576204
71,2003,260102,322608,582710,270106,338662,608768,249778,313375,563153,248339,313969,562308,247864,314825,562689,242953,313649,556602
72,2003,262663,334410,597073,242350,308947,551297,240286,309261,549547,239183,309503,548686,233926,308189,542115,232952,308586,541538
73,2003,234806,304704,539510,232157,304100,536257,230596,303817,534413,224940,302385,527325,223742,302816,526558,221262,300247,521509
74,2003,224282,299405,523687,221866,297974,519840,215784,296258,512042,214254,296800,511054,211727,293874,505601,212073,296884,508957
75,2003,214050,292910,506960,206836,289731,496567,204994,290337,495331,201941,287151,489092,202201,289873,492074,195945,289847,485792
76,2003,198355,283855,482210,195484,283492,478976,191876,279962,471838,192032,282390,474422,185879,282035,467914,184349,279372,463721
77,2003,186635,276515,463150,182007,272342,454349,181795,274509,456304,175753,273681,449434,174102,271164,445266,173561,269495,443056
78,2003,173240,265108,438348,170675,266140,436815,165655,265010,430665,163783,262398,426181,162694,260180,422874,106151,168516,274667
79,2003,159921,258060,417981,155308,255925,411233,153503,253202,406705,151957,250319,402276,99068,162116,261184,76192,125280,201472
80,2003,144806,247392,392198,140864,243600,384464,141121,239969,381090,91906,155244,247150,70349,119739,190088,75277,125398,200675
81,2003,129717,234367,364084,130286,229180,359466,84964,148109,233073,64708,113851,178559,69100,118958,188058,87217,149805,237022
82,2003,116995,219408,336403,78010,140926,218936,59346,107688,167034,62890,112156,175046,79423,141040,220463,100435,178412,278847
83,2003,70850,133133,203983,54136,101434,155570,57106,105201,162307,71622,131937,203559,90747,167048,257795,93703,172042,265745
84,2003,48660,94892,143552,51311,98414,149725,64170,122753,186923,81048,154996,236044,83351,159629,242980,85038,159732,244770
85,2003,45434,91165,136599,57260,113611,170871,71635,142994,214629,73502,146814,220316,75090,146746,221836,74669,145707,220376
86,2003,50189,104160,154349,63204,131070,194274,63978,133846,197824,65440,133539,198979,65026,132360,197386,59311,122687,181998
87,2003,54627,118198,172825,55684,119013,174697,56626,120366,176992,55778,118769,174547,50731,110157,160888,50390,109359,159749
88,2003,47420,105238,152658,48619,106928,155547,47297,105797,153094,43062,97909,140971,42474,96797,139271,38119,87854,125973
89,2003,40424,91227,131651,39876,93168,133044,36180,85854,122034,35345,84389,119734,31479,76285,107764,29679,73759,103438
90,2003,32581,79856,112437,30018,75102,105120,29272,72885,102157,25615,65363,90978,23998,62675,86673,21127,55887,77014
91,2003,23915,63138,87053,23792,62399,86191,20510,55306,75816,19198,52435,71633,16650,46773,63423,16074,44811,60885
92,2003,18639,51320,69959,16128,46385,62513,15007,43448,58455,12931,38372,51303,12400,36635,49035,12182,32691,44873
93,2003,12293,37424,49717,11500,35736,47236,9794,30940,40734,9499,29442,38941,9222,26182,35404,7980,24647,32627
94,2003,8472,28133,36605,7385,24856,32241,7131,23362,30493,6771,20530,27301,5835,19243,25078,5431,17545,22976
95,2003,5312,18999,24311,5180,18183,23363,4925,16128,21053,4200,14781,18981,3844,13339,17183,3951,13526,17477
96,2003,3718,13536,17254,3470,12930,16400,3023,11380,14403,2726,10011,12737,2856,10106,12962,2689,9256,11945
97,2003,2386,9411,11797,2107,8874,10981,1877,7456,9333,1976,7445,9421,1919,6724,8643,1715,6062,7777
98,2003,1406,6237,7643,1252,5586,6838,1366,5554,6920,1404,4896,6300,1120,4291,5411,951,3824,4775
99,2003,867,3835,4702,861,4005,4866,1103,3533,4636,792,3118,3910,587,2580,3167,560,2380,2940
100,2003,1201,5892,7093,978,5143,6121,938,4497,5435,794,3971,4765,774,3742,4516,756,3621,4377
0,2004,278646,263677,542323,275022,260634,535656,268276,254731,523007,274518,259054,533572,272792,258707,531499,270959,255666,526625
1,2004,276225,261795,538020,270053,256524,526577,271976,257257,529233,271686,258000,529686,269376,254461,523837,270301,255967,526268
2,2004,272492,258551,531043,273992,259134,533126,270620,257511,528131,268009,253275,521284,268321,254294,522615,270552,255675,526227
3,2004,276432,261075,537507,272154,258693,530847,266706,252084,518790,266437,252662,519099,269711,255042,524753,268351,253565,521916
4,2004,273990,260074,534064,268722,253762,522484,264829,251128,515957,268841,254366,523207,268274,253600,521874,271017,256529,527546
5,2004,271068,255691,526759,266989,252885,519874,268123,253760,521883,268120,253597,521717,270494,256127,526621,278324,263880,542204
6,2004,269528,254912,524440,270076,255358,525434,268085,253689,521774,269896,255658,525554,277828,263498,541326,289596,274887,564483
7,2004,272244,257186,529430,269977,255117,525094,269530,255399,524929,277278,263025,540303,289156,274669,563825,280841,266041,546882
8,2004,271960,256652,528612,271567,257147,528714,276926,262711,539637,288717,274342,563059,284236,269050,553286,284385,270156,554541
9,2004,273769,258991,532760,278853,264414,543267,288501,274159,562660,287799,272245,560044,287390,272949,560339,281842,268147,549989
10,2004,280940,266114,547054,290204,275716,565920,291170,275204,566374,290480,275820,566300,284025,270075,554100,284707,269525,554232
11,2004,292147,277352,569499,292323,276361,568684,293330,278439,571769,286194,272129,558323,286776,271288,558064,275401,261019,536420
12,2004,293603,277577,571180,294399,279464,573863,288266,274015,562281,288884,273151,562035,276864,262284,539148,280996,266993,547989
13,2004,295636,280467,576103,289323,275036,564359,290996,274955,565951,278359,263524,541883,282929,268768,551697,290802,277870,568672
14,2004,290590,276020,566610,292236,276122,568358,279971,264790,544761,284992,270600,555592,292507,279324,571831,295479,281507,576986
15,2004,293625,277257,570882,281176,265849,547025,286758,272254,559012,294336,280947,575283,297087,282896,579983,304113,288730,592843
16,2004,282748,267161,549909,287317,272666,559983,295986,282370,578356,298797,284365,583162,305639,290085,595724,314848,301214,616062
17,2004,288237,273276,561513,296722,282803,579525,300400,285701,586101,307354,291517,598871,316652,302794,619446,319965,307152,627117
18,2004,298093,283976,582069,301442,286613,588055,308834,292943,601777,318587,304528,623115,321417,308668,630085,326986,313136,640122
19,2004,303438,288369,591807,308961,293657,602618,320091,306107,626198,322854,310294,633148,328420,314857,643277,337796,325004,662800
20,2004,311416,295905,607321,319517,306653,626170,323918,311733,635651,329992,317038,647030,338934,326774,665708,357355,344738,702093
21,2004,322643,309940,632583,323067,312238,635305,331241,319016,650257,340339,328815,669154,357946,345867,703813,371060,360280,731340
22,2004,326997,316389,643386,330570,320051,650621,341392,330636,672028,358858,347415,706273,371410,361451,732861,392081,381539,773620
23,2004,336136,325371,661507,341334,332575,673909,359526,348868,708394,371939,362946,734885,392272,382855,775127,416003,406568,822571
24,2004,348128,339312,687440,360179,351576,711755,372477,364365,736842,392702,384465,777167,416193,407944,824137,435451,426002,861453
25,2004,368230,359612,727842,373898,367279,741177,393202,385996,779198,416753,409659,826412,435260,426958,862218,437435,428928,866363
26,2004,382877,376002,758879,394884,389186,784070,417331,411288,828619,435280,428247,863527,437053,429710,866763,445402,435992,881394
27,2004,404474,398072,802546,419024,414434,833458,435484,429526,865010,437042,430741,867783,444865,436844,881709,454102,445819,899921
28,2004,428659,424542,853201,437850,433779,871629,437208,432426,869634,444591,437816,882407,453317,446371,899688,449863,441977,891840
29,2004,448424,442804,891228,439903,435836,875739,444829,438839,883668,452668,447054,899722,449237,442753,891990,464073,456485,920558
30,2004,450364,444881,895245,448219,442410,890629,452979,447945,900924,448919,443519,892438,463601,457093,920694,458239,449907,908146
31,2004,456859,449922,906781,455203,450846,906049,448928,444238,893166,463286,457812,921098,457522,450167,907689,461436,455080,916516
32,2004,462571,456185,918756,451136,445597,896733,463220,458147,921367,457063,450488,907551,460539,454899,915438,475663,470055,945718
33,2004,457971,451459,909430,465028,461043,926071,456815,451097,907912,459808,454802,914610,474868,469938,944806,475782,471762,947544
34,2004,469602,468564,938166,457385,456301,913686,459019,455802,914821,474211,469876,944087,474952,471658,946610,483447,478423,961870
35,2004,463072,462766,925838,460877,458942,919819,473799,470041,943840,474259,471598,945857,482403,477984,960387,453819,453413,907232
36,2004,468023,465602,933625,477416,473160,950576,474668,471821,946489,481438,477596,959034,453313,453372,906685,439925,440780,880705
37,2004,482495,478432,960927,477485,473605,951090,481113,477379,958492,452916,453359,906275,439417,440824,880241,434137,435151,869288
38,2004,481752,478694,960446,483036,479357,962393,452721,453404,906125,438985,440898,879883,433443,435197,868640,419460,422041,841501
39,2004,487346,484752,972098,454341,454837,909178,438786,440985,879771,432833,435291,868124,418946,422292,841238,411628,411517,823145
40,2004,457723,459547,917270,439998,442069,882067,432370,435359,867729,418535,422584,841119,410945,411332,822277,393447,395125,788572
41,2004,443012,446588,889600,433225,435946,869171,418288,422817,841105,410353,411209,821562,392684,394625,787309,390686,392667,783353
42,2004,435760,440128,875888,419136,423380,842516,409871,411070,820941,392015,394174,786189,389480,391891,781371,386730,390765,777495
43,2004,421790,427543,849333,410671,411876,822547,391514,393856,785370,388385,391195,779580,385714,390195,775909,381458,386576,768034
44,2004,412856,416218,829074,392243,394841,787084,387490,390625,778115,384764,389636,774400,380435,386210,766645,377529,384618,762147
45,2004,394084,399170,793254,388256,391550,779806,383939,389134,773073,379469,385858,765327,376195,384003,760198,363635,368087,731722
46,2004,390153,395790,785943,384351,389609,773960,378601,385440,764041,374931,383394,758325,362490,367585,730075,361669,369317,730986
47,2004,385739,393117,778856,378853,385681,764534,373714,382686,756400,361363,367075,728438,360384,368886,729270,362308,371361,733669
48,2004,379828,388804,768632,373916,382940,756856,360223,366465,726688,359177,368428,727605,361003,371101,732104,378326,387973,766299
49,2004,374653,385857,760510,360227,366647,726874,357894,367808,725702,359681,370838,730519,376871,387596,764467,381924,389318,771242
50,2004,360668,369278,729946,357512,367501,725013,358245,370295,728540,375362,387213,762575,380208,388371,768579,400625,409611,810236
51,2004,357415,369567,726982,357837,369751,727588,373760,386595,760355,378475,387444,765919,398549,408345,806894,393548,401805,795353
52,2004,357542,371308,728850,373104,386000,759104,376649,386417,763066,396336,406991,803327,391061,400272,791333,395977,407505,803482
53,2004,372660,387108,759768,375899,386387,762286,394008,405554,799562,388539,398724,787263,393227,405923,799150,309786,319974,629760
54,2004,375286,387904,763190,393241,405584,798825,386053,397265,783318,390498,404352,794850,307791,319040,626831,318652,330385,649037
55,2004,392493,406848,799341,385362,397342,782704,387731,402793,790524,305757,318052,623809,316318,329266,645584,322801,338357,661158
56,2004,384614,398449,783063,386795,402532,789327,303624,316897,620521,313884,328093,641977,320423,337229,657652,322785,341046,663831
57,2004,385746,403026,788772,302262,316371,618633,311363,326841,638204,317919,336047,653966,320036,339874,659910,326091,346480,672571
58,2004,300793,316320,617113,310098,326244,636342,315356,334764,650120,317237,338588,655825,323196,345453,668649,359391,384224,743615
59,2004,308524,326114,634638,313625,334181,647806,314309,337080,651389,320286,344323,664609,356064,382874,738938,356353,379313,735666
60,2004,311934,333825,645759,312448,336164,648612,317142,342897,660039,352667,381448,734115,352712,377676,730388,346073,371198,717271
61,2004,310251,335319,645570,314989,341841,656830,349088,379810,728898,349141,375866,725007,342149,369189,711338,320283,347117,667400
62,2004,312485,340670,653155,346471,378480,724951,345216,373870,719086,337992,367117,705109,316212,344913,661125,304789,336214,641003
63,2004,343399,377030,720429,342175,372755,714930,333879,364927,698806,311982,342553,654535,300794,334197,634991,312730,346509,659239
64,2004,338754,371531,710285,330833,363759,694592,307731,340237,647968,296627,332067,628694,308164,344395,652559,303010,340284,643294
65,2004,327434,362478,689912,304794,339141,643935,292289,329638,621927,303479,342045,645524,298080,337798,635878,296713,335878,632591
66,2004,301424,337787,639211,288470,327779,616249,298656,339492,638148,292968,335193,628161,291318,333086,624404,285665,331555,617220
67,2004,284153,325670,609823,294246,337314,631560,287723,332287,620010,285833,330219,616052,280018,328586,608604,286014,336229,622243
68,2004,289320,334836,624156,283133,329963,613096,280088,327011,607099,274094,325469,599563,279655,333154,612809,292442,350762,643204
69,2004,277868,327241,605109,274779,324493,599272,268085,322080,590165,273185,329922,603107,285049,346965,632014,264114,321401,585515
70,2004,268910,321349,590259,262273,319013,581286,266650,326356,593006,277736,342918,620654,256989,317555,574544,256394,318466,574860
71,2004,255734,315206,570940,260102,322608,582710,270106,338662,608768,249778,313375,563153,248339,313969,562308,247864,314825,562689
72,2004,252750,318217,570967,262663,334410,597073,242350,308947,551297,240286,309261,549547,239183,309503,548686,233926,308189,542115
73,2004,254691,329365,584056,234806,304704,539510,232157,304100,536257,230596,303817,534413,224940,302385,527325,223742,302816,526558
74,2004,226546,299420,525966,224282,299405,523687,221866,297974,519840,215784,296258,512042,214254,296800,511054,211727,293874,505601
75,2004,215526,293746,509272,214050,292910,506960,206836,289731,496567,204994,290337,495331,201941,287151,489092,202201,289873,492074
76,2004,205374,286665,492039,198355,283855,482210,195484,283492,478976,191876,279962,471838,192032,282390,474422,185879,282035,467914
77,2004,189198,276807,466005,186635,276515,463150,182007,272342,454349,181795,274509,456304,175753,273681,449434,174102,271164,445266
78,2004,176881,268535,445416,173240,265108,438348,170675,266140,436815,165655,265010,430665,163783,262398,426181,162694,260180,422874
79,2004,163588,256538,420126,159921,258060,417981,155308,255925,411233,153503,253202,406705,151957,250319,402276,99068,162116,261184
80,2004,148236,248691,396927,144806,247392,392198,140864,243600,384464,141121,239969,381090,91906,155244,247150,70349,119739,190088
81,2004,133013,237164,370177,129717,234367,364084,130286,229180,359466,84964,148109,233073,64708,113851,178559,69100,118958,188058
82,2004,118645,223016,341661,116995,219408,336403,78010,140926,218936,59346,107688,167034,62890,112156,175046,79423,141040,220463
83,2004,103118,207775,310893,70850,133133,203983,54136,101434,155570,57106,105201,162307,71622,131937,203559,90747,167048,257795
84,2004,63598,124334,187932,48660,94892,143552,51311,98414,149725,64170,122753,186923,81048,154996,236044,83351,159629,242980
85,2004,43065,87596,130661,45434,91165,136599,57260,113611,170871,71635,142994,214629,73502,146814,220316,75090,146746,221836
86,2004,39566,83029,122595,50189,104160,154349,63204,131070,194274,63978,133846,197824,65440,133539,198979,65026,132360,197386
87,2004,42904,93491,136395,54627,118198,172825,55684,119013,174697,56626,120366,176992,55778,118769,174547,50731,110157,160888
88,2004,46042,103055,149097,47420,105238,152658,48619,106928,155547,47297,105797,153094,43062,97909,140971,42474,96797,139271
89,2004,39049,88777,127826,40424,91227,131651,39876,93168,133044,36180,85854,122034,35345,84389,119734,31479,76285,107764
90,2004,32661,77057,109718,32581,79856,112437,30018,75102,105120,29272,72885,102157,25615,65363,90978,23998,62675,86673
91,2004,25684,66372,92056,23915,63138,87053,23792,62399,86191,20510,55306,75816,19198,52435,71633,16650,46773,63423
92,2004,18343,51390,69733,18639,51320,69959,16128,46385,62513,15007,43448,58455,12931,38372,51303,12400,36635,49035
93,2004,14038,40661,54699,12293,37424,49717,11500,35736,47236,9794,30940,40734,9499,29442,38941,9222,26182,35404
94,2004,8989,28824,37813,8472,28133,36605,7385,24856,32241,7131,23362,30493,6771,20530,27301,5835,19243,25078
95,2004,5973,20981,26954,5312,18999,24311,5180,18183,23363,4925,16128,21053,4200,14781,18981,3844,13339,17183
96,2004,3605,13889,17494,3718,13536,17254,3470,12930,16400,3023,11380,14403,2726,10011,12737,2856,10106,12962
97,2004,2461,9519,11980,2386,9411,11797,2107,8874,10981,1877,7456,9333,1976,7445,9421,1919,6724,8643
98,2004,1531,6370,7901,1406,6237,7643,1252,5586,6838,1366,5554,6920,1404,4896,6300,1120,4291,5411
99,2004,891,4080,4971,867,3835,4702,861,4005,4866,1103,3533,4636,792,3118,3910,587,2580,3167
100,2004,1298,5902,7200,1201,5892,7093,978,5143,6121,938,4497,5435,794,3971,4765,774,3742,4516
0,2005,286668,271832,558500,278646,263677,542323,275022,260634,535656,268276,254731,523007,274518,259054,533572,272792,258707,531499
1,2005,280318,265278,545596,276225,261795,538020,270053,256524,526577,271976,257257,529233,271686,258000,529686,269376,254461,523837
2,2005,277714,263146,540860,272492,258551,531043,273992,259134,533126,270620,257511,528131,268009,253275,521284,268321,254294,522615
3,2005,274944,260601,535545,276432,261075,537507,272154,258693,530847,266706,252084,518790,266437,252662,519099,269711,255042,524753
4,2005,279102,263227,542329,273990,260074,534064,268722,253762,522484,264829,251128,515957,268841,254366,523207,268274,253600,521874
5,2005,276032,261655,537687,271068,255691,526759,266989,252885,519874,268123,253760,521883,268120,253597,521717,270494,256127,526621
6,2005,273850,257911,531761,269528,254912,524440,270076,255358,525434,268085,253689,521774,269896,255658,525554,277828,263498,541326
7,2005,272135,257132,529267,272244,257186,529430,269977,255117,525094,269530,255399,524929,277278,263025,540303,289156,274669,563825
8,2005,274460,259097,533557,271960,256652,528612,271567,257147,528714,276926,262711,539637,288717,274342,563059,284236,269050,553286
9,2005,274212,258543,532755,273769,258991,532760,278853,264414,543267,288501,274159,562660,287799,272245,560044,287390,272949,560339
10,2005,276572,261384,537956,280940,266114,547054,290204,275716,565920,291170,275204,566374,290480,275820,566300,284025,270075,554100
11,2005,283426,268196,551622,292147,277352,569499,292323,276361,568684,293330,278439,571769,286194,272129,558323,286776,271288,558064
12,2005,294367,279228,573595,293603,277577,571180,294399,279464,573863,288266,274015,562281,288884,273151,562035,276864,262284,539148
13,2005,295477,279174,574651,295636,280467,576103,289323,275036,564359,290996,274955,565951,278359,263524,541883,282929,268768,551697
14,2005,297175,281817,578992,290590,276020,566610,292236,276122,568358,279971,264790,544761,284992,270600,555592,292507,279324,571831
15,2005,292249,277460,569709,293625,277257,570882,281176,265849,547025,286758,272254,559012,294336,280947,575283,297087,282896,579983
16,2005,295661,278906,574567,282748,267161,549909,287317,272666,559983,295986,282370,578356,298797,284365,583162,305639,290085,595724
17,2005,285199,269013,554212,288237,273276,561513,296722,282803,579525,300400,285701,586101,307354,291517,598871,316652,302794,619446
18,2005,290868,275284,566152,298093,283976,582069,301442,286613,588055,308834,292943,601777,318587,304528,623115,321417,308668,630085
19,2005,299618,285877,585495,303438,288369,591807,308961,293657,602618,320091,306107,626198,322854,310294,633148,328420,314857,643277
20,2005,305238,290718,595956,311416,295905,607321,319517,306653,626170,323918,311733,635651,329992,317038,647030,338934,326774,665708
21,2005,313582,298673,612255,322643,309940,632583,323067,312238,635305,331241,319016,650257,340339,328815,669154,357946,345867,703813
22,2005,325576,313648,639224,326997,316389,643386,330570,320051,650621,341392,330636,672028,358858,347415,706273,371410,361451,732861
23,2005,330791,320757,651548,336136,325371,661507,341334,332575,673909,359526,348868,708394,371939,362946,734885,392272,382855,775127
24,2005,340859,330586,671445,348128,339312,687440,360179,351576,711755,372477,364365,736842,392702,384465,777167,416193,407944,824137
25,2005,354414,345460,699874,368230,359612,727842,373898,367279,741177,393202,385996,779198,416753,409659,826412,435260,426958,862218
26,2005,375540,366759,742299,382877,376002,758879,394884,389186,784070,417331,411288,828619,435280,428247,863527,437053,429710,866763
27,2005,390856,383265,774121,404474,398072,802546,419024,414434,833458,435484,429526,865010,437042,430741,867783,444865,436844,881709
28,2005,412893,407051,819944,428659,424542,853201,437850,433779,871629,437208,432426,869634,444591,437816,882407,453317,446371,899688
29,2005,437439,431387,868826,448424,442804,891228,439903,435836,875739,444829,438839,883668,452668,447054,899722,449237,442753,891990
30,2005,458047,450310,908357,450364,444881,895245,448219,442410,890629,452979,447945,900924,448919,443519,892438,463601,457093,920694
31,2005,457801,450376,908177,456859,449922,906781,455203,450846,906049,448928,444238,893166,463286,457812,921098,457522,450167,907689
32,2005,463228,453289,916517,462571,456185,918756,451136,445597,896733,463220,458147,921367,457063,450488,907551,460539,454899,915438
33,2005,468201,460369,928570,457971,451459,909430,465028,461043,926071,456815,451097,907912,459808,454802,914610,474868,469938,944806
34,2005,460899,457946,918845,469602,468564,938166,457385,456301,913686,459019,455802,914821,474211,469876,944087,474952,471658,946610
35,2005,474151,473035,947186,463072,462766,925838,460877,458942,919819,473799,470041,943840,474259,471598,945857,482403,477984,960387
36,2005,470096,467856,937952,468023,465602,933625,477416,473160,950576,474668,471821,946489,481438,477596,959034,453313,453372,906685
37,2005,473727,470176,943903,482495,478432,960927,477485,473605,951090,481113,477379,958492,452916,453359,906275,439417,440824,880241
38,2005,486243,482275,968518,481752,478694,960446,483036,479357,962393,452721,453404,906125,438985,440898,879883,433443,435197,868640
39,2005,485593,482353,967946,487346,484752,972098,454341,454837,909178,438786,440985,879771,432833,435291,868124,418946,422292,841238
40,2005,490976,488695,979671,457723,459547,917270,439998,442069,882067,432370,435359,867729,418535,422584,841119,410945,411332,822277
41,2005,460659,462906,923565,443012,446588,889600,433225,435946,869171,418288,422817,841105,410353,411209,821562,392684,394625,787309
42,2005,445520,449790,895310,435760,440128,875888,419136,423380,842516,409871,411070,820941,392015,394174,786189,389480,391891,781371
43,2005,438022,443048,881070,421790,427543,849333,410671,411876,822547,391514,393856,785370,388385,391195,779580,385714,390195,775909
44,2005,423870,430326,854196,412856,416218,829074,392243,394841,787084,387490,390625,778115,384764,389636,774400,380435,386210,766645
45,2005,414488,419149,833637,394084,399170,793254,388256,391550,779806,383939,389134,773073,379469,385858,765327,376195,384003,760198
46,2005,395662,402090,797752,390153,395790,785943,384351,389609,773960,378601,385440,764041,374931,383394,758325,362490,367585,730075
47,2005,391635,398808,790443,385739,393117,778856,378853,385681,764534,373714,382686,756400,361363,367075,728438,360384,368886,729270
48,2005,386663,395331,781994,379828,388804,768632,373916,382940,756856,360223,366465,726688,359177,368428,727605,361003,371101,732104
49,2005,380393,390794,771187,374653,385857,760510,360227,366647,726874,357894,367808,725702,359681,370838,730519,376871,387596,764467
50,2005,375107,387726,762833,360668,369278,729946,357512,367501,725013,358245,370295,728540,375362,387213,762575,380208,388371,768579
51,2005,360983,370766,731749,357415,369567,726982,357837,369751,727588,373760,386595,760355,378475,387444,765919,398549,408345,806894
52,2005,357060,370502,727562,357542,371308,728850,373104,386000,759104,376649,386417,763066,396336,406991,803327,391061,400272,791333
53,2005,356991,372136,729127,372660,387108,759768,375899,386387,762286,394008,405554,799562,388539,398724,787263,393227,405923,799150
54,2005,371915,387512,759427,375286,387904,763190,393241,405584,798825,386053,397265,783318,390498,404352,794850,307791,319040,626831
55,2005,374437,388683,763120,392493,406848,799341,385362,397342,782704,387731,402793,790524,305757,318052,623809,316318,329266,645584
56,2005,391557,407521,799078,384614,398449,783063,386795,402532,789327,303624,316897,620521,313884,328093,641977,320423,337229,657652
57,2005,383681,399049,782730,385746,403026,788772,302262,316371,618633,311363,326841,638204,317919,336047,653966,320036,339874,659910
58,2005,384503,403179,787682,300793,316320,617113,310098,326244,636342,315356,334764,650120,317237,338588,655825,323196,345453,668649
59,2005,299134,315927,615061,308524,326114,634638,313625,334181,647806,314309,337080,651389,320286,344323,664609,356064,382874,738938
60,2005,306795,325806,632601,311934,333825,645759,312448,336164,648612,317142,342897,660039,352667,381448,734115,352712,377676,730388
61,2005,309907,333183,643090,310251,335319,645570,314989,341841,656830,349088,379810,728898,349141,375866,725007,342149,369189,711338
62,2005,307862,334179,642041,312485,340670,653155,346471,378480,724951,345216,373870,719086,337992,367117,705109,316212,344913,661125
63,2005,309759,339406,649165,343399,377030,720429,342175,372755,714930,333879,364927,698806,311982,342553,654535,300794,334197,634991
64,2005,340142,375270,715412,338754,371531,710285,330833,363759,694592,307731,340237,647968,296627,332067,628694,308164,344395,652559
65,2005,335224,370117,705341,327434,362478,689912,304794,339141,643935,292289,329638,621927,303479,342045,645524,298080,337798,635878
66,2005,323834,361028,684862,301424,337787,639211,288470,327779,616249,298656,339492,638148,292968,335193,628161,291318,333086,624404
67,2005,297531,336316,633847,284153,325670,609823,294246,337314,631560,287723,332287,620010,285833,330219,616052,280018,328586,608604
68,2005,279574,323362,602936,289320,334836,624156,283133,329963,613096,280088,327011,607099,274094,325469,599563,279655,333154,612809
69,2005,284005,332101,616106,277868,327241,605109,274779,324493,599272,268085,322080,590165,273185,329922,603107,285049,346965,632014
70,2005,272377,324361,596738,268910,321349,590259,262273,319013,581286,266650,326356,593006,277736,342918,620654,256989,317555,574544
71,2005,262821,318004,580825,255734,315206,570940,260102,322608,582710,270106,338662,608768,249778,313375,563153,248339,313969,562308
72,2005,249060,311399,560459,252750,318217,570967,262663,334410,597073,242350,308947,551297,240286,309261,549547,239183,309503,548686
73,2005,245250,313627,558877,254691,329365,584056,234806,304704,539510,232157,304100,536257,230596,303817,534413,224940,302385,527325
74,2005,246467,324117,570584,226546,299420,525966,224282,299405,523687,221866,297974,519840,215784,296258,512042,214254,296800,511054
75,2005,218297,294109,512406,215526,293746,509272,214050,292910,506960,206836,289731,496567,204994,290337,495331,201941,287151,489092
76,2005,206827,287957,494784,205374,286665,492039,198355,283855,482210,195484,283492,478976,191876,279962,471838,192032,282390,474422
77,2005,196987,280532,477519,189198,276807,466005,186635,276515,463150,182007,272342,454349,181795,274509,456304,175753,273681,449434
78,2005,180024,269595,449619,176881,268535,445416,173240,265108,438348,170675,266140,436815,165655,265010,430665,163783,262398,426181
79,2005,167624,260379,428003,163588,256538,420126,159921,258060,417981,155308,255925,411233,153503,253202,406705,151957,250319,402276
80,2005,153267,247719,400986,148236,248691,396927,144806,247392,392198,140864,243600,384464,141121,239969,381090,91906,155244,247150
81,2005,136382,239120,375502,133013,237164,370177,129717,234367,364084,130286,229180,359466,84964,148109,233073,64708,113851,178559
82,2005,122668,227127,349795,118645,223016,341661,116995,219408,336403,78010,140926,218936,59346,107688,167034,62890,112156,175046
83,2005,108680,211874,320554,103118,207775,310893,70850,133133,203983,54136,101434,155570,57106,105201,162307,71622,131937,203559
84,2005,92784,194478,287262,63598,124334,187932,48660,94892,143552,51311,98414,149725,64170,122753,186923,81048,154996,236044
85,2005,56943,116046,172989,43065,87596,130661,45434,91165,136599,57260,113611,170871,71635,142994,214629,73502,146814,220316
86,2005,37860,80679,118539,39566,83029,122595,50189,104160,154349,63204,131070,194274,63978,133846,197824,65440,133539,198979
87,2005,34425,75875,110300,42904,93491,136395,54627,118198,172825,55684,119013,174697,56626,120366,176992,55778,118769,174547
88,2005,36736,84009,120745,46042,103055,149097,47420,105238,152658,48619,106928,155547,47297,105797,153094,43062,97909,140971
89,2005,38602,90145,128747,39049,88777,127826,40424,91227,131651,39876,93168,133044,36180,85854,122034,35345,84389,119734
90,2005,32179,77023,109202,32661,77057,109718,32581,79856,112437,30018,75102,105120,29272,72885,102157,25615,65363,90978
91,2005,26330,65662,91992,25684,66372,92056,23915,63138,87053,23792,62399,86191,20510,55306,75816,19198,52435,71633
92,2005,20232,55571,75803,18343,51390,69733,18639,51320,69959,16128,46385,62513,15007,43448,58455,12931,38372,51303
93,2005,14184,42065,56249,14038,40661,54699,12293,37424,49717,11500,35736,47236,9794,30940,40734,9499,29442,38941
94,2005,10680,32529,43209,8989,28824,37813,8472,28133,36605,7385,24856,32241,7131,23362,30493,6771,20530,27301
95,2005,6613,22377,28990,5973,20981,26954,5312,18999,24311,5180,18183,23363,4925,16128,21053,4200,14781,18981
96,2005,4264,15791,20055,3605,13889,17494,3718,13536,17254,3470,12930,16400,3023,11380,14403,2726,10011,12737
97,2005,2483,10275,12758,2461,9519,11980,2386,9411,11797,2107,8874,10981,1877,7456,9333,1976,7445,9421
98,2005,1668,6837,8505,1531,6370,7901,1406,6237,7643,1252,5586,6838,1366,5554,6920,1404,4896,6300
99,2005,1005,4406,5411,891,4080,4971,867,3835,4702,861,4005,4866,1103,3533,4636,792,3118,3910
100,2005,1479,6616,8095,1298,5902,7200,1201,5892,7093,978,5143,6121,938,4497,5435,794,3971,4765
0,2006,284192,266935,551127,286668,271832,558500,278646,263677,542323,275022,260634,535656,268276,254731,523007,274518,259054,533572
1,2006,287042,272025,559067,280318,265278,545596,276225,261795,538020,270053,256524,526577,271976,257257,529233,271686,258000,529686
2,2006,281879,266608,548487,277714,263146,540860,272492,258551,531043,273992,259134,533126,270620,257511,528131,268009,253275,521284
3,2006,279355,264413,543768,274944,260601,535545,276432,261075,537507,272154,258693,530847,266706,252084,518790,266437,252662,519099
4,2006,277441,262690,540131,279102,263227,542329,273990,260074,534064,268722,253762,522484,264829,251128,515957,268841,254366,523207
5,2006,281795,265491,547286,276032,261655,537687,271068,255691,526759,266989,252885,519874,268123,253760,521883,268120,253597,521717
6,2006,278094,263408,541502,273850,257911,531761,269528,254912,524440,270076,255358,525434,268085,253689,521774,269896,255658,525554
7,2006,276553,260177,536730,272135,257132,529267,272244,257186,529430,269977,255117,525094,269530,255399,524929,277278,263025,540303
8,2006,275112,259534,534646,274460,259097,533557,271960,256652,528612,271567,257147,528714,276926,262711,539637,288717,274342,563059
9,2006,277046,261330,538376,274212,258543,532755,273769,258991,532760,278853,264414,543267,288501,274159,562660,287799,272245,560044
10,2006,276727,260691,537418,276572,261384,537956,280940,266114,547054,290204,275716,565920,291170,275204,566374,290480,275820,566300
11,2006,279200,263731,542931,283426,268196,551622,292147,277352,569499,292323,276361,568684,293330,278439,571769,286194,272129,558323
12,2006,286021,270519,556540,294367,279228,573595,293603,277577,571180,294399,279464,573863,288266,274015,562281,288884,273151,562035
13,2006,296917,281367,578284,295477,279174,574651,295636,280467,576103,289323,275036,564359,290996,274955,565951,278359,263524,541883
14,2006,297319,280850,578169,297175,281817,578992,290590,276020,566610,292236,276122,568358,279971,264790,544761,284992,270600,555592
15,2006,299218,283513,582731,292249,277460,569709,293625,277257,570882,281176,265849,547025,286758,272254,559012,294336,280947,575283
16,2006,294591,279275,573866,295661,278906,574567,282748,267161,549909,287317,272666,559983,295986,282370,578356,298797,284365,583162
17,2006,298336,281105,579441,285199,269013,554212,288237,273276,561513,296722,282803,579525,300400,285701,586101,307354,291517,598871
18,2006,288892,271940,560832,290868,275284,566152,298093,283976,582069,301442,286613,588055,308834,292943,601777,318587,304528,623115
19,2006,292517,277242,569759,299618,285877,585495,303438,288369,591807,308961,293657,602618,320091,306107,626198,322854,310294,633148
20,2006,299972,287896,587868,305238,290718,595956,311416,295905,607321,319517,306653,626170,323918,311733,635651,329992,317038,647030
21,2006,305731,293343,599074,313582,298673,612255,322643,309940,632583,323067,312238,635305,331241,319016,650257,340339,328815,669154
22,2006,314109,301605,615714,325576,313648,639224,326997,316389,643386,330570,320051,650621,341392,330636,672028,358858,347415,706273
23,2006,326336,316881,643217,330791,320757,651548,336136,325371,661507,341334,332575,673909,359526,348868,708394,371939,362946,734885
24,2006,331410,324000,655410,340859,330586,671445,348128,339312,687440,360179,351576,711755,372477,364365,736842,392702,384465,777167
25,2006,341988,334113,676101,354414,345460,699874,368230,359612,727842,373898,367279,741177,393202,385996,779198,416753,409659,826412
26,2006,356109,349992,706101,375540,366759,742299,382877,376002,758879,394884,389186,784070,417331,411288,828619,435280,428247,863527
27,2006,377710,371599,749309,390856,383265,774121,404474,398072,802546,419024,414434,833458,435484,429526,865010,437042,430741,867783
28,2006,393742,389662,783404,412893,407051,819944,428659,424542,853201,437850,433779,871629,437208,432426,869634,444591,437816,882407
29,2006,416459,411811,828270,437439,431387,868826,448424,442804,891228,439903,435836,875739,444829,438839,883668,452668,447054,899722
30,2006,441351,435936,877287,458047,450310,908357,450364,444881,895245,448219,442410,890629,452979,447945,900924,448919,443519,892438
31,2006,461266,453706,914972,457801,450376,908177,456859,449922,906781,455203,450846,906049,448928,444238,893166,463286,457812,921098
32,2006,459777,451659,911436,463228,453289,916517,462571,456185,918756,451136,445597,896733,463220,458147,921367,457063,450488,907551
33,2006,464904,455407,920311,468201,460369,928570,457971,451459,909430,465028,461043,926071,456815,451097,907912,459808,454802,914610
34,2006,467438,464536,931974,460899,457946,918845,469602,468564,938166,457385,456301,913686,459019,455802,914821,474211,469876,944087
35,2006,462075,460582,922657,474151,473035,947186,463072,462766,925838,460877,458942,919819,473799,470041,943840,474259,471598,945857
36,2006,477339,475700,953039,470096,467856,937952,468023,465602,933625,477416,473160,950576,474668,471821,946489,481438,477596,959034
37,2006,472784,470222,943006,473727,470176,943903,482495,478432,960927,477485,473605,951090,481113,477379,958492,452916,453359,906275
38,2006,475515,472746,948261,486243,482275,968518,481752,478694,960446,483036,479357,962393,452721,453404,906125,438985,440898,879883
39,2006,487387,484183,971570,485593,482353,967946,487346,484752,972098,454341,454837,909178,438786,440985,879771,432833,435291,868124
40,2006,486880,484224,971104,490976,488695,979671,457723,459547,917270,439998,442069,882067,432370,435359,867729,418535,422584,841119
41,2006,492378,490626,983004,460659,462906,923565,443012,446588,889600,433225,435946,869171,418288,422817,841105,410353,411209,821562
42,2006,461575,464407,925982,445520,449790,895310,435760,440128,875888,419136,423380,842516,409871,411070,820941,392015,394174,786189
43,2006,446377,450933,897310,438022,443048,881070,421790,427543,849333,410671,411876,822547,391514,393856,785370,388385,391195,779580
44,2006,438555,443897,882452,423870,430326,854196,412856,416218,829074,392243,394841,787084,387490,390625,778115,384764,389636,774400
45,2006,424416,431069,855485,414488,419149,833637,394084,399170,793254,388256,391550,779806,383939,389134,773073,379469,385858,765327
46,2006,414955,420317,835272,395662,402090,797752,390153,395790,785943,384351,389609,773960,378601,385440,764041,374931,383394,758325
47,2006,395992,403259,799251,391635,398808,790443,385739,393117,778856,378853,385681,764534,373714,382686,756400,361363,367075,728438
48,2006,392042,399928,791970,386663,395331,781994,379828,388804,768632,373916,382940,756856,360223,366465,726688,359177,368428,727605
49,2006,386670,396119,782789,380393,390794,771187,374653,385857,760510,360227,366647,726874,357894,367808,725702,359681,370838,730519
50,2006,380353,391288,771641,375107,387726,762833,360668,369278,729946,357512,367501,725013,358245,370295,728540,375362,387213,762575
51,2006,374862,388098,762960,360983,370766,731749,357415,369567,726982,357837,369751,727588,373760,386595,760355,378475,387444,765919
52,2006,360499,370966,731465,357060,370502,727562,357542,371308,728850,373104,386000,759104,376649,386417,763066,396336,406991,803327
53,2006,356134,370252,726386,356991,372136,729127,372660,387108,759768,375899,386387,762286,394008,405554,799562,388539,398724,787263
54,2006,356039,371719,727758,371915,387512,759427,375286,387904,763190,393241,405584,798825,386053,397265,783318,390498,404352,794850
55,2006,370733,386857,757590,374437,388683,763120,392493,406848,799341,385362,397342,782704,387731,402793,790524,305757,318052,623809
56,2006,373156,388456,761612,391557,407521,799078,384614,398449,783063,386795,402532,789327,303624,316897,620521,313884,328093,641977
57,2006,390110,407359,797469,383681,399049,782730,385746,403026,788772,302262,316371,618633,311363,326841,638204,317919,336047,653966
58,2006,382254,398942,781196,384503,403179,787682,300793,316320,617113,310098,326244,636342,315356,334764,650120,317237,338588,655825
59,2006,382853,402724,785577,299134,315927,615061,308524,326114,634638,313625,334181,647806,314309,337080,651389,320286,344323,664609
60,2006,297257,315168,612425,306795,325806,632601,311934,333825,645759,312448,336164,648612,317142,342897,660039,352667,381448,734115
61,2006,304815,325030,629845,309907,333183,643090,310251,335319,645570,314989,341841,656830,349088,379810,728898,349141,375866,725007
62,2006,307286,332085,639371,307862,334179,642041,312485,340670,653155,346471,378480,724951,345216,373870,719086,337992,367117,705109
63,2006,305216,332775,637991,309759,339406,649165,343399,377030,720429,342175,372755,714930,333879,364927,698806,311982,342553,654535
64,2006,306656,337812,644468,340142,375270,715412,338754,371531,710285,330833,363759,694592,307731,340237,647968,296627,332067,628694
65,2006,336566,373404,709970,335224,370117,705341,327434,362478,689912,304794,339141,643935,292289,329638,621927,303479,342045,645524
66,2006,331291,368160,699451,323834,361028,684862,301424,337787,639211,288470,327779,616249,298656,339492,638148,292968,335193,628161
67,2006,319595,358951,678546,297531,336316,633847,284153,325670,609823,294246,337314,631560,287723,332287,620010,285833,330219,616052
68,2006,293170,334367,627537,279574,323362,602936,289320,334836,624156,283133,329963,613096,280088,327011,607099,274094,325469,599563
69,2006,274546,320704,595250,284005,332101,616106,277868,327241,605109,274779,324493,599272,268085,322080,590165,273185,329922,603107
70,2006,278203,328968,607171,272377,324361,596738,268910,321349,590259,262273,319013,581286,266650,326356,593006,277736,342918,620654
71,2006,266279,321104,587383,262821,318004,580825,255734,315206,570940,260102,322608,582710,270106,338662,608768,249778,313375,563153
72,2006,255973,314310,570283,249060,311399,560459,252750,318217,570967,262663,334410,597073,242350,308947,551297,240286,309261,549547
73,2006,241826,306840,548666,245250,313627,558877,254691,329365,584056,234806,304704,539510,232157,304100,536257,230596,303817,534413
74,2006,237340,308467,545807,246467,324117,570584,226546,299420,525966,224282,299405,523687,221866,297974,519840,215784,296258,512042
75,2006,237669,317998,555667,218297,294109,512406,215526,293746,509272,214050,292910,506960,206836,289731,496567,204994,290337,495331
76,2006,209551,288040,497591,206827,287957,494784,205374,286665,492039,198355,283855,482210,195484,283492,478976,191876,279962,471838
77,2006,197589,281336,478925,196987,280532,477519,189198,276807,466005,186635,276515,463150,182007,272342,454349,181795,274509,456304
78,2006,187874,273248,461122,180024,269595,449619,176881,268535,445416,173240,265108,438348,170675,266140,436815,165655,265010,430665
79,2006,170586,261379,431965,167624,260379,428003,163588,256538,420126,159921,258060,417981,155308,255925,411233,153503,253202,406705
80,2006,157199,251114,408313,153267,247719,400986,148236,248691,396927,144806,247392,392198,140864,243600,384464,141121,239969,381090
81,2006,142361,237869,380230,136382,239120,375502,133013,237164,370177,129717,234367,364084,130286,229180,359466,84964,148109,233073
82,2006,124189,228040,352229,122668,227127,349795,118645,223016,341661,116995,219408,336403,78010,140926,218936,59346,107688,167034
83,2006,111451,215469,326920,108680,211874,320554,103118,207775,310893,70850,133133,203983,54136,101434,155570,57106,105201,162307
84,2006,98080,198579,296659,92784,194478,287262,63598,124334,187932,48660,94892,143552,51311,98414,149725,64170,122753,186923
85,2006,82922,179652,262574,56943,116046,172989,43065,87596,130661,45434,91165,136599,57260,113611,170871,71635,142994,214629
86,2006,50186,106521,156707,37860,80679,118539,39566,83029,122595,50189,104160,154349,63204,131070,194274,63978,133846,197824
87,2006,32713,73163,105876,34425,75875,110300,42904,93491,136395,54627,118198,172825,55684,119013,174697,56626,120366,176992
88,2006,29349,67976,97325,36736,84009,120745,46042,103055,149097,47420,105238,152658,48619,106928,155547,47297,105797,153094
89,2006,30671,73887,104558,38602,90145,128747,39049,88777,127826,40424,91227,131651,39876,93168,133044,36180,85854,122034
90,2006,31493,77438,108931,32179,77023,109202,32661,77057,109718,32581,79856,112437,30018,75102,105120,29272,72885,102157
91,2006,25952,65223,91175,26330,65662,91992,25684,66372,92056,23915,63138,87053,23792,62399,86191,20510,55306,75816
92,2006,20568,54320,74888,20232,55571,75803,18343,51390,69733,18639,51320,69959,16128,46385,62513,15007,43448,58455
93,2006,15515,45028,60543,14184,42065,56249,14038,40661,54699,12293,37424,49717,11500,35736,47236,9794,30940,40734
94,2006,10572,33072,43644,10680,32529,43209,8989,28824,37813,8472,28133,36605,7385,24856,32241,7131,23362,30493
95,2006,7635,24872,32507,6613,22377,28990,5973,20981,26954,5312,18999,24311,5180,18183,23363,4925,16128,21053
96,2006,4583,16539,21122,4264,15791,20055,3605,13889,17494,3718,13536,17254,3470,12930,16400,3023,11380,14403
97,2006,2831,11240,14071,2483,10275,12758,2461,9519,11980,2386,9411,11797,2107,8874,10981,1877,7456,9333
98,2006,1647,7078,8725,1668,6837,8505,1531,6370,7901,1406,6237,7643,1252,5586,6838,1366,5554,6920
99,2006,1062,4620,5682,1005,4406,5411,891,4080,4971,867,3835,4702,861,4005,4866,1103,3533,4636
100,2006,1544,6994,8538,1479,6616,8095,1298,5902,7200,1201,5892,7093,978,5143,6121,938,4497,5435
0,2007,286772,270112,556884,284192,266935,551127,286668,271832,558500,278646,263677,542323,275022,260634,535656,268276,254731,523007
1,2007,285122,267748,552870,287042,272025,559067,280318,265278,545596,276225,261795,538020,270053,256524,526577,271976,257257,529233
2,2007,287756,272591,560347,281879,266608,548487,277714,263146,540860,272492,258551,531043,273992,259134,533126,270620,257511,528131
3,2007,283181,267627,550808,279355,264413,543768,274944,260601,535545,276432,261075,537507,272154,258693,530847,266706,252084,518790
4,2007,280469,265313,545782,277441,262690,540131,279102,263227,542329,273990,260074,534064,268722,253762,522484,264829,251128,515957
5,2007,279460,264439,543899,281795,265491,547286,276032,261655,537687,271068,255691,526759,266989,252885,519874,268123,253760,521883
6,2007,284001,267379,551380,278094,263408,541502,273850,257911,531761,269528,254912,524440,270076,255358,525434,268085,253689,521774
7,2007,279757,264807,544564,276553,260177,536730,272135,257132,529267,272244,257186,529430,269977,255117,525094,269530,255399,524929
8,2007,278803,262072,540875,275112,259534,534646,274460,259097,533557,271960,256652,528612,271567,257147,528714,276926,262711,539637
9,2007,277410,261546,538956,277046,261330,538376,274212,258543,532755,273769,258991,532760,278853,264414,543267,288501,274159,562660
10,2007,279129,263197,542326,276727,260691,537418,276572,261384,537956,280940,266114,547054,290204,275716,565920,291170,275204,566374
11,2007,278806,262371,541177,279200,263731,542931,283426,268196,551622,292147,277352,569499,292323,276361,568684,293330,278439,571769
12,2007,281462,265673,547135,286021,270519,556540,294367,279228,573595,293603,277577,571180,294399,279464,573863,288266,274015,562281
13,2007,288104,272356,560460,296917,281367,578284,295477,279174,574651,295636,280467,576103,289323,275036,564359,290996,274955,565951
14,2007,298835,283180,582015,297319,280850,578169,297175,281817,578992,290590,276020,566610,292236,276122,568358,279971,264790,544761
15,2007,298832,282180,581012,299218,283513,582731,292249,277460,569709,293625,277257,570882,281176,265849,547025,286758,272254,559012
16,2007,300870,284947,585817,294591,279275,573866,295661,278906,574567,282748,267161,549909,287317,272666,559983,295986,282370,578356
17,2007,296764,280948,577712,298336,281105,579441,285199,269013,554212,288237,273276,561513,296722,282803,579525,300400,285701,586101
18,2007,301680,283555,585235,288892,271940,560832,290868,275284,566152,298093,283976,582069,301442,286613,588055,308834,292943,601777
19,2007,291544,274802,566346,292517,277242,569759,299618,285877,585495,303438,288369,591807,308961,293657,602618,320091,306107,626198
20,2007,293109,279226,572335,299972,287896,587868,305238,290718,595956,311416,295905,607321,319517,306653,626170,323918,311733,635651
21,2007,300411,290424,590835,305731,293343,599074,313582,298673,612255,322643,309940,632583,323067,312238,635305,331241,319016,650257
22,2007,306548,296571,603119,314109,301605,615714,325576,313648,639224,326997,316389,643386,330570,320051,650621,341392,330636,672028
23,2007,315034,305090,620124,326336,316881,643217,330791,320757,651548,336136,325371,661507,341334,332575,673909,359526,348868,708394
24,2007,327016,320268,647284,331410,324000,655410,340859,330586,671445,348128,339312,687440,360179,351576,711755,372477,364365,736842
25,2007,332003,327362,659365,341988,334113,676101,354414,345460,699874,368230,359612,727842,373898,367279,741177,393202,385996,779198
26,2007,342606,337644,680250,356109,349992,706101,375540,366759,742299,382877,376002,758879,394884,389186,784070,417331,411288,828619
27,2007,356968,353846,710814,377710,371599,749309,390856,383265,774121,404474,398072,802546,419024,414434,833458,435484,429526,865010
28,2007,379164,376888,756052,393742,389662,783404,412893,407051,819944,428659,424542,853201,437850,433779,871629,437208,432426,869634
29,2007,395887,393743,789630,416459,411811,828270,437439,431387,868826,448424,442804,891228,439903,435836,875739,444829,438839,883668
30,2007,419203,415645,834848,441351,435936,877287,458047,450310,908357,450364,444881,895245,448219,442410,890629,452979,447945,900924
31,2007,442601,438260,880861,461266,453706,914972,457801,450376,908177,456859,449922,906781,455203,450846,906049,448928,444238,893166
32,2007,462439,454605,917044,459777,451659,911436,463228,453289,916517,462571,456185,918756,451136,445597,896733,463220,458147,921367
33,2007,460224,453181,913405,464904,455407,920311,468201,460369,928570,457971,451459,909430,465028,461043,926071,456815,451097,907912
34,2007,463331,459122,922453,467438,464536,931974,460899,457946,918845,469602,468564,938166,457385,456301,913686,459019,455802,914821
35,2007,467274,466619,933893,462075,460582,922657,474151,473035,947186,463072,462766,925838,460877,458942,919819,473799,470041,943840
36,2007,464434,462788,927222,477339,475700,953039,470096,467856,937952,468023,465602,933625,477416,473160,950576,474668,471821,946489
37,2007,478937,477430,956367,472784,470222,943006,473727,470176,943903,482495,478432,960927,477485,473605,951090,481113,477379,958492
38,2007,474035,472148,946183,475515,472746,948261,486243,482275,968518,481752,478694,960446,483036,479357,962393,452721,453404,906125
39,2007,476746,475018,951764,487387,484183,971570,485593,482353,967946,487346,484752,972098,454341,454837,909178,438786,440985,879771
40,2007,488108,485635,973743,486880,484224,971104,490976,488695,979671,457723,459547,917270,439998,442069,882067,432370,435359,867729
41,2007,487497,485734,973231,492378,490626,983004,460659,462906,923565,443012,446588,889600,433225,435946,869171,418288,422817,841105
42,2007,493251,492444,985695,461575,464407,925982,445520,449790,895310,435760,440128,875888,419136,423380,842516,409871,411070,820941
43,2007,462179,465487,927666,446377,450933,897310,438022,443048,881070,421790,427543,849333,410671,411876,822547,391514,393856,785370
44,2007,446767,451975,898742,438555,443897,882452,423870,430326,854196,412856,416218,829074,392243,394841,787084,387490,390625,778115
45,2007,438494,444451,882945,424416,431069,855485,414488,419149,833637,394084,399170,793254,388256,391550,779806,383939,389134,773073
46,2007,424553,431844,856397,414955,420317,835272,395662,402090,797752,390153,395790,785943,384351,389609,773960,378601,385440,764041
47,2007,414912,421228,836140,395992,403259,799251,391635,398808,790443,385739,393117,778856,378853,385681,764534,373714,382686,756400
48,2007,396063,404105,800168,392042,399928,791970,386663,395331,781994,379828,388804,768632,373916,382940,756856,360223,366465,726688
49,2007,392193,400913,793106,386670,396119,782789,380393,390794,771187,374653,385857,760510,360227,366647,726874,357894,367808,725702
50,2007,386436,396592,783028,380353,391288,771641,375107,387726,762833,360668,369278,729946,357512,367501,725013,358245,370295,728540
51,2007,380016,391722,771738,374862,388098,762960,360983,370766,731749,357415,369567,726982,357837,369751,727588,373760,386595,760355
52,2007,374289,388358,762647,360499,370966,731465,357060,370502,727562,357542,371308,728850,373104,386000,759104,376649,386417,763066
53,2007,359774,371017,730791,356134,370252,726386,356991,372136,729127,372660,387108,759768,375899,386387,762286,394008,405554,799562
54,2007,355056,369884,724940,356039,371719,727758,371915,387512,759427,375286,387904,763190,393241,405584,798825,386053,397265,783318
55,2007,354803,371149,725952,370733,386857,757590,374437,388683,763120,392493,406848,799341,385362,397342,782704,387731,402793,790524
56,2007,369328,386128,755456,373156,388456,761612,391557,407521,799078,384614,398449,783063,386795,402532,789327,303624,316897,620521
57,2007,371721,388218,759939,390110,407359,797469,383681,399049,782730,385746,403026,788772,302262,316371,618633,311363,326841,638204
58,2007,388384,407054,795438,382254,398942,781196,384503,403179,787682,300793,316320,617113,310098,326244,636342,315356,334764,650120
59,2007,380597,398676,779273,382853,402724,785577,299134,315927,615061,308524,326114,634638,313625,334181,647806,314309,337080,651389
60,2007,380949,402187,783136,297257,315168,612425,306795,325806,632601,311934,333825,645759,312448,336164,648612,317142,342897,660039
61,2007,295240,314166,609406,304815,325030,629845,309907,333183,643090,310251,335319,645570,314989,341841,656830,349088,379810,728898
62,2007,302549,324137,626686,307286,332085,639371,307862,334179,642041,312485,340670,653155,346471,378480,724951,345216,373870,719086
63,2007,304824,331023,635847,305216,332775,637991,309759,339406,649165,343399,377030,720429,342175,372755,714930,333879,364927,698806
64,2007,302330,331289,633619,306656,337812,644468,340142,375270,715412,338754,371531,710285,330833,363759,694592,307731,340237,647968
65,2007,303552,336232,639784,336566,373404,709970,335224,370117,705341,327434,362478,689912,304794,339141,643935,292289,329638,621927
66,2007,332664,371203,703867,331291,368160,699451,323834,361028,684862,301424,337787,639211,288470,327779,616249,298656,339492,638148
67,2007,326901,366025,692926,319595,358951,678546,297531,336316,633847,284153,325670,609823,294246,337314,631560,287723,332287,620010
68,2007,314914,356823,671737,293170,334367,627537,279574,323362,602936,289320,334836,624156,283133,329963,613096,280088,327011,607099
69,2007,288608,332305,620913,274546,320704,595250,284005,332101,616106,277868,327241,605109,274779,324493,599272,268085,322080,590165
70,2007,269358,317682,587040,278203,328968,607171,272377,324361,596738,268910,321349,590259,262273,319013,581286,266650,326356,593006
71,2007,272415,325689,598104,266279,321104,587383,262821,318004,580825,255734,315206,570940,260102,322608,582710,270106,338662,608768
72,2007,259950,317518,577468,255973,314310,570283,249060,311399,560459,252750,318217,570967,262663,334410,597073,242350,308947,551297
73,2007,248837,310132,558969,241826,306840,548666,245250,313627,558877,254691,329365,584056,234806,304704,539510,232157,304100,536257
74,2007,234543,302067,536610,237340,308467,545807,246467,324117,570584,226546,299420,525966,224282,299405,523687,221866,297974,519840
75,2007,229293,302897,532190,237669,317998,555667,218297,294109,512406,215526,293746,509272,214050,292910,506960,206836,289731,496567
76,2007,228663,311500,540163,209551,288040,497591,206827,287957,494784,205374,286665,492039,198355,283855,482210,195484,283492,478976
77,2007,200616,281460,482076,197589,281336,478925,196987,280532,477519,189198,276807,466005,186635,276515,463150,182007,272342,454349
78,2007,188203,274293,462496,187874,273248,461122,180024,269595,449619,176881,268535,445416,173240,265108,438348,170675,266140,436815
79,2007,178794,265384,444178,170586,261379,431965,167624,260379,428003,163588,256538,420126,159921,258060,417981,155308,255925,411233
80,2007,160877,252818,413695,157199,251114,408313,153267,247719,400986,148236,248691,396927,144806,247392,392198,140864,243600,384464
81,2007,147084,241154,388238,142361,237869,380230,136382,239120,375502,133013,237164,370177,129717,234367,364084,130286,229180,359466
82,2007,129904,227369,357273,124189,228040,352229,122668,227127,349795,118645,223016,341661,116995,219408,336403,78010,140926,218936
83,2007,113418,215783,329201,111451,215469,326920,108680,211874,320554,103118,207775,310893,70850,133133,203983,54136,101434,155570
84,2007,100431,202869,303300,98080,198579,296659,92784,194478,287262,63598,124334,187932,48660,94892,143552,51311,98414,149725
85,2007,88176,184893,273069,82922,179652,262574,56943,116046,172989,43065,87596,130661,45434,91165,136599,57260,113611,170871
86,2007,73670,164603,238273,50186,106521,156707,37860,80679,118539,39566,83029,122595,50189,104160,154349,63204,131070,194274
87,2007,43676,97199,140875,32713,73163,105876,34425,75875,110300,42904,93491,136395,54627,118198,172825,55684,119013,174697
88,2007,27997,65858,93855,29349,67976,97325,36736,84009,120745,46042,103055,149097,47420,105238,152658,48619,106928,155547
89,2007,24918,60276,85194,30671,73887,104558,38602,90145,128747,39049,88777,127826,40424,91227,131651,39876,93168,133044
90,2007,25460,64430,89890,31493,77438,108931,32179,77023,109202,32661,77057,109718,32581,79856,112437,30018,75102,105120
91,2007,25690,66167,91857,25952,65223,91175,26330,65662,91992,25684,66372,92056,23915,63138,87053,23792,62399,86191
92,2007,20481,55024,75505,20568,54320,74888,20232,55571,75803,18343,51390,69733,18639,51320,69959,16128,46385,62513
93,2007,15945,44855,60800,15515,45028,60543,14184,42065,56249,14038,40661,54699,12293,37424,49717,11500,35736,47236
94,2007,11716,36080,47796,10572,33072,43644,10680,32529,43209,8989,28824,37813,8472,28133,36605,7385,24856,32241
95,2007,7690,25859,33549,7635,24872,32507,6613,22377,28990,5973,20981,26954,5312,18999,24311,5180,18183,23363
96,2007,5490,18856,24346,4583,16539,21122,4264,15791,20055,3605,13889,17494,3718,13536,17254,3470,12930,16400
97,2007,3218,12138,15356,2831,11240,14071,2483,10275,12758,2461,9519,11980,2386,9411,11797,2107,8874,10981
98,2007,1869,8019,9888,1647,7078,8725,1668,6837,8505,1531,6370,7901,1406,6237,7643,1252,5586,6838
99,2007,1048,4897,5945,1062,4620,5682,1005,4406,5411,891,4080,4971,867,3835,4702,861,4005,4866
100,2007,1649,7473,9122,1544,6994,8538,1479,6616,8095,1298,5902,7200,1201,5892,7093,978,5143,6121
0,2008,288756,271944,560700,286772,270112,556884,284192,266935,551127,286668,271832,558500,278646,263677,542323,275022,260634,535656
1,2008,288524,271504,560028,285122,267748,552870,287042,272025,559067,280318,265278,545596,276225,261795,538020,270053,256524,526577
2,2008,286884,269262,556146,287756,272591,560347,281879,266608,548487,277714,263146,540860,272492,258551,531043,273992,259134,533126
3,2008,289244,273756,563000,283181,267627,550808,279355,264413,543768,274944,260601,535545,276432,261075,537507,272154,258693,530847
4,2008,285321,269433,554754,280469,265313,545782,277441,262690,540131,279102,263227,542329,273990,260074,534064,268722,253762,522484
5,2008,282742,267184,549926,279460,264439,543899,281795,265491,547286,276032,261655,537687,271068,255691,526759,266989,252885,519874
6,2008,282598,267034,549632,284001,267379,551380,278094,263408,541502,273850,257911,531761,269528,254912,524440,270076,255358,525434
7,2008,287279,270292,557571,279757,264807,544564,276553,260177,536730,272135,257132,529267,272244,257186,529430,269977,255117,525094
8,2008,282488,267348,549836,278803,262072,540875,275112,259534,534646,274460,259097,533557,271960,256652,528612,271567,257147,528714
9,2008,281966,265015,546981,277410,261546,538956,277046,261330,538376,274212,258543,532755,273769,258991,532760,278853,264414,543267
10,2008,280671,264459,545130,279129,263197,542326,276727,260691,537418,276572,261384,537956,280940,266114,547054,290204,275716,565920
11,2008,282171,265753,547924,278806,262371,541177,279200,263731,542931,283426,268196,551622,292147,277352,569499,292323,276361,568684
12,2008,281692,264971,546663,281462,265673,547135,286021,270519,556540,294367,279228,573595,293603,277577,571180,294399,279464,573863
13,2008,284599,268422,553021,288104,272356,560460,296917,281367,578284,295477,279174,574651,295636,280467,576103,289323,275036,564359
14,2008,291052,274967,566019,298835,283180,582015,297319,280850,578169,297175,281817,578992,290590,276020,566610,292236,276122,568358
15,2008,301582,285630,587212,298832,282180,581012,299218,283513,582731,292249,277460,569709,293625,277257,570882,281176,265849,547025
16,2008,301159,284263,585422,300870,284947,585817,294591,279275,573866,295661,278906,574567,282748,267161,549909,287317,272666,559983
17,2008,303591,287081,590672,296764,280948,577712,298336,281105,579441,285199,269013,554212,288237,273276,561513,296722,282803,579525
18,2008,300965,283930,584895,301680,283555,585235,288892,271940,560832,290868,275284,566152,298093,283976,582069,301442,286613,588055
19,2008,306687,288143,594830,291544,274802,566346,292517,277242,569759,299618,285877,585495,303438,288369,591807,308961,293657,602618
20,2008,296922,281136,578058,293109,279226,572335,299972,287896,587868,305238,290718,595956,311416,295905,607321,319517,306653,626170
21,2008,298392,285748,584140,300411,290424,590835,305731,293343,599074,313582,298673,612255,322643,309940,632583,323067,312238,635305
22,2008,306272,298399,604671,306548,296571,603119,314109,301605,615714,325576,313648,639224,326997,316389,643386,330570,320051,650621
23,2008,312976,305284,618260,315034,305090,620124,326336,316881,643217,330791,320757,651548,336136,325371,661507,341334,332575,673909
24,2008,321290,313449,634739,327016,320268,647284,331410,324000,655410,340859,330586,671445,348128,339312,687440,360179,351576,711755
25,2008,333347,329088,662435,332003,327362,659365,341988,334113,676101,354414,345460,699874,368230,359612,727842,373898,367279,741177
26,2008,338213,336031,674244,342606,337644,680250,356109,349992,706101,375540,366759,742299,382877,376002,758879,394884,389186,784070
27,2008,349221,346436,695657,356968,353846,710814,377710,371599,749309,390856,383265,774121,404474,398072,802546,419024,414434,833458
28,2008,363503,364074,727577,379164,376888,756052,393742,389662,783404,412893,407051,819944,428659,424542,853201,437850,433779,871629
29,2008,386180,385870,772050,395887,393743,789630,416459,411811,828270,437439,431387,868826,448424,442804,891228,439903,435836,875739
30,2008,403625,402587,806212,419203,415645,834848,441351,435936,877287,458047,450310,908357,450364,444881,895245,448219,442410,890629
31,2008,425683,422915,848598,442601,438260,880861,461266,453706,914972,457801,450376,908177,456859,449922,906781,455203,450846,906049
32,2008,447933,443171,891104,462439,454605,917044,459777,451659,911436,463228,453289,916517,462571,456185,918756,451136,445597,896733
33,2008,467245,460251,927496,460224,453181,913405,464904,455407,920311,468201,460369,928570,457971,451459,909430,465028,461043,926071
34,2008,462096,460656,922752,463331,459122,922453,467438,464536,931974,460899,457946,918845,469602,468564,938166,457385,456301,913686
35,2008,466632,465106,931738,467274,466619,933893,462075,460582,922657,474151,473035,947186,463072,462766,925838,460877,458942,919819
36,2008,472354,472826,945180,464434,462788,927222,477339,475700,953039,470096,467856,937952,468023,465602,933625,477416,473160,950576
37,2008,469273,468507,937780,478937,477430,956367,472784,470222,943006,473727,470176,943903,482495,478432,960927,477485,473605,951090
38,2008,482930,483137,966067,474035,472148,946183,475515,472746,948261,486243,482275,968518,481752,478694,960446,483036,479357,962393
39,2008,478400,478454,956854,476746,475018,951764,487387,484183,971570,485593,482353,967946,487346,484752,972098,454341,454837,909178
40,2008,480755,481438,962193,488108,485635,973743,486880,484224,971104,490976,488695,979671,457723,459547,917270,439998,442069,882067
41,2008,490373,489863,980236,487497,485734,973231,492378,490626,983004,460659,462906,923565,443012,446588,889600,433225,435946,869171
42,2008,489613,490036,979649,493251,492444,985695,461575,464407,925982,445520,449790,895310,435760,440128,875888,419136,423380,842516
43,2008,495533,496959,992492,462179,465487,927666,446377,450933,897310,438022,443048,881070,421790,427543,849333,410671,411876,822547
44,2008,463954,469596,933550,446767,451975,898742,438555,443897,882452,423870,430326,854196,412856,416218,829074,392243,394841,787084
45,2008,448265,455810,904075,438494,444451,882945,424416,431069,855485,414488,419149,833637,394084,399170,793254,388256,391550,779806
46,2008,439688,448052,887740,424553,431844,856397,414955,420317,835272,395662,402090,797752,390153,395790,785943,384351,389609,773960
47,2008,425787,435261,861048,414912,421228,836140,395992,403259,799251,391635,398808,790443,385739,393117,778856,378853,385681,764534
48,2008,416045,424935,840980,396063,404105,800168,392042,399928,791970,386663,395331,781994,379828,388804,768632,373916,382940,756856
49,2008,396829,407729,804558,392193,400913,793106,386670,396119,782789,380393,390794,771187,374653,385857,760510,360227,366647,726874
50,2008,392965,404287,797252,386436,396592,783028,380353,391288,771641,375107,387726,762833,360668,369278,729946,357512,367501,725013
51,2008,386760,399249,786009,380016,391722,771738,374862,388098,762960,360983,370766,731749,357415,369567,726982,357837,369751,727588
52,2008,380077,394014,774091,374289,388358,762647,360499,370966,731465,357060,370502,727562,357542,371308,728850,373104,386000,759104
53,2008,374124,390083,764207,359774,371017,730791,356134,370252,726386,356991,372136,729127,372660,387108,759768,375899,386387,762286
54,2008,359231,372385,731616,355056,369884,724940,356039,371719,727758,371915,387512,759427,375286,387904,763190,393241,405584,798825
55,2008,354195,370517,724712,354803,371149,725952,370733,386857,757590,374437,388683,763120,392493,406848,799341,385362,397342,782704
56,2008,353747,371360,725107,369328,386128,755456,373156,388456,761612,391557,407521,799078,384614,398449,783063,386795,402532,789327
57,2008,367886,386054,753940,371721,388218,759939,390110,407359,797469,383681,399049,782730,385746,403026,788772,302262,316371,618633
58,2008,370235,388409,758644,388384,407054,795438,382254,398942,781196,384503,403179,787682,300793,316320,617113,310098,326244,636342
59,2008,386674,407058,793732,380597,398676,779273,382853,402724,785577,299134,315927,615061,308524,326114,634638,313625,334181,647806
60,2008,378750,398634,777384,380949,402187,783136,297257,315168,612425,306795,325806,632601,311934,333825,645759,312448,336164,648612
61,2008,378777,401801,780578,295240,314166,609406,304815,325030,629845,309907,333183,643090,310251,335319,645570,314989,341841,656830
62,2008,292974,313273,606247,302549,324137,626686,307286,332085,639371,307862,334179,642041,312485,340670,653155,346471,378480,724951
63,2008,300216,323161,623377,304824,331023,635847,305216,332775,637991,309759,339406,649165,343399,377030,720429,342175,372755,714930
64,2008,302014,329745,631759,302330,331289,633619,306656,337812,644468,340142,375270,715412,338754,371531,710285,330833,363759,694592
65,2008,299525,329688,629213,303552,336232,639784,336566,373404,709970,335224,370117,705341,327434,362478,689912,304794,339141,643935
66,2008,300281,334244,634525,332664,371203,703867,331291,368160,699451,323834,361028,684862,301424,337787,639211,288470,327779,616249
67,2008,328524,368827,697351,326901,366025,692926,319595,358951,678546,297531,336316,633847,284153,325670,609823,294246,337314,631560
68,2008,322183,363578,685761,314914,356823,671737,293170,334367,627537,279574,323362,602936,289320,334836,624156,283133,329963,613096
69,2008,309955,354476,664431,288608,332305,620913,274546,320704,595250,284005,332101,616106,277868,327241,605109,274779,324493,599272
70,2008,283630,329875,613505,269358,317682,587040,278203,328968,607171,272377,324361,596738,268910,321349,590259,262273,319013,581286
71,2008,263806,314379,578185,272415,325689,598104,266279,321104,587383,262821,318004,580825,255734,315206,570940,260102,322608,582710
72,2008,266016,321952,587968,259950,317518,577468,255973,314310,570283,249060,311399,560459,252750,318217,570967,262663,334410,597073
73,2008,253261,313658,566919,248837,310132,558969,241826,306840,548666,245250,313627,558877,254691,329365,584056,234806,304704,539510
74,2008,241432,305605,547037,234543,302067,536610,237340,308467,545807,246467,324117,570584,226546,299420,525966,224282,299405,523687
75,2008,226560,296773,523333,229293,302897,532190,237669,317998,555667,218297,294109,512406,215526,293746,509272,214050,292910,506960
76,2008,220503,296747,517250,228663,311500,540163,209551,288040,497591,206827,287957,494784,205374,286665,492039,198355,283855,482210
77,2008,219222,304305,523527,200616,281460,482076,197589,281336,478925,196987,280532,477519,189198,276807,466005,186635,276515,463150
78,2008,191462,274199,465661,188203,274293,462496,187874,273248,461122,180024,269595,449619,176881,268535,445416,173240,265108,438348
79,2008,178378,266285,444663,178794,265384,444178,170586,261379,431965,167624,260379,428003,163588,256538,420126,159921,258060,417981
80,2008,168826,256626,425452,160877,252818,413695,157199,251114,408313,153267,247719,400986,148236,248691,396927,144806,247392,392198
81,2008,150518,242848,393366,147084,241154,388238,142361,237869,380230,136382,239120,375502,133013,237164,370177,129717,234367,364084
82,2008,136173,230169,366342,129904,227369,357273,124189,228040,352229,122668,227127,349795,118645,223016,341661,116995,219408,336403
83,2008,117044,215473,332517,113418,215783,329201,111451,215469,326920,108680,211874,320554,103118,207775,310893,70850,133133,203983
84,2008,102624,202735,305359,100431,202869,303300,98080,198579,296659,92784,194478,287262,63598,124334,187932,48660,94892,143552
85,2008,90132,189124,279256,88176,184893,273069,82922,179652,262574,56943,116046,172989,43065,87596,130661,45434,91165,136599
86,2008,78360,169886,248246,73670,164603,238273,50186,106521,156707,37860,80679,118539,39566,83029,122595,50189,104160,154349
87,2008,64516,148854,213370,43676,97199,140875,32713,73163,105876,34425,75875,110300,42904,93491,136395,54627,118198,172825
88,2008,37613,87179,124792,27997,65858,93855,29349,67976,97325,36736,84009,120745,46042,103055,149097,47420,105238,152658
89,2008,23577,58362,81939,24918,60276,85194,30671,73887,104558,38602,90145,128747,39049,88777,127826,40424,91227,131651
90,2008,20626,52648,73274,25460,64430,89890,31493,77438,108931,32179,77023,109202,32661,77057,109718,32581,79856,112437
91,2008,20518,55188,75706,25690,66167,91857,25952,65223,91175,26330,65662,91992,25684,66372,92056,23915,63138,87053
92,2008,20285,55527,75812,20481,55024,75505,20568,54320,74888,20232,55571,75803,18343,51390,69733,18639,51320,69959
93,2008,15939,45437,61376,15945,44855,60800,15515,45028,60543,14184,42065,56249,14038,40661,54699,12293,37424,49717
94,2008,12071,36006,48077,11716,36080,47796,10572,33072,43644,10680,32529,43209,8989,28824,37813,8472,28133,36605
95,2008,8642,28062,36704,7690,25859,33549,7635,24872,32507,6613,22377,28990,5973,20981,26954,5312,18999,24311
96,2008,5502,19552,25054,5490,18856,24346,4583,16539,21122,4264,15791,20055,3605,13889,17494,3718,13536,17254
97,2008,3779,13780,17559,3218,12138,15356,2831,11240,14071,2483,10275,12758,2461,9519,11980,2386,9411,11797
98,2008,2136,8735,10871,1869,8019,9888,1647,7078,8725,1668,6837,8505,1531,6370,7901,1406,6237,7643
99,2008,1196,5447,6643,1048,4897,5945,1062,4620,5682,1005,4406,5411,891,4080,4971,867,3835,4702
100,2008,1701,7874,9575,1649,7473,9122,1544,6994,8538,1479,6616,8095,1298,5902,7200,1201,5892,7093
0,2009,293072,277719,570791,288756,271944,560700,286772,270112,556884,284192,266935,551127,286668,271832,558500,278646,263677,542323
1,2009,289814,273207,563021,288524,271504,560028,285122,267748,552870,287042,272025,559067,280318,265278,545596,276225,261795,538020
2,2009,289944,272696,562640,286884,269262,556146,287756,272591,560347,281879,266608,548487,277714,263146,540860,272492,258551,531043
3,2009,288619,270574,559193,289244,273756,563000,283181,267627,550808,279355,264413,543768,274944,260601,535545,276432,261075,537507
4,2009,290529,274598,565127,285321,269433,554754,280469,265313,545782,277441,262690,540131,279102,263227,542329,273990,260074,534064
5,2009,287063,270900,557963,282742,267184,549926,279460,264439,543899,281795,265491,547286,276032,261655,537687,271068,255691,526759
6,2009,284550,268736,553286,282598,267034,549632,284001,267379,551380,278094,263408,541502,273850,257911,531761,269528,254912,524440
7,2009,285368,269411,554779,287279,270292,557571,279757,264807,544564,276553,260177,536730,272135,257132,529267,272244,257186,529430
8,2009,290042,272701,562743,282488,267348,549836,278803,262072,540875,275112,259534,534646,274460,259097,533557,271960,256652,528612
9,2009,285047,269448,554495,281966,265015,546981,277410,261546,538956,277046,261330,538376,274212,258543,532755,273769,258991,532760
10,2009,285051,267642,552693,280671,264459,545130,279129,263197,542326,276727,260691,537418,276572,261384,537956,280940,266114,547054
11,2009,283706,267301,551007,282171,265753,547924,278806,262371,541177,279200,263731,542931,283426,268196,551622,292147,277352,569499
12,2009,285188,268183,553371,281692,264971,546663,281462,265673,547135,286021,270519,556540,294367,279228,573595,293603,277577,571180
13,2009,284612,267326,551938,284599,268422,553021,288104,272356,560460,296917,281367,578284,295477,279174,574651,295636,280467,576103
14,2009,287739,270945,558684,291052,274967,566019,298835,283180,582015,297319,280850,578169,297175,281817,578992,290590,276020,566610
15,2009,294126,277490,571616,301582,285630,587212,298832,282180,581012,299218,283513,582731,292249,277460,569709,293625,277257,570882
16,2009,304613,288086,592699,301159,284263,585422,300870,284947,585817,294591,279275,573866,295661,278906,574567,282748,267161,549909
17,2009,304083,286492,590575,303591,287081,590672,296764,280948,577712,298336,281105,579441,285199,269013,554212,288237,273276,561513
18,2009,307832,290183,598015,300965,283930,584895,301680,283555,585235,288892,271940,560832,290868,275284,566152,298093,283976,582069
19,2009,305747,288569,594316,306687,288143,594830,291544,274802,566346,292517,277242,569759,299618,285877,585495,303438,288369,591807
20,2009,311275,294037,605312,296922,281136,578058,293109,279226,572335,299972,287896,587868,305238,290718,595956,311416,295905,607321
21,2009,302270,288167,590437,298392,285748,584140,300411,290424,590835,305731,293343,599074,313582,298673,612255,322643,309940,632583
22,2009,303779,292740,596519,306272,298399,604671,306548,296571,603119,314109,301605,615714,325576,313648,639224,326997,316389,643386
23,2009,312198,305944,618142,312976,305284,618260,315034,305090,620124,326336,316881,643217,330791,320757,651548,336136,325371,661507
24,2009,319389,313318,632707,321290,313449,634739,327016,320268,647284,331410,324000,655410,340859,330586,671445,348128,339312,687440
25,2009,327373,321096,648469,333347,329088,662435,332003,327362,659365,341988,334113,676101,354414,345460,699874,368230,359612,727842
26,2009,338931,336787,675718,338213,336031,674244,342606,337644,680250,356109,349992,706101,375540,366759,742299,382877,376002,758879
27,2009,343501,343127,686628,349221,346436,695657,356968,353846,710814,377710,371599,749309,390856,383265,774121,404474,398072,802546
28,2009,354598,354893,709491,363503,364074,727577,379164,376888,756052,393742,389662,783404,412893,407051,819944,428659,424542,853201
29,2009,368829,370944,739773,386180,385870,772050,395887,393743,789630,416459,411811,828270,437439,431387,868826,448424,442804,891228
30,2009,392519,393133,785652,403625,402587,806212,419203,415645,834848,441351,435936,877287,458047,450310,908357,450364,444881,895245
31,2009,408717,407674,816391,425683,422915,848598,442601,438260,880861,461266,453706,914972,457801,450376,908177,456859,449922,906781
32,2009,429624,425910,855534,447933,443171,891104,462439,454605,917044,459777,451659,911436,463228,453289,916517,462571,456185,918756
33,2009,450765,446335,897100,467245,460251,927496,460224,453181,913405,464904,455407,920311,468201,460369,928570,457971,451459,909430
34,2009,467613,466356,933969,462096,460656,922752,463331,459122,922453,467438,464536,931974,460899,457946,918845,469602,468564,938166
35,2009,463724,465006,928730,466632,465106,931738,467274,466619,933893,462075,460582,922657,474151,473035,947186,463072,462766,925838
36,2009,470520,469704,940224,472354,472826,945180,464434,462788,927222,477339,475700,953039,470096,467856,937952,468023,465602,933625
37,2009,475456,476920,952376,469273,468507,937780,478937,477430,956367,472784,470222,943006,473727,470176,943903,482495,478432,960927
38,2009,471977,472621,944598,482930,483137,966067,474035,472148,946183,475515,472746,948261,486243,482275,968518,481752,478694,960446
39,2009,485635,487118,972753,478400,478454,956854,476746,475018,951764,487387,484183,971570,485593,482353,967946,487346,484752,972098
40,2009,481082,482952,964034,480755,481438,962193,488108,485635,973743,486880,484224,971104,490976,488695,979671,457723,459547,917270
41,2009,483131,486025,969156,490373,489863,980236,487497,485734,973231,492378,490626,983004,460659,462906,923565,443012,446588,889600
42,2009,491825,493135,984960,489613,490036,979649,493251,492444,985695,461575,464407,925982,445520,449790,895310,435760,440128,875888
43,2009,491003,493334,984337,495533,496959,992492,462179,465487,927666,446377,450933,897310,438022,443048,881070,421790,427543,849333
44,2009,496971,500571,997542,463954,469596,933550,446767,451975,898742,438555,443897,882452,423870,430326,854196,412856,416218,829074
45,2009,464929,472798,937727,448265,455810,904075,438494,444451,882945,424416,431069,855485,414488,419149,833637,394084,399170,793254
46,2009,448893,458766,907659,439688,448052,887740,424553,431844,856397,414955,420317,835272,395662,402090,797752,390153,395790,785943
47,2009,440118,450822,890940,425787,435261,861048,414912,421228,836140,395992,403259,799251,391635,398808,790443,385739,393117,778856
48,2009,426319,438019,864338,416045,424935,840980,396063,404105,800168,392042,399928,791970,386663,395331,781994,379828,388804,768632
49,2009,416395,427813,844208,396829,407729,804558,392193,400913,793106,386670,396119,782789,380393,390794,771187,374653,385857,760510
50,2009,397045,410535,807580,392965,404287,797252,386436,396592,783028,380353,391288,771641,375107,387726,762833,360668,369278,729946
51,2009,393165,407180,800345,386760,399249,786009,380016,391722,771738,374862,388098,762960,360983,370766,731749,357415,369567,726982
52,2009,386619,401415,788034,380077,394014,774091,374289,388358,762647,360499,370966,731465,357060,370502,727562,357542,371308,728850
53,2009,379743,395775,775518,374124,390083,764207,359774,371017,730791,356134,370252,726386,356991,372136,729127,372660,387108,759768
54,2009,373443,391588,765031,359231,372385,731616,355056,369884,724940,356039,371719,727758,371915,387512,759427,375286,387904,763190
55,2009,358474,373597,732071,354195,370517,724712,354803,371149,725952,370733,386857,757590,374437,388683,763120,392493,406848,799341
56,2009,353028,371103,724131,353747,371360,725107,369328,386128,755456,373156,388456,761612,391557,407521,799078,384614,398449,783063
57,2009,352273,371332,723605,367886,386054,753940,371721,388218,759939,390110,407359,797469,383681,399049,782730,385746,403026,788772
58,2009,366470,385951,752421,370235,388409,758644,388384,407054,795438,382254,398942,781196,384503,403179,787682,300793,316320,617113
59,2009,368587,388570,757157,386674,407058,793732,380597,398676,779273,382853,402724,785577,299134,315927,615061,308524,326114,634638
60,2009,384666,407209,791875,378750,398634,777384,380949,402187,783136,297257,315168,612425,306795,325806,632601,311934,333825,645759
61,2009,376669,398578,775247,378777,401801,780578,295240,314166,609406,304815,325030,629845,309907,333183,643090,310251,335319,645570
62,2009,376473,401281,777754,292974,313273,606247,302549,324137,626686,307286,332085,639371,307862,334179,642041,312485,340670,653155
63,2009,290749,312377,603126,300216,323161,623377,304824,331023,635847,305216,332775,637991,309759,339406,649165,343399,377030,720429
64,2009,297684,322370,620054,302014,329745,631759,302330,331289,633619,306656,337812,644468,340142,375270,715412,338754,371531,710285
65,2009,299221,328561,627782,299525,329688,629213,303552,336232,639784,336566,373404,709970,335224,370117,705341,327434,362478,689912
66,2009,296414,328237,624651,300281,334244,634525,332664,371203,703867,331291,368160,699451,323834,361028,684862,301424,337787,639211
67,2009,296493,332433,628926,328524,368827,697351,326901,366025,692926,319595,358951,678546,297531,336316,633847,284153,325670,609823
68,2009,324201,366469,690670,322183,363578,685761,314914,356823,671737,293170,334367,627537,279574,323362,602936,289320,334836,624156
69,2009,317252,361096,678348,309955,354476,664431,288608,332305,620913,274546,320704,595250,284005,332101,616106,277868,327241,605109
70,2009,304583,352068,656651,283630,329875,613505,269358,317682,587040,278203,328968,607171,272377,324361,596738,268910,321349,590259
71,2009,278351,327317,605668,263806,314379,578185,272415,325689,598104,266279,321104,587383,262821,318004,580825,255734,315206,570940
72,2009,257907,311009,568916,266016,321952,587968,259950,317518,577468,255973,314310,570283,249060,311399,560459,252750,318217,570967
73,2009,259341,318016,577357,253261,313658,566919,248837,310132,558969,241826,306840,548666,245250,313627,558877,254691,329365,584056
74,2009,246093,309203,555296,241432,305605,547037,234543,302067,536610,237340,308467,545807,246467,324117,570584,226546,299420,525966
75,2009,233671,300445,534116,226560,296773,523333,229293,302897,532190,237669,317998,555667,218297,294109,512406,215526,293746,509272
76,2009,218239,291121,509360,220503,296747,517250,228663,311500,540163,209551,288040,497591,206827,287957,494784,205374,286665,492039
77,2009,211311,289745,501056,219222,304305,523527,200616,281460,482076,197589,281336,478925,196987,280532,477519,189198,276807,466005
78,2009,209334,296385,505719,191462,274199,465661,188203,274293,462496,187874,273248,461122,180024,269595,449619,176881,268535,445416
79,2009,181457,266101,447558,178378,266285,444663,178794,265384,444178,170586,261379,431965,167624,260379,428003,163588,256538,420126
80,2009,167825,257247,425072,168826,256626,425452,160877,252818,413695,157199,251114,408313,153267,247719,400986,148236,248691,396927
81,2009,157723,246769,404492,150518,242848,393366,147084,241154,388238,142361,237869,380230,136382,239120,375502,133013,237164,370177
82,2009,139637,231758,371395,136173,230169,366342,129904,227369,357273,124189,228040,352229,122668,227127,349795,118645,223016,341661
83,2009,122388,217665,340053,117044,215473,332517,113418,215783,329201,111451,215469,326920,108680,211874,320554,103118,207775,310893
84,2009,105589,202168,307757,102624,202735,305359,100431,202869,303300,98080,198579,296659,92784,194478,287262,63598,124334,187932
85,2009,92900,188729,281629,90132,189124,279256,88176,184893,273069,82922,179652,262574,56943,116046,172989,43065,87596,130661
86,2009,79806,174564,254370,78360,169886,248246,73670,164603,238273,50186,106521,156707,37860,80679,118539,39566,83029,122595
87,2009,68713,153863,222576,64516,148854,213370,43676,97199,140875,32713,73163,105876,34425,75875,110300,42904,93491,136395
88,2009,55639,132046,187685,37613,87179,124792,27997,65858,93855,29349,67976,97325,36736,84009,120745,46042,103055,149097
89,2009,31743,76933,108676,23577,58362,81939,24918,60276,85194,30671,73887,104558,38602,90145,128747,39049,88777,127826
90,2009,19486,50723,70209,20626,52648,73274,25460,64430,89890,31493,77438,108931,32179,77023,109202,32661,77057,109718
91,2009,16651,44873,61524,20518,55188,75706,25690,66167,91857,25952,65223,91175,26330,65662,91992,25684,66372,92056
92,2009,16225,46367,62592,20285,55527,75812,20481,55024,75505,20568,54320,74888,20232,55571,75803,18343,51390,69733
93,2009,15640,45585,61225,15939,45437,61376,15945,44855,60800,15515,45028,60543,14184,42065,56249,14038,40661,54699
94,2009,11878,36675,48553,12071,36006,48077,11716,36080,47796,10572,33072,43644,10680,32529,43209,8989,28824,37813
95,2009,8808,28132,36940,8642,28062,36704,7690,25859,33549,7635,24872,32507,6613,22377,28990,5973,20981,26954
96,2009,6057,21233,27290,5502,19552,25054,5490,18856,24346,4583,16539,21122,4264,15791,20055,3605,13889,17494
97,2009,3764,14415,18179,3779,13780,17559,3218,12138,15356,2831,11240,14071,2483,10275,12758,2461,9519,11980
98,2009,2499,9850,12349,2136,8735,10871,1869,8019,9888,1647,7078,8725,1668,6837,8505,1531,6370,7901
99,2009,1413,6056,7469,1196,5447,6643,1048,4897,5945,1062,4620,5682,1005,4406,5411,891,4080,4971
100,2009,1811,8347,10158,1701,7874,9575,1649,7473,9122,1544,6994,8538,1479,6616,8095,1298,5902,7200
0,2010,289377,272945,562322,293072,277719,570791,288756,271944,560700,286772,270112,556884,284192,266935,551127,286668,271832,558500
1,2010,292642,277321,569963,289814,273207,563021,288524,271504,560028,285122,267748,552870,287042,272025,559067,280318,265278,545596
2,2010,290510,273807,564317,289944,272696,562640,286884,269262,556146,287756,272591,560347,281879,266608,548487,277714,263146,540860
3,2010,290910,273626,564536,288619,270574,559193,289244,273756,563000,283181,267627,550808,279355,264413,543768,274944,260601,535545
4,2010,289723,271176,560899,290529,274598,565127,285321,269433,554754,280469,265313,545782,277441,262690,540131,279102,263227,542329
5,2010,291180,275231,566411,287063,270900,557963,282742,267184,549926,279460,264439,543899,281795,265491,547286,276032,261655,537687
6,2010,288196,271852,560048,284550,268736,553286,282598,267034,549632,284001,267379,551380,278094,263408,541502,273850,257911,531761
7,2010,285727,269760,555487,285368,269411,554779,287279,270292,557571,279757,264807,544564,276553,260177,536730,272135,257132,529267
8,2010,287562,271143,558705,290042,272701,562743,282488,267348,549836,278803,262072,540875,275112,259534,534646,274460,259097,533557
9,2010,292548,274644,567192,285047,269448,554495,281966,265015,546981,277410,261546,538956,277046,261330,538376,274212,258543,532755
10,2010,287074,271122,558196,285051,267642,552693,280671,264459,545130,279129,263197,542326,276727,260691,537418,276572,261384,537956
11,2010,287660,269801,557461,283706,267301,551007,282171,265753,547924,278806,262371,541177,279200,263731,542931,283426,268196,551622
12,2010,286343,269437,555780,285188,268183,553371,281692,264971,546663,281462,265673,547135,286021,270519,556540,294367,279228,573595
13,2010,287533,270100,557633,284612,267326,551938,284599,268422,553021,288104,272356,560460,296917,281367,578284,295477,279174,574651
14,2010,287118,269237,556355,287739,270945,558684,291052,274967,566019,298835,283180,582015,297319,280850,578169,297175,281817,578992
15,2010,290499,273040,563539,294126,277490,571616,301582,285630,587212,298832,282180,581012,299218,283513,582731,292249,277460,569709
16,2010,296991,279655,576646,304613,288086,592699,301159,284263,585422,300870,284947,585817,294591,279275,573866,295661,278906,574567
17,2010,307701,290241,597942,304083,286492,590575,303591,287081,590672,296764,280948,577712,298336,281105,579441,285199,269013,554212
18,2010,308168,288974,597142,307832,290183,598015,300965,283930,584895,301680,283555,585235,288892,271940,560832,290868,275284,566152
19,2010,311855,294029,605884,305747,288569,594316,306687,288143,594830,291544,274802,566346,292517,277242,569759,299618,285877,585495
20,2010,309326,293154,602480,311275,294037,605312,296922,281136,578058,293109,279226,572335,299972,287896,587868,305238,290718,595956
21,2010,314703,299503,614206,302270,288167,590437,298392,285748,584140,300411,290424,590835,305731,293343,599074,313582,298673,612255
22,2010,306044,294223,600267,303779,292740,596519,306272,298399,604671,306548,296571,603119,314109,301605,615714,325576,313648,639224
23,2010,307650,298617,606267,312198,305944,618142,312976,305284,618260,315034,305090,620124,326336,316881,643217,330791,320757,651548
24,2010,316142,312002,628144,319389,313318,632707,321290,313449,634739,327016,320268,647284,331410,324000,655410,340859,330586,671445
25,2010,323523,319476,642999,327373,321096,648469,333347,329088,662435,332003,327362,659365,341988,334113,676101,354414,345460,699874
26,2010,331355,326861,658216,338931,336787,675718,338213,336031,674244,342606,337644,680250,356109,349992,706101,375540,366759,742299
27,2010,342322,341941,684263,343501,343127,686628,349221,346436,695657,356968,353846,710814,377710,371599,749309,390856,383265,774121
28,2010,346191,348499,694690,354598,354893,709491,363503,364074,727577,379164,376888,756052,393742,389662,783404,412893,407051,819944
29,2010,357640,358789,716429,368829,370944,739773,386180,385870,772050,395887,393743,789630,416459,411811,828270,437439,431387,868826
30,2010,371641,374959,746600,392519,393133,785652,403625,402587,806212,419203,415645,834848,441351,435936,877287,458047,450310,908357
31,2010,394633,396477,791110,408717,407674,816391,425683,422915,848598,442601,438260,880861,461266,453706,914972,457801,450376,908177
32,2010,410191,409155,819346,429624,425910,855534,447933,443171,891104,462439,454605,917044,459777,451659,911436,463228,453289,916517
33,2010,430306,427759,858065,450765,446335,897100,467245,460251,927496,460224,453181,913405,464904,455407,920311,468201,460369,928570
34,2010,449387,449988,899375,467613,466356,933969,462096,460656,922752,463331,459122,922453,467438,464536,931974,460899,457946,918845
35,2010,467616,469274,936890,463724,465006,928730,466632,465106,931738,467274,466619,933893,462075,460582,922657,474151,473035,947186
36,2010,465586,468143,933729,470520,469704,940224,472354,472826,945180,464434,462788,927222,477339,475700,953039,470096,467856,937952
37,2010,471824,472505,944329,475456,476920,952376,469273,468507,937780,478937,477430,956367,472784,470222,943006,473727,470176,943903
38,2010,476070,479630,955700,471977,472621,944598,482930,483137,966067,474035,472148,946183,475515,472746,948261,486243,482275,968518
39,2010,473009,475282,948291,485635,487118,972753,478400,478454,956854,476746,475018,951764,487387,484183,971570,485593,482353,967946
40,2010,486346,489586,975932,481082,482952,964034,480755,481438,962193,488108,485635,973743,486880,484224,971104,490976,488695,979671
41,2010,482058,486062,968120,483131,486025,969156,490373,489863,980236,487497,485734,973231,492378,490626,983004,460659,462906,923565
42,2010,483954,489262,973216,491825,493135,984960,489613,490036,979649,493251,492444,985695,461575,464407,925982,445520,449790,895310
43,2010,491911,495515,987426,491003,493334,984337,495533,496959,992492,462179,465487,927666,446377,450933,897310,438022,443048,881070
44,2010,491048,495552,986600,496971,500571,997542,463954,469596,933550,446767,451975,898742,438555,443897,882452,423870,430326,854196
45,2010,497244,503045,1000289,464929,472798,937727,448265,455810,904075,438494,444451,882945,424416,431069,855485,414488,419149,833637
46,2010,464886,474752,939638,448893,458766,907659,439688,448052,887740,424553,431844,856397,414955,420317,835272,395662,402090,797752
47,2010,448706,460538,909244,440118,450822,890940,425787,435261,861048,414912,421228,836140,395992,403259,799251,391635,398808,790443
48,2010,439708,452596,892304,426319,438019,864338,416045,424935,840980,396063,404105,800168,392042,399928,791970,386663,395331,781994
49,2010,425889,439569,865458,416395,427813,844208,396829,407729,804558,392193,400913,793106,386670,396119,782789,380393,390794,771187
50,2010,415954,429559,845513,397045,410535,807580,392965,404287,797252,386436,396592,783028,380353,391288,771641,375107,387726,762833
51,2010,396499,412359,808858,393165,407180,800345,386760,399249,786009,380016,391722,771738,374862,388098,762960,360983,370766,731749
52,2010,392751,409143,801894,386619,401415,788034,380077,394014,774091,374289,388358,762647,360499,370966,731465,357060,370502,727562
53,2010,385779,402734,788513,379743,395775,775518,374124,390083,764207,359774,371017,730791,356134,370252,726386,356991,372136,729127
54,2010,378780,396767,775547,373443,391588,765031,359231,372385,731616,355056,369884,724940,356039,371719,727758,371915,387512,759427
55,2010,372378,392427,764805,358474,373597,732071,354195,370517,724712,354803,371149,725952,370733,386857,757590,374437,388683,763120
56,2010,357278,374195,731473,353028,371103,724131,353747,371360,725107,369328,386128,755456,373156,388456,761612,391557,407521,799078
57,2010,351302,371019,722321,352273,371332,723605,367886,386054,753940,371721,388218,759939,390110,407359,797469,383681,399049,782730
58,2010,350622,371003,721625,366470,385951,752421,370235,388409,758644,388384,407054,795438,382254,398942,781196,384503,403179,787682
59,2010,364549,385444,749993,368587,388570,757157,386674,407058,793732,380597,398676,779273,382853,402724,785577,299134,315927,615061
60,2010,366604,388245,754849,384666,407209,791875,378750,398634,777384,380949,402187,783136,297257,315168,612425,306795,325806,632601
61,2010,382337,406834,789171,376669,398578,775247,378777,401801,780578,295240,314166,609406,304815,325030,629845,309907,333183,643090
62,2010,374164,398165,772329,376473,401281,777754,292974,313273,606247,302549,324137,626686,307286,332085,639371,307862,334179,642041
63,2010,373839,400469,774308,290749,312377,603126,300216,323161,623377,304824,331023,635847,305216,332775,637991,309759,339406,649165
64,2010,287995,311253,599248,297684,322370,620054,302014,329745,631759,302330,331289,633619,306656,337812,644468,340142,375270,715412
65,2010,294812,321074,615886,299221,328561,627782,299525,329688,629213,303552,336232,639784,336566,373404,709970,335224,370117,705341
66,2010,296051,327098,623149,296414,328237,624651,300281,334244,634525,332664,371203,703867,331291,368160,699451,323834,361028,684862
67,2010,292785,326368,619153,296493,332433,628926,328524,368827,697351,326901,366025,692926,319595,358951,678546,297531,336316,633847
68,2010,292233,330172,622405,324201,366469,690670,322183,363578,685761,314914,356823,671737,293170,334367,627537,279574,323362,602936
69,2010,319144,363683,682827,317252,361096,678348,309955,354476,664431,288608,332305,620913,274546,320704,595250,284005,332101,616106
70,2010,311724,358198,669922,304583,352068,656651,283630,329875,613505,269358,317682,587040,278203,328968,607171,272377,324361,596738
71,2010,298766,349080,647846,278351,327317,605668,263806,314379,578185,272415,325689,598104,266279,321104,587383,262821,318004,580825
72,2010,272553,323938,596491,257907,311009,568916,266016,321952,587968,259950,317518,577468,255973,314310,570283,249060,311399,560459
73,2010,251240,306987,558227,259341,318016,577357,253261,313658,566919,248837,310132,558969,241826,306840,548666,245250,313627,558877
74,2010,252049,313406,565455,246093,309203,555296,241432,305605,547037,234543,302067,536610,237340,308467,545807,246467,324117,570584
75,2010,238282,304193,542475,233671,300445,534116,226560,296773,523333,229293,302897,532190,237669,317998,555667,218297,294109,512406
76,2010,225328,294627,519955,218239,291121,509360,220503,296747,517250,228663,311500,540163,209551,288040,497591,206827,287957,494784
77,2010,209318,284433,493751,211311,289745,501056,219222,304305,523527,200616,281460,482076,197589,281336,478925,196987,280532,477519
78,2010,201448,282067,483515,209334,296385,505719,191462,274199,465661,188203,274293,462496,187874,273248,461122,180024,269595,449619
79,2010,198693,287443,486136,181457,266101,447558,178378,266285,444663,178794,265384,444178,170586,261379,431965,167624,260379,428003
80,2010,171202,257051,428253,167825,257247,425072,168826,256626,425452,160877,252818,413695,157199,251114,408313,153267,247719,400986
81,2010,156783,247272,404055,157723,246769,404492,150518,242848,393366,147084,241154,388238,142361,237869,380230,136382,239120,375502
82,2010,146611,235851,382462,139637,231758,371395,136173,230169,366342,129904,227369,357273,124189,228040,352229,122668,227127,349795
83,2010,125872,219844,345716,122388,217665,340053,117044,215473,332517,113418,215783,329201,111451,215469,326920,108680,211874,320554
84,2010,110219,204448,314667,105589,202168,307757,102624,202735,305359,100431,202869,303300,98080,198579,296659,92784,194478,287262
85,2010,95379,188080,283459,92900,188729,281629,90132,189124,279256,88176,184893,273069,82922,179652,262574,56943,116046,172989
86,2010,83358,173747,257105,79806,174564,254370,78360,169886,248246,73670,164603,238273,50186,106521,156707,37860,80679,118539
87,2010,70011,158391,228402,68713,153863,222576,64516,148854,213370,43676,97199,140875,32713,73163,105876,34425,75875,110300
88,2010,59444,136290,195734,55639,132046,187685,37613,87179,124792,27997,65858,93855,29349,67976,97325,36736,84009,120745
89,2010,47648,117639,165287,31743,76933,108676,23577,58362,81939,24918,60276,85194,30671,73887,104558,38602,90145,128747
90,2010,26278,66724,93002,19486,50723,70209,20626,52648,73274,25460,64430,89890,31493,77438,108931,32179,77023,109202
91,2010,15826,43240,59066,16651,44873,61524,20518,55188,75706,25690,66167,91857,25952,65223,91175,26330,65662,91992
92,2010,13105,37600,50705,16225,46367,62592,20285,55527,75812,20481,55024,75505,20568,54320,74888,20232,55571,75803
93,2010,12546,37960,50506,15640,45585,61225,15939,45437,61376,15945,44855,60800,15515,45028,60543,14184,42065,56249
94,2010,11813,37162,48975,11878,36675,48553,12071,36006,48077,11716,36080,47796,10572,33072,43644,10680,32529,43209
95,2010,8798,29293,38091,8808,28132,36940,8642,28062,36704,7690,25859,33549,7635,24872,32507,6613,22377,28990
96,2010,6281,21805,28086,6057,21233,27290,5502,19552,25054,5490,18856,24346,4583,16539,21122,4264,15791,20055
97,2010,4264,15939,20203,3764,14415,18179,3779,13780,17559,3218,12138,15356,2831,11240,14071,2483,10275,12758
98,2010,2539,10438,12977,2499,9850,12349,2136,8735,10871,1869,8019,9888,1647,7078,8725,1668,6837,8505
99,2010,1616,6931,8547,1413,6056,7469,1196,5447,6643,1048,4897,5945,1062,4620,5682,1005,4406,5411
100,2010,1951,9346,11297,1811,8347,10158,1701,7874,9575,1649,7473,9122,1544,6994,8538,1479,6616,8095
0,2011,284926,268292,553218,289377,272945,562322,293072,277719,570791,288756,271944,560700,286772,270112,556884,284192,266935,551127
1,2011,288996,272698,561694,292642,277321,569963,289814,273207,563021,288524,271504,560028,285122,267748,552870,287042,272025,559067
2,2011,292330,276734,569064,290510,273807,564317,289944,272696,562640,286884,269262,556146,287756,272591,560347,281879,266608,548487
3,2011,291096,274123,565219,290910,273626,564536,288619,270574,559193,289244,273756,563000,283181,267627,550808,279355,264413,543768
4,2011,291559,274004,565563,289723,271176,560899,290529,274598,565127,285321,269433,554754,280469,265313,545782,277441,262690,540131
5,2011,290356,271708,562064,291180,275231,566411,287063,270900,557963,282742,267184,549926,279460,264439,543899,281795,265491,547286
6,2011,291568,275384,566952,288196,271852,560048,284550,268736,553286,282598,267034,549632,284001,267379,551380,278094,263408,541502
7,2011,289164,272571,561735,285727,269760,555487,285368,269411,554779,287279,270292,557571,279757,264807,544564,276553,260177,536730
8,2011,286656,270536,557192,287562,271143,558705,290042,272701,562743,282488,267348,549836,278803,262072,540875,275112,259534,534646
9,2011,289425,272627,562052,292548,274644,567192,285047,269448,554495,281966,265015,546981,277410,261546,538956,277046,261330,538376
10,2011,294729,276367,571096,287074,271122,558196,285051,267642,552693,280671,264459,545130,279129,263197,542326,276727,260691,537418
11,2011,288823,272376,561199,287660,269801,557461,283706,267301,551007,282171,265753,547924,278806,262371,541177,279200,263731,542931
12,2011,289857,271634,561491,286343,269437,555780,285188,268183,553371,281692,264971,546663,281462,265673,547135,286021,270519,556540
13,2011,288632,271318,559950,287533,270100,557633,284612,267326,551938,284599,268422,553021,288104,272356,560460,296917,281367,578284
14,2011,289631,271761,561392,287118,269237,556355,287739,270945,558684,291052,274967,566019,298835,283180,582015,297319,280850,578169
15,2011,289271,270967,560238,290499,273040,563539,294126,277490,571616,301582,285630,587212,298832,282180,581012,299218,283513,582731
16,2011,293035,274888,567923,296991,279655,576646,304613,288086,592699,301159,284263,585422,300870,284947,585817,294591,279275,573866
17,2011,299729,281501,581230,307701,290241,597942,304083,286492,590575,303591,287081,590672,296764,280948,577712,298336,281105,579441
18,2011,311417,292707,604124,308168,288974,597142,307832,290183,598015,300965,283930,584895,301680,283555,585235,288892,271940,560832
19,2011,311455,292408,603863,311855,294029,605884,305747,288569,594316,306687,288143,594830,291544,274802,566346,292517,277242,569759
20,2011,314447,298129,612576,309326,293154,602480,311275,294037,605312,296922,281136,578058,293109,279226,572335,299972,287896,587868
21,2011,312378,298164,610542,314703,299503,614206,302270,288167,590437,298392,285748,584140,300411,290424,590835,305731,293343,599074
22,2011,318409,305411,623820,306044,294223,600267,303779,292740,596519,306272,298399,604671,306548,296571,603119,314109,301605,615714
23,2011,310614,300985,611599,307650,298617,606267,312198,305944,618142,312976,305284,618260,315034,305090,620124,326336,316881,643217
24,2011,311672,304822,616494,316142,312002,628144,319389,313318,632707,321290,313449,634739,327016,320268,647284,331410,324000,655410
25,2011,320881,318319,639200,323523,319476,642999,327373,321096,648469,333347,329088,662435,332003,327362,659365,341988,334113,676101
26,2011,328163,325924,654087,331355,326861,658216,338931,336787,675718,338213,336031,674244,342606,337644,680250,356109,349992,706101
27,2011,335702,332502,668204,342322,341941,684263,343501,343127,686628,349221,346436,695657,356968,353846,710814,377710,371599,749309
28,2011,346365,347581,693946,346191,348499,694690,354598,354893,709491,363503,364074,727577,379164,376888,756052,393742,389662,783404
29,2011,349372,352563,701935,357640,358789,716429,368829,370944,739773,386180,385870,772050,395887,393743,789630,416459,411811,828270
30,2011,361153,362433,723586,371641,374959,746600,392519,393133,785652,403625,402587,806212,419203,415645,834848,441351,435936,877287
31,2011,373974,377856,751830,394633,396477,791110,408717,407674,816391,425683,422915,848598,442601,438260,880861,461266,453706,914972
32,2011,396521,398293,794814,410191,409155,819346,429624,425910,855534,447933,443171,891104,462439,454605,917044,459777,451659,911436
33,2011,411439,411244,822683,430306,427759,858065,450765,446335,897100,467245,460251,927496,460224,453181,913405,464904,455407,920311
34,2011,430001,431702,861703,449387,449988,899375,467613,466356,933969,462096,460656,922752,463331,459122,922453,467438,464536,931974
35,2011,449630,452898,902528,467616,469274,936890,463724,465006,928730,466632,465106,931738,467274,466619,933893,462075,460582,922657
36,2011,469717,472411,942128,465586,468143,933729,470520,469704,940224,472354,472826,945180,464434,462788,927222,477339,475700,953039
37,2011,467035,471097,938132,471824,472505,944329,475456,476920,952376,469273,468507,937780,478937,477430,956367,472784,470222,943006
38,2011,472523,475467,947990,476070,479630,955700,471977,472621,944598,482930,483137,966067,474035,472148,946183,475515,472746,948261
39,2011,476753,482354,959107,473009,475282,948291,485635,487118,972753,478400,478454,956854,476746,475018,951764,487387,484183,971570
40,2011,473709,478147,951856,486346,489586,975932,481082,482952,964034,480755,481438,962193,488108,485635,973743,486880,484224,971104
41,2011,486811,492373,979184,482058,486062,968120,483131,486025,969156,490373,489863,980236,487497,485734,973231,492378,490626,983004
42,2011,482861,489361,972222,483954,489262,973216,491825,493135,984960,489613,490036,979649,493251,492444,985695,461575,464407,925982
43,2011,484452,492624,977076,491911,495515,987426,491003,493334,984337,495533,496959,992492,462179,465487,927666,446377,450933,897310
44,2011,491850,498202,990052,491048,495552,986600,496971,500571,997542,463954,469596,933550,446767,451975,898742,438555,443897,882452
45,2011,491111,498246,989357,497244,503045,1000289,464929,472798,937727,448265,455810,904075,438494,444451,882945,424416,431069,855485
46,2011,497280,505896,1003176,464886,474752,939638,448893,458766,907659,439688,448052,887740,424553,431844,856397,414955,420317,835272
47,2011,464579,477191,941770,448706,460538,909244,440118,450822,890940,425787,435261,861048,414912,421228,836140,395992,403259,799251
48,2011,448104,462956,911060,439708,452596,892304,426319,438019,864338,416045,424935,840980,396063,404105,800168,392042,399928,791970
49,2011,438935,454693,893628,425889,439569,865458,416395,427813,844208,396829,407729,804558,392193,400913,793106,386670,396119,782789
50,2011,425185,441620,866805,415954,429559,845513,397045,410535,807580,392965,404287,797252,386436,396592,783028,380353,391288,771641
51,2011,415185,431636,846821,396499,412359,808858,393165,407180,800345,386760,399249,786009,380016,391722,771738,374862,388098,762960
52,2011,395693,414395,810088,392751,409143,801894,386619,401415,788034,380077,394014,774091,374289,388358,762647,360499,370966,731465
53,2011,392077,411259,803336,385779,402734,788513,379743,395775,775518,374124,390083,764207,359774,371017,730791,356134,370252,726386
54,2011,384671,404190,788861,378780,396767,775547,373443,391588,765031,359231,372385,731616,355056,369884,724940,356039,371719,727758
55,2011,377585,397845,775430,372378,392427,764805,358474,373597,732071,354195,370517,724712,354803,371149,725952,370733,386857,757590
56,2011,371033,393238,764271,357278,374195,731473,353028,371103,724131,353747,371360,725107,369328,386128,755456,373156,388456,761612
57,2011,355720,374737,730457,351302,371019,722321,352273,371332,723605,367886,386054,753940,371721,388218,759939,390110,407359,797469
58,2011,349470,371063,720533,350622,371003,721625,366470,385951,752421,370235,388409,758644,388384,407054,795438,382254,398942,781196
59,2011,348773,370683,719456,364549,385444,749993,368587,388570,757157,386674,407058,793732,380597,398676,779273,382853,402724,785577
60,2011,362209,384880,747089,366604,388245,754849,384666,407209,791875,378750,398634,777384,380949,402187,783136,297257,315168,612425
61,2011,364116,387857,751973,382337,406834,789171,376669,398578,775247,378777,401801,780578,295240,314166,609406,304815,325030,629845
62,2011,379688,406334,786022,374164,398165,772329,376473,401281,777754,292974,313273,606247,302549,324137,626686,307286,332085,639371
63,2011,371553,397477,769030,373839,400469,774308,290749,312377,603126,300216,323161,623377,304824,331023,635847,305216,332775,637991
64,2011,370853,399412,770265,287995,311253,599248,297684,322370,620054,302014,329745,631759,302330,331289,633619,306656,337812,644468
65,2011,285002,309954,594956,294812,321074,615886,299221,328561,627782,299525,329688,629213,303552,336232,639784,336566,373404,709970
66,2011,291815,319607,611422,296051,327098,623149,296414,328237,624651,300281,334244,634525,332664,371203,703867,331291,368160,699451
67,2011,292293,325189,617482,292785,326368,619153,296493,332433,628926,328524,368827,697351,326901,366025,692926,319595,358951,678546
68,2011,288700,324140,612840,292233,330172,622405,324201,366469,690670,322183,363578,685761,314914,356823,671737,293170,334367,627537
69,2011,287713,327531,615244,319144,363683,682827,317252,361096,678348,309955,354476,664431,288608,332305,620913,274546,320704,595250
70,2011,313720,360445,674165,311724,358198,669922,304583,352068,656651,283630,329875,613505,269358,317682,587040,278203,328968,607171
71,2011,305753,354816,660569,298766,349080,647846,278351,327317,605668,263806,314379,578185,272415,325689,598104,266279,321104,587383
72,2011,292447,345690,638137,272553,323938,596491,257907,311009,568916,266016,321952,587968,259950,317518,577468,255973,314310,570283
73,2011,266317,320479,586796,251240,306987,558227,259341,318016,577357,253261,313658,566919,248837,310132,558969,241826,306840,548666
74,2011,244233,302571,546804,252049,313406,565455,246093,309203,555296,241432,305605,547037,234543,302067,536610,237340,308467,545807
75,2011,244366,308260,552626,238282,304193,542475,233671,300445,534116,226560,296773,523333,229293,302897,532190,237669,317998,555667
76,2011,230152,298435,528587,225328,294627,519955,218239,291121,509360,220503,296747,517250,228663,311500,540163,209551,288040,497591
77,2011,216719,288418,505137,209318,284433,493751,211311,289745,501056,219222,304305,523527,200616,281460,482076,197589,281336,478925
78,2011,200162,277061,477223,201448,282067,483515,209334,296385,505719,191462,274199,465661,188203,274293,462496,187874,273248,461122
79,2011,191492,273713,465205,198693,287443,486136,181457,266101,447558,178378,266285,444663,178794,265384,444178,170586,261379,431965
80,2011,187170,277831,465001,171202,257051,428253,167825,257247,425072,168826,256626,425452,160877,252818,413695,157199,251114,408313
81,2011,160301,247053,407354,156783,247272,404055,157723,246769,404492,150518,242848,393366,147084,241154,388238,142361,237869,380230
82,2011,144963,236524,381487,146611,235851,382462,139637,231758,371395,136173,230169,366342,129904,227369,357273,124189,228040,352229
83,2011,132849,224073,356922,125872,219844,345716,122388,217665,340053,117044,215473,332517,113418,215783,329201,111451,215469,326920
84,2011,113902,206958,320860,110219,204448,314667,105589,202168,307757,102624,202735,305359,100431,202869,303300,98080,198579,296659
85,2011,99666,190600,290266,95379,188080,283459,92900,188729,281629,90132,189124,279256,88176,184893,273069,82922,179652,262574
86,2011,85790,173739,259529,83358,173747,257105,79806,174564,254370,78360,169886,248246,73670,164603,238273,50186,106521,156707
87,2011,74388,158557,232945,70011,158391,228402,68713,153863,222576,64516,148854,213370,43676,97199,140875,32713,73163,105876
88,2011,60837,140742,201579,59444,136290,195734,55639,132046,187685,37613,87179,124792,27997,65858,93855,29349,67976,97325
89,2011,50638,121334,171972,47648,117639,165287,31743,76933,108676,23577,58362,81939,24918,60276,85194,30671,73887,104558
90,2011,40285,102945,143230,26278,66724,93002,19486,50723,70209,20626,52648,73274,25460,64430,89890,31493,77438,108931
91,2011,21452,57204,78656,15826,43240,59066,16651,44873,61524,20518,55188,75706,25690,66167,91857,25952,65223,91175
92,2011,12581,36323,48904,13105,37600,50705,16225,46367,62592,20285,55527,75812,20481,55024,75505,20568,54320,74888
93,2011,10234,31168,41402,12546,37960,50506,15640,45585,61225,15939,45437,61376,15945,44855,60800,15515,45028,60543
94,2011,9555,30787,40342,11813,37162,48975,11878,36675,48553,12071,36006,48077,11716,36080,47796,10572,33072,43644
95,2011,8855,29881,38736,8798,29293,38091,8808,28132,36940,8642,28062,36704,7690,25859,33549,7635,24872,32507
96,2011,6392,23388,29780,6281,21805,28086,6057,21233,27290,5502,19552,25054,5490,18856,24346,4583,16539,21122
97,2011,4411,16894,21305,4264,15939,20203,3764,14415,18179,3779,13780,17559,3218,12138,15356,2831,11240,14071
98,2011,2955,11785,14740,2539,10438,12977,2499,9850,12349,2136,8735,10871,1869,8019,9888,1647,7078,8725
99,2011,1678,7529,9207,1616,6931,8547,1413,6056,7469,1196,5447,6643,1048,4897,5945,1062,4620,5682
100,2011,2136,10970,13106,1951,9346,11297,1811,8347,10158,1701,7874,9575,1649,7473,9122,1544,6994,8538
0,2012,276371,260976,537347,284926,268292,553218,289377,272945,562322,293072,277719,570791,288756,271944,560700,286772,270112,556884
1,2012,284199,267521,551720,288996,272698,561694,292642,277321,569963,289814,273207,563021,288524,271504,560028,285122,267748,552870
2,2012,288638,272305,560943,292330,276734,569064,290510,273807,564317,289944,272696,562640,286884,269262,556146,287756,272591,560347
3,2012,291941,276194,568135,291096,274123,565219,290910,273626,564536,288619,270574,559193,289244,273756,563000,283181,267627,550808
4,2012,291391,274233,565624,291559,274004,565563,289723,271176,560899,290529,274598,565127,285321,269433,554754,280469,265313,545782
5,2012,292085,274353,566438,290356,271708,562064,291180,275231,566411,287063,270900,557963,282742,267184,549926,279460,264439,543899
6,2012,290933,272236,563169,291568,275384,566952,288196,271852,560048,284550,268736,553286,282598,267034,549632,284001,267379,551380
7,2012,292059,275749,567808,289164,272571,561735,285727,269760,555487,285368,269411,554779,287279,270292,557571,279757,264807,544564
8,2012,289936,273229,563165,286656,270536,557192,287562,271143,558705,290042,272701,562743,282488,267348,549836,278803,262072,540875
9,2012,287599,271383,558982,289425,272627,562052,292548,274644,567192,285047,269448,554495,281966,265015,546981,277410,261546,538956
10,2012,290934,273859,564793,294729,276367,571096,287074,271122,558196,285051,267642,552693,280671,264459,545130,279129,263197,542326
11,2012,296458,277727,574185,288823,272376,561199,287660,269801,557461,283706,267301,551007,282171,265753,547924,278806,262371,541177
12,2012,290341,273613,563954,289857,271634,561491,286343,269437,555780,285188,268183,553371,281692,264971,546663,281462,265673,547135
13,2012,291614,273119,564733,288632,271318,559950,287533,270100,557633,284612,267326,551938,284599,268422,553021,288104,272356,560460
14,2012,290404,272846,563250,289631,271761,561392,287118,269237,556355,287739,270945,558684,291052,274967,566019,298835,283180,582015
15,2012,291412,273193,564605,289271,270967,560238,290499,273040,563539,294126,277490,571616,301582,285630,587212,298832,282180,581012
16,2012,291036,272355,563391,293035,274888,567923,296991,279655,576646,304613,288086,592699,301159,284263,585422,300870,284947,585817
17,2012,295328,276474,571802,299729,281501,581230,307701,290241,597942,304083,286492,590575,303591,287081,590672,296764,280948,577712
18,2012,302650,283674,586324,311417,292707,604124,308168,288974,597142,307832,290183,598015,300965,283930,584895,301680,283555,585235
19,2012,314313,295815,610128,311455,292408,603863,311855,294029,605884,305747,288569,594316,306687,288143,594830,291544,274802,566346
20,2012,313724,295950,609674,314447,298129,612576,309326,293154,602480,311275,294037,605312,296922,281136,578058,293109,279226,572335
21,2012,316870,301848,618718,312378,298164,610542,314703,299503,614206,302270,288167,590437,298392,285748,584140,300411,290424,590835
22,2012,315265,302850,618115,318409,305411,623820,306044,294223,600267,303779,292740,596519,306272,298399,604671,306548,296571,603119
23,2012,321878,310649,632527,310614,300985,611599,307650,298617,606267,312198,305944,618142,312976,305284,618260,315034,305090,620124
24,2012,314270,306373,620643,311672,304822,616494,316142,312002,628144,319389,313318,632707,321290,313449,634739,327016,320268,647284
25,2012,315208,310013,625221,320881,318319,639200,323523,319476,642999,327373,321096,648469,333347,329088,662435,332003,327362,659365
26,2012,324679,323551,648230,328163,325924,654087,331355,326861,658216,338931,336787,675718,338213,336031,674244,342606,337644,680250
27,2012,332068,330562,662630,335702,332502,668204,342322,341941,684263,343501,343127,686628,349221,346436,695657,356968,353846,710814
28,2012,339719,337857,677576,346365,347581,693946,346191,348499,694690,354598,354893,709491,363503,364074,727577,379164,376888,756052
29,2012,349950,351057,701007,349372,352563,701935,357640,358789,716429,368829,370944,739773,386180,385870,772050,395887,393743,789630
30,2012,353336,355580,708916,361153,362433,723586,371641,374959,746600,392519,393133,785652,403625,402587,806212,419203,415645,834848
31,2012,363126,364182,727308,373974,377856,751830,394633,396477,791110,408717,407674,816391,425683,422915,848598,442601,438260,880861
32,2012,375143,378094,753237,396521,398293,794814,410191,409155,819346,429624,425910,855534,447933,443171,891104,462439,454605,917044
33,2012,396956,398956,795912,411439,411244,822683,430306,427759,858065,450765,446335,897100,467245,460251,927496,460224,453181,913405
34,2012,410140,414062,824202,430001,431702,861703,449387,449988,899375,467613,466356,933969,462096,460656,922752,463331,459122,922453
35,2012,429620,432952,862572,449630,452898,902528,467616,469274,936890,463724,465006,928730,466632,465106,931738,467274,466619,933893
36,2012,451155,454385,905540,469717,472411,942128,465586,468143,933729,470520,469704,940224,472354,472826,945180,464434,462788,927222
37,2012,470442,473688,944130,467035,471097,938132,471824,472505,944329,475456,476920,952376,469273,468507,937780,478937,477430,956367
38,2012,467274,472566,939840,472523,475467,947990,476070,479630,955700,471977,472621,944598,482930,483137,966067,474035,472148,946183
39,2012,472647,476752,949399,476753,482354,959107,473009,475282,948291,485635,487118,972753,478400,478454,956854,476746,475018,951764
40,2012,476599,483711,960310,473709,478147,951856,486346,489586,975932,481082,482952,964034,480755,481438,962193,488108,485635,973743
41,2012,473604,479402,953006,486811,492373,979184,482058,486062,968120,483131,486025,969156,490373,489863,980236,487497,485734,973231
42,2012,486491,493757,980248,482861,489361,972222,483954,489262,973216,491825,493135,984960,489613,490036,979649,493251,492444,985695
43,2012,482755,491145,973900,484452,492624,977076,491911,495515,987426,491003,493334,984337,495533,496959,992492,462179,465487,927666
44,2012,484173,494596,978769,491850,498202,990052,491048,495552,986600,496971,500571,997542,463954,469596,933550,446767,451975,898742
45,2012,491314,499410,990724,491111,498246,989357,497244,503045,1000289,464929,472798,937727,448265,455810,904075,438494,444451,882945
46,2012,490521,499519,990040,497280,505896,1003176,464886,474752,939638,448893,458766,907659,439688,448052,887740,424553,431844,856397
47,2012,496739,507206,1003945,464579,477191,941770,448706,460538,909244,440118,450822,890940,425787,435261,861048,414912,421228,836140
48,2012,463790,478411,942201,448104,462956,911060,439708,452596,892304,426319,438019,864338,416045,424935,840980,396063,404105,800168
49,2012,447093,464036,911129,438935,454693,893628,425889,439569,865458,416395,427813,844208,396829,407729,804558,392193,400913,793106
50,2012,438002,455521,893523,425185,441620,866805,415954,429559,845513,397045,410535,807580,392965,404287,797252,386436,396592,783028
51,2012,424271,442372,866643,415185,431636,846821,396499,412359,808858,393165,407180,800345,386760,399249,786009,380016,391722,771738
52,2012,414236,432383,846619,395693,414395,810088,392751,409143,801894,386619,401415,788034,380077,394014,774091,374289,388358,762647
53,2012,394705,415177,809882,392077,411259,803336,385779,402734,788513,379743,395775,775518,374124,390083,764207,359774,371017,730791
54,2012,391094,411933,803027,384671,404190,788861,378780,396767,775547,373443,391588,765031,359231,372385,731616,355056,369884,724940
55,2012,383438,404472,787910,377585,397845,775430,372378,392427,764805,358474,373597,732071,354195,370517,724712,354803,371149,725952
56,2012,376209,398011,774220,371033,393238,764271,357278,374195,731473,353028,371103,724131,353747,371360,725107,369328,386128,755456
57,2012,369584,393072,762656,355720,374737,730457,351302,371019,722321,352273,371332,723605,367886,386054,753940,371721,388218,759939
58,2012,353981,374446,728427,349470,371063,720533,350622,371003,721625,366470,385951,752421,370235,388409,758644,388384,407054,795438
59,2012,347559,370375,717934,348773,370683,719456,364549,385444,749993,368587,388570,757157,386674,407058,793732,380597,398676,779273
60,2012,346670,369855,716525,362209,384880,747089,366604,388245,754849,384666,407209,791875,378750,398634,777384,380949,402187,783136
61,2012,359837,383904,743741,364116,387857,751973,382337,406834,789171,376669,398578,775247,378777,401801,780578,295240,314166,609406
62,2012,361558,386823,748381,379688,406334,786022,374164,398165,772329,376473,401281,777754,292974,313273,606247,302549,324137,626686
63,2012,376695,405061,781756,371553,397477,769030,373839,400469,774308,290749,312377,603126,300216,323161,623377,304824,331023,635847
64,2012,368344,396227,764571,370853,399412,770265,287995,311253,599248,297684,322370,620054,302014,329745,631759,302330,331289,633619
65,2012,367416,397814,765230,285002,309954,594956,294812,321074,615886,299221,328561,627782,299525,329688,629213,303552,336232,639784
66,2012,281885,308433,590318,291815,319607,611422,296051,327098,623149,296414,328237,624651,300281,334244,634525,332664,371203,703867
67,2012,288280,317979,606259,292293,325189,617482,292785,326368,619153,296493,332433,628926,328524,368827,697351,326901,366025,692926
68,2012,288316,323143,611459,288700,324140,612840,292233,330172,622405,324201,366469,690670,322183,363578,685761,314914,356823,671737
69,2012,284304,321761,606065,287713,327531,615244,319144,363683,682827,317252,361096,678348,309955,354476,664431,288608,332305,620913
70,2012,282976,324795,607771,313720,360445,674165,311724,358198,669922,304583,352068,656651,283630,329875,613505,269358,317682,587040
71,2012,307960,357098,665058,305753,354816,660569,298766,349080,647846,278351,327317,605668,263806,314379,578185,272415,325689,598104
72,2012,299524,351158,650682,292447,345690,638137,272553,323938,596491,257907,311009,568916,266016,321952,587968,259950,317518,577468
73,2012,285869,341772,627641,266317,320479,586796,251240,306987,558227,259341,318016,577357,253261,313658,566919,248837,310132,558969
74,2012,259553,316296,575849,244233,302571,546804,252049,313406,565455,246093,309203,555296,241432,305605,547037,234543,302067,536610
75,2012,237140,297983,535123,244366,308260,552626,238282,304193,542475,233671,300445,534116,226560,296773,523333,229293,302897,532190
76,2012,236452,302676,539128,230152,298435,528587,225328,294627,519955,218239,291121,509360,220503,296747,517250,228663,311500,540163
77,2012,221687,292181,513868,216719,288418,505137,209318,284433,493751,211311,289745,501056,219222,304305,523527,200616,281460,482076
78,2012,207810,281554,489364,200162,277061,477223,201448,282067,483515,209334,296385,505719,191462,274199,465661,188203,274293,462496
79,2012,190524,269405,459929,191492,273713,465205,198693,287443,486136,181457,266101,447558,178378,266285,444663,178794,265384,444178
80,2012,181207,264941,446148,187170,277831,465001,171202,257051,428253,167825,257247,425072,168826,256626,425452,160877,252818,413695
81,2012,174754,267765,442519,160301,247053,407354,156783,247272,404055,157723,246769,404492,150518,242848,393366,147084,241154,388238
82,2012,149547,236652,386199,144963,236524,381487,146611,235851,382462,139637,231758,371395,136173,230169,366342,129904,227369,357273
83,2012,133558,225044,358602,132849,224073,356922,125872,219844,345716,122388,217665,340053,117044,215473,332517,113418,215783,329201
84,2012,117944,211647,329591,113902,206958,320860,110219,204448,314667,105589,202168,307757,102624,202735,305359,100431,202869,303300
85,2012,102648,193449,296097,99666,190600,290266,95379,188080,283459,92900,188729,281629,90132,189124,279256,88176,184893,273069
86,2012,89057,176259,265316,85790,173739,259529,83358,173747,257105,79806,174564,254370,78360,169886,248246,73670,164603,238273
87,2012,75568,158729,234297,74388,158557,232945,70011,158391,228402,68713,153863,222576,64516,148854,213370,43676,97199,140875
88,2012,64787,142577,207364,60837,140742,201579,59444,136290,195734,55639,132046,187685,37613,87179,124792,27997,65858,93855
89,2012,51941,122092,174033,50638,121334,171972,47648,117639,165287,31743,76933,108676,23577,58362,81939,24918,60276,85194
90,2012,42398,105576,147974,40285,102945,143230,26278,66724,93002,19486,50723,70209,20626,52648,73274,25460,64430,89890
91,2012,33288,88526,121814,21452,57204,78656,15826,43240,59066,16651,44873,61524,20518,55188,75706,25690,66167,91857
92,2012,17333,48310,65643,12581,36323,48904,13105,37600,50705,16225,46367,62592,20285,55527,75812,20481,55024,75505
93,2012,9992,30023,40015,10234,31168,41402,12546,37960,50506,15640,45585,61225,15939,45437,61376,15945,44855,60800
94,2012,7914,25347,33261,9555,30787,40342,11813,37162,48975,11878,36675,48553,12071,36006,48077,11716,36080,47796
95,2012,7250,24478,31728,8855,29881,38736,8798,29293,38091,8808,28132,36940,8642,28062,36704,7690,25859,33549
96,2012,6605,23467,30072,6392,23388,29780,6281,21805,28086,6057,21233,27290,5502,19552,25054,5490,18856,24346
97,2012,4745,18051,22796,4411,16894,21305,4264,15939,20203,3764,14415,18179,3779,13780,17559,3218,12138,15356
98,2012,3132,12634,15766,2955,11785,14740,2539,10438,12977,2499,9850,12349,2136,8735,10871,1869,8019,9888
99,2012,2066,8725,10791,1678,7529,9207,1616,6931,8547,1413,6056,7469,1196,5447,6643,1048,4897,5945
100,2012,2543,12892,15435,2136,10970,13106,1951,9346,11297,1811,8347,10158,1701,7874,9575,1649,7473,9122
0,2013,274396,259651,534047,276371,260976,537347,284926,268292,553218,289377,272945,562322,293072,277719,570791,288756,271944,560700
1,2013,277263,261900,539163,284199,267521,551720,288996,272698,561694,292642,277321,569963,289814,273207,563021,288524,271504,560028
2,2013,285627,268849,554476,288638,272305,560943,292330,276734,569064,290510,273807,564317,289944,272696,562640,286884,269262,556146
3,2013,289965,273553,563518,291941,276194,568135,291096,274123,565219,290910,273626,564536,288619,270574,559193,289244,273756,563000
4,2013,293142,277391,570533,291391,274233,565624,291559,274004,565563,289723,271176,560899,290529,274598,565127,285321,269433,554754
5,2013,292645,275414,568059,292085,274353,566438,290356,271708,562064,291180,275231,566411,287063,270900,557963,282742,267184,549926
6,2013,293208,275361,568569,290933,272236,563169,291568,275384,566952,288196,271852,560048,284550,268736,553286,282598,267034,549632
7,2013,291830,273164,564994,292059,275749,567808,289164,272571,561735,285727,269760,555487,285368,269411,554779,287279,270292,557571
8,2013,293038,276683,569721,289936,273229,563165,286656,270536,557192,287562,271143,558705,290042,272701,562743,282488,267348,549836
9,2013,290885,274304,565189,287599,271383,558982,289425,272627,562052,292548,274644,567192,285047,269448,554495,281966,265015,546981
10,2013,288628,272395,561023,290934,273859,564793,294729,276367,571096,287074,271122,558196,285051,267642,552693,280671,264459,545130
11,2013,291961,274898,566859,296458,277727,574185,288823,272376,561199,287660,269801,557461,283706,267301,551007,282171,265753,547924
12,2013,297654,278789,576443,290341,273613,563954,289857,271634,561491,286343,269437,555780,285188,268183,553371,281692,264971,546663
13,2013,291474,274647,566121,291614,273119,564733,288632,271318,559950,287533,270100,557633,284612,267326,551938,284599,268422,553021
14,2013,292462,274026,566488,290404,272846,563250,289631,271761,561392,287118,269237,556355,287739,270945,558684,291052,274967,566019
15,2013,291460,273751,565211,291412,273193,564605,289271,270967,560238,290499,273040,563539,294126,277490,571616,301582,285630,587212
16,2013,292705,274124,566829,291036,272355,563391,293035,274888,567923,296991,279655,576646,304613,288086,592699,301159,284263,585422
17,2013,292756,273509,566265,295328,276474,571802,299729,281501,581230,307701,290241,597942,304083,286492,590575,303591,287081,590672
18,2013,297615,278194,575809,302650,283674,586324,311417,292707,604124,308168,288974,597142,307832,290183,598015,300965,283930,584895
19,2013,304931,286467,591398,314313,295815,610128,311455,292408,603863,311855,294029,605884,305747,288569,594316,306687,288143,594830
20,2013,316728,299047,615775,313724,295950,609674,314447,298129,612576,309326,293154,602480,311275,294037,605312,296922,281136,578058
21,2013,316248,299672,615920,316870,301848,618718,312378,298164,610542,314703,299503,614206,302270,288167,590437,298392,285748,584140
22,2013,319945,306046,625991,315265,302850,618115,318409,305411,623820,306044,294223,600267,303779,292740,596519,306272,298399,604671
23,2013,318710,307613,626323,321878,310649,632527,310614,300985,611599,307650,298617,606267,312198,305944,618142,312976,305284,618260
24,2013,325955,315750,641705,314270,306373,620643,311672,304822,616494,316142,312002,628144,319389,313318,632707,321290,313449,634739
25,2013,318445,311340,629785,315208,310013,625221,320881,318319,639200,323523,319476,642999,327373,321096,648469,333347,329088,662435
26,2013,319702,314871,634573,324679,323551,648230,328163,325924,654087,331355,326861,658216,338931,336787,675718,338213,336031,674244
27,2013,329253,328049,657302,332068,330562,662630,335702,332502,668204,342322,341941,684263,343501,343127,686628,349221,346436,695657
28,2013,336685,334549,671234,339719,337857,677576,346365,347581,693946,346191,348499,694690,354598,354893,709491,363503,364074,727577
29,2013,344069,341492,685561,349950,351057,701007,349372,352563,701935,357640,358789,716429,368829,370944,739773,386180,385870,772050
30,2013,354403,354538,708941,353336,355580,708916,361153,362433,723586,371641,374959,746600,392519,393133,785652,403625,402587,806212
31,2013,357437,358875,716312,363126,364182,727308,373974,377856,751830,394633,396477,791110,408717,407674,816391,425683,422915,848598
32,2013,367257,367062,734319,375143,378094,753237,396521,398293,794814,410191,409155,819346,429624,425910,855534,447933,443171,891104
33,2013,379047,380746,759793,396956,398956,795912,411439,411244,822683,430306,427759,858065,450765,446335,897100,467245,460251,927496
34,2013,400364,401537,801901,410140,414062,824202,430001,431702,861703,449387,449988,899375,467613,466356,933969,462096,460656,922752
35,2013,413265,416407,829672,429620,432952,862572,449630,452898,902528,467616,469274,936890,463724,465006,928730,466632,465106,931738
36,2013,432642,434977,867619,451155,454385,905540,469717,472411,942128,465586,468143,933729,470520,469704,940224,472354,472826,945180
37,2013,453647,456409,910056,470442,473688,944130,467035,471097,938132,471824,472505,944329,475456,476920,952376,469273,468507,937780
38,2013,472710,475622,948332,467274,472566,939840,472523,475467,947990,476070,479630,955700,471977,472621,944598,482930,483137,966067
39,2013,469243,474352,943595,472647,476752,949399,476753,482354,959107,473009,475282,948291,485635,487118,972753,478400,478454,956854
40,2013,474635,478572,953207,476599,483711,960310,473709,478147,951856,486346,489586,975932,481082,482952,964034,480755,481438,962193
41,2013,478236,485550,963786,473604,479402,953006,486811,492373,979184,482058,486062,968120,483131,486025,969156,490373,489863,980236
42,2013,475248,481085,956333,486491,493757,980248,482861,489361,972222,483954,489262,973216,491825,493135,984960,489613,490036,979649
43,2013,487731,495378,983109,482755,491145,973900,484452,492624,977076,491911,495515,987426,491003,493334,984337,495533,496959,992492
44,2013,484038,492747,976785,484173,494596,978769,491850,498202,990052,491048,495552,986600,496971,500571,997542,463954,469596,933550
45,2013,485085,496062,981147,491314,499410,990724,491111,498246,989357,497244,503045,1000289,464929,472798,937727,448265,455810,904075
46,2013,491914,500496,992410,490521,499519,990040,497280,505896,1003176,464886,474752,939638,448893,458766,907659,439688,448052,887740
47,2013,490987,500493,991480,496739,507206,1003945,464579,477191,941770,448706,460538,909244,440118,450822,890940,425787,435261,861048
48,2013,496794,508165,1004959,463790,478411,942201,448104,462956,911060,439708,452596,892304,426319,438019,864338,416045,424935,840980
49,2013,463707,479248,942955,447093,464036,911129,438935,454693,893628,425889,439569,865458,416395,427813,844208,396829,407729,804558
50,2013,446959,464796,911755,438002,455521,893523,425185,441620,866805,415954,429559,845513,397045,410535,807580,392965,404287,797252
51,2013,437670,456235,893905,424271,442372,866643,415185,431636,846821,396499,412359,808858,393165,407180,800345,386760,399249,786009
52,2013,423741,443104,866845,414236,432383,846619,395693,414395,810088,392751,409143,801894,386619,401415,788034,380077,394014,774091
53,2013,413569,432864,846433,394705,415177,809882,392077,411259,803336,385779,402734,788513,379743,395775,775518,374124,390083,764207
54,2013,393806,415553,809359,391094,411933,803027,384671,404190,788861,378780,396767,775547,373443,391588,765031,359231,372385,731616
55,2013,389887,412280,802167,383438,404472,787910,377585,397845,775430,372378,392427,764805,358474,373597,732071,354195,370517,724712
56,2013,382250,404470,786720,376209,398011,774220,371033,393238,764271,357278,374195,731473,353028,371103,724131,353747,371360,725107
57,2013,374687,397821,772508,369584,393072,762656,355720,374737,730457,351302,371019,722321,352273,371332,723605,367886,386054,753940
58,2013,367904,392716,760620,353981,374446,728427,349470,371063,720533,350622,371003,721625,366470,385951,752421,370235,388409,758644
59,2013,352155,373954,726109,347559,370375,717934,348773,370683,719456,364549,385444,749993,368587,388570,757157,386674,407058,793732
60,2013,345464,369650,715114,346670,369855,716525,362209,384880,747089,366604,388245,754849,384666,407209,791875,378750,398634,777384
61,2013,344333,368874,713207,359837,383904,743741,364116,387857,751973,382337,406834,789171,376669,398578,775247,378777,401801,780578
62,2013,357018,382561,739579,361558,386823,748381,379688,406334,786022,374164,398165,772329,376473,401281,777754,292974,313273,606247
63,2013,358507,385196,743703,376695,405061,781756,371553,397477,769030,373839,400469,774308,290749,312377,603126,300216,323161,623377
64,2013,373061,403174,776235,368344,396227,764571,370853,399412,770265,287995,311253,599248,297684,322370,620054,302014,329745,631759
65,2013,364463,394031,758494,367416,397814,765230,285002,309954,594956,294812,321074,615886,299221,328561,627782,299525,329688,629213
66,2013,363027,395395,758422,281885,308433,590318,291815,319607,611422,296051,327098,623149,296414,328237,624651,300281,334244,634525
67,2013,278120,306228,584348,288280,317979,606259,292293,325189,617482,292785,326368,619153,296493,332433,628926,328524,368827,697351
68,2013,283968,315606,599574,288316,323143,611459,288700,324140,612840,292233,330172,622405,324201,366469,690670,322183,363578,685761
69,2013,283581,320373,603954,284304,321761,606065,287713,327531,615244,319144,363683,682827,317252,361096,678348,309955,354476,664431
70,2013,279070,318785,597855,282976,324795,607771,313720,360445,674165,311724,358198,669922,304583,352068,656651,283630,329875,613505
71,2013,277329,321350,598679,307960,357098,665058,305753,354816,660569,298766,349080,647846,278351,327317,605668,263806,314379,578185
72,2013,301397,352887,654284,299524,351158,650682,292447,345690,638137,272553,323938,596491,257907,311009,568916,266016,321952,587968
73,2013,292337,346553,638890,285869,341772,627641,266317,320479,586796,251240,306987,558227,259341,318016,577357,253261,313658,566919
74,2013,278178,336737,614915,259553,316296,575849,244233,302571,546804,252049,313406,565455,246093,309203,555296,241432,305605,547037
75,2013,251820,311125,562945,237140,297983,535123,244366,308260,552626,238282,304193,542475,233671,300445,534116,226560,296773,523333
76,2013,229025,292442,521467,236452,302676,539128,230152,298435,528587,225328,294627,519955,218239,291121,509360,220503,296747,517250
77,2013,227563,296314,523877,221687,292181,513868,216719,288418,505137,209318,284433,493751,211311,289745,501056,219222,304305,523527
78,2013,212174,285070,497244,207810,281554,489364,200162,277061,477223,201448,282067,483515,209334,296385,505719,191462,274199,465661
79,2013,197850,273683,471533,190524,269405,459929,191492,273713,465205,198693,287443,486136,181457,266101,447558,178378,266285,444663
80,2013,180034,260768,440802,181207,264941,446148,187170,277831,465001,171202,257051,428253,167825,257247,425072,168826,256626,425452
81,2013,170235,255072,425307,174754,267765,442519,160301,247053,407354,156783,247272,404055,157723,246769,404492,150518,242848,393366
82,2013,162554,256292,418846,149547,236652,386199,144963,236524,381487,146611,235851,382462,139637,231758,371395,136173,230169,366342
83,2013,137790,225089,362879,133558,225044,358602,132849,224073,356922,125872,219844,345716,122388,217665,340053,117044,215473,332517
84,2013,121692,212333,334025,117944,211647,329591,113902,206958,320860,110219,204448,314667,105589,202168,307757,102624,202735,305359
85,2013,106086,197679,303765,102648,193449,296097,99666,190600,290266,95379,188080,283459,92900,188729,281629,90132,189124,279256
86,2013,91117,178928,270045,89057,176259,265316,85790,173739,259529,83358,173747,257105,79806,174564,254370,78360,169886,248246
87,2013,77842,160835,238677,75568,158729,234297,74388,158557,232945,70011,158391,228402,68713,153863,222576,64516,148854,213370
88,2013,64975,142792,207767,64787,142577,207364,60837,140742,201579,59444,136290,195734,55639,132046,187685,37613,87179,124792
89,2013,54651,126324,180975,51941,122092,174033,50638,121334,171972,47648,117639,165287,31743,76933,108676,23577,58362,81939
90,2013,43102,106197,149299,42398,105576,147974,40285,102945,143230,26278,66724,93002,19486,50723,70209,20626,52648,73274
91,2013,34376,90055,124431,33288,88526,121814,21452,57204,78656,15826,43240,59066,16651,44873,61524,20518,55188,75706
92,2013,26385,73811,100196,17333,48310,65643,12581,36323,48904,13105,37600,50705,16225,46367,62592,20285,55527,75812
93,2013,13408,39462,52870,9992,30023,40015,10234,31168,41402,12546,37960,50506,15640,45585,61225,15939,45437,61376
94,2013,7537,23847,31384,7914,25347,33261,9555,30787,40342,11813,37162,48975,11878,36675,48553,12071,36006,48077
95,2013,5820,19690,25510,7250,24478,31728,8855,29881,38736,8798,29293,38091,8808,28132,36940,8642,28062,36704
96,2013,5138,18384,23522,6605,23467,30072,6392,23388,29780,6281,21805,28086,6057,21233,27290,5502,19552,25054
97,2013,4490,17149,21639,4745,18051,22796,4411,16894,21305,4264,15939,20203,3764,14415,18179,3779,13780,17559
98,2013,3169,12956,16125,3132,12634,15766,2955,11785,14740,2539,10438,12977,2499,9850,12349,2136,8735,10871
99,2013,2058,8647,10705,2066,8725,10791,1678,7529,9207,1616,6931,8547,1413,6056,7469,1196,5447,6643
100,2013,2752,13453,16205,2543,12892,15435,2136,10970,13106,1951,9346,11297,1811,8347,10158,1701,7874,9575
0,2014,263091,249049,512140,274396,259651,534047,276371,260976,537347,284926,268292,553218,289377,272945,562322,293072,277719,570791
1,2014,274308,259608,533916,277263,261900,539163,284199,267521,551720,288996,272698,561694,292642,277321,569963,289814,273207,563021
2,2014,277877,262572,540449,285627,268849,554476,288638,272305,560943,292330,276734,569064,290510,273807,564317,289944,272696,562640
3,2014,286447,269587,556034,289965,273553,563518,291941,276194,568135,291096,274123,565219,290910,273626,564536,288619,270574,559193
4,2014,290759,274306,565065,293142,277391,570533,291391,274233,565624,291559,274004,565563,289723,271176,560899,290529,274598,565127
5,2014,293794,277866,571660,292645,275414,568059,292085,274353,566438,290356,271708,562064,291180,275231,566411,287063,270900,557963
6,2014,293185,276012,569197,293208,275361,568569,290933,272236,563169,291568,275384,566952,288196,271852,560048,284550,268736,553286
7,2014,293710,275776,569486,291830,273164,564994,292059,275749,567808,289164,272571,561735,285727,269760,555487,285368,269411,554779
8,2014,292144,273641,565785,293038,276683,569721,289936,273229,563165,286656,270536,557192,287562,271143,558705,290042,272701,562743
9,2014,293604,277238,570842,290885,274304,565189,287599,271383,558982,289425,272627,562052,292548,274644,567192,285047,269448,554495
10,2014,291367,274615,565982,288628,272395,561023,290934,273859,564793,294729,276367,571096,287074,271122,558196,285051,267642,552693
11,2014,289073,272872,561945,291961,274898,566859,296458,277727,574185,288823,272376,561199,287660,269801,557461,283706,267301,551007
12,2014,292448,275256,567704,297654,278789,576443,290341,273613,563954,289857,271634,561491,286343,269437,555780,285188,268183,553371
13,2014,298347,279321,577668,291474,274647,566121,291614,273119,564733,288632,271318,559950,287533,270100,557633,284612,267326,551938
14,2014,292206,275148,567354,292462,274026,566488,290404,272846,563250,289631,271761,561392,287118,269237,556355,287739,270945,558684
15,2014,293083,274494,567577,291460,273751,565211,291412,273193,564605,289271,270967,560238,290499,273040,563539,294126,277490,571616
16,2014,292208,274255,566463,292705,274124,566829,291036,272355,563391,293035,274888,567923,296991,279655,576646,304613,288086,592699
17,2014,293718,274593,568311,292756,273509,566265,295328,276474,571802,299729,281501,581230,307701,290241,597942,304083,286492,590575
18,2014,294502,274399,568901,297615,278194,575809,302650,283674,586324,311417,292707,604124,308168,288974,597142,307832,290183,598015
19,2014,299027,280140,579167,304931,286467,591398,314313,295815,610128,311455,292408,603863,311855,294029,605884,305747,288569,594316
20,2014,306062,288638,594700,316728,299047,615775,313724,295950,609674,314447,298129,612576,309326,293154,602480,311275,294037,605312
21,2014,318057,301664,619721,316248,299672,615920,316870,301848,618718,312378,298164,610542,314703,299503,614206,302270,288167,590437
22,2014,317846,302634,620480,319945,306046,625991,315265,302850,618115,318409,305411,623820,306044,294223,600267,303779,292740,596519
23,2014,322142,309559,631701,318710,307613,626323,321878,310649,632527,310614,300985,611599,307650,298617,606267,312198,305944,618142
24,2014,321559,311394,632953,325955,315750,641705,314270,306373,620643,311672,304822,616494,316142,312002,628144,319389,313318,632707
25,2014,328699,319720,648419,318445,311340,629785,315208,310013,625221,320881,318319,639200,323523,319476,642999,327373,321096,648469
26,2014,321492,315090,636582,319702,314871,634573,324679,323551,648230,328163,325924,654087,331355,326861,658216,338931,336787,675718
27,2014,322889,318142,641031,329253,328049,657302,332068,330562,662630,335702,332502,668204,342322,341941,684263,343501,343127,686628
28,2014,332483,330807,663290,336685,334549,671234,339719,337857,677576,346365,347581,693946,346191,348499,694690,354598,354893,709491
29,2014,339593,337225,676818,344069,341492,685561,349950,351057,701007,349372,352563,701935,357640,358789,716429,368829,370944,739773
30,2014,346790,343940,690730,354403,354538,708941,353336,355580,708916,361153,362433,723586,371641,374959,746600,392519,393133,785652
31,2014,357333,356746,714079,357437,358875,716312,363126,364182,727308,373974,377856,751830,394633,396477,791110,408717,407674,816391
32,2014,360006,360870,720876,367257,367062,734319,375143,378094,753237,396521,398293,794814,410191,409155,819346,429624,425910,855534
33,2014,369914,368913,738827,379047,380746,759793,396956,398956,795912,411439,411244,822683,430306,427759,858065,450765,446335,897100
34,2014,381638,382576,764214,400364,401537,801901,410140,414062,824202,430001,431702,861703,449387,449988,899375,467613,466356,933969
35,2014,402746,403282,806028,413265,416407,829672,429620,432952,862572,449630,452898,902528,467616,469274,936890,463724,465006,928730
36,2014,415455,417982,833437,432642,434977,867619,451155,454385,905540,469717,472411,942128,465586,468143,933729,470520,469704,940224
37,2014,434559,436474,871033,453647,456409,910056,470442,473688,944130,467035,471097,938132,471824,472505,944329,475456,476920,952376
38,2014,455256,457696,912952,472710,475622,948332,467274,472566,939840,472523,475467,947990,476070,479630,955700,471977,472621,944598
39,2014,474211,476954,951165,469243,474352,943595,472647,476752,949399,476753,482354,959107,473009,475282,948291,485635,487118,972753
40,2014,470309,475396,945705,474635,478572,953207,476599,483711,960310,473709,478147,951856,486346,489586,975932,481082,482952,964034
41,2014,475791,479722,955513,478236,485550,963786,473604,479402,953006,486811,492373,979184,482058,486062,968120,483131,486025,969156
42,2014,479048,486621,965669,475248,481085,956333,486491,493757,980248,482861,489361,972222,483954,489262,973216,491825,493135,984960
43,2014,475921,482175,958096,487731,495378,983109,482755,491145,973900,484452,492624,977076,491911,495515,987426,491003,493334,984337
44,2014,488216,496315,984531,484038,492747,976785,484173,494596,978769,491850,498202,990052,491048,495552,986600,496971,500571,997542
45,2014,484426,493857,978283,485085,496062,981147,491314,499410,990724,491111,498246,989357,497244,503045,1000289,464929,472798,937727
46,2014,485241,497040,982281,491914,500496,992410,490521,499519,990040,497280,505896,1003176,464886,474752,939638,448893,458766,907659
47,2014,491658,500972,992630,490987,500493,991480,496739,507206,1003945,464579,477191,941770,448706,460538,909244,440118,450822,890940
48,2014,490621,500749,991370,496794,508165,1004959,463790,478411,942201,448104,462956,911060,439708,452596,892304,426319,438019,864338
49,2014,496284,508508,1004792,463707,479248,942955,447093,464036,911129,438935,454693,893628,425889,439569,865458,416395,427813,844208
50,2014,463119,479485,942604,446959,464796,911755,438002,455521,893523,425185,441620,866805,415954,429559,845513,397045,410535,807580
51,2014,446108,464957,911065,437670,456235,893905,424271,442372,866643,415185,431636,846821,396499,412359,808858,393165,407180,800345
52,2014,436677,456328,893005,423741,443104,866845,414236,432383,846619,395693,414395,810088,392751,409143,801894,386619,401415,788034
53,2014,422531,443089,865620,413569,432864,846433,394705,415177,809882,392077,411259,803336,385779,402734,788513,379743,395775,775518
54,2014,412256,432943,845199,393806,415553,809359,391094,411933,803027,384671,404190,788861,378780,396767,775547,373443,391588,765031
55,2014,392437,415471,807908,389887,412280,802167,383438,404472,787910,377585,397845,775430,372378,392427,764805,358474,373597,732071
56,2014,388391,412007,800398,382250,404470,786720,376209,398011,774220,371033,393238,764271,357278,374195,731473,353028,371103,724131
57,2014,380475,403875,784350,374687,397821,772508,369584,393072,762656,355720,374737,730457,351302,371019,722321,352273,371332,723605
58,2014,372654,397037,769691,367904,392716,760620,353981,374446,728427,349470,371063,720533,350622,371003,721625,366470,385951,752421
59,2014,365765,391890,757655,352155,373954,726109,347559,370375,717934,348773,370683,719456,364549,385444,749993,368587,388570,757157
60,2014,349971,372885,722856,345464,369650,715114,346670,369855,716525,362209,384880,747089,366604,388245,754849,384666,407209,791875
61,2014,343019,368357,711376,344333,368874,713207,359837,383904,743741,364116,387857,751973,382337,406834,789171,376669,398578,775247
62,2014,341571,367457,709028,357018,382561,739579,361558,386823,748381,379688,406334,786022,374164,398165,772329,376473,401281,777754
63,2014,353753,380681,734434,358507,385196,743703,376695,405061,781756,371553,397477,769030,373839,400469,774308,290749,312377,603126
64,2014,355002,383108,738110,373061,403174,776235,368344,396227,764571,370853,399412,770265,287995,311253,599248,297684,322370,620054
65,2014,369118,400647,769765,364463,394031,758494,367416,397814,765230,285002,309954,594956,294812,321074,615886,299221,328561,627782
66,2014,360211,391258,751469,363027,395395,758422,281885,308433,590318,291815,319607,611422,296051,327098,623149,296414,328237,624651
67,2014,357958,392470,750428,278120,306228,584348,288280,317979,606259,292293,325189,617482,292785,326368,619153,296493,332433,628926
68,2014,273815,303629,577444,283968,315606,599574,288316,323143,611459,288700,324140,612840,292233,330172,622405,324201,366469,690670
69,2014,279245,312739,591984,283581,320373,603954,284304,321761,606065,287713,327531,615244,319144,363683,682827,317252,361096,678348
70,2014,278239,317047,595286,279070,318785,597855,282976,324795,607771,313720,360445,674165,311724,358198,669922,304583,352068,656651
71,2014,273468,315237,588705,277329,321350,598679,307960,357098,665058,305753,354816,660569,298766,349080,647846,278351,327317,605668
72,2014,271197,317400,588597,301397,352887,654284,299524,351158,650682,292447,345690,638137,272553,323938,596491,257907,311009,568916
73,2014,294134,348255,642389,292337,346553,638890,285869,341772,627641,266317,320479,586796,251240,306987,558227,259341,318016,577357
74,2014,284585,341565,626150,278178,336737,614915,259553,316296,575849,244233,302571,546804,252049,313406,565455,246093,309203,555296
75,2014,270055,331186,601241,251820,311125,562945,237140,297983,535123,244366,308260,552626,238282,304193,542475,233671,300445,534116
76,2014,243711,305376,549087,229025,292442,521467,236452,302676,539128,230152,298435,528587,225328,294627,519955,218239,291121,509360
77,2014,220598,286405,507003,227563,296314,523877,221687,292181,513868,216719,288418,505137,209318,284433,493751,211311,289745,501056
78,2014,218284,289329,507613,212174,285070,497244,207810,281554,489364,200162,277061,477223,201448,282067,483515,209334,296385,505719
79,2014,202297,277333,479630,197850,273683,471533,190524,269405,459929,191492,273713,465205,198693,287443,486136,181457,266101,447558
80,2014,187304,265009,452313,180034,260768,440802,181207,264941,446148,187170,277831,465001,171202,257051,428253,167825,257247,425072
81,2014,169272,251571,420843,170235,255072,425307,174754,267765,442519,160301,247053,407354,156783,247272,404055,157723,246769,404492
82,2014,158781,244531,403312,162554,256292,418846,149547,236652,386199,144963,236524,381487,146611,235851,382462,139637,231758,371395
83,2014,150477,244227,394704,137790,225089,362879,133558,225044,358602,132849,224073,356922,125872,219844,345716,122388,217665,340053
84,2014,126266,212887,339153,121692,212333,334025,117944,211647,329591,113902,206958,320860,110219,204448,314667,105589,202168,307757
85,2014,110172,199094,309266,106086,197679,303765,102648,193449,296097,99666,190600,290266,95379,188080,283459,92900,188729,281629
86,2014,94859,183266,278125,91117,178928,270045,89057,176259,265316,85790,173739,259529,83358,173747,257105,79806,174564,254370
87,2014,80117,164164,244281,77842,160835,238677,75568,158729,234297,74388,158557,232945,70011,158391,228402,68713,153863,222576
88,2014,67163,145744,212907,64975,142792,207767,64787,142577,207364,60837,140742,201579,59444,136290,195734,55639,132046,187685
89,2014,55318,127451,182769,54651,126324,180975,51941,122092,174033,50638,121334,171972,47648,117639,165287,31743,76933,108676
90,2014,45541,110823,156364,43102,106197,149299,42398,105576,147974,40285,102945,143230,26278,66724,93002,19486,50723,70209
91,2014,35120,91708,126828,34376,90055,124431,33288,88526,121814,21452,57204,78656,15826,43240,59066,16651,44873,61524
92,2014,27352,76257,103609,26385,73811,100196,17333,48310,65643,12581,36323,48904,13105,37600,50705,16225,46367,62592
93,2014,20601,60836,81437,13408,39462,52870,9992,30023,40015,10234,31168,41402,12546,37960,50506,15640,45585,61225
94,2014,10166,31669,41835,7537,23847,31384,7914,25347,33261,9555,30787,40342,11813,37162,48975,11878,36675,48553
95,2014,5485,18744,24229,5820,19690,25510,7250,24478,31728,8855,29881,38736,8798,29293,38091,8808,28132,36940
96,2014,4227,15148,19375,5138,18384,23522,6605,23467,30072,6392,23388,29780,6281,21805,28086,6057,21233,27290
97,2014,3562,13596,17158,4490,17149,21639,4745,18051,22796,4411,16894,21305,4264,15939,20203,3764,14415,18179
98,2014,2994,12368,15362,3169,12956,16125,3132,12634,15766,2955,11785,14740,2539,10438,12977,2499,9850,12349
99,2014,2043,9110,11153,2058,8647,10705,2066,8725,10791,1678,7529,9207,1616,6931,8547,1413,6056,7469
100,2014,2914,14338,17252,2752,13453,16205,2543,12892,15435,2136,10970,13106,1951,9346,11297,1811,8347,10158
0,2015,257024,242916,499940,263091,249049,512140,274396,259651,534047,276371,260976,537347,284926,268292,553218,289377,272945,562322
1,2015,262728,248720,511448,274308,259608,533916,277263,261900,539163,284199,267521,551720,288996,272698,561694,292642,277321,569963
2,2015,273801,259094,532895,277877,262572,540449,285627,268849,554476,288638,272305,560943,292330,276734,569064,290510,273807,564317
3,2015,277707,262193,539900,286447,269587,556034,289965,273553,563518,291941,276194,568135,291096,274123,565219,290910,273626,564536
4,2015,286208,269439,555647,290759,274306,565065,293142,277391,570533,291391,274233,565624,291559,274004,565563,289723,271176,560899
5,2015,290660,274255,564915,293794,277866,571660,292645,275414,568059,292085,274353,566438,290356,271708,562064,291180,275231,566411
6,2015,293514,277703,571217,293185,276012,569197,293208,275361,568569,290933,272236,563169,291568,275384,566952,288196,271852,560048
7,2015,292919,275863,568782,293710,275776,569486,291830,273164,564994,292059,275749,567808,289164,272571,561735,285727,269760,555487
8,2015,293483,275646,569129,292144,273641,565785,293038,276683,569721,289936,273229,563165,286656,270536,557192,287562,271143,558705
9,2015,292026,273581,565607,293604,277238,570842,290885,274304,565189,287599,271383,558982,289425,272627,562052,292548,274644,567192
10,2015,293605,277324,570929,291367,274615,565982,288628,272395,561023,290934,273859,564793,294729,276367,571096,287074,271122,558196
11,2015,291357,274698,566055,289073,272872,561945,291961,274898,566859,296458,277727,574185,288823,272376,561199,287660,269801,557461
12,2015,289200,273046,562246,292448,275256,567704,297654,278789,576443,290341,273613,563954,289857,271634,561491,286343,269437,555780
13,2015,292610,275346,567956,298347,279321,577668,291474,274647,566121,291614,273119,564733,288632,271318,559950,287533,270100,557633
14,2015,298910,279597,578507,292206,275148,567354,292462,274026,566488,290404,272846,563250,289631,271761,561392,287118,269237,556355
15,2015,292906,275346,568252,293083,274494,567577,291460,273751,565211,291412,273193,564605,289271,270967,560238,290499,273040,563539
16,2015,293706,274741,568447,292208,274255,566463,292705,274124,566829,291036,272355,563391,293035,274888,567923,296991,279655,576646
17,2015,293354,274592,567946,293718,274593,568311,292756,273509,566265,295328,276474,571802,299729,281501,581230,307701,290241,597942
18,2015,295461,275267,570728,294502,274399,568901,297615,278194,575809,302650,283674,586324,311417,292707,604124,308168,288974,597142
19,2015,296196,275871,572067,299027,280140,579167,304931,286467,591398,314313,295815,610128,311455,292408,603863,311855,294029,605884
20,2015,300146,281729,581875,306062,288638,594700,316728,299047,615775,313724,295950,609674,314447,298129,612576,309326,293154,602480
21,2015,306613,290228,596841,318057,301664,619721,316248,299672,615920,316870,301848,618718,312378,298164,610542,314703,299503,614206
22,2015,319072,303644,622716,317846,302634,620480,319945,306046,625991,315265,302850,618115,318409,305411,623820,306044,294223,600267
23,2015,318700,304910,623610,322142,309559,631701,318710,307613,626323,321878,310649,632527,310614,300985,611599,307650,298617,606267
24,2015,323485,311741,635226,321559,311394,632953,325955,315750,641705,314270,306373,620643,311672,304822,616494,316142,312002,628144
25,2015,322677,313495,636172,328699,319720,648419,318445,311340,629785,315208,310013,625221,320881,318319,639200,323523,319476,642999
26,2015,329811,321616,651427,321492,315090,636582,319702,314871,634573,324679,323551,648230,328163,325924,654087,331355,326861,658216
27,2015,322598,316685,639283,322889,318142,641031,329253,328049,657302,332068,330562,662630,335702,332502,668204,342322,341941,684263
28,2015,323838,319565,643403,332483,330807,663290,336685,334549,671234,339719,337857,677576,346365,347581,693946,346191,348499,694690
29,2015,333465,331866,665331,339593,337225,676818,344069,341492,685561,349950,351057,701007,349372,352563,701935,357640,358789,716429
30,2015,340419,338119,678538,346790,343940,690730,354403,354538,708941,353336,355580,708916,361153,362433,723586,371641,374959,746600
31,2015,347571,344702,692273,357333,356746,714079,357437,358875,716312,363126,364182,727308,373974,377856,751830,394633,396477,791110
32,2015,358021,357517,715538,360006,360870,720876,367257,367062,734319,375143,378094,753237,396521,398293,794814,410191,409155,819346
33,2015,360733,361340,722073,369914,368913,738827,379047,380746,759793,396956,398956,795912,411439,411244,822683,430306,427759,858065
34,2015,370525,369258,739783,381638,382576,764214,400364,401537,801901,410140,414062,824202,430001,431702,861703,449387,449988,899375
35,2015,382058,383052,765110,402746,403282,806028,413265,416407,829672,429620,432952,862572,449630,452898,902528,467616,469274,936890
36,2015,403200,403526,806726,415455,417982,833437,432642,434977,867619,451155,454385,905540,469717,472411,942128,465586,468143,933729
37,2015,415673,417966,833639,434559,436474,871033,453647,456409,910056,470442,473688,944130,467035,471097,938132,471824,472505,944329
38,2015,434593,436564,871157,455256,457696,912952,472710,475622,948332,467274,472566,939840,472523,475467,947990,476070,479630,955700
39,2015,454973,457831,912804,474211,476954,951165,469243,474352,943595,472647,476752,949399,476753,482354,959107,473009,475282,948291
40,2015,473835,476897,950732,470309,475396,945705,474635,478572,953207,476599,483711,960310,473709,478147,951856,486346,489586,975932
41,2015,469871,475376,945247,475791,479722,955513,478236,485550,963786,473604,479402,953006,486811,492373,979184,482058,486062,968120
42,2015,475287,479818,955105,479048,486621,965669,475248,481085,956333,486491,493757,980248,482861,489361,972222,483954,489262,973216
43,2015,478441,486782,965223,475921,482175,958096,487731,495378,983109,482755,491145,973900,484452,492624,977076,491911,495515,987426
44,2015,475327,482280,957607,488216,496315,984531,484038,492747,976785,484173,494596,978769,491850,498202,990052,491048,495552,986600
45,2015,487372,496417,983789,484426,493857,978283,485085,496062,981147,491314,499410,990724,491111,498246,989357,497244,503045,1000289
46,2015,483508,493744,977252,485241,497040,982281,491914,500496,992410,490521,499519,990040,497280,505896,1003176,464886,474752,939638
47,2015,484199,496971,981170,491658,500972,992630,490987,500493,991480,496739,507206,1003945,464579,477191,941770,448706,460538,909244
48,2015,490430,500680,991110,490621,500749,991370,496794,508165,1004959,463790,478411,942201,448104,462956,911060,439708,452596,892304
49,2015,489330,500229,989559,496284,508508,1004792,463707,479248,942955,447093,464036,911129,438935,454693,893628,425889,439569,865458
50,2015,494798,507939,1002737,463119,479485,942604,446959,464796,911755,438002,455521,893523,425185,441620,866805,415954,429559,845513
51,2015,461668,479116,940784,446108,464957,911065,437670,456235,893905,424271,442372,866643,415185,431636,846821,396499,412359,808858
52,2015,444572,464282,908854,436677,456328,893005,423741,443104,866845,414236,432383,846619,395693,414395,810088,392751,409143,801894
53,2015,435068,455881,890949,422531,443089,865620,413569,432864,846433,394705,415177,809882,392077,411259,803336,385779,402734,788513
54,2015,420784,442327,863111,412256,432943,845199,393806,415553,809359,391094,411933,803027,384671,404190,788861,378780,396767,775547
55,2015,410440,432129,842569,392437,415471,807908,389887,412280,802167,383438,404472,787910,377585,397845,775430,372378,392427,764805
56,2015,390470,414508,804978,388391,412007,800398,382250,404470,786720,376209,398011,774220,371033,393238,764271,357278,374195,731473
57,2015,386480,410901,797381,380475,403875,784350,374687,397821,772508,369584,393072,762656,355720,374737,730457,351302,371019,722321
58,2015,378206,402768,780974,372654,397037,769691,367904,392716,760620,353981,374446,728427,349470,371063,720533,350622,371003,721625
59,2015,370303,395793,766096,365765,391890,757655,352155,373954,726109,347559,370375,717934,348773,370683,719456,364549,385444,749993
60,2015,363367,390495,753862,349971,372885,722856,345464,369650,715114,346670,369855,716525,362209,384880,747089,366604,388245,754849
61,2015,347396,371465,718861,343019,368357,711376,344333,368874,713207,359837,383904,743741,364116,387857,751973,382337,406834,789171
62,2015,340215,366633,706848,341571,367457,709028,357018,382561,739579,361558,386823,748381,379688,406334,786022,374164,398165,772329
63,2015,338447,365549,703996,353753,380681,734434,358507,385196,743703,376695,405061,781756,371553,397477,769030,373839,400469,774308
64,2015,350234,378570,728804,355002,383108,738110,373061,403174,776235,368344,396227,764571,370853,399412,770265,287995,311253,599248
65,2015,351362,380743,732105,369118,400647,769765,364463,394031,758494,367416,397814,765230,285002,309954,594956,294812,321074,615886
66,2015,364783,397936,762719,360211,391258,751469,363027,395395,758422,281885,308433,590318,291815,319607,611422,296051,327098,623149
67,2015,355537,388513,744050,357958,392470,750428,278120,306228,584348,288280,317979,606259,292293,325189,617482,292785,326368,619153
68,2015,352690,389142,741832,273815,303629,577444,283968,315606,599574,288316,323143,611459,288700,324140,612840,292233,330172,622405
69,2015,269542,300848,570390,279245,312739,591984,283581,320373,603954,284304,321761,606065,287713,327531,615244,319144,363683,682827
70,2015,274323,309661,583984,278239,317047,595286,279070,318785,597855,282976,324795,607771,313720,360445,674165,311724,358198,669922
71,2015,272828,313693,586521,273468,315237,588705,277329,321350,598679,307960,357098,665058,305753,354816,660569,298766,349080,647846
72,2015,267714,311586,579300,271197,317400,588597,301397,352887,654284,299524,351158,650682,292447,345690,638137,272553,323938,596491
73,2015,264916,313292,578208,294134,348255,642389,292337,346553,638890,285869,341772,627641,266317,320479,586796,251240,306987,558227
74,2015,286601,343459,630060,284585,341565,626150,278178,336737,614915,259553,316296,575849,244233,302571,546804,252049,313406,565455
75,2015,276728,336287,613015,270055,331186,601241,251820,311125,562945,237140,297983,535123,244366,308260,552626,238282,304193,542475
76,2015,261569,325315,586884,243711,305376,549087,229025,292442,521467,236452,302676,539128,230152,298435,528587,225328,294627,519955
77,2015,235069,299262,534331,220598,286405,507003,227563,296314,523877,221687,292181,513868,216719,288418,505137,209318,284433,493751
78,2015,212053,279834,491887,218284,289329,507613,212174,285070,497244,207810,281554,489364,200162,277061,477223,201448,282067,483515
79,2015,208514,281748,490262,202297,277333,479630,197850,273683,471533,190524,269405,459929,191492,273713,465205,198693,287443,486136
80,2015,192113,268941,461054,187304,265009,452313,180034,260768,440802,181207,264941,446148,187170,277831,465001,171202,257051,428253
81,2015,176607,255752,432359,169272,251571,420843,170235,255072,425307,174754,267765,442519,160301,247053,407354,156783,247272,404055
82,2015,158764,241422,400186,158781,244531,403312,162554,256292,418846,149547,236652,386199,144963,236524,381487,146611,235851,382462
83,2015,147406,233353,380759,150477,244227,394704,137790,225089,362879,133558,225044,358602,132849,224073,356922,125872,219844,345716
84,2015,138188,231370,369558,126266,212887,339153,121692,212333,334025,117944,211647,329591,113902,206958,320860,110219,204448,314667
85,2015,114599,200100,314699,110172,199094,309266,106086,197679,303765,102648,193449,296097,99666,190600,290266,95379,188080,283459
86,2015,98780,185248,284028,94859,183266,278125,91117,178928,270045,89057,176259,265316,85790,173739,259529,83358,173747,257105
87,2015,84022,168470,252492,80117,164164,244281,77842,160835,238677,75568,158729,234297,74388,158557,232945,70011,158391,228402
88,2015,69610,149138,218748,67163,145744,212907,64975,142792,207767,64787,142577,207364,60837,140742,201579,59444,136290,195734
89,2015,57239,130480,187719,55318,127451,182769,54651,126324,180975,51941,122092,174033,50638,121334,171972,47648,117639,165287
90,2015,46367,112174,158541,45541,110823,156364,43102,106197,149299,42398,105576,147974,40285,102945,143230,26278,66724,93002
91,2015,37409,95805,133214,35120,91708,126828,34376,90055,124431,33288,88526,121814,21452,57204,78656,15826,43240,59066
92,2015,28203,77591,105794,27352,76257,103609,26385,73811,100196,17333,48310,65643,12581,36323,48904,13105,37600,50705
93,2015,21417,63285,84702,20601,60836,81437,13408,39462,52870,9992,30023,40015,10234,31168,41402,12546,37960,50506
94,2015,15765,49376,65141,10166,31669,41835,7537,23847,31384,7914,25347,33261,9555,30787,40342,11813,37162,48975
95,2015,7552,25137,32689,5485,18744,24229,5820,19690,25510,7250,24478,31728,8855,29881,38736,8798,29293,38091
96,2015,3998,14515,18513,4227,15148,19375,5138,18384,23522,6605,23467,30072,6392,23388,29780,6281,21805,28086
97,2015,2994,11489,14483,3562,13596,17158,4490,17149,21639,4745,18051,22796,4411,16894,21305,4264,15939,20203
98,2015,2435,9951,12386,2994,12368,15362,3169,12956,16125,3132,12634,15766,2955,11785,14740,2539,10438,12977
99,2015,1998,8730,10728,2043,9110,11153,2058,8647,10705,2066,8725,10791,1678,7529,9207,1616,6931,8547
100,2015,3026,15394,18420,2914,14338,17252,2752,13453,16205,2543,12892,15435,2136,10970,13106,1951,9346,11297
0,2016,248474,234503,482977,257024,242916,499940,263091,249049,512140,274396,259651,534047,276371,260976,537347,284926,268292,553218
1,2016,256954,242753,499707,262728,248720,511448,274308,259608,533916,277263,261900,539163,284199,267521,551720,288996,272698,561694
2,2016,262071,248046,510117,273801,259094,532895,277877,262572,540449,285627,268849,554476,288638,272305,560943,292330,276734,569064
3,2016,273332,258472,531804,277707,262193,539900,286447,269587,556034,289965,273553,563518,291941,276194,568135,291096,274123,565219
4,2016,277314,261860,539174,286208,269439,555647,290759,274306,565065,293142,277391,570533,291391,274233,565624,291559,274004,565563
5,2016,286000,269014,555014,290660,274255,564915,293794,277866,571660,292645,275414,568059,292085,274353,566438,290356,271708,562064
6,2016,290495,273921,564416,293514,277703,571217,293185,276012,569197,293208,275361,568569,290933,272236,563169,291568,275384,566952
7,2016,293071,277236,570307,292919,275863,568782,293710,275776,569486,291830,273164,564994,292059,275749,567808,289164,272571,561735
8,2016,292714,275662,568376,293483,275646,569129,292144,273641,565785,293038,276683,569721,289936,273229,563165,286656,270536,557192
9,2016,293478,275358,568836,292026,273581,565607,293604,277238,570842,290885,274304,565189,287599,271383,558982,289425,272627,562052
10,2016,291809,273389,565198,293605,277324,570929,291367,274615,565982,288628,272395,561023,290934,273859,564793,294729,276367,571096
11,2016,293508,277175,570683,291357,274698,566055,289073,272872,561945,291961,274898,566859,296458,277727,574185,288823,272376,561199
12,2016,291390,274631,566021,289200,273046,562246,292448,275256,567704,297654,278789,576443,290341,273613,563954,289857,271634,561491
13,2016,289277,273019,562296,292610,275346,567956,298347,279321,577668,291474,274647,566121,291614,273119,564733,288632,271318,559950
14,2016,292798,275279,568077,298910,279597,578507,292206,275148,567354,292462,274026,566488,290404,272846,563250,289631,271761,561392
15,2016,299427,279630,579057,292906,275346,568252,293083,274494,567577,291460,273751,565211,291412,273193,564605,289271,270967,560238
16,2016,293672,275410,569082,293706,274741,568447,292208,274255,566463,292705,274124,566829,291036,272355,563391,293035,274888,567923
17,2016,294786,274979,569765,293354,274592,567946,293718,274593,568311,292756,273509,566265,295328,276474,571802,299729,281501,581230
18,2016,295551,275171,570722,295461,275267,570728,294502,274399,568901,297615,278194,575809,302650,283674,586324,311417,292707,604124
19,2016,298107,276507,574614,296196,275871,572067,299027,280140,579167,304931,286467,591398,314313,295815,610128,311455,292408,603863
20,2016,297986,277203,575189,300146,281729,581875,306062,288638,594700,316728,299047,615775,313724,295950,609674,314447,298129,612576
21,2016,301681,282973,584654,306613,290228,596841,318057,301664,619721,316248,299672,615920,316870,301848,618718,312378,298164,610542
22,2016,307779,291652,599431,319072,303644,622716,317846,302634,620480,319945,306046,625991,315265,302850,618115,318409,305411,623820
23,2016,320541,305212,625753,318700,304910,623610,322142,309559,631701,318710,307613,626323,321878,310649,632527,310614,300985,611599
24,2016,320083,306323,626406,323485,311741,635226,321559,311394,632953,325955,315750,641705,314270,306373,620643,311672,304822,616494
25,2016,325190,313102,638292,322677,313495,636172,328699,319720,648419,318445,311340,629785,315208,310013,625221,320881,318319,639200
26,2016,324163,314741,638904,329811,321616,651427,321492,315090,636582,319702,314871,634573,324679,323551,648230,328163,325924,654087
27,2016,331241,322703,653944,322598,316685,639283,322889,318142,641031,329253,328049,657302,332068,330562,662630,335702,332502,668204
28,2016,324127,317728,641855,323838,319565,643403,332483,330807,663290,336685,334549,671234,339719,337857,677576,346365,347581,693946
29,2016,325440,320351,645791,333465,331866,665331,339593,337225,676818,344069,341492,685561,349950,351057,701007,349372,352563,701935
30,2016,334869,332477,667346,340419,338119,678538,346790,343940,690730,354403,354538,708941,353336,355580,708916,361153,362433,723586
31,2016,341615,338566,680181,347571,344702,692273,357333,356746,714079,357437,358875,716312,363126,364182,727308,373974,377856,751830
32,2016,348424,345034,693458,358021,357517,715538,360006,360870,720876,367257,367062,734319,375143,378094,753237,396521,398293,794814
33,2016,359018,357812,716830,360733,361340,722073,369914,368913,738827,379047,380746,759793,396956,398956,795912,411439,411244,822683
34,2016,361522,361456,722978,370525,369258,739783,381638,382576,764214,400364,401537,801901,410140,414062,824202,430001,431702,861703
35,2016,371593,369416,741009,382058,383052,765110,402746,403282,806028,413265,416407,829672,429620,432952,862572,449630,452898,902528
36,2016,382630,383029,765659,403200,403526,806726,415455,417982,833437,432642,434977,867619,451155,454385,905540,469717,472411,942128
37,2016,403662,403546,807208,415673,417966,833639,434559,436474,871033,453647,456409,910056,470442,473688,944130,467035,471097,938132
38,2016,416077,417977,834054,434593,436564,871157,455256,457696,912952,472710,475622,948332,467274,472566,939840,472523,475467,947990
39,2016,434613,436590,871203,454973,457831,912804,474211,476954,951165,469243,474352,943595,472647,476752,949399,476753,482354,959107
40,2016,454769,457715,912484,473835,476897,950732,470309,475396,945705,474635,478572,953207,476599,483711,960310,473709,478147,951856
41,2016,473527,476626,950153,469871,475376,945247,475791,479722,955513,478236,485550,963786,473604,479402,953006,486811,492373,979184
42,2016,469437,475114,944551,475287,479818,955105,479048,486621,965669,475248,481085,956333,486491,493757,980248,482861,489361,972222
43,2016,474884,479524,954408,478441,486782,965223,475921,482175,958096,487731,495378,983109,482755,491145,973900,484452,492624,977076
44,2016,477838,486396,964234,475327,482280,957607,488216,496315,984531,484038,492747,976785,484173,494596,978769,491850,498202,990052
45,2016,474512,481890,956402,487372,496417,983789,484426,493857,978283,485085,496062,981147,491314,499410,990724,491111,498246,989357
46,2016,486455,496009,982464,483508,493744,977252,485241,497040,982281,491914,500496,992410,490521,499519,990040,497280,505896,1003176
47,2016,482453,493334,975787,484199,496971,981170,491658,500972,992630,490987,500493,991480,496739,507206,1003945,464579,477191,941770
48,2016,483006,496528,979534,490430,500680,991110,490621,500749,991370,496794,508165,1004959,463790,478411,942201,448104,462956,911060
49,2016,489062,500049,989111,489330,500229,989559,496284,508508,1004792,463707,479248,942955,447093,464036,911129,438935,454693,893628
50,2016,487896,499459,987355,494798,507939,1002737,463119,479485,942604,446959,464796,911755,438002,455521,893523,425185,441620,866805
51,2016,493112,506986,1000098,461668,479116,940784,446108,464957,911065,437670,456235,893905,424271,442372,866643,415185,431636,846821
52,2016,459958,478271,938229,444572,464282,908854,436677,456328,893005,423741,443104,866845,414236,432383,846619,395693,414395,810088
53,2016,442921,463407,906328,435068,455881,890949,422531,443089,865620,413569,432864,846433,394705,415177,809882,392077,411259,803336
54,2016,433153,454903,888056,420784,442327,863111,412256,432943,845199,393806,415553,809359,391094,411933,803027,384671,404190,788861
55,2016,418786,441306,860092,410440,432129,842569,392437,415471,807908,389887,412280,802167,383438,404472,787910,377585,397845,775430
56,2016,408451,430989,839440,390470,414508,804978,388391,412007,800398,382250,404470,786720,376209,398011,774220,371033,393238,764271
57,2016,388218,413339,801557,386480,410901,797381,380475,403875,784350,374687,397821,772508,369584,393072,762656,355720,374737,730457
58,2016,384321,409442,793763,378206,402768,780974,372654,397037,769691,367904,392716,760620,353981,374446,728427,349470,371063,720533
59,2016,375701,401306,777007,370303,395793,766096,365765,391890,757655,352155,373954,726109,347559,370375,717934,348773,370683,719456
60,2016,367712,394070,761782,363367,390495,753862,349971,372885,722856,345464,369650,715114,346670,369855,716525,362209,384880,747089
61,2016,360467,388687,749154,347396,371465,718861,343019,368357,711376,344333,368874,713207,359837,383904,743741,364116,387857,751973
62,2016,344519,369593,714112,340215,366633,706848,341571,367457,709028,357018,382561,739579,361558,386823,748381,379688,406334,786022
63,2016,337144,364697,701841,338447,365549,703996,353753,380681,734434,358507,385196,743703,376695,405061,781756,371553,397477,769030
64,2016,334827,363373,698200,350234,378570,728804,355002,383108,738110,373061,403174,776235,368344,396227,764571,370853,399412,770265
65,2016,346468,376067,722535,351362,380743,732105,369118,400647,769765,364463,394031,758494,367416,397814,765230,285002,309954,594956
66,2016,347240,378044,725284,364783,397936,762719,360211,391258,751469,363027,395395,758422,281885,308433,590318,291815,319607,611422
67,2016,359887,394927,754814,355537,388513,744050,357958,392470,750428,278120,306228,584348,288280,317979,606259,292293,325189,617482
68,2016,350198,385242,735440,352690,389142,741832,273815,303629,577444,283968,315606,599574,288316,323143,611459,288700,324140,612840
69,2016,346792,385509,732301,269542,300848,570390,279245,312739,591984,283581,320373,603954,284304,321761,606065,287713,327531,615244
70,2016,264627,297725,562352,274323,309661,583984,278239,317047,595286,279070,318785,597855,282976,324795,607771,313720,360445,674165
71,2016,268994,306256,575250,272828,313693,586521,273468,315237,588705,277329,321350,598679,307960,357098,665058,305753,354816,660569
72,2016,266724,309729,576453,267714,311586,579300,271197,317400,588597,301397,352887,654284,299524,351158,650682,292447,345690,638137
73,2016,261148,307140,568288,264916,313292,578208,294134,348255,642389,292337,346553,638890,285869,341772,627641,266317,320479,586796
74,2016,257933,308429,566362,286601,343459,630060,284585,341565,626150,278178,336737,614915,259553,316296,575849,244233,302571,546804
75,2016,278103,337725,615828,276728,336287,613015,270055,331186,601241,251820,311125,562945,237140,297983,535123,244366,308260,552626
76,2016,267718,329979,597697,261569,325315,586884,243711,305376,549087,229025,292442,521467,236452,302676,539128,230152,298435,528587
77,2016,251863,318372,570235,235069,299262,534331,220598,286405,507003,227563,296314,523877,221687,292181,513868,216719,288418,505137
78,2016,225536,291763,517299,212053,279834,491887,218284,289329,507613,212174,285070,497244,207810,281554,489364,200162,277061,477223
79,2016,202151,271832,473983,208514,281748,490262,202297,277333,479630,197850,273683,471533,190524,269405,459929,191492,273713,465205
80,2016,197720,272564,470284,192113,268941,461054,187304,265009,452313,180034,260768,440802,181207,264941,446148,187170,277831,465001
81,2016,180907,259008,439915,176607,255752,432359,169272,251571,420843,170235,255072,425307,174754,267765,442519,160301,247053,407354
82,2016,164759,244593,409352,158764,241422,400186,158781,244531,403312,162554,256292,418846,149547,236652,386199,144963,236524,381487
83,2016,146783,229533,376316,147406,233353,380759,150477,244227,394704,137790,225089,362879,133558,225044,358602,132849,224073,356922
84,2016,134914,219734,354648,138188,231370,369558,126266,212887,339153,121692,212333,334025,117944,211647,329591,113902,206958,320860
85,2016,124952,216264,341216,114599,200100,314699,110172,199094,309266,106086,197679,303765,102648,193449,296097,99666,190600,290266
86,2016,102058,185166,287224,98780,185248,284028,94859,183266,278125,91117,178928,270045,89057,176259,265316,85790,173739,259529
87,2016,86724,169076,255800,84022,168470,252492,80117,164164,244281,77842,160835,238677,75568,158729,234297,74388,158557,232945
88,2016,72431,151869,224300,69610,149138,218748,67163,145744,212907,64975,142792,207767,64787,142577,207364,60837,140742,201579
89,2016,58874,131864,190738,57239,130480,187719,55318,127451,182769,54651,126324,180975,51941,122092,174033,50638,121334,171972
90,2016,47285,113300,160585,46367,112174,158541,45541,110823,156364,43102,106197,149299,42398,105576,147974,40285,102945,143230
91,2016,37499,95411,132910,37409,95805,133214,35120,91708,126828,34376,90055,124431,33288,88526,121814,21452,57204,78656
92,2016,29601,79857,109458,28203,77591,105794,27352,76257,103609,26385,73811,100196,17333,48310,65643,12581,36323,48904
93,2016,21657,63309,84966,21417,63285,84702,20601,60836,81437,13408,39462,52870,9992,30023,40015,10234,31168,41402
94,2016,16099,50295,66394,15765,49376,65141,10166,31669,41835,7537,23847,31384,7914,25347,33261,9555,30787,40342
95,2016,11326,38015,49341,7552,25137,32689,5485,18744,24229,5820,19690,25510,7250,24478,31728,8855,29881,38736
96,2016,5302,18968,24270,3998,14515,18513,4227,15148,19375,5138,18384,23522,6605,23467,30072,6392,23388,29780
97,2016,2721,10525,13246,2994,11489,14483,3562,13596,17158,4490,17149,21639,4745,18051,22796,4411,16894,21305
98,2016,1992,8150,10142,2435,9951,12386,2994,12368,15362,3169,12956,16125,3132,12634,15766,2955,11785,14740
99,2016,1534,6724,8258,1998,8730,10728,2043,9110,11153,2058,8647,10705,2066,8725,10791,1678,7529,9207
100,2016,2913,14785,17698,3026,15394,18420,2914,14338,17252,2752,13453,16205,2543,12892,15435,2136,10970,13106
0,2017,241228,228728,469956,248474,234503,482977,257024,242916,499940,263091,249049,512140,274396,259651,534047,276371,260976,537347
1,2017,248341,234634,482975,256954,242753,499707,262728,248720,511448,274308,259608,533916,277263,261900,539163,284199,267521,551720
2,2017,256565,242535,499100,262071,248046,510117,273801,259094,532895,277877,262572,540449,285627,268849,554476,288638,272305,560943
3,2017,261241,247328,508569,273332,258472,531804,277707,262193,539900,286447,269587,556034,289965,273553,563518,291941,276194,568135
4,2017,272739,257945,530684,277314,261860,539174,286208,269439,555647,290759,274306,565065,293142,277391,570533,291391,274233,565624
5,2017,276899,261416,538315,286000,269014,555014,290660,274255,564915,293794,277866,571660,292645,275414,568059,292085,274353,566438
6,2017,285572,268651,554223,290495,273921,564416,293514,277703,571217,293185,276012,569197,293208,275361,568569,290933,272236,563169
7,2017,289958,273526,563484,293071,277236,570307,292919,275863,568782,293710,275776,569486,291830,273164,564994,292059,275749,567808
8,2017,292572,276877,569449,292714,275662,568376,293483,275646,569129,292144,273641,565785,293038,276683,569721,289936,273229,563165
9,2017,292308,275426,567734,293478,275358,568836,292026,273581,565607,293604,277238,570842,290885,274304,565189,287599,271383,558982
10,2017,293118,275233,568351,291809,273389,565198,293605,277324,570929,291367,274615,565982,288628,272395,561023,290934,273859,564793
11,2017,291479,273280,564759,293508,277175,570683,291357,274698,566055,289073,272872,561945,291961,274898,566859,296458,277727,574185
12,2017,293283,276949,570232,291390,274631,566021,289200,273046,562246,292448,275256,567704,297654,278789,576443,290341,273613,563954
13,2017,291179,274469,565648,289277,273019,562296,292610,275346,567956,298347,279321,577668,291474,274647,566121,291614,273119,564733
14,2017,289177,272829,562006,292798,275279,568077,298910,279597,578507,292206,275148,567354,292462,274026,566488,290404,272846,563250
15,2017,292769,275138,567907,299427,279630,579057,292906,275346,568252,293083,274494,567577,291460,273751,565211,291412,273193,564605
16,2017,299939,279574,579513,293672,275410,569082,293706,274741,568447,292208,274255,566463,292705,274124,566829,291036,272355,563391
17,2017,295044,275376,570420,294786,274979,569765,293354,274592,567946,293718,274593,568311,292756,273509,566265,295328,276474,571802
18,2017,299947,275422,575369,295551,275171,570722,295461,275267,570728,294502,274399,568901,297615,278194,575809,302650,283674,586324
19,2017,301274,276264,577538,298107,276507,574614,296196,275871,572067,299027,280140,579167,304931,286467,591398,314313,295815,610128
20,2017,302504,277669,580173,297986,277203,575189,300146,281729,581875,306062,288638,594700,316728,299047,615775,313724,295950,609674
21,2017,302060,278394,580454,301681,282973,584654,306613,290228,596841,318057,301664,619721,316248,299672,615920,316870,301848,618718
22,2017,304489,284180,588669,307779,291652,599431,319072,303644,622716,317846,302634,620480,319945,306046,625991,315265,302850,618115
23,2017,310158,293110,603268,320541,305212,625753,318700,304910,623610,322142,309559,631701,318710,307613,626323,321878,310649,632527
24,2017,323099,306521,629620,320083,306323,626406,323485,311741,635226,321559,311394,632953,325955,315750,641705,314270,306373,620643
25,2017,321959,307576,629535,325190,313102,638292,322677,313495,636172,328699,319720,648419,318445,311340,629785,315208,310013,625221
26,2017,328131,314305,642436,324163,314741,638904,329811,321616,651427,321492,315090,636582,319702,314871,634573,324679,323551,648230
27,2017,326046,315961,642007,331241,322703,653944,322598,316685,639283,322889,318142,641031,329253,328049,657302,332068,330562,662630
28,2017,333278,323900,657178,324127,317728,641855,323838,319565,643403,332483,330807,663290,336685,334549,671234,339719,337857,677576
29,2017,325867,318828,644695,325440,320351,645791,333465,331866,665331,339593,337225,676818,344069,341492,685561,349950,351057,701007
30,2017,327139,321317,648456,334869,332477,667346,340419,338119,678538,346790,343940,690730,354403,354538,708941,353336,355580,708916
31,2017,336419,333056,669475,341615,338566,680181,347571,344702,692273,357333,356746,714079,357437,358875,716312,363126,364182,727308
32,2017,342831,339055,681886,348424,345034,693458,358021,357517,715538,360006,360870,720876,367257,367062,734319,375143,378094,753237
33,2017,349257,345399,694656,359018,357812,716830,360733,361340,722073,369914,368913,738827,379047,380746,759793,396956,398956,795912
34,2017,359915,358124,718039,361522,361456,722978,370525,369258,739783,381638,382576,764214,400364,401537,801901,410140,414062,824202
35,2017,362128,361717,723845,371593,369416,741009,382058,383052,765110,402746,403282,806028,413265,416407,829672,429620,432952,862572
36,2017,372475,369437,741912,382630,383029,765659,403200,403526,806726,415455,417982,833437,432642,434977,867619,451155,454385,905540
37,2017,382784,383077,765861,403662,403546,807208,415673,417966,833639,434559,436474,871033,453647,456409,910056,470442,473688,944130
38,2017,403876,403454,807330,416077,417977,834054,434593,436564,871157,455256,457696,912952,472710,475622,948332,467274,472566,939840
39,2017,416128,417703,833831,434613,436590,871203,454973,457831,912804,474211,476954,951165,469243,474352,943595,472647,476752,949399
40,2017,434372,436419,870791,454769,457715,912484,473835,476897,950732,470309,475396,945705,474635,478572,953207,476599,483711,960310
41,2017,454456,457395,911851,473527,476626,950153,469871,475376,945247,475791,479722,955513,478236,485550,963786,473604,479402,953006
42,2017,472913,476278,949191,469437,475114,944551,475287,479818,955105,479048,486621,965669,475248,481085,956333,486491,493757,980248
43,2017,468875,474618,943493,474884,479524,954408,478441,486782,965223,475921,482175,958096,487731,495378,983109,482755,491145,973900
44,2017,474374,478948,953322,477838,486396,964234,475327,482280,957607,488216,496315,984531,484038,492747,976785,484173,494596,978769
45,2017,477057,485881,962938,474512,481890,956402,487372,496417,983789,484426,493857,978283,485085,496062,981147,491314,499410,990724
46,2017,473526,481415,954941,486455,496009,982464,483508,493744,977252,485241,497040,982281,491914,500496,992410,490521,499519,990040
47,2017,485398,495362,980760,482453,493334,975787,484199,496971,981170,491658,500972,992630,490987,500493,991480,496739,507206,1003945
48,2017,481428,492690,974118,483006,496528,979534,490430,500680,991110,490621,500749,991370,496794,508165,1004959,463790,478411,942201
49,2017,481861,495995,977856,489062,500049,989111,489330,500229,989559,496284,508508,1004792,463707,479248,942955,447093,464036,911129
50,2017,487824,499262,987086,487896,499459,987355,494798,507939,1002737,463119,479485,942604,446959,464796,911755,438002,455521,893523
51,2017,486370,498679,985049,493112,506986,1000098,461668,479116,940784,446108,464957,911065,437670,456235,893905,424271,442372,866643
52,2017,491565,506056,997621,459958,478271,938229,444572,464282,908854,436677,456328,893005,423741,443104,866845,414236,432383,846619
53,2017,458371,477327,935698,442921,463407,906328,435068,455881,890949,422531,443089,865620,413569,432864,846433,394705,415177,809882
54,2017,441100,462369,903469,433153,454903,888056,420784,442327,863111,412256,432943,845199,393806,415553,809359,391094,411933,803027
55,2017,431260,453861,885121,418786,441306,860092,410440,432129,842569,392437,415471,807908,389887,412280,802167,383438,404472,787910
56,2017,416879,440114,856993,408451,430989,839440,390470,414508,804978,388391,412007,800398,382250,404470,786720,376209,398011,774220
57,2017,406309,429802,836111,388218,413339,801557,386480,410901,797381,380475,403875,784350,374687,397821,772508,369584,393072,762656
58,2017,386041,411964,798005,384321,409442,793763,378206,402768,780974,372654,397037,769691,367904,392716,760620,353981,374446,728427
59,2017,381812,408019,789831,375701,401306,777007,370303,395793,766096,365765,391890,757655,352155,373954,726109,347559,370375,717934
60,2017,373298,399758,773056,367712,394070,761782,363367,390495,753862,349971,372885,722856,345464,369650,715114,346670,369855,716525
61,2017,365055,392325,757380,360467,388687,749154,347396,371465,718861,343019,368357,711376,344333,368874,713207,359837,383904,743741
62,2017,357654,386942,744596,344519,369593,714112,340215,366633,706848,341571,367457,709028,357018,382561,739579,361558,386823,748381
63,2017,341549,367794,709343,337144,364697,701841,338447,365549,703996,353753,380681,734434,358507,385196,743703,376695,405061,781756
64,2017,333942,362669,696611,334827,363373,698200,350234,378570,728804,355002,383108,738110,373061,403174,776235,368344,396227,764571
65,2017,331416,361030,692446,346468,376067,722535,351362,380743,732105,369118,400647,769765,364463,394031,758494,367416,397814,765230
66,2017,342570,373652,716222,347240,378044,725284,364783,397936,762719,360211,391258,751469,363027,395395,758422,281885,308433,590318
67,2017,342718,375279,717997,359887,394927,754814,355537,388513,744050,357958,392470,750428,278120,306228,584348,288280,317979,606259
68,2017,354712,391756,746468,350198,385242,735440,352690,389142,741832,273815,303629,577444,283968,315606,599574,288316,323143,611459
69,2017,344748,381850,726598,346792,385509,732301,269542,300848,570390,279245,312739,591984,283581,320373,603954,284304,321761,606065
70,2017,340863,381705,722568,264627,297725,562352,274323,309661,583984,278239,317047,595286,279070,318785,597855,282976,324795,607771
71,2017,259602,294474,554076,268994,306256,575250,272828,313693,586521,273468,315237,588705,277329,321350,598679,307960,357098,665058
72,2017,263439,302586,566025,266724,309729,576453,267714,311586,579300,271197,317400,588597,301397,352887,654284,299524,351158,650682
73,2017,260372,305626,565998,261148,307140,568288,264916,313292,578208,294134,348255,642389,292337,346553,638890,285869,341772,627641
74,2017,254420,302547,556967,257933,308429,566362,286601,343459,630060,284585,341565,626150,278178,336737,614915,259553,316296,575849
75,2017,250642,303385,554027,278103,337725,615828,276728,336287,613015,270055,331186,601241,251820,311125,562945,237140,297983,535123
76,2017,269390,331814,601204,267718,329979,597697,261569,325315,586884,243711,305376,549087,229025,292442,521467,236452,302676,539128
77,2017,258690,323180,581870,251863,318372,570235,235069,299262,534331,220598,286405,507003,227563,296314,523877,221687,292181,513868
78,2017,242331,311084,553415,225536,291763,517299,212053,279834,491887,218284,289329,507613,212174,285070,497244,207810,281554,489364
79,2017,215848,284208,500056,202151,271832,473983,208514,281748,490262,202297,277333,479630,197850,273683,471533,190524,269405,459929
80,2017,192451,263653,456104,197720,272564,470284,192113,268941,461054,187304,265009,452313,180034,260768,440802,181207,264941,446148
81,2017,186918,263179,450097,180907,259008,439915,176607,255752,432359,169272,251571,420843,170235,255072,425307,174754,267765,442519
82,2017,169654,248719,418373,164759,244593,409352,158764,241422,400186,158781,244531,403312,162554,256292,418846,149547,236652,386199
83,2017,153241,233268,386509,146783,229533,376316,147406,233353,380759,150477,244227,394704,137790,225089,362879,133558,225044,358602
84,2017,135171,217424,352595,134914,219734,354648,138188,231370,369558,126266,212887,339153,121692,212333,334025,117944,211647,329591
85,2017,122931,206292,329223,124952,216264,341216,114599,200100,314699,110172,199094,309266,106086,197679,303765,102648,193449,296097
86,2017,112240,201195,313435,102058,185166,287224,98780,185248,284028,94859,183266,278125,91117,178928,270045,89057,176259,265316
87,2017,90570,170537,261107,86724,169076,255800,84022,168470,252492,80117,164164,244281,77842,160835,238677,75568,158729,234297
88,2017,75497,153693,229190,72431,151869,224300,69610,149138,218748,67163,145744,212907,64975,142792,207767,64787,142577,207364
89,2017,62055,135815,197870,58874,131864,190738,57239,130480,187719,55318,127451,182769,54651,126324,180975,51941,122092,174033
90,2017,49465,116076,165541,47285,113300,160585,46367,112174,158541,45541,110823,156364,43102,106197,149299,42398,105576,147974
91,2017,38744,98132,136876,37499,95411,132910,37409,95805,133214,35120,91708,126828,34376,90055,124431,33288,88526,121814
92,2017,30050,80943,110993,29601,79857,109458,28203,77591,105794,27352,76257,103609,26385,73811,100196,17333,48310,65643
93,2017,23238,66322,89560,21657,63309,84966,21417,63285,84702,20601,60836,81437,13408,39462,52870,9992,30023,40015
94,2017,16590,51497,68087,16099,50295,66394,15765,49376,65141,10166,31669,41835,7537,23847,31384,7914,25347,33261
95,2017,11864,39690,51554,11326,38015,49341,7552,25137,32689,5485,18744,24229,5820,19690,25510,7250,24478,31728
96,2017,8179,29445,37624,5302,18968,24270,3998,14515,18513,4227,15148,19375,5138,18384,23522,6605,23467,30072
97,2017,3704,14256,17960,2721,10525,13246,2994,11489,14483,3562,13596,17158,4490,17149,21639,4745,18051,22796
98,2017,1882,7725,9607,1992,8150,10142,2435,9951,12386,2994,12368,15362,3169,12956,16125,3132,12634,15766
99,2017,1314,5831,7145,1534,6724,8258,1998,8730,10728,2043,9110,11153,2058,8647,10705,2066,8725,10791
100,2017,2671,13887,16558,2913,14785,17698,3026,15394,18420,2914,14338,17252,2752,13453,16205,2543,12892,15435
0,2018,234151,220915,455066,241228,228728,469956,248474,234503,482977,257024,242916,499940,263091,249049,512140,274396,259651,534047
1,2018,241422,228990,470412,248341,234634,482975,256954,242753,499707,262728,248720,511448,274308,259608,533916,277263,261900,539163
2,2018,248127,234683,482810,256565,242535,499100,262071,248046,510117,273801,259094,532895,277877,262572,540449,285627,268849,554476
3,2018,256349,242295,498644,261241,247328,508569,273332,258472,531804,277707,262193,539900,286447,269587,556034,289965,273553,563518
4,2018,260667,246685,507352,272739,257945,530684,277314,261860,539174,286208,269439,555647,290759,274306,565065,293142,277391,570533
5,2018,272287,257429,529716,276899,261416,538315,286000,269014,555014,290660,274255,564915,293794,277866,571660,292645,275414,568059
6,2018,276525,261051,537576,285572,268651,554223,290495,273921,564416,293514,277703,571217,293185,276012,569197,293208,275361,568569
7,2018,285109,268393,553502,289958,273526,563484,293071,277236,570307,292919,275863,568782,293710,275776,569486,291830,273164,564994
8,2018,289604,273114,562718,292572,276877,569449,292714,275662,568376,293483,275646,569129,292144,273641,565785,293038,276683,569721
9,2018,292160,276713,568873,292308,275426,567734,293478,275358,568836,292026,273581,565607,293604,277238,570842,290885,274304,565189
10,2018,292094,275230,567324,293118,275233,568351,291809,273389,565198,293605,277324,570929,291367,274615,565982,288628,272395,561023
11,2018,292925,275158,568083,291479,273280,564759,293508,277175,570683,291357,274698,566055,289073,272872,561945,291961,274898,566859
12,2018,291228,273250,564478,293283,276949,570232,291390,274631,566021,289200,273046,562246,292448,275256,567704,297654,278789,576443
13,2018,293251,276933,570184,291179,274469,565648,289277,273019,562296,292610,275346,567956,298347,279321,577668,291474,274647,566121
14,2018,291323,274611,565934,289177,272829,562006,292798,275279,568077,298910,279597,578507,292206,275148,567354,292462,274026,566488
15,2018,289397,272785,562182,292769,275138,567907,299427,279630,579057,292906,275346,568252,293083,274494,567577,291460,273751,565211
16,2018,293398,275243,568641,299939,279574,579513,293672,275410,569082,293706,274741,568447,292208,274255,566463,292705,274124,566829
17,2018,302253,279736,581989,295044,275376,570420,294786,274979,569765,293354,274592,567946,293718,274593,568311,292756,273509,566265
18,2018,302995,276335,579330,299947,275422,575369,295551,275171,570722,295461,275267,570728,294502,274399,568901,297615,278194,575809
19,2018,310352,276933,587285,301274,276264,577538,298107,276507,574614,296196,275871,572067,299027,280140,579167,304931,286467,591398
20,2018,307475,277991,585466,302504,277669,580173,297986,277203,575189,300146,281729,581875,306062,288638,594700,316728,299047,615775
21,2018,307927,279695,587622,302060,278394,580454,301681,282973,584654,306613,290228,596841,318057,301664,619721,316248,299672,615920
22,2018,306012,280254,586266,304489,284180,588669,307779,291652,599431,319072,303644,622716,317846,302634,620480,319945,306046,625991
23,2018,307961,286044,594005,310158,293110,603268,320541,305212,625753,318700,304910,623610,322142,309559,631701,318710,307613,626323
24,2018,312942,294761,607703,323099,306521,629620,320083,306323,626406,323485,311741,635226,321559,311394,632953,325955,315750,641705
25,2018,325985,308048,634033,321959,307576,629535,325190,313102,638292,322677,313495,636172,328699,319720,648419,318445,311340,629785
26,2018,323901,308621,632522,328131,314305,642436,324163,314741,638904,329811,321616,651427,321492,315090,636582,319702,314871,634573
27,2018,330565,315371,645936,326046,315961,642007,331241,322703,653944,322598,316685,639283,322889,318142,641031,329253,328049,657302
28,2018,327464,317051,644515,333278,323900,657178,324127,317728,641855,323838,319565,643403,332483,330807,663290,336685,334549,671234
29,2018,334849,324785,659634,325867,318828,644695,325440,320351,645791,333465,331866,665331,339593,337225,676818,344069,341492,685561
30,2018,327100,319536,646636,327139,321317,648456,334869,332477,667346,340419,338119,678538,346790,343940,690730,354403,354538,708941
31,2018,328389,322059,650448,336419,333056,669475,341615,338566,680181,347571,344702,692273,357333,356746,714079,357437,358875,716312
32,2018,337325,333392,670717,342831,339055,681886,348424,345034,693458,358021,357517,715538,360006,360870,720876,367257,367062,734319
33,2018,343520,339536,683056,349257,345399,694656,359018,357812,716830,360733,361340,722073,369914,368913,738827,379047,380746,759793
34,2018,349656,345759,695415,359915,358124,718039,361522,361456,722978,370525,369258,739783,381638,382576,764214,400364,401537,801901
35,2018,360505,358356,718861,362128,361717,723845,371593,369416,741009,382058,383052,765110,402746,403282,806028,413265,416407,829672
36,2018,362370,361916,724286,372475,369437,741912,382630,383029,765659,403200,403526,806726,415455,417982,833437,432642,434977,867619
37,2018,372836,369423,742259,382784,383077,765861,403662,403546,807208,415673,417966,833639,434559,436474,871033,453647,456409,910056
38,2018,382746,383049,765795,403876,403454,807330,416077,417977,834054,434593,436564,871157,455256,457696,912952,472710,475622,948332
39,2018,403771,403283,807054,416128,417703,833831,434613,436590,871203,454973,457831,912804,474211,476954,951165,469243,474352,943595
40,2018,415837,417390,833227,434372,436419,870791,454769,457715,912484,473835,476897,950732,470309,475396,945705,474635,478572,953207
41,2018,433945,436186,870131,454456,457395,911851,473527,476626,950153,469871,475376,945247,475791,479722,955513,478236,485550,963786
42,2018,453757,457176,910933,472913,476278,949191,469437,475114,944551,475287,479818,955105,479048,486621,965669,475248,481085,956333
43,2018,472198,475962,948160,468875,474618,943493,474884,479524,954408,478441,486782,965223,475921,482175,958096,487731,495378,983109
44,2018,468199,474308,942507,474374,478948,953322,477838,486396,964234,475327,482280,957607,488216,496315,984531,484038,492747,976785
45,2018,473559,478447,952006,477057,485881,962938,474512,481890,956402,487372,496417,983789,484426,493857,978283,485085,496062,981147
46,2018,476223,485328,961551,473526,481415,954941,486455,496009,982464,483508,493744,977252,485241,497040,982281,491914,500496,992410
47,2018,472493,480790,953283,485398,495362,980760,482453,493334,975787,484199,496971,981170,491658,500972,992630,490987,500493,991480
48,2018,484335,494802,979137,481428,492690,974118,483006,496528,979534,490430,500680,991110,490621,500749,991370,496794,508165,1004959
49,2018,480303,492006,972309,481861,495995,977856,489062,500049,989111,489330,500229,989559,496284,508508,1004792,463707,479248,942955
50,2018,480580,495334,975914,487824,499262,987086,487896,499459,987355,494798,507939,1002737,463119,479485,942604,446959,464796,911755
51,2018,486478,498410,984888,486370,498679,985049,493112,506986,1000098,461668,479116,940784,446108,464957,911065,437670,456235,893905
52,2018,484758,497597,982355,491565,506056,997621,459958,478271,938229,444572,464282,908854,436677,456328,893005,423741,443104,866845
53,2018,489902,504982,994884,458371,477327,935698,442921,463407,906328,435068,455881,890949,422531,443089,865620,413569,432864,846433
54,2018,456695,476246,932941,441100,462369,903469,433153,454903,888056,420784,442327,863111,412256,432943,845199,393806,415553,809359
55,2018,439536,461194,900730,431260,453861,885121,418786,441306,860092,410440,432129,842569,392437,415471,807908,389887,412280,802167
56,2018,429500,452738,882238,416879,440114,856993,408451,430989,839440,390470,414508,804978,388391,412007,800398,382250,404470,786720
57,2018,414957,438847,853804,406309,429802,836111,388218,413339,801557,386480,410901,797381,380475,403875,784350,374687,397821,772508
58,2018,404152,428318,832470,386041,411964,798005,384321,409442,793763,378206,402768,780974,372654,397037,769691,367904,392716,760620
59,2018,383847,410519,794366,381812,408019,789831,375701,401306,777007,370303,395793,766096,365765,391890,757655,352155,373954,726109
60,2018,379375,406350,785725,373298,399758,773056,367712,394070,761782,363367,390495,753862,349971,372885,722856,345464,369650,715114
61,2018,370517,397946,768463,365055,392325,757380,360467,388687,749154,347396,371465,718861,343019,368357,711376,344333,368874,713207
62,2018,362120,390419,752539,357654,386942,744596,344519,369593,714112,340215,366633,706848,341571,367457,709028,357018,382561,739579
63,2018,354672,385062,739734,341549,367794,709343,337144,364697,701841,338447,365549,703996,353753,380681,734434,358507,385196,743703
64,2018,338289,365709,703998,333942,362669,696611,334827,363373,698200,350234,378570,728804,355002,383108,738110,373061,403174,776235
65,2018,330506,360443,690949,331416,361030,692446,346468,376067,722535,351362,380743,732105,369118,400647,769765,364463,394031,758494
66,2018,327913,358837,686750,342570,373652,716222,347240,378044,725284,364783,397936,762719,360211,391258,751469,363027,395395,758422
67,2018,338185,371028,709213,342718,375279,717997,359887,394927,754814,355537,388513,744050,357958,392470,750428,278120,306228,584348
68,2018,338055,372375,710430,354712,391756,746468,350198,385242,735440,352690,389142,741832,273815,303629,577444,283968,315606,599574
69,2018,349193,388241,737434,344748,381850,726598,346792,385509,732301,269542,300848,570390,279245,312739,591984,283581,320373,603954
70,2018,338859,378008,716867,340863,381705,722568,264627,297725,562352,274323,309661,583984,278239,317047,595286,279070,318785,597855
71,2018,334372,377512,711884,259602,294474,554076,268994,306256,575250,272828,313693,586521,273468,315237,588705,277329,321350,598679
72,2018,254147,290767,544914,263439,302586,566025,266724,309729,576453,267714,311586,579300,271197,317400,588597,301397,352887,654284
73,2018,257271,298366,555637,260372,305626,565998,261148,307140,568288,264916,313292,578208,294134,348255,642389,292337,346553,638890
74,2018,253537,301054,554591,254420,302547,556967,257933,308429,566362,286601,343459,630060,284585,341565,626150,278178,336737,614915
75,2018,247035,297431,544466,250642,303385,554027,278103,337725,615828,276728,336287,613015,270055,331186,601241,251820,311125,562945
76,2018,242491,297729,540220,269390,331814,601204,267718,329979,597697,261569,325315,586884,243711,305376,549087,229025,292442,521467
77,2018,259761,324864,584625,258690,323180,581870,251863,318372,570235,235069,299262,534331,220598,286405,507003,227563,296314,523877
78,2018,248606,315430,564036,242331,311084,553415,225536,291763,517299,212053,279834,491887,218284,289329,507613,212174,285070,497244
79,2018,231777,302592,534369,215848,284208,500056,202151,271832,473983,208514,281748,490262,202297,277333,479630,197850,273683,471533
80,2018,205214,275421,480635,192451,263653,456104,197720,272564,470284,192113,268941,461054,187304,265009,452313,180034,260768,440802
81,2018,181546,254323,435869,186918,263179,450097,180907,259008,439915,176607,255752,432359,169272,251571,420843,170235,255072,425307
82,2018,174921,252162,427083,169654,248719,418373,164759,244593,409352,158764,241422,400186,158781,244531,403312,162554,256292,418846
83,2018,157393,236817,394210,153241,233268,386509,146783,229533,376316,147406,233353,380759,150477,244227,394704,137790,225089,362879
84,2018,140744,220396,361140,135171,217424,352595,134914,219734,354648,138188,231370,369558,126266,212887,339153,121692,212333,334025
85,2018,122794,203753,326547,122931,206292,329223,124952,216264,341216,114599,200100,314699,110172,199094,309266,106086,197679,303765
86,2018,110032,191007,301039,112240,201195,313435,102058,185166,287224,98780,185248,284028,94859,183266,278125,91117,178928,270045
87,2018,99045,184256,283301,90570,170537,261107,86724,169076,255800,84022,168470,252492,80117,164164,244281,77842,160835,238677
88,2018,78408,154077,232485,75497,153693,229190,72431,151869,224300,69610,149138,218748,67163,145744,212907,64975,142792,207767
89,2018,64174,136402,200576,62055,135815,197870,58874,131864,190738,57239,130480,187719,55318,127451,182769,54651,126324,180975
90,2018,51737,118638,170375,49465,116076,165541,47285,113300,160585,46367,112174,158541,45541,110823,156364,43102,106197,149299
91,2018,40143,99427,139570,38744,98132,136876,37499,95411,132910,37409,95805,133214,35120,91708,126828,34376,90055,124431
92,2018,30650,82326,112976,30050,80943,110993,29601,79857,109458,28203,77591,105794,27352,76257,103609,26385,73811,100196
93,2018,23208,66497,89705,23238,66322,89560,21657,63309,84966,21417,63285,84702,20601,60836,81437,13408,39462,52870
94,2018,17466,53178,70644,16590,51497,68087,16099,50295,66394,15765,49376,65141,10166,31669,41835,7537,23847,31384
95,2018,12074,40152,52226,11864,39690,51554,11326,38015,49341,7552,25137,32689,5485,18744,24229,5820,19690,25510
96,2018,8400,30307,38707,8179,29445,37624,5302,18968,24270,3998,14515,18513,4227,15148,19375,5138,18384,23522
97,2018,5626,21681,27307,3704,14256,17960,2721,10525,13246,2994,11489,14483,3562,13596,17158,4490,17149,21639
98,2018,2445,10250,12695,1882,7725,9607,1992,8150,10142,2435,9951,12386,2994,12368,15362,3169,12956,16125
99,2018,1264,5425,6689,1314,5831,7145,1534,6724,8258,1998,8730,10728,2043,9110,11153,2058,8647,10705
100,2018,2334,12650,14984,2671,13887,16558,2913,14785,17698,3026,15394,18420,2914,14338,17252,2752,13453,16205
0,2019,221685,209322,431007,234151,220915,455066,241228,228728,469956,248474,234503,482977,257024,242916,499940,263091,249049,512140
1,2019,234386,221360,455746,241422,228990,470412,248341,234634,482975,256954,242753,499707,262728,248720,511448,274308,259608,533916
2,2019,241671,229142,470813,248127,234683,482810,256565,242535,499100,262071,248046,510117,273801,259094,532895,277877,262572,540449
3,2019,248155,234791,482946,256349,242295,498644,261241,247328,508569,273332,258472,531804,277707,262193,539900,286447,269587,556034
4,2019,256257,241983,498240,260667,246685,507352,272739,257945,530684,277314,261860,539174,286208,269439,555647,290759,274306,565065
5,2019,260616,246502,507118,272287,257429,529716,276899,261416,538315,286000,269014,555014,290660,274255,564915,293794,277866,571660
6,2019,272398,257211,529609,276525,261051,537576,285572,268651,554223,290495,273921,564416,293514,277703,571217,293185,276012,569197
7,2019,276672,261137,537809,285109,268393,553502,289958,273526,563484,293071,277236,570307,292919,275863,568782,293710,275776,569486
8,2019,285251,268440,553691,289604,273114,562718,292572,276877,569449,292714,275662,568376,293483,275646,569129,292144,273641,565785
9,2019,289719,273327,563046,292160,276713,568873,292308,275426,567734,293478,275358,568836,292026,273581,565607,293604,277238,570842
10,2019,292417,276854,569271,292094,275230,567324,293118,275233,568351,291809,273389,565198,293605,277324,570929,291367,274615,565982
11,2019,292452,275360,567812,292925,275158,568083,291479,273280,564759,293508,277175,570683,291357,274698,566055,289073,272872,561945
12,2019,293239,275337,568576,291228,273250,564478,293283,276949,570232,291390,274631,566021,289200,273046,562246,292448,275256,567704
13,2019,291565,273470,565035,293251,276933,570184,291179,274469,565648,289277,273019,562296,292610,275346,567956,298347,279321,577668
14,2019,293836,277332,571168,291323,274611,565934,289177,272829,562006,292798,275279,568077,298910,279597,578507,292206,275148,567354
15,2019,292016,274845,566861,289397,272785,562182,292769,275138,567907,299427,279630,579057,292906,275346,568252,293083,274494,567577
16,2019,290476,273141,563617,293398,275243,568641,299939,279574,579513,293672,275410,569082,293706,274741,568447,292208,274255,566463
17,2019,295127,275663,570790,302253,279736,581989,295044,275376,570420,294786,274979,569765,293354,274592,567946,293718,274593,568311
18,2019,306068,280805,586873,302995,276335,579330,299947,275422,575369,295551,275171,570722,295461,275267,570728,294502,274399,568901
19,2019,307554,277981,585535,310352,276933,587285,301274,276264,577538,298107,276507,574614,296196,275871,572067,299027,280140,579167
20,2019,313559,278559,592118,307475,277991,585466,302504,277669,580173,297986,277203,575189,300146,281729,581875,306062,288638,594700
21,2019,310367,279760,590127,307927,279695,587622,302060,278394,580454,301681,282973,584654,306613,290228,596841,318057,301664,619721
22,2019,310066,281529,591595,306012,280254,586266,304489,284180,588669,307779,291652,599431,319072,303644,622716,317846,302634,620480
23,2019,308282,282222,590504,307961,286044,594005,310158,293110,603268,320541,305212,625753,318700,304910,623610,322142,309559,631701
24,2019,310034,287929,597963,312942,294761,607703,323099,306521,629620,320083,306323,626406,323485,311741,635226,321559,311394,632953
25,2019,314552,295813,610365,325985,308048,634033,321959,307576,629535,325190,313102,638292,322677,313495,636172,328699,319720,648419
26,2019,327377,309013,636390,323901,308621,632522,328131,314305,642436,324163,314741,638904,329811,321616,651427,321492,315090,636582
27,2019,325160,309439,634599,330565,315371,645936,326046,315961,642007,331241,322703,653944,322598,316685,639283,322889,318142,641031
28,2019,331737,315976,647713,327464,317051,644515,333278,323900,657178,324127,317728,641855,323838,319565,643403,332483,330807,663290
29,2019,328580,317952,646532,334849,324785,659634,325867,318828,644695,325440,320351,645791,333465,331866,665331,339593,337225,676818
30,2019,336140,325542,661682,327100,319536,646636,327139,321317,648456,334869,332477,667346,340419,338119,678538,346790,343940,690730
31,2019,328519,320439,648958,328389,322059,650448,336419,333056,669475,341615,338566,680181,347571,344702,692273,357333,356746,714079
32,2019,329625,322805,652430,337325,333392,670717,342831,339055,681886,348424,345034,693458,358021,357517,715538,360006,360870,720876
33,2019,338601,333935,672536,343520,339536,683056,349257,345399,694656,359018,357812,716830,360733,361340,722073,369914,368913,738827
34,2019,344688,340206,684894,349656,345759,695415,359915,358124,718039,361522,361456,722978,370525,369258,739783,381638,382576,764214
35,2019,350654,346311,696965,360505,358356,718861,362128,361717,723845,371593,369416,741009,382058,383052,765110,402746,403282,806028
36,2019,361816,359005,720821,362370,361916,724286,372475,369437,741912,382630,383029,765659,403200,403526,806726,415455,417982,833437
37,2019,363353,362537,725890,372836,369423,742259,382784,383077,765861,403662,403546,807208,415673,417966,833639,434559,436474,871033
38,2019,373968,370021,743989,382746,383049,765795,403876,403454,807330,416077,417977,834054,434593,436564,871157,455256,457696,912952
39,2019,383565,383503,767068,403771,403283,807054,416128,417703,833831,434613,436590,871203,454973,457831,912804,474211,476954,951165
40,2019,404602,403489,808091,415837,417390,833227,434372,436419,870791,454769,457715,912484,473835,476897,950732,470309,475396,945705
41,2019,416373,417606,833979,433945,436186,870131,454456,457395,911851,473527,476626,950153,469871,475376,945247,475791,479722,955513
42,2019,434347,436238,870585,453757,457176,910933,472913,476278,949191,469437,475114,944551,475287,479818,955105,479048,486621,965669
43,2019,453871,457197,911068,472198,475962,948160,468875,474618,943493,474884,479524,954408,478441,486782,965223,475921,482175,958096
44,2019,472267,476041,948308,468199,474308,942507,474374,478948,953322,477838,486396,964234,475327,482280,957607,488216,496315,984531
45,2019,468310,474216,942526,473559,478447,952006,477057,485881,962938,474512,481890,956402,487372,496417,983789,484426,493857,978283
46,2019,473273,478371,951644,476223,485328,961551,473526,481415,954941,486455,496009,982464,483508,493744,977252,485241,497040,982281
47,2019,475915,484958,960873,472493,480790,953283,485398,495362,980760,482453,493334,975787,484199,496971,981170,491658,500972,992630
48,2019,471964,480428,952392,484335,494802,979137,481428,492690,974118,483006,496528,979534,490430,500680,991110,490621,500749,991370
49,2019,483524,494321,977845,480303,492006,972309,481861,495995,977856,489062,500049,989111,489330,500229,989559,496284,508508,1004792
50,2019,479538,491414,970952,480580,495334,975914,487824,499262,987086,487896,499459,987355,494798,507939,1002737,463119,479485,942604
51,2019,479659,494767,974426,486478,498410,984888,486370,498679,985049,493112,506986,1000098,461668,479116,940784,446108,464957,911065
52,2019,485399,497603,983002,484758,497597,982355,491565,506056,997621,459958,478271,938229,444572,464282,908854,436677,456328,893005
53,2019,483386,496845,980231,489902,504982,994884,458371,477327,935698,442921,463407,906328,435068,455881,890949,422531,443089,865620
54,2019,488422,503941,992363,456695,476246,932941,441100,462369,903469,433153,454903,888056,420784,442327,863111,412256,432943,845199
55,2019,455137,475227,930364,439536,461194,900730,431260,453861,885121,418786,441306,860092,410440,432129,842569,392437,415471,807908
56,2019,437987,460125,898112,429500,452738,882238,416879,440114,856993,408451,430989,839440,390470,414508,804978,388391,412007,800398
57,2019,427661,451673,879334,414957,438847,853804,406309,429802,836111,388218,413339,801557,386480,410901,797381,380475,403875,784350
58,2019,413040,437639,850679,404152,428318,832470,386041,411964,798005,384321,409442,793763,378206,402768,780974,372654,397037,769691
59,2019,401980,426948,828928,383847,410519,794366,381812,408019,789831,375701,401306,777007,370303,395793,766096,365765,391890,757655
60,2019,381659,409121,790780,379375,406350,785725,373298,399758,773056,367712,394070,761782,363367,390495,753862,349971,372885,722856
61,2019,376891,404686,781577,370517,397946,768463,365055,392325,757380,360467,388687,749154,347396,371465,718861,343019,368357,711376
62,2019,367913,396279,764192,362120,390419,752539,357654,386942,744596,344519,369593,714112,340215,366633,706848,341571,367457,709028
63,2019,359220,388661,747881,354672,385062,739734,341549,367794,709343,337144,364697,701841,338447,365549,703996,353753,380681,734434
64,2019,351583,383041,734624,338289,365709,703998,333942,362669,696611,334827,363373,698200,350234,378570,728804,355002,383108,738110
65,2019,335079,363608,698687,330506,360443,690949,331416,361030,692446,346468,376067,722535,351362,380743,732105,369118,400647,769765
66,2019,327125,358334,685459,327913,358837,686750,342570,373652,716222,347240,378044,725284,364783,397936,762719,360211,391258,751469
67,2019,324044,356386,680430,338185,371028,709213,342718,375279,717997,359887,394927,754814,355537,388513,744050,357958,392470,750428
68,2019,333553,368268,701821,338055,372375,710430,354712,391756,746468,350198,385242,735440,352690,389142,741832,273815,303629,577444
69,2019,333082,369230,702312,349193,388241,737434,344748,381850,726598,346792,385509,732301,269542,300848,570390,279245,312739,591984
70,2019,343511,384579,728090,338859,378008,716867,340863,381705,722568,264627,297725,562352,274323,309661,583984,278239,317047,595286
71,2019,332677,373966,706643,334372,377512,711884,259602,294474,554076,268994,306256,575250,272828,313693,586521,273468,315237,588705
72,2019,327411,373031,700442,254147,290767,544914,263439,302586,566025,266724,309729,576453,267714,311586,579300,271197,317400,588597
73,2019,248503,286936,535439,257271,298366,555637,260372,305626,565998,261148,307140,568288,264916,313292,578208,294134,348255,642389
74,2019,250729,294077,544806,253537,301054,554591,254420,302547,556967,257933,308429,566362,286601,343459,630060,284585,341565,626150
75,2019,246473,296099,542572,247035,297431,544466,250642,303385,554027,278103,337725,615828,276728,336287,613015,270055,331186,601241
76,2019,239355,292150,531505,242491,297729,540220,269390,331814,601204,267718,329979,597697,261569,325315,586884,243711,305376,549087
77,2019,234110,291653,525763,259761,324864,584625,258690,323180,581870,251863,318372,570235,235069,299262,534331,220598,286405,507003
78,2019,250102,317534,567636,248606,315430,564036,242331,311084,553415,225536,291763,517299,212053,279834,491887,218284,289329,507613
79,2019,238254,307068,545322,231777,302592,534369,215848,284208,500056,202151,271832,473983,208514,281748,490262,202297,277333,479630
80,2019,220747,293682,514429,205214,275421,480635,192451,263653,456104,197720,272564,470284,192113,268941,461054,187304,265009,452313
81,2019,194208,265955,460163,181546,254323,435869,186918,263179,450097,180907,259008,439915,176607,255752,432359,169272,251571,420843
82,2019,170547,244166,414713,174921,252162,427083,169654,248719,418373,164759,244593,409352,158764,241422,400186,158781,244531,403312
83,2019,163189,240485,403674,157393,236817,394210,153241,233268,386509,146783,229533,376316,147406,233353,380759,150477,244227,394704
84,2019,145398,224338,369736,140744,220396,361140,135171,217424,352595,134914,219734,354648,138188,231370,369558,126266,212887,339153
85,2019,128393,206790,335183,122794,203753,326547,122931,206292,329223,124952,216264,341216,114599,200100,314699,110172,199094,309266
86,2019,110640,189589,300229,110032,191007,301039,112240,201195,313435,102058,185166,287224,98780,185248,284028,94859,183266,278125
87,2019,97788,175587,273375,99045,184256,283301,90570,170537,261107,86724,169076,255800,84022,168470,252492,80117,164164,244281
88,2019,86747,167490,254237,78408,154077,232485,75497,153693,229190,72431,151869,224300,69610,149138,218748,67163,145744,212907
89,2019,67202,137574,204776,64174,136402,200576,62055,135815,197870,58874,131864,190738,57239,130480,187719,55318,127451,182769
90,2019,53941,119934,173875,51737,118638,170375,49465,116076,165541,47285,113300,160585,46367,112174,158541,45541,110823,156364
91,2019,42805,102465,145270,40143,99427,139570,38744,98132,136876,37499,95411,132910,37409,95805,133214,35120,91708,126828
92,2019,32334,84147,116481,30650,82326,112976,30050,80943,110993,29601,79857,109458,28203,77591,105794,27352,76257,103609
93,2019,24059,68264,92323,23208,66497,89705,23238,66322,89560,21657,63309,84966,21417,63285,84702,20601,60836,81437
94,2019,17734,53762,71496,17466,53178,70644,16590,51497,68087,16099,50295,66394,15765,49376,65141,10166,31669,41835
95,2019,13009,41874,54883,12074,40152,52226,11864,39690,51554,11326,38015,49341,7552,25137,32689,5485,18744,24229
96,2019,8761,31075,39836,8400,30307,38707,8179,29445,37624,5302,18968,24270,3998,14515,18513,4227,15148,19375
97,2019,5941,22901,28842,5626,21681,27307,3704,14256,17960,2721,10525,13246,2994,11489,14483,3562,13596,17158
98,2019,3829,15821,19650,2445,10250,12695,1882,7725,9607,1992,8150,10142,2435,9951,12386,2994,12368,15362
99,2019,1616,7369,8985,1264,5425,6689,1314,5831,7145,1534,6724,8258,1998,8730,10728,2043,9110,11153
100,2019,2175,11957,14132,2334,12650,14984,2671,13887,16558,2913,14785,17698,3026,15394,18420,2914,14338,17252
0,2020,212756,202218,414974,221685,209322,431007,234151,220915,455066,241228,228728,469956,248474,234503,482977,257024,242916,499940
1,2020,224617,212168,436785,234386,221360,455746,241422,228990,470412,248341,234634,482975,256954,242753,499707,262728,248720,511448
2,2020,235153,222161,457314,241671,229142,470813,248127,234683,482810,256565,242535,499100,262071,248046,510117,273801,259094,532895
3,2020,242107,229589,471696,248155,234791,482946,256349,242295,498644,261241,247328,508569,273332,258472,531804,277707,262193,539900
4,2020,248565,235204,483769,256257,241983,498240,260667,246685,507352,272739,257945,530684,277314,261860,539174,286208,269439,555647
5,2020,256796,242348,499144,260616,246502,507118,272287,257429,529716,276899,261416,538315,286000,269014,555014,290660,274255,564915
6,2020,260833,246458,507291,272398,257211,529609,276525,261051,537576,285572,268651,554223,290495,273921,564416,293514,277703,571217
7,2020,272305,257168,529473,276672,261137,537809,285109,268393,553502,289958,273526,563484,293071,277236,570307,292919,275863,568782
8,2020,276769,261133,537902,285251,268440,553691,289604,273114,562718,292572,276877,569449,292714,275662,568376,293483,275646,569129
9,2020,285537,268609,554146,289719,273327,563046,292160,276713,568873,292308,275426,567734,293478,275358,568836,292026,273581,565607
10,2020,289596,273168,562764,292417,276854,569271,292094,275230,567324,293118,275233,568351,291809,273389,565198,293605,277324,570929
11,2020,292556,276781,569337,292452,275360,567812,292925,275158,568083,291479,273280,564759,293508,277175,570683,291357,274698,566055
12,2020,292641,275384,568025,293239,275337,568576,291228,273250,564478,293283,276949,570232,291390,274631,566021,289200,273046,562246
13,2020,293544,275519,569063,291565,273470,565035,293251,276933,570184,291179,274469,565648,289277,273019,562296,292610,275346,567956
14,2020,292112,273759,565871,293836,277332,571168,291323,274611,565934,289177,272829,562006,292798,275279,568077,298910,279597,578507
15,2020,294506,277704,572210,292016,274845,566861,289397,272785,562182,292769,275138,567907,299427,279630,579057,292906,275346,568252
16,2020,292771,275235,568006,290476,273141,563617,293398,275243,568641,299939,279574,579513,293672,275410,569082,293706,274741,568447
17,2020,291807,273582,565389,295127,275663,570790,302253,279736,581989,295044,275376,570420,294786,274979,569765,293354,274592,567946
18,2020,298000,276707,574707,306068,280805,586873,302995,276335,579330,299947,275422,575369,295551,275171,570722,295461,275267,570728
19,2020,308381,282363,590744,307554,277981,585535,310352,276933,587285,301274,276264,577538,298107,276507,574614,296196,275871,572067
20,2020,308189,279269,587458,313559,278559,592118,307475,277991,585466,302504,277669,580173,297986,277203,575189,300146,281729,581875
21,2020,313182,279835,593017,310367,279760,590127,307927,279695,587622,302060,278394,580454,301681,282973,584654,306613,290228,596841
22,2020,309970,281029,590999,310066,281529,591595,306012,280254,586266,304489,284180,588669,307779,291652,599431,319072,303644,622716
23,2020,309688,283094,592782,308282,282222,590504,307961,286044,594005,310158,293110,603268,320541,305212,625753,318700,304910,623610
24,2020,307991,283641,591632,310034,287929,597963,312942,294761,607703,323099,306521,629620,320083,306323,626406,323485,311741,635226
25,2020,309378,289242,598620,314552,295813,610365,325985,308048,634033,321959,307576,629535,325190,313102,638292,322677,313495,636172
26,2020,313758,296568,610326,327377,309013,636390,323901,308621,632522,328131,314305,642436,324163,314741,638904,329811,321616,651427
27,2020,326635,310107,636742,325160,309439,634599,330565,315371,645936,326046,315961,642007,331241,322703,653944,322598,316685,639283
28,2020,324590,310423,635013,331737,315976,647713,327464,317051,644515,333278,323900,657178,324127,317728,641855,323838,319565,643403
29,2020,331083,316710,647793,328580,317952,646532,334849,324785,659634,325867,318828,644695,325440,320351,645791,333465,331866,665331
30,2020,328034,318718,646752,336140,325542,661682,327100,319536,646636,327139,321317,648456,334869,332477,667346,340419,338119,678538
31,2020,335493,326158,661651,328519,320439,648958,328389,322059,650448,336419,333056,669475,341615,338566,680181,347571,344702,692273
32,2020,327947,321148,649095,329625,322805,652430,337325,333392,670717,342831,339055,681886,348424,345034,693458,358021,357517,715538
33,2020,329109,323293,652402,338601,333935,672536,343520,339536,683056,349257,345399,694656,359018,357812,716830,360733,361340,722073
34,2020,338166,334375,672541,344688,340206,684894,349656,345759,695415,359915,358124,718039,361522,361456,722978,370525,369258,739783
35,2020,344557,340457,685014,350654,346311,696965,360505,358356,718861,362128,361717,723845,371593,369416,741009,382058,383052,765110
36,2020,350372,346606,696978,361816,359005,720821,362370,361916,724286,372475,369437,741912,382630,383029,765659,403200,403526,806726
37,2020,361476,359300,720776,363353,362537,725890,372836,369423,742259,382784,383077,765861,403662,403546,807208,415673,417966,833639
38,2020,363000,362693,725693,373968,370021,743989,382746,383049,765795,403876,403454,807330,416077,417977,834054,434593,436564,871157
39,2020,373576,370154,743730,383565,383503,767068,403771,403283,807054,416128,417703,833831,434613,436590,871203,454973,457831,912804
40,2020,383170,383701,766871,404602,403489,808091,415837,417390,833227,434372,436419,870791,454769,457715,912484,473835,476897,950732
41,2020,403881,403611,807492,416373,417606,833979,433945,436186,870131,454456,457395,911851,473527,476626,950153,469871,475376,945247
42,2020,415526,417680,833206,434347,436238,870585,453757,457176,910933,472913,476278,949191,469437,475114,944551,475287,479818,955105
43,2020,433364,436100,869464,453871,457197,911068,472198,475962,948160,468875,474618,943493,474884,479524,954408,478441,486782,965223
44,2020,453257,457174,910431,472267,476041,948308,468199,474308,942507,474374,478948,953322,477838,486396,964234,475327,482280,957607
45,2020,471358,475833,947191,468310,474216,942526,473559,478447,952006,477057,485881,962938,474512,481890,956402,487372,496417,983789
46,2020,467247,474137,941384,473273,478371,951644,476223,485328,961551,473526,481415,954941,486455,496009,982464,483508,493744,977252
47,2020,472445,477972,950417,475915,484958,960873,472493,480790,953283,485398,495362,980760,482453,493334,975787,484199,496971,981170
48,2020,474990,484718,959708,471964,480428,952392,484335,494802,979137,481428,492690,974118,483006,496528,979534,490430,500680,991110
49,2020,470760,480305,951065,483524,494321,977845,480303,492006,972309,481861,495995,977856,489062,500049,989111,489330,500229,989559
50,2020,482299,494026,976325,479538,491414,970952,480580,495334,975914,487824,499262,987086,487896,499459,987355,494798,507939,1002737
51,2020,478051,490930,968981,479659,494767,974426,486478,498410,984888,486370,498679,985049,493112,506986,1000098,461668,479116,940784
52,2020,478289,494239,972528,485399,497603,983002,484758,497597,982355,491565,506056,997621,459958,478271,938229,444572,464282,908854
53,2020,483736,497079,980815,483386,496845,980231,489902,504982,994884,458371,477327,935698,442921,463407,906328,435068,455881,890949
54,2020,481769,496286,978055,488422,503941,992363,456695,476246,932941,441100,462369,903469,433153,454903,888056,420784,442327,863111
55,2020,486783,503388,990171,455137,475227,930364,439536,461194,900730,431260,453861,885121,418786,441306,860092,410440,432129,842569
56,2020,453415,474410,927825,437987,460125,898112,429500,452738,882238,416879,440114,856993,408451,430989,839440,390470,414508,804978
57,2020,436116,459353,895469,427661,451673,879334,414957,438847,853804,406309,429802,836111,388218,413339,801557,386480,410901,797381
58,2020,425668,450711,876379,413040,437639,850679,404152,428318,832470,386041,411964,798005,384321,409442,793763,378206,402768,780974
59,2020,411026,436621,847647,401980,426948,828928,383847,410519,794366,381812,408019,789831,375701,401306,777007,370303,395793,766096
60,2020,399772,425767,825539,381659,409121,790780,379375,406350,785725,373298,399758,773056,367712,394070,761782,363367,390495,753862
61,2020,379385,407946,787331,376891,404686,781577,370517,397946,768463,365055,392325,757380,360467,388687,749154,347396,371465,718861
62,2020,374272,403219,777491,367913,396279,764192,362120,390419,752539,357654,386942,744596,344519,369593,714112,340215,366633,706848
63,2020,365197,394534,759731,359220,388661,747881,354672,385062,739734,341549,367794,709343,337144,364697,701841,338447,365549,703996
64,2020,356296,386962,743258,351583,383041,734624,338289,365709,703998,333942,362669,696611,334827,363373,698200,350234,378570,728804
65,2020,348378,381206,729584,335079,363608,698687,330506,360443,690949,331416,361030,692446,346468,376067,722535,351362,380743,732105
66,2020,331878,361610,693488,327125,358334,685459,327913,358837,686750,342570,373652,716222,347240,378044,725284,364783,397936,762719
67,2020,323404,356098,679502,324044,356386,680430,338185,371028,709213,342718,375279,717997,359887,394927,754814,355537,388513,744050
68,2020,320057,353899,673956,333553,368268,701821,338055,372375,710430,354712,391756,746468,350198,385242,735440,352690,389142,741832
69,2020,329023,365461,694484,333082,369230,702312,349193,388241,737434,344748,381850,726598,346792,385509,732301,269542,300848,570390
70,2020,328058,366082,694140,343511,384579,728090,338859,378008,716867,340863,381705,722568,264627,297725,562352,274323,309661,583984
71,2020,337758,381061,718819,332677,373966,706643,334372,377512,711884,259602,294474,554076,268994,306256,575250,272828,313693,586521
72,2020,326516,370061,696577,327411,373031,700442,254147,290767,544914,263439,302586,566025,266724,309729,576453,267714,311586,579300
73,2020,320411,368668,689079,248503,286936,535439,257271,298366,555637,260372,305626,565998,261148,307140,568288,264916,313292,578208
74,2020,242563,283182,525745,250729,294077,544806,253537,301054,554591,254420,302547,556967,257933,308429,566362,286601,343459,630060
75,2020,244277,289606,533883,246473,296099,542572,247035,297431,544466,250642,303385,554027,278103,337725,615828,276728,336287,613015
76,2020,239378,291246,530624,239355,292150,531505,242491,297729,540220,269390,331814,601204,267718,329979,597697,261569,325315,586884
77,2020,231750,286596,518346,234110,291653,525763,259761,324864,584625,258690,323180,581870,251863,318372,570235,235069,299262,534331
78,2020,225808,285508,511316,250102,317534,567636,248606,315430,564036,242331,311084,553415,225536,291763,517299,212053,279834,491887
79,2020,240020,309824,549844,238254,307068,545322,231777,302592,534369,215848,284208,500056,202151,271832,473983,208514,281748,490262
80,2020,227517,298567,526084,220747,293682,514429,205214,275421,480635,192451,263653,456104,197720,272564,470284,192113,268941,461054
81,2020,209720,284151,493871,194208,265955,460163,181546,254323,435869,186918,263179,450097,180907,259008,439915,176607,255752,432359
82,2020,183104,255966,439070,170547,244166,414713,174921,252162,427083,169654,248719,418373,164759,244593,409352,158764,241422,400186
83,2020,159380,233554,392934,163189,240485,403674,157393,236817,394210,153241,233268,386509,146783,229533,376316,147406,233353,380759
84,2020,151066,228511,379577,145398,224338,369736,140744,220396,361140,135171,217424,352595,134914,219734,354648,138188,231370,369558
85,2020,132945,211312,344257,128393,206790,335183,122794,203753,326547,122931,206292,329223,124952,216264,341216,114599,200100,314699
86,2020,115967,192830,308797,110640,189589,300229,110032,191007,301039,112240,201195,313435,102058,185166,287224,98780,185248,284028
87,2020,98570,174836,273406,97788,175587,273375,99045,184256,283301,90570,170537,261107,86724,169076,255800,84022,168470,252492
88,2020,85751,159752,245503,86747,167490,254237,78408,154077,232485,75497,153693,229190,72431,151869,224300,69610,149138,218748
89,2020,74576,150085,224661,67202,137574,204776,64174,136402,200576,62055,135815,197870,58874,131864,190738,57239,130480,187719
90,2020,56540,121480,178020,53941,119934,173875,51737,118638,170375,49465,116076,165541,47285,113300,160585,46367,112174,158541
91,2020,44385,103848,148233,42805,102465,145270,40143,99427,139570,38744,98132,136876,37499,95411,132910,37409,95805,133214
92,2020,34603,86770,121373,32334,84147,116481,30650,82326,112976,30050,80943,110993,29601,79857,109458,28203,77591,105794
93,2020,25393,69890,95283,24059,68264,92323,23208,66497,89705,23238,66322,89560,21657,63309,84966,21417,63285,84702
94,2020,18209,55242,73451,17734,53762,71496,17466,53178,70644,16590,51497,68087,16099,50295,66394,15765,49376,65141
95,2020,13171,42478,55649,13009,41874,54883,12074,40152,52226,11864,39690,51554,11326,38015,49341,7552,25137,32689
96,2020,9311,32136,41447,8761,31075,39836,8400,30307,38707,8179,29445,37624,5302,18968,24270,3998,14515,18513
97,2020,6123,23179,29302,5941,22901,28842,5626,21681,27307,3704,14256,17960,2721,10525,13246,2994,11489,14483
98,2020,4007,16553,20560,3829,15821,19650,2445,10250,12695,1882,7725,9607,1992,8150,10142,2435,9951,12386
99,2020,2529,10892,13421,1616,7369,8985,1264,5425,6689,1314,5831,7145,1534,6724,8258,1998,8730,10728
100,2020,2332,12472,14804,2175,11957,14132,2334,12650,14984,2671,13887,16558,2913,14785,17698,3026,15394,18420
0,2021,208412,196544,404956,212756,202218,414974,221685,209322,431007,234151,220915,455066,241228,228728,469956,248474,234503,482977
1,2021,216969,206300,423269,224617,212168,436785,234386,221360,455746,241422,228990,470412,248341,234634,482975,256954,242753,499707
2,2021,228106,215465,443571,235153,222161,457314,241671,229142,470813,248127,234683,482810,256565,242535,499100,262071,248046,510117
3,2021,238741,225498,464239,242107,229589,471696,248155,234791,482946,256349,242295,498644,261241,247328,508569,273332,258472,531804
4,2021,246617,233858,480475,248565,235204,483769,256257,241983,498240,260667,246685,507352,272739,257945,530684,277314,261860,539174
5,2021,253592,239726,493318,256796,242348,499144,260616,246502,507118,272287,257429,529716,276899,261416,538315,286000,269014,555014
6,2021,257712,243319,501031,260833,246458,507291,272398,257211,529609,276525,261051,537576,285572,268651,554223,290495,273921,564416
7,2021,262489,247948,510437,272305,257168,529473,276672,261137,537809,285109,268393,553502,289958,273526,563484,293071,277236,570307
8,2021,273619,258440,532059,276769,261133,537902,285251,268440,553691,289604,273114,562718,292572,276877,569449,292714,275662,568376
9,2021,278649,262846,541495,285537,268609,554146,289719,273327,563046,292160,276713,568873,292308,275426,567734,293478,275358,568836
10,2021,287198,269994,557192,289596,273168,562764,292417,276854,569271,292094,275230,567324,293118,275233,568351,291809,273389,565198
11,2021,291582,274675,566257,292556,276781,569337,292452,275360,567812,292925,275158,568083,291479,273280,564759,293508,277175,570683
12,2021,294561,278502,573063,292641,275384,568025,293239,275337,568576,291228,273250,564478,293283,276949,570232,291390,274631,566021
13,2021,294772,277231,572003,293544,275519,569063,291565,273470,565035,293251,276933,570184,291179,274469,565648,289277,273019,562296
14,2021,295760,277420,573180,292112,273759,565871,293836,277332,571168,291323,274611,565934,289177,272829,562006,292798,275279,568077
15,2021,294449,275666,570115,294506,277704,572210,292016,274845,566861,289397,272785,562182,292769,275138,567907,299427,279630,579057
16,2021,296085,278695,574780,292771,275235,568006,290476,273141,563617,293398,275243,568641,299939,279574,579513,293672,275410,569082
17,2021,294149,275524,569673,291807,273582,565389,295127,275663,570790,302253,279736,581989,295044,275376,570420,294786,274979,569765
18,2021,292774,273389,566163,298000,276707,574707,306068,280805,586873,302995,276335,579330,299947,275422,575369,295551,275171,570722
19,2021,299358,276924,576282,308381,282363,590744,307554,277981,585535,310352,276933,587285,301274,276264,577538,298107,276507,574614
20,2021,309949,282960,592909,308189,279269,587458,313559,278559,592118,307475,277991,585466,302504,277669,580173,297986,277203,575189
21,2021,308471,279574,588045,313182,279835,593017,310367,279760,590127,307927,279695,587622,302060,278394,580454,301681,282973,584654
22,2021,313052,280705,593757,309970,281029,590999,310066,281529,591595,306012,280254,586266,304489,284180,588669,307779,291652,599431
23,2021,309342,281499,590841,309688,283094,592782,308282,282222,590504,307961,286044,594005,310158,293110,603268,320541,305212,625753
24,2021,308686,283102,591788,307991,283641,591632,310034,287929,597963,312942,294761,607703,323099,306521,629620,320083,306323,626406
25,2021,306234,282947,589181,309378,289242,598620,314552,295813,610365,325985,308048,634033,321959,307576,629535,325190,313102,638292
26,2021,306729,287493,594222,313758,296568,610326,327377,309013,636390,323901,308621,632522,328131,314305,642436,324163,314741,638904
27,2021,310129,294211,604340,326635,310107,636742,325160,309439,634599,330565,315371,645936,326046,315961,642007,331241,322703,653944
28,2021,323025,307046,630071,324590,310423,635013,331737,315976,647713,327464,317051,644515,333278,323900,657178,324127,317728,641855
29,2021,320148,307617,627765,331083,316710,647793,328580,317952,646532,334849,324785,659634,325867,318828,644695,325440,320351,645791
30,2021,327009,313564,640573,328034,318718,646752,336140,325542,661682,327100,319536,646636,327139,321317,648456,334869,332477,667346
31,2021,323860,315642,639502,335493,326158,661651,328519,320439,648958,328389,322059,650448,336419,333056,669475,341615,338566,680181
32,2021,331960,323448,655408,327947,321148,649095,329625,322805,652430,337325,333392,670717,342831,339055,681886,348424,345034,693458
33,2021,324988,318664,643652,329109,323293,652402,338601,333935,672536,343520,339536,683056,349257,345399,694656,359018,357812,716830
34,2021,326070,320941,647011,338166,334375,672541,344688,340206,684894,349656,345759,695415,359915,358124,718039,361522,361456,722978
35,2021,335245,332033,667278,344557,340457,685014,350654,346311,696965,360505,358356,718861,362128,361717,723845,371593,369416,741009
36,2021,342289,338839,681128,350372,346606,696978,361816,359005,720821,362370,361916,724286,372475,369437,741912,382630,383029,765659
37,2021,348579,345027,693606,361476,359300,720776,363353,362537,725890,372836,369423,742259,382784,383077,765861,403662,403546,807208
38,2021,359901,358229,718130,363000,362693,725693,373968,370021,743989,382746,383049,765795,403876,403454,807330,416077,417977,834054
39,2021,361515,361595,723110,373576,370154,743730,383565,383503,767068,403771,403283,807054,416128,417703,833831,434613,436590,871203
40,2021,372215,369202,741417,383170,383701,766871,404602,403489,808091,415837,417390,833227,434372,436419,870791,454769,457715,912484
41,2021,381514,382824,764338,403881,403611,807492,416373,417606,833979,433945,436186,870131,454456,457395,911851,473527,476626,950153
42,2021,402265,402664,804929,415526,417680,833206,434347,436238,870585,453757,457176,910933,472913,476278,949191,469437,475114,944551
43,2021,413967,417088,831055,433364,436100,869464,453871,457197,911068,472198,475962,948160,468875,474618,943493,474884,479524,954408
44,2021,431541,435290,866831,453257,457174,910431,472267,476041,948308,468199,474308,942507,474374,478948,953322,477838,486396,964234
45,2021,451779,456301,908080,471358,475833,947191,468310,474216,942526,473559,478447,952006,477057,485881,962938,474512,481890,956402
46,2021,469477,474653,944130,467247,474137,941384,473273,478371,951644,476223,485328,961551,473526,481415,954941,486455,496009,982464
47,2021,465176,472837,938013,472445,477972,950417,475915,484958,960873,472493,480790,953283,485398,495362,980760,482453,493334,975787
48,2021,470361,476386,946747,474990,484718,959708,471964,480428,952392,484335,494802,979137,481428,492690,974118,483006,496528,979534
49,2021,472664,482867,955531,470760,480305,951065,483524,494321,977845,480303,492006,972309,481861,495995,977856,489062,500049,989111
50,2021,468171,478082,946253,482299,494026,976325,479538,491414,970952,480580,495334,975914,487824,499262,987086,487896,499459,987355
51,2021,479429,491151,970580,478051,490930,968981,479659,494767,974426,486478,498410,984888,486370,498679,985049,493112,506986,1000098
52,2021,474659,487595,962254,478289,494239,972528,485399,497603,983002,484758,497597,982355,491565,506056,997621,459958,478271,938229
53,2021,475015,490597,965612,483736,497079,980815,483386,496845,980231,489902,504982,994884,458371,477327,935698,442921,463407,906328
54,2021,479767,493209,972976,481769,496286,978055,488422,503941,992363,456695,476246,932941,441100,462369,903469,433153,454903,888056
55,2021,477592,492347,969939,486783,503388,990171,455137,475227,930364,439536,461194,900730,431260,453861,885121,418786,441306,860092
56,2021,482300,498964,981264,453415,474410,927825,437987,460125,898112,429500,452738,882238,416879,440114,856993,408451,430989,839440
57,2021,449183,470280,919463,436116,459353,895469,427661,451673,879334,414957,438847,853804,406309,429802,836111,388218,413339,801557
58,2021,431452,454905,886357,425668,450711,876379,413040,437639,850679,404152,428318,832470,386041,411964,798005,384321,409442,793763
59,2021,420581,446361,866942,411026,436621,847647,401980,426948,828928,383847,410519,794366,381812,408019,789831,375701,401306,777007
60,2021,405934,432200,838134,399772,425767,825539,381659,409121,790780,379375,406350,785725,373298,399758,773056,367712,394070,761782
61,2021,394296,421054,815350,379385,407946,787331,376891,404686,781577,370517,397946,768463,365055,392325,757380,360467,388687,749154
62,2021,373824,402963,776787,374272,403219,777491,367913,396279,764192,362120,390419,752539,357654,386942,744596,344519,369593,714112
63,2021,368091,398570,766661,365197,394534,759731,359220,388661,747881,354672,385062,739734,341549,367794,709343,337144,364697,701841
64,2021,359064,390100,749164,356296,386962,743258,351583,383041,734624,338289,365709,703998,333942,362669,696611,334827,363373,698200
65,2021,350200,382732,732932,348378,381206,729584,335079,363608,698687,330506,360443,690949,331416,361030,692446,346468,376067,722535
66,2021,342178,376946,719124,331878,361610,693488,327125,358334,685459,327913,358837,686750,342570,373652,716222,347240,378044,725284
67,2021,325411,357196,682607,323404,356098,679502,324044,356386,680430,338185,371028,709213,342718,375279,717997,359887,394927,754814
68,2021,319361,353270,672631,320057,353899,673956,333553,368268,701821,338055,372375,710430,354712,391756,746468,350198,385242,735440
69,2021,315798,351241,667039,329023,365461,694484,333082,369230,702312,349193,388241,737434,344748,381850,726598,346792,385509,732301
70,2021,324134,362392,686526,328058,366082,694140,343511,384579,728090,338859,378008,716867,340863,381705,722568,264627,297725,562352
71,2021,322436,362533,684969,337758,381061,718819,332677,373966,706643,334372,377512,711884,259602,294474,554076,268994,306256,575250
72,2021,331255,377092,708347,326516,370061,696577,327411,373031,700442,254147,290767,544914,263439,302586,566025,266724,309729,576453
73,2021,319265,365772,685037,320411,368668,689079,248503,286936,535439,257271,298366,555637,260372,305626,565998,261148,307140,568288
74,2021,312420,363872,676292,242563,283182,525745,250729,294077,544806,253537,301054,554591,254420,302547,556967,257933,308429,566362
75,2021,235648,278760,514408,244277,289606,533883,246473,296099,542572,247035,297431,544466,250642,303385,554027,278103,337725,615828
76,2021,236450,284553,521003,239378,291246,530624,239355,292150,531505,242491,297729,540220,269390,331814,601204,267718,329979,597697
77,2021,230615,285333,515948,231750,286596,518346,234110,291653,525763,259761,324864,584625,258690,323180,581870,251863,318372,570235
78,2021,222215,279972,502187,225808,285508,511316,250102,317534,567636,248606,315430,564036,242331,311084,553415,225536,291763,517299
79,2021,215706,277958,493664,240020,309824,549844,238254,307068,545322,231777,302592,534369,215848,284208,500056,202151,271832,473983
80,2021,227503,300257,527760,227517,298567,526084,220747,293682,514429,205214,275421,480635,192451,263653,456104,197720,272564,470284
81,2021,214560,288098,502658,209720,284151,493871,194208,265955,460163,181546,254323,435869,186918,263179,450097,180907,259008,439915
82,2021,195982,272579,468561,183104,255966,439070,170547,244166,414713,174921,252162,427083,169654,248719,418373,164759,244593,409352
83,2021,169321,243701,413022,159380,233554,392934,163189,240485,403674,157393,236817,394210,153241,233268,386509,146783,229533,376316
84,2021,145752,220210,365962,151066,228511,379577,145398,224338,369736,140744,220396,361140,135171,217424,352595,134914,219734,354648
85,2021,136315,213540,349855,132945,211312,344257,128393,206790,335183,122794,203753,326547,122931,206292,329223,124952,216264,341216
86,2021,118356,195261,313617,115967,192830,308797,110640,189589,300229,110032,191007,301039,112240,201195,313435,102058,185166,287224
87,2021,101657,175772,277429,98570,174836,273406,97788,175587,273375,99045,184256,283301,90570,170537,261107,86724,169076,255800
88,2021,84718,157267,241985,85751,159752,245503,86747,167490,254237,78408,154077,232485,75497,153693,229190,72431,151869,224300
89,2021,72167,141049,213216,74576,150085,224661,67202,137574,204776,64174,136402,200576,62055,135815,197870,58874,131864,190738
90,2021,61359,130133,191492,56540,121480,178020,53941,119934,173875,51737,118638,170375,49465,116076,165541,47285,113300,160585
91,2021,45462,103024,148486,44385,103848,148233,42805,102465,145270,40143,99427,139570,38744,98132,136876,37499,95411,132910
92,2021,34525,85660,120185,34603,86770,121373,32334,84147,116481,30650,82326,112976,30050,80943,110993,29601,79857,109458
93,2021,26278,70004,96282,25393,69890,95283,24059,68264,92323,23208,66497,89705,23238,66322,89560,21657,63309,84966
94,2021,18570,54643,73213,18209,55242,73451,17734,53762,71496,17466,53178,70644,16590,51497,68087,16099,50295,66394
95,2021,12913,41947,54860,13171,42478,55649,13009,41874,54883,12074,40152,52226,11864,39690,51554,11326,38015,49341
96,2021,9066,31227,40293,9311,32136,41447,8761,31075,39836,8400,30307,38707,8179,29445,37624,5302,18968,24270
97,2021,6167,22849,29016,6123,23179,29302,5941,22901,28842,5626,21681,27307,3704,14256,17960,2721,10525,13246
98,2021,3998,16115,20113,4007,16553,20560,3829,15821,19650,2445,10250,12695,1882,7725,9607,1992,8150,10142
99,2021,2526,11109,13635,2529,10892,13421,1616,7369,8985,1264,5425,6689,1314,5831,7145,1534,6724,8258
100,2021,2847,14330,17177,2332,12472,14804,2175,11957,14132,2334,12650,14984,2671,13887,16558,2913,14785,17698
0,2022,205371,195255,400626,208412,196544,404956,212756,202218,414974,221685,209322,431007,234151,220915,455066,241228,228728,469956
1,2022,209824,197810,407634,216969,206300,423269,224617,212168,436785,234386,221360,455746,241422,228990,470412,248341,234634,482975
2,2022,217987,207196,425183,228106,215465,443571,235153,222161,457314,241671,229142,470813,248127,234683,482810,256565,242535,499100
3,2022,228694,215944,444638,238741,225498,464239,242107,229589,471696,248155,234791,482946,256349,242295,498644,261241,247328,508569
4,2022,239183,225570,464753,246617,233858,480475,248565,235204,483769,256257,241983,498240,260667,246685,507352,272739,257945,530684
5,2022,245640,233044,478684,253592,239726,493318,256796,242348,499144,260616,246502,507118,272287,257429,529716,276899,261416,538315
6,2022,252296,238523,490819,257712,243319,501031,260833,246458,507291,272398,257211,529609,276525,261051,537576,285572,268651,554223
7,2022,260055,245536,505591,262489,247948,510437,272305,257168,529473,276672,261137,537809,285109,268393,553502,289958,273526,563484
8,2022,263845,249119,512964,273619,258440,532059,276769,261133,537902,285251,268440,553691,289604,273114,562718,292572,276877,569449
9,2022,275299,259960,535259,278649,262846,541495,285537,268609,554146,289719,273327,563046,292160,276713,568873,292308,275426,567734
10,2022,280091,264218,544309,287198,269994,557192,289596,273168,562764,292417,276854,569271,292094,275230,567324,293118,275233,568351
11,2022,288645,271368,560013,291582,274675,566257,292556,276781,569337,292452,275360,567812,292925,275158,568083,291479,273280,564759
12,2022,292919,275957,568876,294561,278502,573063,292641,275384,568025,293239,275337,568576,291228,273250,564478,293283,276949,570232
13,2022,295957,279801,575758,294772,277231,572003,293544,275519,569063,291565,273470,565035,293251,276933,570184,291179,274469,565648
14,2022,296180,278508,574688,295760,277420,573180,292112,273759,565871,293836,277332,571168,291323,274611,565934,289177,272829,562006
15,2022,297220,278674,575894,294449,275666,570115,294506,277704,572210,292016,274845,566861,289397,272785,562182,292769,275138,567907
16,2022,295963,276845,572808,296085,278695,574780,292771,275235,568006,290476,273141,563617,293398,275243,568641,299939,279574,579513
17,2022,299478,280939,580417,294149,275524,569673,291807,273582,565389,295127,275663,570790,302253,279736,581989,295044,275376,570420
18,2022,295158,274550,569708,292774,273389,566163,298000,276707,574707,306068,280805,586873,302995,276335,579330,299947,275422,575369
19,2022,294218,273072,567290,299358,276924,576282,308381,282363,590744,307554,277981,585535,310352,276933,587285,301274,276264,577538
20,2022,299483,276153,575636,309949,282960,592909,308189,279269,587458,313559,278559,592118,307475,277991,585466,302504,277669,580173
21,2022,307995,280508,588503,308471,279574,588045,313182,279835,593017,310367,279760,590127,307927,279695,587622,302060,278394,580454
22,2022,306585,276923,583508,313052,280705,593757,309970,281029,590999,310066,281529,591595,306012,280254,586266,304489,284180,588669
23,2022,310871,277904,588775,309342,281499,590841,309688,283094,592782,308282,282222,590504,307961,286044,594005,310158,293110,603268
24,2022,307450,279469,586919,308686,283102,591788,307991,283641,591632,310034,287929,597963,312942,294761,607703,323099,306521,629620
25,2022,307226,281322,588548,306234,282947,589181,309378,289242,598620,314552,295813,610365,325985,308048,634033,321959,307576,629535
26,2022,304818,281629,586447,306729,287493,594222,313758,296568,610326,327377,309013,636390,323901,308621,632522,328131,314305,642436
27,2022,306056,286744,592800,310129,294211,604340,326635,310107,636742,325160,309439,634599,330565,315371,645936,326046,315961,642007
28,2022,309781,293909,603690,323025,307046,630071,324590,310423,635013,331737,315976,647713,327464,317051,644515,333278,323900,657178
29,2022,322737,307123,629860,320148,307617,627765,331083,316710,647793,328580,317952,646532,334849,324785,659634,325867,318828,644695
30,2022,320462,307805,628267,327009,313564,640573,328034,318718,646752,336140,325542,661682,327100,319536,646636,327139,321317,648456
31,2022,327385,314003,641388,323860,315642,639502,335493,326158,661651,328519,320439,648958,328389,322059,650448,336419,333056,669475
32,2022,324501,315916,640417,331960,323448,655408,327947,321148,649095,329625,322805,652430,337325,333392,670717,342831,339055,681886
33,2022,333154,323709,656863,324988,318664,643652,329109,323293,652402,338601,333935,672536,343520,339536,683056,349257,345399,694656
34,2022,325923,318791,644714,326070,320941,647011,338166,334375,672541,344688,340206,684894,349656,345759,695415,359915,358124,718039
35,2022,327214,321096,648310,335245,332033,667278,344557,340457,685014,350654,346311,696965,360505,358356,718861,362128,361717,723845
36,2022,336526,332206,668732,342289,338839,681128,350372,346606,696978,361816,359005,720821,362370,361916,724286,372475,369437,741912
37,2022,343183,338992,682175,348579,345027,693606,361476,359300,720776,363353,362537,725890,372836,369423,742259,382784,383077,765861
38,2022,349548,345105,694653,359901,358229,718130,363000,362693,725693,373968,370021,743989,382746,383049,765795,403876,403454,807330
39,2022,361018,357984,719002,361515,361595,723110,373576,370154,743730,383565,383503,767068,403771,403283,807054,416128,417703,833831
40,2022,362241,361207,723448,372215,369202,741417,383170,383701,766871,404602,403489,808091,415837,417390,833227,434372,436419,870791
41,2022,372928,369016,741944,381514,382824,764338,403881,403611,807492,416373,417606,833979,433945,436186,870131,454456,457395,911851
42,2022,382441,382644,765085,402265,402664,804929,415526,417680,833206,434347,436238,870585,453757,457176,910933,472913,476278,949191
43,2022,403045,402520,805565,413967,417088,831055,433364,436100,869464,453871,457197,911068,472198,475962,948160,468875,474618,943493
44,2022,414855,417187,832042,431541,435290,866831,453257,457174,910431,472267,476041,948308,468199,474308,942507,474374,478948,953322
45,2022,432706,435229,867935,451779,456301,908080,471358,475833,947191,468310,474216,942526,473559,478447,952006,477057,485881,962938
46,2022,452800,456347,909147,469477,474653,944130,467247,474137,941384,473273,478371,951644,476223,485328,961551,473526,481415,954941
47,2022,470567,474641,945208,465176,472837,938013,472445,477972,950417,475915,484958,960873,472493,480790,953283,485398,495362,980760
48,2022,466435,473075,939510,470361,476386,946747,474990,484718,959708,471964,480428,952392,484335,494802,979137,481428,492690,974118
49,2022,471355,476715,948070,472664,482867,955531,470760,480305,951065,483524,494321,977845,480303,492006,972309,481861,495995,977856
50,2022,473646,483171,956817,468171,478082,946253,482299,494026,976325,479538,491414,970952,480580,495334,975914,487824,499262,987086
51,2022,469300,478407,947707,479429,491151,970580,478051,490930,968981,479659,494767,974426,486478,498410,984888,486370,498679,985049
52,2022,480540,491553,972093,474659,487595,962254,478289,494239,972528,485399,497603,983002,484758,497597,982355,491565,506056,997621
53,2022,475775,487952,963727,475015,490597,965612,483736,497079,980815,483386,496845,980231,489902,504982,994884,458371,477327,935698
54,2022,476000,490893,966893,479767,493209,972976,481769,496286,978055,488422,503941,992363,456695,476246,932941,441100,462369,903469
55,2022,481069,493808,974877,477592,492347,969939,486783,503388,990171,455137,475227,930364,439536,461194,900730,431260,453861,885121
56,2022,478662,492768,971430,482300,498964,981264,453415,474410,927825,437987,460125,898112,429500,452738,882238,416879,440114,856993
57,2022,483300,499325,982625,449183,470280,919463,436116,459353,895469,427661,451673,879334,414957,438847,853804,406309,429802,836111
58,2022,449809,470176,919985,431452,454905,886357,425668,450711,876379,413040,437639,850679,404152,428318,832470,386041,411964,798005
59,2022,431801,454417,886218,420581,446361,866942,411026,436621,847647,401980,426948,828928,383847,410519,794366,381812,408019,789831
60,2022,420605,445450,866055,405934,432200,838134,399772,425767,825539,381659,409121,790780,379375,406350,785725,373298,399758,773056
61,2022,405827,430828,836655,394296,421054,815350,379385,407946,787331,376891,404686,781577,370517,397946,768463,365055,392325,757380
62,2022,393855,419315,813170,373824,402963,776787,374272,403219,777491,367913,396279,764192,362120,390419,752539,357654,386942,744596
63,2022,373144,400873,774017,368091,398570,766661,365197,394534,759731,359220,388661,747881,354672,385062,739734,341549,367794,709343
64,2022,367086,396301,763387,359064,390100,749164,356296,386962,743258,351583,383041,734624,338289,365709,703998,333942,362669,696611
65,2022,357674,387503,745177,350200,382732,732932,348378,381206,729584,335079,363608,698687,330506,360443,690949,331416,361030,692446
66,2022,348305,379960,728265,342178,376946,719124,331878,361610,693488,327125,358334,685459,327913,358837,686750,342570,373652,716222
67,2022,339780,373354,713134,325411,357196,682607,323404,356098,679502,324044,356386,680430,338185,371028,709213,342718,375279,717997
68,2022,323307,354570,677877,319361,353270,672631,320057,353899,673956,333553,368268,701821,338055,372375,710430,354712,391756,746468
69,2022,314146,348843,662989,315798,351241,667039,329023,365461,694484,333082,369230,702312,349193,388241,737434,344748,381850,726598
70,2022,309999,346511,656510,324134,362392,686526,328058,366082,694140,343511,384579,728090,338859,378008,716867,340863,381705,722568
71,2022,317704,357328,675032,322436,362533,684969,337758,381061,718819,332677,373966,706643,334372,377512,711884,259602,294474,554076
72,2022,315416,357140,672556,331255,377092,708347,326516,370061,696577,327411,373031,700442,254147,290767,544914,263439,302586,566025
73,2022,323313,371104,694417,319265,365772,685037,320411,368668,689079,248503,286936,535439,257271,298366,555637,260372,305626,565998
74,2022,310853,359551,670404,312420,363872,676292,242563,283182,525745,250729,294077,544806,253537,301054,554591,254420,302547,556967
75,2022,303291,356948,660239,235648,278760,514408,244277,289606,533883,246473,296099,542572,247035,297431,544466,250642,303385,554027
76,2022,227616,272894,500510,236450,284553,521003,239378,291246,530624,239355,292150,531505,242491,297729,540220,269390,331814,601204
77,2022,227767,278056,505823,230615,285333,515948,231750,286596,518346,234110,291653,525763,259761,324864,584625,258690,323180,581870
78,2022,221025,278075,499100,222215,279972,502187,225808,285508,511316,250102,317534,567636,248606,315430,564036,242331,311084,553415
79,2022,211994,271851,483845,215706,277958,493664,240020,309824,549844,238254,307068,545322,231777,302592,534369,215848,284208,500056
80,2022,204923,269090,474013,227503,300257,527760,227517,298567,526084,220747,293682,514429,205214,275421,480635,192451,263653,456104
81,2022,214994,289391,504385,214560,288098,502658,209720,284151,493871,194208,265955,460163,181546,254323,435869,186918,263179,450097
82,2022,201163,276268,477431,195982,272579,468561,183104,255966,439070,170547,244166,414713,174921,252162,427083,169654,248719,418373
83,2022,182174,259546,441720,169321,243701,413022,159380,233554,392934,163189,240485,403674,157393,236817,394210,153241,233268,386509
84,2022,156136,230238,386374,145752,220210,365962,151066,228511,379577,145398,224338,369736,140744,220396,361140,135171,217424,352595
85,2022,132632,206074,338706,136315,213540,349855,132945,211312,344257,128393,206790,335183,122794,203753,326547,122931,206292,329223
86,2022,122383,197860,320243,118356,195261,313617,115967,192830,308797,110640,189589,300229,110032,191007,301039,112240,201195,313435
87,2022,104653,178743,283396,101657,175772,277429,98570,174836,273406,97788,175587,273375,99045,184256,283301,90570,170537,261107
88,2022,88175,158660,246835,84718,157267,241985,85751,159752,245503,86747,167490,254237,78408,154077,232485,75497,153693,229190
89,2022,72142,139930,212072,72167,141049,213216,74576,150085,224661,67202,137574,204776,64174,136402,200576,62055,135815,197870
90,2022,60361,123386,183747,61359,130133,191492,56540,121480,178020,53941,119934,173875,51737,118638,170375,49465,116076,165541
91,2022,50024,111473,161497,45462,103024,148486,44385,103848,148233,42805,102465,145270,40143,99427,139570,38744,98132,136876
92,2022,36098,86552,122650,34525,85660,120185,34603,86770,121373,32334,84147,116481,30650,82326,112976,30050,80943,110993
93,2022,26727,70213,96940,26278,70004,96282,25393,69890,95283,24059,68264,92323,23208,66497,89705,23238,66322,89560
94,2022,19723,55782,75505,18570,54643,73213,18209,55242,73451,17734,53762,71496,17466,53178,70644,16590,51497,68087
95,2022,13473,42582,56055,12913,41947,54860,13171,42478,55649,13009,41874,54883,12074,40152,52226,11864,39690,51554
96,2022,9083,31719,40802,9066,31227,40293,9311,32136,41447,8761,31075,39836,8400,30307,38707,8179,29445,37624
97,2022,6196,22975,29171,6167,22849,29016,6123,23179,29302,5941,22901,28842,5626,21681,27307,3704,14256,17960
98,2022,4117,16411,20528,3998,16115,20113,4007,16553,20560,3829,15821,19650,2445,10250,12695,1882,7725,9607
99,2022,2571,11171,13742,2526,11109,13635,2529,10892,13421,1616,7369,8985,1264,5425,6689,1314,5831,7145
100,2022,3287,16427,19714,2847,14330,17177,2332,12472,14804,2175,11957,14132,2334,12650,14984,2671,13887,16558
0,2023,203086,190834,393920,205371,195255,400626,208412,196544,404956,212756,202218,414974,221685,209322,431007,234151,220915,455066
1,2023,207218,197034,404252,209824,197810,407634,216969,206300,423269,224617,212168,436785,234386,221360,455746,241422,228990,470412
2,2023,211696,199551,411247,217987,207196,425183,228106,215465,443571,235153,222161,457314,241671,229142,470813,248127,234683,482810
3,2023,219719,208732,428451,228694,215944,444638,238741,225498,464239,242107,229589,471696,248155,234791,482946,256349,242295,498644
4,2023,230081,217293,447374,239183,225570,464753,246617,233858,480475,248565,235204,483769,256257,241983,498240,260667,246685,507352
5,2023,240388,226752,467140,245640,233044,478684,253592,239726,493318,256796,242348,499144,260616,246502,507118,272287,257429,529716
6,2023,247005,234312,481317,252296,238523,490819,257712,243319,501031,260833,246458,507291,272398,257211,529609,276525,261051,537576
7,2023,253577,239574,493151,260055,245536,505591,262489,247948,510437,272305,257168,529473,276672,261137,537809,285109,268393,553502
8,2023,261164,246566,507730,263845,249119,512964,273619,258440,532059,276769,261133,537902,285251,268440,553691,289604,273114,562718
9,2023,264925,250184,515109,275299,259960,535259,278649,262846,541495,285537,268609,554146,289719,273327,563046,292160,276713,568873
10,2023,276385,260983,537368,280091,264218,544309,287198,269994,557192,289596,273168,562764,292417,276854,569271,292094,275230,567324
11,2023,281120,265099,546219,288645,271368,560013,291582,274675,566257,292556,276781,569337,292452,275360,567812,292925,275158,568083
12,2023,289714,272242,561956,292919,275957,568876,294561,278502,573063,292641,275384,568025,293239,275337,568576,291228,273250,564478
13,2023,294025,276869,570894,295957,279801,575758,294772,277231,572003,293544,275519,569063,291565,273470,565035,293251,276933,570184
14,2023,297185,280786,577971,296180,278508,574688,295760,277420,573180,292112,273759,565871,293836,277332,571168,291323,274611,565934
15,2023,297394,279486,576880,297220,278674,575894,294449,275666,570115,294506,277704,572210,292016,274845,566861,289397,272785,562182
16,2023,298845,279547,578392,295963,276845,572808,296085,278695,574780,292771,275235,568006,290476,273141,563617,293398,275243,568641
17,2023,298641,277701,576342,299478,280939,580417,294149,275524,569673,291807,273582,565389,295127,275663,570790,302253,279736,581989
18,2023,304193,282146,586339,295158,274550,569708,292774,273389,566163,298000,276707,574707,306068,280805,586873,302995,276335,579330
19,2023,300052,277103,577155,294218,273072,567290,299358,276924,576282,308381,282363,590744,307554,277981,585535,310352,276933,587285
20,2023,298116,275666,573782,299483,276153,575636,309949,282960,592909,308189,279269,587458,313559,278559,592118,307475,277991,585466
21,2023,303004,278844,581848,307995,280508,588503,308471,279574,588045,313182,279835,593017,310367,279760,590127,307927,279695,587622
22,2023,311847,283874,595721,306585,276923,583508,313052,280705,593757,309970,281029,590999,310066,281529,591595,306012,280254,586266
23,2023,310412,280399,590811,310871,277904,588775,309342,281499,590841,309688,283094,592782,308282,282222,590504,307961,286044,594005
24,2023,314704,281478,596182,307450,279469,586919,308686,283102,591788,307991,283641,591632,310034,287929,597963,312942,294761,607703
25,2023,311008,282940,593948,307226,281322,588548,306234,282947,589181,309378,289242,598620,314552,295813,610365,325985,308048,634033
26,2023,310911,284846,595757,304818,281629,586447,306729,287493,594222,313758,296568,610326,327377,309013,636390,323901,308621,632522
27,2023,308660,285302,593962,306056,286744,592800,310129,294211,604340,326635,310107,636742,325160,309439,634599,330565,315371,645936
28,2023,309963,290555,600518,309781,293909,603690,323025,307046,630071,324590,310423,635013,331737,315976,647713,327464,317051,644515
29,2023,313746,297739,611485,322737,307123,629860,320148,307617,627765,331083,316710,647793,328580,317952,646532,334849,324785,659634
30,2023,326788,311199,637987,320462,307805,628267,327009,313564,640573,328034,318718,646752,336140,325542,661682,327100,319536,646636
31,2023,324287,311646,635933,327385,314003,641388,323860,315642,639502,335493,326158,661651,328519,320439,648958,328389,322059,650448
32,2023,331268,317678,648946,324501,315916,640417,331960,323448,655408,327947,321148,649095,329625,322805,652430,337325,333392,670717
33,2023,327973,319514,647487,333154,323709,656863,324988,318664,643652,329109,323293,652402,338601,333935,672536,343520,339536,683056
34,2023,336528,327242,663770,325923,318791,644714,326070,320941,647011,338166,334375,672541,344688,340206,684894,349656,345759,695415
35,2023,329133,322167,651300,327214,321096,648310,335245,332033,667278,344557,340457,685014,350654,346311,696965,360505,358356,718861
36,2023,329835,324401,654236,336526,332206,668732,342289,338839,681128,350372,346606,696978,361816,359005,720821,362370,361916,724286
37,2023,338960,335336,674296,343183,338992,682175,348579,345027,693606,361476,359300,720776,363353,362537,725890,372836,369423,742259
38,2023,345431,341933,687364,349548,345105,694653,359901,358229,718130,363000,362693,725693,373968,370021,743989,382746,383049,765795
39,2023,351542,347925,699467,361018,357984,719002,361515,361595,723110,373576,370154,743730,383565,383503,767068,403771,403283,807054
40,2023,362798,360668,723466,362241,361207,723448,372215,369202,741417,383170,383701,766871,404602,403489,808091,415837,417390,833227
41,2023,363755,363732,727487,372928,369016,741944,381514,382824,764338,403881,403611,807492,416373,417606,833979,433945,436186,870131
42,2023,374326,371342,745668,382441,382644,765085,402265,402664,804929,415526,417680,833206,434347,436238,870585,453757,457176,910933
43,2023,383399,385004,768403,403045,402520,805565,413967,417088,831055,433364,436100,869464,453871,457197,911068,472198,475962,948160
44,2023,403869,404671,808540,414855,417187,832042,431541,435290,866831,453257,457174,910431,472267,476041,948308,468199,474308,942507
45,2023,415445,419171,834616,432706,435229,867935,451779,456301,908080,471358,475833,947191,468310,474216,942526,473559,478447,952006
46,2023,433164,437072,870236,452800,456347,909147,469477,474653,944130,467247,474137,941384,473273,478371,951644,476223,485328,961551
47,2023,453026,458033,911059,470567,474641,945208,465176,472837,938013,472445,477972,950417,475915,484958,960873,472493,480790,953283
48,2023,470558,476322,946880,466435,473075,939510,470361,476386,946747,474990,484718,959708,471964,480428,952392,484335,494802,979137
49,2023,466458,474728,941186,471355,476715,948070,472664,482867,955531,470760,480305,951065,483524,494321,977845,480303,492006,972309
50,2023,471103,478132,949235,473646,483171,956817,468171,478082,946253,482299,494026,976325,479538,491414,970952,480580,495334,975914
51,2023,473237,484471,957708,469300,478407,947707,479429,491151,970580,478051,490930,968981,479659,494767,974426,486478,498410,984888
52,2023,468571,479621,948192,480540,491553,972093,474659,487595,962254,478289,494239,972528,485399,497603,983002,484758,497597,982355
53,2023,479794,492654,972448,475775,487952,963727,475015,490597,965612,483736,497079,980815,483386,496845,980231,489902,504982,994884
54,2023,474908,488974,963882,476000,490893,966893,479767,493209,972976,481769,496286,978055,488422,503941,992363,456695,476246,932941
55,2023,474832,491849,966681,481069,493808,974877,477592,492347,969939,486783,503388,990171,455137,475227,930364,439536,461194,900730
56,2023,479716,494413,974129,478662,492768,971430,482300,498964,981264,453415,474410,927825,437987,460125,898112,429500,452738,882238
57,2023,477089,493124,970213,483300,499325,982625,449183,470280,919463,436116,459353,895469,427661,451673,879334,414957,438847,853804
58,2023,481573,499748,981321,449809,470176,919985,431452,454905,886357,425668,450711,876379,413040,437639,850679,404152,428318,832470
59,2023,447787,470470,918257,431801,454417,886218,420581,446361,866942,411026,436621,847647,401980,426948,828928,383847,410519,794366
60,2023,429758,454591,884349,420605,445450,866055,405934,432200,838134,399772,425767,825539,381659,409121,790780,379375,406350,785725
61,2023,418279,445337,863616,405827,430828,836655,394296,421054,815350,379385,407946,787331,376891,404686,781577,370517,397946,768463
62,2023,403523,430584,834107,393855,419315,813170,373824,402963,776787,374272,403219,777491,367913,396279,764192,362120,390419,752539
63,2023,391182,418597,809779,373144,400873,774017,368091,398570,766661,365197,394534,759731,359220,388661,747881,354672,385062,739734
64,2023,370180,400259,770439,367086,396301,763387,359064,390100,749164,356296,386962,743258,351583,383041,734624,338289,365709,703998
65,2023,363931,395446,759377,357674,387503,745177,350200,382732,732932,348378,381206,729584,335079,363608,698687,330506,360443,690949
66,2023,354269,386248,740517,348305,379960,728265,342178,376946,719124,331878,361610,693488,327125,358334,685459,327913,358837,686750
67,2023,344662,378252,722914,339780,373354,713134,325411,357196,682607,323404,356098,679502,324044,356386,680430,338185,371028,709213
68,2023,335934,371628,707562,323307,354570,677877,319361,353270,672631,320057,353899,673956,333553,368268,701821,338055,372375,710430
69,2023,318955,352187,671142,314146,348843,662989,315798,351241,667039,329023,365461,694484,333082,369230,702312,349193,388241,737434
70,2023,309188,346323,655511,309999,346511,656510,324134,362392,686526,328058,366082,694140,343511,384579,728090,338859,378008,716867
71,2023,304607,343361,647968,317704,357328,675032,322436,362533,684969,337758,381061,718819,332677,373966,706643,334372,377512,711884
72,2023,311434,353764,665198,315416,357140,672556,331255,377092,708347,326516,370061,696577,327411,373031,700442,254147,290767,544914
73,2023,308691,353143,661834,323313,371104,694417,319265,365772,685037,320411,368668,689079,248503,286936,535439,257271,298366,555637
74,2023,315600,366069,681669,310853,359551,670404,312420,363872,676292,242563,283182,525745,250729,294077,544806,253537,301054,554591
75,2023,302476,354023,656499,303291,356948,660239,235648,278760,514408,244277,289606,533883,246473,296099,542572,247035,297431,544466
76,2023,294157,350711,644868,227616,272894,500510,236450,284553,521003,239378,291246,530624,239355,292150,531505,242491,297729,540220
77,2023,219562,267324,486886,227767,278056,505823,230615,285333,515948,231750,286596,518346,234110,291653,525763,259761,324864,584625
78,2023,218972,271655,490627,221025,278075,499100,222215,279972,502187,225808,285508,511316,250102,317534,567636,248606,315430,564036
79,2023,211468,270587,482055,211994,271851,483845,215706,277958,493664,240020,309824,549844,238254,307068,545322,231777,302592,534369
80,2023,201754,263597,465351,204923,269090,474013,227503,300257,527760,227517,298567,526084,220747,293682,514429,205214,275421,480635
81,2023,193892,259877,453769,214994,289391,504385,214560,288098,502658,209720,284151,493871,194208,265955,460163,181546,254323,435869
82,2023,201752,277832,479584,201163,276268,477431,195982,272579,468561,183104,255966,439070,170547,244166,414713,174921,252162,427083
83,2023,187379,263599,450978,182174,259546,441720,169321,243701,413022,159380,233554,392934,163189,240485,403674,157393,236817,394210
84,2023,167906,245636,413542,156136,230238,386374,145752,220210,365962,151066,228511,379577,145398,224338,369736,140744,220396,361140
85,2023,142357,215951,358308,132632,206074,338706,136315,213540,349855,132945,211312,344257,128393,206790,335183,122794,203753,326547
86,2023,119118,190900,310018,122383,197860,320243,118356,195261,313617,115967,192830,308797,110640,189589,300229,110032,191007,301039
87,2023,108115,180952,289067,104653,178743,283396,101657,175772,277429,98570,174836,273406,97788,175587,273375,99045,184256,283301
88,2023,90989,160844,251833,88175,158660,246835,84718,157267,241985,85751,159752,245503,86747,167490,254237,78408,154077,232485
89,2023,74831,140419,215250,72142,139930,212072,72167,141049,213216,74576,150085,224661,67202,137574,204776,64174,136402,200576
90,2023,59756,121773,181529,60361,123386,183747,61359,130133,191492,56540,121480,178020,53941,119934,173875,51737,118638,170375
91,2023,48855,104919,153774,50024,111473,161497,45462,103024,148486,44385,103848,148233,42805,102465,145270,40143,99427,139570
92,2023,39332,92832,132164,36098,86552,122650,34525,85660,120185,34603,86770,121373,32334,84147,116481,30650,82326,112976
93,2023,27464,70257,97721,26727,70213,96940,26278,70004,96282,25393,69890,95283,24059,68264,92323,23208,66497,89705
94,2023,19574,55020,74594,19723,55782,75505,18570,54643,73213,18209,55242,73451,17734,53762,71496,17466,53178,70644
95,2023,13952,42500,56452,13473,42582,56055,12913,41947,54860,13171,42478,55649,13009,41874,54883,12074,40152,52226
96,2023,9180,31452,40632,9083,31719,40802,9066,31227,40293,9311,32136,41447,8761,31075,39836,8400,30307,38707
97,2023,5879,22541,28420,6196,22975,29171,6167,22849,29016,6123,23179,29302,5941,22901,28842,5626,21681,27307
98,2023,4000,15836,19836,4117,16411,20528,3998,16115,20113,4007,16553,20560,3829,15821,19650,2445,10250,12695
99,2023,2528,10875,13403,2571,11171,13742,2526,11109,13635,2529,10892,13421,1616,7369,8985,1264,5425,6689
100,2023,3454,16991,20445,3287,16427,19714,2847,14330,17177,2332,12472,14804,2175,11957,14132,2334,12650,14984
0,2024,195688,184942,380630,203086,190834,393920,205371,195255,400626,208412,196544,404956,212756,202218,414974,221685,209322,431007
1,2024,204738,192455,397193,207218,197034,404252,209824,197810,407634,216969,206300,423269,224617,212168,436785,234386,221360,455746
2,2024,208930,198642,407572,211696,199551,411247,217987,207196,425183,228106,215465,443571,235153,222161,457314,241671,229142,470813
3,2024,213459,201122,414581,219719,208732,428451,228694,215944,444638,238741,225498,464239,242107,229589,471696,248155,234791,482946
4,2024,221288,210212,431500,230081,217293,447374,239183,225570,464753,246617,233858,480475,248565,235204,483769,256257,241983,498240
5,2024,231752,218688,450440,240388,226752,467140,245640,233044,478684,253592,239726,493318,256796,242348,499144,260616,246502,507118
6,2024,241613,227751,469364,247005,234312,481317,252296,238523,490819,257712,243319,501031,260833,246458,507291,272398,257211,529609
7,2024,248294,235369,483663,253577,239574,493151,260055,245536,505591,262489,247948,510437,272305,257168,529473,276672,261137,537809
8,2024,255000,240818,495818,261164,246566,507730,263845,249119,512964,273619,258440,532059,276769,261133,537902,285251,268440,553691
9,2024,262545,247842,510387,264925,250184,515109,275299,259960,535259,278649,262846,541495,285537,268609,554146,289719,273327,563046
10,2024,266331,251495,517826,276385,260983,537368,280091,264218,544309,287198,269994,557192,289596,273168,562764,292417,276854,569271
11,2024,277888,262271,540159,281120,265099,546219,288645,271368,560013,291582,274675,566257,292556,276781,569337,292452,275360,567812
12,2024,282542,266330,548872,289714,272242,561956,292919,275957,568876,294561,278502,573063,292641,275384,568025,293239,275337,568576
13,2024,291214,273403,564617,294025,276869,570894,295957,279801,575758,294772,277231,572003,293544,275519,569063,291565,273470,565035
14,2024,295569,278076,573645,297185,280786,577971,296180,278508,574688,295760,277420,573180,292112,273759,565871,293836,277332,571168
15,2024,298883,282062,580945,297394,279486,576880,297220,278674,575894,294449,275666,570115,294506,277704,572210,292016,274845,566861
16,2024,299700,280540,580240,298845,279547,578392,295963,276845,572808,296085,278695,574780,292771,275235,568006,290476,273141,563617
17,2024,302297,280729,583026,298641,277701,576342,299478,280939,580417,294149,275524,569673,291807,273582,565389,295127,275663,570790
18,2024,304333,279127,583460,304193,282146,586339,295158,274550,569708,292774,273389,566163,298000,276707,574707,306068,280805,586873
19,2024,309963,283627,593590,300052,277103,577155,294218,273072,567290,299358,276924,576282,308381,282363,590744,307554,277981,585535
20,2024,304996,278991,583987,298116,275666,573782,299483,276153,575636,309949,282960,592909,308189,279269,587458,313559,278559,592118
21,2024,302673,277626,580299,303004,278844,581848,307995,280508,588503,308471,279574,588045,313182,279835,593017,310367,279760,590127
22,2024,306574,280348,586922,311847,283874,595721,306585,276923,583508,313052,280705,593757,309970,281029,590999,310066,281529,591595
23,2024,315925,285778,601703,310412,280399,590811,310871,277904,588775,309342,281499,590841,309688,283094,592782,308282,282222,590504
24,2024,314636,282812,597448,314704,281478,596182,307450,279469,586919,308686,283102,591788,307991,283641,591632,310034,287929,597963
25,2024,319013,283771,602784,311008,282940,593948,307226,281322,588548,306234,282947,589181,309378,289242,598620,314552,295813,610365
26,2024,314881,285002,599883,310911,284846,595757,304818,281629,586447,306729,287493,594222,313758,296568,610326,327377,309013,636390
27,2024,314955,287166,602121,308660,285302,593962,306056,286744,592800,310129,294211,604340,326635,310107,636742,325160,309439,634599
28,2024,312534,287713,600247,309963,290555,600518,309781,293909,603690,323025,307046,630071,324590,310423,635013,331737,315976,647713
29,2024,314071,293105,607176,313746,297739,611485,322737,307123,629860,320148,307617,627765,331083,316710,647793,328580,317952,646532
30,2024,317807,300228,618035,326788,311199,637987,320462,307805,628267,327009,313564,640573,328034,318718,646752,336140,325542,661682
31,2024,330824,313830,644654,324287,311646,635933,327385,314003,641388,323860,315642,639502,335493,326158,661651,328519,320439,648958
32,2024,327835,314038,641873,331268,317678,648946,324501,315916,640417,331960,323448,655408,327947,321148,649095,329625,322805,652430
33,2024,335148,320205,655353,327973,319514,647487,333154,323709,656863,324988,318664,643652,329109,323293,652402,338601,333935,672536
34,2024,331675,321747,653422,336528,327242,663770,325923,318791,644714,326070,320941,647011,338166,334375,672541,344688,340206,684894
35,2024,340250,329595,669845,329133,322167,651300,327214,321096,648310,335245,332033,667278,344557,340457,685014,350654,346311,696965
36,2024,332219,324559,656778,329835,324401,654236,336526,332206,668732,342289,338839,681128,350372,346606,696978,361816,359005,720821
37,2024,332853,326604,659457,338960,335336,674296,343183,338992,682175,348579,345027,693606,361476,359300,720776,363353,362537,725890
38,2024,341770,337568,679338,345431,341933,687364,349548,345105,694653,359901,358229,718130,363000,362693,725693,373968,370021,743989
39,2024,347859,343824,691683,351542,347925,699467,361018,357984,719002,361515,361595,723110,373576,370154,743730,383565,383503,767068
40,2024,353623,349773,703396,362798,360668,723466,362241,361207,723448,372215,369202,741417,383170,383701,766871,404602,403489,808091
41,2024,364746,362336,727082,363755,363732,727487,372928,369016,741944,381514,382824,764338,403881,403611,807492,416373,417606,833979
42,2024,365493,365254,730747,374326,371342,745668,382441,382644,765085,402265,402664,804929,415526,417680,833206,434347,436238,870585
43,2024,375778,372880,748658,383399,385004,768403,403045,402520,805565,413967,417088,831055,433364,436100,869464,453871,457197,911068
44,2024,384578,386392,770970,403869,404671,808540,414855,417187,832042,431541,435290,866831,453257,457174,910431,472267,476041,948308
45,2024,405094,406122,811216,415445,419171,834616,432706,435229,867935,451779,456301,908080,471358,475833,947191,468310,474216,942526
46,2024,416439,420285,836724,433164,437072,870236,452800,456347,909147,469477,474653,944130,467247,474137,941384,473273,478371,951644
47,2024,433727,438351,872078,453026,458033,911059,470567,474641,945208,465176,472837,938013,472445,477972,950417,475915,484958,960873
48,2024,453538,459117,912655,470558,476322,946880,466435,473075,939510,470361,476386,946747,474990,484718,959708,471964,480428,952392
49,2024,470974,477197,948171,466458,474728,941186,471355,476715,948070,472664,482867,955531,470760,480305,951065,483524,494321,977845
50,2024,466626,475508,942134,471103,478132,949235,473646,483171,956817,468171,478082,946253,482299,494026,976325,479538,491414,970952
51,2024,471116,478896,950012,473237,484471,957708,469300,478407,947707,479429,491151,970580,478051,490930,968981,479659,494767,974426
52,2024,473088,485090,958178,468571,479621,948192,480540,491553,972093,474659,487595,962254,478289,494239,972528,485399,497603,983002
53,2024,468230,479854,948084,479794,492654,972448,475775,487952,963727,475015,490597,965612,483736,497079,980815,483386,496845,980231
54,2024,479187,492932,972119,474908,488974,963882,476000,490893,966893,479767,493209,972976,481769,496286,978055,488422,503941,992363
55,2024,474087,489034,963121,474832,491849,966681,481069,493808,974877,477592,492347,969939,486783,503388,990171,455137,475227,930364
56,2024,473883,491676,965559,479716,494413,974129,478662,492768,971430,482300,498964,981264,453415,474410,927825,437987,460125,898112
57,2024,478649,494278,972927,477089,493124,970213,483300,499325,982625,449183,470280,919463,436116,459353,895469,427661,451673,879334
58,2024,475770,492722,968492,481573,499748,981321,449809,470176,919985,431452,454905,886357,425668,450711,876379,413040,437639,850679
59,2024,479751,499138,978889,447787,470470,918257,431801,454417,886218,420581,446361,866942,411026,436621,847647,401980,426948,828928
60,2024,445861,469662,915523,429758,454591,884349,420605,445450,866055,405934,432200,838134,399772,425767,825539,381659,409121,790780
61,2024,427730,453553,881283,418279,445337,863616,405827,430828,836655,394296,421054,815350,379385,407946,787331,376891,404686,781577
62,2024,416061,444128,860189,403523,430584,834107,393855,419315,813170,373824,402963,776787,374272,403219,777491,367913,396279,764192
63,2024,401180,429136,830316,391182,418597,809779,373144,400873,774017,368091,398570,766661,365197,394534,759731,359220,388661,747881
64,2024,388370,417065,805435,370180,400259,770439,367086,396301,763387,359064,390100,749164,356296,386962,743258,351583,383041,734624
65,2024,367172,398413,765585,363931,395446,759377,357674,387503,745177,350200,382732,732932,348378,381206,729584,335079,363608,698687
66,2024,360685,393327,754012,354269,386248,740517,348305,379960,728265,342178,376946,719124,331878,361610,693488,327125,358334,685459
67,2024,350799,383711,734510,344662,378252,722914,339780,373354,713134,325411,357196,682607,323404,356098,679502,324044,356386,680430
68,2024,340770,375749,716519,335934,371628,707562,323307,354570,677877,319361,353270,672631,320057,353899,673956,333553,368268,701821
69,2024,332025,369420,701445,318955,352187,671142,314146,348843,662989,315798,351241,667039,329023,365461,694484,333082,369230,702312
70,2024,314318,349292,663610,309188,346323,655511,309999,346511,656510,324134,362392,686526,328058,366082,694140,343511,384579,728090
71,2024,304083,342972,647055,304607,343361,647968,317704,357328,675032,322436,362533,684969,337758,381061,718819,332677,373966,706643
72,2024,298980,339697,638677,311434,353764,665198,315416,357140,672556,331255,377092,708347,326516,370061,696577,327411,373031,700442
73,2024,305037,349450,654487,308691,353143,661834,323313,371104,694417,319265,365772,685037,320411,368668,689079,248503,286936,535439
74,2024,301868,348453,650321,315600,366069,681669,310853,359551,670404,312420,363872,676292,242563,283182,525745,250729,294077,544806
75,2024,307840,360537,668377,302476,354023,656499,303291,356948,660239,235648,278760,514408,244277,289606,533883,246473,296099,542572
76,2024,294064,347927,641991,294157,350711,644868,227616,272894,500510,236450,284553,521003,239378,291246,530624,239355,292150,531505
77,2024,284834,343900,628734,219562,267324,486886,227767,278056,505823,230615,285333,515948,231750,286596,518346,234110,291653,525763
78,2024,211931,261173,473104,218972,271655,490627,221025,278075,499100,222215,279972,502187,225808,285508,511316,250102,317534,567636
79,2024,210342,264845,475187,211468,270587,482055,211994,271851,483845,215706,277958,493664,240020,309824,549844,238254,307068,545322
80,2024,202021,262650,464671,201754,263597,465351,204923,269090,474013,227503,300257,527760,227517,298567,526084,220747,293682,514429
81,2024,191608,254887,446495,193892,259877,453769,214994,289391,504385,214560,288098,502658,209720,284151,493871,194208,265955,460163
82,2024,182933,250132,433065,201752,277832,479584,201163,276268,477431,195982,272579,468561,183104,255966,439070,170547,244166,414713
83,2024,188829,265675,454504,187379,263599,450978,182174,259546,441720,169321,243701,413022,159380,233554,392934,163189,240485,403674
84,2024,174057,250543,424600,167906,245636,413542,156136,230238,386374,145752,220210,365962,151066,228511,379577,145398,224338,369736
85,2024,154318,231568,385886,142357,215951,358308,132632,206074,338706,136315,213540,349855,132945,211312,344257,128393,206790,335183
86,2024,129310,201391,330701,119118,190900,310018,122383,197860,320243,118356,195261,313617,115967,192830,308797,110640,189589,300229
87,2024,106580,175795,282375,108115,180952,289067,104653,178743,283396,101657,175772,277429,98570,174836,273406,97788,175587,273375
88,2024,95175,164400,259575,90989,160844,251833,88175,158660,246835,84718,157267,241985,85751,159752,245503,86747,167490,254237
89,2024,78602,144433,223035,74831,140419,215250,72142,139930,212072,72167,141049,213216,74576,150085,224661,67202,137574,204776
90,2024,63218,123444,186662,59756,121773,181529,60361,123386,183747,61359,130133,191492,56540,121480,178020,53941,119934,173875
91,2024,49543,105054,154597,48855,104919,153774,50024,111473,161497,45462,103024,148486,44385,103848,148233,42805,102465,145270
92,2024,39224,88811,128035,39332,92832,132164,36098,86552,122650,34525,85660,120185,34603,86770,121373,32334,84147,116481
93,2024,30701,76769,107470,27464,70257,97721,26727,70213,96940,26278,70004,96282,25393,69890,95283,24059,68264,92323
94,2024,20854,56482,77336,19574,55020,74594,19723,55782,75505,18570,54643,73213,18209,55242,73451,17734,53762,71496
95,2024,14421,43022,57443,13952,42500,56452,13473,42582,56055,12913,41947,54860,13171,42478,55649,13009,41874,54883
96,2024,9933,32104,42037,9180,31452,40632,9083,31719,40802,9066,31227,40293,9311,32136,41447,8761,31075,39836
97,2024,6340,23031,29371,5879,22541,28420,6196,22975,29171,6167,22849,29016,6123,23179,29302,5941,22901,28842
98,2024,3950,16264,20214,4000,15836,19836,4117,16411,20528,3998,16115,20113,4007,16553,20560,3829,15821,19650
99,2024,2659,11180,13839,2528,10875,13403,2571,11171,13742,2526,11109,13635,2529,10892,13421,1616,7369,8985
100,2024,3600,17611,21211,3454,16991,20445,3287,16427,19714,2847,14330,17177,2332,12472,14804,2175,11957,14132
