Et√†,Totale maschi,Totale femmine,Totale,Anno
0,268276,254731,523007,2002
1,271976,257257,529233,2002
2,270620,257511,528131,2002
3,266706,252084,518790,2002
4,264829,251128,515957,2002
5,268123,253760,521883,2002
6,268085,253689,521774,2002
7,269530,255399,524929,2002
8,276926,262711,539637,2002
9,288501,274159,562660,2002
10,291170,275204,566374,2002
11,293330,278439,571769,2002
12,288266,274015,562281,2002
13,290996,274955,565951,2002
14,279971,264790,544761,2002
15,286758,272254,559012,2002
16,295986,282370,578356,2002
17,300400,285701,586101,2002
18,308834,292943,601777,2002
19,320091,306107,626198,2002
20,323918,311733,635651,2002
21,331241,319016,650257,2002
22,341392,330636,672028,2002
23,359526,348868,708394,2002
24,372477,364365,736842,2002
25,393202,385996,779198,2002
26,417331,411288,828619,2002
27,435484,429526,865010,2002
28,437208,432426,869634,2002
29,444829,438839,883668,2002
30,452979,447945,900924,2002
31,448928,444238,893166,2002
32,463220,458147,921367,2002
33,456815,451097,907912,2002
34,459019,455802,914821,2002
35,473799,470041,943840,2002
36,474668,471821,946489,2002
37,481113,477379,958492,2002
38,452721,453404,906125,2002
39,438786,440985,879771,2002
40,432370,435359,867729,2002
41,418288,422817,841105,2002
42,409871,411070,820941,2002
43,391514,393856,785370,2002
44,387490,390625,778115,2002
45,383939,389134,773073,2002
46,378601,385440,764041,2002
47,373714,382686,756400,2002
48,360223,366465,726688,2002
49,357894,367808,725702,2002
50,358245,370295,728540,2002
51,373760,386595,760355,2002
52,376649,386417,763066,2002
53,394008,405554,799562,2002
54,386053,397265,783318,2002
55,387731,402793,790524,2002
56,303624,316897,620521,2002
57,311363,326841,638204,2002
58,315356,334764,650120,2002
59,314309,337080,651389,2002
60,317142,342897,660039,2002
61,349088,379810,728898,2002
62,345216,373870,719086,2002
63,333879,364927,698806,2002
64,307731,340237,647968,2002
65,292289,329638,621927,2002
66,298656,339492,638148,2002
67,287723,332287,620010,2002
68,280088,327011,607099,2002
69,268085,322080,590165,2002
70,266650,326356,593006,2002
71,270106,338662,608768,2002
72,242350,308947,551297,2002
73,232157,304100,536257,2002
74,221866,297974,519840,2002
75,206836,289731,496567,2002
76,195484,283492,478976,2002
77,182007,272342,454349,2002
78,170675,266140,436815,2002
79,155308,255925,411233,2002
80,140864,243600,384464,2002
81,130286,229180,359466,2002
82,78010,140926,218936,2002
83,54136,101434,155570,2002
84,51311,98414,149725,2002
85,57260,113611,170871,2002
86,63204,131070,194274,2002
87,55684,119013,174697,2002
88,48619,106928,155547,2002
89,39876,93168,133044,2002
90,30018,75102,105120,2002
91,23792,62399,86191,2002
92,16128,46385,62513,2002
93,11500,35736,47236,2002
94,7385,24856,32241,2002
95,5180,18183,23363,2002
96,3470,12930,16400,2002
97,2107,8874,10981,2002
98,1252,5586,6838,2002
99,861,4005,4866,2002
100 e oltre,978,5143,6121,2002
Totale,27588289,29404981,56993270,2002
0,275022,260634,535656,2003
1,270053,256524,526577,2003
2,273992,259134,533126,2003
3,272154,258693,530847,2003
4,268722,253762,522484,2003
5,266989,252885,519874,2003
6,270076,255358,525434,2003
7,269977,255117,525094,2003
8,271567,257147,528714,2003
9,278853,264414,543267,2003
10,290204,275716,565920,2003
11,292323,276361,568684,2003
12,294399,279464,573863,2003
13,289323,275036,564359,2003
14,292236,276122,568358,2003
15,281176,265849,547025,2003
16,287317,272666,559983,2003
17,296722,282803,579525,2003
18,301442,286613,588055,2003
19,308961,293657,602618,2003
20,319517,306653,626170,2003
21,323067,312238,635305,2003
22,330570,320051,650621,2003
23,341334,332575,673909,2003
24,360179,351576,711755,2003
25,373898,367279,741177,2003
26,394884,389186,784070,2003
27,419024,414434,833458,2003
28,437850,433779,871629,2003
29,439903,435836,875739,2003
30,448219,442410,890629,2003
31,455203,450846,906049,2003
32,451136,445597,896733,2003
33,465028,461043,926071,2003
34,457385,456301,913686,2003
35,460877,458942,919819,2003
36,477416,473160,950576,2003
37,477485,473605,951090,2003
38,483036,479357,962393,2003
39,454341,454837,909178,2003
40,439998,442069,882067,2003
41,433225,435946,869171,2003
42,419136,423380,842516,2003
43,410671,411876,822547,2003
44,392243,394841,787084,2003
45,388256,391550,779806,2003
46,384351,389609,773960,2003
47,378853,385681,764534,2003
48,373916,382940,756856,2003
49,360227,366647,726874,2003
50,357512,367501,725013,2003
51,357837,369751,727588,2003
52,373104,386000,759104,2003
53,375899,386387,762286,2003
54,393241,405584,798825,2003
55,385362,397342,782704,2003
56,386795,402532,789327,2003
57,302262,316371,618633,2003
58,310098,326244,636342,2003
59,313625,334181,647806,2003
60,312448,336164,648612,2003
61,314989,341841,656830,2003
62,346471,378480,724951,2003
63,342175,372755,714930,2003
64,330833,363759,694592,2003
65,304794,339141,643935,2003
66,288470,327779,616249,2003
67,294246,337314,631560,2003
68,283133,329963,613096,2003
69,274779,324493,599272,2003
70,262273,319013,581286,2003
71,260102,322608,582710,2003
72,262663,334410,597073,2003
73,234806,304704,539510,2003
74,224282,299405,523687,2003
75,214050,292910,506960,2003
76,198355,283855,482210,2003
77,186635,276515,463150,2003
78,173240,265108,438348,2003
79,159921,258060,417981,2003
80,144806,247392,392198,2003
81,129717,234367,364084,2003
82,116995,219408,336403,2003
83,70850,133133,203983,2003
84,48660,94892,143552,2003
85,45434,91165,136599,2003
86,50189,104160,154349,2003
87,54627,118198,172825,2003
88,47420,105238,152658,2003
89,40424,91227,131651,2003
90,32581,79856,112437,2003
91,23915,63138,87053,2003
92,18639,51320,69959,2003
93,12293,37424,49717,2003
94,8472,28133,36605,2003
95,5312,18999,24311,2003
96,3718,13536,17254,2003
97,2386,9411,11797,2003
98,1406,6237,7643,2003
99,867,3835,4702,2003
100 e oltre,1201,5892,7093,2003
Totale,27687048,29499330,57186378,2003
0,278646,263677,542323,2004
1,276225,261795,538020,2004
2,272492,258551,531043,2004
3,276432,261075,537507,2004
4,273990,260074,534064,2004
5,271068,255691,526759,2004
6,269528,254912,524440,2004
7,272244,257186,529430,2004
8,271960,256652,528612,2004
9,273769,258991,532760,2004
10,280940,266114,547054,2004
11,292147,277352,569499,2004
12,293603,277577,571180,2004
13,295636,280467,576103,2004
14,290590,276020,566610,2004
15,293625,277257,570882,2004
16,282748,267161,549909,2004
17,288237,273276,561513,2004
18,298093,283976,582069,2004
19,303438,288369,591807,2004
20,311416,295905,607321,2004
21,322643,309940,632583,2004
22,326997,316389,643386,2004
23,336136,325371,661507,2004
24,348128,339312,687440,2004
25,368230,359612,727842,2004
26,382877,376002,758879,2004
27,404474,398072,802546,2004
28,428659,424542,853201,2004
29,448424,442804,891228,2004
30,450364,444881,895245,2004
31,456859,449922,906781,2004
32,462571,456185,918756,2004
33,457971,451459,909430,2004
34,469602,468564,938166,2004
35,463072,462766,925838,2004
36,468023,465602,933625,2004
37,482495,478432,960927,2004
38,481752,478694,960446,2004
39,487346,484752,972098,2004
40,457723,459547,917270,2004
41,443012,446588,889600,2004
42,435760,440128,875888,2004
43,421790,427543,849333,2004
44,412856,416218,829074,2004
45,394084,399170,793254,2004
46,390153,395790,785943,2004
47,385739,393117,778856,2004
48,379828,388804,768632,2004
49,374653,385857,760510,2004
50,360668,369278,729946,2004
51,357415,369567,726982,2004
52,357542,371308,728850,2004
53,372660,387108,759768,2004
54,375286,387904,763190,2004
55,392493,406848,799341,2004
56,384614,398449,783063,2004
57,385746,403026,788772,2004
58,300793,316320,617113,2004
59,308524,326114,634638,2004
60,311934,333825,645759,2004
61,310251,335319,645570,2004
62,312485,340670,653155,2004
63,343399,377030,720429,2004
64,338754,371531,710285,2004
65,327434,362478,689912,2004
66,301424,337787,639211,2004
67,284153,325670,609823,2004
68,289320,334836,624156,2004
69,277868,327241,605109,2004
70,268910,321349,590259,2004
71,255734,315206,570940,2004
72,252750,318217,570967,2004
73,254691,329365,584056,2004
74,226546,299420,525966,2004
75,215526,293746,509272,2004
76,205374,286665,492039,2004
77,189198,276807,466005,2004
78,176881,268535,445416,2004
79,163588,256538,420126,2004
80,148236,248691,396927,2004
81,133013,237164,370177,2004
82,118645,223016,341661,2004
83,103118,207775,310893,2004
84,63598,124334,187932,2004
85,43065,87596,130661,2004
86,39566,83029,122595,2004
87,42904,93491,136395,2004
88,46042,103055,149097,2004
89,39049,88777,127826,2004
90,32661,77057,109718,2004
91,25684,66372,92056,2004
92,18343,51390,69733,2004
93,14038,40661,54699,2004
94,8989,28824,37813,2004
95,5973,20981,26954,2004
96,3605,13889,17494,2004
97,2461,9519,11980,2004
98,1531,6370,7901,2004
99,891,4080,4971,2004
100 e oltre,1298,5902,7200,2004
Totale,27903719,29708271,57611990,2004
0,286668,271832,558500,2005
1,280318,265278,545596,2005
2,277714,263146,540860,2005
3,274944,260601,535545,2005
4,279102,263227,542329,2005
5,276032,261655,537687,2005
6,273850,257911,531761,2005
7,272135,257132,529267,2005
8,274460,259097,533557,2005
9,274212,258543,532755,2005
10,276572,261384,537956,2005
11,283426,268196,551622,2005
12,294367,279228,573595,2005
13,295477,279174,574651,2005
14,297175,281817,578992,2005
15,292249,277460,569709,2005
16,295661,278906,574567,2005
17,285199,269013,554212,2005
18,290868,275284,566152,2005
19,299618,285877,585495,2005
20,305238,290718,595956,2005
21,313582,298673,612255,2005
22,325576,313648,639224,2005
23,330791,320757,651548,2005
24,340859,330586,671445,2005
25,354414,345460,699874,2005
26,375540,366759,742299,2005
27,390856,383265,774121,2005
28,412893,407051,819944,2005
29,437439,431387,868826,2005
30,458047,450310,908357,2005
31,457801,450376,908177,2005
32,463228,453289,916517,2005
33,468201,460369,928570,2005
34,460899,457946,918845,2005
35,474151,473035,947186,2005
36,470096,467856,937952,2005
37,473727,470176,943903,2005
38,486243,482275,968518,2005
39,485593,482353,967946,2005
40,490976,488695,979671,2005
41,460659,462906,923565,2005
42,445520,449790,895310,2005
43,438022,443048,881070,2005
44,423870,430326,854196,2005
45,414488,419149,833637,2005
46,395662,402090,797752,2005
47,391635,398808,790443,2005
48,386663,395331,781994,2005
49,380393,390794,771187,2005
50,375107,387726,762833,2005
51,360983,370766,731749,2005
52,357060,370502,727562,2005
53,356991,372136,729127,2005
54,371915,387512,759427,2005
55,374437,388683,763120,2005
56,391557,407521,799078,2005
57,383681,399049,782730,2005
58,384503,403179,787682,2005
59,299134,315927,615061,2005
60,306795,325806,632601,2005
61,309907,333183,643090,2005
62,307862,334179,642041,2005
63,309759,339406,649165,2005
64,340142,375270,715412,2005
65,335224,370117,705341,2005
66,323834,361028,684862,2005
67,297531,336316,633847,2005
68,279574,323362,602936,2005
69,284005,332101,616106,2005
70,272377,324361,596738,2005
71,262821,318004,580825,2005
72,249060,311399,560459,2005
73,245250,313627,558877,2005
74,246467,324117,570584,2005
75,218297,294109,512406,2005
76,206827,287957,494784,2005
77,196987,280532,477519,2005
78,180024,269595,449619,2005
79,167624,260379,428003,2005
80,153267,247719,400986,2005
81,136382,239120,375502,2005
82,122668,227127,349795,2005
83,108680,211874,320554,2005
84,92784,194478,287262,2005
85,56943,116046,172989,2005
86,37860,80679,118539,2005
87,34425,75875,110300,2005
88,36736,84009,120745,2005
89,38602,90145,128747,2005
90,32179,77023,109202,2005
91,26330,65662,91992,2005
92,20232,55571,75803,2005
93,14184,42065,56249,2005
94,10680,32529,43209,2005
95,6613,22377,28990,2005
96,4264,15791,20055,2005
97,2483,10275,12758,2005
98,1668,6837,8505,2005
99,1005,4406,5411,2005
100 e oltre,1479,6616,8095,2005
Totale,28128308,29916060,58044368,2005
0,284192,266935,551127,2006
1,287042,272025,559067,2006
2,281879,266608,548487,2006
3,279355,264413,543768,2006
4,277441,262690,540131,2006
5,281795,265491,547286,2006
6,278094,263408,541502,2006
7,276553,260177,536730,2006
8,275112,259534,534646,2006
9,277046,261330,538376,2006
10,276727,260691,537418,2006
11,279200,263731,542931,2006
12,286021,270519,556540,2006
13,296917,281367,578284,2006
14,297319,280850,578169,2006
15,299218,283513,582731,2006
16,294591,279275,573866,2006
17,298336,281105,579441,2006
18,288892,271940,560832,2006
19,292517,277242,569759,2006
20,299972,287896,587868,2006
21,305731,293343,599074,2006
22,314109,301605,615714,2006
23,326336,316881,643217,2006
24,331410,324000,655410,2006
25,341988,334113,676101,2006
26,356109,349992,706101,2006
27,377710,371599,749309,2006
28,393742,389662,783404,2006
29,416459,411811,828270,2006
30,441351,435936,877287,2006
31,461266,453706,914972,2006
32,459777,451659,911436,2006
33,464904,455407,920311,2006
34,467438,464536,931974,2006
35,462075,460582,922657,2006
36,477339,475700,953039,2006
37,472784,470222,943006,2006
38,475515,472746,948261,2006
39,487387,484183,971570,2006
40,486880,484224,971104,2006
41,492378,490626,983004,2006
42,461575,464407,925982,2006
43,446377,450933,897310,2006
44,438555,443897,882452,2006
45,424416,431069,855485,2006
46,414955,420317,835272,2006
47,395992,403259,799251,2006
48,392042,399928,791970,2006
49,386670,396119,782789,2006
50,380353,391288,771641,2006
51,374862,388098,762960,2006
52,360499,370966,731465,2006
53,356134,370252,726386,2006
54,356039,371719,727758,2006
55,370733,386857,757590,2006
56,373156,388456,761612,2006
57,390110,407359,797469,2006
58,382254,398942,781196,2006
59,382853,402724,785577,2006
60,297257,315168,612425,2006
61,304815,325030,629845,2006
62,307286,332085,639371,2006
63,305216,332775,637991,2006
64,306656,337812,644468,2006
65,336566,373404,709970,2006
66,331291,368160,699451,2006
67,319595,358951,678546,2006
68,293170,334367,627537,2006
69,274546,320704,595250,2006
70,278203,328968,607171,2006
71,266279,321104,587383,2006
72,255973,314310,570283,2006
73,241826,306840,548666,2006
74,237340,308467,545807,2006
75,237669,317998,555667,2006
76,209551,288040,497591,2006
77,197589,281336,478925,2006
78,187874,273248,461122,2006
79,170586,261379,431965,2006
80,157199,251114,408313,2006
81,142361,237869,380230,2006
82,124189,228040,352229,2006
83,111451,215469,326920,2006
84,98080,198579,296659,2006
85,82922,179652,262574,2006
86,50186,106521,156707,2006
87,32713,73163,105876,2006
88,29349,67976,97325,2006
89,30671,73887,104558,2006
90,31493,77438,108931,2006
91,25952,65223,91175,2006
92,20568,54320,74888,2006
93,15515,45028,60543,2006
94,10572,33072,43644,2006
95,7635,24872,32507,2006
96,4583,16539,21122,2006
97,2831,11240,14071,2006
98,1647,7078,8725,2006
99,1062,4620,5682,2006
100 e oltre,1544,6994,8538,2006
Totale,28250293,30038703,58288996,2006
0,286772,270112,556884,2007
1,285122,267748,552870,2007
2,287756,272591,560347,2007
3,283181,267627,550808,2007
4,280469,265313,545782,2007
5,279460,264439,543899,2007
6,284001,267379,551380,2007
7,279757,264807,544564,2007
8,278803,262072,540875,2007
9,277410,261546,538956,2007
10,279129,263197,542326,2007
11,278806,262371,541177,2007
12,281462,265673,547135,2007
13,288104,272356,560460,2007
14,298835,283180,582015,2007
15,298832,282180,581012,2007
16,300870,284947,585817,2007
17,296764,280948,577712,2007
18,301680,283555,585235,2007
19,291544,274802,566346,2007
20,293109,279226,572335,2007
21,300411,290424,590835,2007
22,306548,296571,603119,2007
23,315034,305090,620124,2007
24,327016,320268,647284,2007
25,332003,327362,659365,2007
26,342606,337644,680250,2007
27,356968,353846,710814,2007
28,379164,376888,756052,2007
29,395887,393743,789630,2007
30,419203,415645,834848,2007
31,442601,438260,880861,2007
32,462439,454605,917044,2007
33,460224,453181,913405,2007
34,463331,459122,922453,2007
35,467274,466619,933893,2007
36,464434,462788,927222,2007
37,478937,477430,956367,2007
38,474035,472148,946183,2007
39,476746,475018,951764,2007
40,488108,485635,973743,2007
41,487497,485734,973231,2007
42,493251,492444,985695,2007
43,462179,465487,927666,2007
44,446767,451975,898742,2007
45,438494,444451,882945,2007
46,424553,431844,856397,2007
47,414912,421228,836140,2007
48,396063,404105,800168,2007
49,392193,400913,793106,2007
50,386436,396592,783028,2007
51,380016,391722,771738,2007
52,374289,388358,762647,2007
53,359774,371017,730791,2007
54,355056,369884,724940,2007
55,354803,371149,725952,2007
56,369328,386128,755456,2007
57,371721,388218,759939,2007
58,388384,407054,795438,2007
59,380597,398676,779273,2007
60,380949,402187,783136,2007
61,295240,314166,609406,2007
62,302549,324137,626686,2007
63,304824,331023,635847,2007
64,302330,331289,633619,2007
65,303552,336232,639784,2007
66,332664,371203,703867,2007
67,326901,366025,692926,2007
68,314914,356823,671737,2007
69,288608,332305,620913,2007
70,269358,317682,587040,2007
71,272415,325689,598104,2007
72,259950,317518,577468,2007
73,248837,310132,558969,2007
74,234543,302067,536610,2007
75,229293,302897,532190,2007
76,228663,311500,540163,2007
77,200616,281460,482076,2007
78,188203,274293,462496,2007
79,178794,265384,444178,2007
80,160877,252818,413695,2007
81,147084,241154,388238,2007
82,129904,227369,357273,2007
83,113418,215783,329201,2007
84,100431,202869,303300,2007
85,88176,184893,273069,2007
86,73670,164603,238273,2007
87,43676,97199,140875,2007
88,27997,65858,93855,2007
89,24918,60276,85194,2007
90,25460,64430,89890,2007
91,25690,66167,91857,2007
92,20481,55024,75505,2007
93,15945,44855,60800,2007
94,11716,36080,47796,2007
95,7690,25859,33549,2007
96,5490,18856,24346,2007
97,3218,12138,15356,2007
98,1869,8019,9888,2007
99,1048,4897,5945,2007
100 e oltre,1649,7473,9122,2007
Totale,28354758,30155967,58510725,2007
0,288756,271944,560700,2008
1,288524,271504,560028,2008
2,286884,269262,556146,2008
3,289244,273756,563000,2008
4,285321,269433,554754,2008
5,282742,267184,549926,2008
6,282598,267034,549632,2008
7,287279,270292,557571,2008
8,282488,267348,549836,2008
9,281966,265015,546981,2008
10,280671,264459,545130,2008
11,282171,265753,547924,2008
12,281692,264971,546663,2008
13,284599,268422,553021,2008
14,291052,274967,566019,2008
15,301582,285630,587212,2008
16,301159,284263,585422,2008
17,303591,287081,590672,2008
18,300965,283930,584895,2008
19,306687,288143,594830,2008
20,296922,281136,578058,2008
21,298392,285748,584140,2008
22,306272,298399,604671,2008
23,312976,305284,618260,2008
24,321290,313449,634739,2008
25,333347,329088,662435,2008
26,338213,336031,674244,2008
27,349221,346436,695657,2008
28,363503,364074,727577,2008
29,386180,385870,772050,2008
30,403625,402587,806212,2008
31,425683,422915,848598,2008
32,447933,443171,891104,2008
33,467245,460251,927496,2008
34,462096,460656,922752,2008
35,466632,465106,931738,2008
36,472354,472826,945180,2008
37,469273,468507,937780,2008
38,482930,483137,966067,2008
39,478400,478454,956854,2008
40,480755,481438,962193,2008
41,490373,489863,980236,2008
42,489613,490036,979649,2008
43,495533,496959,992492,2008
44,463954,469596,933550,2008
45,448265,455810,904075,2008
46,439688,448052,887740,2008
47,425787,435261,861048,2008
48,416045,424935,840980,2008
49,396829,407729,804558,2008
50,392965,404287,797252,2008
51,386760,399249,786009,2008
52,380077,394014,774091,2008
53,374124,390083,764207,2008
54,359231,372385,731616,2008
55,354195,370517,724712,2008
56,353747,371360,725107,2008
57,367886,386054,753940,2008
58,370235,388409,758644,2008
59,386674,407058,793732,2008
60,378750,398634,777384,2008
61,378777,401801,780578,2008
62,292974,313273,606247,2008
63,300216,323161,623377,2008
64,302014,329745,631759,2008
65,299525,329688,629213,2008
66,300281,334244,634525,2008
67,328524,368827,697351,2008
68,322183,363578,685761,2008
69,309955,354476,664431,2008
70,283630,329875,613505,2008
71,263806,314379,578185,2008
72,266016,321952,587968,2008
73,253261,313658,566919,2008
74,241432,305605,547037,2008
75,226560,296773,523333,2008
76,220503,296747,517250,2008
77,219222,304305,523527,2008
78,191462,274199,465661,2008
79,178378,266285,444663,2008
80,168826,256626,425452,2008
81,150518,242848,393366,2008
82,136173,230169,366342,2008
83,117044,215473,332517,2008
84,102624,202735,305359,2008
85,90132,189124,279256,2008
86,78360,169886,248246,2008
87,64516,148854,213370,2008
88,37613,87179,124792,2008
89,23577,58362,81939,2008
90,20626,52648,73274,2008
91,20518,55188,75706,2008
92,20285,55527,75812,2008
93,15939,45437,61376,2008
94,12071,36006,48077,2008
95,8642,28062,36704,2008
96,5502,19552,25054,2008
97,3779,13780,17559,2008
98,2136,8735,10871,2008
99,1196,5447,6643,2008
100 e oltre,1701,7874,9575,2008
Totale,28584441,30417328,59001769,2008
0,293072,277719,570791,2009
1,289814,273207,563021,2009
2,289944,272696,562640,2009
3,288619,270574,559193,2009
4,290529,274598,565127,2009
5,287063,270900,557963,2009
6,284550,268736,553286,2009
7,285368,269411,554779,2009
8,290042,272701,562743,2009
9,285047,269448,554495,2009
10,285051,267642,552693,2009
11,283706,267301,551007,2009
12,285188,268183,553371,2009
13,284612,267326,551938,2009
14,287739,270945,558684,2009
15,294126,277490,571616,2009
16,304613,288086,592699,2009
17,304083,286492,590575,2009
18,307832,290183,598015,2009
19,305747,288569,594316,2009
20,311275,294037,605312,2009
21,302270,288167,590437,2009
22,303779,292740,596519,2009
23,312198,305944,618142,2009
24,319389,313318,632707,2009
25,327373,321096,648469,2009
26,338931,336787,675718,2009
27,343501,343127,686628,2009
28,354598,354893,709491,2009
29,368829,370944,739773,2009
30,392519,393133,785652,2009
31,408717,407674,816391,2009
32,429624,425910,855534,2009
33,450765,446335,897100,2009
34,467613,466356,933969,2009
35,463724,465006,928730,2009
36,470520,469704,940224,2009
37,475456,476920,952376,2009
38,471977,472621,944598,2009
39,485635,487118,972753,2009
40,481082,482952,964034,2009
41,483131,486025,969156,2009
42,491825,493135,984960,2009
43,491003,493334,984337,2009
44,496971,500571,997542,2009
45,464929,472798,937727,2009
46,448893,458766,907659,2009
47,440118,450822,890940,2009
48,426319,438019,864338,2009
49,416395,427813,844208,2009
50,397045,410535,807580,2009
51,393165,407180,800345,2009
52,386619,401415,788034,2009
53,379743,395775,775518,2009
54,373443,391588,765031,2009
55,358474,373597,732071,2009
56,353028,371103,724131,2009
57,352273,371332,723605,2009
58,366470,385951,752421,2009
59,368587,388570,757157,2009
60,384666,407209,791875,2009
61,376669,398578,775247,2009
62,376473,401281,777754,2009
63,290749,312377,603126,2009
64,297684,322370,620054,2009
65,299221,328561,627782,2009
66,296414,328237,624651,2009
67,296493,332433,628926,2009
68,324201,366469,690670,2009
69,317252,361096,678348,2009
70,304583,352068,656651,2009
71,278351,327317,605668,2009
72,257907,311009,568916,2009
73,259341,318016,577357,2009
74,246093,309203,555296,2009
75,233671,300445,534116,2009
76,218239,291121,509360,2009
77,211311,289745,501056,2009
78,209334,296385,505719,2009
79,181457,266101,447558,2009
80,167825,257247,425072,2009
81,157723,246769,404492,2009
82,139637,231758,371395,2009
83,122388,217665,340053,2009
84,105589,202168,307757,2009
85,92900,188729,281629,2009
86,79806,174564,254370,2009
87,68713,153863,222576,2009
88,55639,132046,187685,2009
89,31743,76933,108676,2009
90,19486,50723,70209,2009
91,16651,44873,61524,2009
92,16225,46367,62592,2009
93,15640,45585,61225,2009
94,11878,36675,48553,2009
95,8808,28132,36940,2009
96,6057,21233,27290,2009
97,3764,14415,18179,2009
98,2499,9850,12349,2009
99,1413,6056,7469,2009
100 e oltre,1811,8347,10158,2009
Totale,28781255,30639337,59420592,2009
0,289377,272945,562322,2010
1,292642,277321,569963,2010
2,290510,273807,564317,2010
3,290910,273626,564536,2010
4,289723,271176,560899,2010
5,291180,275231,566411,2010
6,288196,271852,560048,2010
7,285727,269760,555487,2010
8,287562,271143,558705,2010
9,292548,274644,567192,2010
10,287074,271122,558196,2010
11,287660,269801,557461,2010
12,286343,269437,555780,2010
13,287533,270100,557633,2010
14,287118,269237,556355,2010
15,290499,273040,563539,2010
16,296991,279655,576646,2010
17,307701,290241,597942,2010
18,308168,288974,597142,2010
19,311855,294029,605884,2010
20,309326,293154,602480,2010
21,314703,299503,614206,2010
22,306044,294223,600267,2010
23,307650,298617,606267,2010
24,316142,312002,628144,2010
25,323523,319476,642999,2010
26,331355,326861,658216,2010
27,342322,341941,684263,2010
28,346191,348499,694690,2010
29,357640,358789,716429,2010
30,371641,374959,746600,2010
31,394633,396477,791110,2010
32,410191,409155,819346,2010
33,430306,427759,858065,2010
34,449387,449988,899375,2010
35,467616,469274,936890,2010
36,465586,468143,933729,2010
37,471824,472505,944329,2010
38,476070,479630,955700,2010
39,473009,475282,948291,2010
40,486346,489586,975932,2010
41,482058,486062,968120,2010
42,483954,489262,973216,2010
43,491911,495515,987426,2010
44,491048,495552,986600,2010
45,497244,503045,1000289,2010
46,464886,474752,939638,2010
47,448706,460538,909244,2010
48,439708,452596,892304,2010
49,425889,439569,865458,2010
50,415954,429559,845513,2010
51,396499,412359,808858,2010
52,392751,409143,801894,2010
53,385779,402734,788513,2010
54,378780,396767,775547,2010
55,372378,392427,764805,2010
56,357278,374195,731473,2010
57,351302,371019,722321,2010
58,350622,371003,721625,2010
59,364549,385444,749993,2010
60,366604,388245,754849,2010
61,382337,406834,789171,2010
62,374164,398165,772329,2010
63,373839,400469,774308,2010
64,287995,311253,599248,2010
65,294812,321074,615886,2010
66,296051,327098,623149,2010
67,292785,326368,619153,2010
68,292233,330172,622405,2010
69,319144,363683,682827,2010
70,311724,358198,669922,2010
71,298766,349080,647846,2010
72,272553,323938,596491,2010
73,251240,306987,558227,2010
74,252049,313406,565455,2010
75,238282,304193,542475,2010
76,225328,294627,519955,2010
77,209318,284433,493751,2010
78,201448,282067,483515,2010
79,198693,287443,486136,2010
80,171202,257051,428253,2010
81,156783,247272,404055,2010
82,146611,235851,382462,2010
83,125872,219844,345716,2010
84,110219,204448,314667,2010
85,95379,188080,283459,2010
86,83358,173747,257105,2010
87,70011,158391,228402,2010
88,59444,136290,195734,2010
89,47648,117639,165287,2010
90,26278,66724,93002,2010
91,15826,43240,59066,2010
92,13105,37600,50705,2010
93,12546,37960,50506,2010
94,11813,37162,48975,2010
95,8798,29293,38091,2010
96,6281,21805,28086,2010
97,4264,15939,20203,2010
98,2539,10438,12977,2010
99,1616,6931,8547,2010
100 e oltre,1951,9346,11297,2010
Totale,28903027,30787289,59690316,2010
0,284926,268292,553218,2011
1,288996,272698,561694,2011
2,292330,276734,569064,2011
3,291096,274123,565219,2011
4,291559,274004,565563,2011
5,290356,271708,562064,2011
6,291568,275384,566952,2011
7,289164,272571,561735,2011
8,286656,270536,557192,2011
9,289425,272627,562052,2011
10,294729,276367,571096,2011
11,288823,272376,561199,2011
12,289857,271634,561491,2011
13,288632,271318,559950,2011
14,289631,271761,561392,2011
15,289271,270967,560238,2011
16,293035,274888,567923,2011
17,299729,281501,581230,2011
18,311417,292707,604124,2011
19,311455,292408,603863,2011
20,314447,298129,612576,2011
21,312378,298164,610542,2011
22,318409,305411,623820,2011
23,310614,300985,611599,2011
24,311672,304822,616494,2011
25,320881,318319,639200,2011
26,328163,325924,654087,2011
27,335702,332502,668204,2011
28,346365,347581,693946,2011
29,349372,352563,701935,2011
30,361153,362433,723586,2011
31,373974,377856,751830,2011
32,396521,398293,794814,2011
33,411439,411244,822683,2011
34,430001,431702,861703,2011
35,449630,452898,902528,2011
36,469717,472411,942128,2011
37,467035,471097,938132,2011
38,472523,475467,947990,2011
39,476753,482354,959107,2011
40,473709,478147,951856,2011
41,486811,492373,979184,2011
42,482861,489361,972222,2011
43,484452,492624,977076,2011
44,491850,498202,990052,2011
45,491111,498246,989357,2011
46,497280,505896,1003176,2011
47,464579,477191,941770,2011
48,448104,462956,911060,2011
49,438935,454693,893628,2011
50,425185,441620,866805,2011
51,415185,431636,846821,2011
52,395693,414395,810088,2011
53,392077,411259,803336,2011
54,384671,404190,788861,2011
55,377585,397845,775430,2011
56,371033,393238,764271,2011
57,355720,374737,730457,2011
58,349470,371063,720533,2011
59,348773,370683,719456,2011
60,362209,384880,747089,2011
61,364116,387857,751973,2011
62,379688,406334,786022,2011
63,371553,397477,769030,2011
64,370853,399412,770265,2011
65,285002,309954,594956,2011
66,291815,319607,611422,2011
67,292293,325189,617482,2011
68,288700,324140,612840,2011
69,287713,327531,615244,2011
70,313720,360445,674165,2011
71,305753,354816,660569,2011
72,292447,345690,638137,2011
73,266317,320479,586796,2011
74,244233,302571,546804,2011
75,244366,308260,552626,2011
76,230152,298435,528587,2011
77,216719,288418,505137,2011
78,200162,277061,477223,2011
79,191492,273713,465205,2011
80,187170,277831,465001,2011
81,160301,247053,407354,2011
82,144963,236524,381487,2011
83,132849,224073,356922,2011
84,113902,206958,320860,2011
85,99666,190600,290266,2011
86,85790,173739,259529,2011
87,74388,158557,232945,2011
88,60837,140742,201579,2011
89,50638,121334,171972,2011
90,40285,102945,143230,2011
91,21452,57204,78656,2011
92,12581,36323,48904,2011
93,10234,31168,41402,2011
94,9555,30787,40342,2011
95,8855,29881,38736,2011
96,6392,23388,29780,2011
97,4411,16894,21305,2011
98,2955,11785,14740,2011
99,1678,7529,9207,2011
100 e oltre,2136,10970,13106,2011
Totale,29014829,30933668,59948497,2011
0,276371,260976,537347,2012
1,284199,267521,551720,2012
2,288638,272305,560943,2012
3,291941,276194,568135,2012
4,291391,274233,565624,2012
5,292085,274353,566438,2012
6,290933,272236,563169,2012
7,292059,275749,567808,2012
8,289936,273229,563165,2012
9,287599,271383,558982,2012
10,290934,273859,564793,2012
11,296458,277727,574185,2012
12,290341,273613,563954,2012
13,291614,273119,564733,2012
14,290404,272846,563250,2012
15,291412,273193,564605,2012
16,291036,272355,563391,2012
17,295328,276474,571802,2012
18,302650,283674,586324,2012
19,314313,295815,610128,2012
20,313724,295950,609674,2012
21,316870,301848,618718,2012
22,315265,302850,618115,2012
23,321878,310649,632527,2012
24,314270,306373,620643,2012
25,315208,310013,625221,2012
26,324679,323551,648230,2012
27,332068,330562,662630,2012
28,339719,337857,677576,2012
29,349950,351057,701007,2012
30,353336,355580,708916,2012
31,363126,364182,727308,2012
32,375143,378094,753237,2012
33,396956,398956,795912,2012
34,410140,414062,824202,2012
35,429620,432952,862572,2012
36,451155,454385,905540,2012
37,470442,473688,944130,2012
38,467274,472566,939840,2012
39,472647,476752,949399,2012
40,476599,483711,960310,2012
41,473604,479402,953006,2012
42,486491,493757,980248,2012
43,482755,491145,973900,2012
44,484173,494596,978769,2012
45,491314,499410,990724,2012
46,490521,499519,990040,2012
47,496739,507206,1003945,2012
48,463790,478411,942201,2012
49,447093,464036,911129,2012
50,438002,455521,893523,2012
51,424271,442372,866643,2012
52,414236,432383,846619,2012
53,394705,415177,809882,2012
54,391094,411933,803027,2012
55,383438,404472,787910,2012
56,376209,398011,774220,2012
57,369584,393072,762656,2012
58,353981,374446,728427,2012
59,347559,370375,717934,2012
60,346670,369855,716525,2012
61,359837,383904,743741,2012
62,361558,386823,748381,2012
63,376695,405061,781756,2012
64,368344,396227,764571,2012
65,367416,397814,765230,2012
66,281885,308433,590318,2012
67,288280,317979,606259,2012
68,288316,323143,611459,2012
69,284304,321761,606065,2012
70,282976,324795,607771,2012
71,307960,357098,665058,2012
72,299524,351158,650682,2012
73,285869,341772,627641,2012
74,259553,316296,575849,2012
75,237140,297983,535123,2012
76,236452,302676,539128,2012
77,221687,292181,513868,2012
78,207810,281554,489364,2012
79,190524,269405,459929,2012
80,181207,264941,446148,2012
81,174754,267765,442519,2012
82,149547,236652,386199,2012
83,133558,225044,358602,2012
84,117944,211647,329591,2012
85,102648,193449,296097,2012
86,89057,176259,265316,2012
87,75568,158729,234297,2012
88,64787,142577,207364,2012
89,51941,122092,174033,2012
90,42398,105576,147974,2012
91,33288,88526,121814,2012
92,17333,48310,65643,2012
93,9992,30023,40015,2012
94,7914,25347,33261,2012
95,7250,24478,31728,2012
96,6605,23467,30072,2012
97,4745,18051,22796,2012
98,3132,12634,15766,2012
99,2066,8725,10791,2012
100 e oltre,2543,12892,15435,2012
Totale,29090347,31014838,60105185,2012
0,274396,259651,534047,2013
1,277263,261900,539163,2013
2,285627,268849,554476,2013
3,289965,273553,563518,2013
4,293142,277391,570533,2013
5,292645,275414,568059,2013
6,293208,275361,568569,2013
7,291830,273164,564994,2013
8,293038,276683,569721,2013
9,290885,274304,565189,2013
10,288628,272395,561023,2013
11,291961,274898,566859,2013
12,297654,278789,576443,2013
13,291474,274647,566121,2013
14,292462,274026,566488,2013
15,291460,273751,565211,2013
16,292705,274124,566829,2013
17,292756,273509,566265,2013
18,297615,278194,575809,2013
19,304931,286467,591398,2013
20,316728,299047,615775,2013
21,316248,299672,615920,2013
22,319945,306046,625991,2013
23,318710,307613,626323,2013
24,325955,315750,641705,2013
25,318445,311340,629785,2013
26,319702,314871,634573,2013
27,329253,328049,657302,2013
28,336685,334549,671234,2013
29,344069,341492,685561,2013
30,354403,354538,708941,2013
31,357437,358875,716312,2013
32,367257,367062,734319,2013
33,379047,380746,759793,2013
34,400364,401537,801901,2013
35,413265,416407,829672,2013
36,432642,434977,867619,2013
37,453647,456409,910056,2013
38,472710,475622,948332,2013
39,469243,474352,943595,2013
40,474635,478572,953207,2013
41,478236,485550,963786,2013
42,475248,481085,956333,2013
43,487731,495378,983109,2013
44,484038,492747,976785,2013
45,485085,496062,981147,2013
46,491914,500496,992410,2013
47,490987,500493,991480,2013
48,496794,508165,1004959,2013
49,463707,479248,942955,2013
50,446959,464796,911755,2013
51,437670,456235,893905,2013
52,423741,443104,866845,2013
53,413569,432864,846433,2013
54,393806,415553,809359,2013
55,389887,412280,802167,2013
56,382250,404470,786720,2013
57,374687,397821,772508,2013
58,367904,392716,760620,2013
59,352155,373954,726109,2013
60,345464,369650,715114,2013
61,344333,368874,713207,2013
62,357018,382561,739579,2013
63,358507,385196,743703,2013
64,373061,403174,776235,2013
65,364463,394031,758494,2013
66,363027,395395,758422,2013
67,278120,306228,584348,2013
68,283968,315606,599574,2013
69,283581,320373,603954,2013
70,279070,318785,597855,2013
71,277329,321350,598679,2013
72,301397,352887,654284,2013
73,292337,346553,638890,2013
74,278178,336737,614915,2013
75,251820,311125,562945,2013
76,229025,292442,521467,2013
77,227563,296314,523877,2013
78,212174,285070,497244,2013
79,197850,273683,471533,2013
80,180034,260768,440802,2013
81,170235,255072,425307,2013
82,162554,256292,418846,2013
83,137790,225089,362879,2013
84,121692,212333,334025,2013
85,106086,197679,303765,2013
86,91117,178928,270045,2013
87,77842,160835,238677,2013
88,64975,142792,207767,2013
89,54651,126324,180975,2013
90,43102,106197,149299,2013
91,34376,90055,124431,2013
92,26385,73811,100196,2013
93,13408,39462,52870,2013
94,7537,23847,31384,2013
95,5820,19690,25510,2013
96,5138,18384,23522,2013
97,4490,17149,21639,2013
98,3169,12956,16125,2013
99,2058,8647,10705,2013
100 e oltre,2752,13453,16205,2013
Totale,29193899,31083410,60277309,2013
0,263091,249049,512140,2014
1,274308,259608,533916,2014
2,277877,262572,540449,2014
3,286447,269587,556034,2014
4,290759,274306,565065,2014
5,293794,277866,571660,2014
6,293185,276012,569197,2014
7,293710,275776,569486,2014
8,292144,273641,565785,2014
9,293604,277238,570842,2014
10,291367,274615,565982,2014
11,289073,272872,561945,2014
12,292448,275256,567704,2014
13,298347,279321,577668,2014
14,292206,275148,567354,2014
15,293083,274494,567577,2014
16,292208,274255,566463,2014
17,293718,274593,568311,2014
18,294502,274399,568901,2014
19,299027,280140,579167,2014
20,306062,288638,594700,2014
21,318057,301664,619721,2014
22,317846,302634,620480,2014
23,322142,309559,631701,2014
24,321559,311394,632953,2014
25,328699,319720,648419,2014
26,321492,315090,636582,2014
27,322889,318142,641031,2014
28,332483,330807,663290,2014
29,339593,337225,676818,2014
30,346790,343940,690730,2014
31,357333,356746,714079,2014
32,360006,360870,720876,2014
33,369914,368913,738827,2014
34,381638,382576,764214,2014
35,402746,403282,806028,2014
36,415455,417982,833437,2014
37,434559,436474,871033,2014
38,455256,457696,912952,2014
39,474211,476954,951165,2014
40,470309,475396,945705,2014
41,475791,479722,955513,2014
42,479048,486621,965669,2014
43,475921,482175,958096,2014
44,488216,496315,984531,2014
45,484426,493857,978283,2014
46,485241,497040,982281,2014
47,491658,500972,992630,2014
48,490621,500749,991370,2014
49,496284,508508,1004792,2014
50,463119,479485,942604,2014
51,446108,464957,911065,2014
52,436677,456328,893005,2014
53,422531,443089,865620,2014
54,412256,432943,845199,2014
55,392437,415471,807908,2014
56,388391,412007,800398,2014
57,380475,403875,784350,2014
58,372654,397037,769691,2014
59,365765,391890,757655,2014
60,349971,372885,722856,2014
61,343019,368357,711376,2014
62,341571,367457,709028,2014
63,353753,380681,734434,2014
64,355002,383108,738110,2014
65,369118,400647,769765,2014
66,360211,391258,751469,2014
67,357958,392470,750428,2014
68,273815,303629,577444,2014
69,279245,312739,591984,2014
70,278239,317047,595286,2014
71,273468,315237,588705,2014
72,271197,317400,588597,2014
73,294134,348255,642389,2014
74,284585,341565,626150,2014
75,270055,331186,601241,2014
76,243711,305376,549087,2014
77,220598,286405,507003,2014
78,218284,289329,507613,2014
79,202297,277333,479630,2014
80,187304,265009,452313,2014
81,169272,251571,420843,2014
82,158781,244531,403312,2014
83,150477,244227,394704,2014
84,126266,212887,339153,2014
85,110172,199094,309266,2014
86,94859,183266,278125,2014
87,80117,164164,244281,2014
88,67163,145744,212907,2014
89,55318,127451,182769,2014
90,45541,110823,156364,2014
91,35120,91708,126828,2014
92,27352,76257,103609,2014
93,20601,60836,81437,2014
94,10166,31669,41835,2014
95,5485,18744,24229,2014
96,4227,15148,19375,2014
97,3562,13596,17158,2014
98,2994,12368,15362,2014
99,2043,9110,11153,2014
100 e oltre,2914,14338,17252,2014
Totale,29241521,31104396,60345917,2014
0,257024,242916,499940,2015
1,262728,248720,511448,2015
2,273801,259094,532895,2015
3,277707,262193,539900,2015
4,286208,269439,555647,2015
5,290660,274255,564915,2015
6,293514,277703,571217,2015
7,292919,275863,568782,2015
8,293483,275646,569129,2015
9,292026,273581,565607,2015
10,293605,277324,570929,2015
11,291357,274698,566055,2015
12,289200,273046,562246,2015
13,292610,275346,567956,2015
14,298910,279597,578507,2015
15,292906,275346,568252,2015
16,293706,274741,568447,2015
17,293354,274592,567946,2015
18,295461,275267,570728,2015
19,296196,275871,572067,2015
20,300146,281729,581875,2015
21,306613,290228,596841,2015
22,319072,303644,622716,2015
23,318700,304910,623610,2015
24,323485,311741,635226,2015
25,322677,313495,636172,2015
26,329811,321616,651427,2015
27,322598,316685,639283,2015
28,323838,319565,643403,2015
29,333465,331866,665331,2015
30,340419,338119,678538,2015
31,347571,344702,692273,2015
32,358021,357517,715538,2015
33,360733,361340,722073,2015
34,370525,369258,739783,2015
35,382058,383052,765110,2015
36,403200,403526,806726,2015
37,415673,417966,833639,2015
38,434593,436564,871157,2015
39,454973,457831,912804,2015
40,473835,476897,950732,2015
41,469871,475376,945247,2015
42,475287,479818,955105,2015
43,478441,486782,965223,2015
44,475327,482280,957607,2015
45,487372,496417,983789,2015
46,483508,493744,977252,2015
47,484199,496971,981170,2015
48,490430,500680,991110,2015
49,489330,500229,989559,2015
50,494798,507939,1002737,2015
51,461668,479116,940784,2015
52,444572,464282,908854,2015
53,435068,455881,890949,2015
54,420784,442327,863111,2015
55,410440,432129,842569,2015
56,390470,414508,804978,2015
57,386480,410901,797381,2015
58,378206,402768,780974,2015
59,370303,395793,766096,2015
60,363367,390495,753862,2015
61,347396,371465,718861,2015
62,340215,366633,706848,2015
63,338447,365549,703996,2015
64,350234,378570,728804,2015
65,351362,380743,732105,2015
66,364783,397936,762719,2015
67,355537,388513,744050,2015
68,352690,389142,741832,2015
69,269542,300848,570390,2015
70,274323,309661,583984,2015
71,272828,313693,586521,2015
72,267714,311586,579300,2015
73,264916,313292,578208,2015
74,286601,343459,630060,2015
75,276728,336287,613015,2015
76,261569,325315,586884,2015
77,235069,299262,534331,2015
78,212053,279834,491887,2015
79,208514,281748,490262,2015
80,192113,268941,461054,2015
81,176607,255752,432359,2015
82,158764,241422,400186,2015
83,147406,233353,380759,2015
84,138188,231370,369558,2015
85,114599,200100,314699,2015
86,98780,185248,284028,2015
87,84022,168470,252492,2015
88,69610,149138,218748,2015
89,57239,130480,187719,2015
90,46367,112174,158541,2015
91,37409,95805,133214,2015
92,28203,77591,105794,2015
93,21417,63285,84702,2015
94,15765,49376,65141,2015
95,7552,25137,32689,2015
96,3998,14515,18513,2015
97,2994,11489,14483,2015
98,2435,9951,12386,2015
99,1998,8730,10728,2015
100 e oltre,3026,15394,18420,2015
Totale,29228315,31067182,60295497,2015
0,248474,234503,482977,2016
1,256954,242753,499707,2016
2,262071,248046,510117,2016
3,273332,258472,531804,2016
4,277314,261860,539174,2016
5,286000,269014,555014,2016
6,290495,273921,564416,2016
7,293071,277236,570307,2016
8,292714,275662,568376,2016
9,293478,275358,568836,2016
10,291809,273389,565198,2016
11,293508,277175,570683,2016
12,291390,274631,566021,2016
13,289277,273019,562296,2016
14,292798,275279,568077,2016
15,299427,279630,579057,2016
16,293672,275410,569082,2016
17,294786,274979,569765,2016
18,295551,275171,570722,2016
19,298107,276507,574614,2016
20,297986,277203,575189,2016
21,301681,282973,584654,2016
22,307779,291652,599431,2016
23,320541,305212,625753,2016
24,320083,306323,626406,2016
25,325190,313102,638292,2016
26,324163,314741,638904,2016
27,331241,322703,653944,2016
28,324127,317728,641855,2016
29,325440,320351,645791,2016
30,334869,332477,667346,2016
31,341615,338566,680181,2016
32,348424,345034,693458,2016
33,359018,357812,716830,2016
34,361522,361456,722978,2016
35,371593,369416,741009,2016
36,382630,383029,765659,2016
37,403662,403546,807208,2016
38,416077,417977,834054,2016
39,434613,436590,871203,2016
40,454769,457715,912484,2016
41,473527,476626,950153,2016
42,469437,475114,944551,2016
43,474884,479524,954408,2016
44,477838,486396,964234,2016
45,474512,481890,956402,2016
46,486455,496009,982464,2016
47,482453,493334,975787,2016
48,483006,496528,979534,2016
49,489062,500049,989111,2016
50,487896,499459,987355,2016
51,493112,506986,1000098,2016
52,459958,478271,938229,2016
53,442921,463407,906328,2016
54,433153,454903,888056,2016
55,418786,441306,860092,2016
56,408451,430989,839440,2016
57,388218,413339,801557,2016
58,384321,409442,793763,2016
59,375701,401306,777007,2016
60,367712,394070,761782,2016
61,360467,388687,749154,2016
62,344519,369593,714112,2016
63,337144,364697,701841,2016
64,334827,363373,698200,2016
65,346468,376067,722535,2016
66,347240,378044,725284,2016
67,359887,394927,754814,2016
68,350198,385242,735440,2016
69,346792,385509,732301,2016
70,264627,297725,562352,2016
71,268994,306256,575250,2016
72,266724,309729,576453,2016
73,261148,307140,568288,2016
74,257933,308429,566362,2016
75,278103,337725,615828,2016
76,267718,329979,597697,2016
77,251863,318372,570235,2016
78,225536,291763,517299,2016
79,202151,271832,473983,2016
80,197720,272564,470284,2016
81,180907,259008,439915,2016
82,164759,244593,409352,2016
83,146783,229533,376316,2016
84,134914,219734,354648,2016
85,124952,216264,341216,2016
86,102058,185166,287224,2016
87,86724,169076,255800,2016
88,72431,151869,224300,2016
89,58874,131864,190738,2016
90,47285,113300,160585,2016
91,37499,95411,132910,2016
92,29601,79857,109458,2016
93,21657,63309,84966,2016
94,16099,50295,66394,2016
95,11326,38015,49341,2016
96,5302,18968,24270,2016
97,2721,10525,13246,2016
98,1992,8150,10142,2016
99,1534,6724,8258,2016
100 e oltre,2913,14785,17698,2016
Totale,29193044,30970668,60163712,2016
0,241228,228728,469956,2017
1,248341,234634,482975,2017
2,256565,242535,499100,2017
3,261241,247328,508569,2017
4,272739,257945,530684,2017
5,276899,261416,538315,2017
6,285572,268651,554223,2017
7,289958,273526,563484,2017
8,292572,276877,569449,2017
9,292308,275426,567734,2017
10,293118,275233,568351,2017
11,291479,273280,564759,2017
12,293283,276949,570232,2017
13,291179,274469,565648,2017
14,289177,272829,562006,2017
15,292769,275138,567907,2017
16,299939,279574,579513,2017
17,295044,275376,570420,2017
18,299947,275422,575369,2017
19,301274,276264,577538,2017
20,302504,277669,580173,2017
21,302060,278394,580454,2017
22,304489,284180,588669,2017
23,310158,293110,603268,2017
24,323099,306521,629620,2017
25,321959,307576,629535,2017
26,328131,314305,642436,2017
27,326046,315961,642007,2017
28,333278,323900,657178,2017
29,325867,318828,644695,2017
30,327139,321317,648456,2017
31,336419,333056,669475,2017
32,342831,339055,681886,2017
33,349257,345399,694656,2017
34,359915,358124,718039,2017
35,362128,361717,723845,2017
36,372475,369437,741912,2017
37,382784,383077,765861,2017
38,403876,403454,807330,2017
39,416128,417703,833831,2017
40,434372,436419,870791,2017
41,454456,457395,911851,2017
42,472913,476278,949191,2017
43,468875,474618,943493,2017
44,474374,478948,953322,2017
45,477057,485881,962938,2017
46,473526,481415,954941,2017
47,485398,495362,980760,2017
48,481428,492690,974118,2017
49,481861,495995,977856,2017
50,487824,499262,987086,2017
51,486370,498679,985049,2017
52,491565,506056,997621,2017
53,458371,477327,935698,2017
54,441100,462369,903469,2017
55,431260,453861,885121,2017
56,416879,440114,856993,2017
57,406309,429802,836111,2017
58,386041,411964,798005,2017
59,381812,408019,789831,2017
60,373298,399758,773056,2017
61,365055,392325,757380,2017
62,357654,386942,744596,2017
63,341549,367794,709343,2017
64,333942,362669,696611,2017
65,331416,361030,692446,2017
66,342570,373652,716222,2017
67,342718,375279,717997,2017
68,354712,391756,746468,2017
69,344748,381850,726598,2017
70,340863,381705,722568,2017
71,259602,294474,554076,2017
72,263439,302586,566025,2017
73,260372,305626,565998,2017
74,254420,302547,556967,2017
75,250642,303385,554027,2017
76,269390,331814,601204,2017
77,258690,323180,581870,2017
78,242331,311084,553415,2017
79,215848,284208,500056,2017
80,192451,263653,456104,2017
81,186918,263179,450097,2017
82,169654,248719,418373,2017
83,153241,233268,386509,2017
84,135171,217424,352595,2017
85,122931,206292,329223,2017
86,112240,201195,313435,2017
87,90570,170537,261107,2017
88,75497,153693,229190,2017
89,62055,135815,197870,2017
90,49465,116076,165541,2017
91,38744,98132,136876,2017
92,30050,80943,110993,2017
93,23238,66322,89560,2017
94,16590,51497,68087,2017
95,11864,39690,51554,2017
96,8179,29445,37624,2017
97,3704,14256,17960,2017
98,1882,7725,9607,2017
99,1314,5831,7145,2017
100 e oltre,2671,13887,16558,2017
Totale,29178654,30888080,60066734,2017
0,234151,220915,455066,2018
1,241422,228990,470412,2018
2,248127,234683,482810,2018
3,256349,242295,498644,2018
4,260667,246685,507352,2018
5,272287,257429,529716,2018
6,276525,261051,537576,2018
7,285109,268393,553502,2018
8,289604,273114,562718,2018
9,292160,276713,568873,2018
10,292094,275230,567324,2018
11,292925,275158,568083,2018
12,291228,273250,564478,2018
13,293251,276933,570184,2018
14,291323,274611,565934,2018
15,289397,272785,562182,2018
16,293398,275243,568641,2018
17,302253,279736,581989,2018
18,302995,276335,579330,2018
19,310352,276933,587285,2018
20,307475,277991,585466,2018
21,307927,279695,587622,2018
22,306012,280254,586266,2018
23,307961,286044,594005,2018
24,312942,294761,607703,2018
25,325985,308048,634033,2018
26,323901,308621,632522,2018
27,330565,315371,645936,2018
28,327464,317051,644515,2018
29,334849,324785,659634,2018
30,327100,319536,646636,2018
31,328389,322059,650448,2018
32,337325,333392,670717,2018
33,343520,339536,683056,2018
34,349656,345759,695415,2018
35,360505,358356,718861,2018
36,362370,361916,724286,2018
37,372836,369423,742259,2018
38,382746,383049,765795,2018
39,403771,403283,807054,2018
40,415837,417390,833227,2018
41,433945,436186,870131,2018
42,453757,457176,910933,2018
43,472198,475962,948160,2018
44,468199,474308,942507,2018
45,473559,478447,952006,2018
46,476223,485328,961551,2018
47,472493,480790,953283,2018
48,484335,494802,979137,2018
49,480303,492006,972309,2018
50,480580,495334,975914,2018
51,486478,498410,984888,2018
52,484758,497597,982355,2018
53,489902,504982,994884,2018
54,456695,476246,932941,2018
55,439536,461194,900730,2018
56,429500,452738,882238,2018
57,414957,438847,853804,2018
58,404152,428318,832470,2018
59,383847,410519,794366,2018
60,379375,406350,785725,2018
61,370517,397946,768463,2018
62,362120,390419,752539,2018
63,354672,385062,739734,2018
64,338289,365709,703998,2018
65,330506,360443,690949,2018
66,327913,358837,686750,2018
67,338185,371028,709213,2018
68,338055,372375,710430,2018
69,349193,388241,737434,2018
70,338859,378008,716867,2018
71,334372,377512,711884,2018
72,254147,290767,544914,2018
73,257271,298366,555637,2018
74,253537,301054,554591,2018
75,247035,297431,544466,2018
76,242491,297729,540220,2018
77,259761,324864,584625,2018
78,248606,315430,564036,2018
79,231777,302592,534369,2018
80,205214,275421,480635,2018
81,181546,254323,435869,2018
82,174921,252162,427083,2018
83,157393,236817,394210,2018
84,140744,220396,361140,2018
85,122794,203753,326547,2018
86,110032,191007,301039,2018
87,99045,184256,283301,2018
88,78408,154077,232485,2018
89,64174,136402,200576,2018
90,51737,118638,170375,2018
91,40143,99427,139570,2018
92,30650,82326,112976,2018
93,23208,66497,89705,2018
94,17466,53178,70644,2018
95,12074,40152,52226,2018
96,8400,30307,38707,2018
97,5626,21681,27307,2018
98,2445,10250,12695,2018
99,1264,5425,6689,2018
100 e oltre,2334,12650,14984,2018
Totale,29156469,30781300,59937769,2018
0,221685,209322,431007,2019
1,234386,221360,455746,2019
2,241671,229142,470813,2019
3,248155,234791,482946,2019
4,256257,241983,498240,2019
5,260616,246502,507118,2019
6,272398,257211,529609,2019
7,276672,261137,537809,2019
8,285251,268440,553691,2019
9,289719,273327,563046,2019
10,292417,276854,569271,2019
11,292452,275360,567812,2019
12,293239,275337,568576,2019
13,291565,273470,565035,2019
14,293836,277332,571168,2019
15,292016,274845,566861,2019
16,290476,273141,563617,2019
17,295127,275663,570790,2019
18,306068,280805,586873,2019
19,307554,277981,585535,2019
20,313559,278559,592118,2019
21,310367,279760,590127,2019
22,310066,281529,591595,2019
23,308282,282222,590504,2019
24,310034,287929,597963,2019
25,314552,295813,610365,2019
26,327377,309013,636390,2019
27,325160,309439,634599,2019
28,331737,315976,647713,2019
29,328580,317952,646532,2019
30,336140,325542,661682,2019
31,328519,320439,648958,2019
32,329625,322805,652430,2019
33,338601,333935,672536,2019
34,344688,340206,684894,2019
35,350654,346311,696965,2019
36,361816,359005,720821,2019
37,363353,362537,725890,2019
38,373968,370021,743989,2019
39,383565,383503,767068,2019
40,404602,403489,808091,2019
41,416373,417606,833979,2019
42,434347,436238,870585,2019
43,453871,457197,911068,2019
44,472267,476041,948308,2019
45,468310,474216,942526,2019
46,473273,478371,951644,2019
47,475915,484958,960873,2019
48,471964,480428,952392,2019
49,483524,494321,977845,2019
50,479538,491414,970952,2019
51,479659,494767,974426,2019
52,485399,497603,983002,2019
53,483386,496845,980231,2019
54,488422,503941,992363,2019
55,455137,475227,930364,2019
56,437987,460125,898112,2019
57,427661,451673,879334,2019
58,413040,437639,850679,2019
59,401980,426948,828928,2019
60,381659,409121,790780,2019
61,376891,404686,781577,2019
62,367913,396279,764192,2019
63,359220,388661,747881,2019
64,351583,383041,734624,2019
65,335079,363608,698687,2019
66,327125,358334,685459,2019
67,324044,356386,680430,2019
68,333553,368268,701821,2019
69,333082,369230,702312,2019
70,343511,384579,728090,2019
71,332677,373966,706643,2019
72,327411,373031,700442,2019
73,248503,286936,535439,2019
74,250729,294077,544806,2019
75,246473,296099,542572,2019
76,239355,292150,531505,2019
77,234110,291653,525763,2019
78,250102,317534,567636,2019
79,238254,307068,545322,2019
80,220747,293682,514429,2019
81,194208,265955,460163,2019
82,170547,244166,414713,2019
83,163189,240485,403674,2019
84,145398,224338,369736,2019
85,128393,206790,335183,2019
86,110640,189589,300229,2019
87,97788,175587,273375,2019
88,86747,167490,254237,2019
89,67202,137574,204776,2019
90,53941,119934,173875,2019
91,42805,102465,145270,2019
92,32334,84147,116481,2019
93,24059,68264,92323,2019
94,17734,53762,71496,2019
95,13009,41874,54883,2019
96,8761,31075,39836,2019
97,5941,22901,28842,2019
98,3829,15821,19650,2019
99,1616,7369,8985,2019
100 e oltre,2175,11957,14132,2019
Totale,29131195,30685478,59816673,2019
